yF = 7.0587e-01 (std: 3.4016e-03) keV/um
yD = 1.5882e+00 (std: 1.8334e-02) keV/um
y (keV/um)     f(y)(std)                  yf(y)(std)                 d(y)(std)                  yd(y)(std)  
1.0610e-01     7.1301e+00  7.4211e-02     7.5651e-01  7.8739e-03     1.0717e+00  1.2293e-02     1.1371e-01  1.3042e-03 
1.1905e-01     1.0025e+00  3.3114e-02     1.1934e-01  3.9421e-03     1.6907e-01  5.6438e-03     2.0127e-02  6.7188e-04 
1.3357e-01     1.0367e+00  2.1565e-02     1.3848e-01  2.8805e-03     1.9618e-01  4.1889e-03     2.6204e-02  5.5953e-04 
1.4987e-01     1.0808e+00  1.9039e-02     1.6198e-01  2.8535e-03     2.2948e-01  4.1910e-03     3.4392e-02  6.2812e-04 
1.6816e-01     1.1014e+00  1.3903e-02     1.8521e-01  2.3379e-03     2.6239e-01  3.5453e-03     4.4123e-02  5.9617e-04 
1.8868e-01     1.1475e+00  2.0834e-02     2.1650e-01  3.9308e-03     3.0672e-01  5.7616e-03     5.7871e-02  1.0871e-03 
2.1170e-01     1.1631e+00  2.5541e-02     2.4623e-01  5.4070e-03     3.4883e-01  7.8424e-03     7.3848e-02  1.6602e-03 
2.3753e-01     1.1889e+00  3.9431e-02     2.8240e-01  9.3661e-03     4.0007e-01  1.3408e-02     9.5030e-02  3.1849e-03 
2.6651e-01     1.2311e+00  1.4709e-02     3.2811e-01  3.9202e-03     4.6483e-01  5.9884e-03     1.2388e-01  1.5960e-03 
2.9903e-01     1.2093e+00  3.7368e-02     3.6161e-01  1.1174e-02     5.1229e-01  1.6022e-02     1.5319e-01  4.7911e-03 
3.3552e-01     1.2221e+00  1.3410e-02     4.1004e-01  4.4993e-03     5.8091e-01  6.9618e-03     1.9491e-01  2.3358e-03 
3.7646e-01     1.1622e+00  1.3491e-02     4.3751e-01  5.0790e-03     6.1981e-01  7.7907e-03     2.3334e-01  2.9329e-03 
4.2240e-01     1.1092e+00  1.0789e-02     4.6853e-01  4.5571e-03     6.6376e-01  7.2049e-03     2.8037e-01  3.0433e-03 
4.7394e-01     1.0257e+00  1.4096e-02     4.8610e-01  6.6806e-03     6.8866e-01  1.0029e-02     3.2638e-01  4.7533e-03 
5.3176e-01     9.1651e-01  1.3140e-02     4.8737e-01  6.9872e-03     6.9045e-01  1.0443e-02     3.6716e-01  5.5532e-03 
5.9665e-01     8.0645e-01  7.3811e-03     4.8117e-01  4.4040e-03     6.8167e-01  7.0510e-03     4.0672e-01  4.2070e-03 
6.6945e-01     6.7575e-01  7.9337e-03     4.5238e-01  5.3112e-03     6.4089e-01  8.1336e-03     4.2905e-01  5.4451e-03 
7.5114e-01     5.4776e-01  7.4231e-03     4.1144e-01  5.5757e-03     5.8289e-01  8.3837e-03     4.3783e-01  6.2973e-03 
8.4279e-01     4.2641e-01  6.0323e-03     3.5937e-01  5.0839e-03     5.0912e-01  7.6088e-03     4.2908e-01  6.4126e-03 
9.4563e-01     3.2469e-01  6.9151e-03     3.0703e-01  6.5391e-03     4.3497e-01  9.4981e-03     4.1132e-01  8.9816e-03 
1.0610e+00     2.3408e-01  2.2867e-03     2.4836e-01  2.4262e-03     3.5185e-01  3.8327e-03     3.7332e-01  4.0665e-03 
1.1905e+00     1.7469e-01  3.4151e-03     2.0796e-01  4.0656e-03     2.9461e-01  5.9322e-03     3.5073e-01  7.0621e-03 
1.3357e+00     1.2732e-01  4.4767e-03     1.7007e-01  5.9796e-03     2.4093e-01  8.5505e-03     3.2182e-01  1.1421e-02 
1.4987e+00     9.8926e-02  2.1469e-03     1.4826e-01  3.2176e-03     2.1004e-01  4.6694e-03     3.1479e-01  6.9981e-03 
1.6816e+00     7.8904e-02  1.5059e-03     1.3268e-01  2.5322e-03     1.8797e-01  3.7000e-03     3.1609e-01  6.2219e-03 
1.8868e+00     6.7837e-02  1.8073e-03     1.2799e-01  3.4100e-03     1.8133e-01  4.9093e-03     3.4212e-01  9.2627e-03 
2.1170e+00     5.9976e-02  1.8148e-03     1.2697e-01  3.8420e-03     1.7988e-01  5.5116e-03     3.8080e-01  1.1668e-02 
2.3753e+00     5.1207e-02  1.7291e-03     1.2163e-01  4.1071e-03     1.7232e-01  5.8775e-03     4.0930e-01  1.3961e-02 
2.6651e+00     3.5870e-02  7.3498e-04     9.5598e-02  1.9588e-03     1.3543e-01  2.8508e-03     3.6095e-01  7.5977e-03 
2.9903e+00     2.0820e-02  6.5260e-04     6.2258e-02  1.9515e-03     8.8201e-02  2.7971e-03     2.6375e-01  8.3644e-03 
3.3552e+00     1.3415e-02  4.0242e-04     4.5009e-02  1.3502e-03     6.3764e-02  1.9373e-03     2.1394e-01  6.5002e-03 
3.7646e+00     8.2188e-03  4.5996e-04     3.0941e-02  1.7316e-03     4.3833e-02  2.4622e-03     1.6502e-01  9.2691e-03 
4.2240e+00     5.5384e-03  2.1491e-04     2.3394e-02  9.0776e-04     3.3142e-02  1.2959e-03     1.3999e-01  5.4738e-03 
4.7394e+00     3.5884e-03  3.7013e-04     1.7007e-02  1.7542e-03     2.4093e-02  2.4878e-03     1.1419e-01  1.1791e-02 
5.3176e+00     2.5392e-03  3.0783e-04     1.3503e-02  1.6370e-03     1.9129e-02  2.3209e-03     1.0172e-01  1.2342e-02 
5.9665e+00     1.5629e-03  1.6303e-04     9.3253e-03  9.7273e-04     1.3211e-02  1.3795e-03     7.8824e-02  8.2310e-03 
6.6945e+00     9.9038e-04  7.1477e-05     6.6301e-03  4.7851e-04     9.3929e-03  6.7941e-04     6.2881e-02  4.5483e-03 
7.5114e+00     6.3151e-04  1.0894e-04     4.7435e-03  8.1832e-04     6.7201e-03  1.1598e-03     5.0477e-02  8.7114e-03 
8.4279e+00     3.6776e-04  4.5140e-05     3.0994e-03  3.8044e-04     4.3910e-03  5.3938e-04     3.7007e-02  4.5458e-03 
9.4563e+00     1.8241e-04  3.1593e-05     1.7249e-03  2.9875e-04     2.4437e-03  4.2340e-04     2.3108e-02  4.0038e-03 
1.0610e+01     5.5884e-05  1.3491e-05     5.9294e-04  1.4314e-04     8.4001e-04  2.0282e-04     8.9126e-03  2.1520e-03 
1.1905e+01     2.0376e-05  1.0566e-05     2.4257e-04  1.2579e-04     3.4364e-04  1.7821e-04     4.0909e-03  2.1215e-03 
1.3357e+01     1.0089e-05  5.1171e-06     1.3476e-04  6.8351e-05     1.9091e-04  9.6837e-05     2.5501e-03  1.2935e-03 
1.4987e+01     1.7983e-06  9.7838e-07     2.6952e-05  1.4663e-05     3.8182e-05  2.0774e-05     5.7224e-04  3.1134e-04 
1.6816e+01     0.0000e+00  0.0000e+00     0.0000e+00  0.0000e+00     0.0000e+00  0.0000e+00     0.0000e+00  0.0000e+00 
1.8868e+01     0.0000e+00  0.0000e+00     0.0000e+00  0.0000e+00     0.0000e+00  0.0000e+00     0.0000e+00  0.0000e+00 
2.1170e+01     0.0000e+00  0.0000e+00     0.0000e+00  0.0000e+00     0.0000e+00  0.0000e+00     0.0000e+00  0.0000e+00 
2.3753e+01     0.0000e+00  0.0000e+00     0.0000e+00  0.0000e+00     0.0000e+00  0.0000e+00     0.0000e+00  0.0000e+00 
2.6651e+01     0.0000e+00  0.0000e+00     0.0000e+00  0.0000e+00     0.0000e+00  0.0000e+00     0.0000e+00  0.0000e+00 
2.9903e+01     0.0000e+00  0.0000e+00     0.0000e+00  0.0000e+00     0.0000e+00  0.0000e+00     0.0000e+00  0.0000e+00 
3.3552e+01     0.0000e+00  0.0000e+00     0.0000e+00  0.0000e+00     0.0000e+00  0.0000e+00     0.0000e+00  0.0000e+00 
3.7646e+01     0.0000e+00  0.0000e+00     0.0000e+00  0.0000e+00     0.0000e+00  0.0000e+00     0.0000e+00  0.0000e+00 
4.2240e+01     0.0000e+00  0.0000e+00     0.0000e+00  0.0000e+00     0.0000e+00  0.0000e+00     0.0000e+00  0.0000e+00 
4.7394e+01     0.0000e+00  0.0000e+00     0.0000e+00  0.0000e+00     0.0000e+00  0.0000e+00     0.0000e+00  0.0000e+00 
5.3176e+01     0.0000e+00  0.0000e+00     0.0000e+00  0.0000e+00     0.0000e+00  0.0000e+00     0.0000e+00  0.0000e+00 
5.9665e+01     0.0000e+00  0.0000e+00     0.0000e+00  0.0000e+00     0.0000e+00  0.0000e+00     0.0000e+00  0.0000e+00 
6.6945e+01     0.0000e+00  0.0000e+00     0.0000e+00  0.0000e+00     0.0000e+00  0.0000e+00     0.0000e+00  0.0000e+00 
7.5114e+01     0.0000e+00  0.0000e+00     0.0000e+00  0.0000e+00     0.0000e+00  0.0000e+00     0.0000e+00  0.0000e+00 
8.4279e+01     0.0000e+00  0.0000e+00     0.0000e+00  0.0000e+00     0.0000e+00  0.0000e+00     0.0000e+00  0.0000e+00 
9.4563e+01     0.0000e+00  0.0000e+00     0.0000e+00  0.0000e+00     0.0000e+00  0.0000e+00     0.0000e+00  0.0000e+00 
1.0610e+02     0.0000e+00  0.0000e+00     0.0000e+00  0.0000e+00     0.0000e+00  0.0000e+00     0.0000e+00  0.0000e+00 
1.1905e+02     0.0000e+00  0.0000e+00     0.0000e+00  0.0000e+00     0.0000e+00  0.0000e+00     0.0000e+00  0.0000e+00 
1.3357e+02     0.0000e+00  0.0000e+00     0.0000e+00  0.0000e+00     0.0000e+00  0.0000e+00     0.0000e+00  0.0000e+00 
1.4987e+02     0.0000e+00  0.0000e+00     0.0000e+00  0.0000e+00     0.0000e+00  0.0000e+00     0.0000e+00  0.0000e+00 
1.6816e+02     0.0000e+00  0.0000e+00     0.0000e+00  0.0000e+00     0.0000e+00  0.0000e+00     0.0000e+00  0.0000e+00 
1.8868e+02     0.0000e+00  0.0000e+00     0.0000e+00  0.0000e+00     0.0000e+00  0.0000e+00     0.0000e+00  0.0000e+00 
2.1170e+02     0.0000e+00  0.0000e+00     0.0000e+00  0.0000e+00     0.0000e+00  0.0000e+00     0.0000e+00  0.0000e+00 
2.3753e+02     0.0000e+00  0.0000e+00     0.0000e+00  0.0000e+00     0.0000e+00  0.0000e+00     0.0000e+00  0.0000e+00 
2.6651e+02     0.0000e+00  0.0000e+00     0.0000e+00  0.0000e+00     0.0000e+00  0.0000e+00     0.0000e+00  0.0000e+00 
2.9903e+02     0.0000e+00  0.0000e+00     0.0000e+00  0.0000e+00     0.0000e+00  0.0000e+00     0.0000e+00  0.0000e+00 
3.3552e+02     0.0000e+00  0.0000e+00     0.0000e+00  0.0000e+00     0.0000e+00  0.0000e+00     0.0000e+00  0.0000e+00 
3.7646e+02     0.0000e+00  0.0000e+00     0.0000e+00  0.0000e+00     0.0000e+00  0.0000e+00     0.0000e+00  0.0000e+00 
4.2240e+02     0.0000e+00  0.0000e+00     0.0000e+00  0.0000e+00     0.0000e+00  0.0000e+00     0.0000e+00  0.0000e+00 
4.7394e+02     0.0000e+00  0.0000e+00     0.0000e+00  0.0000e+00     0.0000e+00  0.0000e+00     0.0000e+00  0.0000e+00 
5.3176e+02     0.0000e+00  0.0000e+00     0.0000e+00  0.0000e+00     0.0000e+00  0.0000e+00     0.0000e+00  0.0000e+00 
5.9665e+02     0.0000e+00  0.0000e+00     0.0000e+00  0.0000e+00     0.0000e+00  0.0000e+00     0.0000e+00  0.0000e+00 
6.6945e+02     0.0000e+00  0.0000e+00     0.0000e+00  0.0000e+00     0.0000e+00  0.0000e+00     0.0000e+00  0.0000e+00 
7.5114e+02     0.0000e+00  0.0000e+00     0.0000e+00  0.0000e+00     0.0000e+00  0.0000e+00     0.0000e+00  0.0000e+00 
8.4279e+02     0.0000e+00  0.0000e+00     0.0000e+00  0.0000e+00     0.0000e+00  0.0000e+00     0.0000e+00  0.0000e+00 
9.4563e+02     0.0000e+00  0.0000e+00     0.0000e+00  0.0000e+00     0.0000e+00  0.0000e+00     0.0000e+00  0.0000e+00 
1.0610e+03     0.0000e+00  0.0000e+00     0.0000e+00  0.0000e+00     0.0000e+00  0.0000e+00     0.0000e+00  0.0000e+00 
1.1905e+03     0.0000e+00  0.0000e+00     0.0000e+00  0.0000e+00     0.0000e+00  0.0000e+00     0.0000e+00  0.0000e+00 
1.3357e+03     0.0000e+00  0.0000e+00     0.0000e+00  0.0000e+00     0.0000e+00  0.0000e+00     0.0000e+00  0.0000e+00 
1.4987e+03     0.0000e+00  0.0000e+00     0.0000e+00  0.0000e+00     0.0000e+00  0.0000e+00     0.0000e+00  0.0000e+00 
1.6816e+03     0.0000e+00  0.0000e+00     0.0000e+00  0.0000e+00     0.0000e+00  0.0000e+00     0.0000e+00  0.0000e+00 
1.8868e+03     0.0000e+00  0.0000e+00     0.0000e+00  0.0000e+00     0.0000e+00  0.0000e+00     0.0000e+00  0.0000e+00 
2.1170e+03     0.0000e+00  0.0000e+00     0.0000e+00  0.0000e+00     0.0000e+00  0.0000e+00     0.0000e+00  0.0000e+00 
2.3753e+03     0.0000e+00  0.0000e+00     0.0000e+00  0.0000e+00     0.0000e+00  0.0000e+00     0.0000e+00  0.0000e+00 
2.6651e+03     0.0000e+00  0.0000e+00     0.0000e+00  0.0000e+00     0.0000e+00  0.0000e+00     0.0000e+00  0.0000e+00 
2.9903e+03     0.0000e+00  0.0000e+00     0.0000e+00  0.0000e+00     0.0000e+00  0.0000e+00     0.0000e+00  0.0000e+00 
3.3552e+03     0.0000e+00  0.0000e+00     0.0000e+00  0.0000e+00     0.0000e+00  0.0000e+00     0.0000e+00  0.0000e+00 
3.7646e+03     0.0000e+00  0.0000e+00     0.0000e+00  0.0000e+00     0.0000e+00  0.0000e+00     0.0000e+00  0.0000e+00 
4.2240e+03     0.0000e+00  0.0000e+00     0.0000e+00  0.0000e+00     0.0000e+00  0.0000e+00     0.0000e+00  0.0000e+00 
4.7394e+03     0.0000e+00  0.0000e+00     0.0000e+00  0.0000e+00     0.0000e+00  0.0000e+00     0.0000e+00  0.0000e+00 
5.3176e+03     0.0000e+00  0.0000e+00     0.0000e+00  0.0000e+00     0.0000e+00  0.0000e+00     0.0000e+00  0.0000e+00 
5.9665e+03     0.0000e+00  0.0000e+00     0.0000e+00  0.0000e+00     0.0000e+00  0.0000e+00     0.0000e+00  0.0000e+00 
6.6945e+03     0.0000e+00  0.0000e+00     0.0000e+00  0.0000e+00     0.0000e+00  0.0000e+00     0.0000e+00  0.0000e+00 
7.5114e+03     0.0000e+00  0.0000e+00     0.0000e+00  0.0000e+00     0.0000e+00  0.0000e+00     0.0000e+00  0.0000e+00 
8.4279e+03     0.0000e+00  0.0000e+00     0.0000e+00  0.0000e+00     0.0000e+00  0.0000e+00     0.0000e+00  0.0000e+00 
9.4563e+03     0.0000e+00  0.0000e+00     0.0000e+00  0.0000e+00     0.0000e+00  0.0000e+00     0.0000e+00  0.0000e+00 
