0.01,107,900.956
0.0100344,96
0.010069,109
0.0101036,118
0.0101384,124
0.0101733,115
0.0102083,124
0.0102435,112
0.0102787,115
0.0103141,109
0.0103496,125
0.0103852,130
0.010421,127
0.0104568,160
0.0104928,167
0.010529,168
0.0105652,177
0.0106016,192
0.0106381,211
0.0106747,170
0.0107114,190
0.0107483,200
0.0107853,275
0.0108224,228
0.0108597,223
0.0108971,220
0.0109346,278
0.0109722,439
0.01101,450
0.0110479,548
0.0110859,1729
0.0111241,2446
0.0111624,2321
0.0112008,2454
0.0112393,2275
0.011278,2380
0.0113168,2292
0.0113558,2267
0.0113949,2311
0.0114341,2245
0.0114735,2227
0.011513,2216
0.0115526,2299
0.0115924,2152
0.0116323,2200
0.0116723,2246
0.0117125,2176
0.0117528,2141
0.0117933,2089
0.0118339,2133
0.0118746,2084
0.0119155,2082
0.0119565,2054
0.0119976,2032
0.0120389,2065
0.0120804,2089
0.012122,2053
0.0121637,2093
0.0122056,2098
0.0122476,2035
0.0122897,4546
0.012332,2156
0.0123745,2006
0.0124171,2020
0.0124598,2061
0.0125027,1908
0.0125458,2011
0.0125889,1990
0.0126323,1923
0.0126758,1967
0.0127194,1853
0.0127632,1919
0.0128071,1875
0.0128512,1885
0.0128954,1848
0.0129398,1812
0.0129844,1798
0.0130291,1801
0.0130739,1849
0.0131189,1815
0.0131641,1788
0.0132094,1742
0.0132548,1810
0.0133005,1796
0.0133463,1760
0.0133922,1791
0.0134383,1747
0.0134846,1733
0.013531,1751
0.0135775,1727
0.0136243,1688
0.0136712,1772
0.0137182,1736
0.0137655,1667
0.0138128,1683
0.0138604,1647
0.0139081,1545
0.013956,1626
0.014004,1605
0.0140522,1577
0.0141006,1667
0.0141491,1562
0.0141978,1600
0.0142467,1567
0.0142957,1517
0.014345,1589
0.0143943,1587
0.0144439,1534
0.0144936,1516
0.0145435,1463
0.0145936,1521
0.0146438,1456
0.0146942,1468
0.0147448,1449
0.0147955,1521
0.0148465,1445
0.0148976,1443
0.0149488,5504
0.0150003,1615
0.0150519,1542
0.0151038,1628
0.0151557,1522
0.0152079,1531
0.0152603,1561
0.0153128,1508
0.0153655,1522
0.0154184,1523
0.0154715,1417
0.0155247,1471
0.0155782,1473
0.0156318,1388
0.0156856,1442
0.0157396,1446
0.0157938,1430
0.0158481,1465
0.0159027,1345
0.0159574,1417
0.0160124,1371
0.0160675,1402
0.0161228,1378
0.0161783,87036
0.016234,2594
0.0162898,3585
0.0163459,2308
0.0164022,2281
0.0164586,2730
0.0165153,2005
0.0165722,2160
0.0166292,1962
0.0166864,2016
0.0167439,1879
0.0168015,2431
0.0168593,5284
0.0169174,2258
0.0169756,2290
0.0170341,2171
0.0170927,1986
0.0171515,1921
0.0172106,2020
0.0172698,1846
0.0173293,1905
0.0173889,1942
0.0174488,1880
0.0175088,1960
0.0175691,2127
0.0176296,1879
0.0176903,2065
0.0177511,1961
0.0178123,1888
0.0178736,1917
0.0179351,1864
0.0179968,1897
0.0180588,1901
0.0181209,1893
0.0181833,1886
0.0182459,1918
0.0183087,1912
0.0183717,2014
0.018435,1881
0.0184984,1885
0.0185621,1875
0.018626,1866
0.0186901,2079
0.0187545,2027
0.018819,1954
0.0188838,5223
0.0189488,2134
0.019014,2081
0.0190795,2167
0.0191451,2082
0.019211,2049
0.0192772,1996
0.0193435,2112
0.0194101,2065
0.0194769,2109
0.019544,2268
0.0196112,2084
0.0196788,2100
0.0197465,2049
0.0198145,2127
0.0198827,2156
0.0199511,2140
0.0200198,80801
0.0200887,3352
0.0201579,4838
0.0202272,3150
0.0202969,3458
0.0203667,3038
0.0204368,3056
0.0205072,2916
0.0205778,2724
0.0206486,7537
0.0207197,3132
0.020791,3334
0.0208626,2987
0.0209344,3080
0.0210065,3086
0.0210788,2851
0.0211513,2949
0.0212241,2873
0.0212972,2859
0.0213705,3190
0.0214441,3241
0.0215179,3155
0.0215919,3257
0.0216663,3110
0.0217408,3103
0.0218157,3158
0.0218908,3099
0.0219661,3122
0.0220417,3170
0.0221176,3317
0.0221938,3277
0.0222701,3368
0.0223468,3407
0.0224237,3279
0.0225009,3394
0.0225784,3229
0.0226561,3408
0.0227341,3402
0.0228123,3315
0.0228909,3558
0.0229697,3590
0.0230487,3529
0.0231281,3602
0.0232077,3703
0.0232876,3827
0.0233677,3816
0.0234482,3915
0.0235289,4012
0.0236099,3671
0.0236911,3680
0.0237727,3732
0.0238545,3818
0.0239366,3895
0.024019,59188
0.0241017,5317
0.0241847,5788
0.0242679,5076
0.0243514,4696
0.0244353,4873
0.0245194,4600
0.0246038,4648
0.0246885,4900
0.0247735,4851
0.0248587,4741
0.0249443,4705
0.0250302,4609
0.0251163,4539
0.0252028,4689
0.0252895,4776
0.0253766,4937
0.0254639,4960
0.0255516,5101
0.0256396,4984
0.0257278,4996
0.0258164,4964
0.0259052,4888
0.0259944,5109
0.0260839,5202
0.0261737,5120
0.0262638,5280
0.0263542,5392
0.0264449,5254
0.0265359,5244
0.0266273,5274
0.0267189,5287
0.0268109,5334
0.0269032,5592
0.0269958,5475
0.0270887,5538
0.027182,5591
0.0272755,6053
0.0273694,5802
0.0274636,5836
0.0275582,5861
0.027653,5785
0.0277482,6041
0.0278437,6063
0.0279396,6043
0.0280357,6081
0.0281323,6201
0.0282291,6213
0.0283263,5941
0.0284238,7317
0.0285216,6344
0.0286198,6205
0.0287183,6116
0.0288172,6071
0.0289164,6226
0.0290159,6086
0.0291158,6240
0.029216,6279
0.0293166,6335
0.0294175,6298
0.0295187,6372
0.0296203,6260
0.0297223,6387
0.0298246,6397
0.0299273,6243
0.0300303,6289
0.0301337,6432
0.0302374,6526
0.0303415,6564
0.0304459,6430
0.0305507,6480
0.0306559,6540
0.0307614,6415
0.0308673,6549
0.0309735,6745
0.0310802,8538
0.0311872,7051
0.0312945,6847
0.0314022,6927
0.0315103,6938
0.0316188,7034
0.0317276,6810
0.0318368,7180
0.0319464,7081
0.0320564,6766
0.0321667,7036
0.0322775,7700
0.0323886,8140
0.0325001,7398
0.0326119,7220
0.0327242,7304
0.0328368,7257
0.0329499,8813
0.0330633,7159
0.0331771,7479
0.0332913,7249
0.0334059,7519
0.0335209,7123
0.0336363,7349
0.0337521,7198
0.0338682,7551
0.0339848,7373
0.0341018,7241
0.0342192,7364
0.034337,7343
0.0344552,7460
0.0345738,7445
0.0346928,7248
0.0348122,7247
0.034932,7129
0.0350523,10521
0.035173,7617
0.035294,7523
0.0354155,7509
0.0355374,8005
0.0356597,7643
0.0357825,7632
0.0359057,7606
0.0360293,7615
0.0361533,8782
0.0362777,7969
0.0364026,8888
0.0365279,8033
0.0366537,7568
0.0367798,9703
0.0369064,9177
0.0370335,7978
0.0371609,7968
0.0372889,8030
0.0374172,7900
0.037546,8152
0.0376753,7995
0.0378049,8116
0.0379351,7961
0.0380657,7626
0.0381967,7765
0.0383282,8144
0.0384601,8138
0.0385925,8079
0.0387253,8151
0.0388586,8047
0.0389924,10878
0.0391266,8552
0.0392613,8194
0.0393965,8179
0.0395321,8239
0.0396681,8274
0.0398047,8163
0.0399417,8259
0.0400792,8574
0.0402172,8946
0.0403556,8643
0.0404945,8512
0.0406339,10372
0.0407738,8638
0.0409141,9557
0.041055,8427
0.0411963,8814
0.0413381,8770
0.0414804,8520
0.0416232,8598
0.0417664,8577
0.0419102,8430
0.0420545,8601
0.0421992,8655
0.0423445,8687
0.0424903,8707
0.0426365,9035
0.0427833,8538
0.0429306,9883
0.0430783,8752
0.0432266,9128
0.0433754,9203
0.0435247,8882
0.0436745,8851
0.0438249,9058
0.0439757,8708
0.0441271,9755
0.044279,9239
0.0444314,9233
0.0445844,10756
0.0447378,9401
0.0448918,9427
0.0450464,9479
0.0452014,9271
0.045357,9403
0.0455131,9283
0.0456698,9697
0.045827,9539
0.0459848,9665
0.0461431,9515
0.0463019,9520
0.0464613,9656
0.0466212,9486
0.0467817,9658
0.0469427,9580
0.0471043,9873
0.0472664,9742
0.0474291,9827
0.0475924,10084
0.0477562,9807
0.0479206,9814
0.0480856,10270
0.0482511,10045
0.0484172,27587
0.0485839,10899
0.0487511,10533
0.0489189,10441
0.0490873,10503
0.0492563,10658
0.0494258,10714
0.0495959,10671
0.0497667,11052
0.049938,10963
0.0501099,11012
0.0502824,10711
0.0504554,10825
0.0506291,10799
0.0508034,11070
0.0509783,11216
0.0511538,11081
0.0513298,11395
0.0515065,11419
0.0516838,11393
0.0518617,11633
0.0520403,11683
0.0522194,11527
0.0523991,11572
0.0525795,11959
0.0527605,11743
0.0529421,11966
0.0531244,12013
0.0533072,11918
0.0534907,12000
0.0536748,12078
0.0538596,12220
0.054045,12325
0.054231,12236
0.0544177,12156
0.054605,12515
0.054793,12398
0.0549816,12796
0.0551709,12486
0.0553608,12452
0.0555513,12635
0.0557426,12542
0.0559344,13041
0.056127,13046
0.0563202,13056
0.056514,13162
0.0567086,13211
0.0569038,13203
0.0570997,13257
0.0572962,13487
0.0574934,13503
0.0576913,13542
0.0578899,13443
0.0580892,13321
0.0582892,13933
0.0584898,13992
0.0586911,13830
0.0588932,14035
0.0590959,14285
0.0592993,14397
0.0595034,14029
0.0597083,14383
0.0599138,14313
0.06012,14448
0.060327,14696
0.0605346,14869
0.060743,15011
0.0609521,14547
0.0611619,14743
0.0613724,14991
0.0615837,15069
0.0617957,15151
0.0620084,15160
0.0622218,15350
0.062436,15176
0.0626509,15071
0.0628666,15620
0.063083,15583
0.0633001,15978
0.063518,15547
0.0637367,15471
0.0639561,15566
0.0641762,16150
0.0643971,16106
0.0646188,16707
0.0648412,16278
0.0650644,15932
0.0652884,16842
0.0655131,16228
0.0657387,16426
0.0659649,16566
0.066192,16373
0.0664199,16413
0.0666485,16639
0.0668779,16737
0.0671081,16743
0.0673391,17138
0.0675709,17718
0.0678035,16975
0.0680369,16986
0.0682711,17575
0.0685061,17740
0.0687419,17356
0.0689785,17920
0.069216,17562
0.0694542,17254
0.0696933,18023
0.0699332,17815
0.0701739,17581
0.0704155,17975
0.0706579,18012
0.0709011,18159
0.0711452,18452
0.0713901,18264
0.0716358,18641
0.0718824,18401
0.0721298,18274
0.0723781,18792
0.0726273,18778
0.0728773,18506
0.0731281,18739
0.0733798,18873
0.0736324,18904
0.0738859,19054
0.0741402,19092
0.0743954,19186
0.0746515,19280
0.0749085,19547
0.0751663,19324
0.0754251,19422
0.0756847,19654
0.0759452,19906
0.0762067,20016
0.076469,20225
0.0767322,20290
0.0769963,20022
0.0772614,19767
0.0775273,20534
0.0777942,20503
0.078062,20608
0.0783307,20459
0.0786003,20676
0.0788709,20968
0.0791424,20979
0.0794148,21068
0.0796882,21028
0.0799625,21283
0.0802377,21254
0.0805139,21202
0.080791,21634
0.0810692,21453
0.0813482,21536
0.0816282,21712
0.0819092,21389
0.0821912,21859
0.0824741,21819
0.082758,22209
0.0830428,22187
0.0833287,22509
0.0836155,22526
0.0839034,22201
0.0841922,22246
0.084482,22873
0.0847728,23013
0.0850646,22845
0.0853574,23209
0.0856512,22762
0.0859461,23178
0.0862419,23562
0.0865388,23668
0.0868367,23571
0.0871356,23607
0.0874355,23789
0.0877365,24003
0.0880385,24001
0.0883415,24298
0.0886456,24627
0.0889508,24632
0.089257,24785
0.0895642,24608
0.0898725,24779
0.0901819,24716
0.0904923,25154
0.0908038,25462
0.0911164,25331
0.09143,25486
0.0917447,25705
0.0920605,25812
0.0923774,25999
0.0926954,25793
0.0930145,25711
0.0933347,25779
0.0936559,26034
0.0939783,26157
0.0943018,26561
0.0946264,26748
0.0949522,26541
0.095279,26929
0.095607,26919
0.0959361,26844
0.0962663,27507
0.0965977,27914
0.0969302,27177
0.0972638,27387
0.0975986,27969
0.0979346,27911
0.0982717,28051
0.09861,28276
0.0989494,28563
0.09929,28528
0.0996318,28733
0.0999748,28693
0.100319,29158
0.100664,28902
0.101011,29502
0.101358,29200
0.101707,29505
0.102057,29712
0.102409,29657
0.102761,29754
0.103115,29682
0.10347,29989
0.103826,30693
0.104183,30643
0.104542,30479
0.104902,30610
0.105263,31243
0.105625,31428
0.105989,31725
0.106354,31521
0.10672,31627
0.107087,31548
0.107456,31522
0.107826,32001
0.108197,31854
0.108569,32514
0.108943,32294
0.109318,32012
0.109694,32529
0.110072,33213
0.110451,33109
0.110831,33869
0.111213,33547
0.111595,33669
0.11198,33460
0.112365,34000
0.112752,33853
0.11314,34450
0.113529,34777
0.11392,34413
0.114312,34729
0.114706,34790
0.115101,35042
0.115497,35440
0.115894,35637
0.116293,35244
0.116694,36207
0.117095,35640
0.117498,35583
0.117903,36381
0.118309,36336
0.118716,36338
0.119125,37077
0.119535,36702
0.119946,37176
0.120359,37627
0.120773,37415
0.121189,37590
0.121606,37791
0.122025,37693
0.122445,38073
0.122866,38596
0.123289,38245
0.123714,38587
0.124139,38646
0.124567,39322
0.124996,38881
0.125426,38470
0.125858,39650
0.126291,40142
0.126726,39983
0.127162,40683
0.127599,39994
0.128039,40857
0.128479,40281
0.128922,41202
0.129365,41179
0.129811,41512
0.130258,41334
0.130706,41849
0.131156,41662
0.131607,42250
0.13206,41579
0.132515,42239
0.132971,43122
0.133429,43158
0.133888,43117
0.134349,43804
0.134811,42832
0.135276,43793
0.135741,43681
0.136208,44178
0.136677,44953
0.137148,44899
0.13762,44746
0.138094,45284
0.138569,45629
0.139046,45232
0.139525,45855
0.140005,46354
0.140487,46017
0.14097,46444
0.141456,46568
0.141943,47197
0.142431,47274
0.142921,47064
0.143413,47141
0.143907,47869
0.144402,47907
0.144899,48015
0.145398,48119
0.145899,48658
0.146401,48929
0.146905,49335
0.147411,49100
0.147918,49420
0.148427,50034
0.148938,49805
0.149451,50555
0.149965,50824
0.150481,50801
0.150999,51070
0.151519,50888
0.152041,51842
0.152564,51990
0.153089,52410
0.153616,52401
0.154145,52441
0.154676,52592
0.155208,52905
0.155742,53031
0.156278,52898
0.156816,53829
0.157356,53872
0.157898,53998
0.158441,54803
0.158987,54786
0.159534,55489
0.160083,55353
0.160634,55876
0.161187,56060
0.161742,55881
0.162299,56551
0.162857,57528
0.163418,56778
0.163981,57269
0.164545,57383
0.165111,58004
0.16568,57871
0.16625,58059
0.166822,59029
0.167397,59378
0.167973,58930
0.168551,59091
0.169131,59384
0.169713,59992
0.170298,59578
0.170884,60683
0.171472,61212
0.172062,60424
0.172654,61288
0.173249,61171
0.173845,61555
0.174444,62171
0.175044,62448
0.175647,62445
0.176251,62923
0.176858,63875
0.177467,64042
0.178078,63185
0.178691,64702
0.179306,64781
0.179923,65378
0.180542,64742
0.181164,66011
0.181787,66197
0.182413,65685
0.183041,66053
0.183671,66426
0.184303,66374
0.184938,67728
0.185574,67712
0.186213,68462
0.186854,68246
0.187497,68431
0.188143,68783
0.18879,70563
0.18944,69733
0.190092,69936
0.190747,69695
0.191403,70569
0.192062,70552
0.192723,71750
0.193387,70957
0.194052,71681
0.19472,72498
0.19539,71811
0.196063,72542
0.196738,73520
0.197415,73722
0.198095,73243
0.198777,74122
0.199461,74890
0.200147,74649
0.200836,74915
0.201528,74566
0.202221,76091
0.202917,75530
0.203616,76306
0.204317,76581
0.20502,77235
0.205726,77659
0.206434,77587
0.207145,77923
0.207858,78691
0.208573,79475
0.209291,79370
0.210012,79308
0.210734,80168
0.21146,81532
0.212188,81055
0.212918,80593
0.213651,81420
0.214386,81788
0.215124,81443
0.215865,82431
0.216608,83213
0.217354,82426
0.218102,83764
0.218853,84461
0.219606,83951
0.220362,86125
0.22112,85112
0.221882,85232
0.222645,85634
0.223412,86140
0.224181,86627
0.224952,86490
0.225727,86778
0.226504,87919
0.227283,87685
0.228066,88503
0.228851,88298
0.229639,88835
0.230429,89079
0.231222,90119
0.232018,90323
0.232817,91110
0.233618,91741
0.234422,91203
0.235229,92183
0.236039,92721
0.236852,92639
0.237667,93313
0.238485,93471
0.239306,93983
0.24013,94229
0.240956,94781
0.241786,95100
0.242618,94640
0.243453,95601
0.244291,95545
0.245132,96566
0.245976,96611
0.246822,97063
0.247672,97140
0.248525,97645
0.24938,97956
0.250239,98415
0.2511,98958
0.251964,99797
0.252832,99530
0.253702,100271
0.254575,100705
0.255452,100509
0.256331,102487
0.257213,101839
0.258099,102932
0.258987,102711
0.259878,103351
0.260773,103878
0.261671,104225
0.262571,103996
0.263475,104769
0.264382,104698
0.265292,105211
0.266205,106152
0.267122,106337
0.268041,107593
0.268964,107702
0.26989,108628
0.270819,108130
0.271751,108017
0.272686,108698
0.273625,108738
0.274567,109599
0.275512,110089
0.27646,110767
0.277412,111375
0.278367,110279
0.279325,111433
0.280287,112148
0.281252,112292
0.28222,112141
0.283191,112324
0.284166,114339
0.285144,114524
0.286126,114404
0.287111,114512
0.288099,115548
0.289091,115571
0.290086,116389
0.291084,116365
0.292086,116483
0.293092,117193
0.294101,117260
0.295113,118022
0.296129,118576
0.297148,119614
0.298171,119125
0.299197,119743
0.300227,119963
0.301261,120298
0.302298,121693
0.303338,120928
0.304382,121595
0.30543,121713
0.306482,123259
0.307536,122368
0.308595,123361
0.309657,124193
0.310723,123416
0.311793,124428
0.312866,124914
0.313943,125807
0.315024,124800
0.316108,126012
0.317196,127383
0.318288,126760
0.319384,127718
0.320483,127694
0.321586,127479
0.322693,128211
0.323804,129690
0.324919,129431
0.326037,129189
0.327159,130235
0.328286,129884
0.329416,129660
0.330549,130886
0.331687,131770
0.332829,131280
0.333975,131738
0.335124,132878
0.336278,133388
0.337435,133868
0.338597,133724
0.339763,133859
0.340932,134611
0.342106,133873
0.343283,135489
0.344465,135529
0.345651,135449
0.34684,135955
0.348034,136413
0.349232,136088
0.350434,136332
0.351641,137644
0.352851,138537
0.354066,138933
0.355285,137819
0.356508,139188
0.357735,139014
0.358966,138139
0.360202,139524
0.361442,140329
0.362686,139757
0.363934,140962
0.365187,141280
0.366444,141695
0.367705,142623
0.368971,142996
0.370241,142342
0.371516,142337
0.372795,143765
0.374078,142979
0.375365,143360
0.376658,143633
0.377954,144301
0.379255,144643
0.380561,144379
0.381871,145072
0.383185,145219
0.384504,146238
0.385828,146641
0.387156,146086
0.388488,145856
0.389826,146924
0.391168,147049
0.392514,146741
0.393865,146620
0.395221,148772
0.396581,148173
0.397946,147749
0.399316,148220
0.400691,148695
0.40207,148903
0.403454,148641
0.404843,149033
0.406236,150132
0.407635,150251
0.409038,149953
0.410446,149576
0.411859,150241
0.413277,150470
0.414699,150241
0.416127,151460
0.417559,151307
0.418996,151601
0.420439,151010
0.421886,153056
0.423338,152114
0.424795,151753
0.426258,151625
0.427725,152535
0.429197,152209
0.430675,153070
0.432157,151598
0.433645,153160
0.435137,153689
0.436635,153664
0.438138,153187
0.439646,154792
0.44116,153210
0.442678,153127
0.444202,154110
0.445731,154699
0.447265,153690
0.448805,154068
0.45035,153800
0.4519,153741
0.453456,156245
0.455017,154541
0.456583,155452
0.458155,154691
0.459732,155722
0.461314,155408
0.462902,155696
0.464495,155563
0.466094,155006
0.467699,154071
0.469309,155791
0.470924,155290
0.472545,155313
0.474172,154476
0.475804,156147
0.477442,155248
0.479085,154723
0.480734,155871
0.482389,155614
0.48405,155811
0.485716,154682
0.487388,155743
0.489066,154813
0.490749,155805
0.492438,154836
0.494133,154585
0.495834,156014
0.497541,155347
0.499254,154568
0.500972,154219
0.502697,154283
0.504427,153747
0.506164,154577
0.507906,154561
0.509654,154668
0.511409,154013
0.513169,153679
0.514935,154417
0.516708,153075
0.518486,155184
0.520271,153479
0.522062,152683
0.523859,152206
0.525662,152838
0.527472,152960
0.529288,153547
0.531109,152280
0.532938,153619
0.534772,152803
0.536613,152611
0.53846,152421
0.540314,152254
0.542174,151312
0.54404,151860
0.545913,151804
0.547792,150979
0.549677,151048
0.551569,151751
0.553468,150422
0.555373,150502
0.557285,151302
0.559203,150479
0.561128,150954
0.56306,150337
0.564998,148489
0.566943,147922
0.568894,148705
0.570853,148764
0.572818,147962
0.574789,147679
0.576768,148393
0.578753,146841
0.580745,145802
0.582744,145765
0.58475,146838
0.586763,146399
0.588783,145178
0.59081,145698
0.592843,145027
0.594884,144631
0.596932,144728
0.598987,145130
0.601049,144259
0.603117,144217
0.605194,143396
0.607277,143020
0.609367,143189
0.611465,142377
0.61357,140502
0.615682,141794
0.617801,141313
0.619927,141013
0.622061,140889
0.624203,140812
0.626351,140258
0.628507,139794
0.630671,139094
0.632842,138317
0.63502,137883
0.637206,138009
0.639399,136891
0.6416,136609
0.643809,136757
0.646025,136417
0.648249,135261
0.65048,134804
0.652719,134212
0.654966,134367
0.657221,134428
0.659483,132434
0.661753,132974
0.664031,132488
0.666317,132789
0.66861,131458
0.670912,132005
0.673221,130418
0.675539,130566
0.677864,129889
0.680197,128967
0.682539,129730
0.684888,128326
0.687246,128591
0.689611,126618
0.691985,127300
0.694367,126257
0.696757,127111
0.699156,126501
0.701562,125382
0.703977,124084
0.706401,123980
0.708832,123390
0.711272,123412
0.713721,123042
0.716177,121930
0.718643,122012
0.721116,120387
0.723599,120809
0.726089,119386
0.728589,119978
0.731097,117706
0.733613,117823
0.736139,118620
0.738673,118449
0.741215,133306
0.743767,117054
0.746327,115542
0.748896,115624
0.751474,114665
0.754061,115419
0.756656,113838
0.759261,113229
0.761874,120035
0.764497,112504
0.767128,111305
0.769769,111444
0.772419,111581
0.775078,110930
0.777746,109430
0.780423,110272
0.783109,108356
0.785805,108550
0.78851,107216
0.791224,107475
0.793948,108186
0.79668,106041
0.799423,105761
0.802175,105474
0.804936,104638
0.807707,105363
0.810487,104569
0.813277,103416
0.816076,102353
0.818885,102012
0.821704,101942
0.824533,101924
0.827371,100256
0.830219,100051
0.833077,99793
0.835944,99129
0.838822,98763
0.841709,98132
0.844607,97630
0.847514,97070
0.850431,97094
0.853359,96078
0.856296,94975
0.859244,95332
0.862201,94961
0.865169,93912
0.868147,94250
0.871136,93054
0.874135,93485
0.877143,91171
0.880163,91337
0.883193,90625
0.886233,90850
0.889283,90242
0.892344,88859
0.895416,89493
0.898498,89210
0.901591,88434
0.904695,87587
0.907809,87025
0.910934,86979
0.914069,86415
0.917216,85714
0.920373,86067
0.923541,84663
0.92672,85138
0.92991,84341
0.933111,83884
0.936323,83701
0.939546,82146
0.94278,81976
0.946026,81870
0.949282,81966
0.95255,81161
0.955829,80984
0.959119,79957
0.96242,79928
0.965733,80238
0.969057,78985
0.972393,78389
0.97574,78344
0.979099,78118
0.982469,77630
0.985851,76868
0.989245,76999
0.99265,76053
0.996067,75213
0.999495,75797
1.00294,76422
1.00639,75497
1.00985,74623
1.01333,74554
1.01682,74219
1.02032,73445
1.02383,73099
1.02735,73453
1.03089,73234
1.03444,72487
1.038,72483
1.04157,71814
1.04516,71333
1.04876,71256
1.05237,70330
1.05599,70690
1.05962,70303
1.06327,69492
1.06693,69831
1.0706,68848
1.07429,69185
1.07799,68836
1.0817,68568
1.08542,68234
1.08916,67722
1.09291,67457
1.09667,67100
1.10044,67479
1.10423,66679
1.10803,66561
1.11185,66381
1.11567,65863
1.11951,65609
1.12337,64789
1.12723,64874
1.13111,64426
1.13501,64012
1.13891,64173
1.14283,64087
1.14677,63861
1.15072,63779
1.15468,63280
1.15865,63554
1.16264,63090
1.16664,62695
1.17066,62643
1.17469,61835
1.17873,61957
1.18279,61439
1.18686,61474
1.19095,61664
1.19505,61145
1.19916,60697
1.20329,60748
1.20743,60152
1.21158,60231
1.21576,60695
1.21994,59658
1.22414,60097
1.22835,59892
1.23258,59283
1.23682,57990
1.24108,59460
1.24535,58910
1.24964,59293
1.25394,58619
1.25826,57934
1.26259,58064
1.26694,57678
1.2713,56783
1.27567,57249
1.28006,57127
1.28447,57308
1.28889,57077
1.29333,56716
1.29778,56438
1.30225,56320
1.30673,56357
1.31123,55539
1.31574,55571
1.32027,55842
1.32482,55629
1.32938,54999
1.33395,55604
1.33854,54955
1.34315,54923
1.34777,54356
1.35241,54485
1.35707,53959
1.36174,53699
1.36643,54558
1.37113,54264
1.37585,53583
1.38059,53746
1.38534,52913
1.39011,53262
1.39489,52970
1.3997,52496
1.40451,52611
1.40935,52638
1.4142,51494
1.41907,52251
1.42395,52351
1.42885,51710
1.43377,51630
1.43871,51431
1.44366,51274
1.44863,50955
1.45362,50767
1.45862,50479
1.46364,50847
1.46868,50158
1.47373,50627
1.47881,49985
1.4839,49572
1.48901,49580
1.49413,49588
1.49927,48969
1.50443,50105
1.50961,48986
1.51481,49067
1.52002,48370
1.52526,48249
1.53051,48422
1.53577,48536
1.54106,47346
1.54637,48075
1.55169,47268
1.55703,47536
1.56239,47104
1.56777,46367
1.57316,46494
1.57858,46958
1.58401,46450
1.58947,46236
1.59494,45243
1.60043,45657
1.60594,46108
1.61146,45695
1.61701,45635
1.62258,45057
1.62816,44977
1.63377,44437
1.63939,44590
1.64503,44665
1.6507,44243
1.65638,44328
1.66208,44151
1.6678,43677
1.67354,43273
1.6793,43114
1.68508,43568
1.69088,42840
1.69671,42474
1.70255,42626
1.70841,42630
1.71429,42328
1.72019,41831
1.72611,42750
1.73205,41547
1.73801,41301
1.744,41225
1.75,41078
1.75602,41074
1.76207,40831
1.76813,40895
1.77422,40729
1.78033,40790
1.78645,39888
1.7926,40010
1.79877,40712
1.80497,39758
1.81118,39160
1.81741,39146
1.82367,39258
1.82995,39111
1.83625,38025
1.84257,38881
1.84891,38396
1.85527,38521
1.86166,37862
1.86807,37655
1.8745,37594
1.88095,37491
1.88743,37782
1.89392,37476
1.90044,37323
1.90698,37262
1.91355,36299
1.92014,36594
1.92674,36284
1.93338,36083
1.94003,35931
1.94671,35604
1.95341,35808
1.96014,35591
1.96688,35786
1.97365,35486
1.98045,35101
1.98726,34781
1.9941,34995
2.00097,34745
2.00786,34098
2.01477,34344
2.0217,33938
2.02866,33931
2.03565,34126
2.04265,33906
2.04968,33569
2.05674,33607
2.06382,33346
2.07092,33751
2.07805,33060
2.08521,32555
2.09238,32701
2.09959,32580
2.10681,31982
2.11406,31828
2.12134,31957
2.12864,31943
2.13597,31687
2.14332,31372
2.1507,31490
2.1581,31248
2.16553,31036
2.17299,31169
2.18047,30365
2.18797,30304
2.19551,30568
2.20306,30231
2.21065,30000
2.21826,29999
2.22589,30153
2.23355,29747
2.24124,29566
2.24896,29495
2.2567,29180
2.26447,29323
2.27226,29440
2.28008,29436
2.28793,29108
2.29581,28481
2.30371,28920
2.31164,28332
2.3196,28793
2.32758,28197
2.33559,28205
2.34363,28323
2.3517,27901
2.3598,27747
2.36792,27046
2.37607,27527
2.38425,27053
2.39245,26796
2.40069,26668
2.40895,26870
2.41725,26543
2.42557,26517
2.43392,26828
2.44229,26156
2.4507,26270
2.45914,26003
2.4676,25824
2.4761,25632
2.48462,25777
2.49317,25609
2.50175,25881
2.51037,25290
2.51901,25620
2.52768,25794
2.53638,25061
2.54511,24907
2.55387,25100
2.56266,24995
2.57148,24487
2.58033,24532
2.58922,25124
2.59813,24057
2.60707,23975
2.61605,24189
2.62505,23607
2.63409,24178
2.64315,24143
2.65225,23831
2.66138,23760
2.67054,23431
2.67974,23289
2.68896,23333
2.69822,23016
2.7075,23144
2.71682,23223
2.72618,22940
2.73556,22493
2.74498,22767
2.75443,22664
2.76391,22555
2.77342,22186
2.78297,22187
2.79255,21814
2.80216,21906
2.81181,21752
2.82148,21454
2.8312,21641
2.84094,21739
2.85072,21645
2.86053,21269
2.87038,21610
2.88026,20849
2.89018,21245
2.90012,20783
2.91011,21059
2.92013,20688
2.93018,20465
2.94026,20433
2.95038,20459
2.96054,20580
2.97073,20362
2.98096,20052
2.99122,20147
3.00151,20100
3.01185,19724
3.02221,19980
3.03262,20007
3.04306,19366
3.05353,19726
3.06404,19381
3.07459,19549
3.08517,19357
3.09579,19053
3.10645,19233
3.11714,18974
3.12787,18765
3.13864,18881
3.14944,18736
3.16028,18565
3.17116,18381
3.18208,18549
3.19303,18381
3.20402,18575
3.21505,18242
3.22612,18107
3.23722,18048
3.24837,17849
3.25955,17729
3.27077,17904
3.28203,18005
3.29332,17808
3.30466,17553
3.31604,17897
3.32745,17402
3.3389,17320
3.3504,17000
3.36193,16943
3.3735,17291
3.38512,17018
3.39677,17167
3.40846,17079
3.42019,17092
3.43197,16831
3.44378,16471
3.45563,16680
3.46753,16633
3.47947,16584
3.49144,16551
3.50346,16223
3.51552,16306
3.52762,15970
3.53976,16321
3.55195,15927
3.56418,16239
3.57644,15850
3.58876,15618
3.60111,15590
3.6135,15471
3.62594,15626
3.63842,15602
3.65095,15268
3.66352,15378
3.67613,15240
3.68878,15366
3.70148,15216
3.71422,15112
3.72701,14717
3.73983,14662
3.75271,14741
3.76563,14764
3.77859,14895
3.79159,14630
3.80465,14545
3.81774,14296
3.83088,14054
3.84407,14487
3.8573,14132
3.87058,14376
3.8839,14422
3.89727,14221
3.91069,14315
3.92415,14140
3.93766,13790
3.95121,13946
3.96481,13722
3.97846,13659
3.99216,13534
4.0059,13531
4.01969,13592
4.03352,13632
4.04741,13365
4.06134,13166
4.07532,13098
4.08935,13318
4.10342,13318
4.11755,12938
4.13172,12887
4.14595,12676
4.16022,12886
4.17454,12993
4.18891,12766
4.20333,12937
4.21779,12212
4.23231,12382
4.24688,12507
4.2615,12515
4.27617,12446
4.29089,12279
4.30566,12424
4.32048,12165
4.33535,12001
4.35028,12373
4.36525,12143
4.38028,12033
4.39535,11792
4.41048,11671
4.42567,11793
4.4409,11834
4.45619,11683
4.47153,11406
4.48692,11531
4.50236,11648
4.51786,11300
4.53341,11210
4.54902,11344
4.56468,11533
4.58039,11346
4.59616,11295
4.61198,11185
4.62785,11093
4.64378,11327
4.65977,10820
4.67581,10979
4.6919,10873
4.70805,10742
4.72426,10700
4.74052,10469
4.75684,10559
4.77321,10573
4.78964,10531
4.80613,10562
4.82268,10568
4.83928,10414
4.85593,10362
4.87265,10175
4.88942,10079
4.90625,10106
4.92314,9947
4.94009,9883
4.95709,9864
4.97416,10022
4.99128,9833
5.00846,9781
5.0257,9874
5.043,9807
5.06036,9634
5.07778,9663
5.09526,9461
5.11279,9523
5.13039,9617
5.14805,9754
5.16578,9142
5.18356,9444
5.2014,9274
5.2193,9208
5.23727,9194
5.2553,9082
5.27339,9080
5.29154,9238
5.30976,9016
5.32803,9016
5.34637,8988
5.36478,8820
5.38324,8809
5.40177,8639
5.42037,8687
5.43903,8676
5.45775,8614
5.47653,8583
5.49539,8546
5.5143,8456
5.53328,8239
5.55233,8482
5.57144,8236
5.59062,8140
5.60987,8129
5.62918,8204
5.64855,8158
5.668,7983
5.68751,7901
5.70708,8077
5.72673,7964
5.74644,7856
5.76622,7925
5.78607,7909
5.80599,7698
5.82597,7725
5.84603,7750
5.86615,7563
5.88634,7527
5.90661,7317
5.92694,7401
5.94734,7247
5.96781,7395
5.98836,7369
6.00897,7202
6.02965,7191
6.05041,7366
6.07124,7234
6.09213,7211
6.1131,7007
6.13415,6959
6.15526,7014
6.17645,7067
6.19771,6976
6.21904,6938
6.24045,6920
6.26193,6803
6.28349,6818
6.30512,6856
6.32682,6717
6.3486,6640
6.37045,6577
6.39238,6522
6.41439,6450
6.43647,6482
6.45862,6343
6.48085,6469
6.50316,6336
6.52555,6229
6.54801,6234
6.57055,6143
6.59317,6144
6.61586,6099
6.63863,6093
6.66149,5959
6.68442,5991
6.70743,6044
6.73051,5897
6.75368,6166
6.77693,5770
6.80026,5841
6.82367,5618
6.84715,5713
6.87072,5706
6.89437,5799
6.91811,5593
6.94192,5424
6.96582,5496
6.98979,5371
7.01385,5401
7.038,5289
7.06222,5337
7.08653,5460
7.11093,5162
7.13541,5007
7.15997,5080
7.18461,5100
7.20934,5222
7.23416,5020
7.25906,5012
7.28405,4925
7.30912,4777
7.33428,4835
7.35953,4771
7.38486,4748
7.41028,4691
7.43579,4772
7.46139,4594
7.48707,4719
7.51284,4484
7.5387,4550
7.56465,4540
7.59069,4325
7.61682,4548
7.64304,4425
7.66935,4300
7.69575,4317
7.72224,4145
7.74882,4214
7.77549,4167
7.80226,4077
7.82912,4098
7.85607,4141
7.88311,3914
7.91024,3922
7.93747,3856
7.96479,3831
7.99221,3762
8.01972,3828
8.04733,3658
8.07503,3470
8.10283,3566
8.13072,3689
8.1587,3677
8.18679,3594
8.21497,3400
8.24325,3439
8.27162,3304
8.3001,3298
8.32867,3337
8.35734,3166
8.3861,3195
8.41497,3063
8.44394,3139
8.473,3065
8.50217,2996
8.53143,2965
8.5608,2928
8.59027,2932
8.61984,2902
8.64951,2814
8.67928,2716
8.70916,2718
8.73914,2700
8.76922,2657
8.79941,2665
8.8297,2486
8.86009,2569
8.89059,2454
8.92119,2436
8.9519,2387
8.98272,2418
9.01364,2254
9.04466,2321
9.0758,2258
9.10704,2229
9.13839,2196
9.16984,2169
9.20141,2128
9.23308,2152
9.26486,2086
9.29676,2037
9.32876,2008
9.36087,1975
9.39309,1924
9.42542,1913
9.45787,1766
9.49042,1813
9.52309,1844
9.55587,1706
9.58877,1651
9.62177,1675
9.65489,1584
9.68813,1583
9.72148,1580
9.75494,1583
9.78852,1541
9.82221,1382
9.85602,1498
9.88995,1485
9.92399,1424
9.95816,1366
9.99243,1332
10.0268,1276
10.0613,1242
10.096,1286
10.1307,1249
10.1656,1250
10.2006,1131
10.2357,1117
10.2709,1169
10.3063,1064
10.3418,1147
10.3774,1045
10.4131,1058
10.4489,1039
10.4849,1005
10.521,972
10.5572,974
10.5936,913
10.63,913
10.6666,837
10.7033,840
10.7402,774
10.7771,804
10.8142,770
10.8515,754
10.8888,809
10.9263,706
10.9639,702
11.0016,723
11.0395,696
11.0775,688
11.1156,689
11.1539,665
11.1923,640
11.2308,681
11.2695,626
11.3083,559
11.3472,565
11.3863,528
11.4255,534
11.4648,523
11.5043,445
11.5439,500
11.5836,486
11.6235,475
11.6635,457
11.7036,465
11.7439,423
11.7843,402
11.8249,379
11.8656,402
11.9065,400
11.9474,408
11.9886,337
12.0298,357
12.0712,342
12.1128,332
12.1545,354
12.1963,325
12.2383,352
12.2804,267
12.3227,269
12.3651,283
12.4077,290
12.4504,279
12.4933,262
12.5363,246
12.5794,216
12.6227,217
12.6662,229
12.7098,213
12.7535,190
12.7974,189
12.8415,209
12.8857,185
12.93,193
12.9745,163
13.0192,168
13.064,161
13.109,168
13.1541,155
13.1994,151
13.2448,146
13.2904,142
13.3362,132
13.3821,148
13.4281,132
13.4743,151
13.5207,126
13.5673,118
13.614,128
13.6608,96
13.7079,119
13.755,109
13.8024,103
13.8499,94
13.8976,104
13.9454,98
13.9934,91
14.0416,70
14.0899,94
14.1384,69
14.1871,82
14.2359,80
14.2849,85
14.3341,75
14.3834,71
14.433,78
14.4826,68
14.5325,54
14.5825,75
14.6327,56
14.6831,52
14.7336,48
14.7843,55
14.8352,43
14.8863,50
14.9375,35
14.989,56
15.0406,49
15.0923,30
15.1443,38
15.1964,36
15.2487,31
15.3012,39
15.3539,39
15.4067,23
15.4598,41
15.513,35
15.5664,36
15.62,39
15.6737,26
15.7277,29
15.7818,25
15.8361,29
15.8907,16
15.9454,19
16.0002,15
16.0553,20
16.1106,20
16.166,20
16.2217,16
16.2775,19
16.3336,24
16.3898,12
16.4462,19
16.5028,17
16.5596,14
16.6166,8
16.6738,7
16.7312,15
16.7888,7
16.8466,7
16.9046,9
16.9628,6
17.0212,4
17.0798,9
17.1385,11
17.1975,6
17.2567,8
17.3161,6
17.3757,9
17.4356,7
17.4956,7
17.5558,4
17.6162,5
17.6769,6
17.7377,9
17.7988,5
17.86,6
17.9215,3
17.9832,11
18.0451,4
18.1072,2
18.1696,2
18.2321,6
18.2949,1
18.3578,5
18.421,4
18.4844,7
18.5481,4
18.6119,1
18.676,4
18.7403,5
18.8048,7
18.8695,5
18.9345,6
18.9996,3
19.065,3
19.1307,3
19.1965,2
19.2626,4
19.3289,4
19.3954,2
19.4622,3
19.5292,2
19.5964,1
19.6639,1
19.7316,3
19.7995,0
19.8676,1
19.936,2
20.0046,0
20.0735,0
20.1426,0
20.2119,4
20.2815,0
20.3513,0
20.4214,1
20.4917,1
20.5622,0
20.633,0
20.704,2
20.7753,0
20.8468,1
20.9186,0
20.9906,0
21.0628,0
21.1353,1
21.2081,0
21.2811,1
21.3543,3
21.4278,0
21.5016,0
21.5756,0
21.6499,1
21.7244,0
21.7992,0
21.8742,1
21.9495,1
22.0251,0
22.1009,0
22.177,0
22.2533,0
22.3299,0
22.4068,0
22.4839,0
22.5613,0
22.6389,0
22.7169,0
22.7951,0
22.8735,0
22.9523,0
23.0313,0
23.1106,0
23.1901,0
23.2699,0
23.35,0
23.4304,0
23.5111,0
23.592,0
23.6732,0
23.7547,0
23.8365,0
23.9185,0
24.0008,0
24.0835,0
24.1664,0
24.2496,0
24.333,0
24.4168,0
24.5008,0
24.5852,1
24.6698,0
24.7547,0
24.8399,0
24.9254,0
25.0112,0
25.0973,0
25.1837,0
25.2704,0
25.3574,0
25.4447,0
25.5323,0
25.6202,0
25.7083,0
25.7968,0
25.8856,0
25.9747,0
26.0641,0
26.1539,0
26.2439,0
26.3342,0
26.4249,0
26.5158,0
26.6071,0
26.6987,0
26.7906,0
26.8828,0
26.9754,0
27.0682,0
27.1614,0
27.2549,0
27.3487,0
27.4428,0
27.5373,0
27.6321,0
27.7272,0
27.8227,0
27.9184,0
28.0145,0
28.111,0
28.2077,0
28.3048,0
28.4023,0
28.5,0
28.5981,0
28.6966,0
28.7954,0
28.8945,0
28.9939,0
29.0937,0
29.1939,0
29.2944,0
29.3952,0
29.4964,0
29.5979,0
29.6998,0
29.802,0
29.9046,0
30.0076,0
30.1109,0
30.2145,0
30.3185,0
30.4229,0
30.5276,0
30.6327,0
30.7381,0
30.8439,0
30.9501,0
31.0566,0
31.1636,0
31.2708,0
31.3785,0
31.4865,0
31.5949,0
31.7036,0
31.8128,0
31.9223,0
32.0321,0
32.1424,0
32.253,0
32.3641,0
32.4755,0
32.5873,0
32.6994,0
32.812,0
32.9249,0
33.0383,0
33.152,0
33.2661,0
33.3806,0
33.4955,0
33.6108,0
33.7265,0
33.8426,0
33.9591,0
34.076,0
34.1933,0
34.311,0
34.4291,0
34.5476,0
34.6665,0
34.7859,0
34.9056,0
35.0258,0
35.1463,0
35.2673,0
35.3887,0
35.5105,0
35.6328,0
35.7554,0
35.8785,0
36.002,0
36.1259,0
36.2503,0
36.3751,0
36.5003,0
36.6259,0
36.752,0
36.8785,0
37.0054,0
37.1328,0
37.2606,0
37.3889,0
37.5176,0
37.6468,0
37.7763,0
37.9064,0
38.0369,0
38.1678,0
38.2992,0
38.431,0
38.5633,0
38.696,0
38.8292,0
38.9629,0
39.097,0
39.2316,0
39.3666,0
39.5022,0
39.6381,0
39.7746,0
39.9115,0
40.0489,0
40.1867,0
40.3251,0
40.4639,0
40.6032,0
40.7429,0
40.8832,0
41.0239,0
41.1651,0
41.3068,0
41.449,0
41.5917,0
41.7348,0
41.8785,0
42.0227,0
42.1673,0
42.3125,0
42.4581,0
42.6043,0
42.7509,0
42.8981,0
43.0457,0
43.1939,0
43.3426,0
43.4918,0
43.6415,0
43.7917,0
43.9425,0
44.0937,0
44.2455,0
44.3978,0
44.5506,0
44.704,0
44.8579,0
45.0123,0
45.1672,0
45.3227,0
45.4787,0
45.6353,0
45.7923,0
45.95,0
46.1081,0
46.2669,0
46.4261,0
46.5859,0
46.7463,0
46.9072,0
47.0687,0
47.2307,0
47.3933,0
47.5564,0
47.7201,0
47.8844,0
48.0492,0
48.2146,0
48.3806,0
48.5471,0
48.7142,0
48.8819,0
49.0501,0
49.219,0
49.3884,0
49.5584,0
49.729,0
49.9002,0
50.072,0
50.2443,0
50.4173,0
50.5908,0
50.765,0
50.9397,0
51.1151,0
51.291,0
51.4676,0
51.6447,0
51.8225,0
52.0009,0
52.1799,0
52.3595,0
52.5397,0
52.7206,0
52.9021,0
53.0842,0
53.2669,0
53.4502,0
53.6342,0
53.8188,0
54.0041,0
54.19,0
54.3765,0
54.5637,0
54.7515,0
54.94,0
55.1291,0
55.3189,0
55.5093,0
55.7004,0
55.8921,0
56.0845,0
56.2776,0
56.4713,0
56.6657,0
56.8607,0
57.0565,0
57.2529,0
57.4499,0
57.6477,0
57.8461,0
58.0452,0
58.245,0
58.4455,0
58.6467,0
58.8486,0
59.0512,0
59.2544,0
59.4584,0
59.6631,0
59.8684,0
60.0745,0
60.2813,0
60.4888,0
60.697,0
60.906,0
61.1156,0
61.326,0
61.5371,0
61.7489,0
61.9615,0
62.1748,0
62.3888,0
62.6035,0
62.819,0
63.0353,0
63.2522,0
63.47,0
63.6885,0
63.9077,0
64.1277,0
64.3484,0
64.5699,0
64.7922,0
65.0152,0
65.239,0
65.4636,0
65.6889,0
65.915,0
66.1419,0
66.3696,0
66.5981,0
66.8273,0
67.0573,0
67.2882,0
67.5198,0
67.7522,0
67.9854,0
68.2194,0
68.4543,0
68.6899,0
68.9264,0
69.1636,0
69.4017,0
69.6406,0
69.8803,0
70.1209,0
70.3622,0
70.6044,0
70.8475,0
71.0913,0
71.336,0
71.5816,0
71.828,0
72.0753,0
72.3234,0
72.5723,0
72.8221,0
73.0728,0
73.3243,0
73.5767,0
73.83,0
74.0841,0
74.3391,0
74.595,0
74.8518,0
75.1095,0
75.368,0
75.6274,0
75.8878,0
76.149,0
76.4111,0
76.6741,0
76.9381,0
77.2029,0
77.4687,0
77.7353,0
78.0029,0
78.2714,0
78.5408,0
78.8112,0
79.0825,0
79.3547,0
79.6279,0
79.902,0
80.177,0
80.453,0
80.7299,0
81.0078,0
81.2867,0
81.5665,0
81.8472,0
82.129,0
82.4117,0
82.6954,0
82.98,0
83.2656,0
83.5523,0
83.8399,0
84.1285,0
84.4181,0
84.7086,0
85.0002,0
85.2928,0
85.5864,0
85.881,0
86.1767,0
86.4733,0
86.771,0
87.0696,0
87.3693,0
87.6701,0
87.9719,0
88.2747,0
88.5786,0
88.8835,0
89.1894,0
89.4964,0
89.8045,0
90.1136,0
90.4238,0
90.7351,0
91.0474,0
91.3608,0
91.6753,0
91.9909,0
92.3075,0
92.6253,0
92.9441,0
93.264,0
93.5851,0
93.9072,0
94.2305,0
94.5548,0
94.8803,0
95.2069,0
95.5346,0
95.8635,0
96.1935,0
96.5246,0
96.8568,0
97.1902,0
97.5248,0
97.8605,0
98.1974,0
98.5354,0
98.8746,0
99.2149,0
99.5564,0
99.8991,0
100.243,0
100.588,0
100.934,0
101.282,0
101.63,0
101.98,0
102.331,0
102.684,0
103.037,0
103.392,0
103.748,0
104.105,0
104.463,0
104.823,0
105.183,0
105.545,0
105.909,0
106.273,0
106.639,0
107.006,0
107.375,0
107.744,0
108.115,0
108.487,0
108.861,0
109.235,0
109.611,0
109.989,0
110.367,0
110.747,0
111.128,0
111.511,0
111.895,0
112.28,0
112.666,0
113.054,0
113.443,0
113.834,0
114.226,0
114.619,0
115.014,0
115.409,0
115.807,0
116.205,0
116.605,0
117.007,0
117.41,0
117.814,0
118.219,0
118.626,0
119.034,0
119.444,0
119.855,0
120.268,0
120.682,0
121.097,0
121.514,0
121.932,0
122.352,0
122.773,0
123.196,0
123.62,0
124.046,0
124.473,0
124.901,0
125.331,0
125.762,0
126.195,0
126.63,0
127.066,0
127.503,0
127.942,0
128.382,0
128.824,0
129.268,0
129.713,0
130.159,0
130.607,0
131.057,0
131.508,0
131.961,0
132.415,0
132.871,0
133.328,0
133.787,0
134.247,0
134.709,0
135.173,0
135.638,0
136.105,0
136.574,0
137.044,0
137.516,0
137.989,0
138.464,0
138.941,0
139.419,0
139.899,0
140.38,0
140.864,0
141.349,0
141.835,0
142.323,0
142.813,0
143.305,0
143.798,0
144.293,0
144.79,0
145.288,0
145.788,0
146.29,0
146.794,0
147.299,0
147.806,0
148.315,0
148.825,0
149.338,0
149.852,0
150.368,0
150.885,0
151.405,0
151.926,0
152.449,0
152.973,0
153.5,0
154.028,0
154.559,0
155.091,0
155.624,0
156.16,0
156.698,0
157.237,0
157.778,0
158.321,0
158.866,0
159.413,0
159.962,0
160.513,0
161.065,0
161.62,0
162.176,0
162.734,0
163.294,0
163.856,0
164.42,0
164.986,0
165.554,0
166.124,0
166.696,0
167.27,0
167.846,0
168.423,0
169.003,0
169.585,0
170.169,0
170.754,0
171.342,0
171.932,0
172.524,0
173.118,0
173.714,0
174.312,0
174.912,0
175.514,0
176.118,0
176.724,0
177.332,0
177.943,0
178.555,0
179.17,0
179.787,0
180.406,0
181.027,0
181.65,0
182.275,0
182.902,0
183.532,0
184.164,0
184.798,0
185.434,0
186.072,0
186.713,0
187.355,0
188,0
188.647,0
189.297,0
189.948,0
190.602,0
191.258,0
191.917,0
192.577,0
193.24,0
193.905,0
194.573,0
195.243,0
195.915,0
196.589,0
197.266,0
197.945,0
198.626,0
199.31,0
199.996,0
200.684,0
201.375,0
202.068,0
202.764,0
203.462,0
204.162,0
204.865,0
205.57,0
206.278,0
206.988,0
207.7,0
208.415,0
209.133,0
209.853,0
210.575,0
211.3,0
212.027,0
212.757,0
213.489,0
214.224,0
214.962,0
215.702,0
216.444,0
217.189,0
217.937,0
218.687,0
219.44,0
220.195,0
220.953,0
221.714,0
222.477,0
223.243,0
224.011,0
224.782,0
225.556,0
226.332,0
227.111,0
227.893,0
228.678,0
229.465,0
230.255,0
231.047,0
231.843,0
232.641,0
233.441,0
234.245,0
235.051,0
235.86,0
236.672,0
237.487,0
238.304,0
239.125,0
239.948,0
240.774,0
241.603,0
242.434,0
243.269,0
244.106,0
244.946,0
245.79,0
246.636,0
247.485,0
248.337,0
249.191,0
250.049,0
250.91,0
251.774,0
252.64,0
253.51,0
254.383,0
255.258,0
256.137,0
257.019,0
257.903,0
258.791,0
259.682,0
260.576,0
261.473,0
262.373,0
263.276,0
264.182,0
265.092,0
266.004,0
266.92,0
267.838,0
268.76,0
269.686,0
270.614,0
271.545,0
272.48,0
273.418,0
274.359,0
275.304,0
276.251,0
277.202,0
278.156,0
279.114,0
280.075,0
281.039,0
282.006,0
282.977,0
283.951,0
284.928,0
285.909,0
286.893,0
287.881,0
288.872,0
289.866,0
290.864,0
291.865,0
292.87,0
293.878,0
294.89,0
295.905,0
296.923,0
297.945,0
298.971,0
300,
