yF = 8.6062e-01 (std: 4.1942e-03) keV/um
yD = 1.7804e+00 (std: 2.3884e-02) keV/um
y (keV/um)     f(y)(std)                  yf(y)(std)                 d(y)(std)                  yd(y)(std)  
1.0610e-01     4.8874e+00  5.5960e-02     5.1855e-01  5.9374e-03     6.0253e-01  7.4978e-03     6.3929e-02  7.9553e-04 
1.1905e-01     7.2844e-01  1.9589e-02     8.6719e-02  2.3320e-03     1.0076e-01  2.7538e-03     1.1996e-02  3.2783e-04 
1.3357e-01     7.5010e-01  2.2837e-02     1.0019e-01  3.0504e-03     1.1642e-01  3.5895e-03     1.5551e-02  4.7946e-04 
1.4987e-01     7.6182e-01  1.7406e-02     1.1418e-01  2.6087e-03     1.3267e-01  3.0994e-03     1.9883e-02  4.6451e-04 
1.6816e-01     7.8973e-01  1.1855e-02     1.3280e-01  1.9936e-03     1.5431e-01  2.4354e-03     2.5948e-02  4.0954e-04 
1.8868e-01     8.2222e-01  2.0510e-02     1.5513e-01  3.8698e-03     1.8026e-01  4.5815e-03     3.4010e-02  8.6442e-04 
2.1170e-01     8.7119e-01  2.2790e-02     1.8443e-01  4.8246e-03     2.1430e-01  5.7024e-03     4.5367e-02  1.2072e-03 
2.3753e-01     9.0766e-01  1.8775e-02     2.1560e-01  4.4597e-03     2.5051e-01  5.3238e-03     5.9504e-02  1.2646e-03 
2.6651e-01     9.1698e-01  1.2565e-02     2.4439e-01  3.3487e-03     2.8397e-01  4.1298e-03     7.5681e-02  1.1006e-03 
2.9903e-01     9.5476e-01  1.8477e-02     2.8551e-01  5.5253e-03     3.3174e-01  6.6206e-03     9.9202e-02  1.9798e-03 
3.3552e-01     9.6418e-01  2.0177e-02     3.2350e-01  6.7699e-03     3.7589e-01  8.0768e-03     1.2612e-01  2.7099e-03 
3.7646e-01     9.8336e-01  1.9465e-02     3.7020e-01  7.3277e-03     4.3015e-01  8.7687e-03     1.6193e-01  3.3011e-03 
4.2240e-01     9.7111e-01  1.3357e-02     4.1019e-01  5.6419e-03     4.7662e-01  6.9550e-03     2.0132e-01  2.9378e-03 
4.7394e-01     9.4303e-01  9.7298e-03     4.4694e-01  4.6113e-03     5.1932e-01  5.9258e-03     2.4612e-01  2.8084e-03 
5.3176e-01     9.1068e-01  8.1479e-03     4.8427e-01  4.3328e-03     5.6269e-01  5.7328e-03     2.9922e-01  3.0485e-03 
5.9665e-01     8.3910e-01  1.0530e-02     5.0065e-01  6.2828e-03     5.8173e-01  7.8314e-03     3.4709e-01  4.6726e-03 
6.6945e-01     7.5391e-01  7.4076e-03     5.0470e-01  4.9590e-03     5.8644e-01  6.4319e-03     3.9259e-01  4.3059e-03 
7.5114e-01     6.5050e-01  7.9529e-03     4.8861e-01  5.9738e-03     5.6775e-01  7.4723e-03     4.2645e-01  5.6127e-03 
8.4279e-01     5.4519e-01  8.6674e-03     4.5948e-01  7.3048e-03     5.3389e-01  8.8777e-03     4.4996e-01  7.4820e-03 
9.4563e-01     4.4098e-01  4.7245e-03     4.1700e-01  4.4676e-03     4.8453e-01  5.7029e-03     4.5818e-01  5.3928e-03 
1.0610e+00     3.3508e-01  4.6193e-03     3.5552e-01  4.9012e-03     4.1310e-01  6.0403e-03     4.3830e-01  6.4088e-03 
1.1905e+00     2.5345e-01  2.3594e-03     3.0173e-01  2.8088e-03     3.5059e-01  3.6839e-03     4.1737e-01  4.3856e-03 
1.3357e+00     1.9119e-01  2.8656e-03     2.5538e-01  3.8276e-03     2.9674e-01  4.6767e-03     3.9636e-01  6.2469e-03 
1.4987e+00     1.3773e-01  4.2148e-03     2.0642e-01  6.3168e-03     2.3985e-01  7.4323e-03     3.5946e-01  1.1139e-02 
1.6816e+00     1.0965e-01  2.2761e-03     1.8438e-01  3.8274e-03     2.1424e-01  4.5682e-03     3.6026e-01  7.6818e-03 
1.8868e+00     8.7765e-02  1.8878e-03     1.6559e-01  3.5618e-03     1.9241e-01  4.2435e-03     3.6304e-01  8.0065e-03 
2.1170e+00     7.7465e-02  2.3582e-03     1.6399e-01  4.9924e-03     1.9055e-01  5.8747e-03     4.0339e-01  1.2437e-02 
2.3753e+00     6.6097e-02  1.3443e-03     1.5700e-01  3.1931e-03     1.8243e-01  3.8152e-03     4.3332e-01  9.0623e-03 
2.6651e+00     4.9198e-02  1.4063e-03     1.3112e-01  3.7479e-03     1.5235e-01  4.4177e-03     4.0604e-01  1.1774e-02 
2.9903e+00     3.2855e-02  8.4480e-04     9.8246e-02  2.5262e-03     1.1416e-01  2.9876e-03     3.4137e-01  8.9339e-03 
3.3552e+00     2.0096e-02  4.7461e-04     6.7427e-02  1.5924e-03     7.8347e-02  1.8893e-03     2.6287e-01  6.3389e-03 
3.7646e+00     1.2964e-02  5.3345e-04     4.8803e-02  2.0082e-03     5.6706e-02  2.3497e-03     2.1348e-01  8.8459e-03 
4.2240e+00     8.2690e-03  3.0012e-04     3.4928e-02  1.2677e-03     4.0584e-02  1.4862e-03     1.7143e-01  6.2777e-03 
4.7394e+00     5.3204e-03  4.3479e-04     2.5215e-02  2.0606e-03     2.9299e-02  2.3986e-03     1.3886e-01  1.1368e-02 
5.3176e+00     3.6479e-03  1.5692e-04     1.9398e-02  8.3444e-04     2.2540e-02  9.7578e-04     1.1986e-01  5.1888e-03 
5.9665e+00     2.2852e-03  2.5003e-04     1.3635e-02  1.4918e-03     1.5843e-02  1.7351e-03     9.4527e-02  1.0353e-02 
6.6945e+00     1.3791e-03  1.4765e-04     9.2322e-03  9.8841e-04     1.0727e-02  1.1497e-03     7.1815e-02  7.6965e-03 
7.5114e+00     8.3479e-04  9.2496e-05     6.2704e-03  6.9477e-04     7.2859e-03  8.0807e-04     5.4727e-02  6.0697e-03 
8.4279e+00     4.7807e-04  2.1171e-04     4.0291e-03  1.7843e-03     4.6816e-03  2.0734e-03     3.9456e-02  1.7474e-02 
9.4563e+00     2.4549e-04  3.9247e-05     2.3214e-03  3.7113e-04     2.6974e-03  4.3144e-04     2.5507e-02  4.0798e-03 
1.0610e+01     1.0562e-04  1.7002e-05     1.1207e-03  1.8039e-04     1.3022e-03  2.0970e-04     1.3816e-02  2.2250e-03 
1.1905e+01     3.5862e-05  1.0926e-05     4.2692e-04  1.3007e-04     4.9606e-04  1.5115e-04     5.9055e-03  1.7994e-03 
1.3357e+01     1.7979e-05  8.4161e-06     2.4014e-04  1.1242e-04     2.7904e-04  1.3063e-04     3.7272e-03  1.7449e-03 
1.4987e+01     0.0000e+00  0.0000e+00     0.0000e+00  0.0000e+00     0.0000e+00  0.0000e+00     0.0000e+00  0.0000e+00 
1.6816e+01     1.5868e-06  2.1174e-06     2.6683e-05  3.5606e-05     3.1004e-05  4.1373e-05     5.2136e-04  6.9571e-04 
1.8868e+01     0.0000e+00  0.0000e+00     0.0000e+00  0.0000e+00     0.0000e+00  0.0000e+00     0.0000e+00  0.0000e+00 
2.1170e+01     0.0000e+00  0.0000e+00     0.0000e+00  0.0000e+00     0.0000e+00  0.0000e+00     0.0000e+00  0.0000e+00 
2.3753e+01     0.0000e+00  0.0000e+00     0.0000e+00  0.0000e+00     0.0000e+00  0.0000e+00     0.0000e+00  0.0000e+00 
2.6651e+01     0.0000e+00  0.0000e+00     0.0000e+00  0.0000e+00     0.0000e+00  0.0000e+00     0.0000e+00  0.0000e+00 
2.9903e+01     0.0000e+00  0.0000e+00     0.0000e+00  0.0000e+00     0.0000e+00  0.0000e+00     0.0000e+00  0.0000e+00 
3.3552e+01     0.0000e+00  0.0000e+00     0.0000e+00  0.0000e+00     0.0000e+00  0.0000e+00     0.0000e+00  0.0000e+00 
3.7646e+01     0.0000e+00  0.0000e+00     0.0000e+00  0.0000e+00     0.0000e+00  0.0000e+00     0.0000e+00  0.0000e+00 
4.2240e+01     0.0000e+00  0.0000e+00     0.0000e+00  0.0000e+00     0.0000e+00  0.0000e+00     0.0000e+00  0.0000e+00 
4.7394e+01     0.0000e+00  0.0000e+00     0.0000e+00  0.0000e+00     0.0000e+00  0.0000e+00     0.0000e+00  0.0000e+00 
5.3176e+01     0.0000e+00  0.0000e+00     0.0000e+00  0.0000e+00     0.0000e+00  0.0000e+00     0.0000e+00  0.0000e+00 
5.9665e+01     0.0000e+00  0.0000e+00     0.0000e+00  0.0000e+00     0.0000e+00  0.0000e+00     0.0000e+00  0.0000e+00 
6.6945e+01     0.0000e+00  0.0000e+00     0.0000e+00  0.0000e+00     0.0000e+00  0.0000e+00     0.0000e+00  0.0000e+00 
7.5114e+01     0.0000e+00  0.0000e+00     0.0000e+00  0.0000e+00     0.0000e+00  0.0000e+00     0.0000e+00  0.0000e+00 
8.4279e+01     0.0000e+00  0.0000e+00     0.0000e+00  0.0000e+00     0.0000e+00  0.0000e+00     0.0000e+00  0.0000e+00 
9.4563e+01     0.0000e+00  0.0000e+00     0.0000e+00  0.0000e+00     0.0000e+00  0.0000e+00     0.0000e+00  0.0000e+00 
1.0610e+02     0.0000e+00  0.0000e+00     0.0000e+00  0.0000e+00     0.0000e+00  0.0000e+00     0.0000e+00  0.0000e+00 
1.1905e+02     0.0000e+00  0.0000e+00     0.0000e+00  0.0000e+00     0.0000e+00  0.0000e+00     0.0000e+00  0.0000e+00 
1.3357e+02     0.0000e+00  0.0000e+00     0.0000e+00  0.0000e+00     0.0000e+00  0.0000e+00     0.0000e+00  0.0000e+00 
1.4987e+02     0.0000e+00  0.0000e+00     0.0000e+00  0.0000e+00     0.0000e+00  0.0000e+00     0.0000e+00  0.0000e+00 
1.6816e+02     0.0000e+00  0.0000e+00     0.0000e+00  0.0000e+00     0.0000e+00  0.0000e+00     0.0000e+00  0.0000e+00 
1.8868e+02     0.0000e+00  0.0000e+00     0.0000e+00  0.0000e+00     0.0000e+00  0.0000e+00     0.0000e+00  0.0000e+00 
2.1170e+02     0.0000e+00  0.0000e+00     0.0000e+00  0.0000e+00     0.0000e+00  0.0000e+00     0.0000e+00  0.0000e+00 
2.3753e+02     0.0000e+00  0.0000e+00     0.0000e+00  0.0000e+00     0.0000e+00  0.0000e+00     0.0000e+00  0.0000e+00 
2.6651e+02     0.0000e+00  0.0000e+00     0.0000e+00  0.0000e+00     0.0000e+00  0.0000e+00     0.0000e+00  0.0000e+00 
2.9903e+02     0.0000e+00  0.0000e+00     0.0000e+00  0.0000e+00     0.0000e+00  0.0000e+00     0.0000e+00  0.0000e+00 
3.3552e+02     0.0000e+00  0.0000e+00     0.0000e+00  0.0000e+00     0.0000e+00  0.0000e+00     0.0000e+00  0.0000e+00 
3.7646e+02     0.0000e+00  0.0000e+00     0.0000e+00  0.0000e+00     0.0000e+00  0.0000e+00     0.0000e+00  0.0000e+00 
4.2240e+02     0.0000e+00  0.0000e+00     0.0000e+00  0.0000e+00     0.0000e+00  0.0000e+00     0.0000e+00  0.0000e+00 
4.7394e+02     0.0000e+00  0.0000e+00     0.0000e+00  0.0000e+00     0.0000e+00  0.0000e+00     0.0000e+00  0.0000e+00 
5.3176e+02     0.0000e+00  0.0000e+00     0.0000e+00  0.0000e+00     0.0000e+00  0.0000e+00     0.0000e+00  0.0000e+00 
5.9665e+02     0.0000e+00  0.0000e+00     0.0000e+00  0.0000e+00     0.0000e+00  0.0000e+00     0.0000e+00  0.0000e+00 
6.6945e+02     0.0000e+00  0.0000e+00     0.0000e+00  0.0000e+00     0.0000e+00  0.0000e+00     0.0000e+00  0.0000e+00 
7.5114e+02     0.0000e+00  0.0000e+00     0.0000e+00  0.0000e+00     0.0000e+00  0.0000e+00     0.0000e+00  0.0000e+00 
8.4279e+02     0.0000e+00  0.0000e+00     0.0000e+00  0.0000e+00     0.0000e+00  0.0000e+00     0.0000e+00  0.0000e+00 
9.4563e+02     0.0000e+00  0.0000e+00     0.0000e+00  0.0000e+00     0.0000e+00  0.0000e+00     0.0000e+00  0.0000e+00 
1.0610e+03     0.0000e+00  0.0000e+00     0.0000e+00  0.0000e+00     0.0000e+00  0.0000e+00     0.0000e+00  0.0000e+00 
1.1905e+03     0.0000e+00  0.0000e+00     0.0000e+00  0.0000e+00     0.0000e+00  0.0000e+00     0.0000e+00  0.0000e+00 
1.3357e+03     0.0000e+00  0.0000e+00     0.0000e+00  0.0000e+00     0.0000e+00  0.0000e+00     0.0000e+00  0.0000e+00 
1.4987e+03     0.0000e+00  0.0000e+00     0.0000e+00  0.0000e+00     0.0000e+00  0.0000e+00     0.0000e+00  0.0000e+00 
1.6816e+03     0.0000e+00  0.0000e+00     0.0000e+00  0.0000e+00     0.0000e+00  0.0000e+00     0.0000e+00  0.0000e+00 
1.8868e+03     0.0000e+00  0.0000e+00     0.0000e+00  0.0000e+00     0.0000e+00  0.0000e+00     0.0000e+00  0.0000e+00 
2.1170e+03     0.0000e+00  0.0000e+00     0.0000e+00  0.0000e+00     0.0000e+00  0.0000e+00     0.0000e+00  0.0000e+00 
2.3753e+03     0.0000e+00  0.0000e+00     0.0000e+00  0.0000e+00     0.0000e+00  0.0000e+00     0.0000e+00  0.0000e+00 
2.6651e+03     0.0000e+00  0.0000e+00     0.0000e+00  0.0000e+00     0.0000e+00  0.0000e+00     0.0000e+00  0.0000e+00 
2.9903e+03     0.0000e+00  0.0000e+00     0.0000e+00  0.0000e+00     0.0000e+00  0.0000e+00     0.0000e+00  0.0000e+00 
3.3552e+03     0.0000e+00  0.0000e+00     0.0000e+00  0.0000e+00     0.0000e+00  0.0000e+00     0.0000e+00  0.0000e+00 
3.7646e+03     0.0000e+00  0.0000e+00     0.0000e+00  0.0000e+00     0.0000e+00  0.0000e+00     0.0000e+00  0.0000e+00 
4.2240e+03     0.0000e+00  0.0000e+00     0.0000e+00  0.0000e+00     0.0000e+00  0.0000e+00     0.0000e+00  0.0000e+00 
4.7394e+03     0.0000e+00  0.0000e+00     0.0000e+00  0.0000e+00     0.0000e+00  0.0000e+00     0.0000e+00  0.0000e+00 
5.3176e+03     0.0000e+00  0.0000e+00     0.0000e+00  0.0000e+00     0.0000e+00  0.0000e+00     0.0000e+00  0.0000e+00 
5.9665e+03     0.0000e+00  0.0000e+00     0.0000e+00  0.0000e+00     0.0000e+00  0.0000e+00     0.0000e+00  0.0000e+00 
6.6945e+03     0.0000e+00  0.0000e+00     0.0000e+00  0.0000e+00     0.0000e+00  0.0000e+00     0.0000e+00  0.0000e+00 
7.5114e+03     0.0000e+00  0.0000e+00     0.0000e+00  0.0000e+00     0.0000e+00  0.0000e+00     0.0000e+00  0.0000e+00 
8.4279e+03     0.0000e+00  0.0000e+00     0.0000e+00  0.0000e+00     0.0000e+00  0.0000e+00     0.0000e+00  0.0000e+00 
9.4563e+03     0.0000e+00  0.0000e+00     0.0000e+00  0.0000e+00     0.0000e+00  0.0000e+00     0.0000e+00  0.0000e+00 
