yF = 4.2105e-01 (std: 1.2806e-03) keV/um
yD = 1.6564e+00 (std: 5.7014e-01) keV/um
y (keV/um)     f(y)(std)                  yf(y)(std)                 d(y)(std)                  yd(y)(std)  
1.0610e-03     0.0000e+00  0.0000e+00     0.0000e+00  0.0000e+00     0.0000e+00  0.0000e+00     0.0000e+00  0.0000e+00 
1.1905e-03     2.9425e-02  1.0141e-02     3.5030e-05  1.2072e-05     8.3196e-05  2.8673e-05     9.9043e-08  3.4134e-08 
1.3357e-03     2.6225e-02  2.0368e-02     3.5030e-05  2.7206e-05     8.3196e-05  6.4615e-05     1.1113e-07  8.6308e-08 
1.4987e-03     3.5060e-02  1.4528e-02     5.2545e-05  2.1773e-05     1.2479e-04  5.1712e-05     1.8703e-07  7.7502e-08 
1.6816e-03     2.0832e-02  1.0719e-02     3.5030e-05  1.8025e-05     8.3196e-05  4.2810e-05     1.3990e-07  7.1988e-08 
1.8868e-03     1.8566e-02  1.2895e-02     3.5030e-05  2.4330e-05     8.3196e-05  5.7785e-05     1.5697e-07  1.0903e-07 
2.1170e-03     1.6547e-02  5.1328e-03     3.5030e-05  1.0866e-05     8.3196e-05  2.5808e-05     1.7613e-07  5.4636e-08 
2.3753e-03     2.5808e-02  9.3554e-03     6.1303e-05  2.2222e-05     1.4559e-04  5.2779e-05     3.4583e-07  1.2537e-07 
2.6651e-03     1.9716e-02  3.5161e-02     5.2545e-05  9.3709e-05     1.2479e-04  2.2256e-04     3.3259e-07  5.9315e-07 
2.9903e-03     1.7572e-02  2.0485e-02     5.2545e-05  6.1257e-05     1.2479e-04  1.4548e-04     3.7318e-07  4.3505e-07 
3.3552e-03     2.6101e-02  9.2005e-03     8.7575e-05  3.0870e-05     2.0799e-04  7.3318e-05     6.9785e-07  2.4600e-07 
3.7646e-03     1.6284e-02  1.5858e-02     6.1303e-05  5.9698e-05     1.4559e-04  1.4178e-04     5.4810e-07  5.3376e-07 
4.2240e-03     3.1099e-02  1.4742e-02     1.3136e-04  6.2271e-05     3.1199e-04  1.4790e-04     1.3178e-06  6.2470e-07 
4.7394e-03     4.0652e-02  1.6867e-02     1.9267e-04  7.9939e-05     4.5758e-04  1.8986e-04     2.1686e-06  8.9981e-07 
5.3176e-03     3.9525e-02  2.0378e-02     2.1018e-04  1.0836e-04     4.9918e-04  2.5736e-04     2.6544e-06  1.3685e-06 
5.9665e-03     4.2566e-02  1.3083e-02     2.5397e-04  7.8060e-05     6.0317e-04  1.8540e-04     3.5988e-06  1.1062e-06 
6.6945e-03     4.4478e-02  1.8514e-02     2.9776e-04  1.2394e-04     7.0717e-04  2.9437e-04     4.7341e-06  1.9706e-06 
7.5114e-03     1.9820e-02  5.4118e-03     1.4888e-04  4.0650e-05     3.5358e-04  9.6549e-05     2.6559e-06  7.2522e-07 
8.4279e-03     3.1173e-03  1.6545e-03     2.6273e-05  1.3944e-05     6.2397e-05  3.3118e-05     5.2588e-07  2.7911e-07 
9.4563e-03     9.2611e-04  8.1156e-04     8.7575e-06  7.6743e-06     2.0799e-05  1.8226e-05     1.9668e-07  1.7235e-07 
1.0610e-02     8.2540e-04  9.6953e-03     8.7575e-06  1.0287e-04     2.0799e-05  2.4431e-04     2.2068e-07  2.5922e-06 
1.1905e-02     1.0858e+00  6.4625e-02     1.2926e-02  7.6935e-04     3.0699e-02  1.8296e-03     3.6547e-04  2.1781e-05 
1.3357e-02     9.2772e-01  3.0833e-02     1.2392e-02  4.1185e-04     2.9431e-02  9.8222e-04     3.9311e-04  1.3120e-05 
1.4987e-02     7.2983e-01  2.5807e-02     1.0938e-02  3.8677e-04     2.5978e-02  9.2198e-04     3.8934e-04  1.3818e-05 
1.6816e-02     5.7443e-01  2.5048e-02     9.6595e-03  4.2120e-04     2.2941e-02  1.0028e-03     3.8578e-04  1.6863e-05 
1.8868e-02     4.5858e-01  1.7642e-02     8.6524e-03  3.3287e-04     2.0549e-02  7.9302e-04     3.8772e-04  1.4963e-05 
2.1170e-02     3.6569e-01  3.2979e-02     7.7416e-03  6.9816e-04     1.8386e-02  1.6591e-03     3.8924e-04  3.5122e-05 
2.3753e-02     4.6160e-01  1.9217e-02     1.0964e-02  4.5646e-04     2.6040e-02  1.0870e-03     6.1854e-04  2.5819e-05 
2.6651e-02     6.2926e-01  2.3321e-02     1.6771e-02  6.2154e-04     3.9830e-02  1.4811e-03     1.0615e-03  3.9474e-05 
2.9903e-02     6.5308e-01  1.8805e-02     1.9529e-02  5.6233e-04     4.6382e-02  1.3430e-03     1.3870e-03  4.0159e-05 
3.3552e-02     5.9772e-01  2.1472e-02     2.0055e-02  7.2044e-04     4.7630e-02  1.7172e-03     1.5981e-03  5.7615e-05 
3.7646e-02     6.2926e-01  1.9242e-02     2.3689e-02  7.2438e-04     5.6261e-02  1.7289e-03     2.1180e-03  6.5085e-05 
4.2240e-02     6.9518e-01  2.9484e-02     2.9364e-02  1.2454e-03     6.9739e-02  2.9654e-03     2.9457e-03  1.2526e-04 
4.7394e-02     6.9866e-01  1.0439e-02     3.3112e-02  4.9475e-04     7.8641e-02  1.1991e-03     3.7271e-03  5.6830e-05 
5.3176e-02     7.2594e-01  2.4425e-02     3.8603e-02  1.2989e-03     9.1682e-02  3.0974e-03     4.8753e-03  1.6471e-04 
5.9665e-02     7.9539e-01  2.1781e-02     4.7457e-02  1.2996e-03     1.1271e-01  3.1054e-03     6.7248e-03  1.8528e-04 
6.6945e-02     8.8680e-01  1.6058e-02     5.9367e-02  1.0750e-03     1.4100e-01  2.5889e-03     9.4390e-03  1.7331e-04 
7.5114e-02     9.2048e-01  1.8411e-02     6.9141e-02  1.3829e-03     1.6421e-01  3.3222e-03     1.2334e-02  2.4954e-04 
8.4279e-02     9.9599e-01  1.9848e-02     8.3941e-02  1.6728e-03     1.9936e-01  4.0189e-03     1.6802e-02  3.3871e-04 
9.4563e-02     1.0760e+00  2.3526e-02     1.0174e-01  2.2247e-03     2.4164e-01  5.3345e-03     2.2850e-02  5.0444e-04 
1.0610e-01     1.1794e+00  1.5817e-02     1.2514e-01  1.6782e-03     2.9720e-01  4.0869e-03     3.1533e-02  4.3362e-04 
1.1905e-01     1.2938e+00  1.1066e-02     1.5402e-01  1.3174e-03     3.6579e-01  3.3207e-03     4.3547e-02  3.9532e-04 
1.3357e-01     1.4105e+00  9.6555e-03     1.8840e-01  1.2897e-03     4.4745e-01  3.3518e-03     5.9767e-02  4.4771e-04 
1.4987e-01     1.5348e+00  1.4902e-02     2.3002e-01  2.2334e-03     5.4629e-01  5.5585e-03     8.1873e-02  8.3305e-04 
1.6816e-01     1.7191e+00  1.3658e-02     2.8908e-01  2.2966e-03     6.8656e-01  5.8405e-03     1.1545e-01  9.8213e-04 
1.8868e-01     1.8826e+00  1.3197e-02     3.5521e-01  2.4900e-03     8.4361e-01  6.4464e-03     1.5917e-01  1.2163e-03 
2.1170e-01     2.0587e+00  1.2959e-02     4.3583e-01  2.7434e-03     1.0351e+00  7.2361e-03     2.1913e-01  1.5319e-03 
2.3753e-01     2.1538e+00  9.1048e-03     5.1160e-01  2.1627e-03     1.2150e+00  6.3276e-03     2.8861e-01  1.5030e-03 
2.6651e-01     2.2605e+00  1.8617e-02     6.0245e-01  4.9618e-03     1.4308e+00  1.2562e-02     3.8133e-01  3.3480e-03 
2.9903e-01     2.2395e+00  1.7031e-02     6.6968e-01  5.0929e-03     1.5905e+00  1.3027e-02     4.7561e-01  3.8955e-03 
3.3552e-01     2.1033e+00  1.4599e-02     7.0571e-01  4.8983e-03     1.6760e+00  1.2701e-02     5.6235e-01  4.2616e-03 
3.7646e-01     1.8643e+00  5.3458e-03     7.0182e-01  2.0125e-03     1.6668e+00  6.9674e-03     6.2749e-01  2.6229e-03 
4.2240e-01     1.5378e+00  1.2916e-02     6.4955e-01  5.4558e-03     1.5427e+00  1.3781e-02     6.5161e-01  5.8209e-03 
4.7394e-01     1.1781e+00  7.7771e-03     5.5833e-01  3.6858e-03     1.3260e+00  9.6382e-03     6.2845e-01  4.5679e-03 
5.3176e-01     8.4520e-01  2.8650e-03     4.4944e-01  1.5235e-03     1.0674e+00  4.8612e-03     5.6762e-01  2.5850e-03 
5.9665e-01     5.6783e-01  4.0138e-03     3.3879e-01  2.3948e-03     8.0463e-01  6.1918e-03     4.8008e-01  3.6943e-03 
6.6945e-01     3.7008e-01  4.9152e-03     2.4775e-01  3.2905e-03     5.8840e-01  8.0172e-03     3.9391e-01  5.3671e-03 
7.5114e-01     2.4216e-01  4.8949e-03     1.8189e-01  3.6768e-03     4.3200e-01  8.8306e-03     3.2449e-01  6.6330e-03 
8.4279e-01     1.5859e-01  2.4724e-03     1.3366e-01  2.0837e-03     3.1743e-01  5.0421e-03     2.6753e-01  4.2494e-03 
9.4563e-01     1.1026e-01  1.4396e-03     1.0427e-01  1.3613e-03     2.4763e-01  3.3197e-03     2.3417e-01  3.1392e-03 
1.0610e+00     7.5425e-02  1.5204e-03     8.0026e-02  1.6131e-03     1.9006e-01  3.8746e-03     2.0166e-01  4.1110e-03 
1.1905e+00     5.5651e-02  9.7798e-04     6.6251e-02  1.1643e-03     1.5734e-01  2.8062e-03     1.8731e-01  3.3407e-03 
1.3357e+00     4.0512e-02  7.5233e-04     5.4113e-02  1.0049e-03     1.2852e-01  2.4185e-03     1.7166e-01  3.2304e-03 
1.4987e+00     2.9509e-02  6.1988e-04     4.4225e-02  9.2903e-04     1.0504e-01  2.2294e-03     1.5742e-01  3.3413e-03 
1.6816e+00     2.2675e-02  6.1442e-04     3.8130e-02  1.0332e-03     9.0559e-02  2.4693e-03     1.5228e-01  4.1523e-03 
1.8868e+00     1.6580e-02  4.1958e-04     3.1282e-02  7.9164e-04     7.4294e-02  1.8937e-03     1.4018e-01  3.5729e-03 
2.1170e+00     1.2679e-02  2.2008e-04     2.6842e-02  4.6591e-04     6.3749e-02  1.1234e-03     1.3496e-01  2.3782e-03 
2.3753e+00     9.3094e-03  3.0482e-04     2.2113e-02  7.2404e-04     5.2518e-02  1.7270e-03     1.2475e-01  4.1021e-03 
2.6651e+00     7.3277e-03  3.9517e-04     1.9529e-02  1.0532e-03     4.6382e-02  2.5053e-03     1.2361e-01  6.6768e-03 
2.9903e+00     5.1719e-03  2.1825e-04     1.5466e-02  6.5263e-04     3.6731e-02  1.5540e-03     1.0984e-01  4.6470e-03 
3.3552e+00     3.7716e-03  1.8105e-04     1.2655e-02  6.0747e-04     3.0055e-02  1.4456e-03     1.0084e-01  4.8504e-03 
3.7646e+00     2.7380e-03  1.8909e-04     1.0308e-02  7.1184e-04     2.4480e-02  1.6922e-03     9.2159e-02  6.3706e-03 
4.2240e+00     1.9199e-03  8.6840e-05     8.1095e-03  3.6681e-04     1.9260e-02  8.7314e-04     8.1353e-02  3.6881e-03 
4.7394e+00     1.2103e-03  3.5781e-05     5.7362e-03  1.6958e-04     1.3623e-02  4.0487e-04     6.4566e-02  1.9188e-03 
5.3176e+00     7.9544e-04  7.2218e-05     4.2299e-03  3.8403e-04     1.0046e-02  9.1257e-04     5.3421e-02  4.8527e-03 
5.9665e+00     4.6676e-04  5.0837e-05     2.7849e-03  3.0332e-04     6.6141e-03  7.2066e-04     3.9463e-02  4.2998e-03 
6.6945e+00     2.4463e-04  4.1172e-05     1.6377e-03  2.7563e-04     3.8894e-03  6.5472e-04     2.6038e-02  4.3830e-03 
7.5114e+00     1.2242e-04  1.1216e-05     9.1954e-04  8.4249e-05     2.1839e-03  2.0020e-04     1.6404e-02  1.5038e-03 
8.4279e+00     3.8447e-05  1.0774e-05     3.2403e-04  9.0802e-05     7.6956e-04  2.1567e-04     6.4858e-03  1.8176e-03 
9.4563e+00     1.5744e-05  4.1555e-06     1.4888e-04  3.9296e-05     3.5358e-04  9.3333e-05     3.3436e-03  8.8258e-04 
1.0610e+01     8.2540e-06  3.4980e-06     8.7575e-05  3.7114e-05     2.0799e-04  8.8147e-05     2.2068e-03  9.3525e-04 
1.1905e+01     2.9425e-06  9.3563e-07     3.5030e-05  1.1138e-05     8.3196e-05  2.6455e-05     9.9043e-04  3.1494e-04 
1.3357e+01     0.0000e+00  0.0000e+00     0.0000e+00  0.0000e+00     0.0000e+00  0.0000e+00     0.0000e+00  0.0000e+00 
1.4987e+01     0.0000e+00  0.0000e+00     0.0000e+00  0.0000e+00     0.0000e+00  0.0000e+00     0.0000e+00  0.0000e+00 
1.6816e+01     5.2079e-07  6.5067e-07     8.7575e-06  1.0941e-05     2.0799e-05  2.5986e-05     3.4975e-04  4.3698e-04 
1.8868e+01     0.0000e+00  0.0000e+00     0.0000e+00  0.0000e+00     0.0000e+00  0.0000e+00     0.0000e+00  0.0000e+00 
2.1170e+01     0.0000e+00  0.0000e+00     0.0000e+00  0.0000e+00     0.0000e+00  0.0000e+00     0.0000e+00  0.0000e+00 
2.3753e+01     0.0000e+00  0.0000e+00     0.0000e+00  0.0000e+00     0.0000e+00  0.0000e+00     0.0000e+00  0.0000e+00 
2.6651e+01     0.0000e+00  0.0000e+00     0.0000e+00  0.0000e+00     0.0000e+00  0.0000e+00     0.0000e+00  0.0000e+00 
2.9903e+01     0.0000e+00  0.0000e+00     0.0000e+00  0.0000e+00     0.0000e+00  0.0000e+00     0.0000e+00  0.0000e+00 
3.3552e+01     2.6101e-07  2.4350e-07     8.7575e-06  8.1699e-06     2.0799e-05  1.9404e-05     6.9785e-04  6.5103e-04 
3.7646e+01     0.0000e+00  0.0000e+00     0.0000e+00  0.0000e+00     0.0000e+00  0.0000e+00     0.0000e+00  0.0000e+00 
4.2240e+01     0.0000e+00  0.0000e+00     0.0000e+00  0.0000e+00     0.0000e+00  0.0000e+00     0.0000e+00  0.0000e+00 
4.7394e+01     0.0000e+00  0.0000e+00     0.0000e+00  0.0000e+00     0.0000e+00  0.0000e+00     0.0000e+00  0.0000e+00 
5.3176e+01     0.0000e+00  0.0000e+00     0.0000e+00  0.0000e+00     0.0000e+00  0.0000e+00     0.0000e+00  0.0000e+00 
5.9665e+01     0.0000e+00  0.0000e+00     0.0000e+00  0.0000e+00     0.0000e+00  0.0000e+00     0.0000e+00  0.0000e+00 
6.6945e+01     0.0000e+00  0.0000e+00     0.0000e+00  0.0000e+00     0.0000e+00  0.0000e+00     0.0000e+00  0.0000e+00 
7.5114e+01     0.0000e+00  0.0000e+00     0.0000e+00  0.0000e+00     0.0000e+00  0.0000e+00     0.0000e+00  0.0000e+00 
8.4279e+01     0.0000e+00  0.0000e+00     0.0000e+00  0.0000e+00     0.0000e+00  0.0000e+00     0.0000e+00  0.0000e+00 
9.4563e+01     0.0000e+00  0.0000e+00     0.0000e+00  0.0000e+00     0.0000e+00  0.0000e+00     0.0000e+00  0.0000e+00 
1.0610e+02     0.0000e+00  0.0000e+00     0.0000e+00  0.0000e+00     0.0000e+00  0.0000e+00     0.0000e+00  0.0000e+00 
1.1905e+02     7.3563e-08  1.6448e-08     8.7575e-06  1.9581e-06     2.0799e-05  4.6508e-06     2.4761e-03  5.5367e-04 
1.3357e+02     0.0000e+00  0.0000e+00     0.0000e+00  0.0000e+00     0.0000e+00  0.0000e+00     0.0000e+00  0.0000e+00 
1.4987e+02     0.0000e+00  0.0000e+00     0.0000e+00  0.0000e+00     0.0000e+00  0.0000e+00     0.0000e+00  0.0000e+00 
1.6816e+02     5.2079e-08  9.6815e-08     8.7575e-06  1.6280e-05     2.0799e-05  3.8665e-05     3.4975e-03  6.5019e-03 
1.8868e+02     0.0000e+00  0.0000e+00     0.0000e+00  0.0000e+00     0.0000e+00  0.0000e+00     0.0000e+00  0.0000e+00 
2.1170e+02     0.0000e+00  0.0000e+00     0.0000e+00  0.0000e+00     0.0000e+00  0.0000e+00     0.0000e+00  0.0000e+00 
2.3753e+02     0.0000e+00  0.0000e+00     0.0000e+00  0.0000e+00     0.0000e+00  0.0000e+00     0.0000e+00  0.0000e+00 
2.6651e+02     0.0000e+00  0.0000e+00     0.0000e+00  0.0000e+00     0.0000e+00  0.0000e+00     0.0000e+00  0.0000e+00 
2.9903e+02     2.9286e-08  7.7474e-09     8.7575e-06  2.3167e-06     2.0799e-05  5.5025e-06     6.2196e-03  1.6454e-03 
3.3552e+02     0.0000e+00  0.0000e+00     0.0000e+00  0.0000e+00     0.0000e+00  0.0000e+00     0.0000e+00  0.0000e+00 
3.7646e+02     0.0000e+00  0.0000e+00     0.0000e+00  0.0000e+00     0.0000e+00  0.0000e+00     0.0000e+00  0.0000e+00 
4.2240e+02     2.0733e-08  2.6870e-08     8.7575e-06  1.1350e-05     2.0799e-05  2.6956e-05     8.7854e-03  1.1386e-02 
4.7394e+02     0.0000e+00  0.0000e+00     0.0000e+00  0.0000e+00     0.0000e+00  0.0000e+00     0.0000e+00  0.0000e+00 
5.3176e+02     0.0000e+00  0.0000e+00     0.0000e+00  0.0000e+00     0.0000e+00  0.0000e+00     0.0000e+00  0.0000e+00 
5.9665e+02     0.0000e+00  0.0000e+00     0.0000e+00  0.0000e+00     0.0000e+00  0.0000e+00     0.0000e+00  0.0000e+00 
6.6945e+02     0.0000e+00  0.0000e+00     0.0000e+00  0.0000e+00     0.0000e+00  0.0000e+00     0.0000e+00  0.0000e+00 
7.5114e+02     0.0000e+00  0.0000e+00     0.0000e+00  0.0000e+00     0.0000e+00  0.0000e+00     0.0000e+00  0.0000e+00 
8.4279e+02     0.0000e+00  0.0000e+00     0.0000e+00  0.0000e+00     0.0000e+00  0.0000e+00     0.0000e+00  0.0000e+00 
9.4563e+02     0.0000e+00  0.0000e+00     0.0000e+00  0.0000e+00     0.0000e+00  0.0000e+00     0.0000e+00  0.0000e+00 
1.0610e+03     0.0000e+00  0.0000e+00     0.0000e+00  0.0000e+00     0.0000e+00  0.0000e+00     0.0000e+00  0.0000e+00 
1.1905e+03     0.0000e+00  0.0000e+00     0.0000e+00  0.0000e+00     0.0000e+00  0.0000e+00     0.0000e+00  0.0000e+00 
1.3357e+03     0.0000e+00  0.0000e+00     0.0000e+00  0.0000e+00     0.0000e+00  0.0000e+00     0.0000e+00  0.0000e+00 
1.4987e+03     0.0000e+00  0.0000e+00     0.0000e+00  0.0000e+00     0.0000e+00  0.0000e+00     0.0000e+00  0.0000e+00 
1.6816e+03     0.0000e+00  0.0000e+00     0.0000e+00  0.0000e+00     0.0000e+00  0.0000e+00     0.0000e+00  0.0000e+00 
1.8868e+03     0.0000e+00  0.0000e+00     0.0000e+00  0.0000e+00     0.0000e+00  0.0000e+00     0.0000e+00  0.0000e+00 
2.1170e+03     0.0000e+00  0.0000e+00     0.0000e+00  0.0000e+00     0.0000e+00  0.0000e+00     0.0000e+00  0.0000e+00 
2.3753e+03     0.0000e+00  0.0000e+00     0.0000e+00  0.0000e+00     0.0000e+00  0.0000e+00     0.0000e+00  0.0000e+00 
2.6651e+03     0.0000e+00  0.0000e+00     0.0000e+00  0.0000e+00     0.0000e+00  0.0000e+00     0.0000e+00  0.0000e+00 
2.9903e+03     0.0000e+00  0.0000e+00     0.0000e+00  0.0000e+00     0.0000e+00  0.0000e+00     0.0000e+00  0.0000e+00 
3.3552e+03     0.0000e+00  0.0000e+00     0.0000e+00  0.0000e+00     0.0000e+00  0.0000e+00     0.0000e+00  0.0000e+00 
3.7646e+03     0.0000e+00  0.0000e+00     0.0000e+00  0.0000e+00     0.0000e+00  0.0000e+00     0.0000e+00  0.0000e+00 
4.2240e+03     0.0000e+00  0.0000e+00     0.0000e+00  0.0000e+00     0.0000e+00  0.0000e+00     0.0000e+00  0.0000e+00 
4.7394e+03     0.0000e+00  0.0000e+00     0.0000e+00  0.0000e+00     0.0000e+00  0.0000e+00     0.0000e+00  0.0000e+00 
5.3176e+03     0.0000e+00  0.0000e+00     0.0000e+00  0.0000e+00     0.0000e+00  0.0000e+00     0.0000e+00  0.0000e+00 
5.9665e+03     0.0000e+00  0.0000e+00     0.0000e+00  0.0000e+00     0.0000e+00  0.0000e+00     0.0000e+00  0.0000e+00 
6.6945e+03     0.0000e+00  0.0000e+00     0.0000e+00  0.0000e+00     0.0000e+00  0.0000e+00     0.0000e+00  0.0000e+00 
7.5114e+03     0.0000e+00  0.0000e+00     0.0000e+00  0.0000e+00     0.0000e+00  0.0000e+00     0.0000e+00  0.0000e+00 
8.4279e+03     0.0000e+00  0.0000e+00     0.0000e+00  0.0000e+00     0.0000e+00  0.0000e+00     0.0000e+00  0.0000e+00 
9.4563e+03     0.0000e+00  0.0000e+00     0.0000e+00  0.0000e+00     0.0000e+00  0.0000e+00     0.0000e+00  0.0000e+00 
