yF = 5.7148e-01 (std: 3.2057e-03) keV/um
yD = 1.8007e+00 (std: 1.2241e+00) keV/um
y (keV/um)     f(y)(std)                  yf(y)(std)                 d(y)(std)                  yd(y)(std)  
1.0610e-03     4.1159e-02  1.5953e-02     4.3670e-05  1.6927e-05     7.6416e-05  2.9622e-05     8.1078e-08  3.1429e-08 
1.1905e-03     0.0000e+00  0.0000e+00     0.0000e+00  0.0000e+00     0.0000e+00  0.0000e+00     0.0000e+00  0.0000e+00 
1.3357e-03     0.0000e+00  0.0000e+00     0.0000e+00  0.0000e+00     0.0000e+00  0.0000e+00     0.0000e+00  0.0000e+00 
1.4987e-03     1.1655e-02  7.4931e-03     1.7468e-05  1.1230e-05     3.0566e-05  1.9652e-05     4.5810e-08  2.9452e-08 
1.6816e-03     5.1939e-03  6.0772e-03     8.7340e-06  1.0219e-05     1.5283e-05  1.7883e-05     2.5700e-08  3.0071e-08 
1.8868e-03     1.3887e-02  6.1856e-03     2.6202e-05  1.1671e-05     4.5850e-05  2.0424e-05     8.6508e-08  3.8535e-08 
2.1170e-03     1.2377e-02  6.5194e-03     2.6202e-05  1.3802e-05     4.5850e-05  2.4152e-05     9.7063e-08  5.1130e-08 
2.3753e-03     1.1031e-02  7.1478e-03     2.6202e-05  1.6978e-05     4.5850e-05  2.9710e-05     1.0891e-07  7.0571e-08 
2.6651e-03     1.9663e-02  1.5311e-02     5.2404e-05  4.0807e-05     9.1699e-05  7.1408e-05     2.4439e-07  1.9031e-07 
2.9903e-03     1.4604e-02  7.0335e-03     4.3670e-05  2.1032e-05     7.6416e-05  3.6806e-05     2.2851e-07  1.1006e-07 
3.3552e-03     1.3016e-02  7.6301e-03     4.3670e-05  2.5601e-05     7.6416e-05  4.4799e-05     2.5639e-07  1.5031e-07 
3.7646e-03     2.3200e-02  1.1618e-02     8.7340e-05  4.3736e-05     1.5283e-04  7.6536e-05     5.7535e-07  2.8813e-07 
4.2240e-03     2.0677e-02  1.1686e-02     8.7340e-05  4.9361e-05     1.5283e-04  8.6379e-05     6.4556e-07  3.6486e-07 
4.7394e-03     1.6586e-02  6.2465e-03     7.8606e-05  2.9605e-05     1.3755e-04  5.1809e-05     6.5189e-07  2.4554e-07 
5.3176e-03     3.1207e-02  1.7556e-02     1.6595e-04  9.3357e-05     2.9038e-04  1.6337e-04     1.5441e-06  8.6874e-07 
5.9665e-03     1.7566e-02  1.7445e-02     1.0481e-04  1.0409e-04     1.8340e-04  1.8214e-04     1.0942e-06  1.0867e-06 
6.6945e-03     2.7398e-02  6.7327e-03     1.8341e-04  4.5072e-05     3.2095e-04  7.8890e-05     2.1486e-06  5.2813e-07 
7.5114e-03     4.6511e-03  2.4376e-03     3.4936e-05  1.8310e-05     6.1133e-05  3.2041e-05     4.5919e-07  2.4067e-07 
8.4279e-03     1.0363e-03  9.6686e-04     8.7340e-06  8.1486e-06     1.5283e-05  1.4259e-05     1.2881e-07  1.2017e-07 
9.4563e-03     9.2362e-04  5.8735e-04     8.7340e-06  5.5541e-06     1.5283e-05  9.7192e-06     1.4452e-07  9.1908e-08 
1.0610e-02     1.6464e-03  1.3139e-03     1.7468e-05  1.3941e-05     3.0566e-05  2.4395e-05     3.2431e-07  2.5884e-07 
1.1905e-02     5.9133e-01  9.5892e-02     7.0396e-03  1.1416e-03     1.2318e-02  1.9988e-03     1.4665e-04  2.3795e-05 
1.3357e-02     5.0871e-01  2.6566e-02     6.7951e-03  3.5485e-04     1.1890e-02  6.2450e-04     1.5882e-04  8.3416e-06 
1.4987e-02     3.7414e-01  1.9925e-02     5.6072e-03  2.9862e-04     9.8118e-03  5.2544e-04     1.4705e-04  7.8748e-06 
1.6816e-02     3.1943e-01  1.5070e-02     5.3714e-03  2.5341e-04     9.3992e-03  4.4655e-04     1.5806e-04  7.5091e-06 
1.8868e-02     2.4488e-01  2.2482e-02     4.6203e-03  4.2419e-04     8.0848e-03  7.4365e-04     1.5254e-04  1.4031e-05 
2.1170e-02     1.9184e-01  1.0746e-02     4.0613e-03  2.2749e-04     7.1067e-03  4.0007e-04     1.5045e-04  8.4694e-06 
2.3753e-02     2.4452e-01  1.4144e-02     5.8081e-03  3.3596e-04     1.0163e-02  5.9064e-04     2.4141e-04  1.4030e-05 
2.6651e-02     3.3492e-01  1.6956e-02     8.9261e-03  4.5190e-04     1.5619e-02  7.9559e-04     4.1628e-04  2.1204e-05 
2.9903e-02     3.4932e-01  3.0674e-02     1.0446e-02  9.1726e-04     1.8279e-02  1.6083e-03     5.4659e-04  4.8095e-05 
3.3552e-02     3.1289e-01  1.1740e-02     1.0498e-02  3.9391e-04     1.8370e-02  6.9694e-04     6.1637e-04  2.3384e-05 
3.7646e-02     3.4081e-01  2.3945e-02     1.2830e-02  9.0142e-04     2.2451e-02  1.5824e-03     8.4519e-04  5.9570e-05 
4.2240e-02     3.7302e-01  1.5419e-02     1.5756e-02  6.5131e-04     2.7571e-02  1.1501e-03     1.1646e-03  4.8581e-05 
4.7394e-02     3.9566e-01  1.6791e-02     1.8752e-02  7.9579e-04     3.2813e-02  1.4046e-03     1.5551e-03  6.6570e-05 
5.3176e-02     3.8943e-01  1.3805e-02     2.0708e-02  7.3410e-04     3.6236e-02  1.3006e-03     1.9269e-03  6.9159e-05 
5.9665e-02     4.2320e-01  1.2881e-02     2.5250e-02  7.6853e-04     4.4184e-02  1.3675e-03     2.6362e-03  8.1589e-05 
6.6945e-02     4.6811e-01  1.2128e-02     3.1338e-02  8.1192e-04     5.4836e-02  1.4537e-03     3.6710e-03  9.7315e-05 
7.5114e-02     5.0115e-01  1.4818e-02     3.7644e-02  1.1130e-03     6.5871e-02  1.9824e-03     4.9478e-03  1.4890e-04 
8.4279e-02     5.4272e-01  1.4505e-02     4.5740e-02  1.2225e-03     8.0038e-02  2.1857e-03     6.7455e-03  1.8421e-04 
9.4563e-02     5.7255e-01  1.2174e-02     5.4142e-02  1.1512e-03     9.4741e-02  2.0833e-03     8.9589e-03  1.9700e-04 
1.0610e-01     6.0800e-01  7.2839e-03     6.4509e-02  7.7282e-04     1.1288e-01  1.4932e-03     1.1977e-02  1.5843e-04 
1.1905e-01     6.7511e-01  1.2488e-02     8.0370e-02  1.4866e-03     1.4064e-01  2.7184e-03     1.6742e-02  3.2361e-04 
1.3357e-01     7.3195e-01  2.4766e-02     9.7768e-02  3.3081e-03     1.7108e-01  5.8677e-03     2.2852e-02  7.8376e-04 
1.4987e-01     8.1138e-01  8.8278e-03     1.2160e-01  1.3230e-03     2.1279e-01  2.6047e-03     3.1891e-02  3.9037e-04 
1.6816e-01     8.9247e-01  1.5449e-02     1.5008e-01  2.5978e-03     2.6261e-01  4.7786e-03     4.4160e-02  8.0356e-04 
1.8868e-01     9.8895e-01  8.3722e-03     1.8659e-01  1.5796e-03     3.2651e-01  3.3159e-03     6.1605e-02  6.2563e-04 
2.1170e-01     1.1027e+00  1.3864e-02     2.3344e-01  2.9349e-03     4.0849e-01  5.6237e-03     8.6477e-02  1.1905e-03 
2.3753e-01     1.2221e+00  7.5497e-03     2.9029e-01  1.7933e-03     5.0797e-01  4.2387e-03     1.2066e-01  1.0068e-03 
2.6651e-01     1.3628e+00  1.1666e-02     3.6321e-01  3.1091e-03     6.3557e-01  6.5045e-03     1.6939e-01  1.7335e-03 
2.9903e-01     1.5109e+00  6.4696e-03     4.5181e-01  1.9346e-03     7.9060e-01  5.5793e-03     2.3642e-01  1.6684e-03 
3.3552e-01     1.6211e+00  8.3525e-03     5.4391e-01  2.8024e-03     9.5176e-01  7.2493e-03     3.1934e-01  2.4323e-03 
3.7646e-01     1.6932e+00  9.8289e-03     6.3741e-01  3.7002e-03     1.1154e+00  9.0039e-03     4.1989e-01  3.3896e-03 
4.2240e-01     1.6970e+00  1.1238e-02     7.1679e-01  4.7469e-03     1.2543e+00  1.0886e-02     5.2980e-01  4.5981e-03 
4.7394e-01     1.5839e+00  1.4102e-02     7.5069e-01  6.6835e-03     1.3136e+00  1.3823e-02     6.2256e-01  6.5512e-03 
5.3176e-01     1.3771e+00  8.1338e-03     7.3228e-01  4.3253e-03     1.2814e+00  1.0438e-02     6.8140e-01  5.5506e-03 
5.9665e-01     1.0964e+00  6.1741e-03     6.5419e-01  3.6838e-03     1.1447e+00  9.0988e-03     6.8301e-01  5.4288e-03 
6.6945e-01     8.0241e-01  7.9136e-03     5.3718e-01  5.2978e-03     9.3998e-01  1.0665e-02     6.2927e-01  7.1397e-03 
7.5114e-01     5.5222e-01  4.3706e-03     4.1480e-01  3.2829e-03     7.2583e-01  7.0412e-03     5.4520e-01  5.2889e-03 
8.4279e-01     3.6075e-01  4.5724e-03     3.0404e-01  3.8536e-03     5.3202e-01  7.3741e-03     4.4838e-01  6.2148e-03 
9.4563e-01     2.3832e-01  3.0884e-03     2.2536e-01  2.9205e-03     3.9435e-01  5.5687e-03     3.7291e-01  5.2659e-03 
1.0610e+00     1.5960e-01  1.8102e-03     1.6933e-01  1.9206e-03     2.9631e-01  3.7494e-03     3.1439e-01  3.9782e-03 
1.1905e+00     1.0718e-01  1.0418e-03     1.2759e-01  1.2403e-03     2.2327e-01  2.5058e-03     2.6580e-01  2.9831e-03 
1.3357e+00     7.3580e-02  6.6425e-04     9.8284e-02  8.8726e-04     1.7198e-01  1.8279e-03     2.2972e-01  2.4416e-03 
1.4987e+00     5.2810e-02  1.1435e-03     7.9147e-02  1.7138e-03     1.3850e-01  3.0980e-03     2.0757e-01  4.6430e-03 
1.6816e+00     3.8565e-02  6.2228e-04     6.4850e-02  1.0464e-03     1.1348e-01  1.9386e-03     1.9082e-01  3.2599e-03 
1.8868e+00     2.8094e-02  3.7263e-04     5.3007e-02  7.0307e-04     9.2754e-02  1.3358e-03     1.7501e-01  2.5203e-03 
2.1170e+00     2.0674e-02  7.1167e-04     4.3766e-02  1.5066e-03     7.6584e-02  2.6711e-03     1.6213e-01  5.6547e-03 
2.3753e+00     1.5035e-02  3.2976e-04     3.5713e-02  7.8329e-04     6.2493e-02  1.4148e-03     1.4844e-01  3.3605e-03 
2.6651e+00     1.1716e-02  1.9174e-04     3.1224e-02  5.1102e-04     5.4637e-02  9.4528e-04     1.4562e-01  2.5193e-03 
2.9903e+00     8.6396e-03  2.6391e-04     2.5835e-02  7.8917e-04     4.5208e-02  1.4040e-03     1.3519e-01  4.1985e-03 
3.3552e+00     6.0835e-03  3.4528e-04     2.0411e-02  1.1585e-03     3.5717e-02  2.0371e-03     1.1984e-01  6.8347e-03 
3.7646e+00     4.2897e-03  1.5671e-04     1.6149e-02  5.8997e-04     2.8259e-02  1.0445e-03     1.0638e-01  3.9320e-03 
4.2240e+00     3.1347e-03  9.3278e-05     1.3241e-02  3.9400e-04     2.3169e-02  7.0159e-04     9.7866e-02  2.9635e-03 
4.7394e+00     2.0659e-03  1.2113e-04     9.7908e-03  5.7406e-04     1.7132e-02  1.0091e-03     8.1197e-02  4.7825e-03 
5.3176e+00     1.2943e-03  7.7065e-05     6.8824e-03  4.0981e-04     1.2043e-02  7.2028e-04     6.4041e-02  3.8302e-03 
5.9665e+00     8.6220e-04  7.0728e-05     5.1443e-03  4.2200e-04     9.0018e-03  7.4016e-04     5.3709e-02  4.4162e-03 
6.6945e+00     4.7098e-04  2.3583e-05     3.1530e-03  1.5787e-04     5.5172e-03  2.7798e-04     3.6935e-02  1.8610e-03 
7.5114e+00     2.1860e-04  1.8356e-05     1.6420e-03  1.3788e-04     2.8732e-03  2.4180e-04     2.1582e-02  1.8163e-03 
8.4279e+00     1.1192e-04  4.0528e-05     9.4327e-04  3.4156e-04     1.6506e-03  5.9776e-04     1.3911e-02  5.0378e-03 
9.4563e+00     3.8792e-05  8.2543e-06     3.6683e-04  7.8055e-05     6.4189e-04  1.3663e-04     6.0699e-03  1.2920e-03 
1.0610e+01     8.2318e-06  9.0388e-06     8.7340e-05  9.5903e-05     1.5283e-04  1.6782e-04     1.6216e-03  1.7806e-03 
1.1905e+01     5.1356e-06  2.6505e-06     6.1138e-05  3.1553e-05     1.0698e-04  5.5217e-05     1.2736e-03  6.5734e-04 
1.3357e+01     1.3077e-06  5.5991e-07     1.7468e-05  7.4789e-06     3.0566e-05  1.3088e-05     4.0829e-04  1.7482e-04 
1.4987e+01     0.0000e+00  0.0000e+00     0.0000e+00  0.0000e+00     0.0000e+00  0.0000e+00     0.0000e+00  0.0000e+00 
1.6816e+01     5.1939e-07  3.7776e-07     8.7340e-06  6.3524e-06     1.5283e-05  1.1116e-05     2.5700e-04  1.8693e-04 
1.8868e+01     0.0000e+00  0.0000e+00     0.0000e+00  0.0000e+00     0.0000e+00  0.0000e+00     0.0000e+00  0.0000e+00 
2.1170e+01     0.0000e+00  0.0000e+00     0.0000e+00  0.0000e+00     0.0000e+00  0.0000e+00     0.0000e+00  0.0000e+00 
2.3753e+01     0.0000e+00  0.0000e+00     0.0000e+00  0.0000e+00     0.0000e+00  0.0000e+00     0.0000e+00  0.0000e+00 
2.6651e+01     0.0000e+00  0.0000e+00     0.0000e+00  0.0000e+00     0.0000e+00  0.0000e+00     0.0000e+00  0.0000e+00 
2.9903e+01     2.9207e-07  1.0116e-07     8.7340e-06  3.0251e-06     1.5283e-05  5.2942e-06     4.5702e-04  1.5832e-04 
3.3552e+01     0.0000e+00  0.0000e+00     0.0000e+00  0.0000e+00     0.0000e+00  0.0000e+00     0.0000e+00  0.0000e+00 
3.7646e+01     0.0000e+00  0.0000e+00     0.0000e+00  0.0000e+00     0.0000e+00  0.0000e+00     0.0000e+00  0.0000e+00 
4.2240e+01     0.0000e+00  0.0000e+00     0.0000e+00  0.0000e+00     0.0000e+00  0.0000e+00     0.0000e+00  0.0000e+00 
4.7394e+01     1.8429e-07  1.6910e-07     8.7340e-06  8.0143e-06     1.5283e-05  1.4024e-05     7.2433e-04  6.6465e-04 
5.3176e+01     0.0000e+00  0.0000e+00     0.0000e+00  0.0000e+00     0.0000e+00  0.0000e+00     0.0000e+00  0.0000e+00 
5.9665e+01     0.0000e+00  0.0000e+00     0.0000e+00  0.0000e+00     0.0000e+00  0.0000e+00     0.0000e+00  0.0000e+00 
6.6945e+01     2.6093e-07  1.2996e-07     1.7468e-05  8.7000e-06     3.0566e-05  1.5225e-05     2.0463e-03  1.0192e-03 
7.5114e+01     0.0000e+00  0.0000e+00     0.0000e+00  0.0000e+00     0.0000e+00  0.0000e+00     0.0000e+00  0.0000e+00 
8.4279e+01     1.0363e-07  5.9657e-08     8.7340e-06  5.0278e-06     1.5283e-05  8.7984e-06     1.2881e-03  7.4152e-04 
9.4563e+01     9.2362e-08  6.1802e-08     8.7340e-06  5.8442e-06     1.5283e-05  1.0227e-05     1.4452e-03  9.6707e-04 
1.0610e+02     8.2318e-08  8.6539e-08     8.7340e-06  9.1819e-06     1.5283e-05  1.6067e-05     1.6216e-03  1.7047e-03 
1.1905e+02     0.0000e+00  0.0000e+00     0.0000e+00  0.0000e+00     0.0000e+00  0.0000e+00     0.0000e+00  0.0000e+00 
1.3357e+02     0.0000e+00  0.0000e+00     0.0000e+00  0.0000e+00     0.0000e+00  0.0000e+00     0.0000e+00  0.0000e+00 
1.4987e+02     5.8277e-08  2.7954e-08     8.7340e-06  4.1895e-06     1.5283e-05  7.3316e-06     2.2905e-03  1.0988e-03 
1.6816e+02     5.1939e-08  2.8484e-08     8.7340e-06  4.7899e-06     1.5283e-05  8.3820e-06     2.5700e-03  1.4095e-03 
1.8868e+02     0.0000e+00  0.0000e+00     0.0000e+00  0.0000e+00     0.0000e+00  0.0000e+00     0.0000e+00  0.0000e+00 
2.1170e+02     0.0000e+00  0.0000e+00     0.0000e+00  0.0000e+00     0.0000e+00  0.0000e+00     0.0000e+00  0.0000e+00 
2.3753e+02     3.6770e-08  4.3194e-07     8.7340e-06  1.0260e-04     1.5283e-05  1.7953e-04     3.6302e-03  4.2645e-02 
2.6651e+02     3.2771e-08  1.8571e-08     8.7340e-06  4.9495e-06     1.5283e-05  8.6614e-06     4.0732e-03  2.3084e-03 
2.9903e+02     0.0000e+00  0.0000e+00     0.0000e+00  0.0000e+00     0.0000e+00  0.0000e+00     0.0000e+00  0.0000e+00 
3.3552e+02     0.0000e+00  0.0000e+00     0.0000e+00  0.0000e+00     0.0000e+00  0.0000e+00     0.0000e+00  0.0000e+00 
3.7646e+02     0.0000e+00  0.0000e+00     0.0000e+00  0.0000e+00     0.0000e+00  0.0000e+00     0.0000e+00  0.0000e+00 
4.2240e+02     2.0677e-08  2.4194e-08     8.7340e-06  1.0219e-05     1.5283e-05  1.7883e-05     6.4556e-03  7.5535e-03 
4.7394e+02     0.0000e+00  0.0000e+00     0.0000e+00  0.0000e+00     0.0000e+00  0.0000e+00     0.0000e+00  0.0000e+00 
5.3176e+02     0.0000e+00  0.0000e+00     0.0000e+00  0.0000e+00     0.0000e+00  0.0000e+00     0.0000e+00  0.0000e+00 
5.9665e+02     0.0000e+00  0.0000e+00     0.0000e+00  0.0000e+00     0.0000e+00  0.0000e+00     0.0000e+00  0.0000e+00 
6.6945e+02     0.0000e+00  0.0000e+00     0.0000e+00  0.0000e+00     0.0000e+00  0.0000e+00     0.0000e+00  0.0000e+00 
7.5114e+02     0.0000e+00  0.0000e+00     0.0000e+00  0.0000e+00     0.0000e+00  0.0000e+00     0.0000e+00  0.0000e+00 
8.4279e+02     0.0000e+00  0.0000e+00     0.0000e+00  0.0000e+00     0.0000e+00  0.0000e+00     0.0000e+00  0.0000e+00 
9.4563e+02     0.0000e+00  0.0000e+00     0.0000e+00  0.0000e+00     0.0000e+00  0.0000e+00     0.0000e+00  0.0000e+00 
1.0610e+03     0.0000e+00  0.0000e+00     0.0000e+00  0.0000e+00     0.0000e+00  0.0000e+00     0.0000e+00  0.0000e+00 
1.1905e+03     0.0000e+00  0.0000e+00     0.0000e+00  0.0000e+00     0.0000e+00  0.0000e+00     0.0000e+00  0.0000e+00 
1.3357e+03     0.0000e+00  0.0000e+00     0.0000e+00  0.0000e+00     0.0000e+00  0.0000e+00     0.0000e+00  0.0000e+00 
1.4987e+03     0.0000e+00  0.0000e+00     0.0000e+00  0.0000e+00     0.0000e+00  0.0000e+00     0.0000e+00  0.0000e+00 
1.6816e+03     0.0000e+00  0.0000e+00     0.0000e+00  0.0000e+00     0.0000e+00  0.0000e+00     0.0000e+00  0.0000e+00 
1.8868e+03     0.0000e+00  0.0000e+00     0.0000e+00  0.0000e+00     0.0000e+00  0.0000e+00     0.0000e+00  0.0000e+00 
2.1170e+03     0.0000e+00  0.0000e+00     0.0000e+00  0.0000e+00     0.0000e+00  0.0000e+00     0.0000e+00  0.0000e+00 
2.3753e+03     0.0000e+00  0.0000e+00     0.0000e+00  0.0000e+00     0.0000e+00  0.0000e+00     0.0000e+00  0.0000e+00 
2.6651e+03     0.0000e+00  0.0000e+00     0.0000e+00  0.0000e+00     0.0000e+00  0.0000e+00     0.0000e+00  0.0000e+00 
2.9903e+03     0.0000e+00  0.0000e+00     0.0000e+00  0.0000e+00     0.0000e+00  0.0000e+00     0.0000e+00  0.0000e+00 
3.3552e+03     0.0000e+00  0.0000e+00     0.0000e+00  0.0000e+00     0.0000e+00  0.0000e+00     0.0000e+00  0.0000e+00 
3.7646e+03     0.0000e+00  0.0000e+00     0.0000e+00  0.0000e+00     0.0000e+00  0.0000e+00     0.0000e+00  0.0000e+00 
4.2240e+03     0.0000e+00  0.0000e+00     0.0000e+00  0.0000e+00     0.0000e+00  0.0000e+00     0.0000e+00  0.0000e+00 
4.7394e+03     0.0000e+00  0.0000e+00     0.0000e+00  0.0000e+00     0.0000e+00  0.0000e+00     0.0000e+00  0.0000e+00 
5.3176e+03     0.0000e+00  0.0000e+00     0.0000e+00  0.0000e+00     0.0000e+00  0.0000e+00     0.0000e+00  0.0000e+00 
5.9665e+03     0.0000e+00  0.0000e+00     0.0000e+00  0.0000e+00     0.0000e+00  0.0000e+00     0.0000e+00  0.0000e+00 
6.6945e+03     0.0000e+00  0.0000e+00     0.0000e+00  0.0000e+00     0.0000e+00  0.0000e+00     0.0000e+00  0.0000e+00 
7.5114e+03     0.0000e+00  0.0000e+00     0.0000e+00  0.0000e+00     0.0000e+00  0.0000e+00     0.0000e+00  0.0000e+00 
8.4279e+03     0.0000e+00  0.0000e+00     0.0000e+00  0.0000e+00     0.0000e+00  0.0000e+00     0.0000e+00  0.0000e+00 
9.4563e+03     0.0000e+00  0.0000e+00     0.0000e+00  0.0000e+00     0.0000e+00  0.0000e+00     0.0000e+00  0.0000e+00 
