yF = 3.0941e+00 (std: 6.1609e-03) keV/um
yD = 4.3462e+00 (std: 2.0513e-01) keV/um
y (keV/um)     f(y)(std)                  yf(y)(std)                 d(y)(std)                  yd(y)(std)  
1.0610e-03     0.0000e+00  0.0000e+00     0.0000e+00  0.0000e+00     0.0000e+00  0.0000e+00     0.0000e+00  0.0000e+00 
1.1905e-03     0.0000e+00  0.0000e+00     0.0000e+00  0.0000e+00     0.0000e+00  0.0000e+00     0.0000e+00  0.0000e+00 
1.3357e-03     0.0000e+00  0.0000e+00     0.0000e+00  0.0000e+00     0.0000e+00  0.0000e+00     0.0000e+00  0.0000e+00 
1.4987e-03     0.0000e+00  0.0000e+00     0.0000e+00  0.0000e+00     0.0000e+00  0.0000e+00     0.0000e+00  0.0000e+00 
1.6816e-03     0.0000e+00  0.0000e+00     0.0000e+00  0.0000e+00     0.0000e+00  0.0000e+00     0.0000e+00  0.0000e+00 
1.8868e-03     0.0000e+00  0.0000e+00     0.0000e+00  0.0000e+00     0.0000e+00  0.0000e+00     0.0000e+00  0.0000e+00 
2.1170e-03     0.0000e+00  0.0000e+00     0.0000e+00  0.0000e+00     0.0000e+00  0.0000e+00     0.0000e+00  0.0000e+00 
2.3753e-03     3.6900e-03  8.7668e-03     8.7648e-06  2.0824e-05     2.8328e-06  6.7302e-06     6.7287e-09  1.5986e-08 
2.6651e-03     0.0000e+00  0.0000e+00     0.0000e+00  0.0000e+00     0.0000e+00  0.0000e+00     0.0000e+00  0.0000e+00 
2.9903e-03     0.0000e+00  0.0000e+00     0.0000e+00  0.0000e+00     0.0000e+00  0.0000e+00     0.0000e+00  0.0000e+00 
3.3552e-03     0.0000e+00  0.0000e+00     0.0000e+00  0.0000e+00     0.0000e+00  0.0000e+00     0.0000e+00  0.0000e+00 
3.7646e-03     0.0000e+00  0.0000e+00     0.0000e+00  0.0000e+00     0.0000e+00  0.0000e+00     0.0000e+00  0.0000e+00 
4.2240e-03     6.2251e-03  3.2411e-03     2.6294e-05  1.3690e-05     8.4984e-06  4.4248e-06     3.5897e-08  1.8690e-08 
4.7394e-03     3.6987e-03  2.2348e-03     1.7530e-05  1.0592e-05     5.6656e-06  3.4232e-06     2.6851e-08  1.6224e-08 
5.3176e-03     3.2965e-03  1.6285e-03     1.7530e-05  8.6596e-06     5.6656e-06  2.7988e-06     3.0127e-08  1.4883e-08 
5.9665e-03     1.4690e-03  8.0563e-04     8.7648e-06  4.8068e-06     2.8328e-06  1.5536e-06     1.6902e-08  9.2693e-09 
6.6945e-03     2.6185e-03  1.3035e-03     1.7530e-05  8.7266e-06     5.6656e-06  2.8205e-06     3.7928e-08  1.8882e-08 
7.5114e-03     0.0000e+00  0.0000e+00     0.0000e+00  0.0000e+00     0.0000e+00  0.0000e+00     0.0000e+00  0.0000e+00 
8.4279e-03     0.0000e+00  0.0000e+00     0.0000e+00  0.0000e+00     0.0000e+00  0.0000e+00     0.0000e+00  0.0000e+00 
9.4563e-03     0.0000e+00  0.0000e+00     0.0000e+00  0.0000e+00     0.0000e+00  0.0000e+00     0.0000e+00  0.0000e+00 
1.0610e-02     0.0000e+00  0.0000e+00     0.0000e+00  0.0000e+00     0.0000e+00  0.0000e+00     0.0000e+00  0.0000e+00 
1.1905e-02     1.1044e-02  2.6684e-03     1.3147e-04  3.1766e-05     4.2492e-05  1.0267e-05     5.0585e-07  1.2223e-07 
1.3357e-02     6.5618e-03  2.8034e-03     8.7648e-05  3.7445e-05     2.8328e-05  1.2102e-05     3.7838e-07  1.6166e-07 
1.4987e-02     9.3572e-03  2.6883e-03     1.4024e-04  4.0290e-05     4.5325e-05  1.3022e-05     6.7929e-07  1.9516e-07 
1.6816e-02     5.7335e-03  2.4109e-03     9.6413e-05  4.0542e-05     3.1161e-05  1.3103e-05     5.2399e-07  2.2034e-07 
1.8868e-02     8.3617e-03  2.8615e-03     1.5777e-04  5.3990e-05     5.0990e-05  1.7450e-05     9.6207e-07  3.2924e-07 
2.1170e-02     6.6244e-03  1.8726e-03     1.4024e-04  3.9644e-05     4.5325e-05  1.2813e-05     9.5952e-07  2.7125e-07 
2.3753e-02     2.9520e-03  1.6754e-03     7.0119e-05  3.9797e-05     2.2662e-05  1.2862e-05     5.3830e-07  3.0552e-07 
2.6651e-02     7.8929e-03  3.2936e-03     2.1036e-04  8.7780e-05     6.7987e-05  2.8371e-05     1.8119e-06  7.5611e-07 
2.9903e-02     6.4483e-03  1.3972e-03     1.9283e-04  4.1780e-05     6.2321e-05  1.3504e-05     1.8636e-06  4.0381e-07 
3.3552e-02     7.8369e-03  1.5924e-03     2.6294e-04  5.3427e-05     8.4984e-05  1.7269e-05     2.8514e-06  5.7939e-07 
3.7646e-02     5.5877e-03  1.9015e-03     2.1036e-04  7.1582e-05     6.7987e-05  2.3136e-05     2.5594e-06  8.7097e-07 
4.2240e-02     6.2251e-03  4.4673e-03     2.6294e-04  1.8870e-04     8.4984e-05  6.0987e-05     3.5897e-06  2.5761e-06 
4.7394e-02     6.4728e-03  2.0534e-03     3.0677e-04  9.7318e-05     9.9147e-05  3.1454e-05     4.6989e-06  1.4907e-06 
5.3176e-02     1.0549e-02  2.5271e-03     5.6095e-04  1.3438e-04     1.8130e-04  4.3435e-05     9.6408e-06  2.3097e-06 
5.9665e-02     7.7857e-03  2.2515e-03     4.6454e-04  1.3434e-04     1.5014e-04  4.3419e-05     8.9579e-06  2.5906e-06 
6.6945e-02     8.6411e-03  2.6986e-03     5.7848e-04  1.8066e-04     1.8696e-04  5.8390e-05     1.2516e-05  3.9089e-06 
7.5114e-02     8.1681e-03  1.2097e-03     6.1354e-04  9.0865e-05     1.9829e-04  2.9370e-05     1.4895e-05  2.2061e-06 
8.4279e-02     8.8398e-03  1.7892e-03     7.4501e-04  1.5079e-04     2.4079e-04  4.8738e-05     2.0293e-05  4.1076e-06 
9.4563e-02     1.1957e-02  1.8785e-03     1.1307e-03  1.7763e-04     3.6543e-04  5.7416e-05     3.4556e-05  5.4294e-06 
1.0610e-01     1.4209e-02  1.7220e-03     1.5076e-03  1.8270e-04     4.8724e-04  5.9057e-05     5.1696e-05  6.2660e-06 
1.1905e-01     1.4651e-02  1.3412e-03     1.7442e-03  1.5966e-04     5.6372e-04  5.1616e-05     6.7110e-05  6.1447e-06 
1.3357e-01     1.6733e-02  3.5547e-03     2.2350e-03  4.7481e-04     7.2236e-04  1.5346e-04     9.6488e-05  2.0499e-05 
1.4987e-01     1.7837e-02  2.5461e-03     2.6733e-03  3.8158e-04     8.6400e-04  1.2334e-04     1.2949e-04  1.8485e-05 
1.6816e-01     1.7148e-02  1.3464e-03     2.8836e-03  2.2640e-04     9.3199e-04  7.3197e-05     1.5672e-04  1.2309e-05 
1.8868e-01     2.2205e-02  1.5787e-03     4.1896e-03  2.9786e-04     1.3541e-03  9.6306e-05     2.5548e-04  1.8171e-05 
2.1170e-01     2.5173e-02  1.6058e-03     5.3290e-03  3.3995e-04     1.7223e-03  1.0993e-04     3.6462e-04  2.3271e-05 
2.3753e-01     2.8450e-02  1.1715e-03     6.7577e-03  2.7826e-04     2.1841e-03  9.0039e-05     5.1878e-04  2.1387e-05 
2.6651e-01     3.1539e-02  9.6879e-04     8.4055e-03  2.5819e-04     2.7166e-03  8.3623e-05     7.2402e-04  2.2287e-05 
2.9903e-01     3.4557e-02  3.3268e-03     1.0334e-02  9.9483e-04     3.3399e-03  3.2160e-04     9.9873e-04  9.6168e-05 
3.3552e-01     4.2476e-02  1.6755e-03     1.4252e-02  5.6218e-04     4.6061e-03  1.8193e-04     1.5454e-03  6.1040e-05 
3.7646e-01     4.6332e-02  1.7924e-03     1.7442e-02  6.7477e-04     5.6372e-03  2.1837e-04     2.1222e-03  8.2209e-05 
4.2240e-01     5.3411e-02  1.7455e-03     2.2561e-02  7.3728e-04     7.2916e-03  2.3873e-04     3.0799e-03  1.0084e-04 
4.7394e-01     5.9476e-02  6.7091e-04     2.8188e-02  3.1797e-04     9.1102e-03  1.0436e-04     4.3177e-03  4.9458e-05 
5.3176e-01     6.7232e-02  2.1358e-03     3.5752e-02  1.1357e-03     1.1555e-02  3.6779e-04     6.1445e-03  1.9558e-04 
5.9665e-01     7.5463e-02  1.2640e-03     4.5025e-02  7.5419e-04     1.4552e-02  2.4547e-04     8.6824e-03  1.4646e-04 
6.6945e-01     8.3819e-02  2.5184e-03     5.6112e-02  1.6860e-03     1.8135e-02  5.4609e-04     1.2141e-02  3.6558e-04 
7.5114e-01     9.3793e-02  1.2466e-03     7.0452e-02  9.3640e-04     2.2770e-02  3.0602e-04     1.7103e-02  2.2986e-04 
8.4279e-01     1.0324e-01  1.2634e-03     8.7008e-02  1.0648e-03     2.8121e-02  3.4866e-04     2.3700e-02  2.9385e-04 
9.4563e-01     1.1739e-01  1.1741e-03     1.1101e-01  1.1102e-03     3.5877e-02  3.6587e-04     3.3926e-02  3.4597e-04 
1.0610e+00     1.3137e-01  2.1642e-03     1.3939e-01  2.2962e-03     4.5050e-02  7.4754e-04     4.7798e-02  7.9314e-04 
1.1905e+00     1.4378e-01  1.7464e-03     1.7117e-01  2.0791e-03     5.5321e-02  6.8092e-04     6.5859e-02  8.1062e-04 
1.3357e+00     1.6344e-01  2.2935e-03     2.1831e-01  3.0636e-03     7.0559e-02  1.0001e-03     9.4248e-02  1.3358e-03 
1.4987e+00     1.8414e-01  3.8175e-03     2.7598e-01  5.7213e-03     8.9196e-02  1.8576e-03     1.3368e-01  2.7841e-03 
1.6816e+00     2.0597e-01  1.5790e-03     3.4635e-01  2.6552e-03     1.1194e-01  8.8662e-04     1.8824e-01  1.4909e-03 
1.8868e+00     2.3344e-01  1.4788e-03     4.4045e-01  2.7901e-03     1.4235e-01  9.4525e-04     2.6859e-01  1.7835e-03 
2.1170e+00     2.6181e-01  2.0298e-03     5.5425e-01  4.2970e-03     1.7913e-01  1.4339e-03     3.7923e-01  3.0355e-03 
2.3753e+00     2.9856e-01  1.5790e-03     7.0918e-01  3.7505e-03     2.2921e-01  1.2952e-03     5.4443e-01  3.0766e-03 
2.6651e+00     3.2426e-01  1.7079e-03     8.6419e-01  4.5517e-03     2.7931e-01  1.5727e-03     7.4439e-01  4.1915e-03 
2.9903e+00     3.1631e-01  1.3649e-03     9.4587e-01  4.0816e-03     3.0571e-01  1.4528e-03     9.1416e-01  4.3444e-03 
3.3552e+00     2.6397e-01  1.4392e-03     8.8568e-01  4.8287e-03     2.8625e-01  1.6615e-03     9.6043e-01  5.5745e-03 
3.7646e+00     1.9237e-01  1.3185e-03     7.2419e-01  4.9635e-03     2.3406e-01  1.6705e-03     8.8113e-01  6.2889e-03 
4.2240e+00     1.2990e-01  7.5429e-04     5.4868e-01  3.1861e-03     1.7733e-01  1.0886e-03     7.4904e-01  4.5982e-03 
4.7394e+00     8.5755e-02  7.3040e-04     4.0643e-01  3.4616e-03     1.3136e-01  1.1490e-03     6.2254e-01  5.4454e-03 
5.3176e+00     5.6298e-02  4.5617e-04     2.9937e-01  2.4257e-03     9.6757e-02  8.0732e-04     5.1452e-01  4.2931e-03 
5.9665e+00     3.6534e-02  3.3173e-04     2.1798e-01  1.9793e-03     7.0451e-02  6.5490e-04     4.2035e-01  3.9075e-03 
6.6945e+00     2.3332e-02  3.8787e-04     1.5620e-01  2.5966e-03     5.0483e-02  8.4522e-04     3.3796e-01  5.6583e-03 
7.5114e+00     1.4185e-02  1.8887e-04     1.0655e-01  1.4187e-03     3.4435e-02  4.6362e-04     2.5866e-01  3.4824e-03 
8.4279e+00     8.0848e-03  7.0594e-05     6.8138e-02  5.9496e-04     2.2022e-02  1.9723e-04     1.8560e-01  1.6622e-03 
9.4563e+00     4.2674e-03  5.6131e-05     4.0353e-02  5.3079e-04     1.3042e-02  1.7351e-04     1.2333e-01  1.6407e-03 
1.0610e+01     1.9677e-03  1.1765e-04     2.0878e-02  1.2483e-03     6.7477e-03  4.0368e-04     7.1594e-02  4.2830e-03 
1.1905e+01     7.8190e-04  3.9276e-05     9.3082e-03  4.6757e-04     3.0084e-03  1.5124e-04     3.5814e-02  1.8004e-03 
1.3357e+01     2.8281e-04  1.7720e-05     3.7776e-03  2.3669e-04     1.2209e-03  7.6537e-05     1.6308e-02  1.0223e-03 
1.4987e+01     1.0000e-04  1.1675e-05     1.4988e-03  1.7497e-04     4.8441e-04  5.6559e-05     7.2599e-03  8.4766e-04 
1.6816e+01     3.7528e-05  6.5910e-06     6.3107e-04  1.1083e-04     2.0396e-04  3.5824e-05     3.4298e-03  6.0240e-04 
1.8868e+01     1.1149e-05  4.5696e-06     2.1036e-04  8.6219e-05     6.7987e-05  2.7866e-05     1.2828e-03  5.2577e-04 
2.1170e+01     2.0701e-06  7.2005e-07     4.3824e-05  1.5243e-05     1.4164e-05  4.9267e-06     2.9985e-04  1.0430e-04 
2.3753e+01     0.0000e+00  0.0000e+00     0.0000e+00  0.0000e+00     0.0000e+00  0.0000e+00     0.0000e+00  0.0000e+00 
2.6651e+01     0.0000e+00  0.0000e+00     0.0000e+00  0.0000e+00     0.0000e+00  0.0000e+00     0.0000e+00  0.0000e+00 
2.9903e+01     2.9311e-07  1.2434e-07     8.7648e-06  3.7183e-06     2.8328e-06  1.2018e-06     8.4710e-05  3.5937e-05 
3.3552e+01     0.0000e+00  0.0000e+00     0.0000e+00  0.0000e+00     0.0000e+00  0.0000e+00     0.0000e+00  0.0000e+00 
3.7646e+01     0.0000e+00  0.0000e+00     0.0000e+00  0.0000e+00     0.0000e+00  0.0000e+00     0.0000e+00  0.0000e+00 
4.2240e+01     0.0000e+00  0.0000e+00     0.0000e+00  0.0000e+00     0.0000e+00  0.0000e+00     0.0000e+00  0.0000e+00 
4.7394e+01     1.8494e-07  9.0627e-08     8.7648e-06  4.2952e-06     2.8328e-06  1.3882e-06     1.3426e-04  6.5792e-05 
5.3176e+01     0.0000e+00  0.0000e+00     0.0000e+00  0.0000e+00     0.0000e+00  0.0000e+00     0.0000e+00  0.0000e+00 
5.9665e+01     0.0000e+00  0.0000e+00     0.0000e+00  0.0000e+00     0.0000e+00  0.0000e+00     0.0000e+00  0.0000e+00 
6.6945e+01     2.6185e-07  1.6899e-07     1.7530e-05  1.1313e-05     5.6656e-06  3.6563e-06     3.7928e-04  2.4477e-04 
7.5114e+01     0.0000e+00  0.0000e+00     0.0000e+00  0.0000e+00     0.0000e+00  0.0000e+00     0.0000e+00  0.0000e+00 
8.4279e+01     0.0000e+00  0.0000e+00     0.0000e+00  0.0000e+00     0.0000e+00  0.0000e+00     0.0000e+00  0.0000e+00 
9.4563e+01     0.0000e+00  0.0000e+00     0.0000e+00  0.0000e+00     0.0000e+00  0.0000e+00     0.0000e+00  0.0000e+00 
1.0610e+02     8.2608e-08  3.1990e-08     8.7648e-06  3.3941e-06     2.8328e-06  1.0970e-06     3.0056e-04  1.1639e-04 
1.1905e+02     0.0000e+00  0.0000e+00     0.0000e+00  0.0000e+00     0.0000e+00  0.0000e+00     0.0000e+00  0.0000e+00 
1.3357e+02     0.0000e+00  0.0000e+00     0.0000e+00  0.0000e+00     0.0000e+00  0.0000e+00     0.0000e+00  0.0000e+00 
1.4987e+02     0.0000e+00  0.0000e+00     0.0000e+00  0.0000e+00     0.0000e+00  0.0000e+00     0.0000e+00  0.0000e+00 
1.6816e+02     0.0000e+00  0.0000e+00     0.0000e+00  0.0000e+00     0.0000e+00  0.0000e+00     0.0000e+00  0.0000e+00 
1.8868e+02     0.0000e+00  0.0000e+00     0.0000e+00  0.0000e+00     0.0000e+00  0.0000e+00     0.0000e+00  0.0000e+00 
2.1170e+02     0.0000e+00  0.0000e+00     0.0000e+00  0.0000e+00     0.0000e+00  0.0000e+00     0.0000e+00  0.0000e+00 
2.3753e+02     3.6900e-08  1.7310e-08     8.7648e-06  4.1116e-06     2.8328e-06  1.3289e-06     6.7287e-04  3.1565e-04 
2.6651e+02     3.2887e-08  5.6964e-09     8.7648e-06  1.5182e-06     2.8328e-06  4.9070e-07     7.5498e-04  1.3078e-04 
2.9903e+02     2.9311e-08  9.9916e-08     8.7648e-06  2.9878e-05     2.8328e-06  9.6566e-06     8.4710e-04  2.8876e-03 
3.3552e+02     2.6123e-08  2.1137e-08     8.7648e-06  7.0918e-06     2.8328e-06  2.2921e-06     9.5046e-04  7.6904e-04 
3.7646e+02     2.3282e-08  1.6737e-08     8.7648e-06  6.3009e-06     2.8328e-06  2.0365e-06     1.0664e-03  7.6664e-04 
4.2240e+02     2.0750e-08  2.5060e-08     8.7648e-06  1.0585e-05     2.8328e-06  3.4211e-06     1.1966e-03  1.4451e-03 
4.7394e+02     3.6987e-08  4.0033e-08     1.7530e-05  1.8973e-05     5.6656e-06  6.1321e-06     2.6851e-03  2.9062e-03 
5.3176e+02     0.0000e+00  0.0000e+00     0.0000e+00  0.0000e+00     0.0000e+00  0.0000e+00     0.0000e+00  0.0000e+00 
5.9665e+02     0.0000e+00  0.0000e+00     0.0000e+00  0.0000e+00     0.0000e+00  0.0000e+00     0.0000e+00  0.0000e+00 
6.6945e+02     0.0000e+00  0.0000e+00     0.0000e+00  0.0000e+00     0.0000e+00  0.0000e+00     0.0000e+00  0.0000e+00 
7.5114e+02     0.0000e+00  0.0000e+00     0.0000e+00  0.0000e+00     0.0000e+00  0.0000e+00     0.0000e+00  0.0000e+00 
8.4279e+02     0.0000e+00  0.0000e+00     0.0000e+00  0.0000e+00     0.0000e+00  0.0000e+00     0.0000e+00  0.0000e+00 
9.4563e+02     0.0000e+00  0.0000e+00     0.0000e+00  0.0000e+00     0.0000e+00  0.0000e+00     0.0000e+00  0.0000e+00 
1.0610e+03     0.0000e+00  0.0000e+00     0.0000e+00  0.0000e+00     0.0000e+00  0.0000e+00     0.0000e+00  0.0000e+00 
1.1905e+03     0.0000e+00  0.0000e+00     0.0000e+00  0.0000e+00     0.0000e+00  0.0000e+00     0.0000e+00  0.0000e+00 
1.3357e+03     0.0000e+00  0.0000e+00     0.0000e+00  0.0000e+00     0.0000e+00  0.0000e+00     0.0000e+00  0.0000e+00 
1.4987e+03     0.0000e+00  0.0000e+00     0.0000e+00  0.0000e+00     0.0000e+00  0.0000e+00     0.0000e+00  0.0000e+00 
1.6816e+03     0.0000e+00  0.0000e+00     0.0000e+00  0.0000e+00     0.0000e+00  0.0000e+00     0.0000e+00  0.0000e+00 
1.8868e+03     0.0000e+00  0.0000e+00     0.0000e+00  0.0000e+00     0.0000e+00  0.0000e+00     0.0000e+00  0.0000e+00 
2.1170e+03     0.0000e+00  0.0000e+00     0.0000e+00  0.0000e+00     0.0000e+00  0.0000e+00     0.0000e+00  0.0000e+00 
2.3753e+03     0.0000e+00  0.0000e+00     0.0000e+00  0.0000e+00     0.0000e+00  0.0000e+00     0.0000e+00  0.0000e+00 
2.6651e+03     0.0000e+00  0.0000e+00     0.0000e+00  0.0000e+00     0.0000e+00  0.0000e+00     0.0000e+00  0.0000e+00 
2.9903e+03     0.0000e+00  0.0000e+00     0.0000e+00  0.0000e+00     0.0000e+00  0.0000e+00     0.0000e+00  0.0000e+00 
3.3552e+03     0.0000e+00  0.0000e+00     0.0000e+00  0.0000e+00     0.0000e+00  0.0000e+00     0.0000e+00  0.0000e+00 
3.7646e+03     0.0000e+00  0.0000e+00     0.0000e+00  0.0000e+00     0.0000e+00  0.0000e+00     0.0000e+00  0.0000e+00 
4.2240e+03     0.0000e+00  0.0000e+00     0.0000e+00  0.0000e+00     0.0000e+00  0.0000e+00     0.0000e+00  0.0000e+00 
4.7394e+03     0.0000e+00  0.0000e+00     0.0000e+00  0.0000e+00     0.0000e+00  0.0000e+00     0.0000e+00  0.0000e+00 
5.3176e+03     0.0000e+00  0.0000e+00     0.0000e+00  0.0000e+00     0.0000e+00  0.0000e+00     0.0000e+00  0.0000e+00 
5.9665e+03     0.0000e+00  0.0000e+00     0.0000e+00  0.0000e+00     0.0000e+00  0.0000e+00     0.0000e+00  0.0000e+00 
6.6945e+03     0.0000e+00  0.0000e+00     0.0000e+00  0.0000e+00     0.0000e+00  0.0000e+00     0.0000e+00  0.0000e+00 
7.5114e+03     0.0000e+00  0.0000e+00     0.0000e+00  0.0000e+00     0.0000e+00  0.0000e+00     0.0000e+00  0.0000e+00 
8.4279e+03     0.0000e+00  0.0000e+00     0.0000e+00  0.0000e+00     0.0000e+00  0.0000e+00     0.0000e+00  0.0000e+00 
9.4563e+03     0.0000e+00  0.0000e+00     0.0000e+00  0.0000e+00     0.0000e+00  0.0000e+00     0.0000e+00  0.0000e+00 
