yF = 4.4755e-01 (std: 4.1420e-03) keV/um
yD = 2.6822e+00 (std: 2.9919e+00) keV/um
y (keV/um)     f(y)(std)                  yf(y)(std)                 d(y)(std)                  yd(y)(std)  
1.0610e-03     0.0000e+00  0.0000e+00     0.0000e+00  0.0000e+00     0.0000e+00  0.0000e+00     0.0000e+00  0.0000e+00 
1.1905e-03     0.0000e+00  0.0000e+00     0.0000e+00  0.0000e+00     0.0000e+00  0.0000e+00     0.0000e+00  0.0000e+00 
1.3357e-03     1.3106e-02  5.4138e-03     1.7506e-05  7.2313e-06     3.9115e-05  1.6162e-05     5.2247e-08  2.1588e-08 
1.4987e-03     2.3361e-02  9.9925e-03     3.5011e-05  1.4976e-05     7.8229e-05  3.3470e-05     1.1724e-07  5.0162e-08 
1.6816e-03     2.6025e-02  1.3814e-02     4.3764e-05  2.3229e-05     9.7786e-05  5.1910e-05     1.6444e-07  8.7291e-08 
1.8868e-03     1.3917e-02  1.6206e-02     2.6258e-05  3.0577e-05     5.8672e-05  6.8323e-05     1.1070e-07  1.2891e-07 
2.1170e-03     2.0673e-02  1.1184e-02     4.3764e-05  2.3676e-05     9.7786e-05  5.2910e-05     2.0701e-07  1.1201e-07 
2.3753e-03     2.2109e-02  9.6888e-03     5.2517e-05  2.3014e-05     1.1734e-04  5.1434e-05     2.7873e-07  1.2217e-07 
2.6651e-03     2.2989e-02  4.1643e-02     6.1270e-05  1.1098e-04     1.3690e-04  2.4798e-04     3.6486e-07  6.6091e-07 
2.9903e-03     1.7562e-02  7.5845e-03     5.2517e-05  2.2680e-05     1.1734e-04  5.0688e-05     3.5090e-07  1.5157e-07 
3.3552e-03     2.0870e-02  9.9606e-03     7.0022e-05  3.3420e-05     1.5646e-04  7.4687e-05     5.2495e-07  2.5059e-07 
3.7646e-03     2.7900e-02  8.1690e-03     1.0503e-04  3.0753e-05     2.3469e-04  6.8749e-05     8.8350e-07  2.5881e-07 
4.2240e-03     2.2794e-02  6.7420e-03     9.6281e-05  2.8478e-05     2.1513e-04  6.3662e-05     9.0870e-07  2.6891e-07 
4.7394e-03     2.7702e-02  7.5061e-03     1.3129e-04  3.5574e-05     2.9336e-04  7.9533e-05     1.3903e-06  3.7693e-07 
5.3176e-03     3.9504e-02  7.9910e-03     2.1007e-04  4.2493e-05     4.6937e-04  9.5046e-05     2.4960e-06  5.0542e-07 
5.9665e-03     3.0807e-02  1.2574e-02     1.8381e-04  7.5023e-05     4.1070e-04  1.6767e-04     2.4505e-06  1.0004e-06 
6.6945e-03     4.0531e-02  1.0097e-02     2.7134e-04  6.7598e-05     6.0628e-04  1.5114e-04     4.0587e-06  1.0118e-06 
7.5114e-03     1.8644e-02  4.4016e-03     1.4004e-04  3.3062e-05     3.1292e-04  7.3930e-05     2.3504e-06  5.5532e-07 
8.4279e-03     1.0385e-03  1.1798e-03     8.7528e-06  9.9433e-06     1.9557e-05  2.2218e-05     1.6483e-07  1.8725e-07 
9.4563e-03     3.7024e-03  1.7148e-03     3.5011e-05  1.6215e-05     7.8229e-05  3.6239e-05     7.3975e-07  3.4268e-07 
1.0610e-02     0.0000e+00  0.0000e+00     0.0000e+00  0.0000e+00     0.0000e+00  0.0000e+00     0.0000e+00  0.0000e+00 
1.1905e-02     9.8375e-01  3.9142e-02     1.1711e-02  4.6598e-04     2.6168e-02  1.0690e-03     3.1152e-04  1.2726e-05 
1.3357e-02     8.3024e-01  6.0117e-02     1.1090e-02  8.0300e-04     2.4779e-02  1.8088e-03     3.3098e-04  2.4161e-05 
1.4987e-02     6.7629e-01  2.9217e-02     1.0136e-02  4.3788e-04     2.2647e-02  1.0006e-03     3.3942e-04  1.4996e-05 
1.6816e-02     5.2363e-01  4.2014e-02     8.8053e-03  7.0650e-04     1.9675e-02  1.5891e-03     3.3085e-04  2.6722e-05 
1.8868e-02     4.0499e-01  3.5150e-02     7.6412e-03  6.6320e-04     1.7073e-02  1.4903e-03     3.2214e-04  2.8118e-05 
2.1170e-02     3.2704e-01  1.4442e-02     6.9235e-03  3.0574e-04     1.5470e-02  6.9798e-04     3.2749e-04  1.4776e-05 
2.3753e-02     4.3703e-01  2.2544e-02     1.0381e-02  5.3548e-04     2.3195e-02  1.2156e-03     5.5095e-04  2.8874e-05 
2.6651e-02     5.4846e-01  1.0378e-02     1.4617e-02  2.7659e-04     3.2661e-02  6.8797e-04     8.7045e-04  1.8335e-05 
2.9903e-02     5.7867e-01  5.3456e-02     1.7304e-02  1.5985e-03     3.8665e-02  3.5896e-03     1.1562e-03  1.0734e-04 
3.3552e-02     5.3348e-01  2.9148e-02     1.7899e-02  9.7799e-04     3.9995e-02  2.2163e-03     1.3419e-03  7.4363e-05 
3.7646e-02     5.5243e-01  2.1482e-02     2.0797e-02  8.0870e-04     4.6468e-02  1.8574e-03     1.7493e-03  6.9925e-05 
4.2240e-02     6.1191e-01  1.9087e-02     2.5847e-02  8.0624e-04     5.7753e-02  1.8791e-03     2.4394e-03  7.9372e-05 
4.7394e-02     6.1869e-01  1.4336e-02     2.9322e-02  6.7942e-04     6.5517e-02  1.6347e-03     3.1051e-03  7.7475e-05 
5.3176e-02     6.5922e-01  3.5234e-02     3.5055e-02  1.8736e-03     7.8327e-02  4.2487e-03     4.1651e-03  2.2593e-04 
5.9665e-02     7.1046e-01  2.5873e-02     4.2390e-02  1.5437e-03     9.4716e-02  3.5590e-03     5.6512e-03  2.1235e-04 
6.6945e-02     7.9533e-01  1.2811e-02     5.3243e-02  8.5764e-04     1.1897e-01  2.2101e-03     7.9643e-03  1.4795e-04 
7.5114e-02     7.8248e-01  1.7031e-02     5.8775e-02  1.2793e-03     1.3133e-01  3.1061e-03     9.8645e-03  2.3331e-04 
8.4279e-02     8.9128e-01  1.8135e-02     7.5116e-02  1.5284e-03     1.6784e-01  3.7518e-03     1.4145e-02  3.1620e-04 
9.4563e-02     9.7624e-01  4.1327e-02     9.2316e-02  3.9080e-03     2.0627e-01  8.9383e-03     1.9505e-02  8.4523e-04 
1.0610e-01     1.0296e+00  2.2272e-02     1.0924e-01  2.3631e-03     2.4409e-01  5.7430e-03     2.5899e-02  6.0934e-04 
1.1905e-01     1.1426e+00  1.0623e-02     1.3603e-01  1.2646e-03     3.0394e-01  3.9871e-03     3.6183e-02  4.7466e-04 
1.3357e-01     1.2494e+00  7.7153e-03     1.6688e-01  1.0306e-03     3.7288e-01  4.1487e-03     4.9807e-02  5.5415e-04 
1.4987e-01     1.3703e+00  1.4742e-02     2.0538e-01  2.2094e-03     4.5889e-01  6.5122e-03     6.8775e-02  9.7600e-04 
1.6816e-01     1.5047e+00  1.3501e-02     2.5303e-01  2.2703e-03     5.6538e-01  7.2878e-03     9.5074e-02  1.2255e-03 
1.8868e-01     1.6853e+00  1.4352e-02     3.1797e-01  2.7080e-03     7.1048e-01  8.9357e-03     1.3405e-01  1.6860e-03 
2.1170e-01     1.8414e+00  8.9777e-03     3.8981e-01  1.9006e-03     8.7100e-01  9.1113e-03     1.8439e-01  1.9288e-03 
2.3753e-01     1.9933e+00  1.2606e-02     4.7347e-01  2.9942e-03     1.0579e+00  1.1859e-02     2.5129e-01  2.8168e-03 
2.6651e-01     2.1038e+00  1.0624e-02     5.6070e-01  2.8315e-03     1.2528e+00  1.3209e-02     3.3390e-01  3.5203e-03 
2.9903e-01     2.1418e+00  1.8850e-02     6.4046e-01  5.6367e-03     1.4310e+00  1.8277e-02     4.2793e-01  5.4653e-03 
3.3552e-01     2.0830e+00  7.2401e-03     6.9890e-01  2.4292e-03     1.5616e+00  1.5438e-02     5.2396e-01  5.1799e-03 
3.7646e-01     1.9020e+00  1.0609e-02     7.1604e-01  3.9937e-03     1.5999e+00  1.7288e-02     6.0231e-01  6.5083e-03 
4.2240e-01     1.6385e+00  6.8051e-03     6.9211e-01  2.8744e-03     1.5465e+00  1.5687e-02     6.5321e-01  6.6263e-03 
4.7394e-01     1.2951e+00  6.9470e-03     6.1378e-01  3.2924e-03     1.3714e+00  1.4670e-02     6.4997e-01  6.9528e-03 
5.3176e-01     9.5787e-01  4.3180e-03     5.0936e-01  2.2961e-03     1.1381e+00  1.1716e-02     6.0521e-01  6.2303e-03 
5.9665e-01     6.5460e-01  2.7016e-03     3.9057e-01  1.6119e-03     8.7268e-01  8.8433e-03     5.2069e-01  5.2764e-03 
6.6945e-01     4.3132e-01  4.2092e-03     2.8875e-01  2.8178e-03     6.4517e-01  8.6773e-03     4.3191e-01  5.8090e-03 
7.5114e-01     2.8047e-01  2.2950e-03     2.1067e-01  1.7238e-03     4.7072e-01  5.8151e-03     3.5358e-01  4.3679e-03 
8.4279e-01     1.8669e-01  2.3380e-03     1.5734e-01  1.9705e-03     3.5156e-01  5.4746e-03     2.9629e-01  4.6139e-03 
9.4563e-01     1.2366e-01  1.4947e-03     1.1694e-01  1.4134e-03     2.6129e-01  3.9776e-03     2.4708e-01  3.7613e-03 
1.0610e+00     8.6248e-02  1.4063e-03     9.1510e-02  1.4921e-03     2.0447e-01  3.8336e-03     2.1695e-01  4.0675e-03 
1.1905e+00     6.2760e-02  1.1625e-03     7.4714e-02  1.3840e-03     1.6694e-01  3.4568e-03     1.9874e-01  4.1153e-03 
1.3357e+00     4.4723e-02  5.6664e-04     5.9738e-02  7.5687e-04     1.3348e-01  2.0943e-03     1.7829e-01  2.7974e-03 
1.4987e+00     3.2939e-02  7.5942e-04     4.9366e-02  1.1382e-03     1.1030e-01  2.7404e-03     1.6531e-01  4.1070e-03 
1.6816e+00     2.4735e-02  5.4022e-04     4.1593e-02  9.0843e-04     9.2936e-02  2.2045e-03     1.5628e-01  3.7071e-03 
1.8868e+00     1.8287e-02  4.7603e-04     3.4503e-02  8.9816e-04     7.7095e-02  2.1299e-03     1.4546e-01  4.0187e-03 
2.1170e+00     1.4285e-02  7.6467e-04     3.0241e-02  1.6188e-03     6.7570e-02  3.6707e-03     1.4305e-01  7.7709e-03 
2.3753e+00     1.0270e-02  2.9959e-04     2.4394e-02  7.1162e-04     5.4506e-02  1.6682e-03     1.2947e-01  3.9624e-03 
2.6651e+00     8.0036e-03  3.1673e-04     2.1331e-02  8.4413e-04     4.7661e-02  1.9370e-03     1.2702e-01  5.1624e-03 
2.9903e+00     5.7428e-03  1.4540e-04     1.7173e-02  4.3478e-04     3.8371e-02  1.0344e-03     1.1474e-01  3.0931e-03 
3.3552e+00     4.1948e-03  1.7709e-04     1.4074e-02  5.9418e-04     3.1448e-02  1.3592e-03     1.0551e-01  4.5603e-03 
3.7646e+00     2.9574e-03  2.0948e-04     1.1134e-02  7.8860e-04     2.4877e-02  1.7770e-03     9.3651e-02  6.6898e-03 
4.2240e+00     2.0266e-03  7.8441e-05     8.5602e-03  3.3133e-04     1.9127e-02  7.6119e-04     8.0792e-02  3.2153e-03 
4.7394e+00     1.4276e-03  9.6903e-05     6.7659e-03  4.5926e-04     1.5118e-02  1.0357e-03     7.1648e-02  4.9083e-03 
5.3176e+00     9.1352e-04  7.5475e-05     4.8578e-03  4.0135e-04     1.0854e-02  9.0238e-04     5.7719e-02  4.7986e-03 
5.9665e+00     5.4132e-04  4.4543e-05     3.2298e-03  2.6576e-04     7.2166e-03  5.9757e-04     4.3058e-02  3.5654e-03 
6.6945e+00     3.3079e-04  1.4179e-05     2.2145e-03  9.4924e-05     4.9480e-03  2.1699e-04     3.3124e-02  1.4526e-03 
7.5114e+00     1.1769e-04  1.5491e-05     8.8403e-04  1.1636e-04     1.9753e-03  2.6063e-04     1.4837e-02  1.9577e-03 
8.4279e+00     5.8159e-05  1.4146e-05     4.9016e-04  1.1922e-04     1.0952e-03  2.6657e-04     9.2303e-03  2.2466e-03 
9.4563e+00     1.5735e-05  6.8319e-06     1.4880e-04  6.4604e-05     3.3247e-04  1.4438e-04     3.1440e-03  1.3653e-03 
1.0610e+01     6.5996e-06  3.8473e-06     7.0022e-05  4.0820e-05     1.5646e-04  9.1220e-05     1.6600e-03  9.6785e-04 
1.1905e+01     2.9409e-06  9.3280e-07     3.5011e-05  1.1105e-05     7.8229e-05  2.4823e-05     9.3130e-04  2.9551e-04 
1.3357e+01     0.0000e+00  0.0000e+00     0.0000e+00  0.0000e+00     0.0000e+00  0.0000e+00     0.0000e+00  0.0000e+00 
1.4987e+01     0.0000e+00  0.0000e+00     0.0000e+00  0.0000e+00     0.0000e+00  0.0000e+00     0.0000e+00  0.0000e+00 
1.6816e+01     0.0000e+00  0.0000e+00     0.0000e+00  0.0000e+00     0.0000e+00  0.0000e+00     0.0000e+00  0.0000e+00 
1.8868e+01     0.0000e+00  0.0000e+00     0.0000e+00  0.0000e+00     0.0000e+00  0.0000e+00     0.0000e+00  0.0000e+00 
2.1170e+01     0.0000e+00  0.0000e+00     0.0000e+00  0.0000e+00     0.0000e+00  0.0000e+00     0.0000e+00  0.0000e+00 
2.3753e+01     0.0000e+00  0.0000e+00     0.0000e+00  0.0000e+00     0.0000e+00  0.0000e+00     0.0000e+00  0.0000e+00 
2.6651e+01     0.0000e+00  0.0000e+00     0.0000e+00  0.0000e+00     0.0000e+00  0.0000e+00     0.0000e+00  0.0000e+00 
2.9903e+01     0.0000e+00  0.0000e+00     0.0000e+00  0.0000e+00     0.0000e+00  0.0000e+00     0.0000e+00  0.0000e+00 
3.3552e+01     0.0000e+00  0.0000e+00     0.0000e+00  0.0000e+00     0.0000e+00  0.0000e+00     0.0000e+00  0.0000e+00 
3.7646e+01     0.0000e+00  0.0000e+00     0.0000e+00  0.0000e+00     0.0000e+00  0.0000e+00     0.0000e+00  0.0000e+00 
4.2240e+01     0.0000e+00  0.0000e+00     0.0000e+00  0.0000e+00     0.0000e+00  0.0000e+00     0.0000e+00  0.0000e+00 
4.7394e+01     0.0000e+00  0.0000e+00     0.0000e+00  0.0000e+00     0.0000e+00  0.0000e+00     0.0000e+00  0.0000e+00 
5.3176e+01     0.0000e+00  0.0000e+00     0.0000e+00  0.0000e+00     0.0000e+00  0.0000e+00     0.0000e+00  0.0000e+00 
5.9665e+01     1.4670e-07  6.5603e-08     8.7528e-06  3.9142e-06     1.9557e-05  8.7478e-06     1.1669e-03  5.2194e-04 
6.6945e+01     0.0000e+00  0.0000e+00     0.0000e+00  0.0000e+00     0.0000e+00  0.0000e+00     0.0000e+00  0.0000e+00 
7.5114e+01     0.0000e+00  0.0000e+00     0.0000e+00  0.0000e+00     0.0000e+00  0.0000e+00     0.0000e+00  0.0000e+00 
8.4279e+01     0.0000e+00  0.0000e+00     0.0000e+00  0.0000e+00     0.0000e+00  0.0000e+00     0.0000e+00  0.0000e+00 
9.4563e+01     1.8512e-07  8.6527e-08     1.7506e-05  8.1822e-06     3.9115e-05  1.8286e-05     3.6988e-03  1.7292e-03 
1.0610e+02     0.0000e+00  0.0000e+00     0.0000e+00  0.0000e+00     0.0000e+00  0.0000e+00     0.0000e+00  0.0000e+00 
1.1905e+02     0.0000e+00  0.0000e+00     0.0000e+00  0.0000e+00     0.0000e+00  0.0000e+00     0.0000e+00  0.0000e+00 
1.3357e+02     0.0000e+00  0.0000e+00     0.0000e+00  0.0000e+00     0.0000e+00  0.0000e+00     0.0000e+00  0.0000e+00 
1.4987e+02     0.0000e+00  0.0000e+00     0.0000e+00  0.0000e+00     0.0000e+00  0.0000e+00     0.0000e+00  0.0000e+00 
1.6816e+02     5.2051e-08  4.7760e-08     8.7528e-06  8.0312e-06     1.9557e-05  1.7946e-05     3.2887e-03  3.0178e-03 
1.8868e+02     0.0000e+00  0.0000e+00     0.0000e+00  0.0000e+00     0.0000e+00  0.0000e+00     0.0000e+00  0.0000e+00 
2.1170e+02     0.0000e+00  0.0000e+00     0.0000e+00  0.0000e+00     0.0000e+00  0.0000e+00     0.0000e+00  0.0000e+00 
2.3753e+02     0.0000e+00  0.0000e+00     0.0000e+00  0.0000e+00     0.0000e+00  0.0000e+00     0.0000e+00  0.0000e+00 
2.6651e+02     3.2842e-08  5.0924e-08     8.7528e-06  1.3572e-05     1.9557e-05  3.0326e-05     5.2123e-03  8.0822e-03 
2.9903e+02     2.9270e-08  1.4343e-08     8.7528e-06  4.2891e-06     1.9557e-05  9.5853e-06     5.8483e-03  2.8663e-03 
3.3552e+02     2.6087e-08  3.0644e-07     8.7528e-06  1.0282e-04     1.9557e-05  2.2973e-04     6.5619e-03  7.7080e-02 
3.7646e+02     0.0000e+00  0.0000e+00     0.0000e+00  0.0000e+00     0.0000e+00  0.0000e+00     0.0000e+00  0.0000e+00 
4.2240e+02     0.0000e+00  0.0000e+00     0.0000e+00  0.0000e+00     0.0000e+00  0.0000e+00     0.0000e+00  0.0000e+00 
4.7394e+02     0.0000e+00  0.0000e+00     0.0000e+00  0.0000e+00     0.0000e+00  0.0000e+00     0.0000e+00  0.0000e+00 
5.3176e+02     0.0000e+00  0.0000e+00     0.0000e+00  0.0000e+00     0.0000e+00  0.0000e+00     0.0000e+00  0.0000e+00 
5.9665e+02     0.0000e+00  0.0000e+00     0.0000e+00  0.0000e+00     0.0000e+00  0.0000e+00     0.0000e+00  0.0000e+00 
6.6945e+02     1.3075e-08  2.2646e-09     8.7528e-06  1.5160e-06     1.9557e-05  3.3923e-06     1.3093e-02  2.2710e-03 
7.5114e+02     0.0000e+00  0.0000e+00     0.0000e+00  0.0000e+00     0.0000e+00  0.0000e+00     0.0000e+00  0.0000e+00 
8.4279e+02     0.0000e+00  0.0000e+00     0.0000e+00  0.0000e+00     0.0000e+00  0.0000e+00     0.0000e+00  0.0000e+00 
9.4563e+02     0.0000e+00  0.0000e+00     0.0000e+00  0.0000e+00     0.0000e+00  0.0000e+00     0.0000e+00  0.0000e+00 
1.0610e+03     0.0000e+00  0.0000e+00     0.0000e+00  0.0000e+00     0.0000e+00  0.0000e+00     0.0000e+00  0.0000e+00 
1.1905e+03     0.0000e+00  0.0000e+00     0.0000e+00  0.0000e+00     0.0000e+00  0.0000e+00     0.0000e+00  0.0000e+00 
1.3357e+03     0.0000e+00  0.0000e+00     0.0000e+00  0.0000e+00     0.0000e+00  0.0000e+00     0.0000e+00  0.0000e+00 
1.4987e+03     0.0000e+00  0.0000e+00     0.0000e+00  0.0000e+00     0.0000e+00  0.0000e+00     0.0000e+00  0.0000e+00 
1.6816e+03     0.0000e+00  0.0000e+00     0.0000e+00  0.0000e+00     0.0000e+00  0.0000e+00     0.0000e+00  0.0000e+00 
1.8868e+03     0.0000e+00  0.0000e+00     0.0000e+00  0.0000e+00     0.0000e+00  0.0000e+00     0.0000e+00  0.0000e+00 
2.1170e+03     0.0000e+00  0.0000e+00     0.0000e+00  0.0000e+00     0.0000e+00  0.0000e+00     0.0000e+00  0.0000e+00 
2.3753e+03     0.0000e+00  0.0000e+00     0.0000e+00  0.0000e+00     0.0000e+00  0.0000e+00     0.0000e+00  0.0000e+00 
2.6651e+03     0.0000e+00  0.0000e+00     0.0000e+00  0.0000e+00     0.0000e+00  0.0000e+00     0.0000e+00  0.0000e+00 
2.9903e+03     0.0000e+00  0.0000e+00     0.0000e+00  0.0000e+00     0.0000e+00  0.0000e+00     0.0000e+00  0.0000e+00 
3.3552e+03     0.0000e+00  0.0000e+00     0.0000e+00  0.0000e+00     0.0000e+00  0.0000e+00     0.0000e+00  0.0000e+00 
3.7646e+03     0.0000e+00  0.0000e+00     0.0000e+00  0.0000e+00     0.0000e+00  0.0000e+00     0.0000e+00  0.0000e+00 
4.2240e+03     0.0000e+00  0.0000e+00     0.0000e+00  0.0000e+00     0.0000e+00  0.0000e+00     0.0000e+00  0.0000e+00 
4.7394e+03     0.0000e+00  0.0000e+00     0.0000e+00  0.0000e+00     0.0000e+00  0.0000e+00     0.0000e+00  0.0000e+00 
5.3176e+03     0.0000e+00  0.0000e+00     0.0000e+00  0.0000e+00     0.0000e+00  0.0000e+00     0.0000e+00  0.0000e+00 
5.9665e+03     0.0000e+00  0.0000e+00     0.0000e+00  0.0000e+00     0.0000e+00  0.0000e+00     0.0000e+00  0.0000e+00 
6.6945e+03     0.0000e+00  0.0000e+00     0.0000e+00  0.0000e+00     0.0000e+00  0.0000e+00     0.0000e+00  0.0000e+00 
7.5114e+03     0.0000e+00  0.0000e+00     0.0000e+00  0.0000e+00     0.0000e+00  0.0000e+00     0.0000e+00  0.0000e+00 
8.4279e+03     0.0000e+00  0.0000e+00     0.0000e+00  0.0000e+00     0.0000e+00  0.0000e+00     0.0000e+00  0.0000e+00 
9.4563e+03     0.0000e+00  0.0000e+00     0.0000e+00  0.0000e+00     0.0000e+00  0.0000e+00     0.0000e+00  0.0000e+00 
