yF = 3.8472e-01 (std: 1.0925e-03) keV/um
yD = 1.3526e+00 (std: 2.2552e-01) keV/um
y (keV/um)     f(y)(std)                  yf(y)(std)                 d(y)(std)                  yd(y)(std)  
1.0610e-03     0.0000e+00  0.0000e+00     0.0000e+00  0.0000e+00     0.0000e+00  0.0000e+00     0.0000e+00  0.0000e+00 
1.1905e-03     0.0000e+00  0.0000e+00     0.0000e+00  0.0000e+00     0.0000e+00  0.0000e+00     0.0000e+00  0.0000e+00 
1.3357e-03     6.5650e-03  2.5421e-03     8.7690e-06  3.3955e-06     2.2793e-05  8.8262e-06     3.0446e-08  1.1789e-08 
1.4987e-03     1.7553e-02  7.7259e-03     2.6307e-05  1.1579e-05     6.8380e-05  3.0098e-05     1.0248e-07  4.5108e-08 
1.6816e-03     5.2147e-03  1.2772e-03     8.7690e-06  2.1477e-06     2.2793e-05  5.5830e-06     3.8329e-08  9.3882e-09 
1.8868e-03     1.3943e-02  7.6970e-03     2.6307e-05  1.4523e-05     6.8380e-05  3.7749e-05     1.2902e-07  7.1224e-08 
2.1170e-03     2.8995e-02  9.3975e-03     6.1383e-05  1.9894e-05     1.5955e-04  5.1714e-05     3.3777e-07  1.0948e-07 
2.3753e-03     1.8459e-02  7.8534e-03     4.3845e-05  1.8654e-05     1.1397e-04  4.8489e-05     2.7071e-07  1.1518e-07 
2.6651e-03     3.6193e-02  1.2090e-02     9.6459e-05  3.2220e-05     2.5073e-04  8.3753e-05     6.6822e-07  2.2321e-07 
2.9903e-03     2.3460e-02  8.0721e-03     7.0152e-05  2.4138e-05     1.8235e-04  6.2745e-05     5.4528e-07  1.8763e-07 
3.3552e-03     5.7498e-02  1.5007e-02     1.9292e-04  5.0353e-05     5.0145e-04  1.3089e-04     1.6825e-06  4.3916e-07 
3.7646e-03     2.3293e-02  7.5623e-03     8.7690e-05  2.8469e-05     2.2793e-04  7.4002e-05     8.5808e-07  2.7859e-07 
4.2240e-03     3.3216e-02  1.0091e-02     1.4030e-04  4.2625e-05     3.6469e-04  1.1080e-04     1.5404e-06  4.6802e-07 
4.7394e-03     2.2203e-02  1.1810e-02     1.0523e-04  5.5973e-05     2.7352e-04  1.4549e-04     1.2963e-06  6.8955e-07 
5.3176e-03     2.9683e-02  1.6313e-02     1.5784e-04  8.6747e-05     4.1028e-04  2.2548e-04     2.1817e-06  1.1990e-06 
5.9665e-03     6.1728e-02  2.7837e-02     3.6830e-04  1.6609e-04     9.5732e-04  4.3172e-04     5.7118e-06  2.5758e-06 
6.6945e-03     5.1085e-02  1.2339e-02     3.4199e-04  8.2605e-05     8.8894e-04  2.1473e-04     5.9510e-06  1.4375e-06 
7.5114e-03     2.9186e-02  6.8534e-03     2.1923e-04  5.1478e-05     5.6983e-04  1.3382e-04     4.2802e-06  1.0052e-06 
8.4279e-03     4.1619e-03  2.1760e-03     3.5076e-05  1.8339e-05     9.1173e-05  4.7669e-05     7.6840e-07  4.0175e-07 
9.4563e-03     1.8546e-03  1.6558e-03     1.7538e-05  1.5658e-05     4.5587e-05  4.0700e-05     4.3108e-07  3.8487e-07 
1.0610e-02     0.0000e+00  0.0000e+00     0.0000e+00  0.0000e+00     0.0000e+00  0.0000e+00     0.0000e+00  0.0000e+00 
1.1905e-02     1.3738e+00  2.5216e-02     1.6354e-02  3.0019e-04     4.2510e-02  7.8956e-04     5.0606e-04  9.3995e-06 
1.3357e-02     1.0668e+00  8.2926e-02     1.4250e-02  1.1077e-03     3.7039e-02  2.8811e-03     4.9474e-04  3.8484e-05 
1.4987e-02     8.9462e-01  3.4321e-02     1.3408e-02  5.1438e-04     3.4851e-02  1.3407e-03     5.2232e-04  2.0093e-05 
1.6816e-02     7.0034e-01  3.8227e-02     1.1777e-02  6.4282e-04     3.0611e-02  1.6731e-03     5.1476e-04  2.8135e-05 
1.8868e-02     5.2146e-01  1.8422e-02     9.8388e-03  3.4759e-04     2.5574e-02  9.0640e-04     4.8252e-04  1.7102e-05 
2.1170e-02     4.4943e-01  2.1969e-02     9.5144e-03  4.6507e-04     2.4731e-02  1.2109e-03     5.2355e-04  2.5635e-05 
2.3753e-02     5.5339e-01  2.2709e-02     1.3145e-02  5.3940e-04     3.4167e-02  1.4054e-03     8.1157e-04  3.3383e-05 
2.6651e-02     7.5314e-01  3.1108e-02     2.0072e-02  8.2906e-04     5.2174e-02  2.1601e-03     1.3905e-03  5.7568e-05 
2.9903e-02     7.9792e-01  1.7366e-02     2.3860e-02  5.1931e-04     6.2021e-02  1.3613e-03     1.8546e-03  4.0707e-05 
3.3552e-02     7.1298e-01  3.1498e-02     2.3922e-02  1.0568e-03     6.2180e-02  2.7527e-03     2.0863e-03  9.2359e-05 
3.7646e-02     7.4632e-01  2.5104e-02     2.8096e-02  9.4508e-04     7.3030e-02  2.4653e-03     2.7493e-03  9.2808e-05 
4.2240e-02     8.1318e-01  1.6688e-02     3.4348e-02  7.0488e-04     8.9281e-02  1.8497e-03     3.7712e-03  7.8129e-05 
4.7394e-02     8.5075e-01  1.5094e-02     4.0320e-02  7.1536e-04     1.0480e-01  1.8831e-03     4.9670e-03  8.9247e-05 
5.3176e-02     8.9065e-01  1.9220e-02     4.7361e-02  1.0220e-03     1.2311e-01  2.6795e-03     6.5464e-03  1.4249e-04 
5.9665e-02     9.9205e-01  1.9048e-02     5.9191e-02  1.1365e-03     1.5385e-01  2.9863e-03     9.1797e-03  1.7818e-04 
6.6945e-02     1.0621e+00  1.6447e-02     7.1099e-02  1.1011e-03     1.8481e-01  2.9097e-03     1.2372e-02  1.9479e-04 
7.5114e-02     1.1007e+00  2.9242e-02     8.2674e-02  2.1964e-03     2.1490e-01  5.7417e-03     1.6142e-02  4.3128e-04 
8.4279e-02     1.2103e+00  1.5041e-02     1.0200e-01  1.2676e-03     2.6513e-01  3.3799e-03     2.2345e-02  2.8485e-04 
9.4563e-02     1.3282e+00  1.2486e-02     1.2560e-01  1.1807e-03     3.2647e-01  3.2060e-03     3.0872e-02  3.0316e-04 
1.0610e-01     1.4238e+00  1.1625e-02     1.5106e-01  1.2334e-03     3.9266e-01  3.3943e-03     4.1662e-02  3.6014e-04 
1.1905e-01     1.5426e+00  2.0131e-02     1.8364e-01  2.3965e-03     4.7734e-01  6.3750e-03     5.6826e-02  7.5892e-04 
1.3357e-01     1.7294e+00  1.8093e-02     2.3100e-01  2.4167e-03     6.0044e-01  6.5091e-03     8.0203e-02  8.6944e-04 
1.4987e-01     1.8626e+00  1.0027e-02     2.7914e-01  1.5027e-03     7.2558e-01  4.4162e-03     1.0874e-01  6.6186e-04 
1.6816e-01     2.0563e+00  1.8336e-02     3.4578e-01  3.0834e-03     8.9879e-01  8.4113e-03     1.5114e-01  1.4144e-03 
1.8868e-01     2.2293e+00  7.1831e-03     4.2061e-01  1.3553e-03     1.0933e+00  4.6956e-03     2.0628e-01  8.8595e-04 
2.1170e-01     2.3592e+00  1.5474e-02     4.9944e-01  3.2758e-03     1.2982e+00  9.2786e-03     2.7483e-01  1.9643e-03 
2.3753e-01     2.4193e+00  1.3975e-02     5.7467e-01  3.3195e-03     1.4937e+00  9.6146e-03     3.5481e-01  2.2838e-03 
2.6651e-01     2.4373e+00  2.1832e-02     6.4958e-01  5.8185e-03     1.6885e+00  1.5866e-02     4.5000e-01  4.2285e-03 
2.9903e-01     2.3049e+00  1.1956e-02     6.8924e-01  3.5753e-03     1.7915e+00  1.0595e-02     5.3573e-01  3.1681e-03 
3.3552e-01     2.0686e+00  8.7461e-03     6.9407e-01  2.9345e-03     1.8041e+00  9.1884e-03     6.0531e-01  3.0829e-03 
3.7646e-01     1.7400e+00  7.0585e-03     6.5505e-01  2.6572e-03     1.7027e+00  8.4311e-03     6.4099e-01  3.1740e-03 
4.2240e-01     1.3528e+00  7.6764e-03     5.7143e-01  3.2425e-03     1.4853e+00  9.4247e-03     6.2739e-01  3.9809e-03 
4.7394e-01     9.8685e-01  7.0452e-03     4.6770e-01  3.3390e-03     1.2157e+00  9.3404e-03     5.7617e-01  4.4267e-03 
5.3176e-01     6.8002e-01  6.3554e-03     3.6161e-01  3.3796e-03     9.3993e-01  9.1810e-03     4.9982e-01  4.8821e-03 
5.9665e-01     4.4485e-01  5.8137e-03     2.6542e-01  3.4687e-03     6.8991e-01  9.2267e-03     4.1163e-01  5.5051e-03 
6.6945e-01     2.8820e-01  2.7069e-03     1.9294e-01  1.8121e-03     5.0150e-01  4.9208e-03     3.3573e-01  3.2943e-03 
7.5114e-01     1.9015e-01  4.6766e-03     1.4283e-01  3.5127e-03     3.7126e-01  9.1913e-03     2.7887e-01  6.9039e-03 
8.4279e-01     1.2743e-01  1.0712e-03     1.0739e-01  9.0279e-04     2.7915e-01  2.4769e-03     2.3526e-01  2.0875e-03 
9.4563e-01     8.9431e-02  8.3764e-04     8.4568e-02  7.9210e-04     2.1982e-01  2.1514e-03     2.0787e-01  2.0345e-03 
1.0610e+00     6.3548e-02  2.2403e-03     6.7425e-02  2.3770e-03     1.7526e-01  6.1986e-03     1.8595e-01  6.5768e-03 
1.1905e+00     4.5522e-02  1.2122e-03     5.4193e-02  1.4431e-03     1.4086e-01  3.7723e-03     1.6769e-01  4.4909e-03 
1.3357e+00     3.3915e-02  5.0503e-04     4.5301e-02  6.7459e-04     1.1775e-01  1.7850e-03     1.5728e-01  2.3843e-03 
1.4987e+00     2.5347e-02  6.2819e-04     3.7987e-02  9.4147e-04     9.8741e-02  2.4632e-03     1.4798e-01  3.6916e-03 
1.6816e+00     1.9352e-02  5.5931e-04     3.2542e-02  9.4053e-04     8.4586e-02  2.4565e-03     1.4224e-01  4.1308e-03 
1.8868e+00     1.4449e-02  3.0295e-04     2.7263e-02  5.7160e-04     7.0864e-02  1.4993e-03     1.3370e-01  2.8289e-03 
2.1170e+00     1.0832e-02  5.5290e-04     2.2931e-02  1.1705e-03     5.9605e-02  3.0471e-03     1.2618e-01  6.4507e-03 
2.3753e+00     8.1440e-03  2.6130e-04     1.9344e-02  6.2066e-04     5.0282e-02  1.6196e-03     1.1944e-01  3.8470e-03 
2.6651e+00     6.2548e-03  1.7851e-04     1.6670e-02  4.7576e-04     4.3330e-02  1.2428e-03     1.1548e-01  3.3121e-03 
2.9903e+00     4.7037e-03  1.8432e-04     1.4066e-02  5.5118e-04     3.6560e-02  1.4364e-03     1.0933e-01  4.2954e-03 
3.3552e+00     3.3898e-03  1.3248e-04     1.1373e-02  4.4450e-04     2.9563e-02  1.1584e-03     9.9190e-02  3.8868e-03 
3.7646e+00     2.4109e-03  1.0116e-04     9.0759e-03  3.8081e-04     2.3591e-02  9.9210e-04     8.8811e-02  3.7349e-03 
4.2240e+00     1.6940e-03  1.2918e-04     7.1555e-03  5.4567e-04     1.8599e-02  1.4193e-03     7.8563e-02  5.9952e-03 
4.7394e+00     1.0861e-03  4.9410e-05     5.1474e-03  2.3417e-04     1.3380e-02  6.0986e-04     6.3411e-02  2.8904e-03 
5.3176e+00     6.8930e-04  3.7706e-05     3.6654e-03  2.0051e-04     9.5276e-03  5.2188e-04     5.0664e-02  2.7752e-03 
5.9665e+00     4.0711e-04  8.3046e-05     2.4290e-03  4.9549e-04     6.3137e-03  1.2881e-03     3.7671e-02  7.6852e-03 
6.6945e+00     2.2792e-04  3.2756e-05     1.5258e-03  2.1928e-04     3.9660e-03  5.7010e-04     2.6551e-02  3.8165e-03 
7.5114e+00     1.0624e-04  2.7979e-05     7.9798e-04  2.1016e-04     2.0742e-03  5.4630e-04     1.5580e-02  4.1035e-03 
8.4279e+00     3.5376e-05  1.1004e-05     2.9815e-04  9.2741e-05     7.7497e-04  2.4107e-04     6.5314e-03  2.0317e-03 
9.4563e+00     1.4837e-05  3.5481e-06     1.4030e-04  3.3551e-05     3.6469e-04  8.7216e-05     3.4486e-03  8.2474e-04 
1.0610e+01     3.3059e-06  1.7186e-06     3.5076e-05  1.8235e-05     9.1173e-05  4.7398e-05     9.6736e-04  5.0290e-04 
1.1905e+01     7.3660e-07  5.1109e-07     8.7690e-06  6.0844e-06     2.2793e-05  1.5815e-05     2.7135e-04  1.8828e-04 
1.3357e+01     1.9695e-06  9.2968e-07     2.6307e-05  1.2418e-05     6.8380e-05  3.2279e-05     9.1337e-04  4.3116e-04 
1.4987e+01     0.0000e+00  0.0000e+00     0.0000e+00  0.0000e+00     0.0000e+00  0.0000e+00     0.0000e+00  0.0000e+00 
1.6816e+01     0.0000e+00  0.0000e+00     0.0000e+00  0.0000e+00     0.0000e+00  0.0000e+00     0.0000e+00  0.0000e+00 
1.8868e+01     0.0000e+00  0.0000e+00     0.0000e+00  0.0000e+00     0.0000e+00  0.0000e+00     0.0000e+00  0.0000e+00 
2.1170e+01     0.0000e+00  0.0000e+00     0.0000e+00  0.0000e+00     0.0000e+00  0.0000e+00     0.0000e+00  0.0000e+00 
2.3753e+01     0.0000e+00  0.0000e+00     0.0000e+00  0.0000e+00     0.0000e+00  0.0000e+00     0.0000e+00  0.0000e+00 
2.6651e+01     0.0000e+00  0.0000e+00     0.0000e+00  0.0000e+00     0.0000e+00  0.0000e+00     0.0000e+00  0.0000e+00 
2.9903e+01     0.0000e+00  0.0000e+00     0.0000e+00  0.0000e+00     0.0000e+00  0.0000e+00     0.0000e+00  0.0000e+00 
3.3552e+01     0.0000e+00  0.0000e+00     0.0000e+00  0.0000e+00     0.0000e+00  0.0000e+00     0.0000e+00  0.0000e+00 
3.7646e+01     0.0000e+00  0.0000e+00     0.0000e+00  0.0000e+00     0.0000e+00  0.0000e+00     0.0000e+00  0.0000e+00 
4.2240e+01     0.0000e+00  0.0000e+00     0.0000e+00  0.0000e+00     0.0000e+00  0.0000e+00     0.0000e+00  0.0000e+00 
4.7394e+01     0.0000e+00  0.0000e+00     0.0000e+00  0.0000e+00     0.0000e+00  0.0000e+00     0.0000e+00  0.0000e+00 
5.3176e+01     0.0000e+00  0.0000e+00     0.0000e+00  0.0000e+00     0.0000e+00  0.0000e+00     0.0000e+00  0.0000e+00 
5.9665e+01     1.4697e-07  8.0595e-08     8.7690e-06  4.8087e-06     2.2793e-05  1.2499e-05     1.3600e-03  7.4578e-04 
6.6945e+01     0.0000e+00  0.0000e+00     0.0000e+00  0.0000e+00     0.0000e+00  0.0000e+00     0.0000e+00  0.0000e+00 
7.5114e+01     1.1674e-07  7.5208e-08     8.7690e-06  5.6492e-06     2.2793e-05  1.4684e-05     1.7121e-03  1.1030e-03 
8.4279e+01     0.0000e+00  0.0000e+00     0.0000e+00  0.0000e+00     0.0000e+00  0.0000e+00     0.0000e+00  0.0000e+00 
9.4563e+01     9.2732e-08  4.1468e-08     8.7690e-06  3.9213e-06     2.2793e-05  1.0193e-05     2.1554e-03  9.6387e-04 
1.0610e+02     0.0000e+00  0.0000e+00     0.0000e+00  0.0000e+00     0.0000e+00  0.0000e+00     0.0000e+00  0.0000e+00 
1.1905e+02     0.0000e+00  0.0000e+00     0.0000e+00  0.0000e+00     0.0000e+00  0.0000e+00     0.0000e+00  0.0000e+00 
1.3357e+02     6.5650e-08  7.0702e-08     8.7690e-06  9.4438e-06     2.2793e-05  2.4547e-05     3.0446e-03  3.2789e-03 
1.4987e+02     0.0000e+00  0.0000e+00     0.0000e+00  0.0000e+00     0.0000e+00  0.0000e+00     0.0000e+00  0.0000e+00 
1.6816e+02     0.0000e+00  0.0000e+00     0.0000e+00  0.0000e+00     0.0000e+00  0.0000e+00     0.0000e+00  0.0000e+00 
1.8868e+02     4.6476e-08  1.4694e-08     8.7690e-06  2.7725e-06     2.2793e-05  7.2068e-06     4.3006e-03  1.3598e-03 
2.1170e+02     0.0000e+00  0.0000e+00     0.0000e+00  0.0000e+00     0.0000e+00  0.0000e+00     0.0000e+00  0.0000e+00 
2.3753e+02     0.0000e+00  0.0000e+00     0.0000e+00  0.0000e+00     0.0000e+00  0.0000e+00     0.0000e+00  0.0000e+00 
2.6651e+02     0.0000e+00  0.0000e+00     0.0000e+00  0.0000e+00     0.0000e+00  0.0000e+00     0.0000e+00  0.0000e+00 
2.9903e+02     0.0000e+00  0.0000e+00     0.0000e+00  0.0000e+00     0.0000e+00  0.0000e+00     0.0000e+00  0.0000e+00 
3.3552e+02     2.6136e-08  1.9230e-08     8.7690e-06  6.4520e-06     2.2793e-05  1.6771e-05     7.6476e-03  5.6270e-03 
3.7646e+02     0.0000e+00  0.0000e+00     0.0000e+00  0.0000e+00     0.0000e+00  0.0000e+00     0.0000e+00  0.0000e+00 
4.2240e+02     0.0000e+00  0.0000e+00     0.0000e+00  0.0000e+00     0.0000e+00  0.0000e+00     0.0000e+00  0.0000e+00 
4.7394e+02     0.0000e+00  0.0000e+00     0.0000e+00  0.0000e+00     0.0000e+00  0.0000e+00     0.0000e+00  0.0000e+00 
5.3176e+02     0.0000e+00  0.0000e+00     0.0000e+00  0.0000e+00     0.0000e+00  0.0000e+00     0.0000e+00  0.0000e+00 
5.9665e+02     0.0000e+00  0.0000e+00     0.0000e+00  0.0000e+00     0.0000e+00  0.0000e+00     0.0000e+00  0.0000e+00 
6.6945e+02     0.0000e+00  0.0000e+00     0.0000e+00  0.0000e+00     0.0000e+00  0.0000e+00     0.0000e+00  0.0000e+00 
7.5114e+02     0.0000e+00  0.0000e+00     0.0000e+00  0.0000e+00     0.0000e+00  0.0000e+00     0.0000e+00  0.0000e+00 
8.4279e+02     0.0000e+00  0.0000e+00     0.0000e+00  0.0000e+00     0.0000e+00  0.0000e+00     0.0000e+00  0.0000e+00 
9.4563e+02     0.0000e+00  0.0000e+00     0.0000e+00  0.0000e+00     0.0000e+00  0.0000e+00     0.0000e+00  0.0000e+00 
1.0610e+03     0.0000e+00  0.0000e+00     0.0000e+00  0.0000e+00     0.0000e+00  0.0000e+00     0.0000e+00  0.0000e+00 
1.1905e+03     0.0000e+00  0.0000e+00     0.0000e+00  0.0000e+00     0.0000e+00  0.0000e+00     0.0000e+00  0.0000e+00 
1.3357e+03     0.0000e+00  0.0000e+00     0.0000e+00  0.0000e+00     0.0000e+00  0.0000e+00     0.0000e+00  0.0000e+00 
1.4987e+03     0.0000e+00  0.0000e+00     0.0000e+00  0.0000e+00     0.0000e+00  0.0000e+00     0.0000e+00  0.0000e+00 
1.6816e+03     0.0000e+00  0.0000e+00     0.0000e+00  0.0000e+00     0.0000e+00  0.0000e+00     0.0000e+00  0.0000e+00 
1.8868e+03     0.0000e+00  0.0000e+00     0.0000e+00  0.0000e+00     0.0000e+00  0.0000e+00     0.0000e+00  0.0000e+00 
2.1170e+03     0.0000e+00  0.0000e+00     0.0000e+00  0.0000e+00     0.0000e+00  0.0000e+00     0.0000e+00  0.0000e+00 
2.3753e+03     0.0000e+00  0.0000e+00     0.0000e+00  0.0000e+00     0.0000e+00  0.0000e+00     0.0000e+00  0.0000e+00 
2.6651e+03     0.0000e+00  0.0000e+00     0.0000e+00  0.0000e+00     0.0000e+00  0.0000e+00     0.0000e+00  0.0000e+00 
2.9903e+03     0.0000e+00  0.0000e+00     0.0000e+00  0.0000e+00     0.0000e+00  0.0000e+00     0.0000e+00  0.0000e+00 
3.3552e+03     0.0000e+00  0.0000e+00     0.0000e+00  0.0000e+00     0.0000e+00  0.0000e+00     0.0000e+00  0.0000e+00 
3.7646e+03     0.0000e+00  0.0000e+00     0.0000e+00  0.0000e+00     0.0000e+00  0.0000e+00     0.0000e+00  0.0000e+00 
4.2240e+03     0.0000e+00  0.0000e+00     0.0000e+00  0.0000e+00     0.0000e+00  0.0000e+00     0.0000e+00  0.0000e+00 
4.7394e+03     0.0000e+00  0.0000e+00     0.0000e+00  0.0000e+00     0.0000e+00  0.0000e+00     0.0000e+00  0.0000e+00 
5.3176e+03     0.0000e+00  0.0000e+00     0.0000e+00  0.0000e+00     0.0000e+00  0.0000e+00     0.0000e+00  0.0000e+00 
5.9665e+03     0.0000e+00  0.0000e+00     0.0000e+00  0.0000e+00     0.0000e+00  0.0000e+00     0.0000e+00  0.0000e+00 
6.6945e+03     0.0000e+00  0.0000e+00     0.0000e+00  0.0000e+00     0.0000e+00  0.0000e+00     0.0000e+00  0.0000e+00 
7.5114e+03     0.0000e+00  0.0000e+00     0.0000e+00  0.0000e+00     0.0000e+00  0.0000e+00     0.0000e+00  0.0000e+00 
8.4279e+03     0.0000e+00  0.0000e+00     0.0000e+00  0.0000e+00     0.0000e+00  0.0000e+00     0.0000e+00  0.0000e+00 
9.4563e+03     0.0000e+00  0.0000e+00     0.0000e+00  0.0000e+00     0.0000e+00  0.0000e+00     0.0000e+00  0.0000e+00 
