yF = 4.4600e-01 (std: 1.2281e-03) keV/um
yD = 2.5789e+00 (std: 5.6351e-01) keV/um
y (keV/um)     f(y)(std)                  yf(y)(std)                 d(y)(std)                  yd(y)(std)  
1.0610e-03     8.2496e-03  2.7356e-03     8.7529e-06  2.9025e-06     1.9625e-05  6.5081e-06     2.0823e-08  6.9051e-09 
1.1905e-03     0.0000e+00  0.0000e+00     0.0000e+00  0.0000e+00     0.0000e+00  0.0000e+00     0.0000e+00  0.0000e+00 
1.3357e-03     1.9659e-02  1.0981e-02     2.6259e-05  1.4668e-05     5.8876e-05  3.2888e-05     7.8642e-08  4.3930e-08 
1.4987e-03     2.3361e-02  1.0881e-02     3.5011e-05  1.6307e-05     7.8501e-05  3.6563e-05     1.1765e-07  5.4797e-08 
1.6816e-03     1.0410e-02  6.3856e-03     1.7506e-05  1.0738e-05     3.9251e-05  2.4076e-05     6.6003e-08  4.0487e-08 
1.8868e-03     9.2782e-03  7.5950e-03     1.7506e-05  1.4330e-05     3.9251e-05  3.2130e-05     7.4057e-08  6.0622e-08 
2.1170e-03     2.4807e-02  2.1923e-02     5.2517e-05  4.6412e-05     1.1775e-04  1.0406e-04     2.4928e-07  2.2030e-07 
2.3753e-03     2.5795e-02  4.1744e-02     6.1270e-05  9.9155e-05     1.3738e-04  2.2232e-04     3.2631e-07  5.2808e-07 
2.6651e-03     3.6126e-02  2.3307e-02     9.6282e-05  6.2115e-05     2.1588e-04  1.3927e-04     5.7534e-07  3.7118e-07 
2.9903e-03     1.4635e-02  4.5914e-03     4.3764e-05  1.3730e-05     9.8127e-05  3.0785e-05     2.9343e-07  9.2058e-08 
3.3552e-03     1.5652e-02  2.8058e-02     5.2517e-05  9.4139e-05     1.1775e-04  2.1107e-04     3.9508e-07  7.0820e-07 
3.7646e-03     2.3250e-02  8.8292e-03     8.7529e-05  3.3238e-05     1.9625e-04  7.4528e-05     7.3881e-07  2.8057e-07 
4.2240e-03     3.5227e-02  1.1215e-02     1.4880e-04  4.7371e-05     3.3363e-04  1.0622e-04     1.4092e-06  4.4865e-07 
4.7394e-03     3.3243e-02  8.3487e-03     1.5755e-04  3.9567e-05     3.5326e-04  8.8721e-05     1.6742e-06  4.2048e-07 
5.3176e-03     4.2796e-02  1.5320e-02     2.2757e-04  8.1466e-05     5.1026e-04  1.8266e-04     2.7134e-06  9.7134e-07 
5.9665e-03     3.3741e-02  6.9131e-03     2.0132e-04  4.1247e-05     4.5138e-04  9.2491e-05     2.6932e-06  5.5184e-07 
6.6945e-03     3.9224e-02  1.4814e-02     2.6259e-04  9.9172e-05     5.8876e-04  2.2237e-04     3.9415e-06  1.4886e-06 
7.5114e-03     2.5636e-02  7.0862e-03     1.9256e-04  5.3227e-05     4.3176e-04  1.1935e-04     3.2431e-06  8.9647e-07 
8.4279e-03     0.0000e+00  0.0000e+00     0.0000e+00  0.0000e+00     0.0000e+00  0.0000e+00     0.0000e+00  0.0000e+00 
9.4563e-03     1.8512e-03  9.5158e-04     1.7506e-05  8.9983e-06     3.9251e-05  2.0176e-05     3.7116e-07  1.9079e-07 
1.0610e-02     0.0000e+00  0.0000e+00     0.0000e+00  0.0000e+00     0.0000e+00  0.0000e+00     0.0000e+00  0.0000e+00 
1.1905e-02     9.8596e-01  6.5268e-02     1.1738e-02  7.7700e-04     2.6318e-02  1.7437e-03     3.1330e-04  2.0758e-05 
1.3357e-02     8.2763e-01  2.2160e-02     1.1055e-02  2.9600e-04     2.4787e-02  6.6718e-04     3.3108e-04  8.9118e-06 
1.4987e-02     6.7572e-01  4.1256e-02     1.0127e-02  6.1831e-04     2.2706e-02  1.3878e-03     3.4031e-04  2.0799e-05 
1.6816e-02     5.2988e-01  3.4495e-02     8.9104e-03  5.8007e-04     1.9979e-02  1.3018e-03     3.3596e-04  2.1890e-05 
1.8868e-02     4.0546e-01  3.3356e-02     7.6500e-03  6.2936e-04     1.7153e-02  1.4119e-03     3.2363e-04  2.6639e-05 
2.1170e-02     3.2208e-01  1.4706e-02     6.8185e-03  3.1133e-04     1.5288e-02  6.9932e-04     3.2365e-04  1.4804e-05 
2.3753e-02     4.3556e-01  1.2529e-02     1.0346e-02  2.9760e-04     2.3197e-02  6.7031e-04     5.5100e-04  1.5922e-05 
2.6651e-02     5.6456e-01  1.7395e-02     1.5046e-02  4.6361e-04     3.3736e-02  1.0436e-03     8.9911e-04  2.7814e-05 
2.9903e-02     5.8512e-01  2.3750e-02     1.7497e-02  7.1019e-04     3.9231e-02  1.5960e-03     1.1731e-03  4.7726e-05 
3.3552e-02     5.3375e-01  2.0145e-02     1.7908e-02  6.7590e-04     4.0153e-02  1.5195e-03     1.3472e-03  5.0982e-05 
3.7646e-02     5.6289e-01  9.2389e-03     2.1191e-02  3.4781e-04     4.7513e-02  7.9074e-04     1.7887e-03  2.9768e-05 
4.2240e-02     6.2394e-01  3.8677e-02     2.6355e-02  1.6337e-03     5.9092e-02  3.6666e-03     2.4960e-03  1.5487e-04 
4.7394e-02     6.2590e-01  2.4547e-02     2.9663e-02  1.1634e-03     6.6510e-02  2.6149e-03     3.1522e-03  1.2393e-04 
5.3176e-02     6.6663e-01  1.3126e-02     3.5449e-02  6.9800e-04     7.9482e-02  1.5803e-03     4.2266e-03  8.4033e-05 
5.9665e-02     7.1605e-01  1.6477e-02     4.2723e-02  9.8307e-04     9.5791e-02  2.2199e-03     5.7154e-03  1.3245e-04 
6.6945e-02     8.0501e-01  2.1837e-02     5.3891e-02  1.4619e-03     1.2083e-01  3.2946e-03     8.0892e-03  2.2056e-04 
7.5114e-02     7.8995e-01  1.3940e-02     5.9336e-02  1.0471e-03     1.3304e-01  2.3761e-03     9.9931e-03  1.7847e-04 
8.4279e-02     8.9524e-01  1.4725e-02     7.5450e-02  1.2410e-03     1.6917e-01  2.8213e-03     1.4257e-02  2.3777e-04 
9.4563e-02     9.8643e-01  1.1112e-02     9.3279e-02  1.0508e-03     2.0915e-01  2.4253e-03     1.9777e-02  2.2935e-04 
1.0610e-01     1.0412e+00  1.8796e-02     1.1047e-01  1.9943e-03     2.4769e-01  4.5232e-03     2.6280e-02  4.7992e-04 
1.1905e-01     1.1535e+00  2.0659e-02     1.3732e-01  2.4594e-03     3.0790e-01  5.5791e-03     3.6655e-02  6.6417e-04 
1.3357e-01     1.2627e+00  1.2515e-02     1.6867e-01  1.6716e-03     3.7818e-01  3.8900e-03     5.0515e-02  5.1960e-04 
1.4987e-01     1.3803e+00  2.6340e-02     2.0687e-01  3.9475e-03     4.6384e-01  8.9427e-03     6.9517e-02  1.3403e-03 
1.6816e-01     1.5196e+00  1.5350e-02     2.5553e-01  2.5812e-03     5.7294e-01  5.9986e-03     9.6345e-02  1.0087e-03 
1.8868e-01     1.7034e+00  1.0922e-02     3.2139e-01  2.0608e-03     7.2060e-01  5.0286e-03     1.3596e-01  9.4879e-04 
2.1170e-01     1.8593e+00  1.8831e-02     3.9361e-01  3.9866e-03     8.8253e-01  9.2630e-03     1.8683e-01  1.9610e-03 
2.3753e-01     2.0024e+00  1.2928e-02     4.7563e-01  3.0707e-03     1.0664e+00  7.4851e-03     2.5331e-01  1.7779e-03 
2.6651e-01     2.1097e+00  1.2758e-02     5.6227e-01  3.4003e-03     1.2607e+00  8.3771e-03     3.3599e-01  2.2326e-03 
2.9903e-01     2.1494e+00  1.0658e-02     6.4274e-01  3.1870e-03     1.4411e+00  8.1738e-03     4.3094e-01  2.4442e-03 
3.3552e-01     2.0856e+00  9.7128e-03     6.9977e-01  3.2588e-03     1.5690e+00  8.4886e-03     5.2643e-01  2.8481e-03 
3.7646e-01     1.9070e+00  1.3783e-02     7.1792e-01  5.1886e-03     1.6097e+00  1.2450e-02     6.0598e-01  4.6868e-03 
4.2240e-01     1.6310e+00  7.3821e-03     6.8894e-01  3.1182e-03     1.5447e+00  8.1837e-03     6.5248e-01  3.4568e-03 
4.7394e-01     1.2863e+00  4.7070e-03     6.0960e-01  2.2308e-03     1.3668e+00  6.2597e-03     6.4779e-01  2.9667e-03 
5.3176e-01     9.4843e-01  9.2984e-03     5.0434e-01  4.9445e-03     1.1308e+00  1.1515e-02     6.0132e-01  6.1235e-03 
5.9665e-01     6.4610e-01  4.2661e-03     3.8549e-01  2.5454e-03     8.6434e-01  6.1835e-03     5.1571e-01  3.6894e-03 
6.6945e-01     4.2935e-01  3.6480e-03     2.8743e-01  2.4421e-03     6.4446e-01  5.7560e-03     4.3143e-01  3.8534e-03 
7.5114e-01     2.7710e-01  1.9745e-03     2.0814e-01  1.4831e-03     4.6669e-01  3.5650e-03     3.5055e-01  2.6778e-03 
8.4279e-01     1.8210e-01  1.9771e-03     1.5347e-01  1.6663e-03     3.4411e-01  3.8543e-03     2.9001e-01  3.2484e-03 
9.4563e-01     1.2257e-01  1.7547e-03     1.1591e-01  1.6593e-03     2.5988e-01  3.7885e-03     2.4575e-01  3.5825e-03 
1.0610e+00     8.5185e-02  2.5954e-03     9.0382e-02  2.7538e-03     2.0265e-01  6.1996e-03     2.1501e-01  6.5778e-03 
1.1905e+00     6.1672e-02  6.3401e-04     7.3419e-02  7.5477e-04     1.6462e-01  1.7520e-03     1.9597e-01  2.0857e-03 
1.3357e+00     4.4291e-02  5.0296e-04     5.9161e-02  6.7182e-04     1.3265e-01  1.5500e-03     1.7718e-01  2.0704e-03 
1.4987e+00     3.3003e-02  7.6443e-04     4.9462e-02  1.1457e-03     1.1090e-01  2.5868e-03     1.6621e-01  3.8769e-03 
1.6816e+00     2.4625e-02  7.2813e-04     4.1410e-02  1.2244e-03     9.2847e-02  2.7572e-03     1.5613e-01  4.6365e-03 
1.8868e+00     1.8051e-02  4.0604e-04     3.4057e-02  7.6610e-04     7.6362e-02  1.7305e-03     1.4408e-01  3.2651e-03 
2.1170e+00     1.4248e-02  1.6482e-04     3.0162e-02  3.4893e-04     6.7629e-02  8.0421e-04     1.4317e-01  1.7025e-03 
2.3753e+00     1.0185e-02  3.2010e-04     2.4193e-02  7.6034e-04     5.4244e-02  1.7113e-03     1.2885e-01  4.0649e-03 
2.6651e+00     8.0069e-03  2.5888e-04     2.1340e-02  6.8995e-04     4.7846e-02  1.5526e-03     1.2752e-01  4.1378e-03 
2.9903e+00     5.8424e-03  2.2274e-04     1.7471e-02  6.6606e-04     3.9172e-02  1.4973e-03     1.1714e-01  4.4774e-03 
3.3552e+00     4.1923e-03  1.9241e-04     1.4066e-02  6.4557e-04     3.1538e-02  1.4501e-03     1.0582e-01  4.8653e-03 
3.7646e+00     2.9598e-03  1.4544e-04     1.1142e-02  5.4751e-04     2.4983e-02  1.2295e-03     9.4051e-02  4.6287e-03 
4.2240e+00     2.0432e-03  1.0409e-04     8.6303e-03  4.3966e-04     1.9351e-02  9.8722e-04     8.1736e-02  4.1700e-03 
4.7394e+00     1.4110e-03  6.2510e-05     6.6872e-03  2.9626e-04     1.4994e-02  6.6554e-04     7.1061e-02  3.1542e-03 
5.3176e+00     8.8555e-04  3.6899e-05     4.7090e-03  1.9622e-04     1.0558e-02  4.4091e-04     5.6146e-02  2.3446e-03 
5.9665e+00     5.6186e-04  7.5978e-05     3.3524e-03  4.5332e-04     7.5165e-03  1.0166e-03     4.4847e-02  6.0658e-03 
6.6945e+00     3.2687e-04  3.9811e-05     2.1882e-03  2.6651e-04     4.9063e-03  5.9772e-04     3.2845e-02  4.0014e-03 
7.5114e+00     1.2235e-04  1.2154e-05     9.1905e-04  9.1292e-05     2.0607e-03  2.0477e-04     1.5478e-02  1.5381e-03 
8.4279e+00     6.5429e-05  1.9152e-05     5.5143e-04  1.6141e-04     1.2364e-03  3.6193e-04     1.0420e-02  3.0503e-03 
9.4563e+00     3.3322e-05  7.2628e-06     3.1510e-04  6.8679e-05     7.0651e-04  1.5400e-04     6.6809e-03  1.4563e-03 
1.0610e+01     6.5997e-06  3.1344e-06     7.0023e-05  3.3257e-05     1.5700e-04  7.4568e-05     1.6658e-03  7.9117e-04 
1.1905e+01     2.2057e-06  1.3604e-06     2.6259e-05  1.6195e-05     5.8876e-05  3.6312e-05     7.0090e-04  4.3229e-04 
1.3357e+01     6.5529e-07  5.3018e-07     8.7529e-06  7.0818e-06     1.9625e-05  1.5879e-05     2.6214e-04  2.1210e-04 
1.4987e+01     1.1681e-06  2.2618e-06     1.7506e-05  3.3897e-05     3.9251e-05  7.6003e-05     5.8825e-04  1.1391e-03 
1.6816e+01     5.2051e-07  5.0323e-07     8.7529e-06  8.4623e-06     1.9625e-05  1.8974e-05     3.3002e-04  3.1906e-04 
1.8868e+01     0.0000e+00  0.0000e+00     0.0000e+00  0.0000e+00     0.0000e+00  0.0000e+00     0.0000e+00  0.0000e+00 
2.1170e+01     0.0000e+00  0.0000e+00     0.0000e+00  0.0000e+00     0.0000e+00  0.0000e+00     0.0000e+00  0.0000e+00 
2.3753e+01     0.0000e+00  0.0000e+00     0.0000e+00  0.0000e+00     0.0000e+00  0.0000e+00     0.0000e+00  0.0000e+00 
2.6651e+01     0.0000e+00  0.0000e+00     0.0000e+00  0.0000e+00     0.0000e+00  0.0000e+00     0.0000e+00  0.0000e+00 
2.9903e+01     0.0000e+00  0.0000e+00     0.0000e+00  0.0000e+00     0.0000e+00  0.0000e+00     0.0000e+00  0.0000e+00 
3.3552e+01     0.0000e+00  0.0000e+00     0.0000e+00  0.0000e+00     0.0000e+00  0.0000e+00     0.0000e+00  0.0000e+00 
3.7646e+01     0.0000e+00  0.0000e+00     0.0000e+00  0.0000e+00     0.0000e+00  0.0000e+00     0.0000e+00  0.0000e+00 
4.2240e+01     0.0000e+00  0.0000e+00     0.0000e+00  0.0000e+00     0.0000e+00  0.0000e+00     0.0000e+00  0.0000e+00 
4.7394e+01     1.8468e-07  3.4334e-07     8.7529e-06  1.6272e-05     1.9625e-05  3.6484e-05     9.3011e-04  1.7291e-03 
5.3176e+01     0.0000e+00  0.0000e+00     0.0000e+00  0.0000e+00     0.0000e+00  0.0000e+00     0.0000e+00  0.0000e+00 
5.9665e+01     0.0000e+00  0.0000e+00     0.0000e+00  0.0000e+00     0.0000e+00  0.0000e+00     0.0000e+00  0.0000e+00 
6.6945e+01     0.0000e+00  0.0000e+00     0.0000e+00  0.0000e+00     0.0000e+00  0.0000e+00     0.0000e+00  0.0000e+00 
7.5114e+01     0.0000e+00  0.0000e+00     0.0000e+00  0.0000e+00     0.0000e+00  0.0000e+00     0.0000e+00  0.0000e+00 
8.4279e+01     0.0000e+00  0.0000e+00     0.0000e+00  0.0000e+00     0.0000e+00  0.0000e+00     0.0000e+00  0.0000e+00 
9.4563e+01     1.8512e-07  7.0075e-08     1.7506e-05  6.6265e-06     3.9251e-05  1.4858e-05     3.7116e-03  1.4050e-03 
1.0610e+02     8.2496e-08  6.7587e-08     8.7529e-06  7.1710e-06     1.9625e-05  1.6079e-05     2.0823e-03  1.7060e-03 
1.1905e+02     0.0000e+00  0.0000e+00     0.0000e+00  0.0000e+00     0.0000e+00  0.0000e+00     0.0000e+00  0.0000e+00 
1.3357e+02     0.0000e+00  0.0000e+00     0.0000e+00  0.0000e+00     0.0000e+00  0.0000e+00     0.0000e+00  0.0000e+00 
1.4987e+02     0.0000e+00  0.0000e+00     0.0000e+00  0.0000e+00     0.0000e+00  0.0000e+00     0.0000e+00  0.0000e+00 
1.6816e+02     0.0000e+00  0.0000e+00     0.0000e+00  0.0000e+00     0.0000e+00  0.0000e+00     0.0000e+00  0.0000e+00 
1.8868e+02     0.0000e+00  0.0000e+00     0.0000e+00  0.0000e+00     0.0000e+00  0.0000e+00     0.0000e+00  0.0000e+00 
2.1170e+02     0.0000e+00  0.0000e+00     0.0000e+00  0.0000e+00     0.0000e+00  0.0000e+00     0.0000e+00  0.0000e+00 
2.3753e+02     3.6849e-08  4.9687e-08     8.7529e-06  1.1802e-05     1.9625e-05  2.6462e-05     4.6616e-03  6.2856e-03 
2.6651e+02     3.2842e-08  2.0051e-08     8.7529e-06  5.3438e-06     1.9625e-05  1.1982e-05     5.2304e-03  3.1933e-03 
2.9903e+02     0.0000e+00  0.0000e+00     0.0000e+00  0.0000e+00     0.0000e+00  0.0000e+00     0.0000e+00  0.0000e+00 
3.3552e+02     2.6087e-08  2.1107e-08     8.7529e-06  7.0818e-06     1.9625e-05  1.5879e-05     6.5847e-03  5.3276e-03 
3.7646e+02     0.0000e+00  0.0000e+00     0.0000e+00  0.0000e+00     0.0000e+00  0.0000e+00     0.0000e+00  0.0000e+00 
4.2240e+02     0.0000e+00  0.0000e+00     0.0000e+00  0.0000e+00     0.0000e+00  0.0000e+00     0.0000e+00  0.0000e+00 
4.7394e+02     0.0000e+00  0.0000e+00     0.0000e+00  0.0000e+00     0.0000e+00  0.0000e+00     0.0000e+00  0.0000e+00 
5.3176e+02     0.0000e+00  0.0000e+00     0.0000e+00  0.0000e+00     0.0000e+00  0.0000e+00     0.0000e+00  0.0000e+00 
5.9665e+02     0.0000e+00  0.0000e+00     0.0000e+00  0.0000e+00     0.0000e+00  0.0000e+00     0.0000e+00  0.0000e+00 
6.6945e+02     1.3075e-08  6.2714e-09     8.7529e-06  4.1984e-06     1.9625e-05  9.4136e-06     1.3138e-02  6.3020e-03 
7.5114e+02     0.0000e+00  0.0000e+00     0.0000e+00  0.0000e+00     0.0000e+00  0.0000e+00     0.0000e+00  0.0000e+00 
8.4279e+02     0.0000e+00  0.0000e+00     0.0000e+00  0.0000e+00     0.0000e+00  0.0000e+00     0.0000e+00  0.0000e+00 
9.4563e+02     0.0000e+00  0.0000e+00     0.0000e+00  0.0000e+00     0.0000e+00  0.0000e+00     0.0000e+00  0.0000e+00 
1.0610e+03     0.0000e+00  0.0000e+00     0.0000e+00  0.0000e+00     0.0000e+00  0.0000e+00     0.0000e+00  0.0000e+00 
1.1905e+03     0.0000e+00  0.0000e+00     0.0000e+00  0.0000e+00     0.0000e+00  0.0000e+00     0.0000e+00  0.0000e+00 
1.3357e+03     0.0000e+00  0.0000e+00     0.0000e+00  0.0000e+00     0.0000e+00  0.0000e+00     0.0000e+00  0.0000e+00 
1.4987e+03     0.0000e+00  0.0000e+00     0.0000e+00  0.0000e+00     0.0000e+00  0.0000e+00     0.0000e+00  0.0000e+00 
1.6816e+03     0.0000e+00  0.0000e+00     0.0000e+00  0.0000e+00     0.0000e+00  0.0000e+00     0.0000e+00  0.0000e+00 
1.8868e+03     0.0000e+00  0.0000e+00     0.0000e+00  0.0000e+00     0.0000e+00  0.0000e+00     0.0000e+00  0.0000e+00 
2.1170e+03     0.0000e+00  0.0000e+00     0.0000e+00  0.0000e+00     0.0000e+00  0.0000e+00     0.0000e+00  0.0000e+00 
2.3753e+03     0.0000e+00  0.0000e+00     0.0000e+00  0.0000e+00     0.0000e+00  0.0000e+00     0.0000e+00  0.0000e+00 
2.6651e+03     0.0000e+00  0.0000e+00     0.0000e+00  0.0000e+00     0.0000e+00  0.0000e+00     0.0000e+00  0.0000e+00 
2.9903e+03     0.0000e+00  0.0000e+00     0.0000e+00  0.0000e+00     0.0000e+00  0.0000e+00     0.0000e+00  0.0000e+00 
3.3552e+03     0.0000e+00  0.0000e+00     0.0000e+00  0.0000e+00     0.0000e+00  0.0000e+00     0.0000e+00  0.0000e+00 
3.7646e+03     0.0000e+00  0.0000e+00     0.0000e+00  0.0000e+00     0.0000e+00  0.0000e+00     0.0000e+00  0.0000e+00 
4.2240e+03     0.0000e+00  0.0000e+00     0.0000e+00  0.0000e+00     0.0000e+00  0.0000e+00     0.0000e+00  0.0000e+00 
4.7394e+03     0.0000e+00  0.0000e+00     0.0000e+00  0.0000e+00     0.0000e+00  0.0000e+00     0.0000e+00  0.0000e+00 
5.3176e+03     0.0000e+00  0.0000e+00     0.0000e+00  0.0000e+00     0.0000e+00  0.0000e+00     0.0000e+00  0.0000e+00 
5.9665e+03     0.0000e+00  0.0000e+00     0.0000e+00  0.0000e+00     0.0000e+00  0.0000e+00     0.0000e+00  0.0000e+00 
6.6945e+03     0.0000e+00  0.0000e+00     0.0000e+00  0.0000e+00     0.0000e+00  0.0000e+00     0.0000e+00  0.0000e+00 
7.5114e+03     0.0000e+00  0.0000e+00     0.0000e+00  0.0000e+00     0.0000e+00  0.0000e+00     0.0000e+00  0.0000e+00 
8.4279e+03     0.0000e+00  0.0000e+00     0.0000e+00  0.0000e+00     0.0000e+00  0.0000e+00     0.0000e+00  0.0000e+00 
9.4563e+03     0.0000e+00  0.0000e+00     0.0000e+00  0.0000e+00     0.0000e+00  0.0000e+00     0.0000e+00  0.0000e+00 
