yF = 3.9961e-01 (std: 1.1339e-03) keV/um
yD = 1.0034e+00 (std: 1.1269e-01) keV/um
y (keV/um)     f(y)(std)                  yf(y)(std)                 d(y)(std)                  yd(y)(std)  
1.0610e-03     1.6520e-02  7.7788e-03     1.7528e-05  8.2534e-06     4.3863e-05  2.0654e-05     4.6539e-08  2.1914e-08 
1.1905e-03     0.0000e+00  0.0000e+00     0.0000e+00  0.0000e+00     0.0000e+00  0.0000e+00     0.0000e+00  0.0000e+00 
1.3357e-03     1.3123e-02  7.4934e-03     1.7528e-05  1.0009e-05     4.3863e-05  2.5048e-05     5.8590e-08  3.3457e-08 
1.4987e-03     2.3391e-02  1.3983e-02     3.5056e-05  2.0957e-05     8.7727e-05  5.2445e-05     1.3148e-07  7.8600e-08 
1.6816e-03     1.5635e-02  1.0377e-02     2.6292e-05  1.7450e-05     6.5795e-05  4.3668e-05     1.1064e-07  7.3432e-08 
1.8868e-03     2.7870e-02  1.3581e-02     5.2585e-05  2.5624e-05     1.3159e-04  6.4124e-05     2.4828e-07  1.2099e-07 
2.1170e-03     2.8979e-02  1.2196e-02     6.1349e-05  2.5820e-05     1.5352e-04  6.4614e-05     3.2500e-07  1.3679e-07 
2.3753e-03     2.2138e-02  1.6732e-02     5.2585e-05  3.9744e-05     1.3159e-04  9.9457e-05     3.1257e-07  2.3624e-07 
2.6651e-03     1.6442e-02  6.7171e-03     4.3820e-05  1.7902e-05     1.0966e-04  4.4800e-05     2.9225e-07  1.1940e-07 
2.9903e-03     1.4654e-02  6.8714e-03     4.3820e-05  2.0548e-05     1.0966e-04  5.1421e-05     3.2792e-07  1.5377e-07 
3.3552e-03     1.5673e-02  5.8078e-03     5.2585e-05  1.9486e-05     1.3159e-04  4.8765e-05     4.4151e-07  1.6362e-07 
3.7646e-03     3.7248e-02  1.2123e-02     1.4023e-04  4.5639e-05     3.5091e-04  1.1421e-04     1.3210e-06  4.2997e-07 
4.2240e-03     1.2449e-02  6.4776e-03     5.2585e-05  2.7361e-05     1.3159e-04  6.8470e-05     5.5583e-07  2.8922e-07 
4.7394e-03     3.3286e-02  6.6587e-03     1.5775e-04  3.1558e-05     3.9477e-04  7.8980e-05     1.8710e-06  3.7432e-07 
5.3176e-03     3.4610e-02  1.2070e-02     1.8405e-04  6.4183e-05     4.6057e-04  1.6062e-04     2.4491e-06  8.5412e-07 
5.9665e-03     5.7287e-02  8.4669e-03     3.4180e-04  5.0518e-05     8.5534e-04  1.2644e-04     5.1034e-06  7.5442e-07 
6.6945e-03     4.7129e-02  1.0939e-02     3.1551e-04  7.3232e-05     7.8954e-04  1.8327e-04     5.2856e-06  1.2269e-06 
7.5114e-03     2.5669e-02  1.2093e-02     1.9281e-04  9.0837e-05     4.8250e-04  2.2732e-04     3.6242e-06  1.7075e-06 
8.4279e-03     4.1596e-03  2.4826e-03     3.5056e-05  2.0923e-05     8.7727e-05  5.2360e-05     7.3935e-07  4.4128e-07 
9.4563e-03     9.2680e-04  9.7431e-04     8.7641e-06  9.2134e-06     2.1932e-05  2.3056e-05     2.0739e-07  2.1802e-07 
1.0610e-02     0.0000e+00  0.0000e+00     0.0000e+00  0.0000e+00     0.0000e+00  0.0000e+00     0.0000e+00  0.0000e+00 
1.1905e-02     1.2287e+00  6.2384e-02     1.4627e-02  7.4266e-04     3.6604e-02  1.8614e-03     4.3576e-04  2.2159e-05 
1.3357e-02     1.0432e+00  2.4158e-02     1.3935e-02  3.2269e-04     3.4871e-02  8.1356e-04     4.6579e-04  1.0867e-05 
1.4987e-02     8.2804e-01  2.8429e-02     1.2410e-02  4.2607e-04     3.1055e-02  1.0698e-03     4.6543e-04  1.6034e-05 
1.6816e-02     6.4522e-01  3.4851e-02     1.0850e-02  5.8605e-04     2.7151e-02  1.4686e-03     4.5658e-04  2.4695e-05 
1.8868e-02     4.9795e-01  2.6005e-02     9.3951e-03  4.9066e-04     2.3511e-02  1.2297e-03     4.4359e-04  2.3201e-05 
2.1170e-02     4.2724e-01  2.1401e-02     9.0445e-03  4.5306e-04     2.2634e-02  1.1356e-03     4.7915e-04  2.4040e-05 
2.3753e-02     5.2984e-01  2.0071e-02     1.2585e-02  4.7674e-04     3.1494e-02  1.1964e-03     7.4808e-04  2.8417e-05 
2.6651e-02     6.9715e-01  1.4934e-02     1.8580e-02  3.9801e-04     4.6495e-02  1.0047e-03     1.2392e-03  2.6777e-05 
2.9903e-02     7.0633e-01  2.5572e-02     2.1121e-02  7.6469e-04     5.2855e-02  1.9195e-03     1.5806e-03  5.7398e-05 
3.3552e-02     6.7705e-01  1.9831e-02     2.2717e-02  6.6536e-04     5.6847e-02  1.6728e-03     1.9073e-03  5.6127e-05 
3.7646e-02     7.0237e-01  1.7133e-02     2.6441e-02  6.4501e-04     6.6168e-02  1.6250e-03     2.4910e-03  6.1174e-05 
4.2240e-02     7.4135e-01  1.8165e-02     3.1314e-02  7.6730e-04     7.8362e-02  1.9330e-03     3.3100e-03  8.1647e-05 
4.7394e-02     7.9147e-01  1.9357e-02     3.7510e-02  9.1739e-04     9.3868e-02  2.3111e-03     4.4487e-03  1.0953e-04 
5.3176e-02     8.2999e-01  1.3230e-02     4.4136e-02  7.0351e-04     1.1045e-01  1.7882e-03     5.8732e-03  9.5089e-05 
5.9665e-02     8.8324e-01  4.5057e-02     5.2699e-02  2.6883e-03     1.3188e-01  6.7378e-03     7.8683e-03  4.0201e-04 
6.6945e-02     9.7165e-01  1.1516e-02     6.5047e-02  7.7091e-04     1.6278e-01  1.9837e-03     1.0897e-02  1.3280e-04 
7.5114e-02     1.0187e+00  3.8848e-02     7.6519e-02  2.9180e-03     1.9149e-01  7.3224e-03     1.4383e-02  5.5001e-04 
8.4279e-02     1.1205e+00  2.6638e-02     9.4433e-02  2.2451e-03     2.3631e-01  5.6580e-03     1.9916e-02  4.7685e-04 
9.4563e-02     1.2129e+00  1.8051e-02     1.1470e-01  1.7070e-03     2.8702e-01  4.3486e-03     2.7141e-02  4.1121e-04 
1.0610e-01     1.3150e+00  8.7334e-03     1.3952e-01  9.2662e-04     3.4915e-01  2.5216e-03     3.7045e-02  2.6754e-04 
1.1905e-01     1.4298e+00  3.1460e-02     1.7022e-01  3.7452e-03     4.2596e-01  9.4498e-03     5.0709e-02  1.1250e-03 
1.3357e-01     1.6007e+00  2.4809e-02     2.1381e-01  3.3138e-03     5.3505e-01  8.4305e-03     7.1468e-02  1.1261e-03 
1.4987e-01     1.7360e+00  1.9616e-02     2.6017e-01  2.9399e-03     6.5106e-01  7.5854e-03     9.7576e-02  1.1368e-03 
1.6816e-01     1.8989e+00  1.4423e-02     3.1932e-01  2.4254e-03     7.9908e-01  6.4791e-03     1.3437e-01  1.0895e-03 
1.8868e-01     2.0884e+00  1.6521e-02     3.9402e-01  3.1171e-03     9.8603e-01  8.2870e-03     1.8604e-01  1.5636e-03 
2.1170e-01     2.2196e+00  1.1448e-02     4.6988e-01  2.4235e-03     1.1758e+00  6.9217e-03     2.4893e-01  1.4653e-03 
2.3753e-01     2.3454e+00  1.0097e-02     5.5710e-01  2.3985e-03     1.3941e+00  7.1883e-03     3.3114e-01  1.7074e-03 
2.6651e-01     2.3491e+00  1.8464e-02     6.2605e-01  4.9208e-03     1.5667e+00  1.3092e-02     4.1754e-01  3.4891e-03 
2.9903e-01     2.2832e+00  1.2972e-02     6.8276e-01  3.8792e-03     1.7086e+00  1.0851e-02     5.1092e-01  3.2447e-03 
3.3552e-01     2.0878e+00  1.6867e-02     7.0050e-01  5.6591e-03     1.7530e+00  1.5010e-02     5.8815e-01  5.0361e-03 
3.7646e-01     1.7992e+00  1.2524e-02     6.7732e-01  4.7149e-03     1.6949e+00  1.2741e-02     6.3808e-01  4.7966e-03 
4.2240e-01     1.4373e+00  8.4917e-03     6.0711e-01  3.5869e-03     1.5193e+00  9.9574e-03     6.4173e-01  4.2060e-03 
4.7394e-01     1.0656e+00  4.1345e-03     5.0503e-01  1.9595e-03     1.2638e+00  6.0748e-03     5.9897e-01  2.8791e-03 
5.3176e-01     7.4703e-01  8.8788e-03     3.9724e-01  4.7214e-03     9.9408e-01  1.2147e-02     5.2861e-01  6.4594e-03 
5.9665e-01     4.9672e-01  8.7120e-03     2.9637e-01  5.1980e-03     7.4164e-01  1.3177e-02     4.4250e-01  7.8620e-03 
6.6945e-01     3.2121e-01  2.3734e-03     2.1504e-01  1.5889e-03     5.3812e-01  4.2592e-03     3.6024e-01  2.8513e-03 
7.5114e-01     2.1086e-01  1.3748e-03     1.5838e-01  1.0327e-03     3.9635e-01  2.8183e-03     2.9771e-01  2.1169e-03 
8.4279e-01     1.3886e-01  1.7356e-03     1.1703e-01  1.4627e-03     2.9285e-01  3.7535e-03     2.4681e-01  3.1634e-03 
9.4563e-01     9.7046e-02  1.2000e-03     9.1769e-02  1.1348e-03     2.2965e-01  2.9135e-03     2.1716e-01  2.7551e-03 
1.0610e+00     6.9303e-02  1.6347e-03     7.3531e-02  1.7344e-03     1.8401e-01  4.3715e-03     1.9523e-01  4.6382e-03 
1.1905e+00     4.9376e-02  6.3046e-04     5.8781e-02  7.5055e-04     1.4710e-01  1.9240e-03     1.7511e-01  2.2905e-03 
1.3357e+00     3.5838e-02  6.8181e-04     4.7869e-02  9.1072e-04     1.1979e-01  2.3042e-03     1.6001e-01  3.0778e-03 
1.4987e+00     2.7344e-02  5.3192e-04     4.0981e-02  7.9719e-04     1.0255e-01  2.0160e-03     1.5370e-01  3.0215e-03 
1.6816e+00     2.0050e-02  4.8835e-04     3.3715e-02  8.2120e-04     8.4371e-02  2.0689e-03     1.4188e-01  3.4790e-03 
1.8868e+00     1.5375e-02  3.5471e-04     2.9009e-02  6.6925e-04     7.2594e-02  1.6874e-03     1.3697e-01  3.1837e-03 
2.1170e+00     1.1886e-02  5.9099e-04     2.5162e-02  1.2511e-03     6.2966e-02  3.1359e-03     1.3330e-01  6.6388e-03 
2.3753e+00     8.5969e-03  2.2941e-04     2.0420e-02  5.4493e-04     5.1101e-02  1.3713e-03     1.2138e-01  3.2573e-03 
2.6651e+00     6.8498e-03  2.6096e-04     1.8256e-02  6.9548e-04     4.5684e-02  1.7452e-03     1.2175e-01  4.6513e-03 
2.9903e+00     4.9736e-03  2.1118e-04     1.4873e-02  6.3151e-04     3.7218e-02  1.5839e-03     1.1129e-01  4.7362e-03 
3.3552e+00     3.4898e-03  3.3946e-04     1.1709e-02  1.1390e-03     2.9301e-02  2.8514e-03     9.8310e-02  9.5671e-03 
3.7646e+00     2.4328e-03  9.3774e-05     9.1585e-03  3.5302e-04     2.2919e-02  8.8581e-04     8.6280e-02  3.3347e-03 
4.2240e+00     1.7595e-03  8.0748e-05     7.4320e-03  3.4108e-04     1.8598e-02  8.5515e-04     7.8557e-02  3.6121e-03 
4.7394e+00     1.2871e-03  8.7077e-05     6.0998e-03  4.1269e-04     1.5264e-02  1.0336e-03     7.2344e-02  4.8988e-03 
5.3176e+00     8.1252e-04  2.5350e-05     4.3207e-03  1.3480e-04     1.0812e-02  3.3873e-04     5.7496e-02  1.8013e-03 
5.9665e+00     4.6564e-04  2.5999e-05     2.7782e-03  1.5512e-04     6.9524e-03  3.8869e-04     4.1481e-02  2.3191e-03 
6.6945e+00     2.2386e-04  4.1080e-05     1.4987e-03  2.7501e-04     3.7503e-03  6.8828e-04     2.5107e-02  4.6077e-03 
7.5114e+00     1.0034e-04  1.7974e-05     7.5371e-04  1.3501e-04     1.8861e-03  3.3789e-04     1.4167e-02  2.5380e-03 
8.4279e+00     4.6795e-05  1.5069e-05     3.9438e-04  1.2700e-04     9.8693e-04  3.1782e-04     8.3177e-03  2.6785e-03 
9.4563e+00     1.1122e-05  3.3090e-06     1.0517e-04  3.1291e-05     2.6318e-04  7.8308e-05     2.4887e-03  7.4050e-04 
1.0610e+01     3.3041e-06  1.6366e-06     3.5056e-05  1.7364e-05     8.7727e-05  4.3454e-05     9.3079e-04  4.6105e-04 
1.1905e+01     1.4724e-06  1.0189e-06     1.7528e-05  1.2129e-05     4.3863e-05  3.0354e-05     5.2218e-04  3.6135e-04 
1.3357e+01     1.9684e-06  9.1912e-07     2.6292e-05  1.2277e-05     6.5795e-05  3.0723e-05     8.7885e-04  4.1038e-04 
1.4987e+01     0.0000e+00  0.0000e+00     0.0000e+00  0.0000e+00     0.0000e+00  0.0000e+00     0.0000e+00  0.0000e+00 
1.6816e+01     5.2118e-07  1.1305e-06     8.7641e-06  1.9011e-05     2.1932e-05  4.7574e-05     3.6880e-04  8.0000e-04 
1.8868e+01     0.0000e+00  0.0000e+00     0.0000e+00  0.0000e+00     0.0000e+00  0.0000e+00     0.0000e+00  0.0000e+00 
2.1170e+01     0.0000e+00  0.0000e+00     0.0000e+00  0.0000e+00     0.0000e+00  0.0000e+00     0.0000e+00  0.0000e+00 
2.3753e+01     0.0000e+00  0.0000e+00     0.0000e+00  0.0000e+00     0.0000e+00  0.0000e+00     0.0000e+00  0.0000e+00 
2.6651e+01     0.0000e+00  0.0000e+00     0.0000e+00  0.0000e+00     0.0000e+00  0.0000e+00     0.0000e+00  0.0000e+00 
2.9903e+01     0.0000e+00  0.0000e+00     0.0000e+00  0.0000e+00     0.0000e+00  0.0000e+00     0.0000e+00  0.0000e+00 
3.3552e+01     0.0000e+00  0.0000e+00     0.0000e+00  0.0000e+00     0.0000e+00  0.0000e+00     0.0000e+00  0.0000e+00 
3.7646e+01     0.0000e+00  0.0000e+00     0.0000e+00  0.0000e+00     0.0000e+00  0.0000e+00     0.0000e+00  0.0000e+00 
4.2240e+01     0.0000e+00  0.0000e+00     0.0000e+00  0.0000e+00     0.0000e+00  0.0000e+00     0.0000e+00  0.0000e+00 
4.7394e+01     0.0000e+00  0.0000e+00     0.0000e+00  0.0000e+00     0.0000e+00  0.0000e+00     0.0000e+00  0.0000e+00 
5.3176e+01     0.0000e+00  0.0000e+00     0.0000e+00  0.0000e+00     0.0000e+00  0.0000e+00     0.0000e+00  0.0000e+00 
5.9665e+01     1.4689e-07  2.7308e-07     8.7641e-06  1.6293e-05     2.1932e-05  4.0773e-05     1.3086e-03  2.4327e-03 
6.6945e+01     0.0000e+00  0.0000e+00     0.0000e+00  0.0000e+00     0.0000e+00  0.0000e+00     0.0000e+00  0.0000e+00 
7.5114e+01     0.0000e+00  0.0000e+00     0.0000e+00  0.0000e+00     0.0000e+00  0.0000e+00     0.0000e+00  0.0000e+00 
8.4279e+01     0.0000e+00  0.0000e+00     0.0000e+00  0.0000e+00     0.0000e+00  0.0000e+00     0.0000e+00  0.0000e+00 
9.4563e+01     0.0000e+00  0.0000e+00     0.0000e+00  0.0000e+00     0.0000e+00  0.0000e+00     0.0000e+00  0.0000e+00 
1.0610e+02     8.2602e-08  3.1987e-08     8.7641e-06  3.3938e-06     2.1932e-05  8.4930e-06     2.3270e-03  9.0112e-04 
1.1905e+02     0.0000e+00  0.0000e+00     0.0000e+00  0.0000e+00     0.0000e+00  0.0000e+00     0.0000e+00  0.0000e+00 
1.3357e+02     0.0000e+00  0.0000e+00     0.0000e+00  0.0000e+00     0.0000e+00  0.0000e+00     0.0000e+00  0.0000e+00 
1.4987e+02     0.0000e+00  0.0000e+00     0.0000e+00  0.0000e+00     0.0000e+00  0.0000e+00     0.0000e+00  0.0000e+00 
1.6816e+02     5.2118e-08  8.0814e-08     8.7641e-06  1.3590e-05     2.1932e-05  3.4007e-05     3.6880e-03  5.7186e-03 
1.8868e+02     0.0000e+00  0.0000e+00     0.0000e+00  0.0000e+00     0.0000e+00  0.0000e+00     0.0000e+00  0.0000e+00 
2.1170e+02     0.0000e+00  0.0000e+00     0.0000e+00  0.0000e+00     0.0000e+00  0.0000e+00     0.0000e+00  0.0000e+00 
2.3753e+02     0.0000e+00  0.0000e+00     0.0000e+00  0.0000e+00     0.0000e+00  0.0000e+00     0.0000e+00  0.0000e+00 
2.6651e+02     0.0000e+00  0.0000e+00     0.0000e+00  0.0000e+00     0.0000e+00  0.0000e+00     0.0000e+00  0.0000e+00 
2.9903e+02     0.0000e+00  0.0000e+00     0.0000e+00  0.0000e+00     0.0000e+00  0.0000e+00     0.0000e+00  0.0000e+00 
3.3552e+02     0.0000e+00  0.0000e+00     0.0000e+00  0.0000e+00     0.0000e+00  0.0000e+00     0.0000e+00  0.0000e+00 
3.7646e+02     0.0000e+00  0.0000e+00     0.0000e+00  0.0000e+00     0.0000e+00  0.0000e+00     0.0000e+00  0.0000e+00 
4.2240e+02     0.0000e+00  0.0000e+00     0.0000e+00  0.0000e+00     0.0000e+00  0.0000e+00     0.0000e+00  0.0000e+00 
4.7394e+02     0.0000e+00  0.0000e+00     0.0000e+00  0.0000e+00     0.0000e+00  0.0000e+00     0.0000e+00  0.0000e+00 
5.3176e+02     0.0000e+00  0.0000e+00     0.0000e+00  0.0000e+00     0.0000e+00  0.0000e+00     0.0000e+00  0.0000e+00 
5.9665e+02     0.0000e+00  0.0000e+00     0.0000e+00  0.0000e+00     0.0000e+00  0.0000e+00     0.0000e+00  0.0000e+00 
6.6945e+02     0.0000e+00  0.0000e+00     0.0000e+00  0.0000e+00     0.0000e+00  0.0000e+00     0.0000e+00  0.0000e+00 
7.5114e+02     0.0000e+00  0.0000e+00     0.0000e+00  0.0000e+00     0.0000e+00  0.0000e+00     0.0000e+00  0.0000e+00 
8.4279e+02     0.0000e+00  0.0000e+00     0.0000e+00  0.0000e+00     0.0000e+00  0.0000e+00     0.0000e+00  0.0000e+00 
9.4563e+02     0.0000e+00  0.0000e+00     0.0000e+00  0.0000e+00     0.0000e+00  0.0000e+00     0.0000e+00  0.0000e+00 
1.0610e+03     0.0000e+00  0.0000e+00     0.0000e+00  0.0000e+00     0.0000e+00  0.0000e+00     0.0000e+00  0.0000e+00 
1.1905e+03     0.0000e+00  0.0000e+00     0.0000e+00  0.0000e+00     0.0000e+00  0.0000e+00     0.0000e+00  0.0000e+00 
1.3357e+03     0.0000e+00  0.0000e+00     0.0000e+00  0.0000e+00     0.0000e+00  0.0000e+00     0.0000e+00  0.0000e+00 
1.4987e+03     0.0000e+00  0.0000e+00     0.0000e+00  0.0000e+00     0.0000e+00  0.0000e+00     0.0000e+00  0.0000e+00 
1.6816e+03     0.0000e+00  0.0000e+00     0.0000e+00  0.0000e+00     0.0000e+00  0.0000e+00     0.0000e+00  0.0000e+00 
1.8868e+03     0.0000e+00  0.0000e+00     0.0000e+00  0.0000e+00     0.0000e+00  0.0000e+00     0.0000e+00  0.0000e+00 
2.1170e+03     0.0000e+00  0.0000e+00     0.0000e+00  0.0000e+00     0.0000e+00  0.0000e+00     0.0000e+00  0.0000e+00 
2.3753e+03     0.0000e+00  0.0000e+00     0.0000e+00  0.0000e+00     0.0000e+00  0.0000e+00     0.0000e+00  0.0000e+00 
2.6651e+03     0.0000e+00  0.0000e+00     0.0000e+00  0.0000e+00     0.0000e+00  0.0000e+00     0.0000e+00  0.0000e+00 
2.9903e+03     0.0000e+00  0.0000e+00     0.0000e+00  0.0000e+00     0.0000e+00  0.0000e+00     0.0000e+00  0.0000e+00 
3.3552e+03     0.0000e+00  0.0000e+00     0.0000e+00  0.0000e+00     0.0000e+00  0.0000e+00     0.0000e+00  0.0000e+00 
3.7646e+03     0.0000e+00  0.0000e+00     0.0000e+00  0.0000e+00     0.0000e+00  0.0000e+00     0.0000e+00  0.0000e+00 
4.2240e+03     0.0000e+00  0.0000e+00     0.0000e+00  0.0000e+00     0.0000e+00  0.0000e+00     0.0000e+00  0.0000e+00 
4.7394e+03     0.0000e+00  0.0000e+00     0.0000e+00  0.0000e+00     0.0000e+00  0.0000e+00     0.0000e+00  0.0000e+00 
5.3176e+03     0.0000e+00  0.0000e+00     0.0000e+00  0.0000e+00     0.0000e+00  0.0000e+00     0.0000e+00  0.0000e+00 
5.9665e+03     0.0000e+00  0.0000e+00     0.0000e+00  0.0000e+00     0.0000e+00  0.0000e+00     0.0000e+00  0.0000e+00 
6.6945e+03     0.0000e+00  0.0000e+00     0.0000e+00  0.0000e+00     0.0000e+00  0.0000e+00     0.0000e+00  0.0000e+00 
7.5114e+03     0.0000e+00  0.0000e+00     0.0000e+00  0.0000e+00     0.0000e+00  0.0000e+00     0.0000e+00  0.0000e+00 
8.4279e+03     0.0000e+00  0.0000e+00     0.0000e+00  0.0000e+00     0.0000e+00  0.0000e+00     0.0000e+00  0.0000e+00 
9.4563e+03     0.0000e+00  0.0000e+00     0.0000e+00  0.0000e+00     0.0000e+00  0.0000e+00     0.0000e+00  0.0000e+00 
