yF = 3.2808e+00 (std: 6.4928e-03) keV/um
yD = 4.5605e+00 (std: 2.7155e-01) keV/um
y (keV/um)     f(y)(std)                  yf(y)(std)                 d(y)(std)                  yd(y)(std)  
1.0610e-03     0.0000e+00  0.0000e+00     0.0000e+00  0.0000e+00     0.0000e+00  0.0000e+00     0.0000e+00  0.0000e+00 
1.1905e-03     0.0000e+00  0.0000e+00     0.0000e+00  0.0000e+00     0.0000e+00  0.0000e+00     0.0000e+00  0.0000e+00 
1.3357e-03     0.0000e+00  0.0000e+00     0.0000e+00  0.0000e+00     0.0000e+00  0.0000e+00     0.0000e+00  0.0000e+00 
1.4987e-03     0.0000e+00  0.0000e+00     0.0000e+00  0.0000e+00     0.0000e+00  0.0000e+00     0.0000e+00  0.0000e+00 
1.6816e-03     0.0000e+00  0.0000e+00     0.0000e+00  0.0000e+00     0.0000e+00  0.0000e+00     0.0000e+00  0.0000e+00 
1.8868e-03     0.0000e+00  0.0000e+00     0.0000e+00  0.0000e+00     0.0000e+00  0.0000e+00     0.0000e+00  0.0000e+00 
2.1170e-03     0.0000e+00  0.0000e+00     0.0000e+00  0.0000e+00     0.0000e+00  0.0000e+00     0.0000e+00  0.0000e+00 
2.3753e-03     0.0000e+00  0.0000e+00     0.0000e+00  0.0000e+00     0.0000e+00  0.0000e+00     0.0000e+00  0.0000e+00 
2.6651e-03     0.0000e+00  0.0000e+00     0.0000e+00  0.0000e+00     0.0000e+00  0.0000e+00     0.0000e+00  0.0000e+00 
2.9903e-03     2.9325e-03  8.2938e-04     8.7693e-06  2.4801e-06     2.6729e-06  7.5598e-07     7.9930e-09  2.2606e-09 
3.3552e-03     2.6136e-03  5.2273e-04     8.7693e-06  1.7539e-06     2.6729e-06  5.3462e-07     8.9683e-09  1.7938e-09 
3.7646e-03     0.0000e+00  0.0000e+00     0.0000e+00  0.0000e+00     0.0000e+00  0.0000e+00     0.0000e+00  0.0000e+00 
4.2240e-03     0.0000e+00  0.0000e+00     0.0000e+00  0.0000e+00     0.0000e+00  0.0000e+00     0.0000e+00  0.0000e+00 
4.7394e-03     1.8503e-03  1.1921e-03     8.7693e-06  5.6497e-06     2.6729e-06  1.7221e-06     1.2668e-08  8.1616e-09 
5.3176e-03     1.6491e-03  1.1171e-03     8.7693e-06  5.9401e-06     2.6729e-06  1.8106e-06     1.4214e-08  9.6282e-09 
5.9665e-03     1.4698e-03  3.4919e-03     8.7693e-06  2.0834e-05     2.6729e-06  6.3505e-06     1.5948e-08  3.7890e-08 
6.6945e-03     2.6198e-03  1.8992e-03     1.7539e-05  1.2714e-05     5.3459e-06  3.8754e-06     3.5788e-08  2.5944e-08 
7.5114e-03     0.0000e+00  0.0000e+00     0.0000e+00  0.0000e+00     0.0000e+00  0.0000e+00     0.0000e+00  0.0000e+00 
8.4279e-03     1.0405e-03  6.2633e-04     8.7693e-06  5.2787e-06     2.6729e-06  1.6090e-06     2.2527e-08  1.3560e-08 
9.4563e-03     0.0000e+00  0.0000e+00     0.0000e+00  0.0000e+00     0.0000e+00  0.0000e+00     0.0000e+00  0.0000e+00 
1.0610e-02     0.0000e+00  0.0000e+00     0.0000e+00  0.0000e+00     0.0000e+00  0.0000e+00     0.0000e+00  0.0000e+00 
1.1905e-02     1.3996e-02  4.8559e-03     1.6662e-04  5.7808e-05     5.0786e-05  1.7621e-05     6.0459e-07  2.0977e-07 
1.3357e-02     4.5956e-03  1.9849e-03     6.1385e-05  2.6513e-05     1.8711e-05  8.0813e-06     2.4992e-07  1.0794e-07 
1.4987e-02     8.7768e-03  3.1861e-03     1.3154e-04  4.7751e-05     4.0094e-05  1.4555e-05     6.0090e-07  2.1814e-07 
1.6816e-02     8.3438e-03  2.8749e-03     1.4031e-04  4.8344e-05     4.2767e-05  1.4736e-05     7.1917e-07  2.4779e-07 
1.8868e-02     5.1125e-03  3.9603e-03     9.6462e-05  7.4721e-05     2.9402e-05  2.2776e-05     5.5476e-07  4.2973e-07 
2.1170e-02     4.9708e-03  1.8474e-03     1.0523e-04  3.9110e-05     3.2075e-05  1.1921e-05     6.7903e-07  2.5237e-07 
2.3753e-02     4.4302e-03  1.2050e-03     1.0523e-04  2.8623e-05     3.2075e-05  8.7248e-06     7.6189e-07  2.0724e-07 
2.6651e-02     7.2388e-03  1.8705e-03     1.9292e-04  4.9852e-05     5.8805e-05  1.5196e-05     1.5672e-06  4.0499e-07 
2.9903e-02     6.7449e-03  1.9305e-03     2.0169e-04  5.7728e-05     6.1478e-05  1.7596e-05     1.8384e-06  5.2619e-07 
3.3552e-02     4.9659e-03  2.0587e-03     1.6662e-04  6.9074e-05     5.0786e-05  2.1054e-05     1.7040e-06  7.0642e-07 
3.7646e-02     4.6588e-03  1.0406e-03     1.7539e-04  3.9176e-05     5.3459e-05  1.1942e-05     2.0125e-06  4.4955e-07 
4.2240e-02     7.0587e-03  1.8384e-03     2.9816e-04  7.7655e-05     9.0880e-05  2.3671e-05     3.8387e-06  9.9983e-07 
4.7394e-02     7.5863e-03  2.0161e-03     3.5954e-04  9.5550e-05     1.0959e-04  2.9125e-05     5.1939e-06  1.3804e-06 
5.3176e-02     6.9262e-03  1.7622e-03     3.6831e-04  9.3708e-05     1.1226e-04  2.8564e-05     5.9698e-06  1.5189e-06 
5.9665e-02     9.2594e-03  1.6488e-03     5.5246e-04  9.8378e-05     1.6840e-04  2.9988e-05     1.0047e-05  1.7893e-06 
6.6945e-02     8.1215e-03  1.0185e-03     5.4370e-04  6.8181e-05     1.6572e-04  2.0785e-05     1.1094e-05  1.3914e-06 
7.5114e-02     7.9388e-03  1.8491e-03     5.9631e-04  1.3889e-04     1.8176e-04  4.2336e-05     1.3653e-05  3.1800e-06 
8.4279e-02     9.5727e-03  1.3283e-03     8.0677e-04  1.1195e-04     2.4591e-04  3.4126e-05     2.0725e-05  2.8761e-06 
9.4563e-02     1.1777e-02  1.5599e-03     1.1137e-03  1.4751e-04     3.3946e-04  4.4967e-05     3.2101e-05  4.2522e-06 
1.0610e-01     1.0745e-02  1.6119e-03     1.1400e-03  1.7102e-04     3.4748e-04  5.2134e-05     3.6868e-05  5.5315e-06 
1.1905e-01     1.2523e-02  2.2382e-03     1.4908e-03  2.6645e-04     4.5440e-04  8.1221e-05     5.4095e-05  9.6691e-06 
1.3357e-01     1.4115e-02  1.3202e-03     1.8854e-03  1.7634e-04     5.7468e-04  5.3762e-05     7.6762e-05  7.1811e-06 
1.4987e-01     1.5623e-02  1.3361e-03     2.3414e-03  2.0024e-04     7.1368e-04  6.1052e-05     1.0696e-04  9.1500e-06 
1.6816e-01     1.7626e-02  1.8684e-03     2.9640e-03  3.1418e-04     9.0346e-04  9.5781e-05     1.5192e-04  1.6106e-05 
1.8868e-01     2.0822e-02  1.5556e-03     3.9286e-03  2.9350e-04     1.1975e-03  8.9494e-05     2.2594e-04  1.6885e-05 
2.1170e-01     1.9883e-02  1.2217e-03     4.2093e-03  2.5864e-04     1.2830e-03  7.8875e-05     2.7161e-04  1.6698e-05 
2.3753e-01     2.3443e-02  2.1573e-03     5.5685e-03  5.1242e-04     1.6973e-03  1.5623e-04     4.0317e-04  3.7108e-05 
2.6651e-01     2.8560e-02  2.2944e-03     7.6117e-03  6.1148e-04     2.3201e-03  1.8644e-04     6.1834e-04  4.9689e-05 
2.9903e-01     2.9472e-02  1.5198e-03     8.8131e-03  4.5447e-04     2.6863e-03  1.3863e-04     8.0330e-04  4.1455e-05 
3.3552e-01     3.1939e-02  1.7227e-03     1.0716e-02  5.7801e-04     3.2663e-03  1.7630e-04     1.0959e-03  5.9153e-05 
3.7646e-01     3.8272e-02  1.6983e-03     1.4408e-02  6.3933e-04     4.3917e-03  1.9507e-04     1.6533e-03  7.3435e-05 
4.2240e-01     4.4345e-02  2.2118e-03     1.8731e-02  9.3424e-04     5.7094e-03  2.8499e-04     2.4116e-03  1.2038e-04 
4.7394e-01     5.1217e-02  1.2273e-03     2.4273e-02  5.8166e-04     7.3987e-03  1.7790e-04     3.5065e-03  8.4312e-05 
5.3176e-01     5.7834e-02  1.1411e-03     3.0754e-02  6.0677e-04     9.3740e-03  1.8588e-04     4.9848e-03  9.8843e-05 
5.9665e-01     6.6065e-02  7.5439e-04     3.9418e-02  4.5010e-04     1.2015e-02  1.3924e-04     7.1687e-03  8.3078e-05 
6.6945e-01     7.2570e-02  9.6579e-04     4.8582e-02  6.4655e-04     1.4808e-02  1.9924e-04     9.9133e-03  1.3338e-04 
7.5114e-01     8.1874e-02  1.1303e-03     6.1499e-02  8.4900e-04     1.8745e-02  2.6143e-04     1.4080e-02  1.9637e-04 
8.4279e-01     9.3084e-02  1.0441e-03     7.8450e-02  8.8000e-04     2.3912e-02  2.7237e-04     2.0153e-02  2.2955e-04 
9.4563e-01     1.0437e-01  2.1004e-03     9.8698e-02  1.9862e-03     3.0084e-02  6.0834e-04     2.8448e-02  5.7526e-04 
1.0610e+00     1.1381e-01  1.5645e-03     1.2075e-01  1.6600e-03     3.6806e-02  5.1119e-04     3.9052e-02  5.4238e-04 
1.1905e+00     1.2724e-01  1.2757e-03     1.5148e-01  1.5186e-03     4.6172e-02  4.7182e-04     5.4967e-02  5.6169e-04 
1.3357e+00     1.4347e-01  1.6920e-03     1.9164e-01  2.2600e-03     5.8415e-02  6.9851e-04     7.8026e-02  9.3302e-04 
1.4987e+00     1.6161e-01  1.9878e-03     2.4221e-01  2.9792e-03     7.3827e-02  9.1976e-04     1.1065e-01  1.3785e-03 
1.6816e+00     1.8054e-01  1.9135e-03     3.0360e-01  3.2176e-03     9.2540e-02  9.9772e-04     1.5561e-01  1.6777e-03 
1.8868e+00     2.0295e-01  1.6561e-03     3.8293e-01  3.1247e-03     1.1672e-01  9.8004e-04     2.2022e-01  1.8491e-03 
2.1170e+00     2.3238e-01  3.0607e-03     4.9194e-01  6.4796e-03     1.4995e-01  1.9972e-03     3.1744e-01  4.2280e-03 
2.3753e+00     2.6153e-01  2.4600e-03     6.2121e-01  5.8433e-03     1.8935e-01  1.8201e-03     4.4976e-01  4.3232e-03 
2.6651e+00     2.9404e-01  1.5061e-03     7.8366e-01  4.0140e-03     2.3887e-01  1.3117e-03     6.3661e-01  3.4957e-03 
2.9903e+00     3.0759e-01  1.0194e-03     9.1979e-01  3.0484e-03     2.8036e-01  1.0822e-03     8.3837e-01  3.2362e-03 
3.3552e+00     2.8122e-01  1.2583e-03     9.4356e-01  4.2220e-03     2.8760e-01  1.4072e-03     9.6497e-01  4.7213e-03 
3.7646e+00     2.1997e-01  1.2848e-03     8.2810e-01  4.8369e-03     2.5241e-01  1.5566e-03     9.5023e-01  5.8601e-03 
4.2240e+00     1.5407e-01  3.3112e-04     6.5079e-01  1.3987e-03     1.9836e-01  5.7954e-04     8.3788e-01  2.4479e-03 
4.7394e+00     1.0170e-01  5.2200e-04     4.8198e-01  2.4739e-03     1.4691e-01  8.0818e-04     6.9626e-01  3.8303e-03 
5.3176e+00     6.7837e-02  4.6914e-04     3.6073e-01  2.4947e-03     1.0995e-01  7.9093e-04     5.8470e-01  4.2059e-03 
5.9665e+00     4.3575e-02  4.3686e-04     2.5999e-01  2.6065e-03     7.9248e-02  8.0981e-04     4.7283e-01  4.8317e-03 
6.6945e+00     2.7421e-02  3.9395e-04     1.8357e-01  2.6373e-03     5.5953e-02  8.1147e-04     3.7458e-01  5.4324e-03 
7.5114e+00     1.6932e-02  1.8093e-04     1.2718e-01  1.3590e-03     3.8766e-02  4.2129e-04     2.9118e-01  3.1645e-03 
8.4279e+00     9.8442e-03  1.5667e-04     8.2966e-02  1.3204e-03     2.5289e-02  4.0558e-04     2.1313e-01  3.4182e-03 
9.4563e+00     5.1459e-03  9.6775e-05     4.8661e-02  9.1513e-04     1.4832e-02  2.8048e-04     1.4026e-01  2.6523e-03 
1.0610e+01     2.4481e-03  1.2885e-04     2.5975e-02  1.3671e-03     7.9173e-03  4.1700e-04     8.4003e-02  4.4244e-03 
1.1905e+01     1.0681e-03  3.2948e-05     1.2715e-02  3.9224e-04     3.8758e-03  1.1980e-04     4.6140e-02  1.4262e-03 
1.3357e+01     3.9785e-04  3.7769e-05     5.3142e-03  5.0449e-04     1.6198e-03  1.5381e-04     2.1636e-02  2.0544e-03 
1.4987e+01     1.3692e-04  1.9554e-05     2.0520e-03  2.9306e-04     6.2547e-04  8.9335e-05     9.3740e-03  1.3389e-03 
1.6816e+01     4.0155e-05  1.2376e-05     6.7523e-04  2.0811e-04     2.0582e-04  6.3434e-05     3.4610e-03  1.0667e-03 
1.8868e+01     8.3660e-06  3.4100e-06     1.5785e-04  6.4338e-05     4.8113e-05  1.9611e-05     9.0778e-04  3.7001e-04 
2.1170e+01     2.4854e-06  2.5557e-06     5.2616e-05  5.4103e-05     1.6038e-05  1.6491e-05     3.3952e-04  3.4911e-04 
2.3753e+01     3.6919e-07  2.0922e-07     8.7693e-06  4.9695e-06     2.6729e-06  1.5148e-06     6.3491e-05  3.5980e-05 
2.6651e+01     0.0000e+00  0.0000e+00     0.0000e+00  0.0000e+00     0.0000e+00  0.0000e+00     0.0000e+00  0.0000e+00 
2.9903e+01     0.0000e+00  0.0000e+00     0.0000e+00  0.0000e+00     0.0000e+00  0.0000e+00     0.0000e+00  0.0000e+00 
3.3552e+01     0.0000e+00  0.0000e+00     0.0000e+00  0.0000e+00     0.0000e+00  0.0000e+00     0.0000e+00  0.0000e+00 
3.7646e+01     0.0000e+00  0.0000e+00     0.0000e+00  0.0000e+00     0.0000e+00  0.0000e+00     0.0000e+00  0.0000e+00 
4.2240e+01     0.0000e+00  0.0000e+00     0.0000e+00  0.0000e+00     0.0000e+00  0.0000e+00     0.0000e+00  0.0000e+00 
4.7394e+01     0.0000e+00  0.0000e+00     0.0000e+00  0.0000e+00     0.0000e+00  0.0000e+00     0.0000e+00  0.0000e+00 
5.3176e+01     0.0000e+00  0.0000e+00     0.0000e+00  0.0000e+00     0.0000e+00  0.0000e+00     0.0000e+00  0.0000e+00 
5.9665e+01     0.0000e+00  0.0000e+00     0.0000e+00  0.0000e+00     0.0000e+00  0.0000e+00     0.0000e+00  0.0000e+00 
6.6945e+01     0.0000e+00  0.0000e+00     0.0000e+00  0.0000e+00     0.0000e+00  0.0000e+00     0.0000e+00  0.0000e+00 
7.5114e+01     0.0000e+00  0.0000e+00     0.0000e+00  0.0000e+00     0.0000e+00  0.0000e+00     0.0000e+00  0.0000e+00 
8.4279e+01     0.0000e+00  0.0000e+00     0.0000e+00  0.0000e+00     0.0000e+00  0.0000e+00     0.0000e+00  0.0000e+00 
9.4563e+01     0.0000e+00  0.0000e+00     0.0000e+00  0.0000e+00     0.0000e+00  0.0000e+00     0.0000e+00  0.0000e+00 
1.0610e+02     0.0000e+00  0.0000e+00     0.0000e+00  0.0000e+00     0.0000e+00  0.0000e+00     0.0000e+00  0.0000e+00 
1.1905e+02     7.3662e-08  5.1725e-08     8.7693e-06  6.1577e-06     2.6729e-06  1.8769e-06     3.1821e-04  2.2344e-04 
1.3357e+02     6.5651e-08  1.4680e-08     8.7693e-06  1.9608e-06     2.6729e-06  5.9770e-07     3.5703e-04  7.9837e-05 
1.4987e+02     5.8512e-08  1.1703e-07     8.7693e-06  1.7539e-05     2.6729e-06  5.3460e-06     4.0060e-04  8.0122e-04 
1.6816e+02     0.0000e+00  0.0000e+00     0.0000e+00  0.0000e+00     0.0000e+00  0.0000e+00     0.0000e+00  0.0000e+00 
1.8868e+02     9.2955e-08  5.4304e-07     1.7539e-05  1.0246e-04     5.3459e-06  3.1230e-05     1.0086e-03  5.8924e-03 
2.1170e+02     0.0000e+00  0.0000e+00     0.0000e+00  0.0000e+00     0.0000e+00  0.0000e+00     0.0000e+00  0.0000e+00 
2.3753e+02     0.0000e+00  0.0000e+00     0.0000e+00  0.0000e+00     0.0000e+00  0.0000e+00     0.0000e+00  0.0000e+00 
2.6651e+02     0.0000e+00  0.0000e+00     0.0000e+00  0.0000e+00     0.0000e+00  0.0000e+00     0.0000e+00  0.0000e+00 
2.9903e+02     2.9325e-08  3.2410e-08     8.7693e-06  9.6916e-06     2.6729e-06  2.9541e-06     7.9930e-04  8.8337e-04 
3.3552e+02     0.0000e+00  0.0000e+00     0.0000e+00  0.0000e+00     0.0000e+00  0.0000e+00     0.0000e+00  0.0000e+00 
3.7646e+02     0.0000e+00  0.0000e+00     0.0000e+00  0.0000e+00     0.0000e+00  0.0000e+00     0.0000e+00  0.0000e+00 
4.2240e+02     0.0000e+00  0.0000e+00     0.0000e+00  0.0000e+00     0.0000e+00  0.0000e+00     0.0000e+00  0.0000e+00 
4.7394e+02     0.0000e+00  0.0000e+00     0.0000e+00  0.0000e+00     0.0000e+00  0.0000e+00     0.0000e+00  0.0000e+00 
5.3176e+02     1.6491e-08  5.4687e-09     8.7693e-06  2.9081e-06     2.6729e-06  8.8642e-07     1.4214e-03  4.7136e-04 
5.9665e+02     0.0000e+00  0.0000e+00     0.0000e+00  0.0000e+00     0.0000e+00  0.0000e+00     0.0000e+00  0.0000e+00 
6.6945e+02     0.0000e+00  0.0000e+00     0.0000e+00  0.0000e+00     0.0000e+00  0.0000e+00     0.0000e+00  0.0000e+00 
7.5114e+02     0.0000e+00  0.0000e+00     0.0000e+00  0.0000e+00     0.0000e+00  0.0000e+00     0.0000e+00  0.0000e+00 
8.4279e+02     1.0405e-08  1.1207e-08     8.7693e-06  9.4448e-06     2.6729e-06  2.8789e-06     2.2527e-03  2.4263e-03 
9.4563e+02     0.0000e+00  0.0000e+00     0.0000e+00  0.0000e+00     0.0000e+00  0.0000e+00     0.0000e+00  0.0000e+00 
1.0610e+03     0.0000e+00  0.0000e+00     0.0000e+00  0.0000e+00     0.0000e+00  0.0000e+00     0.0000e+00  0.0000e+00 
1.1905e+03     0.0000e+00  0.0000e+00     0.0000e+00  0.0000e+00     0.0000e+00  0.0000e+00     0.0000e+00  0.0000e+00 
1.3357e+03     0.0000e+00  0.0000e+00     0.0000e+00  0.0000e+00     0.0000e+00  0.0000e+00     0.0000e+00  0.0000e+00 
1.4987e+03     0.0000e+00  0.0000e+00     0.0000e+00  0.0000e+00     0.0000e+00  0.0000e+00     0.0000e+00  0.0000e+00 
1.6816e+03     0.0000e+00  0.0000e+00     0.0000e+00  0.0000e+00     0.0000e+00  0.0000e+00     0.0000e+00  0.0000e+00 
1.8868e+03     0.0000e+00  0.0000e+00     0.0000e+00  0.0000e+00     0.0000e+00  0.0000e+00     0.0000e+00  0.0000e+00 
2.1170e+03     0.0000e+00  0.0000e+00     0.0000e+00  0.0000e+00     0.0000e+00  0.0000e+00     0.0000e+00  0.0000e+00 
2.3753e+03     0.0000e+00  0.0000e+00     0.0000e+00  0.0000e+00     0.0000e+00  0.0000e+00     0.0000e+00  0.0000e+00 
2.6651e+03     0.0000e+00  0.0000e+00     0.0000e+00  0.0000e+00     0.0000e+00  0.0000e+00     0.0000e+00  0.0000e+00 
2.9903e+03     0.0000e+00  0.0000e+00     0.0000e+00  0.0000e+00     0.0000e+00  0.0000e+00     0.0000e+00  0.0000e+00 
3.3552e+03     0.0000e+00  0.0000e+00     0.0000e+00  0.0000e+00     0.0000e+00  0.0000e+00     0.0000e+00  0.0000e+00 
3.7646e+03     0.0000e+00  0.0000e+00     0.0000e+00  0.0000e+00     0.0000e+00  0.0000e+00     0.0000e+00  0.0000e+00 
4.2240e+03     0.0000e+00  0.0000e+00     0.0000e+00  0.0000e+00     0.0000e+00  0.0000e+00     0.0000e+00  0.0000e+00 
4.7394e+03     0.0000e+00  0.0000e+00     0.0000e+00  0.0000e+00     0.0000e+00  0.0000e+00     0.0000e+00  0.0000e+00 
5.3176e+03     0.0000e+00  0.0000e+00     0.0000e+00  0.0000e+00     0.0000e+00  0.0000e+00     0.0000e+00  0.0000e+00 
5.9665e+03     0.0000e+00  0.0000e+00     0.0000e+00  0.0000e+00     0.0000e+00  0.0000e+00     0.0000e+00  0.0000e+00 
6.6945e+03     0.0000e+00  0.0000e+00     0.0000e+00  0.0000e+00     0.0000e+00  0.0000e+00     0.0000e+00  0.0000e+00 
7.5114e+03     0.0000e+00  0.0000e+00     0.0000e+00  0.0000e+00     0.0000e+00  0.0000e+00     0.0000e+00  0.0000e+00 
8.4279e+03     0.0000e+00  0.0000e+00     0.0000e+00  0.0000e+00     0.0000e+00  0.0000e+00     0.0000e+00  0.0000e+00 
9.4563e+03     0.0000e+00  0.0000e+00     0.0000e+00  0.0000e+00     0.0000e+00  0.0000e+00     0.0000e+00  0.0000e+00 
