yF = 5.1150e-01 (std: 1.9063e-03) keV/um
yD = 2.3054e+00 (std: 9.8195e-01) keV/um
y (keV/um)     f(y)(std)                  yf(y)(std)                 d(y)(std)                  yd(y)(std)  
1.0610e-03     8.2388e-03  2.8084e-02     8.7414e-06  2.9797e-05     1.7090e-05  5.8254e-05     1.8132e-08  6.1808e-08 
1.1905e-03     2.9371e-02  1.1615e-02     3.4966e-05  1.3828e-05     6.8359e-05  2.7035e-05     8.1379e-08  3.2184e-08 
1.3357e-03     0.0000e+00  0.0000e+00     0.0000e+00  0.0000e+00     0.0000e+00  0.0000e+00     0.0000e+00  0.0000e+00 
1.4987e-03     1.1665e-02  4.1043e-03     1.7483e-05  6.1511e-06     3.4179e-05  1.2026e-05     5.1225e-08  1.8024e-08 
1.6816e-03     3.1190e-02  1.8175e-02     5.2448e-05  3.0564e-05     1.0254e-04  5.9754e-05     1.7243e-07  1.0048e-07 
1.8868e-03     9.2660e-03  7.1965e-03     1.7483e-05  1.3578e-05     3.4179e-05  2.6546e-05     6.4489e-08  5.0086e-08 
2.1170e-03     3.3033e-02  4.5215e-02     6.9931e-05  9.5720e-05     1.3672e-04  1.8714e-04     2.8943e-07  3.9617e-07 
2.3753e-03     2.5761e-02  1.5849e-02     6.1190e-05  3.7646e-05     1.1963e-04  7.3601e-05     2.8415e-07  1.7483e-07 
2.6651e-03     1.6400e-02  7.8515e-03     4.3707e-05  2.0925e-05     8.5449e-05  4.0911e-05     2.2773e-07  1.0903e-07 
2.9903e-03     2.3386e-02  9.8402e-03     6.9931e-05  2.9425e-05     1.3672e-04  5.7530e-05     4.0883e-07  1.7203e-07 
3.3552e-03     7.8160e-03  2.9935e-02     2.6224e-05  1.0044e-04     5.1269e-05  1.9636e-04     1.7202e-07  6.5882e-07 
3.7646e-03     1.3932e-02  6.9176e-03     5.2448e-05  2.6042e-05     1.0254e-04  5.0914e-05     3.8602e-07  1.9167e-07 
4.2240e-03     1.8625e-02  8.2451e-03     7.8673e-05  3.4827e-05     1.5381e-04  6.8090e-05     6.4968e-07  2.8761e-07 
4.7394e-03     2.9511e-02  1.4917e-02     1.3986e-04  7.0698e-05     2.7344e-04  1.3822e-04     1.2959e-06  6.5508e-07 
5.3176e-03     1.8082e-02  4.7270e-03     9.6155e-05  2.5136e-05     1.8799e-04  4.9147e-05     9.9965e-07  2.6135e-07 
5.9665e-03     2.3441e-02  9.7499e-03     1.3986e-04  5.8172e-05     2.7344e-04  1.1373e-04     1.6315e-06  6.7859e-07 
6.6945e-03     2.6115e-02  1.2004e-02     1.7483e-04  8.0360e-05     3.4179e-04  1.5711e-04     2.2882e-06  1.0518e-06 
7.5114e-03     1.5129e-02  1.1681e-02     1.1364e-04  8.7743e-05     2.2217e-04  1.7154e-04     1.6688e-06  1.2885e-06 
8.4279e-03     0.0000e+00  0.0000e+00     0.0000e+00  0.0000e+00     0.0000e+00  0.0000e+00     0.0000e+00  0.0000e+00 
9.4563e-03     9.2440e-04  6.4142e-04     8.7414e-06  6.0654e-06     1.7090e-05  1.1858e-05     1.6160e-07  1.1213e-07 
1.0610e-02     0.0000e+00  0.0000e+00     0.0000e+00  0.0000e+00     0.0000e+00  0.0000e+00     0.0000e+00  0.0000e+00 
1.1905e-02     7.7613e-01  6.1930e-02     9.2397e-03  7.3726e-04     1.8064e-02  1.4429e-03     2.1505e-04  1.7178e-05 
1.3357e-02     5.9553e-01  6.9100e-02     7.9547e-03  9.2299e-04     1.5552e-02  1.8054e-03     2.0773e-04  2.4115e-05 
1.4987e-02     4.8877e-01  4.4677e-02     7.3253e-03  6.6959e-04     1.4321e-02  1.3101e-03     2.1463e-04  1.9635e-05 
1.6816e-02     3.8571e-01  3.1993e-02     6.4861e-03  5.3799e-04     1.2681e-02  1.0528e-03     2.1324e-04  1.7705e-05 
1.8868e-02     3.1551e-01  3.0184e-02     5.9529e-03  5.6951e-04     1.1638e-02  1.1143e-03     2.1958e-04  2.1023e-05 
2.1170e-02     2.4569e-01  2.2097e-02     5.2011e-03  4.6779e-04     1.0168e-02  9.1533e-04     2.1526e-04  1.9378e-05 
2.3753e-02     3.3048e-01  1.9731e-02     7.8498e-03  4.6867e-04     1.5347e-02  9.1805e-04     3.6453e-04  2.1806e-05 
2.6651e-02     4.0933e-01  1.9778e-02     1.0909e-02  5.2711e-04     2.1328e-02  1.0336e-03     5.6842e-04  2.7546e-05 
2.9903e-02     4.3147e-01  1.0114e-02     1.2902e-02  3.0245e-04     2.5224e-02  5.9873e-04     7.5429e-04  1.7904e-05 
3.3552e-02     4.2545e-01  1.4871e-02     1.4275e-02  4.9897e-04     2.7908e-02  9.8102e-04     9.3636e-04  3.2915e-05 
3.7646e-02     4.2702e-01  1.6827e-02     1.6075e-02  6.3347e-04     3.1428e-02  1.2440e-03     1.1831e-03  4.6831e-05 
4.2240e-02     4.5032e-01  1.0683e-02     1.9021e-02  4.5123e-04     3.7187e-02  8.9298e-04     1.5708e-03  3.7719e-05 
4.7394e-02     4.6664e-01  1.1542e-02     2.2116e-02  5.4700e-04     4.3237e-02  1.0815e-03     2.0492e-03  5.1255e-05 
5.3176e-02     4.8444e-01  1.6007e-02     2.5761e-02  8.5121e-04     5.0363e-02  1.6747e-03     2.6782e-03  8.9054e-05 
5.9665e-02     5.4516e-01  1.7269e-02     3.2527e-02  1.0303e-03     6.3591e-02  2.0282e-03     3.7941e-03  1.2101e-04 
6.6945e-02     5.8289e-01  1.8576e-02     3.9022e-02  1.2436e-03     7.6289e-02  2.4478e-03     5.1072e-03  1.6387e-04 
7.5114e-02     6.2564e-01  1.4099e-02     4.6994e-02  1.0590e-03     9.1874e-02  2.0986e-03     6.9010e-03  1.5763e-04 
8.4279e-02     6.6744e-01  1.7381e-02     5.6251e-02  1.4648e-03     1.0997e-01  2.8929e-03     9.2684e-03  2.4381e-04 
9.4563e-02     7.2436e-01  1.6918e-02     6.8498e-02  1.5998e-03     1.3392e-01  3.1673e-03     1.2663e-02  2.9951e-04 
1.0610e-01     7.8408e-01  1.7110e-02     8.3192e-02  1.8154e-03     1.6264e-01  3.6006e-03     1.7257e-02  3.8202e-04 
1.1905e-01     8.6675e-01  1.1999e-02     1.0318e-01  1.4284e-03     2.0173e-01  2.8920e-03     2.4015e-02  3.4428e-04 
1.3357e-01     9.3577e-01  8.5777e-03     1.2499e-01  1.1457e-03     2.4437e-01  2.4180e-03     3.2641e-02  3.2299e-04 
1.4987e-01     1.0257e+00  1.4862e-02     1.5373e-01  2.2275e-03     3.0054e-01  4.4965e-03     4.5042e-02  6.7390e-04 
1.6816e-01     1.1484e+00  1.5576e-02     1.9312e-01  2.6192e-03     3.7755e-01  5.3104e-03     6.3488e-02  8.9298e-04 
1.8868e-01     1.2626e+00  2.3327e-02     2.3822e-01  4.4013e-03     4.6573e-01  8.7780e-03     8.7873e-02  1.6562e-03 
2.1170e-01     1.3963e+00  1.8691e-02     2.9559e-01  3.9568e-03     5.7789e-01  8.0299e-03     1.2234e-01  1.6999e-03 
2.3753e-01     1.5532e+00  9.0087e-03     3.6892e-01  2.1398e-03     7.2126e-01  4.9726e-03     1.7132e-01  1.1812e-03 
2.6651e-01     1.7041e+00  2.4590e-02     4.5418e-01  6.5535e-03     8.8793e-01  1.3233e-02     2.3665e-01  3.5267e-03 
2.9903e-01     1.8054e+00  1.0078e-02     5.3989e-01  3.0137e-03     1.0555e+00  7.0844e-03     3.1563e-01  2.1185e-03 
3.3552e-01     1.8944e+00  1.1292e-02     6.3561e-01  3.7886e-03     1.2426e+00  8.7356e-03     4.1693e-01  2.9310e-03 
3.7646e-01     1.8682e+00  7.2723e-03     7.0331e-01  2.7377e-03     1.3750e+00  7.4101e-03     5.1763e-01  2.7896e-03 
4.2240e-01     1.7433e+00  1.3152e-02     7.3635e-01  5.5554e-03     1.4396e+00  1.2114e-02     6.0808e-01  5.1169e-03 
4.7394e-01     1.5181e+00  7.5491e-03     7.1946e-01  3.5778e-03     1.4066e+00  8.7411e-03     6.6662e-01  4.1427e-03 
5.3176e-01     1.2060e+00  1.5058e-02     6.4132e-01  8.0072e-03     1.2538e+00  1.6337e-02     6.6673e-01  8.6874e-03 
5.9665e-01     8.9517e-01  4.1369e-03     5.3410e-01  2.4683e-03     1.0442e+00  6.1993e-03     6.2301e-01  3.6988e-03 
6.6945e-01     6.1539e-01  3.7967e-03     4.1197e-01  2.5417e-03     8.0542e-01  5.8054e-03     5.3919e-01  3.8864e-03 
7.5114e-01     4.1001e-01  1.4901e-03     3.0798e-01  1.1193e-03     6.0211e-01  3.1343e-03     4.5226e-01  2.3543e-03 
8.4279e-01     2.6677e-01  2.8660e-03     2.2483e-01  2.4154e-03     4.3955e-01  4.9983e-03     3.7045e-01  4.2125e-03 
9.4563e-01     1.7608e-01  3.7901e-03     1.6651e-01  3.5840e-03     3.2553e-01  7.1112e-03     3.0783e-01  6.7245e-03 
1.0610e+00     1.1956e-01  1.2446e-03     1.2686e-01  1.3206e-03     2.4801e-01  2.7422e-03     2.6314e-01  2.9095e-03 
1.1905e+00     8.1762e-02  1.0872e-03     9.7336e-02  1.2943e-03     1.9029e-01  2.6280e-03     2.2654e-01  3.1285e-03 
1.3357e+00     5.9363e-02  1.2018e-03     7.9293e-02  1.6052e-03     1.5502e-01  3.1910e-03     2.0707e-01  4.2624e-03 
1.4987e+00     4.2584e-02  5.9153e-04     6.3821e-02  8.8654e-04     1.2477e-01  1.7945e-03     1.8700e-01  2.6895e-03 
1.6816e+00     3.1029e-02  7.3842e-04     5.2177e-02  1.2417e-03     1.0201e-01  2.4572e-03     1.7154e-01  4.1320e-03 
1.8868e+00     2.2980e-02  7.1449e-04     4.3357e-02  1.3481e-03     8.4765e-02  2.6544e-03     1.5993e-01  5.0083e-03 
2.1170e+00     1.7351e-02  4.5621e-04     3.6731e-02  9.6580e-04     7.1811e-02  1.9070e-03     1.5202e-01  4.0372e-03 
2.3753e+00     1.2777e-02  4.3571e-04     3.0350e-02  1.0350e-03     5.9336e-02  2.0354e-03     1.4094e-01  4.8347e-03 
2.6651e+00     9.8594e-03  2.6443e-04     2.6277e-02  7.0475e-04     5.1372e-02  1.3911e-03     1.3691e-01  3.7073e-03 
2.9903e+00     7.2847e-03  1.7669e-04     2.1784e-02  5.2835e-04     4.2588e-02  1.0451e-03     1.2735e-01  3.1251e-03 
3.3552e+00     5.2549e-03  1.6092e-04     1.7631e-02  5.3992e-04     3.4470e-02  1.0633e-03     1.1565e-01  3.5677e-03 
3.7646e+00     3.7849e-03  1.9025e-04     1.4248e-02  7.1621e-04     2.7856e-02  1.4041e-03     1.0487e-01  5.2857e-03 
4.2240e+00     2.6282e-03  1.5603e-04     1.1102e-02  6.5907e-04     2.1704e-02  1.2910e-03     9.1677e-02  5.4533e-03 
4.7394e+00     1.7079e-03  1.2205e-04     8.0945e-03  5.7843e-04     1.5825e-02  1.1324e-03     7.5001e-02  5.3668e-03 
5.3176e+00     1.1047e-03  9.5627e-05     5.8742e-03  5.0851e-04     1.1484e-02  9.9507e-04     6.1069e-02  5.2914e-03 
5.9665e+00     6.3878e-04  5.7958e-05     3.8113e-03  3.4580e-04     7.4511e-03  6.7663e-04     4.4457e-02  4.0371e-03 
6.6945e+00     3.7736e-04  1.6691e-05     2.5263e-03  1.1174e-04     4.9389e-03  2.1922e-04     3.3064e-02  1.4676e-03 
7.5114e+00     1.5129e-04  1.8976e-05     1.1364e-03  1.4254e-04     2.2217e-03  2.7878e-04     1.6688e-02  2.0940e-03 
8.4279e+00     6.9492e-05  1.6862e-05     5.8567e-04  1.4211e-04     1.1450e-03  2.7786e-04     9.6501e-03  2.3418e-03 
9.4563e+00     2.3110e-05  5.1432e-06     2.1854e-04  4.8636e-05     4.2724e-04  9.5098e-05     4.0401e-03  8.9927e-04 
1.0610e+01     1.1534e-05  3.5145e-06     1.2238e-04  3.7289e-05     2.3926e-04  7.2907e-05     2.5385e-03  7.7355e-04 
1.1905e+01     2.2028e-06  1.1455e-06     2.6224e-05  1.3636e-05     5.1269e-05  2.6660e-05     6.1035e-04  3.1739e-04 
1.3357e+01     1.3089e-06  6.4494e-07     1.7483e-05  8.6147e-06     3.4179e-05  1.6842e-05     4.5655e-04  2.2497e-04 
1.4987e+01     5.8326e-07  2.3327e-07     8.7414e-06  3.4960e-06     1.7090e-05  6.8351e-06     2.5613e-04  1.0244e-04 
1.6816e+01     0.0000e+00  0.0000e+00     0.0000e+00  0.0000e+00     0.0000e+00  0.0000e+00     0.0000e+00  0.0000e+00 
1.8868e+01     0.0000e+00  0.0000e+00     0.0000e+00  0.0000e+00     0.0000e+00  0.0000e+00     0.0000e+00  0.0000e+00 
2.1170e+01     4.1292e-07  2.9337e-07     8.7414e-06  6.2106e-06     1.7090e-05  1.2142e-05     3.6179e-04  2.5705e-04 
2.3753e+01     0.0000e+00  0.0000e+00     0.0000e+00  0.0000e+00     0.0000e+00  0.0000e+00     0.0000e+00  0.0000e+00 
2.6651e+01     0.0000e+00  0.0000e+00     0.0000e+00  0.0000e+00     0.0000e+00  0.0000e+00     0.0000e+00  0.0000e+00 
2.9903e+01     0.0000e+00  0.0000e+00     0.0000e+00  0.0000e+00     0.0000e+00  0.0000e+00     0.0000e+00  0.0000e+00 
3.3552e+01     0.0000e+00  0.0000e+00     0.0000e+00  0.0000e+00     0.0000e+00  0.0000e+00     0.0000e+00  0.0000e+00 
3.7646e+01     0.0000e+00  0.0000e+00     0.0000e+00  0.0000e+00     0.0000e+00  0.0000e+00     0.0000e+00  0.0000e+00 
4.2240e+01     0.0000e+00  0.0000e+00     0.0000e+00  0.0000e+00     0.0000e+00  0.0000e+00     0.0000e+00  0.0000e+00 
4.7394e+01     1.8444e-07  1.6924e-07     8.7414e-06  8.0207e-06     1.7090e-05  1.5681e-05     8.0994e-04  7.4317e-04 
5.3176e+01     0.0000e+00  0.0000e+00     0.0000e+00  0.0000e+00     0.0000e+00  0.0000e+00     0.0000e+00  0.0000e+00 
5.9665e+01     1.4651e-07  1.7142e-07     8.7414e-06  1.0228e-05     1.7090e-05  1.9995e-05     1.0197e-03  1.1930e-03 
6.6945e+01     0.0000e+00  0.0000e+00     0.0000e+00  0.0000e+00     0.0000e+00  0.0000e+00     0.0000e+00  0.0000e+00 
7.5114e+01     2.3275e-07  2.3509e-07     1.7483e-05  1.7659e-05     3.4179e-05  3.4524e-05     2.5673e-03  2.5932e-03 
8.4279e+01     0.0000e+00  0.0000e+00     0.0000e+00  0.0000e+00     0.0000e+00  0.0000e+00     0.0000e+00  0.0000e+00 
9.4563e+01     9.2440e-08  4.0290e-08     8.7414e-06  3.8100e-06     1.7090e-05  7.4489e-06     1.6160e-03  7.0438e-04 
1.0610e+02     0.0000e+00  0.0000e+00     0.0000e+00  0.0000e+00     0.0000e+00  0.0000e+00     0.0000e+00  0.0000e+00 
1.1905e+02     0.0000e+00  0.0000e+00     0.0000e+00  0.0000e+00     0.0000e+00  0.0000e+00     0.0000e+00  0.0000e+00 
1.3357e+02     0.0000e+00  0.0000e+00     0.0000e+00  0.0000e+00     0.0000e+00  0.0000e+00     0.0000e+00  0.0000e+00 
1.4987e+02     0.0000e+00  0.0000e+00     0.0000e+00  0.0000e+00     0.0000e+00  0.0000e+00     0.0000e+00  0.0000e+00 
1.6816e+02     0.0000e+00  0.0000e+00     0.0000e+00  0.0000e+00     0.0000e+00  0.0000e+00     0.0000e+00  0.0000e+00 
1.8868e+02     0.0000e+00  0.0000e+00     0.0000e+00  0.0000e+00     0.0000e+00  0.0000e+00     0.0000e+00  0.0000e+00 
2.1170e+02     0.0000e+00  0.0000e+00     0.0000e+00  0.0000e+00     0.0000e+00  0.0000e+00     0.0000e+00  0.0000e+00 
2.3753e+02     0.0000e+00  0.0000e+00     0.0000e+00  0.0000e+00     0.0000e+00  0.0000e+00     0.0000e+00  0.0000e+00 
2.6651e+02     0.0000e+00  0.0000e+00     0.0000e+00  0.0000e+00     0.0000e+00  0.0000e+00     0.0000e+00  0.0000e+00 
2.9903e+02     2.9232e-08  1.1803e-07     8.7414e-06  3.5294e-05     1.7090e-05  6.9002e-05     5.1104e-03  2.0634e-02 
3.3552e+02     0.0000e+00  0.0000e+00     0.0000e+00  0.0000e+00     0.0000e+00  0.0000e+00     0.0000e+00  0.0000e+00 
3.7646e+02     0.0000e+00  0.0000e+00     0.0000e+00  0.0000e+00     0.0000e+00  0.0000e+00     0.0000e+00  0.0000e+00 
4.2240e+02     2.0695e-08  2.9268e-09     8.7414e-06  1.2362e-06     1.7090e-05  2.4177e-06     7.2186e-03  1.0212e-03 
4.7394e+02     0.0000e+00  0.0000e+00     0.0000e+00  0.0000e+00     0.0000e+00  0.0000e+00     0.0000e+00  0.0000e+00 
5.3176e+02     0.0000e+00  0.0000e+00     0.0000e+00  0.0000e+00     0.0000e+00  0.0000e+00     0.0000e+00  0.0000e+00 
5.9665e+02     1.4651e-08  1.4164e-08     8.7414e-06  8.4512e-06     1.7090e-05  1.6523e-05     1.0197e-02  9.8582e-03 
6.6945e+02     0.0000e+00  0.0000e+00     0.0000e+00  0.0000e+00     0.0000e+00  0.0000e+00     0.0000e+00  0.0000e+00 
7.5114e+02     0.0000e+00  0.0000e+00     0.0000e+00  0.0000e+00     0.0000e+00  0.0000e+00     0.0000e+00  0.0000e+00 
8.4279e+02     0.0000e+00  0.0000e+00     0.0000e+00  0.0000e+00     0.0000e+00  0.0000e+00     0.0000e+00  0.0000e+00 
9.4563e+02     0.0000e+00  0.0000e+00     0.0000e+00  0.0000e+00     0.0000e+00  0.0000e+00     0.0000e+00  0.0000e+00 
1.0610e+03     0.0000e+00  0.0000e+00     0.0000e+00  0.0000e+00     0.0000e+00  0.0000e+00     0.0000e+00  0.0000e+00 
1.1905e+03     0.0000e+00  0.0000e+00     0.0000e+00  0.0000e+00     0.0000e+00  0.0000e+00     0.0000e+00  0.0000e+00 
1.3357e+03     0.0000e+00  0.0000e+00     0.0000e+00  0.0000e+00     0.0000e+00  0.0000e+00     0.0000e+00  0.0000e+00 
1.4987e+03     0.0000e+00  0.0000e+00     0.0000e+00  0.0000e+00     0.0000e+00  0.0000e+00     0.0000e+00  0.0000e+00 
1.6816e+03     0.0000e+00  0.0000e+00     0.0000e+00  0.0000e+00     0.0000e+00  0.0000e+00     0.0000e+00  0.0000e+00 
1.8868e+03     0.0000e+00  0.0000e+00     0.0000e+00  0.0000e+00     0.0000e+00  0.0000e+00     0.0000e+00  0.0000e+00 
2.1170e+03     0.0000e+00  0.0000e+00     0.0000e+00  0.0000e+00     0.0000e+00  0.0000e+00     0.0000e+00  0.0000e+00 
2.3753e+03     0.0000e+00  0.0000e+00     0.0000e+00  0.0000e+00     0.0000e+00  0.0000e+00     0.0000e+00  0.0000e+00 
2.6651e+03     0.0000e+00  0.0000e+00     0.0000e+00  0.0000e+00     0.0000e+00  0.0000e+00     0.0000e+00  0.0000e+00 
2.9903e+03     0.0000e+00  0.0000e+00     0.0000e+00  0.0000e+00     0.0000e+00  0.0000e+00     0.0000e+00  0.0000e+00 
3.3552e+03     0.0000e+00  0.0000e+00     0.0000e+00  0.0000e+00     0.0000e+00  0.0000e+00     0.0000e+00  0.0000e+00 
3.7646e+03     0.0000e+00  0.0000e+00     0.0000e+00  0.0000e+00     0.0000e+00  0.0000e+00     0.0000e+00  0.0000e+00 
4.2240e+03     0.0000e+00  0.0000e+00     0.0000e+00  0.0000e+00     0.0000e+00  0.0000e+00     0.0000e+00  0.0000e+00 
4.7394e+03     0.0000e+00  0.0000e+00     0.0000e+00  0.0000e+00     0.0000e+00  0.0000e+00     0.0000e+00  0.0000e+00 
5.3176e+03     0.0000e+00  0.0000e+00     0.0000e+00  0.0000e+00     0.0000e+00  0.0000e+00     0.0000e+00  0.0000e+00 
5.9665e+03     0.0000e+00  0.0000e+00     0.0000e+00  0.0000e+00     0.0000e+00  0.0000e+00     0.0000e+00  0.0000e+00 
6.6945e+03     0.0000e+00  0.0000e+00     0.0000e+00  0.0000e+00     0.0000e+00  0.0000e+00     0.0000e+00  0.0000e+00 
7.5114e+03     0.0000e+00  0.0000e+00     0.0000e+00  0.0000e+00     0.0000e+00  0.0000e+00     0.0000e+00  0.0000e+00 
8.4279e+03     0.0000e+00  0.0000e+00     0.0000e+00  0.0000e+00     0.0000e+00  0.0000e+00     0.0000e+00  0.0000e+00 
9.4563e+03     0.0000e+00  0.0000e+00     0.0000e+00  0.0000e+00     0.0000e+00  0.0000e+00     0.0000e+00  0.0000e+00 
