yF = 4.5201e-01 (std: 1.3812e-03) keV/um
yD = 4.1615e+00 (std: 1.5064e+00) keV/um
y (keV/um)     f(y)(std)                  yf(y)(std)                 d(y)(std)                  yd(y)(std)  
1.0610e-03     2.4742e-02  1.5515e-02     2.6252e-05  1.6462e-05     5.8078e-05  3.6419e-05     6.1621e-08  3.8641e-08 
1.1905e-03     1.4701e-02  1.7289e-02     1.7501e-05  2.0582e-05     3.8719e-05  4.5535e-05     4.6093e-08  5.4208e-08 
1.3357e-03     1.9654e-02  1.0532e-02     2.6252e-05  1.4068e-05     5.8078e-05  3.1123e-05     7.7576e-08  4.1572e-08 
1.4987e-03     2.3355e-02  6.8243e-03     3.5003e-05  1.0228e-05     7.7437e-05  2.2628e-05     1.1606e-07  3.3913e-08 
1.6816e-03     1.5611e-02  7.6593e-03     2.6252e-05  1.2880e-05     5.8078e-05  2.8495e-05     9.7663e-08  4.7917e-08 
1.8868e-03     1.8552e-02  1.0406e-02     3.5003e-05  1.9634e-05     7.7437e-05  4.3436e-05     1.4611e-07  8.1955e-08 
2.1170e-03     2.0668e-02  1.4087e-02     4.3753e-05  2.9823e-05     9.6796e-05  6.5978e-05     2.0492e-07  1.3968e-07 
2.3753e-03     7.3680e-03  2.6214e-03     1.7501e-05  6.2266e-06     3.8719e-05  1.3776e-05     9.1968e-08  3.2721e-08 
2.6651e-03     9.8502e-03  5.7378e-03     2.6252e-05  1.5292e-05     5.8078e-05  3.3831e-05     1.5479e-07  9.0165e-08 
2.9903e-03     8.7790e-03  6.8831e-03     2.6252e-05  2.0583e-05     5.8078e-05  4.5536e-05     1.7367e-07  1.3617e-07 
3.3552e-03     2.8689e-02  9.2170e-03     9.6257e-05  3.0925e-05     2.1295e-04  6.8419e-05     7.1450e-07  2.2956e-07 
3.7646e-03     3.2542e-02  3.2899e-02     1.2251e-04  1.2385e-04     2.7103e-04  2.7400e-04     1.0203e-06  1.0315e-06 
4.2240e-03     1.8645e-02  1.2345e-02     7.8756e-05  5.2146e-05     1.7423e-04  1.1536e-04     7.3595e-07  4.8729e-07 
4.7394e-03     3.1389e-02  1.1555e-02     1.4876e-04  5.4765e-05     3.2911e-04  1.2116e-04     1.5598e-06  5.7423e-07 
5.3176e-03     3.2912e-02  1.5007e-02     1.7501e-04  7.9802e-05     3.8719e-04  1.7655e-04     2.0589e-06  9.3884e-07 
5.9665e-03     3.3733e-02  6.8037e-03     2.0127e-04  4.0594e-05     4.4526e-04  8.9817e-05     2.6567e-06  5.3589e-07 
6.6945e-03     4.1828e-02  1.1202e-02     2.8002e-04  7.4992e-05     6.1950e-04  1.6592e-04     4.1472e-06  1.1107e-06 
7.5114e-03     1.6310e-02  1.1517e-02     1.2251e-04  8.6506e-05     2.7103e-04  1.9138e-04     2.0358e-06  1.4375e-06 
8.4279e-03     3.1149e-03  3.2526e-03     2.6252e-05  2.7413e-05     5.8078e-05  6.0646e-05     4.8947e-07  5.1112e-07 
9.4563e-03     9.2538e-04  6.3060e-03     8.7507e-06  5.9631e-05     1.9359e-05  1.3192e-04     1.8307e-07  1.2475e-06 
1.0610e-02     0.0000e+00  0.0000e+00     0.0000e+00  0.0000e+00     0.0000e+00  0.0000e+00     0.0000e+00  0.0000e+00 
1.1905e-02     9.3426e-01  3.0339e-02     1.1122e-02  3.6117e-04     2.4606e-02  8.0256e-04     2.9292e-04  9.5543e-06 
1.3357e-02     7.9663e-01  2.1923e-02     1.0641e-02  2.9283e-04     2.3541e-02  6.5181e-04     3.1444e-04  8.7064e-06 
1.4987e-02     6.2008e-01  2.0927e-02     9.2932e-03  3.1363e-04     2.0560e-02  6.9670e-04     3.0813e-04  1.0442e-05 
1.6816e-02     5.0841e-01  1.8442e-02     8.5494e-03  3.1012e-04     1.8914e-02  6.8852e-04     3.1806e-04  1.1578e-05 
1.8868e-02     4.0211e-01  4.2879e-02     7.5868e-03  8.0903e-04     1.6784e-02  1.7906e-03     3.1668e-04  3.3784e-05 
2.1170e-02     3.4846e-01  2.3302e-02     7.3768e-03  4.9330e-04     1.6320e-02  1.0925e-03     3.4549e-04  2.3128e-05 
2.3753e-02     4.0082e-01  2.0738e-02     9.5207e-03  4.9259e-04     2.1063e-02  1.0917e-03     5.0031e-04  2.5930e-05 
2.6651e-02     5.5621e-01  2.1289e-02     1.4824e-02  5.6737e-04     3.2795e-02  1.2592e-03     8.7402e-04  3.3559e-05 
2.9903e-02     5.4137e-01  1.2505e-02     1.6189e-02  3.7394e-04     3.5815e-02  8.3447e-04     1.0710e-03  2.4953e-05 
3.3552e-02     5.4248e-01  3.2142e-02     1.8201e-02  1.0784e-03     4.0267e-02  2.3890e-03     1.3511e-03  8.0156e-05 
3.7646e-02     5.5508e-01  1.4040e-02     2.0897e-02  5.2854e-04     4.6230e-02  1.1778e-03     1.7404e-03  4.4339e-05 
4.2240e-02     5.8794e-01  1.4674e-02     2.4834e-02  6.1983e-04     5.4942e-02  1.3815e-03     2.3207e-03  5.8354e-05 
4.7394e-02     6.1134e-01  7.3834e-03     2.8973e-02  3.4993e-04     6.4099e-02  7.9854e-04     3.0379e-03  3.7846e-05 
5.3176e-02     6.4112e-01  2.5516e-02     3.4093e-02  1.3568e-03     7.5424e-02  3.0106e-03     4.0108e-03  1.6009e-04 
5.9665e-02     7.0296e-01  1.2824e-02     4.1942e-02  7.6514e-04     9.2789e-02  1.7163e-03     5.5362e-03  1.0240e-04 
6.6945e-02     7.5187e-01  9.7509e-03     5.0334e-02  6.5278e-04     1.1135e-01  1.4837e-03     7.4546e-03  9.9326e-05 
7.5114e-02     7.9511e-01  1.7049e-02     5.9723e-02  1.2806e-03     1.3213e-01  2.8617e-03     9.9245e-03  2.1495e-04 
8.4279e-02     8.4549e-01  1.5549e-02     7.1257e-02  1.3104e-03     1.5764e-01  2.9388e-03     1.3286e-02  2.4768e-04 
9.4563e-02     9.3510e-01  1.5440e-02     8.8426e-02  1.4600e-03     1.9563e-01  3.2849e-03     1.8499e-02  3.1063e-04 
1.0610e-01     1.0323e+00  1.0445e-02     1.0953e-01  1.1082e-03     2.4232e-01  2.5610e-03     2.5710e-02  2.7173e-04 
1.1905e-01     1.1076e+00  5.7050e-03     1.3186e-01  6.7917e-04     2.9171e-01  1.7470e-03     3.4727e-02  2.0798e-04 
1.3357e-01     1.2351e+00  9.3145e-03     1.6498e-01  1.2442e-03     3.6498e-01  2.9698e-03     4.8752e-02  3.9669e-04 
1.4987e-01     1.3331e+00  3.0511e-02     1.9979e-01  4.5727e-03     4.4199e-01  1.0206e-02     6.6242e-02  1.5296e-03 
1.6816e-01     1.4855e+00  1.9057e-02     2.4980e-01  3.2046e-03     5.5263e-01  7.2878e-03     9.2929e-02  1.2255e-03 
1.8868e-01     1.6440e+00  6.7377e-03     3.1019e-01  1.2713e-03     6.8623e-01  3.5081e-03     1.2948e-01  6.6189e-04 
2.1170e-01     1.8217e+00  8.2353e-03     3.8564e-01  1.7434e-03     8.5316e-01  4.6553e-03     1.8061e-01  9.8553e-04 
2.3753e-01     1.9605e+00  2.3791e-02     4.6567e-01  5.6511e-03     1.0302e+00  1.2892e-02     2.4470e-01  3.0623e-03 
2.6651e-01     2.0760e+00  1.2547e-02     5.5329e-01  3.3440e-03     1.2240e+00  8.2898e-03     3.2623e-01  2.2093e-03 
2.9903e-01     2.1178e+00  9.7957e-03     6.3329e-01  2.9292e-03     1.4010e+00  7.7668e-03     4.1895e-01  2.3225e-03 
3.3552e-01     2.0823e+00  9.9196e-03     6.9865e-01  3.3282e-03     1.5456e+00  8.7476e-03     5.1860e-01  2.9350e-03 
3.7646e-01     1.9190e+00  1.1374e-02     7.2243e-01  4.2818e-03     1.5982e+00  1.0657e-02     6.0168e-01  4.0121e-03 
4.2240e-01     1.6421e+00  1.0346e-02     6.9363e-01  4.3700e-03     1.5345e+00  1.0745e-02     6.4818e-01  4.5386e-03 
4.7394e-01     1.3105e+00  5.3371e-03     6.2107e-01  2.5294e-03     1.3740e+00  6.9958e-03     6.5119e-01  3.3156e-03 
5.3176e-01     9.7569e-01  9.8768e-03     5.1884e-01  5.2521e-03     1.1478e+00  1.2137e-02     6.1038e-01  6.4541e-03 
5.9665e-01     6.7002e-01  7.6987e-03     3.9977e-01  4.5934e-03     8.8441e-01  1.0515e-02     5.2768e-01  6.2739e-03 
6.6945e-01     4.4196e-01  3.8635e-03     2.9587e-01  2.5864e-03     6.5456e-01  6.0614e-03     4.3819e-01  4.0578e-03 
7.5114e-01     2.9006e-01  1.7678e-03     2.1787e-01  1.3279e-03     4.8201e-01  3.2863e-03     3.6205e-01  2.4684e-03 
8.4279e-01     1.8858e-01  2.5596e-03     1.5893e-01  2.1572e-03     3.5160e-01  4.8918e-03     2.9633e-01  4.1228e-03 
9.4563e-01     1.2898e-01  2.0383e-03     1.2197e-01  1.9274e-03     2.6983e-01  4.3431e-03     2.5516e-01  4.1069e-03 
1.0610e+00     8.9370e-02  5.4603e-04     9.4822e-02  5.7935e-04     2.0978e-01  1.4331e-03     2.2258e-01  1.5205e-03 
1.1905e+00     6.3796e-02  1.7401e-03     7.5947e-02  2.0715e-03     1.6802e-01  4.6116e-03     2.0002e-01  5.4900e-03 
1.3357e+00     4.6356e-02  8.0573e-04     6.1920e-02  1.0762e-03     1.3699e-01  2.4175e-03     1.8298e-01  3.2291e-03 
1.4987e+00     3.3374e-02  9.0878e-04     5.0019e-02  1.3620e-03     1.1066e-01  3.0321e-03     1.6584e-01  4.5442e-03 
1.6816e+00     2.5056e-02  5.3472e-04     4.2134e-02  8.9918e-04     9.3215e-02  2.0096e-03     1.5675e-01  3.3792e-03 
1.8868e+00     1.8389e-02  5.1104e-04     3.4696e-02  9.6422e-04     7.6760e-02  2.1460e-03     1.4483e-01  4.0490e-03 
2.1170e+00     1.4025e-02  2.6507e-04     2.9691e-02  5.6116e-04     6.5686e-02  1.2576e-03     1.3906e-01  2.6623e-03 
2.3753e+00     1.0275e-02  4.3885e-04     2.4406e-02  1.0424e-03     5.3993e-02  2.3120e-03     1.2825e-01  5.4917e-03 
2.6651e+00     8.3562e-03  2.3784e-04     2.2270e-02  6.3388e-04     4.9269e-02  1.4104e-03     1.3131e-01  3.7589e-03 
2.9903e+00     6.2009e-03  2.0841e-04     1.8543e-02  6.2322e-04     4.1022e-02  1.3845e-03     1.2267e-01  4.1400e-03 
3.3552e+00     4.2851e-03  1.1808e-04     1.4377e-02  3.9618e-04     3.1807e-02  8.8184e-04     1.0672e-01  2.9588e-03 
3.7646e+00     3.0055e-03  6.9875e-05     1.1315e-02  2.6305e-04     2.5032e-02  5.8696e-04     9.4234e-02  2.2097e-03 
4.2240e+00     2.0447e-03  7.8398e-05     8.6369e-03  3.3115e-04     1.9108e-02  7.3493e-04     8.0710e-02  3.1043e-03 
4.7394e+00     1.3829e-03  6.1630e-05     6.5543e-03  2.9208e-04     1.4500e-02  6.4770e-04     6.8721e-02  3.0697e-03 
5.3176e+00     8.7875e-04  4.9957e-05     4.6729e-03  2.6565e-04     1.0338e-02  5.8856e-04     5.4973e-02  3.1297e-03 
5.9665e+00     5.4412e-04  5.2070e-05     3.2465e-03  3.1067e-04     7.1823e-03  6.8766e-04     4.2853e-02  4.1029e-03 
6.6945e+00     2.9019e-04  4.2364e-05     1.9426e-03  2.8361e-04     4.2978e-03  6.2756e-04     2.8771e-02  4.2012e-03 
7.5114e+00     1.4329e-04  1.9719e-05     1.0763e-03  1.4811e-04     2.3812e-03  3.2776e-04     1.7886e-02  2.4619e-03 
8.4279e+00     6.3336e-05  8.6141e-06     5.3379e-04  7.2599e-05     1.1809e-03  1.6065e-04     9.9526e-03  1.3540e-03 
9.4563e+00     1.5732e-05  4.5728e-06     1.4876e-04  4.3242e-05     3.2911e-04  9.5670e-05     3.1121e-03  9.0468e-04 
1.0610e+01     9.0722e-06  7.1818e-06     9.6257e-05  7.6199e-05     2.1295e-04  1.6858e-04     2.2594e-03  1.7886e-03 
1.1905e+01     2.2052e-06  9.1502e-07     2.6252e-05  1.0893e-05     5.8078e-05  2.4100e-05     6.9140e-04  2.8690e-04 
1.3357e+01     0.0000e+00  0.0000e+00     0.0000e+00  0.0000e+00     0.0000e+00  0.0000e+00     0.0000e+00  0.0000e+00 
1.4987e+01     0.0000e+00  0.0000e+00     0.0000e+00  0.0000e+00     0.0000e+00  0.0000e+00     0.0000e+00  0.0000e+00 
1.6816e+01     0.0000e+00  0.0000e+00     0.0000e+00  0.0000e+00     0.0000e+00  0.0000e+00     0.0000e+00  0.0000e+00 
1.8868e+01     0.0000e+00  0.0000e+00     0.0000e+00  0.0000e+00     0.0000e+00  0.0000e+00     0.0000e+00  0.0000e+00 
2.1170e+01     0.0000e+00  0.0000e+00     0.0000e+00  0.0000e+00     0.0000e+00  0.0000e+00     0.0000e+00  0.0000e+00 
2.3753e+01     0.0000e+00  0.0000e+00     0.0000e+00  0.0000e+00     0.0000e+00  0.0000e+00     0.0000e+00  0.0000e+00 
2.6651e+01     0.0000e+00  0.0000e+00     0.0000e+00  0.0000e+00     0.0000e+00  0.0000e+00     0.0000e+00  0.0000e+00 
2.9903e+01     0.0000e+00  0.0000e+00     0.0000e+00  0.0000e+00     0.0000e+00  0.0000e+00     0.0000e+00  0.0000e+00 
3.3552e+01     0.0000e+00  0.0000e+00     0.0000e+00  0.0000e+00     0.0000e+00  0.0000e+00     0.0000e+00  0.0000e+00 
3.7646e+01     0.0000e+00  0.0000e+00     0.0000e+00  0.0000e+00     0.0000e+00  0.0000e+00     0.0000e+00  0.0000e+00 
4.2240e+01     0.0000e+00  0.0000e+00     0.0000e+00  0.0000e+00     0.0000e+00  0.0000e+00     0.0000e+00  0.0000e+00 
4.7394e+01     0.0000e+00  0.0000e+00     0.0000e+00  0.0000e+00     0.0000e+00  0.0000e+00     0.0000e+00  0.0000e+00 
5.3176e+01     0.0000e+00  0.0000e+00     0.0000e+00  0.0000e+00     0.0000e+00  0.0000e+00     0.0000e+00  0.0000e+00 
5.9665e+01     0.0000e+00  0.0000e+00     0.0000e+00  0.0000e+00     0.0000e+00  0.0000e+00     0.0000e+00  0.0000e+00 
6.6945e+01     0.0000e+00  0.0000e+00     0.0000e+00  0.0000e+00     0.0000e+00  0.0000e+00     0.0000e+00  0.0000e+00 
7.5114e+01     0.0000e+00  0.0000e+00     0.0000e+00  0.0000e+00     0.0000e+00  0.0000e+00     0.0000e+00  0.0000e+00 
8.4279e+01     0.0000e+00  0.0000e+00     0.0000e+00  0.0000e+00     0.0000e+00  0.0000e+00     0.0000e+00  0.0000e+00 
9.4563e+01     0.0000e+00  0.0000e+00     0.0000e+00  0.0000e+00     0.0000e+00  0.0000e+00     0.0000e+00  0.0000e+00 
1.0610e+02     0.0000e+00  0.0000e+00     0.0000e+00  0.0000e+00     0.0000e+00  0.0000e+00     0.0000e+00  0.0000e+00 
1.1905e+02     1.4701e-07  4.7300e-08     1.7501e-05  5.6309e-06     3.8719e-05  1.2458e-05     4.6093e-03  1.4831e-03 
1.3357e+02     0.0000e+00  0.0000e+00     0.0000e+00  0.0000e+00     0.0000e+00  0.0000e+00     0.0000e+00  0.0000e+00 
1.4987e+02     0.0000e+00  0.0000e+00     0.0000e+00  0.0000e+00     0.0000e+00  0.0000e+00     0.0000e+00  0.0000e+00 
1.6816e+02     0.0000e+00  0.0000e+00     0.0000e+00  0.0000e+00     0.0000e+00  0.0000e+00     0.0000e+00  0.0000e+00 
1.8868e+02     0.0000e+00  0.0000e+00     0.0000e+00  0.0000e+00     0.0000e+00  0.0000e+00     0.0000e+00  0.0000e+00 
2.1170e+02     0.0000e+00  0.0000e+00     0.0000e+00  0.0000e+00     0.0000e+00  0.0000e+00     0.0000e+00  0.0000e+00 
2.3753e+02     0.0000e+00  0.0000e+00     0.0000e+00  0.0000e+00     0.0000e+00  0.0000e+00     0.0000e+00  0.0000e+00 
2.6651e+02     3.2834e-08  3.5363e-08     8.7507e-06  9.4248e-06     1.9359e-05  2.0851e-05     5.1595e-03  5.5570e-03 
2.9903e+02     0.0000e+00  0.0000e+00     0.0000e+00  0.0000e+00     0.0000e+00  0.0000e+00     0.0000e+00  0.0000e+00 
3.3552e+02     0.0000e+00  0.0000e+00     0.0000e+00  0.0000e+00     0.0000e+00  0.0000e+00     0.0000e+00  0.0000e+00 
3.7646e+02     0.0000e+00  0.0000e+00     0.0000e+00  0.0000e+00     0.0000e+00  0.0000e+00     0.0000e+00  0.0000e+00 
4.2240e+02     0.0000e+00  0.0000e+00     0.0000e+00  0.0000e+00     0.0000e+00  0.0000e+00     0.0000e+00  0.0000e+00 
4.7394e+02     0.0000e+00  0.0000e+00     0.0000e+00  0.0000e+00     0.0000e+00  0.0000e+00     0.0000e+00  0.0000e+00 
5.3176e+02     0.0000e+00  0.0000e+00     0.0000e+00  0.0000e+00     0.0000e+00  0.0000e+00     0.0000e+00  0.0000e+00 
5.9665e+02     0.0000e+00  0.0000e+00     0.0000e+00  0.0000e+00     0.0000e+00  0.0000e+00     0.0000e+00  0.0000e+00 
6.6945e+02     1.3071e-08  9.7309e-09     8.7507e-06  6.5144e-06     1.9359e-05  1.4412e-05     1.2960e-02  9.6481e-03 
7.5114e+02     0.0000e+00  0.0000e+00     0.0000e+00  0.0000e+00     0.0000e+00  0.0000e+00     0.0000e+00  0.0000e+00 
8.4279e+02     0.0000e+00  0.0000e+00     0.0000e+00  0.0000e+00     0.0000e+00  0.0000e+00     0.0000e+00  0.0000e+00 
9.4563e+02     9.2538e-09  6.0389e-09     8.7507e-06  5.7106e-06     1.9359e-05  1.2634e-05     1.8307e-02  1.1947e-02 
1.0610e+03     0.0000e+00  0.0000e+00     0.0000e+00  0.0000e+00     0.0000e+00  0.0000e+00     0.0000e+00  0.0000e+00 
1.1905e+03     0.0000e+00  0.0000e+00     0.0000e+00  0.0000e+00     0.0000e+00  0.0000e+00     0.0000e+00  0.0000e+00 
1.3357e+03     0.0000e+00  0.0000e+00     0.0000e+00  0.0000e+00     0.0000e+00  0.0000e+00     0.0000e+00  0.0000e+00 
1.4987e+03     0.0000e+00  0.0000e+00     0.0000e+00  0.0000e+00     0.0000e+00  0.0000e+00     0.0000e+00  0.0000e+00 
1.6816e+03     0.0000e+00  0.0000e+00     0.0000e+00  0.0000e+00     0.0000e+00  0.0000e+00     0.0000e+00  0.0000e+00 
1.8868e+03     0.0000e+00  0.0000e+00     0.0000e+00  0.0000e+00     0.0000e+00  0.0000e+00     0.0000e+00  0.0000e+00 
2.1170e+03     0.0000e+00  0.0000e+00     0.0000e+00  0.0000e+00     0.0000e+00  0.0000e+00     0.0000e+00  0.0000e+00 
2.3753e+03     0.0000e+00  0.0000e+00     0.0000e+00  0.0000e+00     0.0000e+00  0.0000e+00     0.0000e+00  0.0000e+00 
2.6651e+03     0.0000e+00  0.0000e+00     0.0000e+00  0.0000e+00     0.0000e+00  0.0000e+00     0.0000e+00  0.0000e+00 
2.9903e+03     0.0000e+00  0.0000e+00     0.0000e+00  0.0000e+00     0.0000e+00  0.0000e+00     0.0000e+00  0.0000e+00 
3.3552e+03     0.0000e+00  0.0000e+00     0.0000e+00  0.0000e+00     0.0000e+00  0.0000e+00     0.0000e+00  0.0000e+00 
3.7646e+03     0.0000e+00  0.0000e+00     0.0000e+00  0.0000e+00     0.0000e+00  0.0000e+00     0.0000e+00  0.0000e+00 
4.2240e+03     0.0000e+00  0.0000e+00     0.0000e+00  0.0000e+00     0.0000e+00  0.0000e+00     0.0000e+00  0.0000e+00 
4.7394e+03     0.0000e+00  0.0000e+00     0.0000e+00  0.0000e+00     0.0000e+00  0.0000e+00     0.0000e+00  0.0000e+00 
5.3176e+03     0.0000e+00  0.0000e+00     0.0000e+00  0.0000e+00     0.0000e+00  0.0000e+00     0.0000e+00  0.0000e+00 
5.9665e+03     0.0000e+00  0.0000e+00     0.0000e+00  0.0000e+00     0.0000e+00  0.0000e+00     0.0000e+00  0.0000e+00 
6.6945e+03     0.0000e+00  0.0000e+00     0.0000e+00  0.0000e+00     0.0000e+00  0.0000e+00     0.0000e+00  0.0000e+00 
7.5114e+03     0.0000e+00  0.0000e+00     0.0000e+00  0.0000e+00     0.0000e+00  0.0000e+00     0.0000e+00  0.0000e+00 
8.4279e+03     0.0000e+00  0.0000e+00     0.0000e+00  0.0000e+00     0.0000e+00  0.0000e+00     0.0000e+00  0.0000e+00 
9.4563e+03     0.0000e+00  0.0000e+00     0.0000e+00  0.0000e+00     0.0000e+00  0.0000e+00     0.0000e+00  0.0000e+00 
