yF = 2.7808e+00 (std: 5.9178e-03) keV/um
yD = 4.5948e+00 (std: 4.7341e-01) keV/um
y (keV/um)     f(y)(std)                  yf(y)(std)                 d(y)(std)                  yd(y)(std)  
1.0610e-03     0.0000e+00  0.0000e+00     0.0000e+00  0.0000e+00     0.0000e+00  0.0000e+00     0.0000e+00  0.0000e+00 
1.1905e-03     0.0000e+00  0.0000e+00     0.0000e+00  0.0000e+00     0.0000e+00  0.0000e+00     0.0000e+00  0.0000e+00 
1.3357e-03     0.0000e+00  0.0000e+00     0.0000e+00  0.0000e+00     0.0000e+00  0.0000e+00     0.0000e+00  0.0000e+00 
1.4987e-03     0.0000e+00  0.0000e+00     0.0000e+00  0.0000e+00     0.0000e+00  0.0000e+00     0.0000e+00  0.0000e+00 
1.6816e-03     0.0000e+00  0.0000e+00     0.0000e+00  0.0000e+00     0.0000e+00  0.0000e+00     0.0000e+00  0.0000e+00 
1.8868e-03     0.0000e+00  0.0000e+00     0.0000e+00  0.0000e+00     0.0000e+00  0.0000e+00     0.0000e+00  0.0000e+00 
2.1170e-03     0.0000e+00  0.0000e+00     0.0000e+00  0.0000e+00     0.0000e+00  0.0000e+00     0.0000e+00  0.0000e+00 
2.3753e-03     0.0000e+00  0.0000e+00     0.0000e+00  0.0000e+00     0.0000e+00  0.0000e+00     0.0000e+00  0.0000e+00 
2.6651e-03     3.2856e-03  1.6761e-03     8.7566e-06  4.4671e-06     3.1490e-06  1.6064e-06     8.3925e-09  4.2814e-09 
2.9903e-03     0.0000e+00  0.0000e+00     0.0000e+00  0.0000e+00     0.0000e+00  0.0000e+00     0.0000e+00  0.0000e+00 
3.3552e-03     0.0000e+00  0.0000e+00     0.0000e+00  0.0000e+00     0.0000e+00  0.0000e+00     0.0000e+00  0.0000e+00 
3.7646e-03     4.6521e-03  3.6596e-03     1.7513e-05  1.3777e-05     6.2980e-06  4.9544e-06     2.3709e-08  1.8651e-08 
4.2240e-03     0.0000e+00  0.0000e+00     0.0000e+00  0.0000e+00     0.0000e+00  0.0000e+00     0.0000e+00  0.0000e+00 
4.7394e-03     0.0000e+00  0.0000e+00     0.0000e+00  0.0000e+00     0.0000e+00  0.0000e+00     0.0000e+00  0.0000e+00 
5.3176e-03     0.0000e+00  0.0000e+00     0.0000e+00  0.0000e+00     0.0000e+00  0.0000e+00     0.0000e+00  0.0000e+00 
5.9665e-03     0.0000e+00  0.0000e+00     0.0000e+00  0.0000e+00     0.0000e+00  0.0000e+00     0.0000e+00  0.0000e+00 
6.6945e-03     0.0000e+00  0.0000e+00     0.0000e+00  0.0000e+00     0.0000e+00  0.0000e+00     0.0000e+00  0.0000e+00 
7.5114e-03     1.1658e-03  7.4129e-04     8.7566e-06  5.5681e-06     3.1490e-06  2.0024e-06     2.3653e-08  1.5041e-08 
8.4279e-03     1.0390e-03  9.8631e-04     8.7566e-06  8.3125e-06     3.1490e-06  2.9893e-06     2.6539e-08  2.5193e-08 
9.4563e-03     9.2601e-04  1.1569e-03     8.7566e-06  1.0940e-05     3.1490e-06  3.9343e-06     2.9778e-08  3.7204e-08 
1.0610e-02     0.0000e+00  0.0000e+00     0.0000e+00  0.0000e+00     0.0000e+00  0.0000e+00     0.0000e+00  0.0000e+00 
1.1905e-02     1.6182e-02  6.5481e-03     1.9265e-04  7.7953e-05     6.9278e-05  2.8033e-05     8.2473e-07  3.3373e-07 
1.3357e-02     1.1145e-02  3.9576e-03     1.4886e-04  5.2862e-05     5.3533e-05  1.9010e-05     7.1506e-07  2.5393e-07 
1.4987e-02     9.3484e-03  2.6649e-03     1.4011e-04  3.9939e-05     5.0384e-05  1.4363e-05     7.5511e-07  2.1526e-07 
1.6816e-02     7.8110e-03  8.3544e-03     1.3135e-04  1.4049e-04     4.7235e-05  5.0521e-05     7.9430e-07  8.4955e-07 
1.8868e-02     8.3539e-03  2.4461e-03     1.5762e-04  4.6153e-05     5.6682e-05  1.6598e-05     1.0695e-06  3.1316e-07 
2.1170e-02     4.5500e-03  1.8765e-03     9.6323e-05  3.9726e-05     3.4639e-05  1.4286e-05     7.3330e-07  3.0243e-07 
2.3753e-02     7.7417e-03  3.1969e-03     1.8389e-04  7.5937e-05     6.6129e-05  2.7308e-05     1.5708e-06  6.4865e-07 
2.6651e-02     9.5283e-03  2.1470e-03     2.5394e-04  5.7220e-05     9.1321e-05  2.0578e-05     2.4338e-06  5.4843e-07 
2.9903e-02     8.4921e-03  2.0561e-03     2.5394e-04  6.1484e-05     9.1321e-05  2.2111e-05     2.7308e-06  6.6120e-07 
3.3552e-02     7.0466e-03  2.4938e-03     2.3643e-04  8.3672e-05     8.5023e-05  3.0090e-05     2.8527e-06  1.0096e-06 
3.7646e-02     1.2561e-02  3.2226e-03     4.7286e-04  1.2132e-04     1.7005e-04  4.3629e-05     6.4015e-06  1.6424e-06 
4.2240e-02     7.4631e-03  2.3072e-03     3.1524e-04  9.7454e-05     1.1336e-04  3.5047e-05     4.7884e-06  1.4804e-06 
4.7394e-02     8.3144e-03  1.5321e-03     3.9405e-04  7.2611e-05     1.4170e-04  2.6114e-05     6.7159e-06  1.2376e-06 
5.3176e-02     8.5629e-03  1.5573e-03     4.5534e-04  8.2811e-05     1.6375e-04  2.9782e-05     8.7075e-06  1.5837e-06 
5.9665e-02     1.1448e-02  1.8267e-03     6.8302e-04  1.0899e-04     2.4562e-04  3.9197e-05     1.4655e-05  2.3387e-06 
6.6945e-02     1.1380e-02  2.5712e-03     7.6183e-04  1.7213e-04     2.7396e-04  6.1902e-05     1.8340e-05  4.1440e-06 
7.5114e-02     1.0725e-02  1.8480e-03     8.0561e-04  1.3881e-04     2.8971e-04  4.9922e-05     2.1761e-05  3.7499e-06 
8.4279e-02     1.2884e-02  1.7209e-03     1.0858e-03  1.4504e-04     3.9048e-04  5.2163e-05     3.2909e-05  4.3962e-06 
9.4563e-02     1.5372e-02  1.5828e-03     1.4536e-03  1.4967e-04     5.2273e-04  5.3836e-05     4.9431e-05  5.0909e-06 
1.0610e-01     1.7001e-02  9.6616e-04     1.8039e-03  1.0251e-04     6.4869e-04  3.6890e-05     6.8827e-05  3.9140e-06 
1.1905e-01     1.9419e-02  1.6533e-03     2.3118e-03  1.9682e-04     8.3133e-04  7.0803e-05     9.8968e-05  8.4289e-06 
1.3357e-01     1.9798e-02  1.2929e-03     2.6445e-03  1.7269e-04     9.5100e-04  6.2135e-05     1.2703e-04  8.2996e-06 
1.4987e-01     2.3722e-02  1.4903e-03     3.5552e-03  2.2335e-04     1.2785e-03  8.0367e-05     1.9161e-04  1.2045e-05 
1.6816e-01     2.4214e-02  1.2672e-03     4.0718e-03  2.1308e-04     1.4643e-03  7.6690e-05     2.4623e-04  1.2896e-05 
1.8868e-01     2.9517e-02  1.2548e-03     5.5692e-03  2.3675e-04     2.0028e-03  8.5244e-05     3.7787e-04  1.6084e-05 
2.1170e-01     3.1064e-02  2.1711e-03     6.5762e-03  4.5962e-04     2.3649e-03  1.6536e-04     5.0065e-04  3.5007e-05 
2.3753e-01     3.7050e-02  1.1272e-03     8.8004e-03  2.6773e-04     3.1647e-03  9.6516e-05     7.5172e-04  2.2925e-05 
2.6651e-01     4.2582e-02  1.8936e-03     1.1349e-02  5.0466e-04     4.0811e-03  1.8169e-04     1.0877e-03  4.8423e-05 
2.9903e-01     4.8844e-02  1.9046e-03     1.4606e-02  5.6952e-04     5.2525e-03  2.0511e-04     1.5707e-03  6.1336e-05 
3.3552e-01     5.3320e-02  4.5293e-03     1.7890e-02  1.5197e-03     6.4334e-03  5.4667e-04     2.1585e-03  1.8342e-04 
3.7646e-01     6.0942e-02  1.2239e-03     2.2942e-02  4.6077e-04     8.2504e-03  1.6663e-04     3.1059e-03  6.2728e-05 
4.2240e-01     6.6484e-02  5.9542e-04     2.8083e-02  2.5150e-04     1.0099e-02  9.2961e-05     4.2657e-03  3.9266e-05 
4.7394e-01     7.7970e-02  2.1592e-03     3.6953e-02  1.0233e-03     1.3289e-02  3.6909e-04     6.2980e-03  1.7492e-04 
5.3176e-01     8.5333e-02  2.5465e-03     4.5377e-02  1.3541e-03     1.6318e-02  4.8820e-04     8.6774e-03  2.5961e-04 
5.9665e-01     9.6556e-02  1.8564e-03     5.7610e-02  1.1076e-03     2.0717e-02  4.0075e-04     1.2361e-02  2.3911e-04 
6.6945e-01     1.0668e-01  2.1757e-03     7.1419e-02  1.4565e-03     2.5683e-02  5.2662e-04     1.7194e-02  3.5255e-04 
7.5114e-01     1.1809e-01  1.1385e-03     8.8705e-02  8.5515e-04     3.1899e-02  3.1493e-04     2.3961e-02  2.3655e-04 
8.4279e-01     1.3367e-01  2.8120e-03     1.1265e-01  2.3699e-03     4.0512e-02  8.5660e-04     3.4143e-02  7.2193e-04 
9.4563e-01     1.4647e-01  1.9070e-03     1.3850e-01  1.8033e-03     4.9808e-02  6.5709e-04     4.7099e-02  6.2137e-04 
1.0610e+00     1.6311e-01  1.0695e-03     1.7307e-01  1.1348e-03     6.2237e-02  4.2904e-04     6.6034e-02  4.5522e-04 
1.1905e+00     1.8289e-01  2.9223e-03     2.1772e-01  3.4789e-03     7.8297e-02  1.2621e-03     9.3210e-02  1.5025e-03 
1.3357e+00     2.0507e-01  1.6391e-03     2.7392e-01  2.1894e-03     9.8507e-02  8.1477e-04     1.3158e-01  1.0883e-03 
1.4987e+00     2.3168e-01  1.2258e-03     3.4722e-01  1.8371e-03     1.2486e-01  7.1207e-04     1.8714e-01  1.0672e-03 
1.6816e+00     2.6222e-01  1.3022e-03     4.4094e-01  2.1898e-03     1.5857e-01  8.5674e-04     2.6665e-01  1.4407e-03 
1.8868e+00     2.9525e-01  1.2208e-03     5.5706e-01  2.3033e-03     2.0033e-01  9.3158e-04     3.7797e-01  1.7577e-03 
2.1170e+00     3.3586e-01  2.2530e-03     7.1100e-01  4.7696e-03     2.5569e-01  1.7994e-03     5.4128e-01  3.8094e-03 
2.3753e+00     3.6283e-01  1.9268e-03     8.6183e-01  4.5768e-03     3.0992e-01  1.7731e-03     7.3616e-01  4.2117e-03 
2.6651e+00     3.5072e-01  2.1515e-03     9.3473e-01  5.7341e-03     3.3614e-01  2.1826e-03     8.9586e-01  5.8170e-03 
2.9903e+00     2.8994e-01  2.0136e-03     8.6703e-01  6.0214e-03     3.1179e-01  2.2648e-03     9.3237e-01  6.7724e-03 
3.3552e+00     2.1284e-01  1.3096e-03     7.1413e-01  4.3941e-03     2.5681e-01  1.6720e-03     8.6165e-01  5.6099e-03 
3.7646e+00     1.4342e-01  1.3128e-03     5.3992e-01  4.9422e-03     1.9416e-01  1.8247e-03     7.3094e-01  6.8692e-03 
4.2240e+00     9.5350e-02  4.6489e-04     4.0275e-01  1.9637e-03     1.4483e-01  7.7050e-04     6.1178e-01  3.2546e-03 
4.7394e+00     6.2260e-02  4.7959e-04     2.9507e-01  2.2729e-03     1.0611e-01  8.4799e-04     5.0290e-01  4.0189e-03 
5.3176e+00     4.1466e-02  2.7414e-04     2.2050e-01  1.4578e-03     7.9295e-02  5.5072e-04     4.2166e-01  2.9285e-03 
5.9665e+00     2.6780e-02  3.0144e-04     1.5978e-01  1.7985e-03     5.7460e-02  6.5824e-04     3.4283e-01  3.9274e-03 
6.6945e+00     1.6940e-02  1.5568e-04     1.1341e-01  1.0422e-03     4.0783e-02  3.8471e-04     2.7302e-01  2.5754e-03 
7.5114e+00     1.0171e-02  2.5866e-04     7.6402e-02  1.9429e-03     2.7475e-02  7.0114e-04     2.0637e-01  5.2665e-03 
8.4279e+00     5.6584e-03  1.3919e-04     4.7689e-02  1.1731e-03     1.7149e-02  4.2344e-04     1.4453e-01  3.5687e-03 
9.4563e+00     2.9234e-03  8.6949e-05     2.7645e-02  8.2222e-04     9.9414e-03  2.9644e-04     9.4008e-02  2.8032e-03 
1.0610e+01     1.3007e-03  7.0107e-05     1.3800e-02  7.4384e-04     4.9628e-03  2.6770e-04     5.2656e-02  2.8404e-03 
1.1905e+01     5.2372e-04  3.4184e-05     6.2347e-03  4.0695e-04     2.2421e-03  1.4642e-04     2.6691e-02  1.7431e-03 
1.3357e+01     1.9733e-04  1.3783e-05     2.6357e-03  1.8410e-04     9.4785e-04  6.6236e-05     1.2661e-02  8.8473e-04 
1.4987e+01     5.2585e-05  1.2264e-05     7.8810e-04  1.8380e-04     2.8341e-04  6.6098e-05     4.2475e-03  9.9062e-04 
1.6816e+01     1.6143e-05  4.4726e-06     2.7146e-04  7.5211e-05     9.7619e-05  2.7048e-05     1.6415e-03  4.5483e-04 
1.8868e+01     4.1770e-06  1.3891e-06     7.8810e-05  2.6209e-05     2.8341e-05  9.4252e-06     5.3473e-04  1.7783e-04 
2.1170e+01     8.2727e-07  1.4547e-06     1.7513e-05  3.0795e-05     6.2980e-06  1.1074e-05     1.3333e-04  2.3444e-04 
2.3753e+01     3.6865e-07  2.6500e-07     8.7566e-06  6.2946e-06     3.1490e-06  2.2636e-06     7.4798e-05  5.3768e-05 
2.6651e+01     0.0000e+00  0.0000e+00     0.0000e+00  0.0000e+00     0.0000e+00  0.0000e+00     0.0000e+00  0.0000e+00 
2.9903e+01     2.9283e-07  1.6593e-07     8.7566e-06  4.9620e-06     3.1490e-06  1.7844e-06     9.4165e-05  5.3360e-05 
3.3552e+01     5.2197e-07  2.7174e-07     1.7513e-05  9.1175e-06     6.2980e-06  3.2788e-06     2.1131e-04  1.1001e-04 
3.7646e+01     0.0000e+00  0.0000e+00     0.0000e+00  0.0000e+00     0.0000e+00  0.0000e+00     0.0000e+00  0.0000e+00 
4.2240e+01     0.0000e+00  0.0000e+00     0.0000e+00  0.0000e+00     0.0000e+00  0.0000e+00     0.0000e+00  0.0000e+00 
4.7394e+01     1.8476e-07  5.5420e-08     8.7566e-06  2.6265e-06     3.1490e-06  9.4456e-07     1.4924e-04  4.4766e-05 
5.3176e+01     0.0000e+00  0.0000e+00     0.0000e+00  0.0000e+00     0.0000e+00  0.0000e+00     0.0000e+00  0.0000e+00 
5.9665e+01     1.4676e-07  2.2756e-07     8.7566e-06  1.3577e-05     3.1490e-06  4.8826e-06     1.8788e-04  2.9132e-04 
6.6945e+01     0.0000e+00  0.0000e+00     0.0000e+00  0.0000e+00     0.0000e+00  0.0000e+00     0.0000e+00  0.0000e+00 
7.5114e+01     0.0000e+00  0.0000e+00     0.0000e+00  0.0000e+00     0.0000e+00  0.0000e+00     0.0000e+00  0.0000e+00 
8.4279e+01     0.0000e+00  0.0000e+00     0.0000e+00  0.0000e+00     0.0000e+00  0.0000e+00     0.0000e+00  0.0000e+00 
9.4563e+01     0.0000e+00  0.0000e+00     0.0000e+00  0.0000e+00     0.0000e+00  0.0000e+00     0.0000e+00  0.0000e+00 
1.0610e+02     8.2531e-08  6.3629e-08     8.7566e-06  6.7511e-06     3.1490e-06  2.4278e-06     3.3411e-04  2.5759e-04 
1.1905e+02     7.3556e-08  8.6401e-07     8.7566e-06  1.0286e-04     3.1490e-06  3.6989e-05     3.7488e-04  4.4034e-03 
1.3357e+02     0.0000e+00  0.0000e+00     0.0000e+00  0.0000e+00     0.0000e+00  0.0000e+00     0.0000e+00  0.0000e+00 
1.4987e+02     0.0000e+00  0.0000e+00     0.0000e+00  0.0000e+00     0.0000e+00  0.0000e+00     0.0000e+00  0.0000e+00 
1.6816e+02     5.2074e-08  4.8580e-08     8.7566e-06  8.1691e-06     3.1490e-06  2.9377e-06     5.2953e-04  4.9400e-04 
1.8868e+02     0.0000e+00  0.0000e+00     0.0000e+00  0.0000e+00     0.0000e+00  0.0000e+00     0.0000e+00  0.0000e+00 
2.1170e+02     0.0000e+00  0.0000e+00     0.0000e+00  0.0000e+00     0.0000e+00  0.0000e+00     0.0000e+00  0.0000e+00 
2.3753e+02     0.0000e+00  0.0000e+00     0.0000e+00  0.0000e+00     0.0000e+00  0.0000e+00     0.0000e+00  0.0000e+00 
2.6651e+02     3.2856e-08  2.3070e-08     8.7566e-06  6.1484e-06     3.1490e-06  2.2110e-06     8.3925e-04  5.8927e-04 
2.9903e+02     2.9283e-08  1.8620e-08     8.7566e-06  5.5681e-06     3.1490e-06  2.0024e-06     9.4165e-04  5.9877e-04 
3.3552e+02     0.0000e+00  0.0000e+00     0.0000e+00  0.0000e+00     0.0000e+00  0.0000e+00     0.0000e+00  0.0000e+00 
3.7646e+02     0.0000e+00  0.0000e+00     0.0000e+00  0.0000e+00     0.0000e+00  0.0000e+00     0.0000e+00  0.0000e+00 
4.2240e+02     0.0000e+00  0.0000e+00     0.0000e+00  0.0000e+00     0.0000e+00  0.0000e+00     0.0000e+00  0.0000e+00 
4.7394e+02     0.0000e+00  0.0000e+00     0.0000e+00  0.0000e+00     0.0000e+00  0.0000e+00     0.0000e+00  0.0000e+00 
5.3176e+02     1.6467e-08  1.1018e-08     8.7566e-06  5.8589e-06     3.1490e-06  2.1069e-06     1.6745e-03  1.1204e-03 
5.9665e+02     2.9353e-08  1.3630e-08     1.7513e-05  8.1321e-06     6.2980e-06  2.9244e-06     3.7577e-03  1.7449e-03 
6.6945e+02     0.0000e+00  0.0000e+00     0.0000e+00  0.0000e+00     0.0000e+00  0.0000e+00     0.0000e+00  0.0000e+00 
7.5114e+02     1.1658e-08  1.4565e-08     8.7566e-06  1.0940e-05     3.1490e-06  3.9343e-06     2.3653e-03  2.9552e-03 
8.4279e+02     0.0000e+00  0.0000e+00     0.0000e+00  0.0000e+00     0.0000e+00  0.0000e+00     0.0000e+00  0.0000e+00 
9.4563e+02     9.2601e-09  1.0519e-08     8.7566e-06  9.9473e-06     3.1490e-06  3.5772e-06     2.9778e-03  3.3827e-03 
1.0610e+03     0.0000e+00  0.0000e+00     0.0000e+00  0.0000e+00     0.0000e+00  0.0000e+00     0.0000e+00  0.0000e+00 
1.1905e+03     0.0000e+00  0.0000e+00     0.0000e+00  0.0000e+00     0.0000e+00  0.0000e+00     0.0000e+00  0.0000e+00 
1.3357e+03     0.0000e+00  0.0000e+00     0.0000e+00  0.0000e+00     0.0000e+00  0.0000e+00     0.0000e+00  0.0000e+00 
1.4987e+03     0.0000e+00  0.0000e+00     0.0000e+00  0.0000e+00     0.0000e+00  0.0000e+00     0.0000e+00  0.0000e+00 
1.6816e+03     0.0000e+00  0.0000e+00     0.0000e+00  0.0000e+00     0.0000e+00  0.0000e+00     0.0000e+00  0.0000e+00 
1.8868e+03     0.0000e+00  0.0000e+00     0.0000e+00  0.0000e+00     0.0000e+00  0.0000e+00     0.0000e+00  0.0000e+00 
2.1170e+03     0.0000e+00  0.0000e+00     0.0000e+00  0.0000e+00     0.0000e+00  0.0000e+00     0.0000e+00  0.0000e+00 
2.3753e+03     0.0000e+00  0.0000e+00     0.0000e+00  0.0000e+00     0.0000e+00  0.0000e+00     0.0000e+00  0.0000e+00 
2.6651e+03     0.0000e+00  0.0000e+00     0.0000e+00  0.0000e+00     0.0000e+00  0.0000e+00     0.0000e+00  0.0000e+00 
2.9903e+03     0.0000e+00  0.0000e+00     0.0000e+00  0.0000e+00     0.0000e+00  0.0000e+00     0.0000e+00  0.0000e+00 
3.3552e+03     0.0000e+00  0.0000e+00     0.0000e+00  0.0000e+00     0.0000e+00  0.0000e+00     0.0000e+00  0.0000e+00 
3.7646e+03     0.0000e+00  0.0000e+00     0.0000e+00  0.0000e+00     0.0000e+00  0.0000e+00     0.0000e+00  0.0000e+00 
4.2240e+03     0.0000e+00  0.0000e+00     0.0000e+00  0.0000e+00     0.0000e+00  0.0000e+00     0.0000e+00  0.0000e+00 
4.7394e+03     0.0000e+00  0.0000e+00     0.0000e+00  0.0000e+00     0.0000e+00  0.0000e+00     0.0000e+00  0.0000e+00 
5.3176e+03     0.0000e+00  0.0000e+00     0.0000e+00  0.0000e+00     0.0000e+00  0.0000e+00     0.0000e+00  0.0000e+00 
5.9665e+03     0.0000e+00  0.0000e+00     0.0000e+00  0.0000e+00     0.0000e+00  0.0000e+00     0.0000e+00  0.0000e+00 
6.6945e+03     0.0000e+00  0.0000e+00     0.0000e+00  0.0000e+00     0.0000e+00  0.0000e+00     0.0000e+00  0.0000e+00 
7.5114e+03     0.0000e+00  0.0000e+00     0.0000e+00  0.0000e+00     0.0000e+00  0.0000e+00     0.0000e+00  0.0000e+00 
8.4279e+03     0.0000e+00  0.0000e+00     0.0000e+00  0.0000e+00     0.0000e+00  0.0000e+00     0.0000e+00  0.0000e+00 
9.4563e+03     0.0000e+00  0.0000e+00     0.0000e+00  0.0000e+00     0.0000e+00  0.0000e+00     0.0000e+00  0.0000e+00 
