yF = 3.8678e-01 (std: 1.2142e-03) keV/um
yD = 1.0733e+00 (std: 1.3413e-01) keV/um
y (keV/um)     f(y)(std)                  yf(y)(std)                 d(y)(std)                  yd(y)(std)  
1.0610e-03     2.4792e-02  1.2423e-02     2.6304e-05  1.3181e-05     6.8008e-05  3.4078e-05     7.2157e-08  3.6157e-08 
1.1905e-03     0.0000e+00  0.0000e+00     0.0000e+00  0.0000e+00     0.0000e+00  0.0000e+00     0.0000e+00  0.0000e+00 
1.3357e-03     6.5642e-03  1.3128e-02     8.7681e-06  1.7535e-05     2.2669e-05  4.5337e-05     3.0280e-08  6.0558e-08 
1.4987e-03     1.7551e-02  4.0947e-02     2.6304e-05  6.1368e-05     6.8008e-05  1.5866e-04     1.0192e-07  2.3779e-07 
1.6816e-03     2.0857e-02  7.8056e-03     3.5072e-05  1.3126e-05     9.0677e-05  3.3937e-05     1.5248e-07  5.7068e-08 
1.8868e-03     3.7177e-02  2.2121e-02     7.0145e-05  4.1738e-05     1.8135e-04  1.0791e-04     3.4217e-07  2.0361e-07 
2.1170e-03     2.8992e-02  1.2833e-02     6.1377e-05  2.7167e-05     1.5869e-04  7.0239e-05     3.3594e-07  1.4870e-07 
2.3753e-03     2.5839e-02  1.0476e-02     6.1377e-05  2.4885e-05     1.5869e-04  6.4339e-05     3.7693e-07  1.5283e-07 
2.6651e-03     6.5798e-03  3.6565e-03     1.7536e-05  9.7452e-06     4.5339e-05  2.5196e-05     1.2083e-07  6.7151e-08 
2.9903e-03     3.5186e-02  2.9568e-02     1.0522e-04  8.8418e-05     2.7203e-04  2.2860e-04     8.1347e-07  6.8359e-07 
3.3552e-03     2.0906e-02  1.2392e-02     7.0145e-05  4.1577e-05     1.8135e-04  1.0750e-04     6.0848e-07  3.6067e-07 
3.7646e-03     4.4253e-02  1.1715e-02     1.6659e-04  4.4103e-05     4.3072e-04  1.1403e-04     1.6215e-06  4.2929e-07 
4.2240e-03     2.2834e-02  9.5288e-03     9.6449e-05  4.0249e-05     2.4936e-04  1.0406e-04     1.0533e-06  4.3957e-07 
4.7394e-03     2.7751e-02  8.3366e-03     1.3152e-04  3.9510e-05     3.4004e-04  1.0216e-04     1.6116e-06  4.8416e-07 
5.3176e-03     4.4519e-02  1.2781e-02     2.3674e-04  6.7965e-05     6.1207e-04  1.7573e-04     3.2548e-06  9.3447e-07 
5.9665e-03     4.9965e-02  1.4471e-02     2.9811e-04  8.6341e-05     7.7076e-04  2.2324e-04     4.5987e-06  1.3320e-06 
6.6945e-03     4.7151e-02  1.0415e-02     3.1565e-04  6.9721e-05     8.1610e-04  1.8028e-04     5.4634e-06  1.2069e-06 
7.5114e-03     3.2685e-02  1.0380e-02     2.4551e-04  7.7967e-05     6.3474e-04  2.0159e-04     4.7678e-06  1.5142e-06 
8.4279e-03     4.1615e-03  2.0520e-03     3.5072e-05  1.7294e-05     9.0677e-05  4.4713e-05     7.6422e-07  3.7684e-07 
9.4563e-03     5.5633e-03  2.4791e-03     5.2608e-05  2.3443e-05     1.3602e-04  6.0612e-05     1.2862e-06  5.7316e-07 
1.0610e-02     8.2639e-04  5.6310e-03     8.7681e-06  5.9746e-05     2.2669e-05  1.5447e-04     2.4052e-07  1.6389e-06 
1.1905e-02     1.2764e+00  7.3484e-02     1.5195e-02  8.7481e-04     3.9286e-02  2.2651e-03     4.6769e-04  2.6966e-05 
1.3357e-02     1.0759e+00  4.1666e-02     1.4371e-02  5.5655e-04     3.7155e-02  1.4436e-03     4.9629e-04  1.9283e-05 
1.4987e-02     8.6703e-01  1.3566e-02     1.2994e-02  2.0331e-04     3.3596e-02  5.3613e-04     5.0351e-04  8.0351e-06 
1.6816e-02     6.8462e-01  2.4688e-02     1.1512e-02  4.1514e-04     2.9765e-02  1.0774e-03     5.0052e-04  1.8117e-05 
1.8868e-02     5.6695e-01  1.8606e-02     1.0697e-02  3.5105e-04     2.7657e-02  9.1177e-04     5.2182e-04  1.7203e-05 
2.1170e-02     4.4234e-01  2.1789e-02     9.3643e-03  4.6128e-04     2.4211e-02  1.1950e-03     5.1254e-04  2.5299e-05 
2.3753e-02     5.4853e-01  1.6995e-02     1.3029e-02  4.0369e-04     3.3687e-02  1.0491e-03     8.0016e-04  2.4918e-05 
2.6651e-02     7.4813e-01  1.9786e-02     1.9939e-02  5.2732e-04     5.1550e-02  1.3729e-03     1.3739e-03  3.6590e-05 
2.9903e-02     7.6969e-01  3.0878e-02     2.3016e-02  9.2336e-04     5.9507e-02  2.3946e-03     1.7795e-03  7.1606e-05 
3.3552e-02     7.2544e-01  1.8428e-02     2.4340e-02  6.1830e-04     6.2930e-02  1.6107e-03     2.1114e-03  5.4044e-05 
3.7646e-02     7.4647e-01  3.1932e-02     2.8102e-02  1.2021e-03     7.2655e-02  3.1163e-03     2.7352e-03  1.1732e-04 
4.2240e-02     7.9129e-01  1.0405e-02     3.3424e-02  4.3949e-04     8.6415e-02  1.1682e-03     3.6501e-03  4.9344e-05 
4.7394e-02     8.5399e-01  2.5211e-02     4.0473e-02  1.1948e-03     1.0464e-01  3.1066e-03     4.9593e-03  1.4723e-04 
5.3176e-02     8.7802e-01  2.5145e-02     4.6690e-02  1.3371e-03     1.2071e-01  3.4777e-03     6.4191e-03  1.8493e-04 
5.9665e-02     9.5095e-01  1.5057e-02     5.6738e-02  8.9836e-04     1.4669e-01  2.3679e-03     8.7524e-03  1.4128e-04 
6.6945e-02     1.0347e+00  1.5579e-02     6.9268e-02  1.0430e-03     1.7909e-01  2.7545e-03     1.1989e-02  1.8440e-04 
7.5114e-02     1.1025e+00  1.2810e-02     8.2814e-02  9.6223e-04     2.1411e-01  2.5770e-03     1.6083e-02  1.9357e-04 
8.4279e-02     1.1955e+00  2.0435e-02     1.0075e-01  1.7222e-03     2.6049e-01  4.5272e-03     2.1954e-02  3.8155e-04 
9.4563e-02     1.2986e+00  1.5081e-02     1.2280e-01  1.4261e-03     3.1748e-01  3.8193e-03     3.0022e-02  3.6117e-04 
1.0610e-01     1.4105e+00  6.6215e-03     1.4965e-01  7.0255e-04     3.8692e-01  2.1851e-03     4.1053e-02  2.3184e-04 
1.1905e-01     1.5485e+00  8.3098e-03     1.8434e-01  9.8926e-04     4.7660e-01  2.9632e-03     5.6738e-02  3.5276e-04 
1.3357e-01     1.6859e+00  8.2790e-03     2.2519e-01  1.1059e-03     5.8222e-01  3.3934e-03     7.7768e-02  4.5327e-04 
1.4987e-01     1.8526e+00  1.5008e-02     2.7766e-01  2.2493e-03     7.1787e-01  6.2367e-03     1.0759e-01  9.3470e-04 
1.6816e-01     2.0316e+00  1.3806e-02     3.4163e-01  2.3216e-03     8.8326e-01  6.6120e-03     1.4853e-01  1.1119e-03 
1.8868e-01     2.1828e+00  8.2187e-03     4.1185e-01  1.5507e-03     1.0648e+00  5.2199e-03     2.0090e-01  9.8488e-04 
2.1170e-01     2.3237e+00  1.1120e-02     4.9192e-01  2.3541e-03     1.2718e+00  7.2791e-03     2.6925e-01  1.5410e-03 
2.3753e-01     2.4212e+00  1.4298e-02     5.7510e-01  3.3962e-03     1.4869e+00  9.9442e-03     3.5318e-01  2.3621e-03 
2.6651e-01     2.4045e+00  5.7241e-03     6.4082e-01  1.5256e-03     1.6568e+00  6.5276e-03     4.4156e-01  1.7397e-03 
2.9903e-01     2.3023e+00  7.4316e-03     6.8845e-01  2.2223e-03     1.7799e+00  8.0147e-03     5.3226e-01  2.3967e-03 
3.3552e-01     2.0800e+00  1.5181e-02     6.9789e-01  5.0936e-03     1.8043e+00  1.4336e-02     6.0539e-01  4.8099e-03 
3.7646e-01     1.7459e+00  1.0754e-02     6.5726e-01  4.0485e-03     1.6993e+00  1.1748e-02     6.3972e-01  4.4227e-03 
4.2240e-01     1.3742e+00  1.1082e-02     5.8046e-01  4.6809e-03     1.5008e+00  1.2987e-02     6.3391e-01  5.4856e-03 
4.7394e-01     1.0041e+00  3.5428e-03     4.7586e-01  1.6790e-03     1.2303e+00  5.8105e-03     5.8309e-01  2.7538e-03 
5.3176e-01     6.9899e-01  9.2052e-03     3.7170e-01  4.8950e-03     9.6100e-01  1.3010e-02     5.1102e-01  6.9184e-03 
5.9665e-01     4.5153e-01  2.6490e-03     2.6941e-01  1.5805e-03     6.9654e-01  4.6346e-03     4.1559e-01  2.7652e-03 
6.6945e-01     2.9252e-01  4.2978e-03     1.9583e-01  2.8772e-03     5.0630e-01  7.6067e-03     3.3894e-01  5.0923e-03 
7.5114e-01     1.9364e-01  3.1269e-03     1.4545e-01  2.3488e-03     3.7606e-01  6.1863e-03     2.8247e-01  4.6467e-03 
8.4279e-01     1.3088e-01  1.9247e-03     1.1030e-01  1.6222e-03     2.8518e-01  4.2885e-03     2.4035e-01  3.6143e-03 
9.4563e-01     8.9375e-02  1.6793e-03     8.4515e-02  1.5880e-03     2.1851e-01  4.1626e-03     2.0663e-01  3.9362e-03 
1.0610e+00     6.3409e-02  2.3002e-03     6.7277e-02  2.4405e-03     1.7394e-01  6.3333e-03     1.8455e-01  6.7197e-03 
1.1905e+00     4.6128e-02  8.8615e-04     5.4914e-02  1.0549e-03     1.4198e-01  2.7637e-03     1.6902e-01  3.2901e-03 
1.3357e+00     3.4600e-02  1.7352e-03     4.6217e-02  2.3177e-03     1.1949e-01  6.0041e-03     1.5961e-01  8.0199e-03 
1.4987e+00     2.5777e-02  4.0451e-04     3.8632e-02  6.0624e-04     9.9881e-02  1.5985e-03     1.4969e-01  2.3956e-03 
1.6816e+00     1.9579e-02  5.9156e-04     3.2924e-02  9.9477e-04     8.5123e-02  2.5858e-03     1.4314e-01  4.3482e-03 
1.8868e+00     1.4164e-02  4.0186e-04     2.6725e-02  7.5821e-04     6.9096e-02  1.9723e-03     1.3037e-01  3.7212e-03 
2.1170e+00     1.1087e-02  5.2899e-04     2.3472e-02  1.1199e-03     6.0686e-02  2.9016e-03     1.2847e-01  6.1427e-03 
2.3753e+00     8.2834e-03  1.4686e-04     1.9676e-02  3.4883e-04     5.0870e-02  9.1591e-04     1.2083e-01  2.1756e-03 
2.6651e+00     6.3166e-03  1.9506e-04     1.6835e-02  5.1986e-04     4.3525e-02  1.3510e-03     1.1600e-01  3.6006e-03 
2.9903e+00     4.7530e-03  1.8076e-04     1.4213e-02  5.4054e-04     3.6747e-02  1.4023e-03     1.0989e-01  4.1933e-03 
3.3552e+00     3.3241e-03  2.3586e-04     1.1153e-02  7.9135e-04     2.8835e-02  2.0480e-03     9.6749e-02  6.8715e-03 
3.7646e+00     2.4199e-03  2.2268e-04     9.1100e-03  8.3830e-04     2.3553e-02  2.1686e-03     8.8669e-02  8.1640e-03 
4.2240e+00     1.7001e-03  1.8619e-04     7.1811e-03  7.8646e-04     1.8566e-02  2.0342e-03     7.8423e-02  8.5923e-03 
4.7394e+00     1.1174e-03  7.8159e-05     5.2959e-03  3.7042e-04     1.3692e-02  9.5868e-04     6.4893e-02  4.5435e-03 
5.3176e+00     7.0736e-04  2.3298e-05     3.7615e-03  1.2389e-04     9.7251e-03  3.2176e-04     5.1715e-02  1.7110e-03 
5.9665e+00     4.0707e-04  2.0292e-05     2.4288e-03  1.2107e-04     6.2794e-03  3.1364e-04     3.7466e-02  1.8713e-03 
6.6945e+00     2.2528e-04  3.2971e-05     1.5081e-03  2.2072e-04     3.8991e-03  5.7080e-04     2.6103e-02  3.8212e-03 
7.5114e+00     9.2217e-05  1.5435e-05     6.9268e-04  1.1594e-04     1.7909e-03  2.9981e-04     1.3452e-02  2.2520e-03 
8.4279e+00     3.4332e-05  8.4984e-06     2.8935e-04  7.1624e-05     7.4809e-04  1.8519e-04     6.3048e-03  1.5608e-03 
9.4563e+00     2.1326e-05  9.6475e-06     2.0167e-04  9.1229e-05     5.2139e-04  2.3587e-04     4.9304e-03  2.2305e-03 
1.0610e+01     8.2639e-07  1.3538e-06     8.7681e-06  1.4364e-05     2.2669e-05  3.7139e-05     2.4052e-04  3.9404e-04 
1.1905e+01     1.4730e-06  7.4781e-07     1.7536e-05  8.9025e-06     4.5339e-05  2.3017e-05     5.3974e-04  2.7402e-04 
1.3357e+01     1.3128e-06  1.2832e-06     1.7536e-05  1.7140e-05     4.5339e-05  4.4314e-05     6.0560e-04  5.9192e-04 
1.4987e+01     5.8504e-07  1.5477e-07     8.7681e-06  2.3195e-06     2.2669e-05  5.9974e-06     3.3975e-04  8.9884e-05 
1.6816e+01     0.0000e+00  0.0000e+00     0.0000e+00  0.0000e+00     0.0000e+00  0.0000e+00     0.0000e+00  0.0000e+00 
1.8868e+01     0.0000e+00  0.0000e+00     0.0000e+00  0.0000e+00     0.0000e+00  0.0000e+00     0.0000e+00  0.0000e+00 
2.1170e+01     0.0000e+00  0.0000e+00     0.0000e+00  0.0000e+00     0.0000e+00  0.0000e+00     0.0000e+00  0.0000e+00 
2.3753e+01     0.0000e+00  0.0000e+00     0.0000e+00  0.0000e+00     0.0000e+00  0.0000e+00     0.0000e+00  0.0000e+00 
2.6651e+01     0.0000e+00  0.0000e+00     0.0000e+00  0.0000e+00     0.0000e+00  0.0000e+00     0.0000e+00  0.0000e+00 
2.9903e+01     0.0000e+00  0.0000e+00     0.0000e+00  0.0000e+00     0.0000e+00  0.0000e+00     0.0000e+00  0.0000e+00 
3.3552e+01     0.0000e+00  0.0000e+00     0.0000e+00  0.0000e+00     0.0000e+00  0.0000e+00     0.0000e+00  0.0000e+00 
3.7646e+01     0.0000e+00  0.0000e+00     0.0000e+00  0.0000e+00     0.0000e+00  0.0000e+00     0.0000e+00  0.0000e+00 
4.2240e+01     0.0000e+00  0.0000e+00     0.0000e+00  0.0000e+00     0.0000e+00  0.0000e+00     0.0000e+00  0.0000e+00 
4.7394e+01     0.0000e+00  0.0000e+00     0.0000e+00  0.0000e+00     0.0000e+00  0.0000e+00     0.0000e+00  0.0000e+00 
5.3176e+01     0.0000e+00  0.0000e+00     0.0000e+00  0.0000e+00     0.0000e+00  0.0000e+00     0.0000e+00  0.0000e+00 
5.9665e+01     1.4696e-07  1.7194e-07     8.7681e-06  1.0259e-05     2.2669e-05  2.6523e-05     1.3526e-03  1.5825e-03 
6.6945e+01     1.3097e-07  9.4149e-08     8.7681e-06  6.3028e-06     2.2669e-05  1.6296e-05     1.5176e-03  1.0909e-03 
7.5114e+01     1.1673e-07  4.7130e-07     8.7681e-06  3.5401e-05     2.2669e-05  9.1527e-05     1.7028e-03  6.8750e-03 
8.4279e+01     1.0404e-07  3.2893e-08     8.7681e-06  2.7722e-06     2.2669e-05  7.1677e-06     1.9105e-03  6.0409e-04 
9.4563e+01     0.0000e+00  0.0000e+00     0.0000e+00  0.0000e+00     0.0000e+00  0.0000e+00     0.0000e+00  0.0000e+00 
1.0610e+02     0.0000e+00  0.0000e+00     0.0000e+00  0.0000e+00     0.0000e+00  0.0000e+00     0.0000e+00  0.0000e+00 
1.1905e+02     0.0000e+00  0.0000e+00     0.0000e+00  0.0000e+00     0.0000e+00  0.0000e+00     0.0000e+00  0.0000e+00 
1.3357e+02     0.0000e+00  0.0000e+00     0.0000e+00  0.0000e+00     0.0000e+00  0.0000e+00     0.0000e+00  0.0000e+00 
1.4987e+02     0.0000e+00  0.0000e+00     0.0000e+00  0.0000e+00     0.0000e+00  0.0000e+00     0.0000e+00  0.0000e+00 
1.6816e+02     0.0000e+00  0.0000e+00     0.0000e+00  0.0000e+00     0.0000e+00  0.0000e+00     0.0000e+00  0.0000e+00 
1.8868e+02     0.0000e+00  0.0000e+00     0.0000e+00  0.0000e+00     0.0000e+00  0.0000e+00     0.0000e+00  0.0000e+00 
2.1170e+02     0.0000e+00  0.0000e+00     0.0000e+00  0.0000e+00     0.0000e+00  0.0000e+00     0.0000e+00  0.0000e+00 
2.3753e+02     3.6913e-08  2.9865e-08     8.7681e-06  7.0939e-06     2.2669e-05  1.8341e-05     5.3847e-03  4.3566e-03 
2.6651e+02     0.0000e+00  0.0000e+00     0.0000e+00  0.0000e+00     0.0000e+00  0.0000e+00     0.0000e+00  0.0000e+00 
2.9903e+02     0.0000e+00  0.0000e+00     0.0000e+00  0.0000e+00     0.0000e+00  0.0000e+00     0.0000e+00  0.0000e+00 
3.3552e+02     0.0000e+00  0.0000e+00     0.0000e+00  0.0000e+00     0.0000e+00  0.0000e+00     0.0000e+00  0.0000e+00 
3.7646e+02     0.0000e+00  0.0000e+00     0.0000e+00  0.0000e+00     0.0000e+00  0.0000e+00     0.0000e+00  0.0000e+00 
4.2240e+02     0.0000e+00  0.0000e+00     0.0000e+00  0.0000e+00     0.0000e+00  0.0000e+00     0.0000e+00  0.0000e+00 
4.7394e+02     0.0000e+00  0.0000e+00     0.0000e+00  0.0000e+00     0.0000e+00  0.0000e+00     0.0000e+00  0.0000e+00 
5.3176e+02     0.0000e+00  0.0000e+00     0.0000e+00  0.0000e+00     0.0000e+00  0.0000e+00     0.0000e+00  0.0000e+00 
5.9665e+02     0.0000e+00  0.0000e+00     0.0000e+00  0.0000e+00     0.0000e+00  0.0000e+00     0.0000e+00  0.0000e+00 
6.6945e+02     0.0000e+00  0.0000e+00     0.0000e+00  0.0000e+00     0.0000e+00  0.0000e+00     0.0000e+00  0.0000e+00 
7.5114e+02     0.0000e+00  0.0000e+00     0.0000e+00  0.0000e+00     0.0000e+00  0.0000e+00     0.0000e+00  0.0000e+00 
8.4279e+02     0.0000e+00  0.0000e+00     0.0000e+00  0.0000e+00     0.0000e+00  0.0000e+00     0.0000e+00  0.0000e+00 
9.4563e+02     0.0000e+00  0.0000e+00     0.0000e+00  0.0000e+00     0.0000e+00  0.0000e+00     0.0000e+00  0.0000e+00 
1.0610e+03     0.0000e+00  0.0000e+00     0.0000e+00  0.0000e+00     0.0000e+00  0.0000e+00     0.0000e+00  0.0000e+00 
1.1905e+03     0.0000e+00  0.0000e+00     0.0000e+00  0.0000e+00     0.0000e+00  0.0000e+00     0.0000e+00  0.0000e+00 
1.3357e+03     0.0000e+00  0.0000e+00     0.0000e+00  0.0000e+00     0.0000e+00  0.0000e+00     0.0000e+00  0.0000e+00 
1.4987e+03     0.0000e+00  0.0000e+00     0.0000e+00  0.0000e+00     0.0000e+00  0.0000e+00     0.0000e+00  0.0000e+00 
1.6816e+03     0.0000e+00  0.0000e+00     0.0000e+00  0.0000e+00     0.0000e+00  0.0000e+00     0.0000e+00  0.0000e+00 
1.8868e+03     0.0000e+00  0.0000e+00     0.0000e+00  0.0000e+00     0.0000e+00  0.0000e+00     0.0000e+00  0.0000e+00 
2.1170e+03     0.0000e+00  0.0000e+00     0.0000e+00  0.0000e+00     0.0000e+00  0.0000e+00     0.0000e+00  0.0000e+00 
2.3753e+03     0.0000e+00  0.0000e+00     0.0000e+00  0.0000e+00     0.0000e+00  0.0000e+00     0.0000e+00  0.0000e+00 
2.6651e+03     0.0000e+00  0.0000e+00     0.0000e+00  0.0000e+00     0.0000e+00  0.0000e+00     0.0000e+00  0.0000e+00 
2.9903e+03     0.0000e+00  0.0000e+00     0.0000e+00  0.0000e+00     0.0000e+00  0.0000e+00     0.0000e+00  0.0000e+00 
3.3552e+03     0.0000e+00  0.0000e+00     0.0000e+00  0.0000e+00     0.0000e+00  0.0000e+00     0.0000e+00  0.0000e+00 
3.7646e+03     0.0000e+00  0.0000e+00     0.0000e+00  0.0000e+00     0.0000e+00  0.0000e+00     0.0000e+00  0.0000e+00 
4.2240e+03     0.0000e+00  0.0000e+00     0.0000e+00  0.0000e+00     0.0000e+00  0.0000e+00     0.0000e+00  0.0000e+00 
4.7394e+03     0.0000e+00  0.0000e+00     0.0000e+00  0.0000e+00     0.0000e+00  0.0000e+00     0.0000e+00  0.0000e+00 
5.3176e+03     0.0000e+00  0.0000e+00     0.0000e+00  0.0000e+00     0.0000e+00  0.0000e+00     0.0000e+00  0.0000e+00 
5.9665e+03     0.0000e+00  0.0000e+00     0.0000e+00  0.0000e+00     0.0000e+00  0.0000e+00     0.0000e+00  0.0000e+00 
6.6945e+03     0.0000e+00  0.0000e+00     0.0000e+00  0.0000e+00     0.0000e+00  0.0000e+00     0.0000e+00  0.0000e+00 
7.5114e+03     0.0000e+00  0.0000e+00     0.0000e+00  0.0000e+00     0.0000e+00  0.0000e+00     0.0000e+00  0.0000e+00 
8.4279e+03     0.0000e+00  0.0000e+00     0.0000e+00  0.0000e+00     0.0000e+00  0.0000e+00     0.0000e+00  0.0000e+00 
9.4563e+03     0.0000e+00  0.0000e+00     0.0000e+00  0.0000e+00     0.0000e+00  0.0000e+00     0.0000e+00  0.0000e+00 
