yF = 4.9945e-01 (std: 2.7259e-03) keV/um
yD = 1.7790e+00 (std: 1.0726e+00) keV/um
y (keV/um)     f(y)(std)                  yf(y)(std)                 d(y)(std)                  yd(y)(std)  
1.0610e-03     0.0000e+00  0.0000e+00     0.0000e+00  0.0000e+00     0.0000e+00  0.0000e+00     0.0000e+00  0.0000e+00 
1.1905e-03     2.2029e-02  1.3389e-02     2.6225e-05  1.5939e-05     5.2509e-05  3.1915e-05     6.2510e-08  3.7994e-08 
1.3357e-03     1.3089e-02  5.7532e-03     1.7484e-05  7.6847e-06     3.5006e-05  1.5388e-05     4.6759e-08  2.0554e-08 
1.4987e-03     1.1666e-02  9.9617e-03     1.7484e-05  1.4930e-05     3.5006e-05  2.9893e-05     5.2464e-08  4.4801e-08 
1.6816e-03     2.0794e-02  1.2091e-02     3.4967e-05  2.0333e-05     7.0012e-05  4.0713e-05     1.1773e-07  6.8462e-08 
1.8868e-03     2.3166e-02  1.4899e-02     4.3709e-05  2.8111e-05     8.7515e-05  5.6287e-05     1.6512e-07  1.0620e-07 
2.1170e-03     1.6517e-02  1.1582e-02     3.4967e-05  2.4520e-05     7.0012e-05  4.9096e-05     1.4821e-07  1.0394e-07 
2.3753e-03     1.8401e-02  5.9972e-03     4.3709e-05  1.4245e-05     8.7515e-05  2.8526e-05     2.0787e-07  6.7758e-08 
2.6651e-03     1.6400e-02  7.1806e-03     4.3709e-05  1.9137e-05     8.7515e-05  3.8320e-05     2.3324e-07  1.0213e-07 
2.9903e-03     1.4617e-02  3.1342e-02     4.3709e-05  9.3722e-05     8.7515e-05  1.8765e-04     2.6170e-07  5.6115e-07 
3.3552e-03     3.6476e-02  1.5325e-02     1.2238e-04  5.1417e-05     2.4504e-04  1.0296e-04     8.2216e-07  3.4544e-07 
3.7646e-03     1.6255e-02  6.6897e-03     6.1192e-05  2.5184e-05     1.2252e-04  5.0429e-05     4.6124e-07  1.8984e-07 
4.2240e-03     4.3461e-02  2.1972e-02     1.8358e-04  9.2811e-05     3.6756e-04  1.8584e-04     1.5526e-06  7.8497e-07 
4.7394e-03     2.5823e-02  1.1934e-02     1.2238e-04  5.6558e-05     2.4504e-04  1.1325e-04     1.1613e-06  5.3673e-07 
5.3176e-03     2.1371e-02  7.6871e-03     1.1364e-04  4.0877e-05     2.2754e-04  8.1854e-05     1.2100e-06  4.3527e-07 
5.9665e-03     3.6629e-02  1.6527e-02     2.1854e-04  9.8608e-05     4.3757e-04  1.9745e-04     2.6108e-06  1.1781e-06 
6.6945e-03     1.6976e-02  6.8960e-03     1.1364e-04  4.6165e-05     2.2754e-04  9.2442e-05     1.5233e-06  6.1885e-07 
7.5114e-03     2.2112e-02  5.7084e-03     1.6609e-04  4.2878e-05     3.3256e-04  8.5870e-05     2.4980e-06  6.4500e-07 
8.4279e-03     2.0745e-03  2.7065e-03     1.7484e-05  2.2810e-05     3.5006e-05  4.5672e-05     2.9503e-07  3.8492e-07 
9.4563e-03     0.0000e+00  0.0000e+00     0.0000e+00  0.0000e+00     0.0000e+00  0.0000e+00     0.0000e+00  0.0000e+00 
1.0610e-02     8.2391e-04  5.5126e-04     8.7418e-06  5.8489e-06     1.7503e-05  1.1711e-05     1.8571e-07  1.2426e-07 
1.1905e-02     7.8204e-01  5.4362e-02     9.3100e-03  6.4717e-04     1.8641e-02  1.2998e-03     2.2191e-04  1.5473e-05 
1.3357e-02     6.8194e-01  2.1158e-02     9.1089e-03  2.8262e-04     1.8238e-02  5.7456e-04     2.4361e-04  7.6745e-06 
1.4987e-02     5.1737e-01  3.0140e-02     7.7540e-03  4.5172e-04     1.5525e-02  9.0840e-04     2.3268e-04  1.3614e-05 
1.6816e-02     4.0549e-01  1.9433e-02     6.8186e-03  3.2678e-04     1.3652e-02  6.5852e-04     2.2958e-04  1.1074e-05 
1.8868e-02     3.3544e-01  1.8053e-02     6.3290e-03  3.4061e-04     1.2672e-02  6.8547e-04     2.3909e-04  1.2933e-05 
2.1170e-02     2.6056e-01  1.6586e-02     5.5161e-03  3.5112e-04     1.1044e-02  7.0559e-04     2.3381e-04  1.4937e-05 
2.3753e-02     3.3270e-01  2.9452e-02     7.9026e-03  6.9958e-04     1.5823e-02  1.4034e-03     3.7584e-04  3.3334e-05 
2.6651e-02     4.4707e-01  1.8541e-02     1.1915e-02  4.9413e-04     2.3857e-02  9.9789e-04     6.3581e-04  2.6595e-05 
2.9903e-02     4.6277e-01  3.1138e-02     1.3838e-02  9.3114e-04     2.7707e-02  1.8705e-03     8.2854e-04  5.5933e-05 
3.3552e-02     4.3693e-01  3.0567e-02     1.4660e-02  1.0256e-03     2.9352e-02  2.0597e-03     9.8484e-04  6.9106e-05 
3.7646e-02     4.5374e-01  1.3860e-02     1.7081e-02  5.2176e-04     3.4201e-02  1.0612e-03     1.2875e-03  3.9951e-05 
4.2240e-02     4.6959e-01  3.5840e-02     1.9835e-02  1.5139e-03     3.9714e-02  3.0388e-03     1.6775e-03  1.2836e-04 
4.7394e-02     5.0226e-01  1.6631e-02     2.3804e-02  7.8822e-04     4.7661e-02  1.5995e-03     2.2588e-03  7.5805e-05 
5.3176e-02     5.2490e-01  1.5847e-02     2.7912e-02  8.4269e-04     5.5887e-02  1.7146e-03     2.9719e-03  9.1177e-05 
5.9665e-02     5.7287e-01  1.8284e-02     3.4180e-02  1.0909e-03     6.8437e-02  2.2160e-03     4.0833e-03  1.3221e-04 
6.6945e-02     6.0955e-01  7.3116e-03     4.0807e-02  4.8948e-04     8.1704e-02  1.0767e-03     5.4697e-03  7.2081e-05 
7.5114e-02     6.4068e-01  9.2488e-03     4.8123e-02  6.9471e-04     9.6354e-02  1.4871e-03     7.2375e-03  1.1170e-04 
8.4279e-02     7.0553e-01  8.4132e-03     5.9462e-02  7.0905e-04     1.1906e-01  1.5613e-03     1.0034e-02  1.3159e-04 
9.4563e-02     7.6701e-01  8.3710e-03     7.2531e-02  7.9159e-04     1.4522e-01  1.7721e-03     1.3733e-02  1.6757e-04 
1.0610e-01     8.2712e-01  1.6694e-02     8.7759e-02  1.7712e-03     1.7571e-01  3.6738e-03     1.8643e-02  3.8979e-04 
1.1905e-01     9.0049e-01  1.1387e-02     1.0720e-01  1.3556e-03     2.1464e-01  2.9563e-03     2.5552e-02  3.5193e-04 
1.3357e-01     9.8476e-01  1.0665e-02     1.3154e-01  1.4246e-03     2.6337e-01  3.1941e-03     3.5179e-02  4.2665e-04 
1.4987e-01     1.0728e+00  1.5784e-02     1.6079e-01  2.3656e-03     3.2193e-01  5.0518e-03     4.8248e-02  7.5713e-04 
1.6816e-01     1.2012e+00  4.8969e-03     2.0200e-01  8.2346e-04     4.0444e-01  2.7552e-03     6.8010e-02  4.6330e-04 
1.8868e-01     1.3310e+00  8.9452e-03     2.5113e-01  1.6878e-03     5.0281e-01  4.3532e-03     9.4868e-02  8.2135e-04 
2.1170e-01     1.4802e+00  1.3536e-02     3.1336e-01  2.8656e-03     6.2741e-01  6.6816e-03     1.3282e-01  1.4145e-03 
2.3753e-01     1.6286e+00  8.6092e-03     3.8685e-01  2.0450e-03     7.7456e-01  5.8852e-03     1.8398e-01  1.3979e-03 
2.6651e-01     1.7650e+00  7.6894e-03     4.7040e-01  2.0493e-03     9.4185e-01  6.5773e-03     2.5102e-01  1.7529e-03 
2.9903e-01     1.8721e+00  1.2839e-02     5.5983e-01  3.8392e-03     1.1209e+00  9.8242e-03     3.3519e-01  2.9378e-03 
3.3552e-01     1.9255e+00  8.6946e-03     6.4603e-01  2.9172e-03     1.2935e+00  9.1627e-03     4.3400e-01  3.0743e-03 
3.7646e-01     1.8980e+00  7.5231e-03     7.1452e-01  2.8321e-03     1.4306e+00  9.6499e-03     5.3857e-01  3.6328e-03 
4.2240e-01     1.7328e+00  7.6248e-03     7.3191e-01  3.2207e-03     1.4655e+00  1.0274e-02     6.1900e-01  4.3397e-03 
4.7394e-01     1.4873e+00  8.2444e-03     7.0489e-01  3.9073e-03     1.4114e+00  1.0979e-02     6.6889e-01  5.2033e-03 
5.3176e-01     1.1661e+00  5.1731e-03     6.2010e-01  2.7509e-03     1.2416e+00  8.7324e-03     6.6022e-01  4.6436e-03 
5.9665e-01     8.5570e-01  4.6396e-03     5.1055e-01  2.7682e-03     1.0222e+00  7.8644e-03     6.0992e-01  4.6923e-03 
6.6945e-01     5.7868e-01  4.8663e-03     3.8740e-01  3.2578e-03     7.7566e-01  7.7761e-03     5.1927e-01  5.2058e-03 
7.5114e-01     3.8314e-01  3.2370e-03     2.8779e-01  2.4314e-03     5.7621e-01  5.7956e-03     4.3282e-01  4.3533e-03 
8.4279e-01     2.5114e-01  3.9652e-03     2.1166e-01  3.3419e-03     4.2378e-01  7.0796e-03     3.5716e-01  5.9666e-03 
9.4563e-01     1.6716e-01  2.1932e-03     1.5807e-01  2.0739e-03     3.1649e-01  4.4974e-03     2.9928e-01  4.2529e-03 
1.0610e+00     1.1223e-01  8.2973e-04     1.1908e-01  8.8035e-04     2.3843e-01  2.1909e-03     2.5297e-01  2.3246e-03 
1.1905e+00     7.8784e-02  7.5564e-04     9.3791e-02  8.9957e-04     1.8779e-01  2.0723e-03     2.2356e-01  2.4671e-03 
1.3357e+00     5.6021e-02  6.7765e-04     7.4830e-02  9.0516e-04     1.4983e-01  1.9883e-03     2.0013e-01  2.6558e-03 
1.4987e+00     3.9617e-02  8.6281e-04     5.9374e-02  1.2931e-03     1.1888e-01  2.6691e-03     1.7817e-01  4.0003e-03 
1.6816e+00     2.9824e-02  3.6825e-04     5.0152e-02  6.1925e-04     1.0041e-01  1.3556e-03     1.6886e-01  2.2795e-03 
1.8868e+00     2.2276e-02  4.1004e-04     4.2030e-02  7.7366e-04     8.4154e-02  1.6157e-03     1.5878e-01  3.0484e-03 
2.1170e+00     1.7129e-02  5.9440e-04     3.6261e-02  1.2583e-03     7.2602e-02  2.5505e-03     1.5370e-01  5.3993e-03 
2.3753e+00     1.2123e-02  3.0064e-04     2.8795e-02  7.1412e-04     5.7655e-02  1.4640e-03     1.3695e-01  3.4775e-03 
2.6651e+00     9.4236e-03  1.5933e-04     2.5115e-02  4.2463e-04     5.0286e-02  8.9340e-04     1.3402e-01  2.3810e-03 
2.9903e+00     7.0365e-03  1.3871e-04     2.1041e-02  4.1480e-04     4.2130e-02  8.6177e-04     1.2598e-01  2.5770e-03 
3.3552e+00     5.0598e-03  1.8465e-04     1.6977e-02  6.1953e-04     3.3991e-02  1.2542e-03     1.1405e-01  4.2082e-03 
3.7646e+00     3.6759e-03  1.1461e-04     1.3838e-02  4.3144e-04     2.7707e-02  8.7698e-04     1.0431e-01  3.3015e-03 
4.2240e+00     2.5000e-03  1.0352e-04     1.0560e-02  4.3727e-04     2.1144e-02  8.8309e-04     8.9309e-02  3.7301e-03 
4.7394e+00     1.6324e-03  8.6901e-05     7.7365e-03  4.1186e-04     1.5490e-02  8.2895e-04     7.3413e-02  3.9287e-03 
5.3176e+00     1.0127e-03  5.6198e-05     5.3849e-03  2.9884e-04     1.0782e-02  6.0123e-04     5.7334e-02  3.1972e-03 
5.9665e+00     6.6371e-04  4.1070e-05     3.9600e-03  2.4504e-04     7.9288e-03  4.9254e-04     4.7307e-02  2.9387e-03 
6.6945e+00     3.5126e-04  5.8411e-05     2.3515e-03  3.9103e-04     4.7083e-03  7.8335e-04     3.1520e-02  5.2441e-03 
7.5114e+00     1.3733e-04  3.1723e-05     1.0315e-03  2.3829e-04     2.0653e-03  4.7724e-04     1.5514e-02  3.5847e-03 
8.4279e+00     7.2607e-05  8.1791e-06     6.1192e-04  6.8933e-05     1.2252e-03  1.3818e-04     1.0326e-02  1.1646e-03 
9.4563e+00     2.8658e-05  6.4192e-06     2.7100e-04  6.0702e-05     5.4259e-04  1.2157e-04     5.1309e-03  1.1496e-03 
1.0610e+01     4.9435e-06  1.8273e-06     5.2451e-05  1.9388e-05     1.0502e-04  3.8823e-05     1.1142e-03  4.1192e-04 
1.1905e+01     2.9372e-06  9.9948e-07     3.4967e-05  1.1899e-05     7.0012e-05  2.3827e-05     8.3347e-04  2.8365e-04 
1.3357e+01     2.6178e-06  1.2805e-06     3.4967e-05  1.7105e-05     7.0012e-05  3.4249e-05     9.3517e-04  4.5748e-04 
1.4987e+01     0.0000e+00  0.0000e+00     0.0000e+00  0.0000e+00     0.0000e+00  0.0000e+00     0.0000e+00  0.0000e+00 
1.6816e+01     0.0000e+00  0.0000e+00     0.0000e+00  0.0000e+00     0.0000e+00  0.0000e+00     0.0000e+00  0.0000e+00 
1.8868e+01     4.6332e-07  4.8704e-07     8.7418e-06  9.1893e-06     1.7503e-05  1.8399e-05     3.3024e-04  3.4715e-04 
2.1170e+01     0.0000e+00  0.0000e+00     0.0000e+00  0.0000e+00     0.0000e+00  0.0000e+00     0.0000e+00  0.0000e+00 
2.3753e+01     0.0000e+00  0.0000e+00     0.0000e+00  0.0000e+00     0.0000e+00  0.0000e+00     0.0000e+00  0.0000e+00 
2.6651e+01     0.0000e+00  0.0000e+00     0.0000e+00  0.0000e+00     0.0000e+00  0.0000e+00     0.0000e+00  0.0000e+00 
2.9903e+01     0.0000e+00  0.0000e+00     0.0000e+00  0.0000e+00     0.0000e+00  0.0000e+00     0.0000e+00  0.0000e+00 
3.3552e+01     0.0000e+00  0.0000e+00     0.0000e+00  0.0000e+00     0.0000e+00  0.0000e+00     0.0000e+00  0.0000e+00 
3.7646e+01     0.0000e+00  0.0000e+00     0.0000e+00  0.0000e+00     0.0000e+00  0.0000e+00     0.0000e+00  0.0000e+00 
4.2240e+01     0.0000e+00  0.0000e+00     0.0000e+00  0.0000e+00     0.0000e+00  0.0000e+00     0.0000e+00  0.0000e+00 
4.7394e+01     1.8445e-07  1.1574e-07     8.7418e-06  5.4852e-06     1.7503e-05  1.0983e-05     8.2953e-04  5.2052e-04 
5.3176e+01     0.0000e+00  0.0000e+00     0.0000e+00  0.0000e+00     0.0000e+00  0.0000e+00     0.0000e+00  0.0000e+00 
5.9665e+01     0.0000e+00  0.0000e+00     0.0000e+00  0.0000e+00     0.0000e+00  0.0000e+00     0.0000e+00  0.0000e+00 
6.6945e+01     1.3058e-07  1.0310e-07     8.7418e-06  6.9019e-06     1.7503e-05  1.3819e-05     1.1717e-03  9.2515e-04 
7.5114e+01     0.0000e+00  0.0000e+00     0.0000e+00  0.0000e+00     0.0000e+00  0.0000e+00     0.0000e+00  0.0000e+00 
8.4279e+01     0.0000e+00  0.0000e+00     0.0000e+00  0.0000e+00     0.0000e+00  0.0000e+00     0.0000e+00  0.0000e+00 
9.4563e+01     0.0000e+00  0.0000e+00     0.0000e+00  0.0000e+00     0.0000e+00  0.0000e+00     0.0000e+00  0.0000e+00 
1.0610e+02     0.0000e+00  0.0000e+00     0.0000e+00  0.0000e+00     0.0000e+00  0.0000e+00     0.0000e+00  0.0000e+00 
1.1905e+02     0.0000e+00  0.0000e+00     0.0000e+00  0.0000e+00     0.0000e+00  0.0000e+00     0.0000e+00  0.0000e+00 
1.3357e+02     0.0000e+00  0.0000e+00     0.0000e+00  0.0000e+00     0.0000e+00  0.0000e+00     0.0000e+00  0.0000e+00 
1.4987e+02     0.0000e+00  0.0000e+00     0.0000e+00  0.0000e+00     0.0000e+00  0.0000e+00     0.0000e+00  0.0000e+00 
1.6816e+02     0.0000e+00  0.0000e+00     0.0000e+00  0.0000e+00     0.0000e+00  0.0000e+00     0.0000e+00  0.0000e+00 
1.8868e+02     0.0000e+00  0.0000e+00     0.0000e+00  0.0000e+00     0.0000e+00  0.0000e+00     0.0000e+00  0.0000e+00 
2.1170e+02     8.2587e-08  4.7999e-07     1.7484e-05  1.0161e-04     3.5006e-05  2.0345e-04     7.4107e-03  4.3070e-02 
2.3753e+02     0.0000e+00  0.0000e+00     0.0000e+00  0.0000e+00     0.0000e+00  0.0000e+00     0.0000e+00  0.0000e+00 
2.6651e+02     6.5601e-08  4.1676e-08     1.7484e-05  1.1107e-05     3.5006e-05  2.2240e-05     9.3295e-03  5.9273e-03 
2.9903e+02     0.0000e+00  0.0000e+00     0.0000e+00  0.0000e+00     0.0000e+00  0.0000e+00     0.0000e+00  0.0000e+00 
3.3552e+02     0.0000e+00  0.0000e+00     0.0000e+00  0.0000e+00     0.0000e+00  0.0000e+00     0.0000e+00  0.0000e+00 
3.7646e+02     2.3221e-08  1.0892e-08     8.7418e-06  4.1004e-06     1.7503e-05  8.2105e-06     6.5892e-03  3.0909e-03 
4.2240e+02     0.0000e+00  0.0000e+00     0.0000e+00  0.0000e+00     0.0000e+00  0.0000e+00     0.0000e+00  0.0000e+00 
4.7394e+02     0.0000e+00  0.0000e+00     0.0000e+00  0.0000e+00     0.0000e+00  0.0000e+00     0.0000e+00  0.0000e+00 
5.3176e+02     0.0000e+00  0.0000e+00     0.0000e+00  0.0000e+00     0.0000e+00  0.0000e+00     0.0000e+00  0.0000e+00 
5.9665e+02     0.0000e+00  0.0000e+00     0.0000e+00  0.0000e+00     0.0000e+00  0.0000e+00     0.0000e+00  0.0000e+00 
6.6945e+02     0.0000e+00  0.0000e+00     0.0000e+00  0.0000e+00     0.0000e+00  0.0000e+00     0.0000e+00  0.0000e+00 
7.5114e+02     0.0000e+00  0.0000e+00     0.0000e+00  0.0000e+00     0.0000e+00  0.0000e+00     0.0000e+00  0.0000e+00 
8.4279e+02     0.0000e+00  0.0000e+00     0.0000e+00  0.0000e+00     0.0000e+00  0.0000e+00     0.0000e+00  0.0000e+00 
9.4563e+02     0.0000e+00  0.0000e+00     0.0000e+00  0.0000e+00     0.0000e+00  0.0000e+00     0.0000e+00  0.0000e+00 
1.0610e+03     0.0000e+00  0.0000e+00     0.0000e+00  0.0000e+00     0.0000e+00  0.0000e+00     0.0000e+00  0.0000e+00 
1.1905e+03     0.0000e+00  0.0000e+00     0.0000e+00  0.0000e+00     0.0000e+00  0.0000e+00     0.0000e+00  0.0000e+00 
1.3357e+03     0.0000e+00  0.0000e+00     0.0000e+00  0.0000e+00     0.0000e+00  0.0000e+00     0.0000e+00  0.0000e+00 
1.4987e+03     0.0000e+00  0.0000e+00     0.0000e+00  0.0000e+00     0.0000e+00  0.0000e+00     0.0000e+00  0.0000e+00 
1.6816e+03     0.0000e+00  0.0000e+00     0.0000e+00  0.0000e+00     0.0000e+00  0.0000e+00     0.0000e+00  0.0000e+00 
1.8868e+03     0.0000e+00  0.0000e+00     0.0000e+00  0.0000e+00     0.0000e+00  0.0000e+00     0.0000e+00  0.0000e+00 
2.1170e+03     0.0000e+00  0.0000e+00     0.0000e+00  0.0000e+00     0.0000e+00  0.0000e+00     0.0000e+00  0.0000e+00 
2.3753e+03     0.0000e+00  0.0000e+00     0.0000e+00  0.0000e+00     0.0000e+00  0.0000e+00     0.0000e+00  0.0000e+00 
2.6651e+03     0.0000e+00  0.0000e+00     0.0000e+00  0.0000e+00     0.0000e+00  0.0000e+00     0.0000e+00  0.0000e+00 
2.9903e+03     0.0000e+00  0.0000e+00     0.0000e+00  0.0000e+00     0.0000e+00  0.0000e+00     0.0000e+00  0.0000e+00 
3.3552e+03     0.0000e+00  0.0000e+00     0.0000e+00  0.0000e+00     0.0000e+00  0.0000e+00     0.0000e+00  0.0000e+00 
3.7646e+03     0.0000e+00  0.0000e+00     0.0000e+00  0.0000e+00     0.0000e+00  0.0000e+00     0.0000e+00  0.0000e+00 
4.2240e+03     0.0000e+00  0.0000e+00     0.0000e+00  0.0000e+00     0.0000e+00  0.0000e+00     0.0000e+00  0.0000e+00 
4.7394e+03     0.0000e+00  0.0000e+00     0.0000e+00  0.0000e+00     0.0000e+00  0.0000e+00     0.0000e+00  0.0000e+00 
5.3176e+03     0.0000e+00  0.0000e+00     0.0000e+00  0.0000e+00     0.0000e+00  0.0000e+00     0.0000e+00  0.0000e+00 
5.9665e+03     0.0000e+00  0.0000e+00     0.0000e+00  0.0000e+00     0.0000e+00  0.0000e+00     0.0000e+00  0.0000e+00 
6.6945e+03     0.0000e+00  0.0000e+00     0.0000e+00  0.0000e+00     0.0000e+00  0.0000e+00     0.0000e+00  0.0000e+00 
7.5114e+03     0.0000e+00  0.0000e+00     0.0000e+00  0.0000e+00     0.0000e+00  0.0000e+00     0.0000e+00  0.0000e+00 
8.4279e+03     0.0000e+00  0.0000e+00     0.0000e+00  0.0000e+00     0.0000e+00  0.0000e+00     0.0000e+00  0.0000e+00 
9.4563e+03     0.0000e+00  0.0000e+00     0.0000e+00  0.0000e+00     0.0000e+00  0.0000e+00     0.0000e+00  0.0000e+00 
