yF = 3.7677e-01 (std: 1.4486e-03) keV/um
yD = 1.6909e+00 (std: 4.5713e-01) keV/um
y (keV/um)     f(y)(std)                  yf(y)(std)                 d(y)(std)                  yd(y)(std)  
1.0610e-03     8.2678e-03  4.8325e-03     8.7722e-06  5.1273e-06     2.3283e-05  1.3609e-05     2.4703e-08  1.4439e-08 
1.1905e-03     2.9475e-02  2.4262e-02     3.5089e-05  2.8884e-05     9.3130e-05  7.6662e-05     1.1087e-07  9.1264e-08 
1.3357e-03     6.5673e-02  2.2288e-02     8.7722e-05  2.9771e-05     2.3283e-04  7.9022e-05     3.1099e-07  1.0555e-07 
1.4987e-03     2.3412e-02  1.1160e-02     3.5089e-05  1.6726e-05     9.3130e-05  4.4394e-05     1.3958e-07  6.6534e-08 
1.6816e-03     2.0866e-02  1.4164e-02     3.5089e-05  2.3817e-05     9.3130e-05  6.3215e-05     1.5661e-07  1.0630e-07 
1.8868e-03     1.8597e-02  6.7327e-03     3.5089e-05  1.2703e-05     9.3130e-05  3.3718e-05     1.7572e-07  6.3618e-08 
2.1170e-03     3.3150e-02  1.7577e-02     7.0177e-05  3.7211e-05     1.8626e-04  9.8766e-05     3.9431e-07  2.0909e-07 
2.3753e-03     1.1079e-02  2.3029e-02     2.6316e-05  5.4701e-05     6.9848e-05  1.4518e-04     1.6591e-07  3.4485e-07 
2.6651e-03     2.6332e-02  1.4729e-02     7.0177e-05  3.9254e-05     1.8626e-04  1.0419e-04     4.9641e-07  2.7767e-07 
2.9903e-03     1.4668e-02  4.1839e-03     4.3861e-05  1.2511e-05     1.1641e-04  3.3210e-05     3.4811e-07  9.9308e-08 
3.3552e-03     3.9217e-02  2.5586e-02     1.3158e-04  8.5847e-05     3.4924e-04  2.2785e-04     1.1718e-06  7.6450e-07 
3.7646e-03     3.2622e-02  1.8101e-02     1.2281e-04  6.8142e-05     3.2596e-04  1.8086e-04     1.2271e-06  6.8088e-07 
4.2240e-03     3.7382e-02  9.2384e-03     1.5790e-04  3.9023e-05     4.1909e-04  1.0358e-04     1.7702e-06  4.3753e-07 
4.7394e-03     3.1466e-02  9.0556e-03     1.4913e-04  4.2918e-05     3.9580e-04  1.1392e-04     1.8759e-06  5.3991e-07 
5.3176e-03     4.6190e-02  1.0587e-02     2.4562e-04  5.6296e-05     6.5191e-04  1.4944e-04     3.4666e-06  7.9466e-07 
5.9665e-03     4.5577e-02  1.5468e-02     2.7194e-04  9.2291e-05     7.2176e-04  2.4497e-04     4.3064e-06  1.4616e-06 
6.6945e-03     6.1586e-02  1.7173e-02     4.1229e-04  1.1497e-04     1.0943e-03  3.0517e-04     7.3257e-06  2.0430e-06 
7.5114e-03     3.7371e-02  8.4141e-03     2.8071e-04  6.3202e-05     7.4504e-04  1.6777e-04     5.5963e-06  1.2602e-06 
8.4279e-03     2.0817e-03  1.5030e-03     1.7544e-05  1.2667e-05     4.6565e-05  3.3620e-05     3.9245e-07  2.8335e-07 
9.4563e-03     0.0000e+00  0.0000e+00     0.0000e+00  0.0000e+00     0.0000e+00  0.0000e+00     0.0000e+00  0.0000e+00 
1.0610e-02     8.2678e-04  6.0131e-04     8.7722e-06  6.3800e-06     2.3283e-05  1.6934e-05     2.4703e-07  1.7967e-07 
1.1905e-02     1.4096e+00  4.7442e-02     1.6781e-02  5.6478e-04     4.4540e-02  1.5088e-03     5.3023e-04  1.7961e-05 
1.3357e-02     1.1723e+00  3.2093e-02     1.5658e-02  4.2868e-04     4.1559e-02  1.1489e-03     5.5512e-04  1.5347e-05 
1.4987e-02     9.3650e-01  4.7410e-02     1.4035e-02  7.1054e-04     3.7252e-02  1.8913e-03     5.5830e-04  2.8345e-05 
1.6816e-02     7.0789e-01  2.2807e-02     1.1904e-02  3.8352e-04     3.1594e-02  1.0251e-03     5.3129e-04  1.7239e-05 
1.8868e-02     5.6954e-01  1.9931e-02     1.0746e-02  3.7606e-04     2.8521e-02  1.0041e-03     5.3813e-04  1.8945e-05 
2.1170e-02     4.4337e-01  2.6214e-02     9.3862e-03  5.5494e-04     2.4912e-02  1.4760e-03     5.2739e-04  3.1247e-05 
2.3753e-02     5.9200e-01  1.9784e-02     1.4062e-02  4.6993e-04     3.7322e-02  1.2555e-03     8.8651e-04  2.9821e-05 
2.6651e-02     7.6625e-01  2.7697e-02     2.0422e-02  7.3815e-04     5.4202e-02  1.9702e-03     1.4446e-03  5.2509e-05 
2.9903e-02     8.0965e-01  2.1433e-02     2.4211e-02  6.4091e-04     6.4260e-02  1.7189e-03     1.9216e-03  5.1401e-05 
3.3552e-02     7.7128e-01  4.5181e-02     2.5878e-02  1.5159e-03     6.8684e-02  4.0321e-03     2.3045e-03  1.3529e-04 
3.7646e-02     7.9878e-01  2.8779e-02     3.0071e-02  1.0834e-03     7.9813e-02  2.8919e-03     3.0046e-03  1.0887e-04 
4.2240e-02     8.5147e-01  2.9672e-02     3.5966e-02  1.2533e-03     9.5458e-02  3.3467e-03     4.0321e-03  1.4136e-04 
4.7394e-02     9.0103e-01  2.9484e-02     4.2703e-02  1.3973e-03     1.1334e-01  3.7342e-03     5.3716e-03  1.7698e-04 
5.3176e-02     9.4656e-01  2.3066e-02     5.0335e-02  1.2266e-03     1.3360e-01  3.2958e-03     7.1041e-03  1.7526e-04 
5.9665e-02     1.0206e+00  2.8796e-02     6.0896e-02  1.7181e-03     1.6163e-01  4.6023e-03     9.6435e-03  2.7460e-04 
6.6945e-02     1.0812e+00  1.8932e-02     7.2379e-02  1.2674e-03     1.9210e-01  3.4441e-03     1.2860e-02  2.3056e-04 
7.5114e-02     1.1830e+00  2.7173e-02     8.8862e-02  2.0411e-03     2.3585e-01  5.4927e-03     1.7716e-02  4.1258e-04 
8.4279e-02     1.2701e+00  2.4510e-02     1.0705e-01  2.0657e-03     2.8412e-01  5.5904e-03     2.3945e-02  4.7116e-04 
9.4563e-02     1.3754e+00  1.2559e-02     1.3006e-01  1.1876e-03     3.4521e-01  3.4201e-03     3.2644e-02  3.2341e-04 
1.0610e-01     1.4960e+00  2.3714e-02     1.5873e-01  2.5161e-03     4.2130e-01  6.8717e-03     4.4700e-02  7.2910e-04 
1.1905e-01     1.6542e+00  1.7785e-02     1.9693e-01  2.1172e-03     5.2267e-01  5.9679e-03     6.2222e-02  7.1047e-04 
1.3357e-01     1.7920e+00  1.9720e-02     2.3937e-01  2.6340e-03     6.3531e-01  7.4055e-03     8.4860e-02  9.8917e-04 
1.4987e-01     1.9599e+00  1.5143e-02     2.9374e-01  2.2696e-03     7.7962e-01  6.7283e-03     1.1684e-01  1.0084e-03 
1.6816e-01     2.1547e+00  8.7002e-03     3.6233e-01  1.4630e-03     9.6169e-01  5.3619e-03     1.6172e-01  9.0164e-04 
1.8868e-01     2.3067e+00  2.4285e-02     4.3523e-01  4.5821e-03     1.1552e+00  1.2947e-02     2.1795e-01  2.4428e-03 
2.1170e-01     2.4318e+00  1.6771e-02     5.1482e-01  3.5505e-03     1.3664e+00  1.0789e-02     2.8927e-01  2.2840e-03 
2.3753e-01     2.4800e+00  1.9585e-02     5.8909e-01  4.6521e-03     1.5635e+00  1.3733e-02     3.7138e-01  3.2620e-03 
2.6651e-01     2.4458e+00  2.6212e-02     6.5184e-01  6.9859e-03     1.7301e+00  1.9699e-02     4.6109e-01  5.2500e-03 
2.9903e-01     2.3102e+00  2.2036e-02     6.9082e-01  6.5895e-03     1.8335e+00  1.8857e-02     5.4828e-01  5.6388e-03 
3.3552e-01     2.0332e+00  1.1137e-02     6.8217e-01  3.7366e-03     1.8106e+00  1.2117e-02     6.0748e-01  4.0654e-03 
3.7646e-01     1.7031e+00  7.5365e-03     6.4113e-01  2.8372e-03     1.7017e+00  9.9755e-03     6.4060e-01  3.7554e-03 
4.2240e-01     1.3108e+00  1.1714e-02     5.5367e-01  4.9480e-03     1.4695e+00  1.4296e-02     6.2072e-01  6.0388e-03 
4.7394e-01     9.3616e-01  5.6451e-03     4.4368e-01  2.6754e-03     1.1776e+00  8.4216e-03     5.5810e-01  3.9913e-03 
5.3176e-01     6.4586e-01  5.5337e-03     3.4345e-01  2.9426e-03     9.1156e-01  8.5605e-03     4.8473e-01  4.5522e-03 
5.9665e-01     4.1958e-01  4.3022e-03     2.5034e-01  2.5669e-03     6.6444e-01  7.2761e-03     3.9644e-01  4.3413e-03 
6.6945e-01     2.7144e-01  4.1216e-03     1.8172e-01  2.7592e-03     4.8230e-01  7.5545e-03     3.2288e-01  5.0574e-03 
7.5114e-01     1.7976e-01  1.3218e-03     1.3502e-01  9.9287e-04     3.5837e-01  2.9737e-03     2.6918e-01  2.2336e-03 
8.4279e-01     1.2103e-01  8.1225e-04     1.0200e-01  6.8455e-04     2.7073e-01  2.0939e-03     2.2817e-01  1.7648e-03 
9.4563e-01     8.5289e-02  1.5134e-03     8.0651e-02  1.4311e-03     2.1406e-01  3.8865e-03     2.0242e-01  3.6752e-03 
1.0610e+00     5.9718e-02  8.1627e-04     6.3361e-02  8.6607e-04     1.6817e-01  2.3879e-03     1.7843e-01  2.5336e-03 
1.1905e+00     4.4330e-02  1.2872e-03     5.2773e-02  1.5323e-03     1.4007e-01  4.1025e-03     1.6675e-01  4.8840e-03 
1.3357e+00     3.2784e-02  1.5426e-03     4.3791e-02  2.0605e-03     1.1623e-01  5.4871e-03     1.5525e-01  7.3293e-03 
1.4987e+00     2.4443e-02  3.9396e-04     3.6633e-02  5.9044e-04     9.7228e-02  1.6111e-03     1.4572e-01  2.4145e-03 
1.6816e+00     1.8508e-02  6.0425e-04     3.1124e-02  1.0161e-03     8.2606e-02  2.7155e-03     1.3891e-01  4.5664e-03 
1.8868e+00     1.3613e-02  2.9953e-04     2.5685e-02  5.6514e-04     6.8171e-02  1.5227e-03     1.2862e-01  2.8730e-03 
2.1170e+00     1.0595e-02  4.3046e-04     2.2430e-02  9.1127e-04     5.9533e-02  2.4295e-03     1.2603e-01  5.1431e-03 
2.3753e+00     7.8773e-03  3.2547e-04     1.8711e-02  7.7308e-04     4.9662e-02  2.0607e-03     1.1796e-01  4.8949e-03 
2.6651e+00     6.0563e-03  2.3454e-04     1.6141e-02  6.2507e-04     4.2840e-02  1.6672e-03     1.1417e-01  4.4432e-03 
2.9903e+00     4.5704e-03  2.6619e-04     1.3667e-02  7.9600e-04     3.6274e-02  2.1173e-03     1.0847e-01  6.3314e-03 
3.3552e+00     3.3178e-03  2.1565e-04     1.1132e-02  7.2355e-04     2.9546e-02  1.9237e-03     9.9131e-02  6.4546e-03 
3.7646e+00     2.2696e-03  9.4952e-05     8.5441e-03  3.5746e-04     2.2677e-02  9.5274e-04     8.5371e-02  3.5867e-03 
4.2240e+00     1.6614e-03  1.1778e-04     7.0177e-03  4.9748e-04     1.8626e-02  1.3223e-03     7.8676e-02  5.5854e-03 
4.7394e+00     1.0513e-03  3.8578e-05     4.9826e-03  1.8283e-04     1.3224e-02  4.8792e-04     6.2676e-02  2.3124e-03 
5.3176e+00     6.7140e-04  3.9619e-05     3.5703e-03  2.1068e-04     9.4760e-03  5.6037e-04     5.0390e-02  2.9798e-03 
5.9665e+00     4.3960e-04  2.3723e-05     2.6229e-03  1.4155e-04     6.9615e-03  3.7663e-04     4.1536e-02  2.2472e-03 
6.6945e+00     2.2800e-04  4.0877e-05     1.5264e-03  2.7365e-04     4.0512e-03  7.2647e-04     2.7121e-02  4.8634e-03 
7.5114e+00     9.3428e-05  1.6004e-05     7.0177e-04  1.2022e-04     1.8626e-03  3.1915e-04     1.3991e-02  2.3972e-03 
8.4279e+00     5.8287e-05  1.0415e-05     4.9124e-04  8.7779e-05     1.3038e-03  2.3303e-04     1.0988e-02  1.9640e-03 
9.4563e+00     1.2060e-05  4.4034e-06     1.1404e-04  4.1640e-05     3.0267e-04  1.1052e-04     2.8622e-03  1.0451e-03 
1.0610e+01     4.9607e-06  2.3347e-06     5.2633e-05  2.4771e-05     1.3970e-04  6.5749e-05     1.4822e-03  6.9760e-04 
1.1905e+01     0.0000e+00  0.0000e+00     0.0000e+00  0.0000e+00     0.0000e+00  0.0000e+00     0.0000e+00  0.0000e+00 
1.3357e+01     0.0000e+00  0.0000e+00     0.0000e+00  0.0000e+00     0.0000e+00  0.0000e+00     0.0000e+00  0.0000e+00 
1.4987e+01     0.0000e+00  0.0000e+00     0.0000e+00  0.0000e+00     0.0000e+00  0.0000e+00     0.0000e+00  0.0000e+00 
1.6816e+01     0.0000e+00  0.0000e+00     0.0000e+00  0.0000e+00     0.0000e+00  0.0000e+00     0.0000e+00  0.0000e+00 
1.8868e+01     0.0000e+00  0.0000e+00     0.0000e+00  0.0000e+00     0.0000e+00  0.0000e+00     0.0000e+00  0.0000e+00 
2.1170e+01     0.0000e+00  0.0000e+00     0.0000e+00  0.0000e+00     0.0000e+00  0.0000e+00     0.0000e+00  0.0000e+00 
2.3753e+01     0.0000e+00  0.0000e+00     0.0000e+00  0.0000e+00     0.0000e+00  0.0000e+00     0.0000e+00  0.0000e+00 
2.6651e+01     0.0000e+00  0.0000e+00     0.0000e+00  0.0000e+00     0.0000e+00  0.0000e+00     0.0000e+00  0.0000e+00 
2.9903e+01     0.0000e+00  0.0000e+00     0.0000e+00  0.0000e+00     0.0000e+00  0.0000e+00     0.0000e+00  0.0000e+00 
3.3552e+01     0.0000e+00  0.0000e+00     0.0000e+00  0.0000e+00     0.0000e+00  0.0000e+00     0.0000e+00  0.0000e+00 
3.7646e+01     0.0000e+00  0.0000e+00     0.0000e+00  0.0000e+00     0.0000e+00  0.0000e+00     0.0000e+00  0.0000e+00 
4.2240e+01     0.0000e+00  0.0000e+00     0.0000e+00  0.0000e+00     0.0000e+00  0.0000e+00     0.0000e+00  0.0000e+00 
4.7394e+01     0.0000e+00  0.0000e+00     0.0000e+00  0.0000e+00     0.0000e+00  0.0000e+00     0.0000e+00  0.0000e+00 
5.3176e+01     0.0000e+00  0.0000e+00     0.0000e+00  0.0000e+00     0.0000e+00  0.0000e+00     0.0000e+00  0.0000e+00 
5.9665e+01     1.4702e-07  2.7333e-07     8.7722e-06  1.6308e-05     2.3283e-05  4.3284e-05     1.3892e-03  2.5825e-03 
6.6945e+01     0.0000e+00  0.0000e+00     0.0000e+00  0.0000e+00     0.0000e+00  0.0000e+00     0.0000e+00  0.0000e+00 
7.5114e+01     0.0000e+00  0.0000e+00     0.0000e+00  0.0000e+00     0.0000e+00  0.0000e+00     0.0000e+00  0.0000e+00 
8.4279e+01     0.0000e+00  0.0000e+00     0.0000e+00  0.0000e+00     0.0000e+00  0.0000e+00     0.0000e+00  0.0000e+00 
9.4563e+01     0.0000e+00  0.0000e+00     0.0000e+00  0.0000e+00     0.0000e+00  0.0000e+00     0.0000e+00  0.0000e+00 
1.0610e+02     0.0000e+00  0.0000e+00     0.0000e+00  0.0000e+00     0.0000e+00  0.0000e+00     0.0000e+00  0.0000e+00 
1.1905e+02     0.0000e+00  0.0000e+00     0.0000e+00  0.0000e+00     0.0000e+00  0.0000e+00     0.0000e+00  0.0000e+00 
1.3357e+02     6.5673e-08  4.4751e-07     8.7722e-06  5.9776e-05     2.3283e-05  1.5865e-04     3.1099e-03  2.1192e-02 
1.4987e+02     0.0000e+00  0.0000e+00     0.0000e+00  0.0000e+00     0.0000e+00  0.0000e+00     0.0000e+00  0.0000e+00 
1.6816e+02     0.0000e+00  0.0000e+00     0.0000e+00  0.0000e+00     0.0000e+00  0.0000e+00     0.0000e+00  0.0000e+00 
1.8868e+02     0.0000e+00  0.0000e+00     0.0000e+00  0.0000e+00     0.0000e+00  0.0000e+00     0.0000e+00  0.0000e+00 
2.1170e+02     0.0000e+00  0.0000e+00     0.0000e+00  0.0000e+00     0.0000e+00  0.0000e+00     0.0000e+00  0.0000e+00 
2.3753e+02     3.6931e-08  2.0253e-08     8.7722e-06  4.8107e-06     2.3283e-05  1.2768e-05     5.5303e-03  3.0329e-03 
2.6651e+02     0.0000e+00  0.0000e+00     0.0000e+00  0.0000e+00     0.0000e+00  0.0000e+00     0.0000e+00  0.0000e+00 
2.9903e+02     2.9335e-08  3.4323e-08     8.7722e-06  1.0264e-05     2.3283e-05  2.7241e-05     6.9623e-03  8.1461e-03 
3.3552e+02     0.0000e+00  0.0000e+00     0.0000e+00  0.0000e+00     0.0000e+00  0.0000e+00     0.0000e+00  0.0000e+00 
3.7646e+02     2.3302e-08  8.0706e-09     8.7722e-06  3.0383e-06     2.3283e-05  8.0645e-06     8.7650e-03  3.0360e-03 
4.2240e+02     0.0000e+00  0.0000e+00     0.0000e+00  0.0000e+00     0.0000e+00  0.0000e+00     0.0000e+00  0.0000e+00 
4.7394e+02     0.0000e+00  0.0000e+00     0.0000e+00  0.0000e+00     0.0000e+00  0.0000e+00     0.0000e+00  0.0000e+00 
5.3176e+02     0.0000e+00  0.0000e+00     0.0000e+00  0.0000e+00     0.0000e+00  0.0000e+00     0.0000e+00  0.0000e+00 
5.9665e+02     0.0000e+00  0.0000e+00     0.0000e+00  0.0000e+00     0.0000e+00  0.0000e+00     0.0000e+00  0.0000e+00 
6.6945e+02     0.0000e+00  0.0000e+00     0.0000e+00  0.0000e+00     0.0000e+00  0.0000e+00     0.0000e+00  0.0000e+00 
7.5114e+02     0.0000e+00  0.0000e+00     0.0000e+00  0.0000e+00     0.0000e+00  0.0000e+00     0.0000e+00  0.0000e+00 
8.4279e+02     0.0000e+00  0.0000e+00     0.0000e+00  0.0000e+00     0.0000e+00  0.0000e+00     0.0000e+00  0.0000e+00 
9.4563e+02     0.0000e+00  0.0000e+00     0.0000e+00  0.0000e+00     0.0000e+00  0.0000e+00     0.0000e+00  0.0000e+00 
1.0610e+03     0.0000e+00  0.0000e+00     0.0000e+00  0.0000e+00     0.0000e+00  0.0000e+00     0.0000e+00  0.0000e+00 
1.1905e+03     0.0000e+00  0.0000e+00     0.0000e+00  0.0000e+00     0.0000e+00  0.0000e+00     0.0000e+00  0.0000e+00 
1.3357e+03     0.0000e+00  0.0000e+00     0.0000e+00  0.0000e+00     0.0000e+00  0.0000e+00     0.0000e+00  0.0000e+00 
1.4987e+03     0.0000e+00  0.0000e+00     0.0000e+00  0.0000e+00     0.0000e+00  0.0000e+00     0.0000e+00  0.0000e+00 
1.6816e+03     0.0000e+00  0.0000e+00     0.0000e+00  0.0000e+00     0.0000e+00  0.0000e+00     0.0000e+00  0.0000e+00 
1.8868e+03     0.0000e+00  0.0000e+00     0.0000e+00  0.0000e+00     0.0000e+00  0.0000e+00     0.0000e+00  0.0000e+00 
2.1170e+03     0.0000e+00  0.0000e+00     0.0000e+00  0.0000e+00     0.0000e+00  0.0000e+00     0.0000e+00  0.0000e+00 
2.3753e+03     0.0000e+00  0.0000e+00     0.0000e+00  0.0000e+00     0.0000e+00  0.0000e+00     0.0000e+00  0.0000e+00 
2.6651e+03     0.0000e+00  0.0000e+00     0.0000e+00  0.0000e+00     0.0000e+00  0.0000e+00     0.0000e+00  0.0000e+00 
2.9903e+03     0.0000e+00  0.0000e+00     0.0000e+00  0.0000e+00     0.0000e+00  0.0000e+00     0.0000e+00  0.0000e+00 
3.3552e+03     0.0000e+00  0.0000e+00     0.0000e+00  0.0000e+00     0.0000e+00  0.0000e+00     0.0000e+00  0.0000e+00 
3.7646e+03     0.0000e+00  0.0000e+00     0.0000e+00  0.0000e+00     0.0000e+00  0.0000e+00     0.0000e+00  0.0000e+00 
4.2240e+03     0.0000e+00  0.0000e+00     0.0000e+00  0.0000e+00     0.0000e+00  0.0000e+00     0.0000e+00  0.0000e+00 
4.7394e+03     0.0000e+00  0.0000e+00     0.0000e+00  0.0000e+00     0.0000e+00  0.0000e+00     0.0000e+00  0.0000e+00 
5.3176e+03     0.0000e+00  0.0000e+00     0.0000e+00  0.0000e+00     0.0000e+00  0.0000e+00     0.0000e+00  0.0000e+00 
5.9665e+03     0.0000e+00  0.0000e+00     0.0000e+00  0.0000e+00     0.0000e+00  0.0000e+00     0.0000e+00  0.0000e+00 
6.6945e+03     0.0000e+00  0.0000e+00     0.0000e+00  0.0000e+00     0.0000e+00  0.0000e+00     0.0000e+00  0.0000e+00 
7.5114e+03     0.0000e+00  0.0000e+00     0.0000e+00  0.0000e+00     0.0000e+00  0.0000e+00     0.0000e+00  0.0000e+00 
8.4279e+03     0.0000e+00  0.0000e+00     0.0000e+00  0.0000e+00     0.0000e+00  0.0000e+00     0.0000e+00  0.0000e+00 
9.4563e+03     0.0000e+00  0.0000e+00     0.0000e+00  0.0000e+00     0.0000e+00  0.0000e+00     0.0000e+00  0.0000e+00 
