yF = 5.7540e-01 (std: 1.6191e-03) keV/um
yD = 1.6767e+00 (std: 3.7039e-01) keV/um
y (keV/um)     f(y)(std)                  yf(y)(std)                 d(y)(std)                  yd(y)(std)  
1.0610e-03     0.0000e+00  0.0000e+00     0.0000e+00  0.0000e+00     0.0000e+00  0.0000e+00     0.0000e+00  0.0000e+00 
1.1905e-03     0.0000e+00  0.0000e+00     0.0000e+00  0.0000e+00     0.0000e+00  0.0000e+00     0.0000e+00  0.0000e+00 
1.3357e-03     6.5384e-03  1.7297e-03     8.7335e-06  2.3104e-06     1.5178e-05  4.0156e-06     2.0274e-08  5.3637e-09 
1.4987e-03     1.1655e-02  6.4581e-03     1.7467e-05  9.6789e-06     3.0356e-05  1.6821e-05     4.5495e-08  2.5210e-08 
1.6816e-03     1.5581e-02  6.4615e-03     2.6201e-05  1.0866e-05     4.5534e-05  1.8884e-05     7.6570e-08  3.1755e-08 
1.8868e-03     4.6288e-03  1.3091e-03     8.7335e-06  2.4699e-06     1.5178e-05  4.2927e-06     2.8638e-08  8.0994e-09 
2.1170e-03     4.1254e-03  5.8059e-03     8.7335e-06  1.2291e-05     1.5178e-05  2.1361e-05     3.2132e-08  4.5221e-08 
2.3753e-03     7.3536e-03  3.5579e-03     1.7467e-05  8.4511e-06     3.0356e-05  1.4688e-05     7.2105e-08  3.4887e-08 
2.6651e-03     3.2770e-03  3.8493e-02     8.7335e-06  1.0259e-04     1.5178e-05  1.7829e-04     4.0452e-08  4.7517e-07 
2.9903e-03     2.0444e-02  9.5545e-03     6.1135e-05  2.8571e-05     1.0625e-04  4.9655e-05     3.1771e-07  1.4848e-07 
3.3552e-03     3.1236e-02  9.9429e-03     1.0480e-04  3.3360e-05     1.8214e-04  5.7980e-05     6.1111e-07  1.9453e-07 
3.7646e-03     1.3919e-02  7.8121e-03     5.2401e-05  2.9409e-05     9.1069e-05  5.1112e-05     3.4284e-07  1.9242e-07 
4.2240e-03     2.4811e-02  1.2527e-02     1.0480e-04  5.2912e-05     1.8214e-04  9.1958e-05     7.6934e-07  3.8843e-07 
4.7394e-03     2.3956e-02  1.1370e-02     1.1354e-04  5.3885e-05     1.9732e-04  9.3650e-05     9.3515e-07  4.4384e-07 
5.3176e-03     1.8066e-02  1.7070e-02     9.6069e-05  9.0773e-05     1.6696e-04  1.5776e-04     8.8783e-07  8.3889e-07 
5.9665e-03     2.0493e-02  6.5371e-03     1.2227e-04  3.9003e-05     2.1249e-04  6.7787e-05     1.2678e-06  4.0445e-07 
6.6945e-03     3.0005e-02  1.1415e-02     2.0087e-04  7.6418e-05     3.4910e-04  1.3281e-04     2.3370e-06  8.8911e-07 
7.5114e-03     1.1627e-02  3.5635e-03     8.7335e-05  2.6766e-05     1.5178e-04  4.6520e-05     1.1401e-06  3.4943e-07 
8.4279e-03     0.0000e+00  0.0000e+00     0.0000e+00  0.0000e+00     0.0000e+00  0.0000e+00     0.0000e+00  0.0000e+00 
9.4563e-03     9.2357e-04  2.1942e-03     8.7335e-06  2.0748e-05     1.5178e-05  3.6059e-05     1.4353e-07  3.4099e-07 
1.0610e-02     8.2313e-04  6.4992e-04     8.7335e-06  6.8957e-06     1.5178e-05  1.1984e-05     1.6104e-07  1.2715e-07 
1.1905e-02     6.1771e-01  3.8561e-02     7.3536e-03  4.5905e-04     1.2780e-02  7.9861e-04     1.5214e-04  9.5072e-06 
1.3357e-02     4.9888e-01  3.4521e-02     6.6637e-03  4.6111e-04     1.1581e-02  8.0203e-04     1.5469e-04  1.0713e-05 
1.4987e-02     3.6246e-01  2.1469e-02     5.4323e-03  3.2176e-04     9.4408e-03  5.5982e-04     1.4149e-04  8.3901e-06 
1.6816e-02     3.1473e-01  1.3886e-02     5.2925e-03  2.3351e-04     9.1980e-03  4.0665e-04     1.5467e-04  6.8381e-06 
1.8868e-02     2.3376e-01  1.6042e-02     4.4104e-03  3.0268e-04     7.6650e-03  5.2647e-04     1.4462e-04  9.9334e-06 
2.1170e-02     2.0462e-01  1.1390e-02     4.3318e-03  2.4112e-04     7.5284e-03  4.1958e-04     1.5937e-04  8.8824e-06 
2.3753e-02     2.4598e-01  8.4102e-03     5.8427e-03  1.9977e-04     1.0154e-02  3.4835e-04     2.4119e-04  8.2745e-06 
2.6651e-02     3.5031e-01  2.1118e-02     9.3361e-03  5.6282e-04     1.6225e-02  9.7921e-04     4.3243e-04  2.6097e-05 
2.9903e-02     3.5514e-01  2.1891e-02     1.0620e-02  6.5462e-04     1.8457e-02  1.1389e-03     5.5191e-04  3.4056e-05 
3.3552e-02     3.2303e-01  2.9208e-02     1.0838e-02  9.7997e-04     1.8836e-02  1.7039e-03     6.3199e-04  5.7171e-05 
3.7646e-02     3.2061e-01  1.3640e-02     1.2070e-02  5.1348e-04     2.0976e-02  8.9434e-04     7.8967e-04  3.3668e-05 
4.2240e-02     3.6204e-01  1.9205e-02     1.5292e-02  8.1119e-04     2.6577e-02  1.4118e-03     1.1226e-03  5.9632e-05 
4.7394e-02     3.7592e-01  1.7911e-02     1.7816e-02  8.4886e-04     3.0963e-02  1.4778e-03     1.4675e-03  7.0039e-05 
5.3176e-02     4.0337e-01  1.0098e-02     2.1450e-02  5.3697e-04     3.7278e-02  9.3909e-04     1.9823e-03  4.9937e-05 
5.9665e-02     4.1746e-01  1.0749e-02     2.4908e-02  6.4135e-04     4.3288e-02  1.1212e-03     2.5828e-03  6.6899e-05 
6.6945e-02     4.3821e-01  1.5284e-02     2.9336e-02  1.0232e-03     5.0983e-02  1.7839e-03     3.4131e-03  1.1943e-04 
7.5114e-02     4.8927e-01  1.1242e-02     3.6751e-02  8.4441e-04     6.3870e-02  1.4785e-03     4.7975e-03  1.1105e-04 
8.4279e-02     5.2829e-01  1.6789e-02     4.4524e-02  1.4150e-03     7.7378e-02  2.4687e-03     6.5214e-03  2.0806e-04 
9.4563e-02     5.6356e-01  1.2504e-02     5.3292e-02  1.1825e-03     9.2617e-02  2.0715e-03     8.7581e-03  1.9588e-04 
1.0610e-01     6.0278e-01  1.1886e-02     6.3956e-02  1.2611e-03     1.1115e-01  2.2139e-03     1.1793e-02  2.3489e-04 
1.1905e-01     6.6664e-01  1.2848e-02     7.9362e-02  1.5295e-03     1.3792e-01  2.6863e-03     1.6419e-02  3.1980e-04 
1.3357e-01     7.3027e-01  7.6226e-03     9.7545e-02  1.0182e-03     1.6952e-01  1.8327e-03     2.2644e-02  2.4480e-04 
1.4987e-01     7.9526e-01  8.9251e-03     1.1919e-01  1.3376e-03     2.0714e-01  2.3966e-03     3.1044e-02  3.5919e-04 
1.6816e-01     8.7487e-01  1.7654e-02     1.4712e-01  2.9686e-03     2.5568e-01  5.2091e-03     4.2994e-02  8.7596e-04 
1.8868e-01     9.7377e-01  6.1011e-03     1.8373e-01  1.1511e-03     3.1930e-01  2.1931e-03     6.0245e-02  4.1378e-04 
2.1170e-01     1.0922e+00  1.3022e-02     2.3121e-01  2.7567e-03     4.0183e-01  4.9225e-03     8.5066e-02  1.0421e-03 
2.3753e-01     1.2117e+00  6.2493e-03     2.8782e-01  1.4844e-03     5.0021e-01  2.9388e-03     1.1882e-01  6.9804e-04 
2.6651e-01     1.3449e+00  1.0059e-02     3.5844e-01  2.6808e-03     6.2294e-01  4.9778e-03     1.6602e-01  1.3266e-03 
2.9903e-01     1.4781e+00  1.2823e-02     4.4199e-01  3.8346e-03     7.6814e-01  7.0060e-03     2.2970e-01  2.0950e-03 
3.3552e-01     1.5932e+00  1.3211e-02     5.3456e-01  4.4326e-03     9.2902e-01  8.1349e-03     3.1171e-01  2.7294e-03 
3.7646e-01     1.6930e+00  1.0375e-02     6.3733e-01  3.9057e-03     1.1076e+00  7.4691e-03     4.1698e-01  2.8118e-03 
4.2240e-01     1.6848e+00  1.9907e-02     7.1165e-01  8.4085e-03     1.2368e+00  1.5022e-02     5.2242e-01  6.3452e-03 
4.7394e-01     1.5894e+00  1.1243e-02     7.5328e-01  5.3285e-03     1.3091e+00  9.9662e-03     6.2044e-01  4.7233e-03 
5.3176e-01     1.3812e+00  4.5678e-03     7.3448e-01  2.4290e-03     1.2765e+00  5.5427e-03     6.7878e-01  2.9474e-03 
5.9665e-01     1.1036e+00  3.7258e-03     6.5845e-01  2.2230e-03     1.1443e+00  5.0293e-03     6.8276e-01  3.0007e-03 
6.6945e-01     8.1723e-01  8.9499e-03     5.4709e-01  5.9916e-03     9.5081e-01  1.0751e-02     6.3652e-01  7.1973e-03 
7.5114e-01     5.5968e-01  6.4698e-03     4.2040e-01  4.8597e-03     7.3062e-01  8.6923e-03     5.4879e-01  6.5291e-03 
8.4279e-01     3.6949e-01  2.2454e-03     3.1140e-01  1.8924e-03     5.4119e-01  3.6242e-03     4.5611e-01  3.0545e-03 
9.4563e-01     2.4318e-01  3.2864e-03     2.2995e-01  3.1077e-03     3.9964e-01  5.5168e-03     3.7791e-01  5.2168e-03 
1.0610e+00     1.6103e-01  1.5818e-03     1.7085e-01  1.6783e-03     2.9693e-01  3.0340e-03     3.1505e-01  3.2191e-03 
1.1905e+00     1.0799e-01  1.2820e-03     1.2856e-01  1.5261e-03     2.2342e-01  2.7258e-03     2.6598e-01  3.2450e-03 
1.3357e+00     7.5976e-02  2.0730e-03     1.0148e-01  2.7690e-03     1.7637e-01  4.8379e-03     2.3558e-01  6.4621e-03 
1.4987e+00     5.3821e-02  1.0512e-03     8.0663e-02  1.5754e-03     1.4019e-01  2.7663e-03     2.1010e-01  4.1458e-03 
1.6816e+00     4.0006e-02  1.0512e-03     6.7274e-02  1.7676e-03     1.1692e-01  3.0895e-03     1.9661e-01  5.1953e-03 
1.8868e+00     2.8139e-02  3.4704e-04     5.3091e-02  6.5478e-04     9.2268e-02  1.1672e-03     1.7409e-01  2.2022e-03 
2.1170e+00     2.0635e-02  4.4889e-04     4.3685e-02  9.5029e-04     7.5921e-02  1.6653e-03     1.6072e-01  3.5254e-03 
2.3753e+00     1.5494e-02  4.1140e-04     3.6803e-02  9.7719e-04     6.3961e-02  1.7078e-03     1.5193e-01  4.0565e-03 
2.6651e+00     1.1967e-02  6.1237e-04     3.1895e-02  1.6320e-03     5.5431e-02  2.8406e-03     1.4773e-01  7.5707e-03 
2.9903e+00     8.8143e-03  2.7184e-04     2.6358e-02  8.1288e-04     4.5808e-02  1.4186e-03     1.3698e-01  4.2420e-03 
3.3552e+00     6.3851e-03  2.7392e-04     2.1423e-02  9.1905e-04     3.7232e-02  1.6007e-03     1.2492e-01  5.3706e-03 
3.7646e+00     4.5192e-03  1.1503e-04     1.7013e-02  4.3305e-04     2.9567e-02  7.5719e-04     1.1131e-01  2.8505e-03 
4.2240e+00     3.1076e-03  1.3397e-04     1.3126e-02  5.6589e-04     2.2813e-02  9.8556e-04     9.6360e-02  4.1630e-03 
4.7394e+00     2.0676e-03  6.6211e-05     9.7990e-03  3.1380e-04     1.7030e-02  5.4746e-04     8.0711e-02  2.5946e-03 
5.3176e+00     1.3057e-03  7.4586e-05     6.9432e-03  3.9662e-04     1.2067e-02  6.9013e-04     6.4166e-02  3.6699e-03 
5.9665e+00     7.9336e-04  5.6137e-05     4.7336e-03  3.3494e-04     8.2266e-03  5.8256e-04     4.9084e-02  3.4758e-03 
6.6945e+00     4.5660e-04  2.5061e-05     3.0567e-03  1.6777e-04     5.3124e-03  2.9195e-04     3.5564e-02  1.9545e-03 
7.5114e+00     2.1394e-04  1.3131e-05     1.6070e-03  9.8634e-05     2.7928e-03  1.7160e-04     2.0978e-02  1.2889e-03 
8.4279e+00     9.0155e-05  1.2916e-05     7.5982e-04  1.0885e-04     1.3205e-03  1.8922e-04     1.1129e-02  1.5947e-03 
9.4563e+00     4.4331e-05  9.6267e-06     4.1921e-04  9.1033e-05     7.2855e-04  1.5822e-04     6.8894e-03  1.4962e-03 
1.0610e+01     1.4816e-05  1.0679e-05     1.5720e-04  1.1331e-04     2.7321e-04  1.9692e-04     2.8988e-03  2.0893e-03 
1.1905e+01     5.1353e-06  2.2066e-06     6.1135e-05  2.6270e-05     1.0625e-04  4.5655e-05     1.2648e-03  5.4351e-04 
1.3357e+01     2.6154e-06  1.0844e-06     3.4934e-05  1.4485e-05     6.0713e-05  2.5174e-05     8.1096e-04  3.3626e-04 
1.4987e+01     5.8273e-07  1.2640e-06     8.7335e-06  1.8944e-05     1.5178e-05  3.2923e-05     2.2748e-04  4.9343e-04 
1.6816e+01     0.0000e+00  0.0000e+00     0.0000e+00  0.0000e+00     0.0000e+00  0.0000e+00     0.0000e+00  0.0000e+00 
1.8868e+01     4.6288e-07  4.8660e-07     8.7335e-06  9.1810e-06     1.5178e-05  1.5956e-05     2.8638e-04  3.0105e-04 
2.1170e+01     0.0000e+00  0.0000e+00     0.0000e+00  0.0000e+00     0.0000e+00  0.0000e+00     0.0000e+00  0.0000e+00 
2.3753e+01     0.0000e+00  0.0000e+00     0.0000e+00  0.0000e+00     0.0000e+00  0.0000e+00     0.0000e+00  0.0000e+00 
2.6651e+01     3.2770e-07  2.4112e-07     8.7335e-06  6.4261e-06     1.5178e-05  1.1168e-05     4.0452e-04  2.9765e-04 
2.9903e+01     0.0000e+00  0.0000e+00     0.0000e+00  0.0000e+00     0.0000e+00  0.0000e+00     0.0000e+00  0.0000e+00 
3.3552e+01     2.6030e-07  5.6462e-07     8.7335e-06  1.8944e-05     1.5178e-05  3.2923e-05     5.0926e-04  1.1046e-03 
3.7646e+01     0.0000e+00  0.0000e+00     0.0000e+00  0.0000e+00     0.0000e+00  0.0000e+00     0.0000e+00  0.0000e+00 
4.2240e+01     2.0676e-07  1.4347e-07     8.7335e-06  6.0599e-06     1.5178e-05  1.0532e-05     6.4112e-04  4.4486e-04 
4.7394e+01     0.0000e+00  0.0000e+00     0.0000e+00  0.0000e+00     0.0000e+00  0.0000e+00     0.0000e+00  0.0000e+00 
5.3176e+01     0.0000e+00  0.0000e+00     0.0000e+00  0.0000e+00     0.0000e+00  0.0000e+00     0.0000e+00  0.0000e+00 
5.9665e+01     1.4638e-07  1.3219e-07     8.7335e-06  7.8869e-06     1.5178e-05  1.3707e-05     9.0560e-04  8.1782e-04 
6.6945e+01     0.0000e+00  0.0000e+00     0.0000e+00  0.0000e+00     0.0000e+00  0.0000e+00     0.0000e+00  0.0000e+00 
7.5114e+01     0.0000e+00  0.0000e+00     0.0000e+00  0.0000e+00     0.0000e+00  0.0000e+00     0.0000e+00  0.0000e+00 
8.4279e+01     3.1088e-07  1.6278e-07     2.6201e-05  1.3719e-05     4.5534e-05  2.3843e-05     3.8376e-03  2.0094e-03 
9.4563e+01     0.0000e+00  0.0000e+00     0.0000e+00  0.0000e+00     0.0000e+00  0.0000e+00     0.0000e+00  0.0000e+00 
1.0610e+02     8.2313e-08  5.4396e-08     8.7335e-06  5.7714e-06     1.5178e-05  1.0030e-05     1.6104e-03  1.0642e-03 
1.1905e+02     0.0000e+00  0.0000e+00     0.0000e+00  0.0000e+00     0.0000e+00  0.0000e+00     0.0000e+00  0.0000e+00 
1.3357e+02     0.0000e+00  0.0000e+00     0.0000e+00  0.0000e+00     0.0000e+00  0.0000e+00     0.0000e+00  0.0000e+00 
1.4987e+02     5.8273e-08  3.8509e-08     8.7335e-06  5.7714e-06     1.5178e-05  1.0030e-05     2.2748e-03  1.5033e-03 
1.6816e+02     5.1936e-08  4.8453e-08     8.7335e-06  8.1478e-06     1.5178e-05  1.4160e-05     2.5523e-03  2.3812e-03 
1.8868e+02     0.0000e+00  0.0000e+00     0.0000e+00  0.0000e+00     0.0000e+00  0.0000e+00     0.0000e+00  0.0000e+00 
2.1170e+02     0.0000e+00  0.0000e+00     0.0000e+00  0.0000e+00     0.0000e+00  0.0000e+00     0.0000e+00  0.0000e+00 
2.3753e+02     3.6768e-08  1.1625e-08     8.7335e-06  2.7613e-06     1.5178e-05  4.7992e-06     3.6053e-03  1.1400e-03 
2.6651e+02     0.0000e+00  0.0000e+00     0.0000e+00  0.0000e+00     0.0000e+00  0.0000e+00     0.0000e+00  0.0000e+00 
2.9903e+02     0.0000e+00  0.0000e+00     0.0000e+00  0.0000e+00     0.0000e+00  0.0000e+00     0.0000e+00  0.0000e+00 
3.3552e+02     0.0000e+00  0.0000e+00     0.0000e+00  0.0000e+00     0.0000e+00  0.0000e+00     0.0000e+00  0.0000e+00 
3.7646e+02     0.0000e+00  0.0000e+00     0.0000e+00  0.0000e+00     0.0000e+00  0.0000e+00     0.0000e+00  0.0000e+00 
4.2240e+02     2.0676e-08  2.4191e-08     8.7335e-06  1.0218e-05     1.5178e-05  1.7759e-05     6.4112e-03  7.5012e-03 
4.7394e+02     0.0000e+00  0.0000e+00     0.0000e+00  0.0000e+00     0.0000e+00  0.0000e+00     0.0000e+00  0.0000e+00 
5.3176e+02     0.0000e+00  0.0000e+00     0.0000e+00  0.0000e+00     0.0000e+00  0.0000e+00     0.0000e+00  0.0000e+00 
5.9665e+02     0.0000e+00  0.0000e+00     0.0000e+00  0.0000e+00     0.0000e+00  0.0000e+00     0.0000e+00  0.0000e+00 
6.6945e+02     0.0000e+00  0.0000e+00     0.0000e+00  0.0000e+00     0.0000e+00  0.0000e+00     0.0000e+00  0.0000e+00 
7.5114e+02     0.0000e+00  0.0000e+00     0.0000e+00  0.0000e+00     0.0000e+00  0.0000e+00     0.0000e+00  0.0000e+00 
8.4279e+02     0.0000e+00  0.0000e+00     0.0000e+00  0.0000e+00     0.0000e+00  0.0000e+00     0.0000e+00  0.0000e+00 
9.4563e+02     0.0000e+00  0.0000e+00     0.0000e+00  0.0000e+00     0.0000e+00  0.0000e+00     0.0000e+00  0.0000e+00 
1.0610e+03     0.0000e+00  0.0000e+00     0.0000e+00  0.0000e+00     0.0000e+00  0.0000e+00     0.0000e+00  0.0000e+00 
1.1905e+03     0.0000e+00  0.0000e+00     0.0000e+00  0.0000e+00     0.0000e+00  0.0000e+00     0.0000e+00  0.0000e+00 
1.3357e+03     0.0000e+00  0.0000e+00     0.0000e+00  0.0000e+00     0.0000e+00  0.0000e+00     0.0000e+00  0.0000e+00 
1.4987e+03     0.0000e+00  0.0000e+00     0.0000e+00  0.0000e+00     0.0000e+00  0.0000e+00     0.0000e+00  0.0000e+00 
1.6816e+03     0.0000e+00  0.0000e+00     0.0000e+00  0.0000e+00     0.0000e+00  0.0000e+00     0.0000e+00  0.0000e+00 
1.8868e+03     0.0000e+00  0.0000e+00     0.0000e+00  0.0000e+00     0.0000e+00  0.0000e+00     0.0000e+00  0.0000e+00 
2.1170e+03     0.0000e+00  0.0000e+00     0.0000e+00  0.0000e+00     0.0000e+00  0.0000e+00     0.0000e+00  0.0000e+00 
2.3753e+03     0.0000e+00  0.0000e+00     0.0000e+00  0.0000e+00     0.0000e+00  0.0000e+00     0.0000e+00  0.0000e+00 
2.6651e+03     0.0000e+00  0.0000e+00     0.0000e+00  0.0000e+00     0.0000e+00  0.0000e+00     0.0000e+00  0.0000e+00 
2.9903e+03     0.0000e+00  0.0000e+00     0.0000e+00  0.0000e+00     0.0000e+00  0.0000e+00     0.0000e+00  0.0000e+00 
3.3552e+03     0.0000e+00  0.0000e+00     0.0000e+00  0.0000e+00     0.0000e+00  0.0000e+00     0.0000e+00  0.0000e+00 
3.7646e+03     0.0000e+00  0.0000e+00     0.0000e+00  0.0000e+00     0.0000e+00  0.0000e+00     0.0000e+00  0.0000e+00 
4.2240e+03     0.0000e+00  0.0000e+00     0.0000e+00  0.0000e+00     0.0000e+00  0.0000e+00     0.0000e+00  0.0000e+00 
4.7394e+03     0.0000e+00  0.0000e+00     0.0000e+00  0.0000e+00     0.0000e+00  0.0000e+00     0.0000e+00  0.0000e+00 
5.3176e+03     0.0000e+00  0.0000e+00     0.0000e+00  0.0000e+00     0.0000e+00  0.0000e+00     0.0000e+00  0.0000e+00 
5.9665e+03     0.0000e+00  0.0000e+00     0.0000e+00  0.0000e+00     0.0000e+00  0.0000e+00     0.0000e+00  0.0000e+00 
6.6945e+03     0.0000e+00  0.0000e+00     0.0000e+00  0.0000e+00     0.0000e+00  0.0000e+00     0.0000e+00  0.0000e+00 
7.5114e+03     0.0000e+00  0.0000e+00     0.0000e+00  0.0000e+00     0.0000e+00  0.0000e+00     0.0000e+00  0.0000e+00 
8.4279e+03     0.0000e+00  0.0000e+00     0.0000e+00  0.0000e+00     0.0000e+00  0.0000e+00     0.0000e+00  0.0000e+00 
9.4563e+03     0.0000e+00  0.0000e+00     0.0000e+00  0.0000e+00     0.0000e+00  0.0000e+00     0.0000e+00  0.0000e+00 
