yF = 3.8396e-01 (std: 1.1332e-03) keV/um
yD = 2.5013e+00 (std: 6.1178e-01) keV/um
y (keV/um)     f(y)(std)                  yf(y)(std)                 d(y)(std)                  yd(y)(std)  
1.0610e-03     0.0000e+00  0.0000e+00     0.0000e+00  0.0000e+00     0.0000e+00  0.0000e+00     0.0000e+00  0.0000e+00 
1.1905e-03     7.3670e-03  5.2960e-03     8.7702e-06  6.3047e-06     2.2841e-05  1.6420e-05     2.7192e-08  1.9548e-08 
1.3357e-03     1.3132e-02  1.0610e-02     1.7540e-05  1.4172e-05     4.5683e-05  3.6911e-05     6.1020e-08  4.9303e-08 
1.4987e-03     2.3407e-02  1.7948e-02     3.5081e-05  2.6898e-05     9.1365e-05  7.0055e-05     1.3693e-07  1.0499e-07 
1.6816e-03     2.6077e-02  1.4127e-02     4.3851e-05  2.3756e-05     1.1421e-04  6.1872e-05     1.9205e-07  1.0404e-07 
1.8868e-03     3.2538e-02  1.1405e-02     6.1392e-05  2.1519e-05     1.5989e-04  5.6046e-05     3.0167e-07  1.0575e-07 
2.1170e-03     2.4857e-02  1.1414e-02     5.2621e-05  2.4162e-05     1.3705e-04  6.2930e-05     2.9013e-07  1.3322e-07 
2.3753e-03     2.9538e-02  8.6831e-03     7.0162e-05  2.0625e-05     1.8273e-04  5.3719e-05     4.3404e-07  1.2760e-07 
2.6651e-03     2.6326e-02  1.4535e-02     7.0162e-05  3.8738e-05     1.8273e-04  1.0089e-04     4.8700e-07  2.6889e-07 
2.9903e-03     3.8127e-02  1.7693e-02     1.1401e-04  5.2907e-05     2.9694e-04  1.3779e-04     8.8794e-07  4.1205e-07 
3.3552e-03     4.9664e-02  1.1980e-02     1.6663e-04  4.0195e-05     4.3398e-04  1.0469e-04     1.4561e-06  3.5126e-07 
3.7646e-03     2.7956e-02  2.8439e-02     1.0524e-04  1.0706e-04     2.7410e-04  2.7883e-04     1.0319e-06  1.0497e-06 
4.2240e-03     2.9068e-02  1.2982e-02     1.2278e-04  5.4836e-05     3.1978e-04  1.4282e-04     1.3507e-06  6.0326e-07 
4.7394e-03     3.1459e-02  1.1466e-02     1.4909e-04  5.4344e-05     3.8830e-04  1.4154e-04     1.8403e-06  6.7080e-07 
5.3176e-03     3.4635e-02  7.3630e-03     1.8417e-04  3.9154e-05     4.7967e-04  1.0198e-04     2.5507e-06  5.4231e-07 
5.9665e-03     4.9977e-02  1.4405e-02     2.9819e-04  8.5950e-05     7.7660e-04  2.2386e-04     4.6336e-06  1.3357e-06 
6.6945e-03     4.9782e-02  1.2166e-02     3.3327e-04  8.1446e-05     8.6797e-04  2.1214e-04     5.8106e-06  1.4201e-06 
7.5114e-03     3.8531e-02  1.3534e-02     2.8942e-04  1.0166e-04     7.5376e-04  2.6477e-04     5.6618e-06  1.9888e-06 
8.4279e-03     2.0812e-03  3.0808e-03     1.7540e-05  2.5964e-05     4.5683e-05  6.7622e-05     3.8501e-07  5.6991e-07 
9.4563e-03     9.2745e-04  1.0852e-03     8.7702e-06  1.0262e-05     2.2841e-05  2.6726e-05     2.1599e-07  2.5272e-07 
1.0610e-02     0.0000e+00  0.0000e+00     0.0000e+00  0.0000e+00     0.0000e+00  0.0000e+00     0.0000e+00  0.0000e+00 
1.1905e-02     1.3754e+00  3.8217e-02     1.6374e-02  4.5496e-04     4.2645e-02  1.1916e-03     5.0767e-04  1.4185e-05 
1.3357e-02     1.1208e+00  2.2985e-02     1.4971e-02  3.0702e-04     3.8990e-02  8.0783e-04     5.2080e-04  1.0790e-05 
1.4987e-02     8.9884e-01  3.1554e-02     1.3471e-02  4.7290e-04     3.5084e-02  1.2360e-03     5.2581e-04  1.8524e-05 
1.6816e-02     7.0982e-01  2.1025e-02     1.1936e-02  3.5356e-04     3.1087e-02  9.2537e-04     5.2275e-04  1.5561e-05 
1.8868e-02     5.5779e-01  1.2956e-02     1.0524e-02  2.4445e-04     2.7410e-02  6.4178e-04     5.1716e-04  1.2109e-05 
2.1170e-02     4.4618e-01  2.9080e-02     9.4455e-03  6.1563e-04     2.4600e-02  1.6050e-03     5.2078e-04  3.3977e-05 
2.3753e-02     5.6602e-01  1.7966e-02     1.3445e-02  4.2674e-04     3.5016e-02  1.1162e-03     8.3173e-04  2.6513e-05 
2.6651e-02     7.5325e-01  1.5988e-02     2.0075e-02  4.2610e-04     5.2284e-02  1.1204e-03     1.3934e-03  2.9860e-05 
2.9903e-02     7.8073e-01  1.4482e-02     2.3346e-02  4.3307e-04     6.0803e-02  1.1421e-03     1.8182e-03  3.4152e-05 
3.3552e-02     7.4653e-01  3.4240e-02     2.5048e-02  1.1488e-03     6.5235e-02  2.9982e-03     2.1888e-03  1.0060e-04 
3.7646e-02     7.4083e-01  3.0805e-02     2.7889e-02  1.1597e-03     7.2635e-02  3.0279e-03     2.7344e-03  1.1399e-04 
4.2240e-02     8.1827e-01  7.4238e-03     3.4563e-02  3.1358e-04     9.0017e-02  8.5881e-04     3.8023e-03  3.6276e-05 
4.7394e-02     8.5864e-01  2.3548e-02     4.0694e-02  1.1160e-03     1.0598e-01  2.9233e-03     5.0229e-03  1.3855e-04 
5.3176e-02     8.7955e-01  1.5803e-02     4.6772e-02  8.4035e-04     1.2181e-01  2.2180e-03     6.4776e-03  1.1794e-04 
5.9665e-02     9.8293e-01  1.3514e-02     5.8646e-02  8.0630e-04     1.5274e-01  2.1478e-03     9.1132e-03  1.2815e-04 
6.6945e-02     1.0594e+00  3.4897e-02     7.0925e-02  2.3362e-03     1.8472e-01  6.1088e-03     1.2366e-02  4.0896e-04 
7.5114e-02     1.1194e+00  1.7905e-02     8.4080e-02  1.3449e-03     2.1898e-01  3.5618e-03     1.6448e-02  2.6754e-04 
8.4279e-02     1.2110e+00  2.0000e-02     1.0206e-01  1.6855e-03     2.6580e-01  4.4594e-03     2.2402e-02  3.7583e-04 
9.4563e-02     1.3476e+00  2.4370e-02     1.2743e-01  2.3045e-03     3.3188e-01  6.0812e-03     3.1384e-02  5.7505e-04 
1.0610e-01     1.4414e+00  2.5760e-02     1.5294e-01  2.7332e-03     3.9831e-01  7.2147e-03     4.2261e-02  7.6549e-04 
1.1905e-01     1.5614e+00  1.6166e-02     1.8588e-01  1.9245e-03     4.8412e-01  5.2119e-03     5.7633e-02  6.2046e-04 
1.3357e-01     1.7346e+00  2.8837e-02     2.3169e-01  3.8518e-03     6.0342e-01  1.0189e-02     8.0601e-02  1.3609e-03 
1.4987e-01     1.8717e+00  8.9931e-03     2.8052e-01  1.3478e-03     7.3058e-01  4.1196e-03     1.0949e-01  6.1741e-04 
1.6816e-01     2.0821e+00  9.6414e-03     3.5012e-01  1.6213e-03     9.1187e-01  5.0072e-03     1.5334e-01  8.4201e-04 
1.8868e-01     2.2346e+00  2.5532e-02     4.2161e-01  4.8174e-03     1.0980e+00  1.2958e-02     2.0718e-01  2.4449e-03 
2.1170e-01     2.3798e+00  1.4112e-02     5.0381e-01  2.9874e-03     1.3121e+00  8.6909e-03     2.7777e-01  1.8399e-03 
2.3753e-01     2.4382e+00  1.7410e-02     5.7915e-01  4.1355e-03     1.5083e+00  1.1654e-02     3.5828e-01  2.7682e-03 
2.6651e-01     2.4351e+00  1.7464e-02     6.4900e-01  4.6543e-03     1.6903e+00  1.3108e-02     4.5048e-01  3.4934e-03 
2.9903e-01     2.2973e+00  2.1418e-02     6.8696e-01  6.4046e-03     1.7891e+00  1.7496e-02     5.3501e-01  5.2319e-03 
3.3552e-01     2.0610e+00  5.5765e-03     6.9151e-01  1.8710e-03     1.8010e+00  7.2109e-03     6.0426e-01  2.4194e-03 
3.7646e-01     1.7463e+00  9.3348e-03     6.5742e-01  3.5142e-03     1.7122e+00  1.0455e-02     6.4457e-01  3.9358e-03 
4.2240e-01     1.3513e+00  5.5789e-03     5.7077e-01  2.3565e-03     1.4865e+00  7.5442e-03     6.2790e-01  3.1866e-03 
4.7394e-01     9.7363e-01  7.8596e-03     4.6144e-01  3.7249e-03     1.2018e+00  1.0329e-02     5.6956e-01  4.8954e-03 
5.3176e-01     6.7486e-01  5.1992e-03     3.5887e-01  2.7648e-03     9.3464e-01  7.7108e-03     4.9701e-01  4.1003e-03 
5.9665e-01     4.3939e-01  3.5820e-03     2.6216e-01  2.1372e-03     6.8277e-01  5.9197e-03     4.0738e-01  3.5320e-03 
6.6945e-01     2.8358e-01  4.5682e-03     1.8984e-01  3.0582e-03     4.9442e-01  8.0973e-03     3.3099e-01  5.4208e-03 
7.5114e-01     1.8764e-01  1.5501e-03     1.4095e-01  1.1644e-03     3.6708e-01  3.2202e-03     2.7573e-01  2.4188e-03 
8.4279e-01     1.2813e-01  1.4217e-03     1.0799e-01  1.1982e-03     2.8124e-01  3.2291e-03     2.3703e-01  2.7215e-03 
9.4563e-01     8.8544e-02  1.2936e-03     8.3729e-02  1.2233e-03     2.1807e-01  3.2503e-03     2.0621e-01  3.0735e-03 
1.0610e+00     6.1870e-02  1.3194e-03     6.5645e-02  1.3999e-03     1.7097e-01  3.6805e-03     1.8140e-01  3.9051e-03 
1.1905e+00     4.4732e-02  1.1706e-03     5.3253e-02  1.3936e-03     1.3869e-01  3.6524e-03     1.6511e-01  4.3481e-03 
1.3357e+00     3.3558e-02  5.1563e-04     4.4825e-02  6.8874e-04     1.1674e-01  1.8266e-03     1.5594e-01  2.4398e-03 
1.4987e+00     2.5508e-02  6.0209e-04     3.8229e-02  9.0236e-04     9.9565e-02  2.3684e-03     1.4922e-01  3.5496e-03 
1.6816e+00     1.9036e-02  9.6073e-04     3.2011e-02  1.6156e-03     8.3371e-02  4.2148e-03     1.4019e-01  7.0875e-03 
1.8868e+00     1.3922e-02  5.8242e-04     2.6267e-02  1.0989e-03     6.8410e-02  2.8691e-03     1.2907e-01  5.4133e-03 
2.1170e+00     1.0858e-02  3.9341e-04     2.2987e-02  8.3284e-04     5.9867e-02  2.1762e-03     1.2674e-01  4.6071e-03 
2.3753e+00     8.3408e-03  2.9819e-04     1.9812e-02  7.0828e-04     5.1598e-02  1.8509e-03     1.2256e-01  4.3965e-03 
2.6651e+00     6.4301e-03  2.1226e-04     1.7137e-02  5.6569e-04     4.4632e-02  1.4792e-03     1.1895e-01  3.9422e-03 
2.9903e+00     4.5635e-03  1.2302e-04     1.3646e-02  3.6788e-04     3.5541e-02  9.6385e-04     1.0628e-01  2.8822e-03 
3.3552e+00     3.2909e-03  1.4234e-04     1.1042e-02  4.7758e-04     2.8757e-02  1.2467e-03     9.6486e-02  4.1830e-03 
3.7646e+00     2.4159e-03  1.2534e-04     9.0947e-03  4.7187e-04     2.3686e-02  1.2309e-03     8.9170e-02  4.6340e-03 
4.2240e+00     1.6071e-03  1.0500e-04     6.7882e-03  4.4351e-04     1.7679e-02  1.1563e-03     7.4676e-02  4.8840e-03 
4.7394e+00     1.1159e-03  6.3374e-05     5.2884e-03  3.0035e-04     1.3773e-02  7.8330e-04     6.5277e-02  3.7123e-03 
5.3176e+00     7.0754e-04  3.7325e-05     3.7624e-03  1.9848e-04     9.7989e-03  5.1773e-04     5.2107e-02  2.7531e-03 
5.9665e+00     4.3803e-04  5.7026e-05     2.6135e-03  3.4025e-04     6.8067e-03  8.8637e-04     4.0612e-02  5.2885e-03 
6.6945e+00     2.3319e-04  3.3773e-05     1.5611e-03  2.2610e-04     4.0657e-03  5.8897e-04     2.7218e-02  3.9429e-03 
7.5114e+00     1.0742e-04  2.5508e-05     8.0686e-04  1.9160e-04     2.1014e-03  4.9904e-04     1.5784e-02  3.7485e-03 
8.4279e+00     3.6422e-05  7.2026e-06     3.0696e-04  6.0703e-05     7.9944e-04  1.5811e-04     6.7376e-03  1.3326e-03 
9.4563e+00     1.2057e-05  4.5119e-06     1.1401e-04  4.2666e-05     2.9694e-04  1.1112e-04     2.8079e-03  1.0508e-03 
1.0610e+01     3.3064e-06  9.4508e-06     3.5081e-05  1.0027e-04     9.1365e-05  2.6116e-04     9.6939e-04  2.7709e-03 
1.1905e+01     0.0000e+00  0.0000e+00     0.0000e+00  0.0000e+00     0.0000e+00  0.0000e+00     0.0000e+00  0.0000e+00 
1.3357e+01     6.5659e-07  4.8313e-07     8.7702e-06  6.4533e-06     2.2841e-05  1.6807e-05     3.0510e-04  2.2450e-04 
1.4987e+01     0.0000e+00  0.0000e+00     0.0000e+00  0.0000e+00     0.0000e+00  0.0000e+00     0.0000e+00  0.0000e+00 
1.6816e+01     5.2154e-07  4.1181e-07     8.7702e-06  6.9249e-06     2.2841e-05  1.8035e-05     3.8410e-04  3.0328e-04 
1.8868e+01     0.0000e+00  0.0000e+00     0.0000e+00  0.0000e+00     0.0000e+00  0.0000e+00     0.0000e+00  0.0000e+00 
2.1170e+01     0.0000e+00  0.0000e+00     0.0000e+00  0.0000e+00     0.0000e+00  0.0000e+00     0.0000e+00  0.0000e+00 
2.3753e+01     0.0000e+00  0.0000e+00     0.0000e+00  0.0000e+00     0.0000e+00  0.0000e+00     0.0000e+00  0.0000e+00 
2.6651e+01     0.0000e+00  0.0000e+00     0.0000e+00  0.0000e+00     0.0000e+00  0.0000e+00     0.0000e+00  0.0000e+00 
2.9903e+01     0.0000e+00  0.0000e+00     0.0000e+00  0.0000e+00     0.0000e+00  0.0000e+00     0.0000e+00  0.0000e+00 
3.3552e+01     0.0000e+00  0.0000e+00     0.0000e+00  0.0000e+00     0.0000e+00  0.0000e+00     0.0000e+00  0.0000e+00 
3.7646e+01     0.0000e+00  0.0000e+00     0.0000e+00  0.0000e+00     0.0000e+00  0.0000e+00     0.0000e+00  0.0000e+00 
4.2240e+01     0.0000e+00  0.0000e+00     0.0000e+00  0.0000e+00     0.0000e+00  0.0000e+00     0.0000e+00  0.0000e+00 
4.7394e+01     0.0000e+00  0.0000e+00     0.0000e+00  0.0000e+00     0.0000e+00  0.0000e+00     0.0000e+00  0.0000e+00 
5.3176e+01     0.0000e+00  0.0000e+00     0.0000e+00  0.0000e+00     0.0000e+00  0.0000e+00     0.0000e+00  0.0000e+00 
5.9665e+01     1.4699e-07  2.7327e-07     8.7702e-06  1.6305e-05     2.2841e-05  4.2465e-05     1.3628e-03  2.5336e-03 
6.6945e+01     0.0000e+00  0.0000e+00     0.0000e+00  0.0000e+00     0.0000e+00  0.0000e+00     0.0000e+00  0.0000e+00 
7.5114e+01     0.0000e+00  0.0000e+00     0.0000e+00  0.0000e+00     0.0000e+00  0.0000e+00     0.0000e+00  0.0000e+00 
8.4279e+01     0.0000e+00  0.0000e+00     0.0000e+00  0.0000e+00     0.0000e+00  0.0000e+00     0.0000e+00  0.0000e+00 
9.4563e+01     1.8549e-07  5.2775e-08     1.7540e-05  4.9905e-06     4.5683e-05  1.2998e-05     4.3199e-03  1.2291e-03 
1.0610e+02     0.0000e+00  0.0000e+00     0.0000e+00  0.0000e+00     0.0000e+00  0.0000e+00     0.0000e+00  0.0000e+00 
1.1905e+02     0.0000e+00  0.0000e+00     0.0000e+00  0.0000e+00     0.0000e+00  0.0000e+00     0.0000e+00  0.0000e+00 
1.3357e+02     6.5659e-08  5.8395e-08     8.7702e-06  7.8000e-06     2.2841e-05  2.0315e-05     3.0510e-03  2.7135e-03 
1.4987e+02     0.0000e+00  0.0000e+00     0.0000e+00  0.0000e+00     0.0000e+00  0.0000e+00     0.0000e+00  0.0000e+00 
1.6816e+02     0.0000e+00  0.0000e+00     0.0000e+00  0.0000e+00     0.0000e+00  0.0000e+00     0.0000e+00  0.0000e+00 
1.8868e+02     0.0000e+00  0.0000e+00     0.0000e+00  0.0000e+00     0.0000e+00  0.0000e+00     0.0000e+00  0.0000e+00 
2.1170e+02     4.1428e-08  4.8473e-08     8.7702e-06  1.0262e-05     2.2841e-05  2.6726e-05     4.8355e-03  5.6578e-03 
2.3753e+02     0.0000e+00  0.0000e+00     0.0000e+00  0.0000e+00     0.0000e+00  0.0000e+00     0.0000e+00  0.0000e+00 
2.6651e+02     0.0000e+00  0.0000e+00     0.0000e+00  0.0000e+00     0.0000e+00  0.0000e+00     0.0000e+00  0.0000e+00 
2.9903e+02     2.9329e-08  2.7363e-08     8.7702e-06  8.1823e-06     2.2841e-05  2.1310e-05     6.8303e-03  6.3725e-03 
3.3552e+02     0.0000e+00  0.0000e+00     0.0000e+00  0.0000e+00     0.0000e+00  0.0000e+00     0.0000e+00  0.0000e+00 
3.7646e+02     0.0000e+00  0.0000e+00     0.0000e+00  0.0000e+00     0.0000e+00  0.0000e+00     0.0000e+00  0.0000e+00 
4.2240e+02     0.0000e+00  0.0000e+00     0.0000e+00  0.0000e+00     0.0000e+00  0.0000e+00     0.0000e+00  0.0000e+00 
4.7394e+02     0.0000e+00  0.0000e+00     0.0000e+00  0.0000e+00     0.0000e+00  0.0000e+00     0.0000e+00  0.0000e+00 
5.3176e+02     0.0000e+00  0.0000e+00     0.0000e+00  0.0000e+00     0.0000e+00  0.0000e+00     0.0000e+00  0.0000e+00 
5.9665e+02     0.0000e+00  0.0000e+00     0.0000e+00  0.0000e+00     0.0000e+00  0.0000e+00     0.0000e+00  0.0000e+00 
6.6945e+02     1.3101e-08  6.1454e-09     8.7702e-06  4.1141e-06     2.2841e-05  1.0715e-05     1.5291e-02  7.1731e-03 
7.5114e+02     0.0000e+00  0.0000e+00     0.0000e+00  0.0000e+00     0.0000e+00  0.0000e+00     0.0000e+00  0.0000e+00 
8.4279e+02     0.0000e+00  0.0000e+00     0.0000e+00  0.0000e+00     0.0000e+00  0.0000e+00     0.0000e+00  0.0000e+00 
9.4563e+02     0.0000e+00  0.0000e+00     0.0000e+00  0.0000e+00     0.0000e+00  0.0000e+00     0.0000e+00  0.0000e+00 
1.0610e+03     0.0000e+00  0.0000e+00     0.0000e+00  0.0000e+00     0.0000e+00  0.0000e+00     0.0000e+00  0.0000e+00 
1.1905e+03     0.0000e+00  0.0000e+00     0.0000e+00  0.0000e+00     0.0000e+00  0.0000e+00     0.0000e+00  0.0000e+00 
1.3357e+03     0.0000e+00  0.0000e+00     0.0000e+00  0.0000e+00     0.0000e+00  0.0000e+00     0.0000e+00  0.0000e+00 
1.4987e+03     0.0000e+00  0.0000e+00     0.0000e+00  0.0000e+00     0.0000e+00  0.0000e+00     0.0000e+00  0.0000e+00 
1.6816e+03     0.0000e+00  0.0000e+00     0.0000e+00  0.0000e+00     0.0000e+00  0.0000e+00     0.0000e+00  0.0000e+00 
1.8868e+03     0.0000e+00  0.0000e+00     0.0000e+00  0.0000e+00     0.0000e+00  0.0000e+00     0.0000e+00  0.0000e+00 
2.1170e+03     0.0000e+00  0.0000e+00     0.0000e+00  0.0000e+00     0.0000e+00  0.0000e+00     0.0000e+00  0.0000e+00 
2.3753e+03     0.0000e+00  0.0000e+00     0.0000e+00  0.0000e+00     0.0000e+00  0.0000e+00     0.0000e+00  0.0000e+00 
2.6651e+03     0.0000e+00  0.0000e+00     0.0000e+00  0.0000e+00     0.0000e+00  0.0000e+00     0.0000e+00  0.0000e+00 
2.9903e+03     0.0000e+00  0.0000e+00     0.0000e+00  0.0000e+00     0.0000e+00  0.0000e+00     0.0000e+00  0.0000e+00 
3.3552e+03     0.0000e+00  0.0000e+00     0.0000e+00  0.0000e+00     0.0000e+00  0.0000e+00     0.0000e+00  0.0000e+00 
3.7646e+03     0.0000e+00  0.0000e+00     0.0000e+00  0.0000e+00     0.0000e+00  0.0000e+00     0.0000e+00  0.0000e+00 
4.2240e+03     0.0000e+00  0.0000e+00     0.0000e+00  0.0000e+00     0.0000e+00  0.0000e+00     0.0000e+00  0.0000e+00 
4.7394e+03     0.0000e+00  0.0000e+00     0.0000e+00  0.0000e+00     0.0000e+00  0.0000e+00     0.0000e+00  0.0000e+00 
5.3176e+03     0.0000e+00  0.0000e+00     0.0000e+00  0.0000e+00     0.0000e+00  0.0000e+00     0.0000e+00  0.0000e+00 
5.9665e+03     0.0000e+00  0.0000e+00     0.0000e+00  0.0000e+00     0.0000e+00  0.0000e+00     0.0000e+00  0.0000e+00 
6.6945e+03     0.0000e+00  0.0000e+00     0.0000e+00  0.0000e+00     0.0000e+00  0.0000e+00     0.0000e+00  0.0000e+00 
7.5114e+03     0.0000e+00  0.0000e+00     0.0000e+00  0.0000e+00     0.0000e+00  0.0000e+00     0.0000e+00  0.0000e+00 
8.4279e+03     0.0000e+00  0.0000e+00     0.0000e+00  0.0000e+00     0.0000e+00  0.0000e+00     0.0000e+00  0.0000e+00 
9.4563e+03     0.0000e+00  0.0000e+00     0.0000e+00  0.0000e+00     0.0000e+00  0.0000e+00     0.0000e+00  0.0000e+00 
