yF = 4.4920e-01 (std: 1.3975e-03) keV/um
yD = 2.3483e+00 (std: 6.4059e-01) keV/um
y (keV/um)     f(y)(std)                  yf(y)(std)                 d(y)(std)                  yd(y)(std)  
1.0610e-03     0.0000e+00  0.0000e+00     0.0000e+00  0.0000e+00     0.0000e+00  0.0000e+00     0.0000e+00  0.0000e+00 
1.1905e-03     7.3502e-03  7.5529e-03     8.7502e-06  8.9915e-06     1.9480e-05  2.0017e-05     2.3190e-08  2.3829e-08 
1.3357e-03     3.9305e-02  3.8719e-02     5.2501e-05  5.1718e-05     1.1688e-04  1.1513e-04     1.5612e-07  1.5379e-07 
1.4987e-03     1.1677e-02  7.6104e-03     1.7500e-05  1.1406e-05     3.8959e-05  2.5392e-05     5.8389e-08  3.8055e-08 
1.6816e-03     1.0407e-02  4.1508e-03     1.7500e-05  6.9800e-06     3.8959e-05  1.5539e-05     6.5513e-08  2.6130e-08 
1.8868e-03     2.3188e-02  9.6207e-03     4.3751e-05  1.8152e-05     9.7398e-05  4.0411e-05     1.8377e-07  7.6246e-08 
2.1170e-03     1.6533e-02  1.0687e-02     3.5001e-05  2.2624e-05     7.7918e-05  5.0365e-05     1.6495e-07  1.0662e-07 
2.3753e-03     1.8419e-02  7.7949e-03     4.3751e-05  1.8515e-05     9.7398e-05  4.1219e-05     2.3135e-07  9.7909e-08 
2.6651e-03     1.6416e-02  5.8776e-03     4.3751e-05  1.5665e-05     9.7398e-05  3.4874e-05     2.5958e-07  9.2943e-08 
2.9903e-03     2.9262e-03  2.8290e-03     8.7502e-06  8.4597e-06     1.9480e-05  1.8833e-05     5.8250e-08  5.6317e-08 
3.3552e-03     1.0432e-02  4.3650e-03     3.5001e-05  1.4646e-05     7.7918e-05  3.2605e-05     2.6143e-07  1.0940e-07 
3.7646e-03     2.3243e-02  8.1282e-03     8.7502e-05  3.0599e-05     1.9480e-04  6.8122e-05     7.3333e-07  2.5645e-07 
4.2240e-03     1.8644e-02  8.7165e-03     7.8752e-05  3.6818e-05     1.7532e-04  8.1965e-05     7.4053e-07  3.4622e-07 
4.7394e-03     3.3233e-02  1.2856e-02     1.5750e-04  6.0927e-05     3.5063e-04  1.3564e-04     1.6618e-06  6.4284e-07 
5.3176e-03     3.9492e-02  1.1379e-02     2.1001e-04  6.0512e-05     4.6751e-04  1.3472e-04     2.4861e-06  7.1638e-07 
5.9665e-03     3.8131e-02  8.3900e-03     2.2751e-04  5.0059e-05     5.0647e-04  1.1145e-04     3.0218e-06  6.6497e-07 
6.6945e-03     3.9212e-02  8.0687e-03     2.6251e-04  5.4016e-05     5.8439e-04  1.2026e-04     3.9122e-06  8.0510e-07 
7.5114e-03     1.9804e-02  6.8228e-03     1.4875e-04  5.1249e-05     3.3115e-04  1.1409e-04     2.4874e-06  8.5699e-07 
8.4279e-03     0.0000e+00  0.0000e+00     0.0000e+00  0.0000e+00     0.0000e+00  0.0000e+00     0.0000e+00  0.0000e+00 
9.4563e-03     3.7014e-03  5.7673e-03     3.5001e-05  5.4538e-05     7.7918e-05  1.2141e-04     7.3682e-07  1.1481e-06 
1.0610e-02     8.2471e-04  4.7473e-04     8.7502e-06  5.0369e-06     1.9480e-05  1.1213e-05     2.0668e-07  1.1897e-07 
1.1905e-02     9.6876e-01  3.8534e-02     1.1533e-02  4.5873e-04     2.5674e-02  1.0243e-03     3.0564e-04  1.2194e-05 
1.3357e-02     7.9724e-01  2.6414e-02     1.0649e-02  3.5282e-04     2.3707e-02  7.8890e-04     3.1666e-04  1.0538e-05 
1.4987e-02     6.1479e-01  3.3576e-02     9.2140e-03  5.0321e-04     2.0512e-02  1.1220e-03     3.0742e-04  1.6816e-05 
1.6816e-02     4.6988e-01  2.0378e-02     7.9015e-03  3.4268e-04     1.7590e-02  7.6482e-04     2.9579e-04  1.2861e-05 
1.8868e-02     3.9142e-01  1.2724e-02     7.3852e-03  2.4008e-04     1.6441e-02  5.3690e-04     3.1020e-04  1.0130e-05 
2.1170e-02     3.4637e-01  1.2605e-02     7.3327e-03  2.6685e-04     1.6324e-02  5.9621e-04     3.4558e-04  1.2622e-05 
2.3753e-02     3.9859e-01  3.9544e-02     9.4678e-03  9.3928e-04     2.1077e-02  2.0920e-03     5.0064e-04  4.9692e-05 
2.6651e-02     5.3878e-01  3.1542e-02     1.4359e-02  8.4063e-04     3.1966e-02  1.8740e-03     8.5194e-04  4.9945e-05 
2.9903e-02     5.7558e-01  1.3673e-02     1.7212e-02  4.0887e-04     3.8316e-02  9.1800e-04     1.1458e-03  2.7451e-05 
3.3552e-02     5.2994e-01  9.9640e-03     1.7780e-02  3.3431e-04     3.9582e-02  7.5436e-04     1.3281e-03  2.5310e-05 
3.7646e-02     5.5552e-01  1.2397e-02     2.0913e-02  4.6669e-04     4.6556e-02  1.0490e-03     1.7527e-03  3.9490e-05 
4.2240e-02     6.1298e-01  2.3448e-02     2.5892e-02  9.9042e-04     5.7640e-02  2.2121e-03     2.4347e-03  9.3439e-05 
4.7394e-02     6.2054e-01  1.9294e-02     2.9410e-02  9.1443e-04     6.5471e-02  2.0458e-03     3.1029e-03  9.6960e-05 
5.3176e-02     6.5590e-01  1.7240e-02     3.4878e-02  9.1674e-04     7.7646e-02  2.0551e-03     4.1289e-03  1.0928e-04 
5.9665e-02     7.0087e-01  2.9313e-02     4.1817e-02  1.7490e-03     9.3093e-02  3.9042e-03     5.5544e-03  2.3295e-04 
6.6945e-02     7.7797e-01  1.9769e-02     5.2081e-02  1.3235e-03     1.1594e-01  2.9683e-03     7.7618e-03  1.9871e-04 
7.5114e-02     7.9250e-01  1.6441e-02     5.9528e-02  1.2349e-03     1.3252e-01  2.7800e-03     9.9540e-03  2.0881e-04 
8.4279e-02     8.6787e-01  1.7150e-02     7.3143e-02  1.4454e-03     1.6283e-01  3.2574e-03     1.3723e-02  2.7453e-04 
9.4563e-02     9.5171e-01  1.1900e-02     8.9996e-02  1.1253e-03     2.0035e-01  2.5814e-03     1.8945e-02  2.4411e-04 
1.0610e-01     1.0407e+00  1.8678e-02     1.1042e-01  1.9817e-03     2.4581e-01  4.4775e-03     2.6081e-02  4.7506e-04 
1.1905e-01     1.1196e+00  2.5610e-02     1.3328e-01  3.0488e-03     2.9671e-01  6.8497e-03     3.5323e-02  8.1544e-04 
1.3357e-01     1.2411e+00  9.3114e-03     1.6577e-01  1.2438e-03     3.6904e-01  2.9974e-03     4.9294e-02  4.0037e-04 
1.4987e-01     1.3541e+00  2.1794e-02     2.0294e-01  3.2662e-03     4.5177e-01  7.4058e-03     6.7708e-02  1.1099e-03 
1.6816e-01     1.5237e+00  2.3013e-02     2.5622e-01  3.8699e-03     5.7040e-01  8.7958e-03     9.5918e-02  1.4791e-03 
1.8868e-01     1.6600e+00  1.8457e-02     3.1321e-01  3.4824e-03     6.9725e-01  8.0501e-03     1.3156e-01  1.5189e-03 
2.1170e-01     1.8421e+00  1.2769e-02     3.8997e-01  2.7032e-03     8.6815e-01  6.5961e-03     1.8379e-01  1.3964e-03 
2.3753e-01     1.9645e+00  2.2186e-02     4.6662e-01  5.2699e-03     1.0388e+00  1.2169e-02     2.4674e-01  2.8904e-03 
2.6651e-01     2.0928e+00  1.6925e-02     5.5776e-01  4.5106e-03     1.2417e+00  1.0759e-02     3.3092e-01  2.8674e-03 
2.9903e-01     2.1376e+00  1.9800e-02     6.3921e-01  5.9210e-03     1.4230e+00  1.3905e-02     4.2552e-01  4.1580e-03 
3.3552e-01     2.0764e+00  7.5328e-03     6.9667e-01  2.5274e-03     1.5509e+00  7.4120e-03     5.2036e-01  2.4869e-03 
3.7646e-01     1.9158e+00  6.3520e-03     7.2121e-01  2.3913e-03     1.6055e+00  7.2998e-03     6.0442e-01  2.7481e-03 
4.2240e-01     1.6339e+00  8.0406e-03     6.9013e-01  3.3963e-03     1.5364e+00  8.9449e-03     6.4895e-01  3.7783e-03 
4.7394e-01     1.2970e+00  6.0390e-03     6.1468e-01  2.8621e-03     1.3684e+00  7.6629e-03     6.4852e-01  3.6317e-03 
5.3176e-01     9.6387e-01  6.9778e-03     5.1255e-01  3.7106e-03     1.1410e+00  8.9908e-03     6.0676e-01  4.7810e-03 
5.9665e-01     6.6487e-01  3.1903e-03     3.9669e-01  1.9035e-03     8.8311e-01  5.0503e-03     5.2690e-01  3.0132e-03 
6.6945e-01     4.3805e-01  5.5056e-03     2.9326e-01  3.6857e-03     6.5284e-01  8.4527e-03     4.3704e-01  5.6587e-03 
7.5114e-01     2.8471e-01  2.3928e-03     2.1386e-01  1.7973e-03     4.7608e-01  4.2665e-03     3.5760e-01  3.2047e-03 
8.4279e-01     1.8675e-01  1.6794e-03     1.5739e-01  1.4154e-03     3.5038e-01  3.3341e-03     2.9530e-01  2.8100e-03 
9.4563e-01     1.2800e-01  2.7640e-03     1.2104e-01  2.6137e-03     2.6946e-01  5.8786e-03     2.5481e-01  5.5590e-03 
1.0610e+00     8.8269e-02  8.5856e-04     9.3654e-02  9.1094e-04     2.0849e-01  2.1291e-03     2.2121e-01  2.2590e-03 
1.1905e+00     6.2389e-02  1.2581e-03     7.4272e-02  1.4977e-03     1.6534e-01  3.3736e-03     1.9684e-01  4.0162e-03 
1.3357e+00     4.4854e-02  9.3822e-04     5.9913e-02  1.2532e-03     1.3338e-01  2.8206e-03     1.7816e-01  3.7675e-03 
1.4987e+00     3.3892e-02  7.0287e-04     5.0795e-02  1.0534e-03     1.1308e-01  2.3713e-03     1.6947e-01  3.5539e-03 
1.6816e+00     2.4779e-02  4.5953e-04     4.1669e-02  7.7275e-04     9.2762e-02  1.7443e-03     1.5599e-01  2.9332e-03 
1.8868e+00     1.8198e-02  2.2626e-04     3.4336e-02  4.2691e-04     7.6438e-02  9.7967e-04     1.4422e-01  1.8484e-03 
2.1170e+00     1.4070e-02  4.2115e-04     2.9786e-02  8.9157e-04     6.6308e-02  1.9955e-03     1.4037e-01  4.2244e-03 
2.3753e+00     9.9427e-03  1.4635e-04     2.3617e-02  3.4763e-04     5.2575e-02  7.9099e-04     1.2488e-01  1.8788e-03 
2.6651e+00     7.8765e-03  1.4892e-04     2.0992e-02  3.9689e-04     4.6732e-02  8.9543e-04     1.2455e-01  2.3864e-03 
2.9903e+00     6.1362e-03  2.0078e-04     1.8349e-02  6.0040e-04     4.0849e-02  1.3426e-03     1.2215e-01  4.0149e-03 
3.3552e+00     4.1571e-03  1.3718e-04     1.3948e-02  4.6028e-04     3.1050e-02  1.0292e-03     1.0418e-01  3.4532e-03 
3.7646e+00     3.0867e-03  1.7155e-04     1.1620e-02  6.4581e-04     2.5869e-02  1.4399e-03     9.7386e-02  5.4208e-03 
4.2240e+00     2.0571e-03  7.6765e-05     8.6890e-03  3.2425e-04     1.9343e-02  7.2435e-04     8.1705e-02  3.0596e-03 
4.7394e+00     1.4549e-03  1.7417e-04     6.8952e-03  8.2544e-04     1.5350e-02  1.8382e-03     7.2749e-02  8.7118e-03 
5.3176e+00     9.1490e-04  8.3900e-05     4.8651e-03  4.4615e-04     1.0831e-02  9.9378e-04     5.7593e-02  5.2846e-03 
5.9665e+00     5.8809e-04  8.0249e-05     3.5088e-03  4.7880e-04     7.8113e-03  1.0662e-03     4.6606e-02  6.3613e-03 
6.6945e+00     2.6664e-04  2.3011e-05     1.7850e-03  1.5405e-04     3.9738e-03  3.4317e-04     2.6603e-02  2.2973e-03 
7.5114e+00     1.3979e-04  3.2971e-05     1.0500e-03  2.4766e-04     2.3375e-03  5.5138e-04     1.7558e-02  4.1416e-03 
8.4279e+00     6.1257e-05  1.4415e-05     5.1626e-04  1.2149e-04     1.1493e-03  2.7048e-04     9.6861e-03  2.2796e-03 
9.4563e+00     1.3880e-05  4.8848e-06     1.3125e-04  4.6192e-05     2.9219e-04  1.0284e-04     2.7631e-03  9.7244e-04 
1.0610e+01     7.4224e-06  2.2090e-06     7.8752e-05  2.3437e-05     1.7532e-04  5.2178e-05     1.8601e-03  5.5362e-04 
1.1905e+01     1.4700e-06  1.9807e-06     1.7500e-05  2.3579e-05     3.8959e-05  5.2492e-05     4.6380e-04  6.2490e-04 
1.3357e+01     1.3102e-06  9.0012e-07     1.7500e-05  1.2023e-05     3.8959e-05  2.6766e-05     5.2039e-04  3.5752e-04 
1.4987e+01     0.0000e+00  0.0000e+00     0.0000e+00  0.0000e+00     0.0000e+00  0.0000e+00     0.0000e+00  0.0000e+00 
1.6816e+01     0.0000e+00  0.0000e+00     0.0000e+00  0.0000e+00     0.0000e+00  0.0000e+00     0.0000e+00  0.0000e+00 
1.8868e+01     4.6377e-07  3.1413e-07     8.7502e-06  5.9270e-06     1.9480e-05  1.3195e-05     3.6753e-04  2.4895e-04 
2.1170e+01     0.0000e+00  0.0000e+00     0.0000e+00  0.0000e+00     0.0000e+00  0.0000e+00     0.0000e+00  0.0000e+00 
2.3753e+01     0.0000e+00  0.0000e+00     0.0000e+00  0.0000e+00     0.0000e+00  0.0000e+00     0.0000e+00  0.0000e+00 
2.6651e+01     0.0000e+00  0.0000e+00     0.0000e+00  0.0000e+00     0.0000e+00  0.0000e+00     0.0000e+00  0.0000e+00 
2.9903e+01     0.0000e+00  0.0000e+00     0.0000e+00  0.0000e+00     0.0000e+00  0.0000e+00     0.0000e+00  0.0000e+00 
3.3552e+01     0.0000e+00  0.0000e+00     0.0000e+00  0.0000e+00     0.0000e+00  0.0000e+00     0.0000e+00  0.0000e+00 
3.7646e+01     0.0000e+00  0.0000e+00     0.0000e+00  0.0000e+00     0.0000e+00  0.0000e+00     0.0000e+00  0.0000e+00 
4.2240e+01     0.0000e+00  0.0000e+00     0.0000e+00  0.0000e+00     0.0000e+00  0.0000e+00     0.0000e+00  0.0000e+00 
4.7394e+01     0.0000e+00  0.0000e+00     0.0000e+00  0.0000e+00     0.0000e+00  0.0000e+00     0.0000e+00  0.0000e+00 
5.3176e+01     0.0000e+00  0.0000e+00     0.0000e+00  0.0000e+00     0.0000e+00  0.0000e+00     0.0000e+00  0.0000e+00 
5.9665e+01     0.0000e+00  0.0000e+00     0.0000e+00  0.0000e+00     0.0000e+00  0.0000e+00     0.0000e+00  0.0000e+00 
6.6945e+01     1.3071e-07  2.4299e-07     8.7502e-06  1.6267e-05     1.9480e-05  3.6213e-05     1.3041e-03  2.4243e-03 
7.5114e+01     0.0000e+00  0.0000e+00     0.0000e+00  0.0000e+00     0.0000e+00  0.0000e+00     0.0000e+00  0.0000e+00 
8.4279e+01     0.0000e+00  0.0000e+00     0.0000e+00  0.0000e+00     0.0000e+00  0.0000e+00     0.0000e+00  0.0000e+00 
9.4563e+01     9.2534e-08  7.4868e-08     8.7502e-06  7.0797e-06     1.9480e-05  1.5761e-05     1.8420e-03  1.4904e-03 
1.0610e+02     8.2471e-08  8.2474e-09     8.7502e-06  8.7506e-07     1.9480e-05  1.9490e-06     2.0668e-03  2.0679e-04 
1.1905e+02     0.0000e+00  0.0000e+00     0.0000e+00  0.0000e+00     0.0000e+00  0.0000e+00     0.0000e+00  0.0000e+00 
1.3357e+02     0.0000e+00  0.0000e+00     0.0000e+00  0.0000e+00     0.0000e+00  0.0000e+00     0.0000e+00  0.0000e+00 
1.4987e+02     5.8385e-08  3.6636e-08     8.7502e-06  5.4907e-06     1.9480e-05  1.2223e-05     2.9194e-03  1.8319e-03 
1.6816e+02     0.0000e+00  0.0000e+00     0.0000e+00  0.0000e+00     0.0000e+00  0.0000e+00     0.0000e+00  0.0000e+00 
1.8868e+02     0.0000e+00  0.0000e+00     0.0000e+00  0.0000e+00     0.0000e+00  0.0000e+00     0.0000e+00  0.0000e+00 
2.1170e+02     0.0000e+00  0.0000e+00     0.0000e+00  0.0000e+00     0.0000e+00  0.0000e+00     0.0000e+00  0.0000e+00 
2.3753e+02     3.6838e-08  9.7455e-09     8.7502e-06  2.3149e-06     1.9480e-05  5.1536e-06     4.6270e-03  1.2241e-03 
2.6651e+02     3.2832e-08  8.6469e-08     8.7502e-06  2.3045e-05     1.9480e-05  5.1303e-05     5.1916e-03  1.3673e-02 
2.9903e+02     0.0000e+00  0.0000e+00     0.0000e+00  0.0000e+00     0.0000e+00  0.0000e+00     0.0000e+00  0.0000e+00 
3.3552e+02     0.0000e+00  0.0000e+00     0.0000e+00  0.0000e+00     0.0000e+00  0.0000e+00     0.0000e+00  0.0000e+00 
3.7646e+02     0.0000e+00  0.0000e+00     0.0000e+00  0.0000e+00     0.0000e+00  0.0000e+00     0.0000e+00  0.0000e+00 
4.2240e+02     0.0000e+00  0.0000e+00     0.0000e+00  0.0000e+00     0.0000e+00  0.0000e+00     0.0000e+00  0.0000e+00 
4.7394e+02     0.0000e+00  0.0000e+00     0.0000e+00  0.0000e+00     0.0000e+00  0.0000e+00     0.0000e+00  0.0000e+00 
5.3176e+02     0.0000e+00  0.0000e+00     0.0000e+00  0.0000e+00     0.0000e+00  0.0000e+00     0.0000e+00  0.0000e+00 
5.9665e+02     0.0000e+00  0.0000e+00     0.0000e+00  0.0000e+00     0.0000e+00  0.0000e+00     0.0000e+00  0.0000e+00 
6.6945e+02     1.3071e-08  6.2695e-09     8.7502e-06  4.1971e-06     1.9480e-05  9.3437e-06     1.3041e-02  6.2552e-03 
7.5114e+02     0.0000e+00  0.0000e+00     0.0000e+00  0.0000e+00     0.0000e+00  0.0000e+00     0.0000e+00  0.0000e+00 
8.4279e+02     0.0000e+00  0.0000e+00     0.0000e+00  0.0000e+00     0.0000e+00  0.0000e+00     0.0000e+00  0.0000e+00 
9.4563e+02     0.0000e+00  0.0000e+00     0.0000e+00  0.0000e+00     0.0000e+00  0.0000e+00     0.0000e+00  0.0000e+00 
1.0610e+03     0.0000e+00  0.0000e+00     0.0000e+00  0.0000e+00     0.0000e+00  0.0000e+00     0.0000e+00  0.0000e+00 
1.1905e+03     0.0000e+00  0.0000e+00     0.0000e+00  0.0000e+00     0.0000e+00  0.0000e+00     0.0000e+00  0.0000e+00 
1.3357e+03     0.0000e+00  0.0000e+00     0.0000e+00  0.0000e+00     0.0000e+00  0.0000e+00     0.0000e+00  0.0000e+00 
1.4987e+03     0.0000e+00  0.0000e+00     0.0000e+00  0.0000e+00     0.0000e+00  0.0000e+00     0.0000e+00  0.0000e+00 
1.6816e+03     0.0000e+00  0.0000e+00     0.0000e+00  0.0000e+00     0.0000e+00  0.0000e+00     0.0000e+00  0.0000e+00 
1.8868e+03     0.0000e+00  0.0000e+00     0.0000e+00  0.0000e+00     0.0000e+00  0.0000e+00     0.0000e+00  0.0000e+00 
2.1170e+03     0.0000e+00  0.0000e+00     0.0000e+00  0.0000e+00     0.0000e+00  0.0000e+00     0.0000e+00  0.0000e+00 
2.3753e+03     0.0000e+00  0.0000e+00     0.0000e+00  0.0000e+00     0.0000e+00  0.0000e+00     0.0000e+00  0.0000e+00 
2.6651e+03     0.0000e+00  0.0000e+00     0.0000e+00  0.0000e+00     0.0000e+00  0.0000e+00     0.0000e+00  0.0000e+00 
2.9903e+03     0.0000e+00  0.0000e+00     0.0000e+00  0.0000e+00     0.0000e+00  0.0000e+00     0.0000e+00  0.0000e+00 
3.3552e+03     0.0000e+00  0.0000e+00     0.0000e+00  0.0000e+00     0.0000e+00  0.0000e+00     0.0000e+00  0.0000e+00 
3.7646e+03     0.0000e+00  0.0000e+00     0.0000e+00  0.0000e+00     0.0000e+00  0.0000e+00     0.0000e+00  0.0000e+00 
4.2240e+03     0.0000e+00  0.0000e+00     0.0000e+00  0.0000e+00     0.0000e+00  0.0000e+00     0.0000e+00  0.0000e+00 
4.7394e+03     0.0000e+00  0.0000e+00     0.0000e+00  0.0000e+00     0.0000e+00  0.0000e+00     0.0000e+00  0.0000e+00 
5.3176e+03     0.0000e+00  0.0000e+00     0.0000e+00  0.0000e+00     0.0000e+00  0.0000e+00     0.0000e+00  0.0000e+00 
5.9665e+03     0.0000e+00  0.0000e+00     0.0000e+00  0.0000e+00     0.0000e+00  0.0000e+00     0.0000e+00  0.0000e+00 
6.6945e+03     0.0000e+00  0.0000e+00     0.0000e+00  0.0000e+00     0.0000e+00  0.0000e+00     0.0000e+00  0.0000e+00 
7.5114e+03     0.0000e+00  0.0000e+00     0.0000e+00  0.0000e+00     0.0000e+00  0.0000e+00     0.0000e+00  0.0000e+00 
8.4279e+03     0.0000e+00  0.0000e+00     0.0000e+00  0.0000e+00     0.0000e+00  0.0000e+00     0.0000e+00  0.0000e+00 
9.4563e+03     0.0000e+00  0.0000e+00     0.0000e+00  0.0000e+00     0.0000e+00  0.0000e+00     0.0000e+00  0.0000e+00 
