yF = 5.4540e-01 (std: 1.8881e-03) keV/um
yD = 2.3017e+00 (std: 1.0375e+00) keV/um
y (keV/um)     f(y)(std)                  yf(y)(std)                 d(y)(std)                  yd(y)(std)  
1.0610e-03     8.2352e-03  5.5104e-03     8.7376e-06  5.8465e-06     1.6021e-05  1.0720e-05     1.6998e-08  1.1374e-08 
1.1905e-03     1.4679e-02  7.0494e-03     1.7475e-05  8.3921e-06     3.2041e-05  1.5387e-05     3.8144e-08  1.8318e-08 
1.3357e-03     1.3083e-02  8.0159e-03     1.7475e-05  1.0707e-05     3.2041e-05  1.9632e-05     4.2798e-08  2.6223e-08 
1.4987e-03     0.0000e+00  0.0000e+00     0.0000e+00  0.0000e+00     0.0000e+00  0.0000e+00     0.0000e+00  0.0000e+00 
1.6816e-03     1.5588e-02  4.6841e-03     2.6213e-05  7.8767e-06     4.8062e-05  1.4443e-05     8.0820e-08  2.4287e-08 
1.8868e-03     9.2620e-03  5.1226e-03     1.7475e-05  9.6652e-06     3.2041e-05  1.7722e-05     6.0454e-08  3.3436e-08 
2.1170e-03     2.8892e-02  4.3277e-02     6.1163e-05  9.1617e-05     1.1214e-04  1.6798e-04     2.3741e-07  3.5561e-07 
2.3753e-03     2.2071e-02  9.5587e-03     5.2426e-05  2.2705e-05     9.6123e-05  4.1631e-05     2.2832e-07  9.8886e-08 
2.6651e-03     9.8355e-03  3.4444e-03     2.6213e-05  9.1798e-06     4.8062e-05  1.6832e-05     1.2809e-07  4.4859e-08 
2.9903e-03     8.7659e-03  6.9785e-03     2.6213e-05  2.0868e-05     4.8062e-05  3.8262e-05     1.4372e-07  1.1442e-07 
3.3552e-03     1.8229e-02  2.3004e-02     6.1163e-05  7.7184e-05     1.1214e-04  1.4152e-04     3.7626e-07  4.7482e-07 
3.7646e-03     1.1605e-02  4.4219e-03     4.3688e-05  1.6647e-05     8.0103e-05  3.0523e-05     3.0155e-07  1.1491e-07 
4.2240e-03     1.4480e-02  5.9516e-03     6.1163e-05  2.5139e-05     1.1214e-04  4.6095e-05     4.7369e-07  1.9470e-07 
4.7394e-03     2.9498e-02  1.7584e-02     1.3980e-04  8.3334e-05     2.5633e-04  1.5280e-04     1.2148e-06  7.2416e-07 
5.3176e-03     2.3004e-02  8.5560e-03     1.2233e-04  4.5498e-05     2.2429e-04  8.3424e-05     1.1927e-06  4.4362e-07 
5.9665e-03     1.7573e-02  6.1340e-03     1.0485e-04  3.6598e-05     1.9225e-04  6.7106e-05     1.1470e-06  4.0039e-07 
6.6945e-03     2.8714e-02  1.8631e-02     1.9223e-04  1.2473e-04     3.5245e-04  2.2869e-04     2.3595e-06  1.5310e-06 
7.5114e-03     1.9775e-02  1.1736e-02     1.4854e-04  8.8155e-05     2.7235e-04  1.6163e-04     2.0457e-06  1.2141e-06 
8.4279e-03     2.0735e-03  1.1974e-02     1.7475e-05  1.0092e-04     3.2041e-05  1.8504e-04     2.7004e-07  1.5595e-06 
9.4563e-03     0.0000e+00  0.0000e+00     0.0000e+00  0.0000e+00     0.0000e+00  0.0000e+00     0.0000e+00  0.0000e+00 
1.0610e-02     0.0000e+00  0.0000e+00     0.0000e+00  0.0000e+00     0.0000e+00  0.0000e+00     0.0000e+00  0.0000e+00 
1.1905e-02     7.2075e-01  2.0172e-02     8.5804e-03  2.4014e-04     1.5732e-02  4.4366e-04     1.8729e-04  5.2816e-06 
1.3357e-02     5.5014e-01  2.6837e-02     7.3484e-03  3.5847e-04     1.3473e-02  6.5891e-04     1.7997e-04  8.8012e-06 
1.4987e-02     4.4600e-01  3.9830e-02     6.6843e-03  5.9694e-04     1.2256e-02  1.0953e-03     1.8368e-04  1.6416e-05 
1.6816e-02     3.1800e-01  1.6734e-02     5.3474e-03  2.8140e-04     9.8046e-03  5.1706e-04     1.6487e-04  8.6947e-06 
1.8868e-02     2.7879e-01  8.8836e-03     5.2601e-03  1.6761e-04     9.6443e-03  3.0913e-04     1.8197e-04  5.8326e-06 
2.1170e-02     2.0678e-01  1.2444e-02     4.3776e-03  2.6344e-04     8.0263e-03  4.8382e-04     1.6992e-04  1.0242e-05 
2.3753e-02     2.7883e-01  1.7256e-02     6.6231e-03  4.0988e-04     1.2144e-02  7.5270e-04     2.8845e-04  1.7879e-05 
2.6651e-02     3.7440e-01  2.2289e-02     9.9784e-03  5.9403e-04     1.8295e-02  1.0910e-03     4.8760e-04  2.9076e-05 
2.9903e-02     3.9476e-01  1.3189e-02     1.1805e-02  3.9439e-04     2.1644e-02  7.2699e-04     6.4722e-04  2.1739e-05 
3.3552e-02     3.4974e-01  2.2758e-02     1.1735e-02  7.6357e-04     2.1516e-02  1.4020e-03     7.2189e-04  4.7040e-05 
3.7646e-02     3.7275e-01  1.1633e-02     1.4033e-02  4.3793e-04     2.5729e-02  8.0788e-04     9.6859e-04  3.0413e-05 
4.2240e-02     4.0296e-01  2.3770e-02     1.7021e-02  1.0040e-03     3.1208e-02  1.8441e-03     1.3182e-03  7.7892e-05 
4.7394e-02     4.3307e-01  8.1426e-03     2.0525e-02  3.8591e-04     3.7632e-02  7.1946e-04     1.7835e-03  3.4098e-05 
5.3176e-02     4.4513e-01  1.4047e-02     2.3670e-02  7.4695e-04     4.3400e-02  1.3778e-03     2.3078e-03  7.3264e-05 
5.9665e-02     4.7038e-01  6.0960e-03     2.8065e-02  3.6372e-04     5.1458e-02  6.9026e-04     3.0702e-03  4.1184e-05 
6.6945e-02     5.2064e-01  1.0453e-02     3.4854e-02  6.9979e-04     6.3906e-02  1.3020e-03     4.2782e-03  8.7163e-05 
7.5114e-02     5.5592e-01  9.8199e-03     4.1757e-02  7.3761e-04     7.6562e-02  1.3781e-03     5.7509e-03  1.0352e-04 
8.4279e-02     5.9675e-01  1.4954e-02     5.0294e-02  1.2603e-03     9.2214e-02  2.3327e-03     7.7717e-03  1.9660e-04 
9.4563e-02     6.3267e-01  1.1391e-02     5.9827e-02  1.0772e-03     1.0969e-01  2.0112e-03     1.0373e-02  1.9019e-04 
1.0610e-01     6.8163e-01  1.5292e-02     7.2321e-02  1.6225e-03     1.3260e-01  3.0100e-03     1.4069e-02  3.1936e-04 
1.1905e-01     7.4138e-01  1.7538e-02     8.8259e-02  2.0879e-03     1.6182e-01  3.8689e-03     1.9265e-02  4.6059e-04 
1.3357e-01     8.1893e-01  8.5067e-03     1.0939e-01  1.1363e-03     2.0056e-01  2.1960e-03     2.6790e-02  2.9333e-04 
1.4987e-01     9.0145e-01  8.7419e-03     1.3510e-01  1.3102e-03     2.4771e-01  2.5507e-03     3.7125e-02  3.8227e-04 
1.6816e-01     9.8980e-01  5.3955e-03     1.6644e-01  9.0730e-04     3.0517e-01  1.9707e-03     5.1318e-02  3.3139e-04 
1.8868e-01     1.0957e+00  9.9368e-03     2.0673e-01  1.8748e-03     3.7905e-01  3.6795e-03     7.1517e-02  6.9424e-04 
2.1170e-01     1.2289e+00  1.1200e-02     2.6016e-01  2.3710e-03     4.7701e-01  4.6504e-03     1.0098e-01  9.8449e-04 
2.3753e-01     1.3640e+00  1.1853e-02     3.2398e-01  2.8155e-03     5.9402e-01  5.5567e-03     1.4110e-01  1.3199e-03 
2.6651e-01     1.5146e+00  1.3430e-02     4.0366e-01  3.5792e-03     7.4012e-01  7.0449e-03     1.9725e-01  1.8775e-03 
2.9903e-01     1.6374e+00  8.4836e-03     4.8965e-01  2.5369e-03     8.9777e-01  5.5942e-03     2.6846e-01  1.6728e-03 
3.3552e-01     1.7463e+00  1.1420e-02     5.8593e-01  3.8316e-03     1.0743e+00  7.9490e-03     3.6045e-01  2.6670e-03 
3.7646e-01     1.7722e+00  1.3320e-02     6.6717e-01  5.0145e-03     1.2233e+00  1.0123e-02     4.6051e-01  3.8108e-03 
4.2240e-01     1.7376e+00  2.2735e-02     7.3394e-01  9.6030e-03     1.3457e+00  1.8213e-02     5.6841e-01  7.6931e-03 
4.7394e-01     1.5708e+00  9.0918e-03     7.4445e-01  4.3089e-03     1.3649e+00  9.2057e-03     6.4690e-01  4.3629e-03 
5.3176e-01     1.3092e+00  8.4722e-03     6.9620e-01  4.5052e-03     1.2765e+00  9.3681e-03     6.7879e-01  4.9816e-03 
5.9665e-01     1.0110e+00  5.1028e-03     6.0319e-01  3.0446e-03     1.1059e+00  6.7691e-03     6.5986e-01  4.0388e-03 
6.6945e-01     7.1854e-01  5.4475e-03     4.8102e-01  3.6468e-03     8.8196e-01  7.3506e-03     5.9043e-01  4.9209e-03 
7.5114e-01     4.8330e-01  8.6793e-03     3.6302e-01  6.5193e-03     6.6560e-01  1.2173e-02     4.9996e-01  9.1438e-03 
8.4279e-01     3.1924e-01  3.4399e-03     2.6905e-01  2.8991e-03     4.9330e-01  5.5831e-03     4.1575e-01  4.7054e-03 
9.4563e-01     2.0621e-01  2.1487e-03     1.9500e-01  2.0319e-03     3.5753e-01  3.9257e-03     3.3809e-01  3.7123e-03 
1.0610e+00     1.3891e-01  1.6646e-03     1.4739e-01  1.7661e-03     2.7023e-01  3.3706e-03     2.8672e-01  3.5763e-03 
1.1905e+00     9.6259e-02  1.6078e-03     1.1459e-01  1.9141e-03     2.1011e-01  3.5841e-03     2.5013e-01  4.2668e-03 
1.3357e+00     6.7573e-02  1.4879e-03     9.0260e-02  1.9875e-03     1.6549e-01  3.6888e-03     2.2105e-01  4.9273e-03 
1.4987e+00     4.7783e-02  6.8775e-04     7.1614e-02  1.0307e-03     1.3130e-01  1.9438e-03     1.9679e-01  2.9131e-03 
1.6816e+00     3.4938e-02  8.1873e-04     5.8752e-02  1.3768e-03     1.0772e-01  2.5517e-03     1.8114e-01  4.2909e-03 
1.8868e+00     2.6411e-02  5.7085e-04     4.9831e-02  1.0771e-03     9.1365e-02  2.0000e-03     1.7238e-01  3.7735e-03 
2.1170e+00     1.9196e-02  4.4116e-04     4.0639e-02  9.3393e-04     7.4511e-02  1.7317e-03     1.5774e-01  3.6660e-03 
2.3753e+00     1.3912e-02  3.7496e-04     3.3046e-02  8.9065e-04     6.0590e-02  1.6464e-03     1.4392e-01  3.9108e-03 
2.6651e+00     1.0914e-02  1.5568e-04     2.9088e-02  4.1492e-04     5.3332e-02  7.8284e-04     1.4214e-01  2.0864e-03 
2.9903e+00     7.9916e-03  4.1947e-04     2.3897e-02  1.2544e-03     4.3816e-02  2.3049e-03     1.3102e-01  6.8924e-03 
3.3552e+00     5.7449e-03  3.0710e-04     1.9275e-02  1.0304e-03     3.5341e-02  1.8931e-03     1.1858e-01  6.3519e-03 
3.7646e+00     4.2265e-03  1.3475e-04     1.5911e-02  5.0729e-04     2.9173e-02  9.3558e-04     1.0983e-01  3.5221e-03 
4.2240e+00     2.8422e-03  1.0699e-04     1.2006e-02  4.5192e-04     2.2012e-02  8.3210e-04     9.2978e-02  3.5147e-03 
4.7394e+00     1.7883e-03  9.0778e-05     8.4755e-03  4.3023e-04     1.5540e-02  7.9066e-04     7.3649e-02  3.7472e-03 
5.3176e+00     1.3112e-03  4.7757e-05     6.9726e-03  2.5396e-04     1.2784e-02  4.6773e-04     6.7983e-02  2.4872e-03 
5.9665e+00     7.2783e-04  2.7844e-05     4.3426e-03  1.6613e-04     7.9622e-03  3.0585e-04     4.7506e-02  1.8249e-03 
6.6945e+00     4.3332e-04  3.1163e-05     2.9009e-03  2.0862e-04     5.3188e-03  3.8295e-04     3.5607e-02  2.5637e-03 
7.5114e+00     2.1055e-04  2.3797e-05     1.5815e-03  1.7875e-04     2.8997e-03  3.2789e-04     2.1781e-02  2.4629e-03 
8.4279e+00     8.5014e-05  9.8150e-06     7.1649e-04  8.2720e-05     1.3137e-03  1.5174e-04     1.1072e-02  1.2788e-03 
9.4563e+00     3.0492e-05  9.2755e-06     2.8834e-04  8.7712e-05     5.2868e-04  1.6083e-04     4.9993e-03  1.5209e-03 
1.0610e+01     1.0706e-05  4.2036e-06     1.1359e-04  4.4601e-05     2.0827e-04  8.1779e-05     2.2097e-03  8.6768e-04 
1.1905e+01     5.8717e-06  2.2094e-06     6.9901e-05  2.6302e-05     1.2816e-04  4.8227e-05     1.5258e-03  5.7412e-04 
1.3357e+01     6.5415e-07  3.9938e-07     8.7376e-06  5.3346e-06     1.6021e-05  9.7812e-06     2.1399e-04  1.3065e-04 
1.4987e+01     5.8301e-07  4.8380e-07     8.7376e-06  7.2509e-06     1.6021e-05  1.3295e-05     2.4010e-04  1.9925e-04 
1.6816e+01     0.0000e+00  0.0000e+00     0.0000e+00  0.0000e+00     0.0000e+00  0.0000e+00     0.0000e+00  0.0000e+00 
1.8868e+01     0.0000e+00  0.0000e+00     0.0000e+00  0.0000e+00     0.0000e+00  0.0000e+00     0.0000e+00  0.0000e+00 
2.1170e+01     4.1274e-07  3.6171e-07     8.7376e-06  7.6573e-06     1.6021e-05  1.4040e-05     3.3915e-04  2.9722e-04 
2.3753e+01     0.0000e+00  0.0000e+00     0.0000e+00  0.0000e+00     0.0000e+00  0.0000e+00     0.0000e+00  0.0000e+00 
2.6651e+01     3.2785e-07  1.1355e-07     8.7376e-06  3.0264e-06     1.6021e-05  5.5491e-06     4.2697e-04  1.4789e-04 
2.9903e+01     0.0000e+00  0.0000e+00     0.0000e+00  0.0000e+00     0.0000e+00  0.0000e+00     0.0000e+00  0.0000e+00 
3.3552e+01     0.0000e+00  0.0000e+00     0.0000e+00  0.0000e+00     0.0000e+00  0.0000e+00     0.0000e+00  0.0000e+00 
3.7646e+01     0.0000e+00  0.0000e+00     0.0000e+00  0.0000e+00     0.0000e+00  0.0000e+00     0.0000e+00  0.0000e+00 
4.2240e+01     0.0000e+00  0.0000e+00     0.0000e+00  0.0000e+00     0.0000e+00  0.0000e+00     0.0000e+00  0.0000e+00 
4.7394e+01     0.0000e+00  0.0000e+00     0.0000e+00  0.0000e+00     0.0000e+00  0.0000e+00     0.0000e+00  0.0000e+00 
5.3176e+01     0.0000e+00  0.0000e+00     0.0000e+00  0.0000e+00     0.0000e+00  0.0000e+00     0.0000e+00  0.0000e+00 
5.9665e+01     1.4645e-07  1.2313e-07     8.7376e-06  7.3463e-06     1.6021e-05  1.3470e-05     9.5586e-04  8.0366e-04 
6.6945e+01     1.3052e-07  8.0799e-08     8.7376e-06  5.4091e-06     1.6021e-05  9.9177e-06     1.0725e-03  6.6394e-04 
7.5114e+01     0.0000e+00  0.0000e+00     0.0000e+00  0.0000e+00     0.0000e+00  0.0000e+00     0.0000e+00  0.0000e+00 
8.4279e+01     0.0000e+00  0.0000e+00     0.0000e+00  0.0000e+00     0.0000e+00  0.0000e+00     0.0000e+00  0.0000e+00 
9.4563e+01     0.0000e+00  0.0000e+00     0.0000e+00  0.0000e+00     0.0000e+00  0.0000e+00     0.0000e+00  0.0000e+00 
1.0610e+02     2.4706e-07  1.2638e-07     2.6213e-05  1.3409e-05     4.8062e-05  2.4585e-05     5.0994e-03  2.6085e-03 
1.1905e+02     0.0000e+00  0.0000e+00     0.0000e+00  0.0000e+00     0.0000e+00  0.0000e+00     0.0000e+00  0.0000e+00 
1.3357e+02     0.0000e+00  0.0000e+00     0.0000e+00  0.0000e+00     0.0000e+00  0.0000e+00     0.0000e+00  0.0000e+00 
1.4987e+02     5.8301e-08  3.3561e-08     8.7376e-06  5.0299e-06     1.6021e-05  9.2224e-06     2.4010e-03  1.3822e-03 
1.6816e+02     0.0000e+00  0.0000e+00     0.0000e+00  0.0000e+00     0.0000e+00  0.0000e+00     0.0000e+00  0.0000e+00 
1.8868e+02     4.6310e-08  8.6095e-08     8.7376e-06  1.6244e-05     1.6021e-05  2.9784e-05     3.0227e-03  5.6195e-03 
2.1170e+02     0.0000e+00  0.0000e+00     0.0000e+00  0.0000e+00     0.0000e+00  0.0000e+00     0.0000e+00  0.0000e+00 
2.3753e+02     0.0000e+00  0.0000e+00     0.0000e+00  0.0000e+00     0.0000e+00  0.0000e+00     0.0000e+00  0.0000e+00 
2.6651e+02     6.5570e-08  3.7362e-08     1.7475e-05  9.9574e-06     3.2041e-05  1.8257e-05     8.5394e-03  4.8658e-03 
2.9903e+02     0.0000e+00  0.0000e+00     0.0000e+00  0.0000e+00     0.0000e+00  0.0000e+00     0.0000e+00  0.0000e+00 
3.3552e+02     0.0000e+00  0.0000e+00     0.0000e+00  0.0000e+00     0.0000e+00  0.0000e+00     0.0000e+00  0.0000e+00 
3.7646e+02     2.3210e-08  2.8030e-08     8.7376e-06  1.0552e-05     1.6021e-05  1.9347e-05     6.0311e-03  7.2836e-03 
4.2240e+02     0.0000e+00  0.0000e+00     0.0000e+00  0.0000e+00     0.0000e+00  0.0000e+00     0.0000e+00  0.0000e+00 
4.7394e+02     0.0000e+00  0.0000e+00     0.0000e+00  0.0000e+00     0.0000e+00  0.0000e+00     0.0000e+00  0.0000e+00 
5.3176e+02     1.6431e-08  3.0548e-08     8.7376e-06  1.6244e-05     1.6021e-05  2.9784e-05     8.5191e-03  1.5838e-02 
5.9665e+02     0.0000e+00  0.0000e+00     0.0000e+00  0.0000e+00     0.0000e+00  0.0000e+00     0.0000e+00  0.0000e+00 
6.6945e+02     0.0000e+00  0.0000e+00     0.0000e+00  0.0000e+00     0.0000e+00  0.0000e+00     0.0000e+00  0.0000e+00 
7.5114e+02     0.0000e+00  0.0000e+00     0.0000e+00  0.0000e+00     0.0000e+00  0.0000e+00     0.0000e+00  0.0000e+00 
8.4279e+02     0.0000e+00  0.0000e+00     0.0000e+00  0.0000e+00     0.0000e+00  0.0000e+00     0.0000e+00  0.0000e+00 
9.4563e+02     0.0000e+00  0.0000e+00     0.0000e+00  0.0000e+00     0.0000e+00  0.0000e+00     0.0000e+00  0.0000e+00 
1.0610e+03     0.0000e+00  0.0000e+00     0.0000e+00  0.0000e+00     0.0000e+00  0.0000e+00     0.0000e+00  0.0000e+00 
1.1905e+03     0.0000e+00  0.0000e+00     0.0000e+00  0.0000e+00     0.0000e+00  0.0000e+00     0.0000e+00  0.0000e+00 
1.3357e+03     0.0000e+00  0.0000e+00     0.0000e+00  0.0000e+00     0.0000e+00  0.0000e+00     0.0000e+00  0.0000e+00 
1.4987e+03     0.0000e+00  0.0000e+00     0.0000e+00  0.0000e+00     0.0000e+00  0.0000e+00     0.0000e+00  0.0000e+00 
1.6816e+03     0.0000e+00  0.0000e+00     0.0000e+00  0.0000e+00     0.0000e+00  0.0000e+00     0.0000e+00  0.0000e+00 
1.8868e+03     0.0000e+00  0.0000e+00     0.0000e+00  0.0000e+00     0.0000e+00  0.0000e+00     0.0000e+00  0.0000e+00 
2.1170e+03     0.0000e+00  0.0000e+00     0.0000e+00  0.0000e+00     0.0000e+00  0.0000e+00     0.0000e+00  0.0000e+00 
2.3753e+03     0.0000e+00  0.0000e+00     0.0000e+00  0.0000e+00     0.0000e+00  0.0000e+00     0.0000e+00  0.0000e+00 
2.6651e+03     0.0000e+00  0.0000e+00     0.0000e+00  0.0000e+00     0.0000e+00  0.0000e+00     0.0000e+00  0.0000e+00 
2.9903e+03     0.0000e+00  0.0000e+00     0.0000e+00  0.0000e+00     0.0000e+00  0.0000e+00     0.0000e+00  0.0000e+00 
3.3552e+03     0.0000e+00  0.0000e+00     0.0000e+00  0.0000e+00     0.0000e+00  0.0000e+00     0.0000e+00  0.0000e+00 
3.7646e+03     0.0000e+00  0.0000e+00     0.0000e+00  0.0000e+00     0.0000e+00  0.0000e+00     0.0000e+00  0.0000e+00 
4.2240e+03     0.0000e+00  0.0000e+00     0.0000e+00  0.0000e+00     0.0000e+00  0.0000e+00     0.0000e+00  0.0000e+00 
4.7394e+03     0.0000e+00  0.0000e+00     0.0000e+00  0.0000e+00     0.0000e+00  0.0000e+00     0.0000e+00  0.0000e+00 
5.3176e+03     0.0000e+00  0.0000e+00     0.0000e+00  0.0000e+00     0.0000e+00  0.0000e+00     0.0000e+00  0.0000e+00 
5.9665e+03     0.0000e+00  0.0000e+00     0.0000e+00  0.0000e+00     0.0000e+00  0.0000e+00     0.0000e+00  0.0000e+00 
6.6945e+03     0.0000e+00  0.0000e+00     0.0000e+00  0.0000e+00     0.0000e+00  0.0000e+00     0.0000e+00  0.0000e+00 
7.5114e+03     0.0000e+00  0.0000e+00     0.0000e+00  0.0000e+00     0.0000e+00  0.0000e+00     0.0000e+00  0.0000e+00 
8.4279e+03     0.0000e+00  0.0000e+00     0.0000e+00  0.0000e+00     0.0000e+00  0.0000e+00     0.0000e+00  0.0000e+00 
9.4563e+03     0.0000e+00  0.0000e+00     0.0000e+00  0.0000e+00     0.0000e+00  0.0000e+00     0.0000e+00  0.0000e+00 
