yF = 4.0080e-01 (std: 1.0828e-03) keV/um
yD = 1.0273e+00 (std: 4.3607e-02) keV/um
y (keV/um)     f(y)(std)                  yf(y)(std)                 d(y)(std)                  yd(y)(std)  
1.0610e-03     8.2595e-03  4.8276e-03     8.7635e-06  5.1222e-06     2.1865e-05  1.2780e-05     2.3199e-08  1.3560e-08 
1.1905e-03     2.2084e-02  1.1545e-02     2.6290e-05  1.3744e-05     6.5594e-05  3.4290e-05     7.8088e-08  4.0822e-08 
1.3357e-03     1.3122e-02  3.6177e-03     1.7527e-05  4.8323e-06     4.3729e-05  1.2057e-05     5.8411e-08  1.6105e-08 
1.4987e-03     1.7542e-02  1.1622e-02     2.6290e-05  1.7418e-05     6.5594e-05  4.3458e-05     9.8307e-08  6.5131e-08 
1.6816e-03     5.2114e-03  4.2696e-03     8.7635e-06  7.1797e-06     2.1865e-05  1.7913e-05     3.6767e-08  3.0123e-08 
1.8868e-03     3.2513e-02  2.5918e-02     6.1344e-05  4.8902e-05     1.5305e-04  1.2201e-04     2.8878e-07  2.3021e-07 
2.1170e-03     2.4837e-02  1.8184e-02     5.2581e-05  3.8494e-05     1.3119e-04  9.6044e-05     2.7772e-07  2.0332e-07 
2.3753e-03     1.1068e-02  4.8825e-03     2.6290e-05  1.1597e-05     6.5594e-05  2.8936e-05     1.5581e-07  6.8732e-08 
2.6651e-03     2.6305e-02  7.7122e-03     7.0108e-05  2.0554e-05     1.7492e-04  5.1284e-05     4.6618e-07  1.3668e-07 
2.9903e-03     1.4653e-02  5.4370e-03     4.3817e-05  1.6258e-05     1.0932e-04  4.0565e-05     3.2691e-07  1.2130e-07 
3.3552e-03     1.5671e-02  5.3675e-03     5.2581e-05  1.8009e-05     1.3119e-04  4.4934e-05     4.4016e-07  1.5076e-07 
3.7646e-03     3.9574e-02  9.6569e-03     1.4898e-04  3.6355e-05     3.7170e-04  9.0710e-05     1.3993e-06  3.4149e-07 
4.2240e-03     1.0374e-02  7.1392e-03     4.3817e-05  3.0156e-05     1.0932e-04  7.5239e-05     4.6178e-07  3.1781e-07 
4.7394e-03     3.1434e-02  7.9132e-03     1.4898e-04  3.7503e-05     3.7170e-04  9.3576e-05     1.7616e-06  4.4349e-07 
5.3176e-03     4.4496e-02  1.1034e-02     2.3661e-04  5.8674e-05     5.9035e-04  1.4640e-04     3.1393e-06  7.7850e-07 
5.9665e-03     5.7282e-02  3.4825e-02     3.4177e-04  2.0779e-04     8.5272e-04  5.1843e-04     5.0878e-06  3.0932e-06 
6.6945e-03     4.5817e-02  1.6614e-02     3.0672e-04  1.1122e-04     7.6526e-04  2.7751e-04     5.1231e-06  1.8578e-06 
7.5114e-03     2.9167e-02  8.2451e-03     2.1909e-04  6.1932e-05     5.4662e-04  1.5453e-04     4.1058e-06  1.1607e-06 
8.4279e-03     0.0000e+00  0.0000e+00     0.0000e+00  0.0000e+00     0.0000e+00  0.0000e+00     0.0000e+00  0.0000e+00 
9.4563e-03     0.0000e+00  0.0000e+00     0.0000e+00  0.0000e+00     0.0000e+00  0.0000e+00     0.0000e+00  0.0000e+00 
1.0610e-02     0.0000e+00  0.0000e+00     0.0000e+00  0.0000e+00     0.0000e+00  0.0000e+00     0.0000e+00  0.0000e+00 
1.1905e-02     1.2050e+00  3.6512e-02     1.4346e-02  4.3467e-04     3.5793e-02  1.0888e-03     4.2610e-04  1.2962e-05 
1.3357e-02     9.7296e-01  2.1373e-02     1.2996e-02  2.8548e-04     3.2425e-02  7.1765e-04     4.3312e-04  9.5858e-06 
1.4987e-02     7.9406e-01  3.1859e-02     1.1901e-02  4.7747e-04     2.9692e-02  1.1940e-03     4.4500e-04  1.7894e-05 
1.6816e-02     6.3736e-01  1.8760e-02     1.0718e-02  3.1547e-04     2.6741e-02  7.9041e-04     4.4967e-04  1.3291e-05 
1.8868e-02     4.8862e-01  4.8347e-02     9.2192e-03  9.1219e-04     2.3002e-02  2.2767e-03     4.3399e-04  4.2957e-05 
2.1170e-02     4.1313e-01  3.5197e-02     8.7459e-03  7.4512e-04     2.1821e-02  1.8600e-03     4.6195e-04  3.9376e-05 
2.3753e-02     5.0028e-01  1.5418e-02     1.1883e-02  3.6622e-04     2.9649e-02  9.1721e-04     7.0424e-04  2.1787e-05 
2.6651e-02     6.8230e-01  3.0118e-02     1.8184e-02  8.0269e-04     4.5369e-02  2.0064e-03     1.2092e-03  5.3475e-05 
2.9903e-02     7.2327e-01  1.1994e-02     2.1628e-02  3.5866e-04     5.3962e-02  9.0666e-04     1.6136e-03  2.7112e-05 
3.3552e-02     6.6629e-01  3.7825e-02     2.2356e-02  1.2691e-03     5.5777e-02  3.1700e-03     1.8714e-03  1.0636e-04 
3.7646e-02     6.7834e-01  2.8323e-02     2.5537e-02  1.0663e-03     6.3714e-02  2.6659e-03     2.3986e-03  1.0036e-04 
4.2240e-02     7.6079e-01  2.8260e-02     3.2136e-02  1.1937e-03     8.0178e-02  2.9861e-03     3.3867e-03  1.2613e-04 
4.7394e-02     7.6626e-01  1.6956e-02     3.6316e-02  8.0360e-04     9.0607e-02  2.0199e-03     4.2942e-03  9.5728e-05 
5.3176e-02     8.2004e-01  2.1841e-02     4.3607e-02  1.1614e-03     1.0880e-01  2.9127e-03     5.7855e-03  1.5488e-04 
5.9665e-02     9.0095e-01  2.4904e-02     5.3755e-02  1.4859e-03     1.3412e-01  3.7249e-03     8.0021e-03  2.2225e-04 
6.6945e-02     9.7289e-01  1.8721e-02     6.5130e-02  1.2533e-03     1.6250e-01  3.1576e-03     1.0878e-02  2.1139e-04 
7.5114e-02     1.0060e+00  2.8192e-02     7.5567e-02  2.1176e-03     1.8854e-01  5.3079e-03     1.4162e-02  3.9870e-04 
8.4279e-02     1.1202e+00  3.6553e-02     9.4409e-02  3.0807e-03     2.3555e-01  7.7125e-03     1.9852e-02  6.5001e-04 
9.4563e-02     1.2027e+00  1.0677e-02     1.1373e-01  1.0096e-03     2.8376e-01  2.6330e-03     2.6833e-02  2.4898e-04 
1.0610e-01     1.2958e+00  2.2407e-02     1.3749e-01  2.3775e-03     3.4304e-01  6.0037e-03     3.6396e-02  6.3699e-04 
1.1905e-01     1.4243e+00  1.7666e-02     1.6956e-01  2.1031e-03     4.2304e-01  5.3703e-03     5.0362e-02  6.3932e-04 
1.3357e-01     1.5815e+00  2.3108e-02     2.1124e-01  3.0866e-03     5.2705e-01  7.8315e-03     7.0400e-02  1.0461e-03 
1.4987e-01     1.7261e+00  3.4922e-02     2.5869e-01  5.2338e-03     6.4542e-01  1.3174e-02     9.6731e-02  1.9744e-03 
1.6816e-01     1.8889e+00  1.9513e-02     3.1764e-01  3.2813e-03     7.9251e-01  8.4620e-03     1.3327e-01  1.4230e-03 
1.8868e-01     2.0752e+00  1.8138e-02     3.9155e-01  3.4222e-03     9.7692e-01  8.9369e-03     1.8432e-01  1.6862e-03 
2.1170e-01     2.2086e+00  1.4239e-02     4.6757e-01  3.0143e-03     1.1666e+00  8.1543e-03     2.4696e-01  1.7263e-03 
2.3753e-01     2.3310e+00  1.2694e-02     5.5367e-01  3.0153e-03     1.3814e+00  8.3978e-03     3.2813e-01  1.9947e-03 
2.6651e-01     2.3390e+00  1.1683e-02     6.2336e-01  3.1137e-03     1.5553e+00  8.8321e-03     4.1450e-01  2.3539e-03 
2.9903e-01     2.2804e+00  1.7123e-02     6.8191e-01  5.1204e-03     1.7014e+00  1.3577e-02     5.0876e-01  4.0600e-03 
3.3552e-01     2.0960e+00  1.0113e-02     7.0326e-01  3.3930e-03     1.7546e+00  9.7021e-03     5.8871e-01  3.2553e-03 
3.7646e-01     1.7993e+00  5.9428e-03     6.7738e-01  2.2372e-03     1.6901e+00  7.2112e-03     6.3624e-01  2.7147e-03 
4.2240e-01     1.4464e+00  1.0256e-02     6.1094e-01  4.3322e-03     1.5243e+00  1.1567e-02     6.4385e-01  4.8856e-03 
4.7394e-01     1.0769e+00  7.3075e-03     5.1038e-01  3.4633e-03     1.2734e+00  9.3005e-03     6.0351e-01  4.4078e-03 
5.3176e-01     7.5823e-01  2.3308e-03     4.0320e-01  1.2394e-03     1.0060e+00  4.1168e-03     5.3494e-01  2.1892e-03 
5.9665e-01     4.9950e-01  6.4668e-03     2.9803e-01  3.8584e-03     7.4358e-01  9.8340e-03     4.4365e-01  5.8674e-03 
6.6945e-01     3.2407e-01  6.3214e-03     2.1695e-01  4.2318e-03     5.4128e-01  1.0659e-02     3.6236e-01  7.1358e-03 
7.5114e-01     2.1138e-01  2.6699e-03     1.5878e-01  2.0054e-03     3.9614e-01  5.1167e-03     2.9756e-01  3.8434e-03 
8.4279e-01     1.4208e-01  1.9088e-03     1.1974e-01  1.6087e-03     2.9876e-01  4.0941e-03     2.5179e-01  3.4505e-03 
9.4563e-01     9.6705e-02  1.2883e-03     9.1447e-02  1.2182e-03     2.2816e-01  3.1014e-03     2.1575e-01  2.9327e-03 
1.0610e+00     7.0528e-02  1.0225e-03     7.4831e-02  1.0849e-03     1.8670e-01  2.7534e-03     1.9809e-01  2.9214e-03 
1.1905e+00     4.9637e-02  1.4534e-03     5.9092e-02  1.7303e-03     1.4743e-01  4.3353e-03     1.7552e-01  5.1610e-03 
1.3357e+00     3.6117e-02  7.8145e-04     4.8243e-02  1.0438e-03     1.2037e-01  2.6245e-03     1.6078e-01  3.5057e-03 
1.4987e+00     2.7208e-02  6.2138e-04     4.0776e-02  9.3127e-04     1.0174e-01  2.3397e-03     1.5247e-01  3.5065e-03 
1.6816e+00     2.0517e-02  4.8519e-04     3.4502e-02  8.1590e-04     8.6081e-02  2.0489e-03     1.4475e-01  3.4454e-03 
1.8868e+00     1.5416e-02  2.3113e-04     2.9086e-02  4.3609e-04     7.2569e-02  1.1056e-03     1.3692e-01  2.0859e-03 
2.1170e+00     1.1649e-02  3.8457e-04     2.4660e-02  8.1414e-04     6.1527e-02  2.0381e-03     1.3025e-01  4.3146e-03 
2.3753e+00     8.4856e-03  3.9562e-04     2.0156e-02  9.3972e-04     5.0289e-02  2.3485e-03     1.1945e-01  5.5785e-03 
2.6651e+00     6.8624e-03  1.6981e-04     1.8289e-02  4.5257e-04     4.5632e-02  1.1359e-03     1.2161e-01  3.0272e-03 
2.9903e+00     4.7769e-03  3.0410e-04     1.4284e-02  9.0935e-04     3.5639e-02  2.2708e-03     1.0657e-01  6.7906e-03 
3.3552e+00     3.6671e-03  1.9824e-04     1.2304e-02  6.6514e-04     3.0698e-02  1.6616e-03     1.0300e-01  5.5750e-03 
3.7646e+00     2.5630e-03  2.1770e-04     9.6486e-03  8.1955e-04     2.4073e-02  2.0458e-03     9.0625e-02  7.7016e-03 
4.2240e+00     1.7116e-03  5.3535e-05     7.2298e-03  2.2613e-04     1.8038e-02  5.6629e-04     7.6193e-02  2.3920e-03 
4.7394e+00     1.1834e-03  5.2447e-05     5.6086e-03  2.4857e-04     1.3993e-02  6.2132e-04     6.6320e-02  2.9447e-03 
5.3176e+00     8.0752e-04  5.3064e-05     4.2941e-03  2.8217e-04     1.0714e-02  7.0462e-04     5.6972e-02  3.7469e-03 
5.9665e+00     4.6707e-04  3.7959e-05     2.7868e-03  2.2648e-04     6.9530e-03  5.6538e-04     4.1485e-02  3.3733e-03 
6.6945e+00     2.1207e-04  3.5165e-05     1.4197e-03  2.3541e-04     3.5421e-03  5.8743e-04     2.3713e-02  3.9326e-03 
7.5114e+00     1.0617e-04  1.6868e-05     7.9747e-04  1.2670e-04     1.9897e-03  3.1617e-04     1.4945e-02  2.3749e-03 
8.4279e+00     5.4070e-05  8.4907e-06     4.5570e-04  7.1558e-05     1.1370e-03  1.7856e-04     9.5822e-03  1.5049e-03 
9.4563e+00     1.3901e-05  4.4658e-06     1.3145e-04  4.2230e-05     3.2797e-04  1.0537e-04     3.1014e-03  9.9638e-04 
1.0610e+01     3.3038e-06  1.5476e-06     3.5054e-05  1.6420e-05     8.7459e-05  4.0969e-05     9.2795e-04  4.3468e-04 
1.1905e+01     1.4723e-06  3.5568e-06     1.7527e-05  4.2343e-05     4.3729e-05  1.0564e-04     5.2059e-04  1.2577e-03 
1.3357e+01     0.0000e+00  0.0000e+00     0.0000e+00  0.0000e+00     0.0000e+00  0.0000e+00     0.0000e+00  0.0000e+00 
1.4987e+01     5.8473e-07  6.2975e-07     8.7635e-06  9.4381e-06     2.1865e-05  2.3548e-05     3.2769e-04  3.5292e-04 
1.6816e+01     5.2114e-07  5.0384e-07     8.7635e-06  8.4725e-06     2.1865e-05  2.1139e-05     3.6767e-04  3.5547e-04 
1.8868e+01     0.0000e+00  0.0000e+00     0.0000e+00  0.0000e+00     0.0000e+00  0.0000e+00     0.0000e+00  0.0000e+00 
2.1170e+01     0.0000e+00  0.0000e+00     0.0000e+00  0.0000e+00     0.0000e+00  0.0000e+00     0.0000e+00  0.0000e+00 
2.3753e+01     0.0000e+00  0.0000e+00     0.0000e+00  0.0000e+00     0.0000e+00  0.0000e+00     0.0000e+00  0.0000e+00 
2.6651e+01     0.0000e+00  0.0000e+00     0.0000e+00  0.0000e+00     0.0000e+00  0.0000e+00     0.0000e+00  0.0000e+00 
2.9903e+01     0.0000e+00  0.0000e+00     0.0000e+00  0.0000e+00     0.0000e+00  0.0000e+00     0.0000e+00  0.0000e+00 
3.3552e+01     0.0000e+00  0.0000e+00     0.0000e+00  0.0000e+00     0.0000e+00  0.0000e+00     0.0000e+00  0.0000e+00 
3.7646e+01     0.0000e+00  0.0000e+00     0.0000e+00  0.0000e+00     0.0000e+00  0.0000e+00     0.0000e+00  0.0000e+00 
4.2240e+01     0.0000e+00  0.0000e+00     0.0000e+00  0.0000e+00     0.0000e+00  0.0000e+00     0.0000e+00  0.0000e+00 
4.7394e+01     0.0000e+00  0.0000e+00     0.0000e+00  0.0000e+00     0.0000e+00  0.0000e+00     0.0000e+00  0.0000e+00 
5.3176e+01     0.0000e+00  0.0000e+00     0.0000e+00  0.0000e+00     0.0000e+00  0.0000e+00     0.0000e+00  0.0000e+00 
5.9665e+01     1.4688e-07  2.7305e-07     8.7635e-06  1.6292e-05     2.1865e-05  4.0648e-05     1.3046e-03  2.4252e-03 
6.6945e+01     0.0000e+00  0.0000e+00     0.0000e+00  0.0000e+00     0.0000e+00  0.0000e+00     0.0000e+00  0.0000e+00 
7.5114e+01     0.0000e+00  0.0000e+00     0.0000e+00  0.0000e+00     0.0000e+00  0.0000e+00     0.0000e+00  0.0000e+00 
8.4279e+01     2.0796e-07  8.2149e-08     1.7527e-05  6.9234e-06     4.3729e-05  1.7274e-05     3.6855e-03  1.4559e-03 
9.4563e+01     0.0000e+00  0.0000e+00     0.0000e+00  0.0000e+00     0.0000e+00  0.0000e+00     0.0000e+00  0.0000e+00 
1.0610e+02     0.0000e+00  0.0000e+00     0.0000e+00  0.0000e+00     0.0000e+00  0.0000e+00     0.0000e+00  0.0000e+00 
1.1905e+02     0.0000e+00  0.0000e+00     0.0000e+00  0.0000e+00     0.0000e+00  0.0000e+00     0.0000e+00  0.0000e+00 
1.3357e+02     0.0000e+00  0.0000e+00     0.0000e+00  0.0000e+00     0.0000e+00  0.0000e+00     0.0000e+00  0.0000e+00 
1.4987e+02     0.0000e+00  0.0000e+00     0.0000e+00  0.0000e+00     0.0000e+00  0.0000e+00     0.0000e+00  0.0000e+00 
1.6816e+02     0.0000e+00  0.0000e+00     0.0000e+00  0.0000e+00     0.0000e+00  0.0000e+00     0.0000e+00  0.0000e+00 
1.8868e+02     4.6447e-08  1.9148e-08     8.7635e-06  3.6127e-06     2.1865e-05  9.0139e-06     4.1254e-03  1.7007e-03 
2.1170e+02     0.0000e+00  0.0000e+00     0.0000e+00  0.0000e+00     0.0000e+00  0.0000e+00     0.0000e+00  0.0000e+00 
2.3753e+02     0.0000e+00  0.0000e+00     0.0000e+00  0.0000e+00     0.0000e+00  0.0000e+00     0.0000e+00  0.0000e+00 
2.6651e+02     0.0000e+00  0.0000e+00     0.0000e+00  0.0000e+00     0.0000e+00  0.0000e+00     0.0000e+00  0.0000e+00 
2.9903e+02     0.0000e+00  0.0000e+00     0.0000e+00  0.0000e+00     0.0000e+00  0.0000e+00     0.0000e+00  0.0000e+00 
3.3552e+02     0.0000e+00  0.0000e+00     0.0000e+00  0.0000e+00     0.0000e+00  0.0000e+00     0.0000e+00  0.0000e+00 
3.7646e+02     0.0000e+00  0.0000e+00     0.0000e+00  0.0000e+00     0.0000e+00  0.0000e+00     0.0000e+00  0.0000e+00 
4.2240e+02     0.0000e+00  0.0000e+00     0.0000e+00  0.0000e+00     0.0000e+00  0.0000e+00     0.0000e+00  0.0000e+00 
4.7394e+02     0.0000e+00  0.0000e+00     0.0000e+00  0.0000e+00     0.0000e+00  0.0000e+00     0.0000e+00  0.0000e+00 
5.3176e+02     0.0000e+00  0.0000e+00     0.0000e+00  0.0000e+00     0.0000e+00  0.0000e+00     0.0000e+00  0.0000e+00 
5.9665e+02     0.0000e+00  0.0000e+00     0.0000e+00  0.0000e+00     0.0000e+00  0.0000e+00     0.0000e+00  0.0000e+00 
6.6945e+02     0.0000e+00  0.0000e+00     0.0000e+00  0.0000e+00     0.0000e+00  0.0000e+00     0.0000e+00  0.0000e+00 
7.5114e+02     0.0000e+00  0.0000e+00     0.0000e+00  0.0000e+00     0.0000e+00  0.0000e+00     0.0000e+00  0.0000e+00 
8.4279e+02     0.0000e+00  0.0000e+00     0.0000e+00  0.0000e+00     0.0000e+00  0.0000e+00     0.0000e+00  0.0000e+00 
9.4563e+02     0.0000e+00  0.0000e+00     0.0000e+00  0.0000e+00     0.0000e+00  0.0000e+00     0.0000e+00  0.0000e+00 
1.0610e+03     0.0000e+00  0.0000e+00     0.0000e+00  0.0000e+00     0.0000e+00  0.0000e+00     0.0000e+00  0.0000e+00 
1.1905e+03     0.0000e+00  0.0000e+00     0.0000e+00  0.0000e+00     0.0000e+00  0.0000e+00     0.0000e+00  0.0000e+00 
1.3357e+03     0.0000e+00  0.0000e+00     0.0000e+00  0.0000e+00     0.0000e+00  0.0000e+00     0.0000e+00  0.0000e+00 
1.4987e+03     0.0000e+00  0.0000e+00     0.0000e+00  0.0000e+00     0.0000e+00  0.0000e+00     0.0000e+00  0.0000e+00 
1.6816e+03     0.0000e+00  0.0000e+00     0.0000e+00  0.0000e+00     0.0000e+00  0.0000e+00     0.0000e+00  0.0000e+00 
1.8868e+03     0.0000e+00  0.0000e+00     0.0000e+00  0.0000e+00     0.0000e+00  0.0000e+00     0.0000e+00  0.0000e+00 
2.1170e+03     0.0000e+00  0.0000e+00     0.0000e+00  0.0000e+00     0.0000e+00  0.0000e+00     0.0000e+00  0.0000e+00 
2.3753e+03     0.0000e+00  0.0000e+00     0.0000e+00  0.0000e+00     0.0000e+00  0.0000e+00     0.0000e+00  0.0000e+00 
2.6651e+03     0.0000e+00  0.0000e+00     0.0000e+00  0.0000e+00     0.0000e+00  0.0000e+00     0.0000e+00  0.0000e+00 
2.9903e+03     0.0000e+00  0.0000e+00     0.0000e+00  0.0000e+00     0.0000e+00  0.0000e+00     0.0000e+00  0.0000e+00 
3.3552e+03     0.0000e+00  0.0000e+00     0.0000e+00  0.0000e+00     0.0000e+00  0.0000e+00     0.0000e+00  0.0000e+00 
3.7646e+03     0.0000e+00  0.0000e+00     0.0000e+00  0.0000e+00     0.0000e+00  0.0000e+00     0.0000e+00  0.0000e+00 
4.2240e+03     0.0000e+00  0.0000e+00     0.0000e+00  0.0000e+00     0.0000e+00  0.0000e+00     0.0000e+00  0.0000e+00 
4.7394e+03     0.0000e+00  0.0000e+00     0.0000e+00  0.0000e+00     0.0000e+00  0.0000e+00     0.0000e+00  0.0000e+00 
5.3176e+03     0.0000e+00  0.0000e+00     0.0000e+00  0.0000e+00     0.0000e+00  0.0000e+00     0.0000e+00  0.0000e+00 
5.9665e+03     0.0000e+00  0.0000e+00     0.0000e+00  0.0000e+00     0.0000e+00  0.0000e+00     0.0000e+00  0.0000e+00 
6.6945e+03     0.0000e+00  0.0000e+00     0.0000e+00  0.0000e+00     0.0000e+00  0.0000e+00     0.0000e+00  0.0000e+00 
7.5114e+03     0.0000e+00  0.0000e+00     0.0000e+00  0.0000e+00     0.0000e+00  0.0000e+00     0.0000e+00  0.0000e+00 
8.4279e+03     0.0000e+00  0.0000e+00     0.0000e+00  0.0000e+00     0.0000e+00  0.0000e+00     0.0000e+00  0.0000e+00 
9.4563e+03     0.0000e+00  0.0000e+00     0.0000e+00  0.0000e+00     0.0000e+00  0.0000e+00     0.0000e+00  0.0000e+00 
