yF = 4.8264e-01 (std: 1.6454e-03) keV/um
yD = 3.4348e+00 (std: 6.6016e-01) keV/um
y (keV/um)     f(y)(std)                  yf(y)(std)                 d(y)(std)                  yd(y)(std)  
1.0610e-03     1.6485e-02  7.7717e-03     1.7491e-05  8.2458e-06     3.6240e-05  1.7085e-05     3.8451e-08  1.8128e-08 
1.1905e-03     7.3462e-03  5.4688e-03     8.7454e-06  6.5104e-06     1.8120e-05  1.3489e-05     2.1571e-08  1.6059e-08 
1.3357e-03     1.9642e-02  1.1243e-02     2.6236e-05  1.5017e-05     5.4360e-05  3.1116e-05     7.2610e-08  4.1562e-08 
1.4987e-03     0.0000e+00  0.0000e+00     0.0000e+00  0.0000e+00     0.0000e+00  0.0000e+00     0.0000e+00  0.0000e+00 
1.6816e-03     1.5602e-02  1.1409e-02     2.6236e-05  1.9186e-05     5.4360e-05  3.9753e-05     9.1411e-08  6.6847e-08 
1.8868e-03     9.2703e-03  5.1157e-03     1.7491e-05  9.6522e-06     3.6240e-05  1.9999e-05     6.8377e-08  3.7734e-08 
2.1170e-03     1.6524e-02  1.0432e-02     3.4982e-05  2.2084e-05     7.2480e-05  4.5758e-05     1.5344e-07  9.6870e-08 
2.3753e-03     3.3136e-02  1.1963e-02     7.8709e-05  2.8415e-05     1.6308e-04  5.8876e-05     3.8736e-07  1.3985e-07 
2.6651e-03     1.6407e-02  9.9005e-03     4.3727e-05  2.6386e-05     9.0600e-05  5.4671e-05     2.4146e-07  1.4571e-07 
2.9903e-03     5.8491e-03  3.6091e-03     1.7491e-05  1.0792e-05     3.6240e-05  2.2361e-05     1.0837e-07  6.6868e-08 
3.3552e-03     2.3459e-02  1.0698e-02     7.8709e-05  3.5894e-05     1.6308e-04  7.4372e-05     5.4717e-07  2.4953e-07 
3.7646e-03     1.8585e-02  7.6895e-03     6.9964e-05  2.8948e-05     1.4496e-04  5.9981e-05     5.4572e-07  2.2580e-07 
4.2240e-03     2.0704e-02  7.0733e-03     8.7454e-05  2.9878e-05     1.8120e-04  6.1907e-05     7.6538e-07  2.6149e-07 
4.7394e-03     2.3989e-02  7.4780e-03     1.1369e-04  3.5441e-05     2.3556e-04  7.3436e-05     1.1164e-06  3.4804e-07 
5.3176e-03     3.1248e-02  9.2416e-03     1.6616e-04  4.9144e-05     3.4428e-04  1.0183e-04     1.8308e-06  5.4149e-07 
5.9665e-03     2.7849e-02  2.0258e-02     1.6616e-04  1.2087e-04     3.4428e-04  2.5044e-04     2.0541e-06  1.4943e-06 
6.6945e-03     1.9595e-02  6.7102e-03     1.3118e-04  4.4922e-05     2.7180e-04  9.3080e-05     1.8196e-06  6.2312e-07 
7.5114e-03     2.4450e-02  6.4752e-03     1.8365e-04  4.8638e-05     3.8052e-04  1.0078e-04     2.8582e-06  7.5702e-07 
8.4279e-03     1.0377e-03  5.5939e-04     8.7454e-06  4.7145e-06     1.8120e-05  9.7683e-06     1.5271e-07  8.2326e-08 
9.4563e-03     2.7745e-03  3.8116e-03     2.6236e-05  3.6043e-05     5.4360e-05  7.4679e-05     5.1404e-07  7.0619e-07 
1.0610e-02     0.0000e+00  0.0000e+00     0.0000e+00  0.0000e+00     0.0000e+00  0.0000e+00     0.0000e+00  0.0000e+00 
1.1905e-02     8.2645e-01  5.7822e-02     9.8386e-03  6.8835e-04     2.0385e-02  1.4279e-03     2.4268e-04  1.6999e-05 
1.3357e-02     7.3592e-01  5.9526e-02     9.8299e-03  7.9510e-04     2.0367e-02  1.6489e-03     2.7205e-04  2.2024e-05 
1.4987e-02     5.2459e-01  4.3911e-02     7.8622e-03  6.5810e-04     1.6290e-02  1.3647e-03     2.4414e-04  2.0452e-05 
1.6816e-02     4.0826e-01  2.8357e-02     6.8652e-03  4.7685e-04     1.4224e-02  9.8920e-04     2.3919e-04  1.6634e-05 
1.8868e-02     3.3651e-01  2.5893e-02     6.3492e-03  4.8853e-04     1.3155e-02  1.0132e-03     2.4821e-04  1.9117e-05 
2.1170e-02     2.7678e-01  1.9723e-02     5.8594e-03  4.1754e-04     1.2140e-02  8.6610e-04     2.5701e-04  1.8335e-05 
2.3753e-02     3.4167e-01  1.5206e-02     8.1158e-03  3.6119e-04     1.6815e-02  7.5055e-04     3.9942e-04  1.7828e-05 
2.6651e-02     4.8860e-01  1.9961e-02     1.3022e-02  5.3199e-04     2.6981e-02  1.1061e-03     7.1907e-04  2.9478e-05 
2.9903e-02     4.9776e-01  2.9835e-02     1.4885e-02  8.9216e-04     3.0840e-02  1.8515e-03     9.2222e-04  5.5365e-05 
3.3552e-02     4.6683e-01  1.5417e-02     1.5663e-02  5.1728e-04     3.2453e-02  1.0775e-03     1.0889e-03  3.6151e-05 
3.7646e-02     4.7600e-01  1.7198e-02     1.7919e-02  6.4743e-04     3.7128e-02  1.3474e-03     1.3977e-03  5.0724e-05 
4.2240e-02     5.1968e-01  1.5085e-02     2.1951e-02  6.3717e-04     4.5481e-02  1.3293e-03     1.9211e-03  5.6147e-05 
4.7394e-02     5.3550e-01  1.2407e-02     2.5379e-02  5.8800e-04     5.2584e-02  1.2314e-03     2.4922e-03  5.8361e-05 
5.3176e-02     5.6163e-01  1.2808e-02     2.9866e-02  6.8109e-04     6.1880e-02  1.4268e-03     3.2905e-03  7.5875e-05 
5.9665e-02     6.2339e-01  2.0138e-02     3.7194e-02  1.2016e-03     7.7064e-02  2.5034e-03     4.5980e-03  1.4936e-04 
6.6945e-02     6.7800e-01  1.5349e-02     4.5389e-02  1.0275e-03     9.4043e-02  2.1529e-03     6.2957e-03  1.4413e-04 
7.5114e-02     6.9031e-01  7.8747e-03     5.1852e-02  5.9150e-04     1.0743e-01  1.2791e-03     8.0697e-03  9.6078e-05 
8.4279e-02     7.5346e-01  6.9485e-03     6.3501e-02  5.8561e-04     1.3157e-01  1.2936e-03     1.1089e-02  1.0902e-04 
9.4563e-02     8.2809e-01  1.0544e-02     7.8307e-02  9.9707e-04     1.6225e-01  2.1386e-03     1.5342e-02  2.0223e-04 
1.0610e-01     8.8121e-01  1.0182e-02     9.3498e-02  1.0803e-03     1.9372e-01  2.3336e-03     2.0554e-02  2.4760e-04 
1.1905e-01     9.6926e-01  1.4295e-02     1.1539e-01  1.7018e-03     2.3908e-01  3.6190e-03     2.8461e-02  4.3083e-04 
1.3357e-01     1.0658e+00  1.5409e-02     1.4236e-01  2.0582e-03     2.9496e-01  4.3814e-03     3.9398e-02  5.8524e-04 
1.4987e-01     1.1741e+00  1.7531e-02     1.7597e-01  2.6274e-03     3.6459e-01  5.5840e-03     5.4642e-02  8.3688e-04 
1.6816e-01     1.2986e+00  1.9670e-02     2.1836e-01  3.3076e-03     4.5244e-01  7.0247e-03     7.6081e-02  1.1813e-03 
1.8868e-01     1.4368e+00  1.2448e-02     2.7109e-01  2.3486e-03     5.6168e-01  5.2293e-03     1.0598e-01  9.8664e-04 
2.1170e-01     1.6048e+00  1.2336e-02     3.3973e-01  2.6115e-03     7.0391e-01  5.9192e-03     1.4902e-01  1.2531e-03 
2.3753e-01     1.7395e+00  7.4730e-03     4.1318e-01  1.7751e-03     8.5608e-01  4.6951e-03     2.0334e-01  1.1152e-03 
2.6651e-01     1.8979e+00  1.2432e-02     5.0583e-01  3.3134e-03     1.0480e+00  7.7392e-03     2.7932e-01  2.0626e-03 
2.9903e-01     1.9848e+00  8.7414e-03     5.9353e-01  2.6140e-03     1.2297e+00  6.8490e-03     3.6774e-01  2.0481e-03 
3.3552e-01     1.9973e+00  9.5120e-03     6.7012e-01  3.1915e-03     1.3884e+00  8.1320e-03     4.6585e-01  2.7285e-03 
3.7646e-01     1.9072e+00  1.2493e-02     7.1798e-01  4.7032e-03     1.4876e+00  1.0985e-02     5.6003e-01  4.1356e-03 
4.2240e-01     1.7122e+00  1.2542e-02     7.2322e-01  5.2976e-03     1.4985e+00  1.2107e-02     6.3295e-01  5.1139e-03 
4.7394e-01     1.4250e+00  6.5919e-03     6.7535e-01  3.1241e-03     1.3993e+00  8.0408e-03     6.6317e-01  3.8108e-03 
5.3176e-01     1.1039e+00  1.3439e-02     5.8701e-01  7.1464e-03     1.2163e+00  1.5376e-02     6.4676e-01  8.1767e-03 
5.9665e-01     7.8330e-01  3.4481e-03     4.6736e-01  2.0573e-03     9.6833e-01  5.3914e-03     5.7775e-01  3.2168e-03 
6.6945e-01     5.2842e-01  2.2939e-03     3.5375e-01  1.5357e-03     7.3295e-01  4.0457e-03     4.9068e-01  2.7084e-03 
7.5114e-01     3.4591e-01  4.1226e-03     2.5983e-01  3.0967e-03     5.3835e-01  6.6734e-03     4.0437e-01  5.0126e-03 
8.4279e-01     2.2509e-01  1.5421e-03     1.8971e-01  1.2997e-03     3.9306e-01  3.0078e-03     3.3127e-01  2.5349e-03 
9.4563e-01     1.5078e-01  1.7900e-03     1.4259e-01  1.6927e-03     2.9543e-01  3.6489e-03     2.7936e-01  3.4505e-03 
1.0610e+00     1.0146e-01  1.7758e-03     1.0765e-01  1.8841e-03     2.2304e-01  3.9771e-03     2.3665e-01  4.2197e-03 
1.1905e+00     7.1956e-02  5.8625e-04     8.5662e-02  6.9791e-04     1.7749e-01  1.5675e-03     2.1129e-01  1.8661e-03 
1.3357e+00     5.1436e-02  1.1810e-03     6.8704e-02  1.5775e-03     1.4235e-01  3.3043e-03     1.9014e-01  4.4137e-03 
1.4987e+00     3.7533e-02  8.7940e-04     5.6251e-02  1.3180e-03     1.1655e-01  2.7595e-03     1.7467e-01  4.1357e-03 
1.6816e+00     2.7975e-02  6.6199e-04     4.7042e-02  1.1132e-03     9.7467e-02  2.3303e-03     1.6390e-01  3.9186e-03 
1.8868e+00     2.0812e-02  5.5199e-04     3.9267e-02  1.0415e-03     8.1359e-02  2.1756e-03     1.5351e-01  4.1049e-03 
2.1170e+00     1.5979e-02  8.9234e-04     3.3827e-02  1.8891e-03     7.0088e-02  3.9213e-03     1.4838e-01  8.3014e-03 
2.3753e+00     1.1300e-02  2.8695e-04     2.6840e-02  6.8159e-04     5.5610e-02  1.4249e-03     1.3209e-01  3.3845e-03 
2.6651e+00     8.8664e-03  4.6855e-04     2.3630e-02  1.2488e-03     4.8960e-02  2.5927e-03     1.3049e-01  6.9099e-03 
2.9903e+00     6.6359e-03  4.5401e-04     1.9843e-02  1.3576e-03     4.1114e-02  2.8164e-03     1.2295e-01  8.4220e-03 
3.3552e+00     4.8117e-03  2.0140e-04     1.6144e-02  6.7574e-04     3.3450e-02  1.4047e-03     1.1223e-01  4.7131e-03 
3.7646e+00     3.4149e-03  3.2854e-04     1.2856e-02  1.2368e-03     2.6636e-02  2.5643e-03     1.0028e-01  9.6534e-03 
4.2240e+00     2.3396e-03  1.0839e-04     9.8824e-03  4.5782e-04     2.0476e-02  9.5114e-04     8.6488e-02  4.0176e-03 
4.7394e+00     1.5279e-03  1.3548e-04     7.2412e-03  6.4207e-04     1.5003e-02  1.3313e-03     7.1106e-02  6.3096e-03 
5.3176e+00     1.0542e-03  1.0438e-04     5.6058e-03  5.5503e-04     1.1615e-02  1.1507e-03     6.1764e-02  6.1189e-03 
5.9665e+00     6.2881e-04  6.0513e-05     3.7518e-03  3.6105e-04     7.7735e-03  7.4854e-04     4.6380e-02  4.4662e-03 
6.6945e+00     3.4357e-04  4.0658e-05     2.3001e-03  2.7219e-04     4.7656e-03  5.6419e-04     3.1903e-02  3.7770e-03 
7.5114e+00     1.4437e-04  3.4442e-05     1.0844e-03  2.5871e-04     2.2469e-03  5.3608e-04     1.6877e-02  4.0267e-03 
8.4279e+00     7.3675e-05  3.3319e-05     6.2093e-04  2.8081e-04     1.2865e-03  5.8183e-04     1.0843e-02  4.9036e-03 
9.4563e+00     1.8497e-05  8.3831e-06     1.7491e-04  7.9273e-05     3.6240e-04  1.6425e-04     3.4269e-03  1.5532e-03 
1.0610e+01     1.1540e-05  3.2143e-06     1.2244e-04  3.4104e-05     2.5368e-04  7.0666e-05     2.6916e-03  7.4978e-04 
1.1905e+01     5.8770e-06  1.9927e-06     6.9964e-05  2.3723e-05     1.4496e-04  4.9155e-05     1.7257e-03  5.8518e-04 
1.3357e+01     6.5473e-07  4.3269e-07     8.7454e-06  5.7796e-06     1.8120e-05  1.1975e-05     2.4203e-04  1.5995e-04 
1.4987e+01     0.0000e+00  0.0000e+00     0.0000e+00  0.0000e+00     0.0000e+00  0.0000e+00     0.0000e+00  0.0000e+00 
1.6816e+01     5.2007e-07  2.6533e-07     8.7454e-06  4.4617e-06     1.8120e-05  9.2446e-06     3.0470e-04  1.5546e-04 
1.8868e+01     0.0000e+00  0.0000e+00     0.0000e+00  0.0000e+00     0.0000e+00  0.0000e+00     0.0000e+00  0.0000e+00 
2.1170e+01     4.1311e-07  3.5202e-07     8.7454e-06  7.4522e-06     1.8120e-05  1.5441e-05     3.8360e-04  3.2688e-04 
2.3753e+01     0.0000e+00  0.0000e+00     0.0000e+00  0.0000e+00     0.0000e+00  0.0000e+00     0.0000e+00  0.0000e+00 
2.6651e+01     0.0000e+00  0.0000e+00     0.0000e+00  0.0000e+00     0.0000e+00  0.0000e+00     0.0000e+00  0.0000e+00 
2.9903e+01     2.9246e-07  2.9248e-08     8.7454e-06  8.7462e-07     1.8120e-05  1.8132e-06     5.4185e-04  5.4221e-05 
3.3552e+01     0.0000e+00  0.0000e+00     0.0000e+00  0.0000e+00     0.0000e+00  0.0000e+00     0.0000e+00  0.0000e+00 
3.7646e+01     0.0000e+00  0.0000e+00     0.0000e+00  0.0000e+00     0.0000e+00  0.0000e+00     0.0000e+00  0.0000e+00 
4.2240e+01     2.0704e-07  1.2992e-07     8.7454e-06  5.4879e-06     1.8120e-05  1.1371e-05     7.6538e-04  4.8030e-04 
4.7394e+01     0.0000e+00  0.0000e+00     0.0000e+00  0.0000e+00     0.0000e+00  0.0000e+00     0.0000e+00  0.0000e+00 
5.3176e+01     0.0000e+00  0.0000e+00     0.0000e+00  0.0000e+00     0.0000e+00  0.0000e+00     0.0000e+00  0.0000e+00 
5.9665e+01     0.0000e+00  0.0000e+00     0.0000e+00  0.0000e+00     0.0000e+00  0.0000e+00     0.0000e+00  0.0000e+00 
6.6945e+01     0.0000e+00  0.0000e+00     0.0000e+00  0.0000e+00     0.0000e+00  0.0000e+00     0.0000e+00  0.0000e+00 
7.5114e+01     0.0000e+00  0.0000e+00     0.0000e+00  0.0000e+00     0.0000e+00  0.0000e+00     0.0000e+00  0.0000e+00 
8.4279e+01     1.0377e-07  2.4653e-07     8.7454e-06  2.0778e-05     1.8120e-05  4.3050e-05     1.5271e-03  3.6282e-03 
9.4563e+01     0.0000e+00  0.0000e+00     0.0000e+00  0.0000e+00     0.0000e+00  0.0000e+00     0.0000e+00  0.0000e+00 
1.0610e+02     0.0000e+00  0.0000e+00     0.0000e+00  0.0000e+00     0.0000e+00  0.0000e+00     0.0000e+00  0.0000e+00 
1.1905e+02     0.0000e+00  0.0000e+00     0.0000e+00  0.0000e+00     0.0000e+00  0.0000e+00     0.0000e+00  0.0000e+00 
1.3357e+02     0.0000e+00  0.0000e+00     0.0000e+00  0.0000e+00     0.0000e+00  0.0000e+00     0.0000e+00  0.0000e+00 
1.4987e+02     0.0000e+00  0.0000e+00     0.0000e+00  0.0000e+00     0.0000e+00  0.0000e+00     0.0000e+00  0.0000e+00 
1.6816e+02     5.2007e-08  2.3258e-08     8.7454e-06  3.9111e-06     1.8120e-05  8.1037e-06     3.0470e-03  1.3627e-03 
1.8868e+02     0.0000e+00  0.0000e+00     0.0000e+00  0.0000e+00     0.0000e+00  0.0000e+00     0.0000e+00  0.0000e+00 
2.1170e+02     0.0000e+00  0.0000e+00     0.0000e+00  0.0000e+00     0.0000e+00  0.0000e+00     0.0000e+00  0.0000e+00 
2.3753e+02     7.3636e-08  5.0042e-08     1.7491e-05  1.1887e-05     3.6240e-05  2.4628e-05     8.6081e-03  5.8500e-03 
2.6651e+02     0.0000e+00  0.0000e+00     0.0000e+00  0.0000e+00     0.0000e+00  0.0000e+00     0.0000e+00  0.0000e+00 
2.9903e+02     2.9246e-08  9.2473e-09     8.7454e-06  2.7652e-06     1.8120e-05  5.7297e-06     5.4185e-03  1.7134e-03 
3.3552e+02     0.0000e+00  0.0000e+00     0.0000e+00  0.0000e+00     0.0000e+00  0.0000e+00     0.0000e+00  0.0000e+00 
3.7646e+02     2.3231e-08  1.7094e-08     8.7454e-06  6.4352e-06     1.8120e-05  1.3333e-05     6.8215e-03  5.0195e-03 
4.2240e+02     0.0000e+00  0.0000e+00     0.0000e+00  0.0000e+00     0.0000e+00  0.0000e+00     0.0000e+00  0.0000e+00 
4.7394e+02     1.8453e-08  7.8282e-09     8.7454e-06  3.7101e-06     1.8120e-05  7.6873e-06     8.5877e-03  3.6433e-03 
5.3176e+02     0.0000e+00  0.0000e+00     0.0000e+00  0.0000e+00     0.0000e+00  0.0000e+00     0.0000e+00  0.0000e+00 
5.9665e+02     0.0000e+00  0.0000e+00     0.0000e+00  0.0000e+00     0.0000e+00  0.0000e+00     0.0000e+00  0.0000e+00 
6.6945e+02     0.0000e+00  0.0000e+00     0.0000e+00  0.0000e+00     0.0000e+00  0.0000e+00     0.0000e+00  0.0000e+00 
7.5114e+02     1.1643e-08  5.5849e-09     8.7454e-06  4.1950e-06     1.8120e-05  8.6920e-06     1.3611e-02  6.5289e-03 
8.4279e+02     0.0000e+00  0.0000e+00     0.0000e+00  0.0000e+00     0.0000e+00  0.0000e+00     0.0000e+00  0.0000e+00 
9.4563e+02     0.0000e+00  0.0000e+00     0.0000e+00  0.0000e+00     0.0000e+00  0.0000e+00     0.0000e+00  0.0000e+00 
1.0610e+03     0.0000e+00  0.0000e+00     0.0000e+00  0.0000e+00     0.0000e+00  0.0000e+00     0.0000e+00  0.0000e+00 
1.1905e+03     0.0000e+00  0.0000e+00     0.0000e+00  0.0000e+00     0.0000e+00  0.0000e+00     0.0000e+00  0.0000e+00 
1.3357e+03     0.0000e+00  0.0000e+00     0.0000e+00  0.0000e+00     0.0000e+00  0.0000e+00     0.0000e+00  0.0000e+00 
1.4987e+03     0.0000e+00  0.0000e+00     0.0000e+00  0.0000e+00     0.0000e+00  0.0000e+00     0.0000e+00  0.0000e+00 
1.6816e+03     0.0000e+00  0.0000e+00     0.0000e+00  0.0000e+00     0.0000e+00  0.0000e+00     0.0000e+00  0.0000e+00 
1.8868e+03     0.0000e+00  0.0000e+00     0.0000e+00  0.0000e+00     0.0000e+00  0.0000e+00     0.0000e+00  0.0000e+00 
2.1170e+03     0.0000e+00  0.0000e+00     0.0000e+00  0.0000e+00     0.0000e+00  0.0000e+00     0.0000e+00  0.0000e+00 
2.3753e+03     0.0000e+00  0.0000e+00     0.0000e+00  0.0000e+00     0.0000e+00  0.0000e+00     0.0000e+00  0.0000e+00 
2.6651e+03     0.0000e+00  0.0000e+00     0.0000e+00  0.0000e+00     0.0000e+00  0.0000e+00     0.0000e+00  0.0000e+00 
2.9903e+03     0.0000e+00  0.0000e+00     0.0000e+00  0.0000e+00     0.0000e+00  0.0000e+00     0.0000e+00  0.0000e+00 
3.3552e+03     0.0000e+00  0.0000e+00     0.0000e+00  0.0000e+00     0.0000e+00  0.0000e+00     0.0000e+00  0.0000e+00 
3.7646e+03     0.0000e+00  0.0000e+00     0.0000e+00  0.0000e+00     0.0000e+00  0.0000e+00     0.0000e+00  0.0000e+00 
4.2240e+03     0.0000e+00  0.0000e+00     0.0000e+00  0.0000e+00     0.0000e+00  0.0000e+00     0.0000e+00  0.0000e+00 
4.7394e+03     0.0000e+00  0.0000e+00     0.0000e+00  0.0000e+00     0.0000e+00  0.0000e+00     0.0000e+00  0.0000e+00 
5.3176e+03     0.0000e+00  0.0000e+00     0.0000e+00  0.0000e+00     0.0000e+00  0.0000e+00     0.0000e+00  0.0000e+00 
5.9665e+03     0.0000e+00  0.0000e+00     0.0000e+00  0.0000e+00     0.0000e+00  0.0000e+00     0.0000e+00  0.0000e+00 
6.6945e+03     0.0000e+00  0.0000e+00     0.0000e+00  0.0000e+00     0.0000e+00  0.0000e+00     0.0000e+00  0.0000e+00 
7.5114e+03     0.0000e+00  0.0000e+00     0.0000e+00  0.0000e+00     0.0000e+00  0.0000e+00     0.0000e+00  0.0000e+00 
8.4279e+03     0.0000e+00  0.0000e+00     0.0000e+00  0.0000e+00     0.0000e+00  0.0000e+00     0.0000e+00  0.0000e+00 
9.4563e+03     0.0000e+00  0.0000e+00     0.0000e+00  0.0000e+00     0.0000e+00  0.0000e+00     0.0000e+00  0.0000e+00 
