yF = 5.4097e-01 (std: 1.7101e-03) keV/um
yD = 2.1887e+00 (std: 5.2106e-01) keV/um
y (keV/um)     f(y)(std)                  yf(y)(std)                 d(y)(std)                  yd(y)(std)  
1.0610e-03     8.2345e-03  3.0805e-03     8.7369e-06  3.2685e-06     1.6150e-05  6.0421e-06     1.7136e-08  6.4108e-09 
1.1905e-03     7.3390e-03  3.8867e-03     8.7369e-06  4.6270e-06     1.6150e-05  8.5532e-06     1.9227e-08  1.0182e-08 
1.3357e-03     6.5409e-03  2.9251e-03     8.7369e-06  3.9071e-06     1.6150e-05  7.2227e-06     2.1573e-08  9.6475e-09 
1.4987e-03     5.8296e-03  1.0097e-03     8.7369e-06  1.5133e-06     1.6150e-05  2.7978e-06     2.4205e-08  4.1932e-09 
1.6816e-03     0.0000e+00  0.0000e+00     0.0000e+00  0.0000e+00     0.0000e+00  0.0000e+00     0.0000e+00  0.0000e+00 
1.8868e-03     9.2612e-03  4.2254e-03     1.7474e-05  7.9724e-06     3.2301e-05  1.4738e-05     6.0945e-08  2.7806e-08 
2.1170e-03     2.0635e-02  8.5648e-03     4.3685e-05  1.8132e-05     8.0752e-05  3.3518e-05     1.7095e-07  7.0957e-08 
2.3753e-03     1.1035e-02  8.5415e-03     2.6211e-05  2.0289e-05     4.8451e-05  3.7504e-05     1.1509e-07  8.9085e-08 
2.6651e-03     1.9669e-02  6.5954e-03     5.2422e-05  1.7578e-05     9.6903e-05  3.2494e-05     2.5826e-07  8.6602e-08 
2.9903e-03     5.8434e-03  2.9388e-03     1.7474e-05  8.7879e-06     3.2301e-05  1.6245e-05     9.6591e-08  4.8578e-08 
3.3552e-03     2.0832e-02  7.8309e-03     6.9895e-05  2.6274e-05     1.2920e-04  4.8571e-05     4.3351e-07  1.6297e-07 
3.7646e-03     2.3208e-02  1.7260e-02     8.7369e-05  6.4979e-05     1.6150e-04  1.2012e-04     6.0800e-07  4.5219e-07 
4.2240e-03     1.4479e-02  1.4350e-02     6.1158e-05  6.0613e-05     1.1305e-04  1.1205e-04     4.7753e-07  4.7328e-07 
4.7394e-03     2.0278e-02  2.0207e-02     9.6106e-05  9.5770e-05     1.7766e-04  1.7704e-04     8.4197e-07  8.3903e-07 
5.3176e-03     2.1359e-02  6.4519e-03     1.1358e-04  3.4309e-05     2.0996e-04  6.3425e-05     1.1165e-06  3.3727e-07 
5.9665e-03     2.0501e-02  6.5549e-03     1.2232e-04  3.9110e-05     2.2611e-04  7.2299e-05     1.3491e-06  4.3137e-07 
6.6945e-03     3.0017e-02  2.6582e-02     2.0095e-04  1.7795e-04     3.7146e-04  3.2895e-04     2.4868e-06  2.2022e-06 
7.5114e-03     1.5121e-02  6.6769e-03     1.1358e-04  5.0152e-05     2.0996e-04  9.2711e-05     1.5771e-06  6.9638e-07 
8.4279e-03     2.0733e-03  1.3693e-02     1.7474e-05  1.1540e-04     3.2301e-05  2.1333e-04     2.7223e-07  1.7979e-06 
9.4563e-03     9.2393e-04  7.8728e-04     8.7369e-06  7.4448e-06     1.6150e-05  1.3762e-05     1.5272e-07  1.3014e-07 
1.0610e-02     0.0000e+00  0.0000e+00     0.0000e+00  0.0000e+00     0.0000e+00  0.0000e+00     0.0000e+00  0.0000e+00 
1.1905e-02     6.8106e-01  2.5249e-02     8.1079e-03  3.0058e-04     1.4988e-02  5.5765e-04     1.7842e-04  6.6387e-06 
1.3357e-02     5.6906e-01  2.9360e-02     7.6011e-03  3.9218e-04     1.4051e-02  7.2631e-04     1.8768e-04  9.7016e-06 
1.4987e-02     4.3664e-01  4.4032e-02     6.5440e-03  6.5991e-04     1.2097e-02  1.2205e-03     1.8130e-04  1.8291e-05 
1.6816e-02     3.3928e-01  2.5788e-02     5.7052e-03  4.3365e-04     1.0546e-02  8.0231e-04     1.7734e-04  1.3492e-05 
1.8868e-02     2.9173e-01  2.5210e-02     5.5043e-03  4.7566e-04     1.0175e-02  8.7987e-04     1.9198e-04  1.6601e-05 
2.1170e-02     2.1997e-01  1.6023e-02     4.6568e-03  3.3921e-04     8.6082e-03  6.2763e-04     1.8224e-04  1.3287e-05 
2.3753e-02     2.8764e-01  2.2545e-02     6.8323e-03  5.3552e-04     1.2630e-02  9.9072e-04     2.9999e-04  2.3533e-05 
2.6651e-02     3.7437e-01  2.1206e-02     9.9776e-03  5.6517e-04     1.8444e-02  1.0464e-03     4.9155e-04  2.7887e-05 
2.9903e-02     3.7953e-01  1.2435e-02     1.1349e-02  3.7186e-04     2.0979e-02  6.9058e-04     6.2736e-04  2.0651e-05 
3.3552e-02     3.5544e-01  1.7072e-02     1.1926e-02  5.7281e-04     2.2045e-02  1.0612e-03     7.3967e-04  3.5604e-05 
3.7646e-02     3.6970e-01  1.2548e-02     1.3918e-02  4.7238e-04     2.5728e-02  8.7698e-04     9.6855e-04  3.3015e-05 
4.2240e-02     4.0603e-01  1.8891e-02     1.7151e-02  7.9795e-04     3.1703e-02  1.4784e-03     1.3391e-03  6.2448e-05 
4.7394e-02     4.2806e-01  3.4425e-02     2.0287e-02  1.6315e-03     3.7501e-02  3.0183e-03     1.7773e-03  1.4305e-04 
5.3176e-02     4.5248e-01  1.3786e-02     2.4061e-02  7.3310e-04     4.4478e-02  1.3624e-03     2.3652e-03  7.2449e-05 
5.9665e-02     4.8499e-01  1.1005e-02     2.8937e-02  6.5662e-04     5.3490e-02  1.2255e-03     3.1915e-03  7.3120e-05 
6.6945e-02     5.2595e-01  1.3677e-02     3.5210e-02  9.1560e-04     6.5086e-02  1.7050e-03     4.3572e-03  1.1414e-04 
7.5114e-02     5.5680e-01  9.9240e-03     4.1824e-02  7.4543e-04     7.7312e-02  1.3995e-03     5.8072e-03  1.0512e-04 
8.4279e-02     5.9598e-01  1.8886e-02     5.0229e-02  1.5917e-03     9.2849e-02  2.9569e-03     7.8252e-03  2.4921e-04 
9.4563e-02     6.5266e-01  1.1106e-02     6.1718e-02  1.0503e-03     1.1409e-01  1.9746e-03     1.0788e-02  1.8673e-04 
1.0610e-01     6.8207e-01  1.7058e-02     7.2368e-02  1.8098e-03     1.3377e-01  3.3722e-03     1.4194e-02  3.5779e-04 
1.1905e-01     7.6568e-01  9.4773e-03     9.1152e-02  1.1282e-03     1.6850e-01  2.1525e-03     2.0059e-02  2.5625e-04 
1.3357e-01     8.2756e-01  1.8437e-02     1.1054e-01  2.4627e-03     2.0434e-01  4.5979e-03     2.7294e-02  6.1416e-04 
1.4987e-01     9.1257e-01  1.3945e-02     1.3677e-01  2.0900e-03     2.5282e-01  3.9452e-03     3.7890e-02  5.9127e-04 
1.6816e-01     1.0138e+00  1.2258e-02     1.7047e-01  2.0613e-03     3.1513e-01  3.9384e-03     5.2992e-02  6.6228e-04 
1.8868e-01     1.1063e+00  7.7591e-03     2.0874e-01  1.4640e-03     3.8587e-01  2.9684e-03     7.2804e-02  5.6007e-04 
2.1170e-01     1.2503e+00  1.6124e-02     2.6469e-01  3.4135e-03     4.8928e-01  6.4967e-03     1.0358e-01  1.3754e-03 
2.3753e-01     1.3869e+00  2.7123e-02     3.2943e-01  6.4425e-03     6.0897e-01  1.2064e-02     1.4465e-01  2.8655e-03 
2.6651e-01     1.5339e+00  1.5255e-02     4.0882e-01  4.0656e-03     7.5571e-01  7.8860e-03     2.0141e-01  2.1017e-03 
2.9903e-01     1.6646e+00  2.2743e-02     4.9776e-01  6.8010e-03     9.2013e-01  1.2904e-02     2.7515e-01  3.8587e-03 
3.3552e-01     1.7582e+00  6.2251e-03     5.8993e-01  2.0886e-03     1.0905e+00  5.1759e-03     3.6588e-01  1.7366e-03 
3.7646e-01     1.7943e+00  6.5827e-03     6.7548e-01  2.4781e-03     1.2486e+00  6.0469e-03     4.7006e-01  2.2764e-03 
4.2240e-01     1.7307e+00  1.2006e-02     7.3105e-01  5.0711e-03     1.3514e+00  1.0302e-02     5.7082e-01  4.3513e-03 
4.7394e-01     1.5671e+00  1.2506e-02     7.4271e-01  5.9271e-03     1.3729e+00  1.1785e-02     6.5068e-01  5.5852e-03 
5.3176e-01     1.2980e+00  4.7822e-03     6.9022e-01  2.5430e-03     1.2759e+00  6.1940e-03     6.7847e-01  3.2937e-03 
5.9665e-01     9.9910e-01  4.8616e-03     5.9611e-01  2.9007e-03     1.1019e+00  6.3942e-03     6.5747e-01  3.8151e-03 
6.6945e-01     7.0484e-01  3.5866e-03     4.7185e-01  2.4011e-03     8.7224e-01  5.2252e-03     5.8392e-01  3.4980e-03 
7.5114e-01     4.7909e-01  2.2128e-03     3.5987e-01  1.6622e-03     6.6522e-01  3.7233e-03     4.9967e-01  2.7967e-03 
8.4279e-01     3.1167e-01  3.2645e-03     2.6268e-01  2.7513e-03     4.8556e-01  5.3124e-03     4.0923e-01  4.4772e-03 
9.4563e-01     2.0296e-01  1.1794e-03     1.9192e-01  1.1153e-03     3.5478e-01  2.3469e-03     3.3549e-01  2.2193e-03 
1.0610e+00     1.3656e-01  1.7843e-03     1.4489e-01  1.8932e-03     2.6784e-01  3.6006e-03     2.8418e-01  3.8203e-03 
1.1905e+00     9.5951e-02  1.9630e-03     1.1423e-01  2.3368e-03     2.1115e-01  4.3710e-03     2.5137e-01  5.2035e-03 
1.3357e+00     6.5220e-02  5.0763e-04     8.7116e-02  6.7806e-04     1.6104e-01  1.3529e-03     2.1510e-01  1.8071e-03 
1.4987e+00     4.7389e-02  7.0931e-04     7.1022e-02  1.0630e-03     1.3129e-01  2.0084e-03     1.9676e-01  3.0101e-03 
1.6816e+00     3.4530e-02  1.0879e-03     5.8066e-02  1.8294e-03     1.0734e-01  3.3988e-03     1.8050e-01  5.7153e-03 
1.8868e+00     2.5691e-02  3.2598e-04     4.8472e-02  6.1504e-04     8.9603e-02  1.1717e-03     1.6906e-01  2.2107e-03 
2.1170e+00     1.8989e-02  3.5050e-04     4.0199e-02  7.4200e-04     7.4308e-02  1.3916e-03     1.5731e-01  2.9460e-03 
2.3753e+00     1.4143e-02  3.7404e-04     3.3593e-02  8.8847e-04     6.2099e-02  1.6541e-03     1.4750e-01  3.9289e-03 
2.6651e+00     1.0717e-02  3.5600e-04     2.8561e-02  9.4879e-04     5.2796e-02  1.7618e-03     1.4071e-01  4.6954e-03 
2.9903e+00     7.7922e-03  3.2794e-04     2.3301e-02  9.8066e-04     4.3073e-02  1.8179e-03     1.2880e-01  5.4361e-03 
3.3552e+00     5.5777e-03  1.9112e-04     1.8714e-02  6.4126e-04     3.4594e-02  1.1904e-03     1.1607e-01  3.9941e-03 
3.7646e+00     4.0869e-03  1.4508e-04     1.5386e-02  5.4617e-04     2.8441e-02  1.0136e-03     1.0707e-01  3.8158e-03 
4.2240e+00     2.7179e-03  1.9380e-04     1.1480e-02  8.1861e-04     2.1222e-02  1.5147e-03     8.9640e-02  6.3981e-03 
4.7394e+00     1.8582e-03  1.5302e-04     8.8068e-03  7.2520e-04     1.6280e-02  1.3415e-03     7.7155e-02  6.3580e-03 
5.3176e+00     1.2355e-03  8.7492e-05     6.5702e-03  4.6525e-04     1.2145e-02  8.6089e-04     6.4584e-02  4.5779e-03 
5.9665e+00     7.0581e-04  7.1053e-05     4.2112e-03  4.2394e-04     7.7845e-03  7.8405e-04     4.6446e-02  4.6780e-03 
6.6945e+00     4.2415e-04  4.0954e-05     2.8395e-03  2.7416e-04     5.2489e-03  5.0707e-04     3.5139e-02  3.3946e-03 
7.5114e+00     2.0937e-04  1.6027e-05     1.5726e-03  1.2039e-04     2.9071e-03  2.2273e-04     2.1836e-02  1.6730e-03 
8.4279e+00     8.5007e-05  1.9691e-05     7.1643e-04  1.6596e-04     1.3243e-03  3.0680e-04     1.1161e-02  2.5857e-03 
9.4563e+00     3.2338e-05  6.8710e-06     3.0579e-04  6.4974e-05     5.6527e-04  1.2012e-04     5.3453e-03  1.1359e-03 
1.0610e+01     9.8814e-06  4.4908e-06     1.0484e-04  4.7648e-05     1.9381e-04  8.8082e-05     2.0563e-03  9.3455e-04 
1.1905e+01     2.9356e-06  1.8165e-06     3.4948e-05  2.1625e-05     6.4602e-05  3.9976e-05     7.6907e-04  4.7590e-04 
1.3357e+01     6.5409e-07  1.3082e-06     8.7369e-06  1.7474e-05     1.6150e-05  3.2301e-05     2.1573e-04  4.3145e-04 
1.4987e+01     0.0000e+00  0.0000e+00     0.0000e+00  0.0000e+00     0.0000e+00  0.0000e+00     0.0000e+00  0.0000e+00 
1.6816e+01     0.0000e+00  0.0000e+00     0.0000e+00  0.0000e+00     0.0000e+00  0.0000e+00     0.0000e+00  0.0000e+00 
1.8868e+01     4.6306e-07  2.7873e-07     8.7369e-06  5.2590e-06     1.6150e-05  9.7217e-06     3.0472e-04  1.8343e-04 
2.1170e+01     0.0000e+00  0.0000e+00     0.0000e+00  0.0000e+00     0.0000e+00  0.0000e+00     0.0000e+00  0.0000e+00 
2.3753e+01     0.0000e+00  0.0000e+00     0.0000e+00  0.0000e+00     0.0000e+00  0.0000e+00     0.0000e+00  0.0000e+00 
2.6651e+01     0.0000e+00  0.0000e+00     0.0000e+00  0.0000e+00     0.0000e+00  0.0000e+00     0.0000e+00  0.0000e+00 
2.9903e+01     0.0000e+00  0.0000e+00     0.0000e+00  0.0000e+00     0.0000e+00  0.0000e+00     0.0000e+00  0.0000e+00 
3.3552e+01     0.0000e+00  0.0000e+00     0.0000e+00  0.0000e+00     0.0000e+00  0.0000e+00     0.0000e+00  0.0000e+00 
3.7646e+01     0.0000e+00  0.0000e+00     0.0000e+00  0.0000e+00     0.0000e+00  0.0000e+00     0.0000e+00  0.0000e+00 
4.2240e+01     0.0000e+00  0.0000e+00     0.0000e+00  0.0000e+00     0.0000e+00  0.0000e+00     0.0000e+00  0.0000e+00 
4.7394e+01     0.0000e+00  0.0000e+00     0.0000e+00  0.0000e+00     0.0000e+00  0.0000e+00     0.0000e+00  0.0000e+00 
5.3176e+01     1.6430e-07  7.8809e-08     8.7369e-06  4.1908e-06     1.6150e-05  7.7470e-06     8.5883e-04  4.1196e-04 
5.9665e+01     0.0000e+00  0.0000e+00     0.0000e+00  0.0000e+00     0.0000e+00  0.0000e+00     0.0000e+00  0.0000e+00 
6.6945e+01     0.0000e+00  0.0000e+00     0.0000e+00  0.0000e+00     0.0000e+00  0.0000e+00     0.0000e+00  0.0000e+00 
7.5114e+01     2.3263e-07  1.2645e-06     1.7474e-05  9.4978e-05     3.2301e-05  1.7557e-04     2.4262e-03  1.3188e-02 
8.4279e+01     0.0000e+00  0.0000e+00     0.0000e+00  0.0000e+00     0.0000e+00  0.0000e+00     0.0000e+00  0.0000e+00 
9.4563e+01     1.8479e-07  1.7960e-07     1.7474e-05  1.6984e-05     3.2301e-05  3.1395e-05     3.0545e-03  2.9688e-03 
1.0610e+02     0.0000e+00  0.0000e+00     0.0000e+00  0.0000e+00     0.0000e+00  0.0000e+00     0.0000e+00  0.0000e+00 
1.1905e+02     7.3390e-08  4.8500e-08     8.7369e-06  5.7737e-06     1.6150e-05  1.0673e-05     1.9227e-03  1.2706e-03 
1.3357e+02     0.0000e+00  0.0000e+00     0.0000e+00  0.0000e+00     0.0000e+00  0.0000e+00     0.0000e+00  0.0000e+00 
1.4987e+02     0.0000e+00  0.0000e+00     0.0000e+00  0.0000e+00     0.0000e+00  0.0000e+00     0.0000e+00  0.0000e+00 
1.6816e+02     5.1956e-08  2.9908e-08     8.7369e-06  5.0293e-06     1.6150e-05  9.2971e-06     2.7158e-03  1.5634e-03 
1.8868e+02     4.6306e-08  2.9446e-08     8.7369e-06  5.5558e-06     1.6150e-05  1.0270e-05     3.0472e-03  1.9377e-03 
2.1170e+02     0.0000e+00  0.0000e+00     0.0000e+00  0.0000e+00     0.0000e+00  0.0000e+00     0.0000e+00  0.0000e+00 
2.3753e+02     0.0000e+00  0.0000e+00     0.0000e+00  0.0000e+00     0.0000e+00  0.0000e+00     0.0000e+00  0.0000e+00 
2.6651e+02     3.2782e-08  2.6524e-08     8.7369e-06  7.0690e-06     1.6150e-05  1.3067e-05     4.3043e-03  3.4826e-03 
2.9903e+02     0.0000e+00  0.0000e+00     0.0000e+00  0.0000e+00     0.0000e+00  0.0000e+00     0.0000e+00  0.0000e+00 
3.3552e+02     0.0000e+00  0.0000e+00     0.0000e+00  0.0000e+00     0.0000e+00  0.0000e+00     0.0000e+00  0.0000e+00 
3.7646e+02     2.3208e-08  2.2032e-08     8.7369e-06  8.2941e-06     1.6150e-05  1.5332e-05     6.0800e-03  5.7719e-03 
4.2240e+02     0.0000e+00  0.0000e+00     0.0000e+00  0.0000e+00     0.0000e+00  0.0000e+00     0.0000e+00  0.0000e+00 
4.7394e+02     0.0000e+00  0.0000e+00     0.0000e+00  0.0000e+00     0.0000e+00  0.0000e+00     0.0000e+00  0.0000e+00 
5.3176e+02     1.6430e-08  1.3293e-08     8.7369e-06  7.0690e-06     1.6150e-05  1.3067e-05     8.5883e-03  6.9488e-03 
5.9665e+02     0.0000e+00  0.0000e+00     0.0000e+00  0.0000e+00     0.0000e+00  0.0000e+00     0.0000e+00  0.0000e+00 
6.6945e+02     0.0000e+00  0.0000e+00     0.0000e+00  0.0000e+00     0.0000e+00  0.0000e+00     0.0000e+00  0.0000e+00 
7.5114e+02     0.0000e+00  0.0000e+00     0.0000e+00  0.0000e+00     0.0000e+00  0.0000e+00     0.0000e+00  0.0000e+00 
8.4279e+02     0.0000e+00  0.0000e+00     0.0000e+00  0.0000e+00     0.0000e+00  0.0000e+00     0.0000e+00  0.0000e+00 
9.4563e+02     0.0000e+00  0.0000e+00     0.0000e+00  0.0000e+00     0.0000e+00  0.0000e+00     0.0000e+00  0.0000e+00 
1.0610e+03     0.0000e+00  0.0000e+00     0.0000e+00  0.0000e+00     0.0000e+00  0.0000e+00     0.0000e+00  0.0000e+00 
1.1905e+03     0.0000e+00  0.0000e+00     0.0000e+00  0.0000e+00     0.0000e+00  0.0000e+00     0.0000e+00  0.0000e+00 
1.3357e+03     0.0000e+00  0.0000e+00     0.0000e+00  0.0000e+00     0.0000e+00  0.0000e+00     0.0000e+00  0.0000e+00 
1.4987e+03     0.0000e+00  0.0000e+00     0.0000e+00  0.0000e+00     0.0000e+00  0.0000e+00     0.0000e+00  0.0000e+00 
1.6816e+03     0.0000e+00  0.0000e+00     0.0000e+00  0.0000e+00     0.0000e+00  0.0000e+00     0.0000e+00  0.0000e+00 
1.8868e+03     0.0000e+00  0.0000e+00     0.0000e+00  0.0000e+00     0.0000e+00  0.0000e+00     0.0000e+00  0.0000e+00 
2.1170e+03     0.0000e+00  0.0000e+00     0.0000e+00  0.0000e+00     0.0000e+00  0.0000e+00     0.0000e+00  0.0000e+00 
2.3753e+03     0.0000e+00  0.0000e+00     0.0000e+00  0.0000e+00     0.0000e+00  0.0000e+00     0.0000e+00  0.0000e+00 
2.6651e+03     0.0000e+00  0.0000e+00     0.0000e+00  0.0000e+00     0.0000e+00  0.0000e+00     0.0000e+00  0.0000e+00 
2.9903e+03     0.0000e+00  0.0000e+00     0.0000e+00  0.0000e+00     0.0000e+00  0.0000e+00     0.0000e+00  0.0000e+00 
3.3552e+03     0.0000e+00  0.0000e+00     0.0000e+00  0.0000e+00     0.0000e+00  0.0000e+00     0.0000e+00  0.0000e+00 
3.7646e+03     0.0000e+00  0.0000e+00     0.0000e+00  0.0000e+00     0.0000e+00  0.0000e+00     0.0000e+00  0.0000e+00 
4.2240e+03     0.0000e+00  0.0000e+00     0.0000e+00  0.0000e+00     0.0000e+00  0.0000e+00     0.0000e+00  0.0000e+00 
4.7394e+03     0.0000e+00  0.0000e+00     0.0000e+00  0.0000e+00     0.0000e+00  0.0000e+00     0.0000e+00  0.0000e+00 
5.3176e+03     0.0000e+00  0.0000e+00     0.0000e+00  0.0000e+00     0.0000e+00  0.0000e+00     0.0000e+00  0.0000e+00 
5.9665e+03     0.0000e+00  0.0000e+00     0.0000e+00  0.0000e+00     0.0000e+00  0.0000e+00     0.0000e+00  0.0000e+00 
6.6945e+03     0.0000e+00  0.0000e+00     0.0000e+00  0.0000e+00     0.0000e+00  0.0000e+00     0.0000e+00  0.0000e+00 
7.5114e+03     0.0000e+00  0.0000e+00     0.0000e+00  0.0000e+00     0.0000e+00  0.0000e+00     0.0000e+00  0.0000e+00 
8.4279e+03     0.0000e+00  0.0000e+00     0.0000e+00  0.0000e+00     0.0000e+00  0.0000e+00     0.0000e+00  0.0000e+00 
9.4563e+03     0.0000e+00  0.0000e+00     0.0000e+00  0.0000e+00     0.0000e+00  0.0000e+00     0.0000e+00  0.0000e+00 
