yF = 3.8092e-01 (std: 1.0484e-03) keV/um
yD = 1.5490e+00 (std: 3.9040e-01) keV/um
y (keV/um)     f(y)(std)                  yf(y)(std)                 d(y)(std)                  yd(y)(std)  
1.0610e-03     8.2663e-03  9.7099e-02     8.7706e-06  1.0302e-04     2.3025e-05  2.7046e-04     2.4429e-08  2.8696e-07 
1.1905e-03     1.4735e-02  5.6510e-03     1.7541e-05  6.7274e-06     4.6049e-05  1.7661e-05     5.4820e-08  2.1025e-08 
1.3357e-03     6.5661e-03  9.2408e-03     8.7706e-06  1.2343e-05     2.3025e-05  3.2403e-05     3.0755e-08  4.3282e-08 
1.4987e-03     4.0964e-02  1.6770e-02     6.1394e-05  2.5133e-05     1.6117e-04  6.5980e-05     2.4155e-07  9.8886e-08 
1.6816e-03     1.5647e-02  1.0437e-02     2.6312e-05  1.7550e-05     6.9074e-05  4.6073e-05     1.1615e-07  7.7476e-08 
1.8868e-03     2.3242e-02  1.0792e-02     4.3853e-05  2.0361e-05     1.1512e-04  5.3453e-05     2.1721e-07  1.0085e-07 
2.1170e-03     3.3144e-02  2.6059e-02     7.0165e-05  5.5166e-05     1.8420e-04  1.4482e-04     3.8994e-07  3.0659e-07 
2.3753e-03     3.3232e-02  1.1318e-02     7.8935e-05  2.6885e-05     2.0722e-04  7.0580e-05     4.9221e-07  1.6765e-07 
2.6651e-03     2.6327e-02  9.4297e-03     7.0165e-05  2.5131e-05     1.8420e-04  6.5977e-05     4.9091e-07  1.7584e-07 
2.9903e-03     2.3464e-02  3.1618e-02     7.0165e-05  9.4548e-05     1.8420e-04  2.4821e-04     5.5081e-07  7.4223e-07 
3.3552e-03     4.7052e-02  1.4836e-02     1.5787e-04  4.9779e-05     4.1444e-04  1.3069e-04     1.3905e-06  4.3848e-07 
3.7646e-03     3.2617e-02  2.3960e-02     1.2279e-04  9.0199e-05     3.2234e-04  2.3679e-04     1.2135e-06  8.9143e-07 
4.2240e-03     3.5299e-02  2.1535e-02     1.4910e-04  9.0963e-05     3.9142e-04  2.3880e-04     1.6533e-06  1.0087e-06 
4.7394e-03     2.2207e-02  6.9957e-03     1.0525e-04  3.3155e-05     2.7630e-04  8.7042e-05     1.3095e-06  4.1252e-07 
5.3176e-03     4.7831e-02  1.4394e-02     2.5435e-04  7.6543e-05     6.6771e-04  2.0095e-04     3.5507e-06  1.0686e-06 
5.9665e-03     4.7039e-02  1.7280e-02     2.8066e-04  1.0310e-04     7.3679e-04  2.7066e-04     4.3960e-06  1.6149e-06 
6.6945e-03     5.2405e-02  1.0474e-02     3.5082e-04  7.0121e-05     9.2098e-04  1.8410e-04     6.1655e-06  1.2325e-06 
7.5114e-03     3.6197e-02  7.8177e-03     2.7189e-04  5.8721e-05     7.1376e-04  1.5417e-04     5.3613e-06  1.1580e-06 
8.4279e-03     1.0407e-03  1.3002e-03     8.7706e-06  1.0958e-05     2.3025e-05  2.8767e-05     1.9405e-07  2.4245e-07 
9.4563e-03     9.2749e-04  1.0895e-02     8.7706e-06  1.0302e-04     2.3025e-05  2.7046e-04     2.1773e-07  2.5575e-06 
1.0610e-02     8.2663e-04  2.7411e-04     8.7706e-06  2.9084e-06     2.3025e-05  7.6353e-06     2.4429e-07  8.1011e-08 
1.1905e-02     1.3873e+00  2.6281e-02     1.6515e-02  3.1287e-04     4.3355e-02  8.2997e-04     5.1613e-04  9.8806e-06 
1.3357e-02     1.0893e+00  2.3272e-02     1.4550e-02  3.1085e-04     3.8198e-02  8.2280e-04     5.1022e-04  1.0990e-05 
1.4987e-02     9.3458e-01  3.1789e-02     1.4007e-02  4.7642e-04     3.6770e-02  1.2548e-03     5.5108e-04  1.8806e-05 
1.6816e-02     7.0307e-01  1.7842e-02     1.1823e-02  3.0002e-04     3.1037e-02  7.9224e-04     5.2192e-04  1.3322e-05 
1.8868e-02     5.2342e-01  3.2043e-02     9.8757e-03  6.0457e-04     2.5926e-02  1.5887e-03     4.8916e-04  2.9976e-05 
2.1170e-02     4.4951e-01  1.9554e-02     9.5161e-03  4.1396e-04     2.4982e-02  1.0889e-03     5.2886e-04  2.3052e-05 
2.3753e-02     5.6715e-01  2.2917e-02     1.3472e-02  5.4436e-04     3.5366e-02  1.4324e-03     8.4004e-04  3.4023e-05 
2.6651e-02     7.6809e-01  2.0261e-02     2.0471e-02  5.3997e-04     5.3739e-02  1.4252e-03     1.4322e-03  3.7985e-05 
2.9903e-02     8.0070e-01  2.9194e-02     2.3944e-02  8.7299e-04     6.2857e-02  2.2983e-03     1.8796e-03  6.8727e-05 
3.3552e-02     7.3271e-01  2.1974e-02     2.4584e-02  7.3726e-04     6.4538e-02  1.9436e-03     2.1654e-03  6.5212e-05 
3.7646e-02     7.6253e-01  2.5767e-02     2.8706e-02  9.7003e-04     7.5359e-02  2.5550e-03     2.8370e-03  9.6184e-05 
4.2240e-02     8.4821e-01  2.5896e-02     3.5828e-02  1.0938e-03     9.4055e-02  2.8831e-03     3.9729e-03  1.2178e-04 
4.7394e-02     8.7940e-01  1.8367e-02     4.1678e-02  8.7046e-04     1.0941e-01  2.3049e-03     5.1855e-03  1.0924e-04 
5.3176e-02     9.1093e-01  2.8773e-02     4.8440e-02  1.5300e-03     1.2716e-01  4.0318e-03     6.7622e-03  2.1440e-04 
5.9665e-02     1.0105e+00  1.5376e-02     6.0289e-02  9.1743e-04     1.5827e-01  2.4475e-03     9.4432e-03  1.4603e-04 
6.6945e-02     1.0794e+00  2.1686e-02     7.2261e-02  1.4517e-03     1.8970e-01  3.8467e-03     1.2699e-02  2.5752e-04 
7.5114e-02     1.1309e+00  2.1178e-02     8.4943e-02  1.5908e-03     2.2299e-01  4.2210e-03     1.6750e-02  3.1705e-04 
8.4279e-02     1.2282e+00  2.7210e-02     1.0351e-01  2.2932e-03     2.7174e-01  6.0664e-03     2.2902e-02  5.1127e-04 
9.4563e-02     1.3578e+00  2.2870e-02     1.2839e-01  2.1627e-03     3.3706e-01  5.7527e-03     3.1873e-02  5.4399e-04 
1.0610e-01     1.4582e+00  2.3418e-02     1.5471e-01  2.4847e-03     4.0615e-01  6.6179e-03     4.3093e-02  7.0216e-04 
1.1905e-01     1.5978e+00  1.4148e-02     1.9021e-01  1.6843e-03     4.9933e-01  4.6302e-03     5.9444e-02  5.5121e-04 
1.3357e-01     1.7641e+00  2.0624e-02     2.3564e-01  2.7548e-03     6.1860e-01  7.4296e-03     8.2629e-02  9.9240e-04 
1.4987e-01     1.8981e+00  1.2776e-02     2.8447e-01  1.9148e-03     7.4678e-01  5.4307e-03     1.1192e-01  8.1391e-04 
1.6816e-01     2.1129e+00  2.2740e-02     3.5530e-01  3.8240e-03     9.3273e-01  1.0362e-02     1.5685e-01  1.7424e-03 
1.8868e-01     2.2631e+00  1.3403e-02     4.2699e-01  2.5288e-03     1.1209e+00  7.3204e-03     2.1149e-01  1.3812e-03 
2.1170e-01     2.4066e+00  1.2094e-02     5.0947e-01  2.5602e-03     1.3375e+00  7.6631e-03     2.8314e-01  1.6223e-03 
2.3753e-01     2.4577e+00  1.7142e-02     5.8377e-01  4.0717e-03     1.5325e+00  1.1491e-02     3.6402e-01  2.7295e-03 
2.6651e-01     2.4517e+00  1.5086e-02     6.5341e-01  4.0207e-03     1.7153e+00  1.1563e-02     4.5716e-01  3.0816e-03 
2.9903e-01     2.2949e+00  1.4004e-02     6.8625e-01  4.1877e-03     1.8016e+00  1.2060e-02     5.3873e-01  3.6063e-03 
3.3552e-01     2.0552e+00  6.5523e-03     6.8955e-01  2.1984e-03     1.8102e+00  7.6243e-03     6.0736e-01  2.5581e-03 
3.7646e-01     1.7187e+00  6.5509e-03     6.4704e-01  2.4662e-03     1.6986e+00  7.9857e-03     6.3946e-01  3.0063e-03 
4.2240e-01     1.3304e+00  5.2405e-03     5.6195e-01  2.2136e-03     1.4752e+00  7.0890e-03     6.2313e-01  2.9944e-03 
4.7394e-01     9.5936e-01  4.9996e-03     4.5468e-01  2.3695e-03     1.1936e+00  7.0346e-03     5.6570e-01  3.3339e-03 
5.3176e-01     6.6376e-01  4.7912e-03     3.5296e-01  2.5478e-03     9.2660e-01  7.1582e-03     4.9273e-01  3.8065e-03 
5.9665e-01     4.3226e-01  4.7669e-03     2.5791e-01  2.8441e-03     6.7706e-01  7.6955e-03     4.0397e-01  4.5915e-03 
6.6945e-01     2.8022e-01  3.9654e-03     1.8759e-01  2.6547e-03     4.9247e-01  7.0996e-03     3.2969e-01  4.7528e-03 
7.5114e-01     1.8469e-01  2.0883e-03     1.3872e-01  1.5686e-03     3.6418e-01  4.2382e-03     2.7355e-01  3.1835e-03 
8.4279e-01     1.2419e-01  2.0360e-03     1.0467e-01  1.7159e-03     2.7478e-01  4.5677e-03     2.3158e-01  3.8496e-03 
9.4563e-01     8.7472e-02  1.1849e-03     8.2715e-02  1.1205e-03     2.1714e-01  3.0016e-03     2.0534e-01  2.8384e-03 
1.0610e+00     6.1790e-02  7.6294e-04     6.5560e-02  8.0949e-04     1.7211e-01  2.1772e-03     1.8261e-01  2.3101e-03 
1.1905e+00     4.4727e-02  9.9935e-04     5.3246e-02  1.1897e-03     1.3978e-01  3.1468e-03     1.6641e-01  3.7462e-03 
1.3357e+00     3.3093e-02  8.7592e-04     4.4204e-02  1.1700e-03     1.1604e-01  3.0880e-03     1.5500e-01  4.1248e-03 
1.4987e+00     2.4877e-02  3.4662e-04     3.7284e-02  5.1949e-04     9.7878e-02  1.3901e-03     1.4669e-01  2.0834e-03 
1.6816e+00     1.8829e-02  3.9500e-04     3.1662e-02  6.6422e-04     8.3119e-02  1.7587e-03     1.3977e-01  2.9574e-03 
1.8868e+00     1.4354e-02  4.6231e-04     2.7084e-02  8.7228e-04     7.1100e-02  2.2983e-03     1.3415e-01  4.3363e-03 
2.1170e+00     1.0813e-02  4.2662e-04     2.2891e-02  9.0315e-04     6.0094e-02  2.3767e-03     1.2722e-01  5.0315e-03 
2.3753e+00     7.9091e-03  3.3505e-04     1.8787e-02  7.9584e-04     4.9319e-02  2.0937e-03     1.1715e-01  4.9731e-03 
2.6651e+00     6.3711e-03  2.7853e-04     1.6980e-02  7.4233e-04     4.4576e-02  1.9526e-03     1.1880e-01  5.2040e-03 
2.9903e+00     4.4992e-03  1.2980e-04     1.3454e-02  3.8815e-04     3.5320e-02  1.0236e-03     1.0562e-01  3.0609e-03 
3.3552e+00     3.3459e-03  1.8724e-04     1.1226e-02  6.2822e-04     2.9471e-02  1.6512e-03     9.8883e-02  5.5401e-03 
3.7646e+00     2.3274e-03  7.9668e-05     8.7618e-03  2.9992e-04     2.3002e-02  7.8988e-04     8.6592e-02  2.9736e-03 
4.2240e+00     1.6985e-03  1.2847e-04     7.1743e-03  5.4267e-04     1.8834e-02  1.4256e-03     7.9554e-02  6.0215e-03 
4.7394e+00     1.0992e-03  8.0901e-05     5.2097e-03  3.8342e-04     1.3677e-02  1.0073e-03     6.4818e-02  4.7737e-03 
5.3176e+00     6.4159e-04  6.3411e-05     3.4118e-03  3.3720e-04     8.9566e-03  8.8555e-04     4.7628e-02  4.7091e-03 
5.9665e+00     4.4393e-04  5.1856e-05     2.6487e-03  3.0940e-04     6.9534e-03  8.1246e-04     4.1488e-02  4.8475e-03 
6.6945e+00     2.1224e-04  2.3955e-05     1.4208e-03  1.6037e-04     3.7300e-03  4.2112e-04     2.4970e-02  2.8192e-03 
7.5114e+00     1.0742e-04  2.0166e-05     8.0689e-04  1.5147e-04     2.1183e-03  3.9769e-04     1.5911e-02  2.9872e-03 
8.4279e+00     4.8911e-05  1.3726e-05     4.1222e-04  1.1568e-04     1.0822e-03  3.0370e-04     9.1203e-03  2.5595e-03 
9.4563e+00     1.9477e-05  7.1820e-06     1.8418e-04  6.7915e-05     4.8352e-04  1.7830e-04     4.5723e-03  1.6860e-03 
1.0610e+01     8.2663e-07  5.5991e-07     8.7706e-06  5.9407e-06     2.3025e-05  1.5596e-05     2.4429e-04  1.6547e-04 
1.1905e+01     2.9469e-06  1.0301e-06     3.5082e-05  1.2263e-05     9.2098e-05  3.2194e-05     1.0964e-03  3.8326e-04 
1.3357e+01     0.0000e+00  0.0000e+00     0.0000e+00  0.0000e+00     0.0000e+00  0.0000e+00     0.0000e+00  0.0000e+00 
1.4987e+01     0.0000e+00  0.0000e+00     0.0000e+00  0.0000e+00     0.0000e+00  0.0000e+00     0.0000e+00  0.0000e+00 
1.6816e+01     0.0000e+00  0.0000e+00     0.0000e+00  0.0000e+00     0.0000e+00  0.0000e+00     0.0000e+00  0.0000e+00 
1.8868e+01     0.0000e+00  0.0000e+00     0.0000e+00  0.0000e+00     0.0000e+00  0.0000e+00     0.0000e+00  0.0000e+00 
2.1170e+01     0.0000e+00  0.0000e+00     0.0000e+00  0.0000e+00     0.0000e+00  0.0000e+00     0.0000e+00  0.0000e+00 
2.3753e+01     0.0000e+00  0.0000e+00     0.0000e+00  0.0000e+00     0.0000e+00  0.0000e+00     0.0000e+00  0.0000e+00 
2.6651e+01     0.0000e+00  0.0000e+00     0.0000e+00  0.0000e+00     0.0000e+00  0.0000e+00     0.0000e+00  0.0000e+00 
2.9903e+01     0.0000e+00  0.0000e+00     0.0000e+00  0.0000e+00     0.0000e+00  0.0000e+00     0.0000e+00  0.0000e+00 
3.3552e+01     0.0000e+00  0.0000e+00     0.0000e+00  0.0000e+00     0.0000e+00  0.0000e+00     0.0000e+00  0.0000e+00 
3.7646e+01     0.0000e+00  0.0000e+00     0.0000e+00  0.0000e+00     0.0000e+00  0.0000e+00     0.0000e+00  0.0000e+00 
4.2240e+01     0.0000e+00  0.0000e+00     0.0000e+00  0.0000e+00     0.0000e+00  0.0000e+00     0.0000e+00  0.0000e+00 
4.7394e+01     0.0000e+00  0.0000e+00     0.0000e+00  0.0000e+00     0.0000e+00  0.0000e+00     0.0000e+00  0.0000e+00 
5.3176e+01     0.0000e+00  0.0000e+00     0.0000e+00  0.0000e+00     0.0000e+00  0.0000e+00     0.0000e+00  0.0000e+00 
5.9665e+01     1.4700e-07  1.3714e-07     8.7706e-06  8.1823e-06     2.3025e-05  2.1480e-05     1.3738e-03  1.2816e-03 
6.6945e+01     0.0000e+00  0.0000e+00     0.0000e+00  0.0000e+00     0.0000e+00  0.0000e+00     0.0000e+00  0.0000e+00 
7.5114e+01     1.1676e-07  1.3661e-07     8.7706e-06  1.0262e-05     2.3025e-05  2.6939e-05     1.7295e-03  2.0235e-03 
8.4279e+01     0.0000e+00  0.0000e+00     0.0000e+00  0.0000e+00     0.0000e+00  0.0000e+00     0.0000e+00  0.0000e+00 
9.4563e+01     0.0000e+00  0.0000e+00     0.0000e+00  0.0000e+00     0.0000e+00  0.0000e+00     0.0000e+00  0.0000e+00 
1.0610e+02     0.0000e+00  0.0000e+00     0.0000e+00  0.0000e+00     0.0000e+00  0.0000e+00     0.0000e+00  0.0000e+00 
1.1905e+02     7.3673e-08  7.3676e-09     8.7706e-06  8.7709e-07     2.3025e-05  2.3034e-06     2.7410e-03  2.7422e-04 
1.3357e+02     0.0000e+00  0.0000e+00     0.0000e+00  0.0000e+00     0.0000e+00  0.0000e+00     0.0000e+00  0.0000e+00 
1.4987e+02     0.0000e+00  0.0000e+00     0.0000e+00  0.0000e+00     0.0000e+00  0.0000e+00     0.0000e+00  0.0000e+00 
1.6816e+02     0.0000e+00  0.0000e+00     0.0000e+00  0.0000e+00     0.0000e+00  0.0000e+00     0.0000e+00  0.0000e+00 
1.8868e+02     4.6485e-08  1.4697e-08     8.7706e-06  2.7730e-06     2.3025e-05  7.2801e-06     4.3442e-03  1.3736e-03 
2.1170e+02     0.0000e+00  0.0000e+00     0.0000e+00  0.0000e+00     0.0000e+00  0.0000e+00     0.0000e+00  0.0000e+00 
2.3753e+02     3.6924e-08  3.4447e-08     8.7706e-06  8.1823e-06     2.3025e-05  2.1480e-05     5.4690e-03  5.1022e-03 
2.6651e+02     0.0000e+00  0.0000e+00     0.0000e+00  0.0000e+00     0.0000e+00  0.0000e+00     0.0000e+00  0.0000e+00 
2.9903e+02     0.0000e+00  0.0000e+00     0.0000e+00  0.0000e+00     0.0000e+00  0.0000e+00     0.0000e+00  0.0000e+00 
3.3552e+02     0.0000e+00  0.0000e+00     0.0000e+00  0.0000e+00     0.0000e+00  0.0000e+00     0.0000e+00  0.0000e+00 
3.7646e+02     2.3298e-08  2.2524e-08     8.7706e-06  8.4793e-06     2.3025e-05  2.2260e-05     8.6678e-03  8.3801e-03 
4.2240e+02     0.0000e+00  0.0000e+00     0.0000e+00  0.0000e+00     0.0000e+00  0.0000e+00     0.0000e+00  0.0000e+00 
4.7394e+02     0.0000e+00  0.0000e+00     0.0000e+00  0.0000e+00     0.0000e+00  0.0000e+00     0.0000e+00  0.0000e+00 
5.3176e+02     0.0000e+00  0.0000e+00     0.0000e+00  0.0000e+00     0.0000e+00  0.0000e+00     0.0000e+00  0.0000e+00 
5.9665e+02     0.0000e+00  0.0000e+00     0.0000e+00  0.0000e+00     0.0000e+00  0.0000e+00     0.0000e+00  0.0000e+00 
6.6945e+02     0.0000e+00  0.0000e+00     0.0000e+00  0.0000e+00     0.0000e+00  0.0000e+00     0.0000e+00  0.0000e+00 
7.5114e+02     0.0000e+00  0.0000e+00     0.0000e+00  0.0000e+00     0.0000e+00  0.0000e+00     0.0000e+00  0.0000e+00 
8.4279e+02     0.0000e+00  0.0000e+00     0.0000e+00  0.0000e+00     0.0000e+00  0.0000e+00     0.0000e+00  0.0000e+00 
9.4563e+02     0.0000e+00  0.0000e+00     0.0000e+00  0.0000e+00     0.0000e+00  0.0000e+00     0.0000e+00  0.0000e+00 
1.0610e+03     0.0000e+00  0.0000e+00     0.0000e+00  0.0000e+00     0.0000e+00  0.0000e+00     0.0000e+00  0.0000e+00 
1.1905e+03     0.0000e+00  0.0000e+00     0.0000e+00  0.0000e+00     0.0000e+00  0.0000e+00     0.0000e+00  0.0000e+00 
1.3357e+03     0.0000e+00  0.0000e+00     0.0000e+00  0.0000e+00     0.0000e+00  0.0000e+00     0.0000e+00  0.0000e+00 
1.4987e+03     0.0000e+00  0.0000e+00     0.0000e+00  0.0000e+00     0.0000e+00  0.0000e+00     0.0000e+00  0.0000e+00 
1.6816e+03     0.0000e+00  0.0000e+00     0.0000e+00  0.0000e+00     0.0000e+00  0.0000e+00     0.0000e+00  0.0000e+00 
1.8868e+03     0.0000e+00  0.0000e+00     0.0000e+00  0.0000e+00     0.0000e+00  0.0000e+00     0.0000e+00  0.0000e+00 
2.1170e+03     0.0000e+00  0.0000e+00     0.0000e+00  0.0000e+00     0.0000e+00  0.0000e+00     0.0000e+00  0.0000e+00 
2.3753e+03     0.0000e+00  0.0000e+00     0.0000e+00  0.0000e+00     0.0000e+00  0.0000e+00     0.0000e+00  0.0000e+00 
2.6651e+03     0.0000e+00  0.0000e+00     0.0000e+00  0.0000e+00     0.0000e+00  0.0000e+00     0.0000e+00  0.0000e+00 
2.9903e+03     0.0000e+00  0.0000e+00     0.0000e+00  0.0000e+00     0.0000e+00  0.0000e+00     0.0000e+00  0.0000e+00 
3.3552e+03     0.0000e+00  0.0000e+00     0.0000e+00  0.0000e+00     0.0000e+00  0.0000e+00     0.0000e+00  0.0000e+00 
3.7646e+03     0.0000e+00  0.0000e+00     0.0000e+00  0.0000e+00     0.0000e+00  0.0000e+00     0.0000e+00  0.0000e+00 
4.2240e+03     0.0000e+00  0.0000e+00     0.0000e+00  0.0000e+00     0.0000e+00  0.0000e+00     0.0000e+00  0.0000e+00 
4.7394e+03     0.0000e+00  0.0000e+00     0.0000e+00  0.0000e+00     0.0000e+00  0.0000e+00     0.0000e+00  0.0000e+00 
5.3176e+03     0.0000e+00  0.0000e+00     0.0000e+00  0.0000e+00     0.0000e+00  0.0000e+00     0.0000e+00  0.0000e+00 
5.9665e+03     0.0000e+00  0.0000e+00     0.0000e+00  0.0000e+00     0.0000e+00  0.0000e+00     0.0000e+00  0.0000e+00 
6.6945e+03     0.0000e+00  0.0000e+00     0.0000e+00  0.0000e+00     0.0000e+00  0.0000e+00     0.0000e+00  0.0000e+00 
7.5114e+03     0.0000e+00  0.0000e+00     0.0000e+00  0.0000e+00     0.0000e+00  0.0000e+00     0.0000e+00  0.0000e+00 
8.4279e+03     0.0000e+00  0.0000e+00     0.0000e+00  0.0000e+00     0.0000e+00  0.0000e+00     0.0000e+00  0.0000e+00 
9.4563e+03     0.0000e+00  0.0000e+00     0.0000e+00  0.0000e+00     0.0000e+00  0.0000e+00     0.0000e+00  0.0000e+00 
