yF = 4.2008e-01 (std: 1.3074e-03) keV/um
yD = 1.6401e+00 (std: 4.4864e-01) keV/um
y (keV/um)     f(y)(std)                  yf(y)(std)                 d(y)(std)                  yd(y)(std)  
1.0610e-03     2.4764e-02  1.5189e-02     2.6275e-05  1.6116e-05     6.2548e-05  3.8364e-05     6.6364e-08  4.0705e-08 
1.1905e-03     2.9428e-02  1.9509e-02     3.5034e-05  2.3225e-05     8.3398e-05  5.5288e-05     9.9283e-08  6.5819e-08 
1.3357e-03     0.0000e+00  0.0000e+00     0.0000e+00  0.0000e+00     0.0000e+00  0.0000e+00     0.0000e+00  0.0000e+00 
1.4987e-03     5.8440e-03  4.8493e-03     8.7584e-06  7.2676e-06     2.0849e-05  1.7301e-05     3.1247e-08  2.5929e-08 
1.6816e-03     5.2084e-03  8.0757e-03     8.7584e-06  1.3580e-05     2.0849e-05  3.2327e-05     3.5060e-08  5.4361e-08 
1.8868e-03     1.3926e-02  8.6378e-03     2.6275e-05  1.6298e-05     6.2548e-05  3.8797e-05     1.1801e-07  7.3201e-08 
2.1170e-03     2.4823e-02  9.1742e-03     5.2551e-05  1.9422e-05     1.2510e-04  4.6235e-05     2.6483e-07  9.7879e-08 
2.3753e-03     2.5811e-02  1.0615e-02     6.1309e-05  2.5214e-05     1.4595e-04  6.0023e-05     3.4667e-07  1.4257e-07 
2.6651e-03     1.6432e-02  6.1835e-03     4.3792e-05  1.6480e-05     1.0425e-04  3.9231e-05     2.7783e-07  1.0456e-07 
2.9903e-03     3.5147e-02  2.1326e-02     1.0510e-04  6.3773e-05     2.5019e-04  1.5181e-04     7.4816e-07  4.5397e-07 
3.3552e-03     3.1325e-02  1.1101e-02     1.0510e-04  3.7245e-05     2.5019e-04  8.8665e-05     8.3945e-07  2.9749e-07 
3.7646e-03     2.5592e-02  6.5722e-03     9.6343e-05  2.4742e-05     2.2934e-04  5.8902e-05     8.6339e-07  2.2174e-07 
4.2240e-03     2.2809e-02  8.8131e-03     9.6343e-05  3.7226e-05     2.2934e-04  8.8619e-05     9.6874e-07  3.7432e-07 
4.7394e-03     2.7720e-02  2.1073e-02     1.3138e-04  9.9871e-05     3.1274e-04  2.3774e-04     1.4822e-06  1.1268e-06 
5.3176e-03     3.9529e-02  1.4465e-02     2.1020e-04  7.6921e-05     5.0039e-04  1.8312e-04     2.6609e-06  9.7375e-07 
5.9665e-03     4.5506e-02  8.4693e-03     2.7151e-04  5.0532e-05     6.4633e-04  1.2031e-04     3.8563e-06  7.1782e-07 
6.6945e-03     4.9715e-02  1.1049e-02     3.3282e-04  7.3965e-05     7.9228e-04  1.7609e-04     5.3039e-06  1.1788e-06 
7.5114e-03     1.8656e-02  3.9654e-03     1.4013e-04  2.9785e-05     3.3359e-04  7.0911e-05     2.5057e-06  5.3264e-07 
8.4279e-03     3.1177e-03  4.0514e-03     2.6275e-05  3.4145e-05     6.2548e-05  8.1283e-05     5.2715e-07  6.8504e-07 
9.4563e-03     9.2621e-04  7.6855e-04     8.7584e-06  7.2676e-06     2.0849e-05  1.7301e-05     1.9716e-07  1.6360e-07 
1.0610e-02     8.2548e-04  5.2490e-04     8.7584e-06  5.5692e-06     2.0849e-05  1.3258e-05     2.2121e-07  1.4066e-07 
1.1905e-02     1.1499e+00  2.9220e-02     1.3689e-02  3.4786e-04     3.2588e-02  8.3427e-04     3.8795e-04  9.9317e-06 
1.3357e-02     9.1208e-01  2.7305e-02     1.2183e-02  3.6472e-04     2.9002e-02  8.7289e-04     3.8738e-04  1.1659e-05 
1.4987e-02     7.3985e-01  2.9182e-02     1.1088e-02  4.3736e-04     2.6395e-02  1.0444e-03     3.9559e-04  1.5652e-05 
1.6816e-02     5.7032e-01  2.3365e-02     9.5905e-03  3.9290e-04     2.2830e-02  9.3800e-04     3.8391e-04  1.5773e-05 
1.8868e-02     4.4935e-01  1.8244e-02     8.4782e-03  3.4423e-04     2.0182e-02  8.2183e-04     3.8079e-04  1.5506e-05 
2.1170e-02     3.9138e-01  2.5779e-02     8.2855e-03  5.4574e-04     1.9724e-02  1.3006e-03     4.1755e-04  2.7533e-05 
2.3753e-02     4.8009e-01  1.6921e-02     1.1403e-02  4.0192e-04     2.7146e-02  9.6048e-04     6.4480e-04  2.2814e-05 
2.6651e-02     6.3689e-01  4.2165e-02     1.6974e-02  1.1238e-03     4.0406e-02  2.6780e-03     1.0769e-03  7.1373e-05 
2.9903e-02     6.4114e-01  1.7289e-02     1.9172e-02  5.1699e-04     4.5639e-02  1.2389e-03     1.3648e-03  3.7046e-05 
3.3552e-02     6.0274e-01  2.6405e-02     2.0223e-02  8.8595e-04     4.8141e-02  2.1143e-03     1.6152e-03  7.0940e-05 
3.7646e-02     6.2770e-01  1.8038e-02     2.3630e-02  6.7905e-04     5.6252e-02  1.6259e-03     2.1177e-03  6.1210e-05 
4.2240e-02     6.9152e-01  1.3274e-02     2.9209e-02  5.6069e-04     6.9533e-02  1.3521e-03     2.9370e-03  5.7114e-05 
4.7394e-02     7.2498e-01  2.0086e-02     3.4359e-02  9.5197e-04     8.1792e-02  2.2804e-03     3.8764e-03  1.0808e-04 
5.3176e-02     7.3442e-01  2.7999e-02     3.9054e-02  1.4889e-03     9.2968e-02  3.5561e-03     4.9437e-03  1.8910e-04 
5.9665e-02     8.2190e-01  2.5992e-02     4.9038e-02  1.5508e-03     1.1674e-01  3.7096e-03     6.9650e-03  2.2133e-04 
6.6945e-02     8.6596e-01  1.3496e-02     5.7972e-02  9.0352e-04     1.3800e-01  2.1933e-03     9.2386e-03  1.4683e-04 
7.5114e-02     9.2501e-01  1.7416e-02     6.9481e-02  1.3082e-03     1.6540e-01  3.1564e-03     1.2424e-02  2.3709e-04 
8.4279e-02     1.0141e+00  1.9062e-02     8.5465e-02  1.6065e-03     2.0345e-01  3.8763e-03     1.7146e-02  3.2669e-04 
9.4563e-02     1.0989e+00  2.5188e-02     1.0392e-01  2.3818e-03     2.4738e-01  5.7220e-03     2.3393e-02  5.4109e-04 
1.0610e-01     1.1821e+00  1.7220e-02     1.2542e-01  1.8270e-03     2.9856e-01  4.4474e-03     3.1678e-02  4.7187e-04 
1.1905e-01     1.2854e+00  1.0804e-02     1.5303e-01  1.2862e-03     3.6428e-01  3.2649e-03     4.3367e-02  3.8867e-04 
1.3357e-01     1.4188e+00  2.6967e-02     1.8952e-01  3.6021e-03     4.5114e-01  8.6889e-03     6.0260e-02  1.1606e-03 
1.4987e-01     1.5703e+00  1.8539e-02     2.3534e-01  2.7785e-03     5.6022e-01  6.8401e-03     8.3962e-02  1.0251e-03 
1.6816e-01     1.7296e+00  1.2911e-02     2.9084e-01  2.1711e-03     6.9235e-01  5.5995e-03     1.1642e-01  9.4160e-04 
1.8868e-01     1.8835e+00  1.3955e-02     3.5538e-01  2.6330e-03     8.4599e-01  6.7984e-03     1.5962e-01  1.2827e-03 
2.1170e-01     2.0439e+00  1.1461e-02     4.3270e-01  2.4262e-03     1.0300e+00  6.6056e-03     2.1806e-01  1.3984e-03 
2.3753e-01     2.1865e+00  1.5461e-02     5.1935e-01  3.6725e-03     1.2363e+00  9.5516e-03     2.9366e-01  2.2688e-03 
2.6651e-01     2.2627e+00  1.7916e-02     6.0303e-01  4.7750e-03     1.4355e+00  1.2213e-02     3.8258e-01  3.2550e-03 
2.9903e-01     2.2384e+00  7.8731e-03     6.6935e-01  2.3543e-03     1.5934e+00  7.4833e-03     4.7648e-01  2.2378e-03 
3.3552e-01     2.1039e+00  1.2758e-02     7.0590e-01  4.2807e-03     1.6804e+00  1.1454e-02     5.6381e-01  3.8430e-03 
3.7646e-01     1.8597e+00  6.9860e-03     7.0010e-01  2.6300e-03     1.6666e+00  8.1300e-03     6.2740e-01  3.0606e-03 
4.2240e-01     1.5362e+00  1.2049e-02     6.4887e-01  5.0893e-03     1.5446e+00  1.3034e-02     6.5244e-01  5.5055e-03 
4.7394e-01     1.1748e+00  5.2646e-03     5.5677e-01  2.4951e-03     1.3254e+00  7.2313e-03     6.2814e-01  3.4272e-03 
5.3176e-01     8.3576e-01  5.1403e-03     4.4443e-01  2.7334e-03     1.0580e+00  7.2925e-03     5.6259e-01  3.8779e-03 
5.9665e-01     5.6486e-01  1.2532e-02     3.3702e-01  7.4773e-03     8.0229e-01  1.7974e-02     4.7868e-01  1.0724e-02 
6.6945e-01     3.6719e-01  6.0248e-03     2.4581e-01  4.0333e-03     5.8516e-01  9.7725e-03     3.9174e-01  6.5422e-03 
7.5114e-01     2.4024e-01  1.7772e-03     1.8045e-01  1.3349e-03     4.2956e-01  3.4475e-03     3.2266e-01  2.5895e-03 
8.4279e-01     1.5844e-01  2.9878e-03     1.3353e-01  2.5181e-03     3.1787e-01  6.0754e-03     2.6790e-01  5.1202e-03 
9.4563e-01     1.0606e-01  1.8733e-03     1.0029e-01  1.7714e-03     2.3875e-01  4.2818e-03     2.2577e-01  4.0490e-03 
1.0610e+00     7.7331e-02  1.0189e-03     8.2049e-02  1.0811e-03     1.9532e-01  2.6443e-03     2.0723e-01  2.8057e-03 
1.1905e+00     5.4038e-02  9.3335e-04     6.4331e-02  1.1111e-03     1.5314e-01  2.6876e-03     1.8231e-01  3.1995e-03 
1.3357e+00     3.9978e-02  7.0533e-04     5.3400e-02  9.4213e-04     1.2712e-01  2.2774e-03     1.6980e-01  3.0419e-03 
1.4987e+00     2.9775e-02  6.9508e-04     4.4624e-02  1.0417e-03     1.0623e-01  2.5018e-03     1.5921e-01  3.7494e-03 
1.6816e+00     2.1901e-02  1.2647e-03     3.6829e-02  2.1268e-03     8.7672e-02  5.0701e-03     1.4743e-01  8.5259e-03 
1.8868e+00     1.6191e-02  3.7759e-04     3.0549e-02  7.1242e-04     7.2723e-02  1.7109e-03     1.3721e-01  3.2282e-03 
2.1170e+00     1.2474e-02  2.3972e-04     2.6407e-02  5.0748e-04     6.2861e-02  1.2238e-03     1.3308e-01  2.5908e-03 
2.3753e+00     9.3731e-03  6.3178e-04     2.2264e-02  1.5007e-03     5.2999e-02  3.5761e-03     1.2589e-01  8.4944e-03 
2.6651e+00     7.1214e-03  2.2383e-04     1.8980e-02  5.9653e-04     4.5181e-02  1.4270e-03     1.2041e-01  3.8031e-03 
2.9903e+00     5.3043e-03  1.8124e-04     1.5862e-02  5.4196e-04     3.7758e-02  1.2955e-03     1.1291e-01  3.8739e-03 
3.3552e+00     3.8947e-03  1.1903e-04     1.3068e-02  3.9938e-04     3.1107e-02  9.5565e-04     1.0437e-01  3.2064e-03 
3.7646e+00     2.6964e-03  8.2189e-05     1.0151e-02  3.0941e-04     2.4164e-02  7.4038e-04     9.0970e-02  2.7872e-03 
4.2240e+00     1.8952e-03  4.6618e-05     8.0052e-03  1.9691e-04     1.9056e-02  4.7249e-04     8.0493e-02  1.9958e-03 
4.7394e+00     1.3010e-03  7.4535e-05     6.1659e-03  3.5325e-04     1.4678e-02  8.4215e-04     6.9564e-02  3.9912e-03 
5.3176e+00     8.5811e-04  4.8643e-05     4.5631e-03  2.5866e-04     1.0863e-02  6.1668e-04     5.7763e-02  3.2793e-03 
5.9665e+00     4.8295e-04  5.8581e-05     2.8815e-03  3.4953e-04     6.8595e-03  8.3232e-04     4.0927e-02  4.9660e-03 
6.6945e+00     2.2764e-04  2.6857e-05     1.5240e-03  1.7979e-04     3.6278e-03  4.2814e-04     2.4286e-02  2.8662e-03 
7.5114e+00     1.2127e-04  2.3140e-05     9.1088e-04  1.7381e-04     2.1683e-03  4.1382e-04     1.6287e-02  3.1083e-03 
8.4279e+00     4.6765e-05  1.2200e-05     3.9413e-04  1.0282e-04     9.3822e-04  2.4477e-04     7.9073e-03  2.0629e-03 
9.4563e+00     1.9450e-05  5.8413e-06     1.8393e-04  5.5236e-05     4.3784e-04  1.3150e-04     4.1403e-03  1.2435e-03 
1.0610e+01     6.6039e-06  5.3543e-06     7.0067e-05  5.6809e-05     1.6680e-04  1.3524e-04     1.7697e-03  1.4349e-03 
1.1905e+01     5.1500e-06  1.9190e-06     6.1309e-05  2.2845e-05     1.4595e-04  5.4384e-05     1.7374e-03  6.4742e-04 
1.3357e+01     6.5570e-07  5.3719e-07     8.7584e-06  7.1754e-06     2.0849e-05  1.7081e-05     2.7849e-04  2.2816e-04 
1.4987e+01     0.0000e+00  0.0000e+00     0.0000e+00  0.0000e+00     0.0000e+00  0.0000e+00     0.0000e+00  0.0000e+00 
1.6816e+01     5.2084e-07  2.2700e-07     8.7584e-06  3.8172e-06     2.0849e-05  9.0872e-06     3.5060e-04  1.5281e-04 
1.8868e+01     0.0000e+00  0.0000e+00     0.0000e+00  0.0000e+00     0.0000e+00  0.0000e+00     0.0000e+00  0.0000e+00 
2.1170e+01     0.0000e+00  0.0000e+00     0.0000e+00  0.0000e+00     0.0000e+00  0.0000e+00     0.0000e+00  0.0000e+00 
2.3753e+01     0.0000e+00  0.0000e+00     0.0000e+00  0.0000e+00     0.0000e+00  0.0000e+00     0.0000e+00  0.0000e+00 
2.6651e+01     0.0000e+00  0.0000e+00     0.0000e+00  0.0000e+00     0.0000e+00  0.0000e+00     0.0000e+00  0.0000e+00 
2.9903e+01     0.0000e+00  0.0000e+00     0.0000e+00  0.0000e+00     0.0000e+00  0.0000e+00     0.0000e+00  0.0000e+00 
3.3552e+01     2.6104e-07  4.8527e-07     8.7584e-06  1.6282e-05     2.0849e-05  3.8759e-05     6.9954e-04  1.3004e-03 
3.7646e+01     0.0000e+00  0.0000e+00     0.0000e+00  0.0000e+00     0.0000e+00  0.0000e+00     0.0000e+00  0.0000e+00 
4.2240e+01     0.0000e+00  0.0000e+00     0.0000e+00  0.0000e+00     0.0000e+00  0.0000e+00     0.0000e+00  0.0000e+00 
4.7394e+01     0.0000e+00  0.0000e+00     0.0000e+00  0.0000e+00     0.0000e+00  0.0000e+00     0.0000e+00  0.0000e+00 
5.3176e+01     0.0000e+00  0.0000e+00     0.0000e+00  0.0000e+00     0.0000e+00  0.0000e+00     0.0000e+00  0.0000e+00 
5.9665e+01     0.0000e+00  0.0000e+00     0.0000e+00  0.0000e+00     0.0000e+00  0.0000e+00     0.0000e+00  0.0000e+00 
6.6945e+01     0.0000e+00  0.0000e+00     0.0000e+00  0.0000e+00     0.0000e+00  0.0000e+00     0.0000e+00  0.0000e+00 
7.5114e+01     0.0000e+00  0.0000e+00     0.0000e+00  0.0000e+00     0.0000e+00  0.0000e+00     0.0000e+00  0.0000e+00 
8.4279e+01     0.0000e+00  0.0000e+00     0.0000e+00  0.0000e+00     0.0000e+00  0.0000e+00     0.0000e+00  0.0000e+00 
9.4563e+01     0.0000e+00  0.0000e+00     0.0000e+00  0.0000e+00     0.0000e+00  0.0000e+00     0.0000e+00  0.0000e+00 
1.0610e+02     0.0000e+00  0.0000e+00     0.0000e+00  0.0000e+00     0.0000e+00  0.0000e+00     0.0000e+00  0.0000e+00 
1.1905e+02     0.0000e+00  0.0000e+00     0.0000e+00  0.0000e+00     0.0000e+00  0.0000e+00     0.0000e+00  0.0000e+00 
1.3357e+02     6.5570e-08  2.5390e-08     8.7584e-06  3.3914e-06     2.0849e-05  8.0735e-06     2.7849e-03  1.0784e-03 
1.4987e+02     0.0000e+00  0.0000e+00     0.0000e+00  0.0000e+00     0.0000e+00  0.0000e+00     0.0000e+00  0.0000e+00 
1.6816e+02     5.2084e-08  3.3119e-08     8.7584e-06  5.5692e-06     2.0849e-05  1.3258e-05     3.5060e-03  2.2294e-03 
1.8868e+02     0.0000e+00  0.0000e+00     0.0000e+00  0.0000e+00     0.0000e+00  0.0000e+00     0.0000e+00  0.0000e+00 
2.1170e+02     0.0000e+00  0.0000e+00     0.0000e+00  0.0000e+00     0.0000e+00  0.0000e+00     0.0000e+00  0.0000e+00 
2.3753e+02     0.0000e+00  0.0000e+00     0.0000e+00  0.0000e+00     0.0000e+00  0.0000e+00     0.0000e+00  0.0000e+00 
2.6651e+02     0.0000e+00  0.0000e+00     0.0000e+00  0.0000e+00     0.0000e+00  0.0000e+00     0.0000e+00  0.0000e+00 
2.9903e+02     0.0000e+00  0.0000e+00     0.0000e+00  0.0000e+00     0.0000e+00  0.0000e+00     0.0000e+00  0.0000e+00 
3.3552e+02     2.6104e-08  6.9055e-09     8.7584e-06  2.3170e-06     2.0849e-05  5.5159e-06     6.9954e-03  1.8507e-03 
3.7646e+02     2.3265e-08  3.0152e-08     8.7584e-06  1.1351e-05     2.0849e-05  2.7021e-05     7.8490e-03  1.0172e-02 
4.2240e+02     0.0000e+00  0.0000e+00     0.0000e+00  0.0000e+00     0.0000e+00  0.0000e+00     0.0000e+00  0.0000e+00 
4.7394e+02     0.0000e+00  0.0000e+00     0.0000e+00  0.0000e+00     0.0000e+00  0.0000e+00     0.0000e+00  0.0000e+00 
5.3176e+02     0.0000e+00  0.0000e+00     0.0000e+00  0.0000e+00     0.0000e+00  0.0000e+00     0.0000e+00  0.0000e+00 
5.9665e+02     0.0000e+00  0.0000e+00     0.0000e+00  0.0000e+00     0.0000e+00  0.0000e+00     0.0000e+00  0.0000e+00 
6.6945e+02     0.0000e+00  0.0000e+00     0.0000e+00  0.0000e+00     0.0000e+00  0.0000e+00     0.0000e+00  0.0000e+00 
7.5114e+02     0.0000e+00  0.0000e+00     0.0000e+00  0.0000e+00     0.0000e+00  0.0000e+00     0.0000e+00  0.0000e+00 
8.4279e+02     0.0000e+00  0.0000e+00     0.0000e+00  0.0000e+00     0.0000e+00  0.0000e+00     0.0000e+00  0.0000e+00 
9.4563e+02     0.0000e+00  0.0000e+00     0.0000e+00  0.0000e+00     0.0000e+00  0.0000e+00     0.0000e+00  0.0000e+00 
1.0610e+03     0.0000e+00  0.0000e+00     0.0000e+00  0.0000e+00     0.0000e+00  0.0000e+00     0.0000e+00  0.0000e+00 
1.1905e+03     0.0000e+00  0.0000e+00     0.0000e+00  0.0000e+00     0.0000e+00  0.0000e+00     0.0000e+00  0.0000e+00 
1.3357e+03     0.0000e+00  0.0000e+00     0.0000e+00  0.0000e+00     0.0000e+00  0.0000e+00     0.0000e+00  0.0000e+00 
1.4987e+03     0.0000e+00  0.0000e+00     0.0000e+00  0.0000e+00     0.0000e+00  0.0000e+00     0.0000e+00  0.0000e+00 
1.6816e+03     0.0000e+00  0.0000e+00     0.0000e+00  0.0000e+00     0.0000e+00  0.0000e+00     0.0000e+00  0.0000e+00 
1.8868e+03     0.0000e+00  0.0000e+00     0.0000e+00  0.0000e+00     0.0000e+00  0.0000e+00     0.0000e+00  0.0000e+00 
2.1170e+03     0.0000e+00  0.0000e+00     0.0000e+00  0.0000e+00     0.0000e+00  0.0000e+00     0.0000e+00  0.0000e+00 
2.3753e+03     0.0000e+00  0.0000e+00     0.0000e+00  0.0000e+00     0.0000e+00  0.0000e+00     0.0000e+00  0.0000e+00 
2.6651e+03     0.0000e+00  0.0000e+00     0.0000e+00  0.0000e+00     0.0000e+00  0.0000e+00     0.0000e+00  0.0000e+00 
2.9903e+03     0.0000e+00  0.0000e+00     0.0000e+00  0.0000e+00     0.0000e+00  0.0000e+00     0.0000e+00  0.0000e+00 
3.3552e+03     0.0000e+00  0.0000e+00     0.0000e+00  0.0000e+00     0.0000e+00  0.0000e+00     0.0000e+00  0.0000e+00 
3.7646e+03     0.0000e+00  0.0000e+00     0.0000e+00  0.0000e+00     0.0000e+00  0.0000e+00     0.0000e+00  0.0000e+00 
4.2240e+03     0.0000e+00  0.0000e+00     0.0000e+00  0.0000e+00     0.0000e+00  0.0000e+00     0.0000e+00  0.0000e+00 
4.7394e+03     0.0000e+00  0.0000e+00     0.0000e+00  0.0000e+00     0.0000e+00  0.0000e+00     0.0000e+00  0.0000e+00 
5.3176e+03     0.0000e+00  0.0000e+00     0.0000e+00  0.0000e+00     0.0000e+00  0.0000e+00     0.0000e+00  0.0000e+00 
5.9665e+03     0.0000e+00  0.0000e+00     0.0000e+00  0.0000e+00     0.0000e+00  0.0000e+00     0.0000e+00  0.0000e+00 
6.6945e+03     0.0000e+00  0.0000e+00     0.0000e+00  0.0000e+00     0.0000e+00  0.0000e+00     0.0000e+00  0.0000e+00 
7.5114e+03     0.0000e+00  0.0000e+00     0.0000e+00  0.0000e+00     0.0000e+00  0.0000e+00     0.0000e+00  0.0000e+00 
8.4279e+03     0.0000e+00  0.0000e+00     0.0000e+00  0.0000e+00     0.0000e+00  0.0000e+00     0.0000e+00  0.0000e+00 
9.4563e+03     0.0000e+00  0.0000e+00     0.0000e+00  0.0000e+00     0.0000e+00  0.0000e+00     0.0000e+00  0.0000e+00 
