yF = 4.8712e-01 (std: 2.8780e-03) keV/um
yD = 4.1796e+00 (std: 1.3403e+00) keV/um
y (keV/um)     f(y)(std)                  yf(y)(std)                 d(y)(std)                  yd(y)(std)  
1.0610e-03     1.6485e-02  5.3262e-03     1.7491e-05  5.6511e-06     3.5906e-05  1.1603e-05     3.8097e-08  1.2311e-08 
1.1905e-03     7.3460e-03  5.8000e-03     8.7453e-06  6.9047e-06     1.7953e-05  1.4175e-05     2.1373e-08  1.6875e-08 
1.3357e-03     2.6189e-02  7.4427e-02     3.4981e-05  9.9414e-05     7.1813e-05  2.0409e-04     9.5922e-08  2.7261e-07 
1.4987e-03     1.1670e-02  7.4045e-03     1.7491e-05  1.1097e-05     3.5906e-05  2.2782e-05     5.3813e-08  3.4144e-08 
1.6816e-03     1.5602e-02  1.1923e-02     2.6236e-05  2.0050e-05     5.3859e-05  4.1161e-05     9.0569e-08  6.9216e-08 
1.8868e-03     1.3905e-02  1.5661e-02     2.6236e-05  2.9548e-05     5.3859e-05  6.0660e-05     1.0162e-07  1.1445e-07 
2.1170e-03     8.2620e-03  4.1584e-03     1.7491e-05  8.8033e-06     3.5906e-05  1.8074e-05     7.6013e-08  3.8262e-08 
2.3753e-03     1.8409e-02  8.6376e-03     4.3726e-05  2.0517e-05     8.9766e-05  4.2122e-05     2.1322e-07  1.0005e-07 
2.6651e-03     1.9688e-02  6.8852e-03     5.2472e-05  1.8350e-05     1.0772e-04  3.7676e-05     2.8709e-07  1.0041e-07 
2.9903e-03     1.7547e-02  1.0843e-02     5.2472e-05  3.2423e-05     1.0772e-04  6.6564e-05     3.2212e-07  1.9905e-07 
3.3552e-03     2.3458e-02  9.1472e-03     7.8707e-05  3.0691e-05     1.6158e-04  6.3012e-05     5.4213e-07  2.1142e-07 
3.7646e-03     1.3938e-02  4.0382e-03     5.2472e-05  1.5202e-05     1.0772e-04  3.1215e-05     4.0552e-07  1.1751e-07 
4.2240e-03     3.7267e-02  1.4239e-02     1.5741e-04  6.0144e-05     3.2316e-04  1.2348e-04     1.3650e-06  5.2159e-07 
4.7394e-03     2.0298e-02  6.3455e-03     9.6198e-05  3.0074e-05     1.9748e-04  6.1749e-05     9.3595e-07  2.9265e-07 
5.3176e-03     2.7958e-02  1.5646e-02     1.4867e-04  8.3200e-05     3.0520e-04  1.7081e-04     1.6230e-06  9.0832e-07 
5.9665e-03     1.7589e-02  1.4333e-02     1.0494e-04  8.5520e-05     2.1544e-04  1.7557e-04     1.2854e-06  1.0475e-06 
6.6945e-03     3.7884e-02  8.5203e-03     2.5361e-04  5.7039e-05     5.2064e-04  1.1714e-04     3.4854e-06  7.8417e-07 
7.5114e-03     1.5135e-02  4.8903e-03     1.1369e-04  3.6733e-05     2.3339e-04  7.5422e-05     1.7531e-06  5.6652e-07 
8.4279e-03     2.0753e-03  1.1346e-03     1.7491e-05  9.5626e-06     3.5906e-05  1.9632e-05     3.0261e-07  1.6546e-07 
9.4563e-03     1.8496e-03  1.0507e-03     1.7491e-05  9.9356e-06     3.5906e-05  2.0398e-05     3.3954e-07  1.9289e-07 
1.0610e-02     8.2424e-04  1.1113e-03     8.7453e-06  1.1791e-05     1.7953e-05  2.4207e-05     1.9048e-07  2.5684e-07 
1.1905e-02     8.1982e-01  3.2939e-02     9.7597e-03  3.9213e-04     2.0036e-02  8.1367e-04     2.3852e-04  9.6865e-06 
1.3357e-02     6.8549e-01  3.1006e-02     9.1563e-03  4.1416e-04     1.8797e-02  8.5745e-04     2.5108e-04  1.1453e-05 
1.4987e-02     5.5376e-01  1.3743e-02     8.2992e-03  2.0596e-04     1.7038e-02  4.3464e-04     2.5534e-04  6.5140e-06 
1.6816e-02     4.2593e-01  1.3791e-02     7.1624e-03  2.3191e-04     1.4704e-02  4.8394e-04     2.4725e-04  8.1379e-06 
1.8868e-02     3.4068e-01  2.3941e-02     6.4278e-03  4.5172e-04     1.3196e-02  9.3061e-04     2.4897e-04  1.7558e-05 
2.1170e-02     2.6066e-01  1.7960e-02     5.5183e-03  3.8020e-04     1.1328e-02  7.8338e-04     2.3982e-04  1.6584e-05 
2.3753e-02     3.2731e-01  2.7379e-02     7.7745e-03  6.5034e-04     1.5960e-02  1.3384e-03     3.7911e-04  3.1792e-05 
2.6651e-02     4.7875e-01  8.0658e-03     1.2759e-02  2.1496e-04     2.6194e-02  4.6765e-04     6.9810e-04  1.2463e-05 
2.9903e-02     4.8050e-01  1.8425e-02     1.4368e-02  5.5096e-04     2.9497e-02  1.1444e-03     8.8206e-04  3.4222e-05 
3.3552e-02     4.6917e-01  1.9871e-02     1.5741e-02  6.6670e-04     3.2316e-02  1.3819e-03     1.0843e-03  4.6366e-05 
3.7646e-02     4.7273e-01  1.6399e-02     1.7797e-02  6.1735e-04     3.6535e-02  1.2856e-03     1.3754e-03  4.8398e-05 
4.2240e-02     5.1801e-01  4.0478e-02     2.1881e-02  1.7098e-03     4.4919e-02  3.5200e-03     1.8973e-03  1.4868e-04 
4.7394e-02     5.2663e-01  1.7367e-02     2.4959e-02  8.2310e-04     5.1238e-02  1.7166e-03     2.4284e-03  8.1358e-05 
5.3176e-02     5.5850e-01  1.0656e-02     2.9699e-02  5.6662e-04     6.0969e-02  1.2177e-03     3.2421e-03  6.4754e-05 
5.9665e-02     5.9435e-01  2.2549e-02     3.5462e-02  1.3454e-03     7.2800e-02  2.7952e-03     4.3436e-03  1.6678e-04 
6.6945e-02     6.5369e-01  1.0341e-02     4.3761e-02  6.9227e-04     8.9838e-02  1.5171e-03     6.0142e-03  1.0156e-04 
7.5114e-02     6.7935e-01  8.0258e-03     5.1029e-02  6.0285e-04     1.0476e-01  1.3837e-03     7.8687e-03  1.0394e-04 
8.4279e-02     7.3871e-01  1.2537e-02     6.2257e-02  1.0566e-03     1.2781e-01  2.2968e-03     1.0772e-02  1.9357e-04 
9.4563e-02     8.0542e-01  1.0844e-02     7.6162e-02  1.0255e-03     1.5635e-01  2.2990e-03     1.4785e-02  2.1740e-04 
1.0610e-01     8.5671e-01  8.9549e-03     9.0898e-02  9.5013e-04     1.8661e-01  2.2405e-03     1.9799e-02  2.3772e-04 
1.1905e-01     9.6071e-01  1.4588e-02     1.1437e-01  1.7367e-03     2.3479e-01  3.8256e-03     2.7951e-02  4.5542e-04 
1.3357e-01     1.0554e+00  1.2121e-02     1.4097e-01  1.6190e-03     2.8940e-01  3.7378e-03     3.8657e-02  4.9926e-04 
1.4987e-01     1.1517e+00  1.6680e-02     1.7261e-01  2.4998e-03     3.5434e-01  5.5425e-03     5.3106e-02  8.3066e-04 
1.6816e-01     1.2747e+00  1.3211e-02     2.1435e-01  2.2216e-03     4.4003e-01  5.2496e-03     7.3995e-02  8.8277e-04 
1.8868e-01     1.4047e+00  2.2658e-02     2.6503e-01  4.2751e-03     5.4409e-01  9.3465e-03     1.0266e-01  1.7635e-03 
2.1170e-01     1.5720e+00  2.2301e-02     3.3278e-01  4.7212e-03     6.8317e-01  1.0499e-02     1.4463e-01  2.2226e-03 
2.3753e-01     1.7155e+00  9.4421e-03     4.0749e-01  2.2428e-03     8.3655e-01  6.7548e-03     1.9870e-01  1.6045e-03 
2.6651e-01     1.8570e+00  1.2226e-02     4.9492e-01  3.2583e-03     1.0160e+00  8.9876e-03     2.7078e-01  2.3953e-03 
2.9903e-01     1.9483e+00  1.5892e-02     5.8260e-01  4.7522e-03     1.1960e+00  1.2046e-02     3.5765e-01  3.6022e-03 
3.3552e-01     1.9819e+00  6.5992e-03     6.6496e-01  2.2142e-03     1.3651e+00  9.2580e-03     4.5802e-01  3.1062e-03 
3.7646e-01     1.9141e+00  1.0000e-02     7.2059e-01  3.7647e-03     1.4793e+00  1.1667e-02     5.5690e-01  4.3922e-03 
4.2240e-01     1.7072e+00  8.1384e-03     7.2110e-01  3.4376e-03     1.4803e+00  1.1238e-02     6.2529e-01  4.7470e-03 
4.7394e-01     1.4418e+00  5.1537e-03     6.8332e-01  2.4425e-03     1.4028e+00  9.6867e-03     6.6483e-01  4.5909e-03 
5.3176e-01     1.1188e+00  5.2072e-03     5.9494e-01  2.7690e-03     1.2214e+00  9.1861e-03     6.4947e-01  4.8848e-03 
5.9665e-01     8.0272e-01  3.5783e-03     4.7894e-01  2.1350e-03     9.8322e-01  7.2771e-03     5.8664e-01  4.3419e-03 
6.6945e-01     5.4373e-01  6.4312e-03     3.6400e-01  4.3054e-03     7.4726e-01  9.8798e-03     5.0026e-01  6.6141e-03 
7.5114e-01     3.5712e-01  4.9888e-03     2.6824e-01  3.7472e-03     5.5068e-01  8.3524e-03     4.1363e-01  6.2738e-03 
8.4279e-01     2.3077e-01  2.4483e-03     1.9449e-01  2.0634e-03     3.9928e-01  4.8486e-03     3.3651e-01  4.0863e-03 
9.4563e-01     1.5586e-01  2.4738e-03     1.4738e-01  2.3393e-03     3.0256e-01  5.1243e-03     2.8611e-01  4.8456e-03 
1.0610e+00     1.0483e-01  9.6886e-04     1.1123e-01  1.0280e-03     2.2835e-01  2.5047e-03     2.4228e-01  2.6575e-03 
1.1905e+00     7.3901e-02  1.2704e-03     8.7977e-02  1.5123e-03     1.8061e-01  3.2830e-03     2.1501e-01  3.9083e-03 
1.3357e+00     5.2220e-02  6.2945e-04     6.9752e-02  8.4077e-04     1.4319e-01  1.9222e-03     1.9127e-01  2.5676e-03 
1.4987e+00     3.8629e-02  1.0470e-03     5.7894e-02  1.5692e-03     1.1885e-01  3.2971e-03     1.7812e-01  4.9414e-03 
1.6816e+00     2.8754e-02  3.3598e-04     4.8352e-02  5.6498e-04     9.9263e-02  1.2997e-03     1.6692e-01  2.1856e-03 
1.8868e+00     2.0728e-02  5.3427e-04     3.9109e-02  1.0080e-03     8.0287e-02  2.1231e-03     1.5148e-01  4.0057e-03 
2.1170e+00     1.6045e-02  4.1429e-04     3.3967e-02  8.7705e-04     6.9730e-02  1.8470e-03     1.4762e-01  3.9101e-03 
2.3753e+00     1.1461e-02  6.9927e-04     2.7224e-02  1.6610e-03     5.5888e-02  3.4258e-03     1.3275e-01  8.1372e-03 
2.6651e+00     9.1517e-03  3.8829e-04     2.4391e-02  1.0348e-03     5.0071e-02  2.1449e-03     1.3345e-01  5.7165e-03 
2.9903e+00     6.7381e-03  2.5625e-04     2.0149e-02  7.6628e-04     4.1364e-02  1.5920e-03     1.2369e-01  4.7605e-03 
3.3552e+00     4.9002e-03  1.8048e-04     1.6441e-02  6.0554e-04     3.3752e-02  1.2590e-03     1.1324e-01  4.2242e-03 
3.7646e+00     3.4334e-03  8.7200e-05     1.2925e-02  3.2828e-04     2.6535e-02  6.9191e-04     9.9893e-02  2.6048e-03 
4.2240e+00     2.4182e-03  8.5599e-05     1.0214e-02  3.6157e-04     2.0969e-02  7.5253e-04     8.8573e-02  3.1786e-03 
4.7394e+00     1.5685e-03  1.4641e-04     7.4335e-03  6.9388e-04     1.5260e-02  1.4273e-03     7.2323e-02  6.7645e-03 
5.3176e+00     1.0246e-03  4.4836e-05     5.4483e-03  2.3842e-04     1.1185e-02  4.9390e-04     5.9477e-02  2.6264e-03 
5.9665e+00     5.4672e-04  7.1363e-05     3.2620e-03  4.2579e-04     6.6965e-03  8.7500e-04     3.9955e-02  5.2207e-03 
6.6945e+00     3.2397e-04  3.6533e-05     2.1688e-03  2.4457e-04     4.4524e-03  5.0277e-04     2.9807e-02  3.3658e-03 
7.5114e+00     1.6649e-04  2.0379e-05     1.2506e-03  1.5307e-04     2.5673e-03  3.1461e-04     1.9284e-02  2.3631e-03 
8.4279e+00     6.4335e-05  1.0587e-05     5.4221e-04  8.9225e-05     1.1131e-03  1.8329e-04     9.3811e-03  1.5447e-03 
9.4563e+00     2.3120e-05  8.1749e-06     2.1863e-04  7.7304e-05     4.4883e-04  1.5872e-04     4.2442e-03  1.5009e-03 
1.0610e+01     4.9454e-06  1.7410e-06     5.2472e-05  1.8472e-05     1.0772e-04  3.7926e-05     1.1429e-03  4.0240e-04 
1.1905e+01     3.6730e-06  2.8904e-06     4.3726e-05  3.4410e-05     8.9766e-05  7.0642e-05     1.0686e-03  8.4097e-04 
1.3357e+01     6.5472e-07  3.5903e-07     8.7453e-06  4.7957e-06     1.7953e-05  9.8456e-06     2.3981e-04  1.3151e-04 
1.4987e+01     5.8352e-07  2.9767e-07     8.7453e-06  4.4613e-06     1.7953e-05  9.1592e-06     2.6907e-04  1.3727e-04 
1.6816e+01     5.2006e-07  1.8747e-07     8.7453e-06  3.1524e-06     1.7953e-05  6.4725e-06     3.0190e-04  1.0884e-04 
1.8868e+01     4.6350e-07  3.1012e-07     8.7453e-06  5.8512e-06     1.7953e-05  1.2012e-05     3.3873e-04  2.2665e-04 
2.1170e+01     0.0000e+00  0.0000e+00     0.0000e+00  0.0000e+00     0.0000e+00  0.0000e+00     0.0000e+00  0.0000e+00 
2.3753e+01     0.0000e+00  0.0000e+00     0.0000e+00  0.0000e+00     0.0000e+00  0.0000e+00     0.0000e+00  0.0000e+00 
2.6651e+01     0.0000e+00  0.0000e+00     0.0000e+00  0.0000e+00     0.0000e+00  0.0000e+00     0.0000e+00  0.0000e+00 
2.9903e+01     0.0000e+00  0.0000e+00     0.0000e+00  0.0000e+00     0.0000e+00  0.0000e+00     0.0000e+00  0.0000e+00 
3.3552e+01     0.0000e+00  0.0000e+00     0.0000e+00  0.0000e+00     0.0000e+00  0.0000e+00     0.0000e+00  0.0000e+00 
3.7646e+01     2.3230e-07  1.8565e-07     8.7453e-06  6.9889e-06     1.7953e-05  1.4348e-05     6.7586e-04  5.4014e-04 
4.2240e+01     0.0000e+00  0.0000e+00     0.0000e+00  0.0000e+00     0.0000e+00  0.0000e+00     0.0000e+00  0.0000e+00 
4.7394e+01     0.0000e+00  0.0000e+00     0.0000e+00  0.0000e+00     0.0000e+00  0.0000e+00     0.0000e+00  0.0000e+00 
5.3176e+01     1.6446e-07  1.6208e-07     8.7453e-06  8.6187e-06     1.7953e-05  1.7694e-05     9.5468e-04  9.4089e-04 
5.9665e+01     0.0000e+00  0.0000e+00     0.0000e+00  0.0000e+00     0.0000e+00  0.0000e+00     0.0000e+00  0.0000e+00 
6.6945e+01     0.0000e+00  0.0000e+00     0.0000e+00  0.0000e+00     0.0000e+00  0.0000e+00     0.0000e+00  0.0000e+00 
7.5114e+01     0.0000e+00  0.0000e+00     0.0000e+00  0.0000e+00     0.0000e+00  0.0000e+00     0.0000e+00  0.0000e+00 
8.4279e+01     0.0000e+00  0.0000e+00     0.0000e+00  0.0000e+00     0.0000e+00  0.0000e+00     0.0000e+00  0.0000e+00 
9.4563e+01     0.0000e+00  0.0000e+00     0.0000e+00  0.0000e+00     0.0000e+00  0.0000e+00     0.0000e+00  0.0000e+00 
1.0610e+02     8.2424e-08  4.5199e-08     8.7453e-06  4.7957e-06     1.7953e-05  9.8456e-06     1.9048e-03  1.0446e-03 
1.1905e+02     0.0000e+00  0.0000e+00     0.0000e+00  0.0000e+00     0.0000e+00  0.0000e+00     0.0000e+00  0.0000e+00 
1.3357e+02     0.0000e+00  0.0000e+00     0.0000e+00  0.0000e+00     0.0000e+00  0.0000e+00     0.0000e+00  0.0000e+00 
1.4987e+02     0.0000e+00  0.0000e+00     0.0000e+00  0.0000e+00     0.0000e+00  0.0000e+00     0.0000e+00  0.0000e+00 
1.6816e+02     0.0000e+00  0.0000e+00     0.0000e+00  0.0000e+00     0.0000e+00  0.0000e+00     0.0000e+00  0.0000e+00 
1.8868e+02     0.0000e+00  0.0000e+00     0.0000e+00  0.0000e+00     0.0000e+00  0.0000e+00     0.0000e+00  0.0000e+00 
2.1170e+02     4.1310e-08  4.8523e-07     8.7453e-06  1.0272e-04     1.7953e-05  2.1088e-04     3.8007e-03  4.4643e-02 
2.3753e+02     3.6817e-08  3.2742e-08     8.7453e-06  7.7773e-06     1.7953e-05  1.5966e-05     4.2644e-03  3.7925e-03 
2.6651e+02     3.2814e-08  4.6178e-08     8.7453e-06  1.2307e-05     1.7953e-05  2.5266e-05     4.7848e-03  6.7336e-03 
2.9903e+02     0.0000e+00  0.0000e+00     0.0000e+00  0.0000e+00     0.0000e+00  0.0000e+00     0.0000e+00  0.0000e+00 
3.3552e+02     0.0000e+00  0.0000e+00     0.0000e+00  0.0000e+00     0.0000e+00  0.0000e+00     0.0000e+00  0.0000e+00 
3.7646e+02     0.0000e+00  0.0000e+00     0.0000e+00  0.0000e+00     0.0000e+00  0.0000e+00     0.0000e+00  0.0000e+00 
4.2240e+02     2.0704e-08  1.6962e-08     8.7453e-06  7.1645e-06     1.7953e-05  1.4709e-05     7.5833e-03  6.2128e-03 
4.7394e+02     0.0000e+00  0.0000e+00     0.0000e+00  0.0000e+00     0.0000e+00  0.0000e+00     0.0000e+00  0.0000e+00 
5.3176e+02     1.6446e-08  4.6508e-09     8.7453e-06  2.4731e-06     1.7953e-05  5.0782e-06     9.5468e-03  2.7004e-03 
5.9665e+02     0.0000e+00  0.0000e+00     0.0000e+00  0.0000e+00     0.0000e+00  0.0000e+00     0.0000e+00  0.0000e+00 
6.6945e+02     0.0000e+00  0.0000e+00     0.0000e+00  0.0000e+00     0.0000e+00  0.0000e+00     0.0000e+00  0.0000e+00 
7.5114e+02     0.0000e+00  0.0000e+00     0.0000e+00  0.0000e+00     0.0000e+00  0.0000e+00     0.0000e+00  0.0000e+00 
8.4279e+02     0.0000e+00  0.0000e+00     0.0000e+00  0.0000e+00     0.0000e+00  0.0000e+00     0.0000e+00  0.0000e+00 
9.4563e+02     9.2481e-09  3.3337e-09     8.7453e-06  3.1524e-06     1.7953e-05  6.4725e-06     1.6977e-02  6.1206e-03 
1.0610e+03     0.0000e+00  0.0000e+00     0.0000e+00  0.0000e+00     0.0000e+00  0.0000e+00     0.0000e+00  0.0000e+00 
1.1905e+03     0.0000e+00  0.0000e+00     0.0000e+00  0.0000e+00     0.0000e+00  0.0000e+00     0.0000e+00  0.0000e+00 
1.3357e+03     0.0000e+00  0.0000e+00     0.0000e+00  0.0000e+00     0.0000e+00  0.0000e+00     0.0000e+00  0.0000e+00 
1.4987e+03     0.0000e+00  0.0000e+00     0.0000e+00  0.0000e+00     0.0000e+00  0.0000e+00     0.0000e+00  0.0000e+00 
1.6816e+03     0.0000e+00  0.0000e+00     0.0000e+00  0.0000e+00     0.0000e+00  0.0000e+00     0.0000e+00  0.0000e+00 
1.8868e+03     0.0000e+00  0.0000e+00     0.0000e+00  0.0000e+00     0.0000e+00  0.0000e+00     0.0000e+00  0.0000e+00 
2.1170e+03     0.0000e+00  0.0000e+00     0.0000e+00  0.0000e+00     0.0000e+00  0.0000e+00     0.0000e+00  0.0000e+00 
2.3753e+03     0.0000e+00  0.0000e+00     0.0000e+00  0.0000e+00     0.0000e+00  0.0000e+00     0.0000e+00  0.0000e+00 
2.6651e+03     0.0000e+00  0.0000e+00     0.0000e+00  0.0000e+00     0.0000e+00  0.0000e+00     0.0000e+00  0.0000e+00 
2.9903e+03     0.0000e+00  0.0000e+00     0.0000e+00  0.0000e+00     0.0000e+00  0.0000e+00     0.0000e+00  0.0000e+00 
3.3552e+03     0.0000e+00  0.0000e+00     0.0000e+00  0.0000e+00     0.0000e+00  0.0000e+00     0.0000e+00  0.0000e+00 
3.7646e+03     0.0000e+00  0.0000e+00     0.0000e+00  0.0000e+00     0.0000e+00  0.0000e+00     0.0000e+00  0.0000e+00 
4.2240e+03     0.0000e+00  0.0000e+00     0.0000e+00  0.0000e+00     0.0000e+00  0.0000e+00     0.0000e+00  0.0000e+00 
4.7394e+03     0.0000e+00  0.0000e+00     0.0000e+00  0.0000e+00     0.0000e+00  0.0000e+00     0.0000e+00  0.0000e+00 
5.3176e+03     0.0000e+00  0.0000e+00     0.0000e+00  0.0000e+00     0.0000e+00  0.0000e+00     0.0000e+00  0.0000e+00 
5.9665e+03     0.0000e+00  0.0000e+00     0.0000e+00  0.0000e+00     0.0000e+00  0.0000e+00     0.0000e+00  0.0000e+00 
6.6945e+03     0.0000e+00  0.0000e+00     0.0000e+00  0.0000e+00     0.0000e+00  0.0000e+00     0.0000e+00  0.0000e+00 
7.5114e+03     0.0000e+00  0.0000e+00     0.0000e+00  0.0000e+00     0.0000e+00  0.0000e+00     0.0000e+00  0.0000e+00 
8.4279e+03     0.0000e+00  0.0000e+00     0.0000e+00  0.0000e+00     0.0000e+00  0.0000e+00     0.0000e+00  0.0000e+00 
9.4563e+03     0.0000e+00  0.0000e+00     0.0000e+00  0.0000e+00     0.0000e+00  0.0000e+00     0.0000e+00  0.0000e+00 
