yF = 4.7318e-01 (std: 1.7035e-03) keV/um
yD = 4.3974e+00 (std: 1.0373e+00) keV/um
y (keV/um)     f(y)(std)                  yf(y)(std)                 d(y)(std)                  yd(y)(std)  
1.0610e-03     0.0000e+00  0.0000e+00     0.0000e+00  0.0000e+00     0.0000e+00  0.0000e+00     0.0000e+00  0.0000e+00 
1.1905e-03     1.4695e-02  1.1651e-02     1.7494e-05  1.3870e-05     3.6972e-05  2.9313e-05     4.4014e-08  3.4896e-08 
1.3357e-03     1.9646e-02  9.2306e-03     2.6242e-05  1.2330e-05     5.5458e-05  2.6058e-05     7.4077e-08  3.4806e-08 
1.4987e-03     5.8365e-03  4.0983e-03     8.7472e-06  6.1422e-06     1.8486e-05  1.2981e-05     2.7705e-08  1.9454e-08 
1.6816e-03     1.5605e-02  6.0161e-02     2.6242e-05  1.0117e-04     5.5458e-05  2.1380e-04     9.3257e-08  3.5952e-07 
1.8868e-03     3.2453e-02  1.3289e-02     6.1231e-05  2.5073e-05     1.2940e-04  5.2990e-05     2.4415e-07  9.9980e-08 
2.1170e-03     1.2396e-02  2.2440e-02     2.6242e-05  4.7506e-05     5.5458e-05  1.0040e-04     1.1740e-07  2.1254e-07 
2.3753e-03     7.3652e-03  4.2345e-02     1.7494e-05  1.0058e-04     3.6972e-05  2.1256e-04     8.7819e-08  5.0490e-07 
2.6651e-03     1.3128e-02  5.2857e-03     3.4989e-05  1.4087e-05     7.3944e-05  2.9772e-05     1.9707e-07  7.9346e-08 
2.9903e-03     3.5102e-02  1.0766e-02     1.0497e-04  3.2193e-05     2.2183e-04  6.8040e-05     6.6335e-07  2.0346e-07 
3.3552e-03     3.3892e-02  1.2713e-02     1.1371e-04  4.2655e-05     2.4032e-04  9.0148e-05     8.0631e-07  3.0246e-07 
3.7646e-03     3.2530e-02  1.0293e-02     1.2246e-04  3.8749e-05     2.5880e-04  8.1895e-05     9.7429e-07  3.0830e-07 
4.2240e-03     1.2425e-02  4.2452e-03     5.2483e-05  1.7931e-05     1.1092e-04  3.7897e-05     4.6850e-07  1.6008e-07 
4.7394e-03     1.2920e-02  1.0918e-02     6.1231e-05  5.1746e-05     1.2940e-04  1.0936e-04     6.1328e-07  5.1829e-07 
5.3176e-03     2.6319e-02  9.4524e-03     1.3996e-04  5.0264e-05     2.9577e-04  1.0623e-04     1.5728e-06  5.6490e-07 
5.9665e-03     4.8380e-02  1.1261e-02     2.8866e-04  6.7189e-05     6.1003e-04  1.4201e-04     3.6398e-06  8.4731e-07 
6.6945e-03     3.1359e-02  2.6228e-02     2.0993e-04  1.7558e-04     4.4366e-04  3.7107e-04     2.9701e-06  2.4841e-06 
7.5114e-03     1.6303e-02  4.2140e-03     1.2246e-04  3.1653e-05     2.5880e-04  6.6901e-05     1.9440e-06  5.0251e-07 
8.4279e-03     0.0000e+00  0.0000e+00     0.0000e+00  0.0000e+00     0.0000e+00  0.0000e+00     0.0000e+00  0.0000e+00 
9.4563e-03     1.8500e-03  1.1642e-03     1.7494e-05  1.1009e-05     3.6972e-05  2.3267e-05     3.4961e-07  2.2002e-07 
1.0610e-02     8.2443e-04  2.8104e-03     8.7472e-06  2.9818e-05     1.8486e-05  6.3016e-05     1.9614e-07  6.6860e-07 
1.1905e-02     8.5013e-01  4.6751e-02     1.0121e-02  5.5655e-04     2.1388e-02  1.1787e-03     2.5462e-04  1.4032e-05 
1.3357e-02     7.2363e-01  3.0323e-02     9.6657e-03  4.0504e-04     2.0427e-02  8.5914e-04     2.7285e-04  1.1476e-05 
1.4987e-02     5.8307e-01  4.0915e-02     8.7385e-03  6.1319e-04     1.8467e-02  1.2976e-03     2.7677e-04  1.9447e-05 
1.6816e-02     4.7960e-01  1.7977e-02     8.0650e-03  3.0229e-04     1.7044e-02  6.4178e-04     2.8661e-04  1.0792e-05 
1.8868e-02     3.5930e-01  3.7667e-02     6.7791e-03  7.1068e-04     1.4327e-02  1.5028e-03     2.7031e-04  2.8354e-05 
2.1170e-02     2.8469e-01  6.4664e-03     6.0268e-03  1.3689e-04     1.2737e-02  2.9291e-04     2.6964e-04  6.2009e-06 
2.3753e-02     3.7783e-01  8.8368e-03     8.9747e-03  2.0990e-04     1.8967e-02  4.4882e-04     4.5051e-04  1.0661e-05 
2.6651e-02     4.9789e-01  1.4302e-02     1.3270e-02  3.8118e-04     2.8043e-02  8.1187e-04     7.4739e-04  2.1637e-05 
2.9903e-02     5.1512e-01  1.1931e-02     1.5404e-02  3.5677e-04     3.2554e-02  7.6303e-04     9.7346e-04  2.2817e-05 
3.3552e-02     4.9560e-01  2.1956e-02     1.6629e-02  7.3666e-04     3.5142e-02  1.5619e-03     1.1791e-03  5.2406e-05 
3.7646e-02     4.9794e-01  2.0327e-02     1.8745e-02  7.6524e-04     3.9615e-02  1.6235e-03     1.4914e-03  6.1118e-05 
4.2240e-02     5.4174e-01  1.5647e-02     2.2883e-02  6.6091e-04     4.8359e-02  1.4075e-03     2.0427e-03  5.9454e-05 
4.7394e-02     5.5850e-01  1.2816e-02     2.6469e-02  6.0740e-04     5.5938e-02  1.2993e-03     2.6511e-03  6.1581e-05 
5.3176e-02     5.8017e-01  1.1777e-02     3.0852e-02  6.2624e-04     6.5200e-02  1.3441e-03     3.4671e-03  7.1475e-05 
5.9665e-02     6.3510e-01  8.8198e-03     3.7893e-02  5.2623e-04     8.0081e-02  1.1489e-03     4.7780e-03  6.8547e-05 
6.6945e-02     6.9735e-01  9.6241e-03     4.6684e-02  6.4429e-04     9.8659e-02  1.4072e-03     6.6048e-03  9.4203e-05 
7.5114e-02     7.1782e-01  1.4817e-02     5.3918e-02  1.1130e-03     1.1395e-01  2.3875e-03     8.5590e-03  1.7934e-04 
8.4279e-02     7.8215e-01  9.3903e-03     6.5919e-02  7.9141e-04     1.3931e-01  1.7461e-03     1.1741e-02  1.4716e-04 
9.4563e-02     8.6120e-01  2.3031e-02     8.1437e-02  2.1779e-03     1.7210e-01  4.6441e-03     1.6275e-02  4.3916e-04 
1.0610e-01     9.3119e-01  1.7843e-02     9.8800e-02  1.8931e-03     2.0880e-01  4.0709e-03     2.2154e-02  4.3192e-04 
1.1905e-01     1.0160e+00  2.1429e-02     1.2095e-01  2.5511e-03     2.5560e-01  5.4693e-03     3.0429e-02  6.5110e-04 
1.3357e-01     1.1227e+00  8.6481e-03     1.4996e-01  1.1552e-03     3.1692e-01  2.6947e-03     4.2332e-02  3.5994e-04 
1.4987e-01     1.2224e+00  1.6759e-02     1.8320e-01  2.5117e-03     3.8717e-01  5.4880e-03     5.8026e-02  8.2249e-04 
1.6816e-01     1.3614e+00  8.8486e-03     2.2893e-01  1.4880e-03     4.8381e-01  3.5947e-03     8.1357e-02  6.0448e-04 
1.8868e-01     1.5000e+00  1.5487e-02     2.8301e-01  2.9220e-03     5.9809e-01  6.5398e-03     1.1285e-01  1.2339e-03 
2.1170e-01     1.6622e+00  1.3621e-02     3.5189e-01  2.8836e-03     7.4367e-01  6.6562e-03     1.5743e-01  1.4091e-03 
2.3753e-01     1.8294e+00  1.1409e-02     4.3455e-01  2.7099e-03     9.1834e-01  6.6127e-03     2.1813e-01  1.5707e-03 
2.6651e-01     1.9456e+00  6.9956e-03     5.1854e-01  1.8644e-03     1.0958e+00  5.5757e-03     2.9206e-01  1.4860e-03 
2.9903e-01     2.0297e+00  1.4246e-02     6.0696e-01  4.2602e-03     1.2827e+00  1.0118e-02     3.8357e-01  3.0257e-03 
3.3552e-01     2.0286e+00  1.4612e-02     6.8062e-01  4.9026e-03     1.4384e+00  1.1583e-02     4.8261e-01  3.8863e-03 
3.7646e-01     1.9186e+00  6.4878e-03     7.2226e-01  2.4424e-03     1.5264e+00  7.5391e-03     5.7462e-01  2.8382e-03 
4.2240e-01     1.6877e+00  5.7446e-03     7.1286e-01  2.4265e-03     1.5065e+00  7.4640e-03     6.3635e-01  3.1528e-03 
4.7394e-01     1.3884e+00  7.6035e-03     6.5800e-01  3.6036e-03     1.3906e+00  9.1137e-03     6.5905e-01  4.3193e-03 
5.3176e-01     1.0635e+00  4.4235e-03     5.6552e-01  2.3523e-03     1.1951e+00  6.5745e-03     6.3553e-01  3.4961e-03 
5.9665e-01     7.4715e-01  6.0923e-03     4.4579e-01  3.6350e-03     9.4210e-01  8.3973e-03     5.6210e-01  5.0103e-03 
6.6945e-01     5.0190e-01  5.9450e-03     3.3600e-01  3.9799e-03     7.1008e-01  8.7907e-03     4.7536e-01  5.8850e-03 
7.5114e-01     3.2373e-01  3.1897e-03     2.4316e-01  2.3959e-03     5.1389e-01  5.3908e-03     3.8600e-01  4.0492e-03 
8.4279e-01     2.1296e-01  2.4900e-03     1.7948e-01  2.0986e-03     3.7931e-01  4.6404e-03     3.1968e-01  3.9109e-03 
9.4563e-01     1.4444e-01  2.5246e-03     1.3659e-01  2.3873e-03     2.8866e-01  5.1511e-03     2.7296e-01  4.8710e-03 
1.0610e+00     9.8131e-02  1.5247e-03     1.0412e-01  1.6178e-03     2.2004e-01  3.5095e-03     2.3346e-01  3.7236e-03 
1.1905e+00     6.8907e-02  5.0420e-04     8.2032e-02  6.0024e-04     1.7336e-01  1.4137e-03     2.0638e-01  1.6830e-03 
1.3357e+00     5.0045e-02  9.5385e-04     6.6846e-02  1.2741e-03     1.4127e-01  2.7402e-03     1.8870e-01  3.6602e-03 
1.4987e+00     3.6618e-02  6.3468e-04     5.4880e-02  9.5121e-04     1.1598e-01  2.0531e-03     1.7382e-01  3.0771e-03 
1.6816e+00     2.6435e-02  5.2318e-04     4.4453e-02  8.7977e-04     9.3945e-02  1.8898e-03     1.5798e-01  3.1778e-03 
1.8868e+00     1.9736e-02  4.2230e-04     3.7237e-02  7.9678e-04     7.8694e-02  1.7075e-03     1.4848e-01  3.2217e-03 
2.1170e+00     1.5168e-02  4.0310e-04     3.2111e-02  8.5336e-04     6.7862e-02  1.8199e-03     1.4366e-01  3.8528e-03 
2.3753e+00     1.0908e-02  1.8941e-04     2.5909e-02  4.4991e-04     5.4755e-02  9.7104e-04     1.3006e-01  2.3065e-03 
2.6651e+00     8.9831e-03  2.8230e-04     2.3941e-02  7.5236e-04     5.0596e-02  1.6004e-03     1.3484e-01  4.2652e-03 
2.9903e+00     6.7045e-03  3.5758e-04     2.0049e-02  1.0693e-03     4.2370e-02  2.2649e-03     1.2670e-01  6.7728e-03 
3.3552e+00     4.4503e-03  1.4977e-04     1.4932e-02  5.0252e-04     3.1555e-02  1.0681e-03     1.0587e-01  3.5836e-03 
3.7646e+00     3.3250e-03  1.8336e-04     1.2517e-02  6.9026e-04     2.6453e-02  1.4619e-03     9.9586e-02  5.5033e-03 
4.2240e+00     2.1827e-03  6.2748e-05     9.2196e-03  2.6505e-04     1.9484e-02  5.6451e-04     8.2300e-02  2.3844e-03 
4.7394e+00     1.4913e-03  1.1374e-04     7.0678e-03  5.3905e-04     1.4937e-02  1.1405e-03     7.0790e-02  5.4051e-03 
5.3176e+00     9.9848e-04  5.5024e-05     5.3096e-03  2.9260e-04     1.1221e-02  6.1967e-04     5.9669e-02  3.2952e-03 
5.9665e+00     6.0842e-04  2.6900e-05     3.6301e-03  1.6050e-04     7.6716e-03  3.4031e-04     4.5773e-02  2.0305e-03 
6.6945e+00     3.4103e-04  3.1773e-05     2.2830e-03  2.1270e-04     4.8248e-03  4.4985e-04     3.2300e-02  3.0115e-03 
7.5114e+00     1.3741e-04  1.9776e-05     1.0322e-03  1.4854e-04     2.1813e-03  3.1402e-04     1.6385e-02  2.3587e-03 
8.4279e+00     5.6046e-05  1.0090e-05     4.7235e-04  8.5041e-05     9.9824e-04  1.7976e-04     8.4130e-03  1.5150e-03 
9.4563e+00     2.4051e-05  8.3311e-06     2.2743e-04  7.8781e-05     4.8063e-04  1.6650e-04     4.5450e-03  1.5745e-03 
1.0610e+01     7.4198e-06  3.1225e-06     7.8725e-05  3.3131e-05     1.6637e-04  7.0019e-05     1.7652e-03  7.4290e-04 
1.1905e+01     1.4695e-06  6.7061e-07     1.7494e-05  7.9834e-06     3.6972e-05  1.6872e-05     4.4014e-04  2.0086e-04 
1.3357e+01     0.0000e+00  0.0000e+00     0.0000e+00  0.0000e+00     0.0000e+00  0.0000e+00     0.0000e+00  0.0000e+00 
1.4987e+01     5.8365e-07  2.3343e-07     8.7472e-06  3.4984e-06     1.8486e-05  7.3937e-06     2.7705e-04  1.1081e-04 
1.6816e+01     5.2018e-07  5.4685e-07     8.7472e-06  9.1958e-06     1.8486e-05  1.9434e-05     3.1086e-04  3.2680e-04 
1.8868e+01     0.0000e+00  0.0000e+00     0.0000e+00  0.0000e+00     0.0000e+00  0.0000e+00     0.0000e+00  0.0000e+00 
2.1170e+01     4.1319e-07  3.9226e-07     8.7472e-06  8.3041e-06     1.8486e-05  1.7550e-05     3.9134e-04  3.7152e-04 
2.3753e+01     0.0000e+00  0.0000e+00     0.0000e+00  0.0000e+00     0.0000e+00  0.0000e+00     0.0000e+00  0.0000e+00 
2.6651e+01     0.0000e+00  0.0000e+00     0.0000e+00  0.0000e+00     0.0000e+00  0.0000e+00     0.0000e+00  0.0000e+00 
2.9903e+01     0.0000e+00  0.0000e+00     0.0000e+00  0.0000e+00     0.0000e+00  0.0000e+00     0.0000e+00  0.0000e+00 
3.3552e+01     0.0000e+00  0.0000e+00     0.0000e+00  0.0000e+00     0.0000e+00  0.0000e+00     0.0000e+00  0.0000e+00 
3.7646e+01     0.0000e+00  0.0000e+00     0.0000e+00  0.0000e+00     0.0000e+00  0.0000e+00     0.0000e+00  0.0000e+00 
4.2240e+01     0.0000e+00  0.0000e+00     0.0000e+00  0.0000e+00     0.0000e+00  0.0000e+00     0.0000e+00  0.0000e+00 
4.7394e+01     1.8457e-07  1.5518e-07     8.7472e-06  7.3544e-06     1.8486e-05  1.5543e-05     8.7611e-04  7.3661e-04 
5.3176e+01     0.0000e+00  0.0000e+00     0.0000e+00  0.0000e+00     0.0000e+00  0.0000e+00     0.0000e+00  0.0000e+00 
5.9665e+01     0.0000e+00  0.0000e+00     0.0000e+00  0.0000e+00     0.0000e+00  0.0000e+00     0.0000e+00  0.0000e+00 
6.6945e+01     0.0000e+00  0.0000e+00     0.0000e+00  0.0000e+00     0.0000e+00  0.0000e+00     0.0000e+00  0.0000e+00 
7.5114e+01     0.0000e+00  0.0000e+00     0.0000e+00  0.0000e+00     0.0000e+00  0.0000e+00     0.0000e+00  0.0000e+00 
8.4279e+01     0.0000e+00  0.0000e+00     0.0000e+00  0.0000e+00     0.0000e+00  0.0000e+00     0.0000e+00  0.0000e+00 
9.4563e+01     9.2502e-08  2.7430e-07     8.7472e-06  2.5938e-05     1.8486e-05  5.4817e-05     1.7481e-03  5.1836e-03 
1.0610e+02     0.0000e+00  0.0000e+00     0.0000e+00  0.0000e+00     0.0000e+00  0.0000e+00     0.0000e+00  0.0000e+00 
1.1905e+02     0.0000e+00  0.0000e+00     0.0000e+00  0.0000e+00     0.0000e+00  0.0000e+00     0.0000e+00  0.0000e+00 
1.3357e+02     6.5487e-08  6.5492e-09     8.7472e-06  8.7480e-07     1.8486e-05  1.8499e-06     2.4692e-03  2.4710e-04 
1.4987e+02     5.8365e-08  5.4453e-08     8.7472e-06  8.1609e-06     1.8486e-05  1.7247e-05     2.7705e-03  2.5848e-03 
1.6816e+02     0.0000e+00  0.0000e+00     0.0000e+00  0.0000e+00     0.0000e+00  0.0000e+00     0.0000e+00  0.0000e+00 
1.8868e+02     0.0000e+00  0.0000e+00     0.0000e+00  0.0000e+00     0.0000e+00  0.0000e+00     0.0000e+00  0.0000e+00 
2.1170e+02     0.0000e+00  0.0000e+00     0.0000e+00  0.0000e+00     0.0000e+00  0.0000e+00     0.0000e+00  0.0000e+00 
2.3753e+02     0.0000e+00  0.0000e+00     0.0000e+00  0.0000e+00     0.0000e+00  0.0000e+00     0.0000e+00  0.0000e+00 
2.6651e+02     3.2821e-08  1.3252e-07     8.7472e-06  3.5319e-05     1.8486e-05  7.4641e-05     4.9267e-03  1.9893e-02 
2.9903e+02     0.0000e+00  0.0000e+00     0.0000e+00  0.0000e+00     0.0000e+00  0.0000e+00     0.0000e+00  0.0000e+00 
3.3552e+02     0.0000e+00  0.0000e+00     0.0000e+00  0.0000e+00     0.0000e+00  0.0000e+00     0.0000e+00  0.0000e+00 
3.7646e+02     0.0000e+00  0.0000e+00     0.0000e+00  0.0000e+00     0.0000e+00  0.0000e+00     0.0000e+00  0.0000e+00 
4.2240e+02     0.0000e+00  0.0000e+00     0.0000e+00  0.0000e+00     0.0000e+00  0.0000e+00     0.0000e+00  0.0000e+00 
4.7394e+02     0.0000e+00  0.0000e+00     0.0000e+00  0.0000e+00     0.0000e+00  0.0000e+00     0.0000e+00  0.0000e+00 
5.3176e+02     3.2899e-08  1.3541e-08     1.7494e-05  7.2009e-06     3.6972e-05  1.5218e-05     1.9660e-02  8.0926e-03 
5.9665e+02     1.4661e-08  7.1843e-09     8.7472e-06  4.2865e-06     1.8486e-05  9.0591e-06     1.1030e-02  5.4051e-03 
6.6945e+02     0.0000e+00  0.0000e+00     0.0000e+00  0.0000e+00     0.0000e+00  0.0000e+00     0.0000e+00  0.0000e+00 
7.5114e+02     1.1645e-08  5.4628e-09     8.7472e-06  4.1033e-06     1.8486e-05  8.6719e-06     1.3885e-02  6.5138e-03 
8.4279e+02     0.0000e+00  0.0000e+00     0.0000e+00  0.0000e+00     0.0000e+00  0.0000e+00     0.0000e+00  0.0000e+00 
9.4563e+02     0.0000e+00  0.0000e+00     0.0000e+00  0.0000e+00     0.0000e+00  0.0000e+00     0.0000e+00  0.0000e+00 
1.0610e+03     0.0000e+00  0.0000e+00     0.0000e+00  0.0000e+00     0.0000e+00  0.0000e+00     0.0000e+00  0.0000e+00 
1.1905e+03     0.0000e+00  0.0000e+00     0.0000e+00  0.0000e+00     0.0000e+00  0.0000e+00     0.0000e+00  0.0000e+00 
1.3357e+03     0.0000e+00  0.0000e+00     0.0000e+00  0.0000e+00     0.0000e+00  0.0000e+00     0.0000e+00  0.0000e+00 
1.4987e+03     0.0000e+00  0.0000e+00     0.0000e+00  0.0000e+00     0.0000e+00  0.0000e+00     0.0000e+00  0.0000e+00 
1.6816e+03     0.0000e+00  0.0000e+00     0.0000e+00  0.0000e+00     0.0000e+00  0.0000e+00     0.0000e+00  0.0000e+00 
1.8868e+03     0.0000e+00  0.0000e+00     0.0000e+00  0.0000e+00     0.0000e+00  0.0000e+00     0.0000e+00  0.0000e+00 
2.1170e+03     0.0000e+00  0.0000e+00     0.0000e+00  0.0000e+00     0.0000e+00  0.0000e+00     0.0000e+00  0.0000e+00 
2.3753e+03     0.0000e+00  0.0000e+00     0.0000e+00  0.0000e+00     0.0000e+00  0.0000e+00     0.0000e+00  0.0000e+00 
2.6651e+03     0.0000e+00  0.0000e+00     0.0000e+00  0.0000e+00     0.0000e+00  0.0000e+00     0.0000e+00  0.0000e+00 
2.9903e+03     0.0000e+00  0.0000e+00     0.0000e+00  0.0000e+00     0.0000e+00  0.0000e+00     0.0000e+00  0.0000e+00 
3.3552e+03     0.0000e+00  0.0000e+00     0.0000e+00  0.0000e+00     0.0000e+00  0.0000e+00     0.0000e+00  0.0000e+00 
3.7646e+03     0.0000e+00  0.0000e+00     0.0000e+00  0.0000e+00     0.0000e+00  0.0000e+00     0.0000e+00  0.0000e+00 
4.2240e+03     0.0000e+00  0.0000e+00     0.0000e+00  0.0000e+00     0.0000e+00  0.0000e+00     0.0000e+00  0.0000e+00 
4.7394e+03     0.0000e+00  0.0000e+00     0.0000e+00  0.0000e+00     0.0000e+00  0.0000e+00     0.0000e+00  0.0000e+00 
5.3176e+03     0.0000e+00  0.0000e+00     0.0000e+00  0.0000e+00     0.0000e+00  0.0000e+00     0.0000e+00  0.0000e+00 
5.9665e+03     0.0000e+00  0.0000e+00     0.0000e+00  0.0000e+00     0.0000e+00  0.0000e+00     0.0000e+00  0.0000e+00 
6.6945e+03     0.0000e+00  0.0000e+00     0.0000e+00  0.0000e+00     0.0000e+00  0.0000e+00     0.0000e+00  0.0000e+00 
7.5114e+03     0.0000e+00  0.0000e+00     0.0000e+00  0.0000e+00     0.0000e+00  0.0000e+00     0.0000e+00  0.0000e+00 
8.4279e+03     0.0000e+00  0.0000e+00     0.0000e+00  0.0000e+00     0.0000e+00  0.0000e+00     0.0000e+00  0.0000e+00 
9.4563e+03     0.0000e+00  0.0000e+00     0.0000e+00  0.0000e+00     0.0000e+00  0.0000e+00     0.0000e+00  0.0000e+00 
