yF = 3.7311e-01 (std: 8.7185e-04) keV/um
yD = 9.4968e-01 (std: 3.8300e-02) keV/um
y (keV/um)     f(y)(std)                  yf(y)(std)                 d(y)(std)                  yd(y)(std)  
1.0610e-03     1.6538e-02  7.3696e-03     1.7547e-05  7.8192e-06     4.7028e-05  2.0957e-05     4.9897e-08  2.2236e-08 
1.1905e-03     1.4739e-02  1.4064e-02     1.7547e-05  1.6743e-05     4.7028e-05  4.4873e-05     5.5985e-08  5.3421e-08 
1.3357e-03     3.2841e-02  1.5811e-02     4.3866e-05  2.1119e-05     1.1757e-04  5.6602e-05     1.5704e-07  7.5605e-08 
1.4987e-03     1.1708e-02  1.5775e-02     1.7547e-05  2.3642e-05     4.7028e-05  6.3364e-05     7.0481e-08  9.4965e-08 
1.6816e-03     1.0435e-02  1.3449e-02     1.7547e-05  2.2616e-05     4.7028e-05  6.0616e-05     7.9081e-08  1.0193e-07 
1.8868e-03     1.8600e-02  8.3783e-03     3.5093e-05  1.5808e-05     9.4055e-05  4.2369e-05     1.7746e-07  7.9940e-08 
2.1170e-03     4.9731e-02  1.3850e-02     1.0528e-04  2.9321e-05     2.8217e-04  7.8589e-05     5.9734e-07  1.6637e-07 
2.3753e-03     2.5855e-02  2.0683e-02     6.1413e-05  4.9128e-05     1.6460e-04  1.3167e-04     3.9097e-07  3.1276e-07 
2.6651e-03     1.9751e-02  1.0506e-02     5.2640e-05  2.7999e-05     1.4108e-04  7.5042e-05     3.7600e-07  2.0000e-07 
2.9903e-03     2.3471e-02  9.9937e-03     7.0186e-05  2.9884e-05     1.8811e-04  8.0097e-05     5.6251e-07  2.3952e-07 
3.3552e-03     4.1837e-02  1.1993e-02     1.4037e-04  4.0240e-05     3.7622e-04  1.0785e-04     1.2623e-06  3.6187e-07 
3.7646e-03     3.7287e-02  1.2768e-02     1.4037e-04  4.8066e-05     3.7622e-04  1.2883e-04     1.4163e-06  4.8499e-07 
4.2240e-03     4.5695e-02  1.3901e-02     1.9301e-04  5.8716e-05     5.1730e-04  1.5737e-04     2.1851e-06  6.6474e-07 
4.7394e-03     4.4428e-02  2.1671e-02     2.1056e-04  1.0271e-04     5.6433e-04  2.7527e-04     2.6746e-06  1.3046e-06 
5.3176e-03     4.1246e-02  9.3398e-03     2.1933e-04  4.9666e-05     5.8785e-04  1.3312e-04     3.1260e-06  7.0788e-07 
5.9665e-03     4.7053e-02  1.5854e-02     2.8074e-04  9.4594e-05     7.5244e-04  2.5353e-04     4.4894e-06  1.5127e-06 
6.6945e-03     5.8973e-02  1.3520e-02     3.9480e-04  9.0511e-05     1.0581e-03  2.4260e-04     7.0836e-06  1.6241e-06 
7.5114e-03     3.9712e-02  1.0393e-02     2.9829e-04  7.8068e-05     7.9947e-04  2.0924e-04     6.0051e-06  1.5717e-06 
8.4279e-03     1.0410e-03  1.6141e-03     8.7733e-06  1.3603e-05     2.3514e-05  3.6459e-05     1.9817e-07  3.0728e-07 
9.4563e-03     1.8555e-03  3.9020e-04     1.7547e-05  3.6898e-06     4.7028e-05  9.8899e-06     4.4471e-07  9.3521e-08 
1.0610e-02     8.2688e-04  4.6856e-04     8.7733e-06  4.9715e-06     2.3514e-05  1.3325e-05     2.4948e-07  1.4138e-07 
1.1905e-02     1.4186e+00  7.1542e-02     1.6889e-02  8.5169e-04     4.5264e-02  2.2851e-03     5.3886e-04  2.7204e-05 
1.3357e-02     1.1757e+00  4.0950e-02     1.5704e-02  5.4698e-04     4.2090e-02  1.4693e-03     5.6221e-04  1.9626e-05 
1.4987e-02     9.5184e-01  5.7767e-02     1.4265e-02  8.6576e-04     3.8233e-02  2.3221e-03     5.7301e-04  3.4802e-05 
1.6816e-02     7.6120e-01  3.3624e-02     1.2800e-02  5.6541e-04     3.4307e-02  1.5175e-03     5.7690e-04  2.5518e-05 
1.8868e-02     5.7054e-01  2.2797e-02     1.0765e-02  4.3013e-04     2.8851e-02  1.1548e-03     5.4436e-04  2.1788e-05 
2.1170e-02     4.7783e-01  2.4445e-02     1.0116e-02  5.1751e-04     2.7111e-02  1.3885e-03     5.7395e-04  2.9393e-05 
2.3753e-02     6.0648e-01  1.9977e-02     1.4406e-02  4.7451e-04     3.8610e-02  1.2750e-03     9.1710e-04  3.0284e-05 
2.6651e-02     7.9959e-01  1.8423e-02     2.1310e-02  4.9099e-04     5.7115e-02  1.3227e-03     1.5222e-03  3.5251e-05 
2.9903e-02     8.1122e-01  1.5924e-02     2.4258e-02  4.7617e-04     6.5016e-02  1.2852e-03     1.9442e-03  3.8433e-05 
3.3552e-02     7.5934e-01  8.3234e-03     2.5478e-02  2.7927e-04     6.8284e-02  7.6530e-04     2.2911e-03  2.5677e-05 
3.7646e-02     7.8583e-01  2.8687e-02     2.9583e-02  1.0800e-03     7.9289e-02  2.9004e-03     2.9849e-03  1.0919e-04 
4.2240e-02     8.9167e-01  3.2129e-02     3.7664e-02  1.3571e-03     1.0094e-01  3.6450e-03     4.2639e-03  1.5396e-04 
4.7394e-02     9.0614e-01  1.7712e-02     4.2945e-02  8.3943e-04     1.1510e-01  2.2658e-03     5.4550e-03  1.0739e-04 
5.3176e-02     9.6433e-01  1.5071e-02     5.1280e-02  8.0140e-04     1.3744e-01  2.1718e-03     7.3085e-03  1.1549e-04 
5.9665e-02     1.0361e+00  2.3559e-02     6.1816e-02  1.4056e-03     1.6568e-01  3.7872e-03     9.8852e-03  2.2596e-04 
6.6945e-02     1.1362e+00  1.9267e-02     7.6064e-02  1.2899e-03     2.0386e-01  3.4897e-03     1.3648e-02  2.3362e-04 
7.5114e-02     1.1618e+00  2.7762e-02     8.7268e-02  2.0853e-03     2.3389e-01  5.6156e-03     1.7568e-02  4.2181e-04 
8.4279e-02     1.2973e+00  2.2814e-02     1.0933e-01  1.9227e-03     2.9303e-01  5.1985e-03     2.4696e-02  4.3813e-04 
9.4563e-02     1.4117e+00  1.3536e-02     1.3349e-01  1.2800e-03     3.5779e-01  3.5309e-03     3.3833e-02  3.3389e-04 
1.0610e-01     1.5280e+00  1.6376e-02     1.6212e-01  1.7375e-03     4.3451e-01  4.7662e-03     4.6102e-02  5.0570e-04 
1.1905e-01     1.6581e+00  1.4491e-02     1.9739e-01  1.7251e-03     5.2904e-01  4.7860e-03     6.2980e-02  5.6977e-04 
1.3357e-01     1.8250e+00  9.1879e-03     2.4376e-01  1.2273e-03     6.5333e-01  3.6263e-03     8.7268e-02  4.8437e-04 
1.4987e-01     1.9826e+00  1.2673e-02     2.9713e-01  1.8993e-03     7.9637e-01  5.4200e-03     1.1935e-01  8.1231e-04 
1.6816e-01     2.1776e+00  1.3113e-02     3.6619e-01  2.2051e-03     9.8144e-01  6.3394e-03     1.6504e-01  1.0660e-03 
1.8868e-01     2.3237e+00  1.5637e-02     4.3843e-01  2.9503e-03     1.1751e+00  8.3706e-03     2.2171e-01  1.5793e-03 
2.1170e-01     2.4571e+00  1.6532e-02     5.2018e-01  3.4999e-03     1.3942e+00  9.9298e-03     2.9514e-01  2.1021e-03 
2.3753e-01     2.4939e+00  1.4411e-02     5.9237e-01  3.4231e-03     1.5877e+00  9.8962e-03     3.7712e-01  2.3506e-03 
2.6651e-01     2.4436e+00  1.3434e-02     6.5127e-01  3.5803e-03     1.7455e+00  1.0427e-02     4.6520e-01  2.7789e-03 
2.9903e-01     2.3134e+00  2.0911e-02     6.9179e-01  6.2532e-03     1.8541e+00  1.7310e-02     5.5444e-01  5.1764e-03 
3.3552e-01     2.0326e+00  1.0119e-02     6.8199e-01  3.3952e-03     1.8278e+00  1.0052e-02     6.1328e-01  3.3727e-03 
3.7646e-01     1.6939e+00  1.1718e-02     6.3770e-01  4.4114e-03     1.7091e+00  1.2480e-02     6.4343e-01  4.6981e-03 
4.2240e-01     1.2907e+00  5.4281e-03     5.4521e-01  2.2928e-03     1.4612e+00  7.0300e-03     6.1722e-01  2.9694e-03 
4.7394e-01     9.2350e-01  5.0120e-03     4.3768e-01  2.3754e-03     1.1731e+00  6.9314e-03     5.5595e-01  3.2850e-03 
5.3176e-01     6.3619e-01  3.7801e-03     3.3831e-01  2.0101e-03     9.0672e-01  5.7892e-03     4.8216e-01  3.0785e-03 
5.9665e-01     4.0748e-01  3.9795e-03     2.4312e-01  2.3744e-03     6.5162e-01  6.5433e-03     3.8879e-01  3.9041e-03 
6.6945e-01     2.6602e-01  1.4136e-03     1.7809e-01  9.4634e-04     4.7731e-01  2.7707e-03     3.1953e-01  1.8549e-03 
7.5114e-01     1.7805e-01  2.9042e-03     1.3374e-01  2.1815e-03     3.5844e-01  5.9064e-03     2.6924e-01  4.4365e-03 
8.4279e-01     1.2019e-01  2.1298e-03     1.0130e-01  1.7950e-03     2.7149e-01  4.8524e-03     2.2881e-01  4.0896e-03 
9.4563e-01     8.3147e-02  1.1446e-03     7.8626e-02  1.0823e-03     2.1073e-01  2.9423e-03     1.9927e-01  2.7823e-03 
1.0610e+00     5.9403e-02  5.8337e-04     6.3027e-02  6.1896e-04     1.6892e-01  1.7052e-03     1.7923e-01  1.8093e-03 
1.1905e+00     4.3584e-02  5.3990e-04     5.1885e-02  6.4274e-04     1.3906e-01  1.7530e-03     1.6555e-01  2.0869e-03 
1.3357e+00     3.2440e-02  5.4487e-04     4.3331e-02  7.2780e-04     1.1613e-01  1.9694e-03     1.5512e-01  2.6306e-03 
1.4987e+00     2.4223e-02  4.9330e-04     3.6304e-02  7.3931e-04     9.7300e-02  1.9945e-03     1.4583e-01  2.9892e-03 
1.6816e+00     1.8323e-02  4.7306e-04     3.0812e-02  7.9549e-04     8.2581e-02  2.1408e-03     1.3887e-01  3.5999e-03 
1.8868e+00     1.3610e-02  2.9223e-04     2.5679e-02  5.5138e-04     6.8825e-02  1.4865e-03     1.2986e-01  2.8047e-03 
2.1170e+00     1.0506e-02  2.3572e-04     2.2240e-02  4.9903e-04     5.9608e-02  1.3447e-03     1.2619e-01  2.8467e-03 
2.3753e+00     8.0519e-03  3.1940e-04     1.9126e-02  7.5866e-04     5.1260e-02  2.0369e-03     1.2176e-01  4.8382e-03 
2.6651e+00     6.1788e-03  4.1756e-04     1.6467e-02  1.1129e-03     4.4135e-02  2.9844e-03     1.1763e-01  7.9539e-03 
2.9903e+00     4.4243e-03  1.5526e-04     1.3230e-02  4.6428e-04     3.5459e-02  1.2471e-03     1.0603e-01  3.7293e-03 
3.3552e+00     3.1848e-03  1.1438e-04     1.0686e-02  3.8377e-04     2.8640e-02  1.0307e-03     9.6093e-02  3.4584e-03 
3.7646e+00     2.2512e-03  7.5656e-05     8.4750e-03  2.8482e-04     2.2714e-02  7.6520e-04     8.5511e-02  2.8807e-03 
4.2240e+00     1.6118e-03  9.1130e-05     6.8080e-03  3.8493e-04     1.8247e-02  1.0326e-03     7.7073e-02  4.3615e-03 
4.7394e+00     9.9962e-04  5.6280e-05     4.7376e-03  2.6673e-04     1.2697e-02  7.1549e-04     6.0178e-02  3.3910e-03 
5.3176e+00     6.2034e-04  3.2338e-05     3.2987e-03  1.7196e-04     8.8412e-03  4.6135e-04     4.7014e-02  2.4533e-03 
5.9665e+00     4.0584e-04  4.5141e-05     2.4214e-03  2.6933e-04     6.4898e-03  7.2202e-04     3.8721e-02  4.3079e-03 
6.6945e+00     2.1361e-04  2.4963e-05     1.4300e-03  1.6711e-04     3.8328e-03  4.4798e-04     2.5658e-02  2.9990e-03 
7.5114e+00     9.1104e-05  1.2637e-05     6.8431e-04  9.4920e-05     1.8341e-03  2.5444e-04     1.3776e-02  1.9112e-03 
8.4279e+00     4.2680e-05  9.2721e-06     3.5970e-04  7.8144e-05     9.6407e-04  2.0945e-04     8.1251e-03  1.7652e-03 
9.4563e+00     1.7628e-05  3.9601e-06     1.6669e-04  3.7447e-05     4.4676e-04  1.0037e-04     4.2247e-03  9.4913e-04 
1.0610e+01     5.7881e-06  2.7698e-06     6.1413e-05  2.9388e-05     1.6460e-04  7.8765e-05     1.7464e-03  8.3571e-04 
1.1905e+01     2.9478e-06  1.8374e-06     3.5093e-05  2.1874e-05     9.4055e-05  5.8627e-05     1.1197e-03  6.9794e-04 
1.3357e+01     6.5681e-07  9.2888e-08     8.7733e-06  1.2407e-06     2.3514e-05  3.3258e-06     3.1408e-04  4.4424e-05 
1.4987e+01     0.0000e+00  0.0000e+00     0.0000e+00  0.0000e+00     0.0000e+00  0.0000e+00     0.0000e+00  0.0000e+00 
1.6816e+01     0.0000e+00  0.0000e+00     0.0000e+00  0.0000e+00     0.0000e+00  0.0000e+00     0.0000e+00  0.0000e+00 
1.8868e+01     0.0000e+00  0.0000e+00     0.0000e+00  0.0000e+00     0.0000e+00  0.0000e+00     0.0000e+00  0.0000e+00 
2.1170e+01     0.0000e+00  0.0000e+00     0.0000e+00  0.0000e+00     0.0000e+00  0.0000e+00     0.0000e+00  0.0000e+00 
2.3753e+01     0.0000e+00  0.0000e+00     0.0000e+00  0.0000e+00     0.0000e+00  0.0000e+00     0.0000e+00  0.0000e+00 
2.6651e+01     0.0000e+00  0.0000e+00     0.0000e+00  0.0000e+00     0.0000e+00  0.0000e+00     0.0000e+00  0.0000e+00 
2.9903e+01     0.0000e+00  0.0000e+00     0.0000e+00  0.0000e+00     0.0000e+00  0.0000e+00     0.0000e+00  0.0000e+00 
3.3552e+01     0.0000e+00  0.0000e+00     0.0000e+00  0.0000e+00     0.0000e+00  0.0000e+00     0.0000e+00  0.0000e+00 
3.7646e+01     0.0000e+00  0.0000e+00     0.0000e+00  0.0000e+00     0.0000e+00  0.0000e+00     0.0000e+00  0.0000e+00 
4.2240e+01     0.0000e+00  0.0000e+00     0.0000e+00  0.0000e+00     0.0000e+00  0.0000e+00     0.0000e+00  0.0000e+00 
4.7394e+01     1.8512e-07  1.4272e-07     8.7733e-06  6.7640e-06     2.3514e-05  1.8129e-05     1.1144e-03  8.5919e-04 
5.3176e+01     0.0000e+00  0.0000e+00     0.0000e+00  0.0000e+00     0.0000e+00  0.0000e+00     0.0000e+00  0.0000e+00 
5.9665e+01     1.4704e-07  8.0636e-08     8.7733e-06  4.8111e-06     2.3514e-05  1.2895e-05     1.4030e-03  7.6937e-04 
6.6945e+01     0.0000e+00  0.0000e+00     0.0000e+00  0.0000e+00     0.0000e+00  0.0000e+00     0.0000e+00  0.0000e+00 
7.5114e+01     0.0000e+00  0.0000e+00     0.0000e+00  0.0000e+00     0.0000e+00  0.0000e+00     0.0000e+00  0.0000e+00 
8.4279e+01     0.0000e+00  0.0000e+00     0.0000e+00  0.0000e+00     0.0000e+00  0.0000e+00     0.0000e+00  0.0000e+00 
9.4563e+01     0.0000e+00  0.0000e+00     0.0000e+00  0.0000e+00     0.0000e+00  0.0000e+00     0.0000e+00  0.0000e+00 
1.0610e+02     0.0000e+00  0.0000e+00     0.0000e+00  0.0000e+00     0.0000e+00  0.0000e+00     0.0000e+00  0.0000e+00 
1.1905e+02     1.4739e-07  7.1147e-08     1.7547e-05  8.4699e-06     4.7028e-05  2.2701e-05     5.5985e-03  2.7025e-03 
1.3357e+02     0.0000e+00  0.0000e+00     0.0000e+00  0.0000e+00     0.0000e+00  0.0000e+00     0.0000e+00  0.0000e+00 
1.4987e+02     0.0000e+00  0.0000e+00     0.0000e+00  0.0000e+00     0.0000e+00  0.0000e+00     0.0000e+00  0.0000e+00 
1.6816e+02     0.0000e+00  0.0000e+00     0.0000e+00  0.0000e+00     0.0000e+00  0.0000e+00     0.0000e+00  0.0000e+00 
1.8868e+02     0.0000e+00  0.0000e+00     0.0000e+00  0.0000e+00     0.0000e+00  0.0000e+00     0.0000e+00  0.0000e+00 
2.1170e+02     0.0000e+00  0.0000e+00     0.0000e+00  0.0000e+00     0.0000e+00  0.0000e+00     0.0000e+00  0.0000e+00 
2.3753e+02     0.0000e+00  0.0000e+00     0.0000e+00  0.0000e+00     0.0000e+00  0.0000e+00     0.0000e+00  0.0000e+00 
2.6651e+02     0.0000e+00  0.0000e+00     0.0000e+00  0.0000e+00     0.0000e+00  0.0000e+00     0.0000e+00  0.0000e+00 
2.9903e+02     0.0000e+00  0.0000e+00     0.0000e+00  0.0000e+00     0.0000e+00  0.0000e+00     0.0000e+00  0.0000e+00 
3.3552e+02     0.0000e+00  0.0000e+00     0.0000e+00  0.0000e+00     0.0000e+00  0.0000e+00     0.0000e+00  0.0000e+00 
3.7646e+02     0.0000e+00  0.0000e+00     0.0000e+00  0.0000e+00     0.0000e+00  0.0000e+00     0.0000e+00  0.0000e+00 
4.2240e+02     0.0000e+00  0.0000e+00     0.0000e+00  0.0000e+00     0.0000e+00  0.0000e+00     0.0000e+00  0.0000e+00 
4.7394e+02     0.0000e+00  0.0000e+00     0.0000e+00  0.0000e+00     0.0000e+00  0.0000e+00     0.0000e+00  0.0000e+00 
5.3176e+02     0.0000e+00  0.0000e+00     0.0000e+00  0.0000e+00     0.0000e+00  0.0000e+00     0.0000e+00  0.0000e+00 
5.9665e+02     0.0000e+00  0.0000e+00     0.0000e+00  0.0000e+00     0.0000e+00  0.0000e+00     0.0000e+00  0.0000e+00 
6.6945e+02     0.0000e+00  0.0000e+00     0.0000e+00  0.0000e+00     0.0000e+00  0.0000e+00     0.0000e+00  0.0000e+00 
7.5114e+02     0.0000e+00  0.0000e+00     0.0000e+00  0.0000e+00     0.0000e+00  0.0000e+00     0.0000e+00  0.0000e+00 
8.4279e+02     0.0000e+00  0.0000e+00     0.0000e+00  0.0000e+00     0.0000e+00  0.0000e+00     0.0000e+00  0.0000e+00 
9.4563e+02     0.0000e+00  0.0000e+00     0.0000e+00  0.0000e+00     0.0000e+00  0.0000e+00     0.0000e+00  0.0000e+00 
1.0610e+03     0.0000e+00  0.0000e+00     0.0000e+00  0.0000e+00     0.0000e+00  0.0000e+00     0.0000e+00  0.0000e+00 
1.1905e+03     0.0000e+00  0.0000e+00     0.0000e+00  0.0000e+00     0.0000e+00  0.0000e+00     0.0000e+00  0.0000e+00 
1.3357e+03     0.0000e+00  0.0000e+00     0.0000e+00  0.0000e+00     0.0000e+00  0.0000e+00     0.0000e+00  0.0000e+00 
1.4987e+03     0.0000e+00  0.0000e+00     0.0000e+00  0.0000e+00     0.0000e+00  0.0000e+00     0.0000e+00  0.0000e+00 
1.6816e+03     0.0000e+00  0.0000e+00     0.0000e+00  0.0000e+00     0.0000e+00  0.0000e+00     0.0000e+00  0.0000e+00 
1.8868e+03     0.0000e+00  0.0000e+00     0.0000e+00  0.0000e+00     0.0000e+00  0.0000e+00     0.0000e+00  0.0000e+00 
2.1170e+03     0.0000e+00  0.0000e+00     0.0000e+00  0.0000e+00     0.0000e+00  0.0000e+00     0.0000e+00  0.0000e+00 
2.3753e+03     0.0000e+00  0.0000e+00     0.0000e+00  0.0000e+00     0.0000e+00  0.0000e+00     0.0000e+00  0.0000e+00 
2.6651e+03     0.0000e+00  0.0000e+00     0.0000e+00  0.0000e+00     0.0000e+00  0.0000e+00     0.0000e+00  0.0000e+00 
2.9903e+03     0.0000e+00  0.0000e+00     0.0000e+00  0.0000e+00     0.0000e+00  0.0000e+00     0.0000e+00  0.0000e+00 
3.3552e+03     0.0000e+00  0.0000e+00     0.0000e+00  0.0000e+00     0.0000e+00  0.0000e+00     0.0000e+00  0.0000e+00 
3.7646e+03     0.0000e+00  0.0000e+00     0.0000e+00  0.0000e+00     0.0000e+00  0.0000e+00     0.0000e+00  0.0000e+00 
4.2240e+03     0.0000e+00  0.0000e+00     0.0000e+00  0.0000e+00     0.0000e+00  0.0000e+00     0.0000e+00  0.0000e+00 
4.7394e+03     0.0000e+00  0.0000e+00     0.0000e+00  0.0000e+00     0.0000e+00  0.0000e+00     0.0000e+00  0.0000e+00 
5.3176e+03     0.0000e+00  0.0000e+00     0.0000e+00  0.0000e+00     0.0000e+00  0.0000e+00     0.0000e+00  0.0000e+00 
5.9665e+03     0.0000e+00  0.0000e+00     0.0000e+00  0.0000e+00     0.0000e+00  0.0000e+00     0.0000e+00  0.0000e+00 
6.6945e+03     0.0000e+00  0.0000e+00     0.0000e+00  0.0000e+00     0.0000e+00  0.0000e+00     0.0000e+00  0.0000e+00 
7.5114e+03     0.0000e+00  0.0000e+00     0.0000e+00  0.0000e+00     0.0000e+00  0.0000e+00     0.0000e+00  0.0000e+00 
8.4279e+03     0.0000e+00  0.0000e+00     0.0000e+00  0.0000e+00     0.0000e+00  0.0000e+00     0.0000e+00  0.0000e+00 
9.4563e+03     0.0000e+00  0.0000e+00     0.0000e+00  0.0000e+00     0.0000e+00  0.0000e+00     0.0000e+00  0.0000e+00 
