yF = 5.0152e-01 (std: 1.2697e-03) keV/um
yD = 1.3515e+00 (std: 1.0524e-01) keV/um
y (keV/um)     f(y)(std)                  yf(y)(std)                 d(y)(std)                  yd(y)(std)  
1.0610e-03     8.2387e-03  7.4401e-03     8.7413e-06  7.8940e-06     1.7430e-05  1.5740e-05     1.8493e-08  1.6701e-08 
1.1905e-03     1.4686e-02  7.9738e-03     1.7483e-05  9.4925e-06     3.4859e-05  1.8928e-05     4.1499e-08  2.2533e-08 
1.3357e-03     0.0000e+00  0.0000e+00     0.0000e+00  0.0000e+00     0.0000e+00  0.0000e+00     0.0000e+00  0.0000e+00 
1.4987e-03     5.8326e-03  1.3041e-03     8.7413e-06  1.9545e-06     1.7430e-05  3.8975e-06     2.6122e-08  5.8412e-09 
1.6816e-03     1.0397e-02  1.1639e-02     1.7483e-05  1.9572e-05     3.4859e-05  3.9025e-05     5.8619e-08  6.5623e-08 
1.8868e-03     1.3899e-02  5.6221e-03     2.6224e-05  1.0608e-05     5.2289e-05  2.1151e-05     9.8658e-08  3.9908e-08 
2.1170e-03     2.4775e-02  9.9162e-03     5.2448e-05  2.0992e-05     1.0458e-04  4.1859e-05     2.2139e-07  8.8614e-08 
2.3753e-03     1.8400e-02  5.9582e-03     4.3707e-05  1.4153e-05     8.7149e-05  2.8220e-05     2.0700e-07  6.7032e-08 
2.6651e-03     3.6079e-02  1.0072e-02     9.6155e-05  2.6843e-05     1.9173e-04  5.3526e-05     5.1098e-07  1.4265e-07 
2.9903e-03     2.0462e-02  2.9955e-02     6.1189e-05  8.9576e-05     1.2201e-04  1.7861e-04     3.6484e-07  5.3410e-07 
3.3552e-03     3.1264e-02  9.2316e-03     1.0490e-04  3.0974e-05     2.0916e-04  6.1762e-05     7.0176e-07  2.0723e-07 
3.7646e-03     2.7864e-02  1.0086e-02     1.0490e-04  3.7968e-05     2.0916e-04  7.5708e-05     7.8739e-07  2.8501e-07 
4.2240e-03     2.4834e-02  2.2724e-02     1.0490e-04  9.5985e-05     2.0916e-04  1.9139e-04     8.8347e-07  8.0842e-07 
4.7394e-03     3.3200e-02  8.7766e-03     1.5734e-04  4.1595e-05     3.1374e-04  8.2942e-05     1.4869e-06  3.9309e-07 
5.3176e-03     2.6301e-02  1.0965e-02     1.3986e-04  5.8306e-05     2.7888e-04  1.1626e-04     1.4830e-06  6.1824e-07 
5.9665e-03     2.4906e-02  7.2154e-03     1.4860e-04  4.3051e-05     2.9631e-04  8.5844e-05     1.7679e-06  5.1219e-07 
6.6945e-03     2.6115e-02  9.3496e-03     1.7483e-04  6.2591e-05     3.4859e-04  1.2481e-04     2.3337e-06  8.3552e-07 
7.5114e-03     1.1637e-02  3.1889e-03     8.7413e-05  2.3953e-05     1.7430e-04  4.7762e-05     1.3092e-06  3.5876e-07 
8.4279e-03     0.0000e+00  0.0000e+00     0.0000e+00  0.0000e+00     0.0000e+00  0.0000e+00     0.0000e+00  0.0000e+00 
9.4563e-03     2.7732e-03  1.7079e-03     2.6224e-05  1.6150e-05     5.2289e-05  3.2202e-05     4.9446e-07  3.0451e-07 
1.0610e-02     0.0000e+00  0.0000e+00     0.0000e+00  0.0000e+00     0.0000e+00  0.0000e+00     0.0000e+00  0.0000e+00 
1.1905e-02     7.9522e-01  2.1718e-02     9.4669e-03  2.5854e-04     1.8876e-02  5.1773e-04     2.2472e-04  6.1635e-06 
1.3357e-02     6.5115e-01  3.3371e-02     8.6976e-03  4.4575e-04     1.7343e-02  8.8989e-04     2.3165e-04  1.1886e-05 
1.4987e-02     5.1910e-01  2.2932e-02     7.7798e-03  3.4368e-04     1.5512e-02  6.8640e-04     2.3249e-04  1.0287e-05 
1.6816e-02     4.0806e-01  3.2557e-02     6.8620e-03  5.4748e-04     1.3682e-02  1.0922e-03     2.3008e-04  1.8366e-05 
1.8868e-02     3.0948e-01  2.1386e-02     5.8392e-03  4.0350e-04     1.1643e-02  8.0509e-04     2.1968e-04  1.5190e-05 
2.1170e-02     2.7335e-01  8.4274e-03     5.7868e-03  1.7841e-04     1.1538e-02  3.5693e-04     2.4427e-04  7.5562e-06 
2.3753e-02     3.3746e-01  1.9995e-02     8.0158e-03  4.7495e-04     1.5983e-02  9.4788e-04     3.7965e-04  2.2515e-05 
2.6651e-02     4.4672e-01  1.4458e-02     1.1906e-02  3.8531e-04     2.3739e-02  7.7064e-04     6.3268e-04  2.0539e-05 
2.9903e-02     4.5777e-01  1.2790e-02     1.3689e-02  3.8247e-04     2.7295e-02  7.6574e-04     8.1621e-04  2.2898e-05 
3.3552e-02     4.1711e-01  2.4230e-02     1.3995e-02  8.1297e-04     2.7905e-02  1.6226e-03     9.3627e-04  5.4440e-05 
3.7646e-02     4.4141e-01  9.3135e-03     1.6617e-02  3.5062e-04     3.3134e-02  7.0413e-04     1.2474e-03  2.6508e-05 
4.2240e-02     4.6729e-01  2.4033e-02     1.9738e-02  1.0151e-03     3.9356e-02  2.0266e-03     1.6624e-03  8.5601e-05 
4.7394e-02     5.0961e-01  1.6093e-02     2.4152e-02  7.6270e-04     4.8158e-02  1.5257e-03     2.2824e-03  7.2306e-05 
5.3176e-02     5.2373e-01  1.2765e-02     2.7850e-02  6.7882e-04     5.5531e-02  1.3608e-03     2.9529e-03  7.2363e-05 
5.9665e-02     5.4662e-01  1.7457e-02     3.2614e-02  1.0416e-03     6.5030e-02  2.0834e-03     3.8800e-03  1.2430e-04 
6.6945e-02     6.0273e-01  1.3335e-02     4.0350e-02  8.9271e-04     8.0456e-02  1.7916e-03     5.3861e-03  1.1994e-04 
7.5114e-02     6.4041e-01  1.3777e-02     4.8104e-02  1.0348e-03     9.5916e-02  2.0776e-03     7.2046e-03  1.5606e-04 
8.4279e-02     6.9129e-01  1.3149e-02     5.8261e-02  1.1082e-03     1.1617e-01  2.2291e-03     9.7906e-03  1.8787e-04 
9.4563e-02     7.4322e-01  1.5591e-02     7.0280e-02  1.4743e-03     1.4014e-01  2.9611e-03     1.3252e-02  2.8001e-04 
1.0610e-01     8.1464e-01  1.4406e-02     8.6434e-02  1.5285e-03     1.7235e-01  3.0788e-03     1.8286e-02  3.2667e-04 
1.1905e-01     8.7577e-01  1.3805e-02     1.0426e-01  1.6435e-03     2.0788e-01  3.3190e-03     2.4748e-02  3.9512e-04 
1.3357e-01     9.7627e-01  1.0918e-02     1.3040e-01  1.4584e-03     2.6002e-01  2.9815e-03     3.4731e-02  3.9824e-04 
1.4987e-01     1.0696e+00  8.2761e-03     1.6030e-01  1.2403e-03     3.1963e-01  2.6022e-03     4.7903e-02  3.8999e-04 
1.6816e-01     1.1808e+00  1.2124e-02     1.9857e-01  2.0387e-03     3.9593e-01  4.1869e-03     6.6580e-02  7.0406e-04 
1.8868e-01     1.3277e+00  1.6097e-02     2.5050e-01  3.0371e-03     4.9948e-01  6.1863e-03     9.4241e-02  1.1672e-03 
2.1170e-01     1.4635e+00  1.8299e-02     3.0983e-01  3.8738e-03     6.1778e-01  7.8810e-03     1.3078e-01  1.6684e-03 
2.3753e-01     1.6090e+00  1.6533e-02     3.8220e-01  3.9270e-03     7.6208e-01  8.0644e-03     1.8102e-01  1.9155e-03 
2.6651e-01     1.7530e+00  1.7342e-02     4.6721e-01  4.6218e-03     9.3158e-01  9.5127e-03     2.4828e-01  2.5353e-03 
2.9903e-01     1.8628e+00  7.4969e-03     5.5703e-01  2.2418e-03     1.1107e+00  5.2809e-03     3.3213e-01  1.5792e-03 
3.3552e-01     1.9178e+00  1.5877e-02     6.4347e-01  5.3272e-03     1.2830e+00  1.1108e-02     4.3049e-01  3.7269e-03 
3.7646e-01     1.8912e+00  8.1443e-03     7.1195e-01  3.0660e-03     1.4196e+00  7.0915e-03     5.3442e-01  2.6697e-03 
4.2240e-01     1.7369e+00  1.0241e-02     7.3364e-01  4.3259e-03     1.4628e+00  9.3870e-03     6.1790e-01  3.9650e-03 
4.7394e-01     1.4848e+00  8.2132e-03     7.0370e-01  3.8925e-03     1.4031e+00  8.5358e-03     6.6499e-01  4.0454e-03 
5.3176e-01     1.1825e+00  1.3338e-02     6.2879e-01  7.0927e-03     1.2538e+00  1.4494e-02     6.6671e-01  7.7075e-03 
5.9665e-01     8.6356e-01  3.1283e-03     5.1524e-01  1.8665e-03     1.0274e+00  4.5405e-03     6.1297e-01  2.7091e-03 
6.6945e-01     5.9129e-01  3.6912e-03     3.9584e-01  2.4711e-03     7.8929e-01  5.3170e-03     5.2839e-01  3.5595e-03 
7.5114e-01     3.8840e-01  2.8096e-03     2.9174e-01  2.1104e-03     5.8172e-01  4.4583e-03     4.3695e-01  3.3488e-03 
8.4279e-01     2.5412e-01  2.5830e-03     2.1417e-01  2.1769e-03     4.2705e-01  4.4732e-03     3.5991e-01  3.7700e-03 
9.4563e-01     1.6996e-01  2.7542e-03     1.6072e-01  2.6045e-03     3.2046e-01  5.2562e-03     3.0304e-01  4.9704e-03 
1.0610e+00     1.1389e-01  1.1795e-03     1.2084e-01  1.2514e-03     2.4095e-01  2.5688e-03     2.5565e-01  2.7255e-03 
1.1905e+00     7.8465e-02  9.1079e-04     9.3410e-02  1.0843e-03     1.8625e-01  2.2128e-03     2.2173e-01  2.6343e-03 
1.3357e+00     5.5646e-02  1.3159e-03     7.4328e-02  1.7576e-03     1.4821e-01  3.5247e-03     1.9796e-01  4.7080e-03 
1.4987e+00     4.0863e-02  5.3321e-04     6.1242e-02  7.9913e-04     1.2211e-01  1.6231e-03     1.8301e-01  2.4326e-03 
1.6816e+00     3.0124e-02  8.0570e-04     5.0656e-02  1.3549e-03     1.0101e-01  2.7136e-03     1.6985e-01  4.5631e-03 
1.8868e+00     2.2391e-02  3.1721e-04     4.2247e-02  5.9850e-04     8.4238e-02  1.2123e-03     1.5894e-01  2.2873e-03 
2.1170e+00     1.7107e-02  3.3854e-04     3.6215e-02  7.1669e-04     7.2211e-02  1.4407e-03     1.5287e-01  3.0499e-03 
2.3753e+00     1.2395e-02  4.6206e-04     2.9441e-02  1.0975e-03     5.8703e-02  2.1935e-03     1.3944e-01  5.2101e-03 
2.6651e+00     9.6232e-03  2.8713e-04     2.5647e-02  7.6525e-04     5.1139e-02  1.5314e-03     1.3629e-01  4.0813e-03 
2.9903e+00     7.0186e-03  3.6616e-04     2.0988e-02  1.0949e-03     4.1849e-02  2.1858e-03     1.2514e-01  6.5364e-03 
3.3552e+00     4.9918e-03  1.3485e-04     1.6748e-02  4.5244e-04     3.3395e-02  9.0609e-04     1.1205e-01  3.0401e-03 
3.7646e+00     3.6711e-03  7.2477e-05     1.3820e-02  2.7285e-04     2.7556e-02  5.4849e-04     1.0374e-01  2.0649e-03 
4.2240e+00     2.4275e-03  1.1143e-04     1.0254e-02  4.7068e-04     2.0445e-02  9.3993e-04     8.6359e-02  3.9702e-03 
4.7394e+00     1.7172e-03  9.4655e-05     8.1382e-03  4.4861e-04     1.6227e-02  8.9544e-04     7.6906e-02  4.2438e-03 
5.3176e+00     1.0373e-03  4.0894e-05     5.5158e-03  2.1746e-04     1.0998e-02  4.3449e-04     5.8484e-02  2.3105e-03 
5.9665e+00     6.7979e-04  6.5452e-05     4.0560e-03  3.9052e-04     8.0874e-03  7.7894e-04     4.8253e-02  4.6476e-03 
6.6945e+00     3.5777e-04  4.1587e-05     2.3951e-03  2.7840e-04     4.7757e-03  5.5525e-04     3.1971e-02  3.7171e-03 
7.5114e+00     1.5129e-04  3.1973e-05     1.1364e-03  2.4016e-04     2.2659e-03  4.7890e-04     1.7020e-02  3.5972e-03 
8.4279e+00     6.7417e-05  1.4386e-05     5.6819e-04  1.2124e-04     1.1329e-03  2.4177e-04     9.5482e-03  2.0376e-03 
9.4563e+00     2.4034e-05  2.1286e-05     2.2728e-04  2.0128e-04     4.5317e-04  4.0135e-04     4.2853e-03  3.7952e-03 
1.0610e+01     1.1534e-05  4.7231e-06     1.2238e-04  5.0113e-05     2.4402e-04  9.9924e-05     2.5890e-03  1.0602e-03 
1.1905e+01     2.2028e-06  8.2891e-07     2.6224e-05  9.8679e-06     5.2289e-05  1.9677e-05     6.2249e-04  2.3424e-04 
1.3357e+01     6.5442e-07  1.0147e-06     8.7413e-06  1.3554e-05     1.7430e-05  2.7026e-05     2.3281e-04  3.6100e-04 
1.4987e+01     5.8326e-07  8.5986e-07     8.7413e-06  1.2887e-05     1.7430e-05  2.5696e-05     2.6122e-04  3.8511e-04 
1.6816e+01     0.0000e+00  0.0000e+00     0.0000e+00  0.0000e+00     0.0000e+00  0.0000e+00     0.0000e+00  0.0000e+00 
1.8868e+01     0.0000e+00  0.0000e+00     0.0000e+00  0.0000e+00     0.0000e+00  0.0000e+00     0.0000e+00  0.0000e+00 
2.1170e+01     0.0000e+00  0.0000e+00     0.0000e+00  0.0000e+00     0.0000e+00  0.0000e+00     0.0000e+00  0.0000e+00 
2.3753e+01     0.0000e+00  0.0000e+00     0.0000e+00  0.0000e+00     0.0000e+00  0.0000e+00     0.0000e+00  0.0000e+00 
2.6651e+01     0.0000e+00  0.0000e+00     0.0000e+00  0.0000e+00     0.0000e+00  0.0000e+00     0.0000e+00  0.0000e+00 
2.9903e+01     0.0000e+00  0.0000e+00     0.0000e+00  0.0000e+00     0.0000e+00  0.0000e+00     0.0000e+00  0.0000e+00 
3.3552e+01     0.0000e+00  0.0000e+00     0.0000e+00  0.0000e+00     0.0000e+00  0.0000e+00     0.0000e+00  0.0000e+00 
3.7646e+01     2.3220e-07  1.8787e-07     8.7413e-06  7.0725e-06     1.7430e-05  1.4102e-05     6.5616e-04  5.3090e-04 
4.2240e+01     0.0000e+00  0.0000e+00     0.0000e+00  0.0000e+00     0.0000e+00  0.0000e+00     0.0000e+00  0.0000e+00 
4.7394e+01     1.8444e-07  1.4741e-07     8.7413e-06  6.9861e-06     1.7430e-05  1.3930e-05     8.2606e-04  6.6019e-04 
5.3176e+01     0.0000e+00  0.0000e+00     0.0000e+00  0.0000e+00     0.0000e+00  0.0000e+00     0.0000e+00  0.0000e+00 
5.9665e+01     0.0000e+00  0.0000e+00     0.0000e+00  0.0000e+00     0.0000e+00  0.0000e+00     0.0000e+00  0.0000e+00 
6.6945e+01     1.3057e-07  1.4430e-07     8.7413e-06  9.6604e-06     1.7430e-05  1.9262e-05     1.1668e-03  1.2895e-03 
7.5114e+01     0.0000e+00  0.0000e+00     0.0000e+00  0.0000e+00     0.0000e+00  0.0000e+00     0.0000e+00  0.0000e+00 
8.4279e+01     0.0000e+00  0.0000e+00     0.0000e+00  0.0000e+00     0.0000e+00  0.0000e+00     0.0000e+00  0.0000e+00 
9.4563e+01     0.0000e+00  0.0000e+00     0.0000e+00  0.0000e+00     0.0000e+00  0.0000e+00     0.0000e+00  0.0000e+00 
1.0610e+02     0.0000e+00  0.0000e+00     0.0000e+00  0.0000e+00     0.0000e+00  0.0000e+00     0.0000e+00  0.0000e+00 
1.1905e+02     7.3428e-08  2.2025e-08     8.7413e-06  2.6221e-06     1.7430e-05  5.2284e-06     2.0750e-03  6.2243e-04 
1.3357e+02     0.0000e+00  0.0000e+00     0.0000e+00  0.0000e+00     0.0000e+00  0.0000e+00     0.0000e+00  0.0000e+00 
1.4987e+02     0.0000e+00  0.0000e+00     0.0000e+00  0.0000e+00     0.0000e+00  0.0000e+00     0.0000e+00  0.0000e+00 
1.6816e+02     5.1983e-08  3.7368e-08     8.7413e-06  6.2838e-06     1.7430e-05  1.2530e-05     2.9310e-03  2.1070e-03 
1.8868e+02     0.0000e+00  0.0000e+00     0.0000e+00  0.0000e+00     0.0000e+00  0.0000e+00     0.0000e+00  0.0000e+00 
2.1170e+02     4.1291e-08  3.4715e-08     8.7413e-06  7.3492e-06     1.7430e-05  1.4654e-05     3.6899e-03  3.1022e-03 
2.3753e+02     0.0000e+00  0.0000e+00     0.0000e+00  0.0000e+00     0.0000e+00  0.0000e+00     0.0000e+00  0.0000e+00 
2.6651e+02     3.2799e-08  1.3521e-08     8.7413e-06  3.6036e-06     1.7430e-05  7.1856e-06     4.6453e-03  1.9151e-03 
2.9903e+02     0.0000e+00  0.0000e+00     0.0000e+00  0.0000e+00     0.0000e+00  0.0000e+00     0.0000e+00  0.0000e+00 
3.3552e+02     0.0000e+00  0.0000e+00     0.0000e+00  0.0000e+00     0.0000e+00  0.0000e+00     0.0000e+00  0.0000e+00 
3.7646e+02     0.0000e+00  0.0000e+00     0.0000e+00  0.0000e+00     0.0000e+00  0.0000e+00     0.0000e+00  0.0000e+00 
4.2240e+02     0.0000e+00  0.0000e+00     0.0000e+00  0.0000e+00     0.0000e+00  0.0000e+00     0.0000e+00  0.0000e+00 
4.7394e+02     0.0000e+00  0.0000e+00     0.0000e+00  0.0000e+00     0.0000e+00  0.0000e+00     0.0000e+00  0.0000e+00 
5.3176e+02     0.0000e+00  0.0000e+00     0.0000e+00  0.0000e+00     0.0000e+00  0.0000e+00     0.0000e+00  0.0000e+00 
5.9665e+02     0.0000e+00  0.0000e+00     0.0000e+00  0.0000e+00     0.0000e+00  0.0000e+00     0.0000e+00  0.0000e+00 
6.6945e+02     0.0000e+00  0.0000e+00     0.0000e+00  0.0000e+00     0.0000e+00  0.0000e+00     0.0000e+00  0.0000e+00 
7.5114e+02     0.0000e+00  0.0000e+00     0.0000e+00  0.0000e+00     0.0000e+00  0.0000e+00     0.0000e+00  0.0000e+00 
8.4279e+02     0.0000e+00  0.0000e+00     0.0000e+00  0.0000e+00     0.0000e+00  0.0000e+00     0.0000e+00  0.0000e+00 
9.4563e+02     0.0000e+00  0.0000e+00     0.0000e+00  0.0000e+00     0.0000e+00  0.0000e+00     0.0000e+00  0.0000e+00 
1.0610e+03     0.0000e+00  0.0000e+00     0.0000e+00  0.0000e+00     0.0000e+00  0.0000e+00     0.0000e+00  0.0000e+00 
1.1905e+03     0.0000e+00  0.0000e+00     0.0000e+00  0.0000e+00     0.0000e+00  0.0000e+00     0.0000e+00  0.0000e+00 
1.3357e+03     0.0000e+00  0.0000e+00     0.0000e+00  0.0000e+00     0.0000e+00  0.0000e+00     0.0000e+00  0.0000e+00 
1.4987e+03     0.0000e+00  0.0000e+00     0.0000e+00  0.0000e+00     0.0000e+00  0.0000e+00     0.0000e+00  0.0000e+00 
1.6816e+03     0.0000e+00  0.0000e+00     0.0000e+00  0.0000e+00     0.0000e+00  0.0000e+00     0.0000e+00  0.0000e+00 
1.8868e+03     0.0000e+00  0.0000e+00     0.0000e+00  0.0000e+00     0.0000e+00  0.0000e+00     0.0000e+00  0.0000e+00 
2.1170e+03     0.0000e+00  0.0000e+00     0.0000e+00  0.0000e+00     0.0000e+00  0.0000e+00     0.0000e+00  0.0000e+00 
2.3753e+03     0.0000e+00  0.0000e+00     0.0000e+00  0.0000e+00     0.0000e+00  0.0000e+00     0.0000e+00  0.0000e+00 
2.6651e+03     0.0000e+00  0.0000e+00     0.0000e+00  0.0000e+00     0.0000e+00  0.0000e+00     0.0000e+00  0.0000e+00 
2.9903e+03     0.0000e+00  0.0000e+00     0.0000e+00  0.0000e+00     0.0000e+00  0.0000e+00     0.0000e+00  0.0000e+00 
3.3552e+03     0.0000e+00  0.0000e+00     0.0000e+00  0.0000e+00     0.0000e+00  0.0000e+00     0.0000e+00  0.0000e+00 
3.7646e+03     0.0000e+00  0.0000e+00     0.0000e+00  0.0000e+00     0.0000e+00  0.0000e+00     0.0000e+00  0.0000e+00 
4.2240e+03     0.0000e+00  0.0000e+00     0.0000e+00  0.0000e+00     0.0000e+00  0.0000e+00     0.0000e+00  0.0000e+00 
4.7394e+03     0.0000e+00  0.0000e+00     0.0000e+00  0.0000e+00     0.0000e+00  0.0000e+00     0.0000e+00  0.0000e+00 
5.3176e+03     0.0000e+00  0.0000e+00     0.0000e+00  0.0000e+00     0.0000e+00  0.0000e+00     0.0000e+00  0.0000e+00 
5.9665e+03     0.0000e+00  0.0000e+00     0.0000e+00  0.0000e+00     0.0000e+00  0.0000e+00     0.0000e+00  0.0000e+00 
6.6945e+03     0.0000e+00  0.0000e+00     0.0000e+00  0.0000e+00     0.0000e+00  0.0000e+00     0.0000e+00  0.0000e+00 
7.5114e+03     0.0000e+00  0.0000e+00     0.0000e+00  0.0000e+00     0.0000e+00  0.0000e+00     0.0000e+00  0.0000e+00 
8.4279e+03     0.0000e+00  0.0000e+00     0.0000e+00  0.0000e+00     0.0000e+00  0.0000e+00     0.0000e+00  0.0000e+00 
9.4563e+03     0.0000e+00  0.0000e+00     0.0000e+00  0.0000e+00     0.0000e+00  0.0000e+00     0.0000e+00  0.0000e+00 
