yF = 3.9327e-01 (std: 1.2038e-03) keV/um
yD = 1.8519e+00 (std: 6.1342e-01) keV/um
y (keV/um)     f(y)(std)                  yf(y)(std)                 d(y)(std)                  yd(y)(std)  
1.0610e-03     2.4786e-02  1.2900e-02     2.6298e-05  1.3687e-05     6.6871e-05  3.4804e-05     7.0950e-08  3.6927e-08 
1.1905e-03     1.4727e-02  6.2020e-03     1.7532e-05  7.3833e-06     4.4580e-05  1.8775e-05     5.3072e-08  2.2351e-08 
1.3357e-03     2.6251e-02  1.4043e-02     3.5064e-05  1.8758e-05     8.9161e-05  4.7698e-05     1.1910e-07  6.3711e-08 
1.4987e-03     1.7547e-02  4.8245e-03     2.6298e-05  7.2305e-06     6.6871e-05  1.8387e-05     1.0022e-07  2.7557e-08 
1.6816e-03     3.1278e-02  1.6018e-02     5.2597e-05  2.6936e-05     1.3374e-04  6.8493e-05     2.2490e-07  1.1518e-07 
1.8868e-03     2.3230e-02  9.8174e-03     4.3831e-05  1.8523e-05     1.1145e-04  4.7101e-05     2.1028e-07  8.8870e-08 
2.1170e-03     4.1408e-03  1.9862e-03     8.7661e-06  4.2047e-06     2.2290e-05  1.0692e-05     4.7188e-08  2.2635e-08 
2.3753e-03     1.8453e-02  7.2707e-03     4.3831e-05  1.7270e-05     1.1145e-04  4.3915e-05     2.6473e-07  1.0431e-07 
2.6651e-03     2.9603e-02  1.0703e-02     7.8895e-05  2.8526e-05     2.0061e-04  7.2538e-05     5.3466e-07  1.9332e-07 
2.9903e-03     2.9315e-02  1.0668e-02     8.7661e-05  3.1899e-05     2.2290e-04  8.1116e-05     6.6655e-07  2.4256e-07 
3.3552e-03     3.1352e-02  1.0854e-02     1.0519e-04  3.6418e-05     2.6748e-04  9.2608e-05     8.9746e-07  3.1072e-07 
3.7646e-03     3.4928e-02  3.7047e-02     1.3149e-04  1.3947e-04     3.3435e-04  3.5463e-04     1.2587e-06  1.3350e-06 
4.2240e-03     2.2829e-02  2.2134e-02     9.6427e-05  9.3494e-05     2.4519e-04  2.3774e-04     1.0357e-06  1.0042e-06 
4.7394e-03     1.8496e-02  8.0398e-03     8.7661e-05  3.8104e-05     2.2290e-04  9.6891e-05     1.0564e-06  4.5920e-07 
5.3176e-03     4.1212e-02  1.5981e-02     2.1915e-04  8.4981e-05     5.5726e-04  2.1609e-04     2.9633e-06  1.1491e-06 
5.9665e-03     4.4077e-02  1.1925e-02     2.6298e-04  7.1151e-05     6.6871e-04  1.8093e-04     3.9898e-06  1.0795e-06 
6.6945e-03     5.3687e-02  1.5518e-02     3.5941e-04  1.0388e-04     9.1390e-04  2.6417e-04     6.1181e-06  1.7685e-06 
7.5114e-03     2.8009e-02  1.0550e-02     2.1039e-04  7.9246e-05     5.3497e-04  2.0151e-04     4.0183e-06  1.5136e-06 
8.4279e-03     1.0401e-03  6.7009e-04     8.7661e-06  5.6475e-06     2.2290e-05  1.4360e-05     1.8786e-07  1.2103e-07 
9.4563e-03     0.0000e+00  0.0000e+00     0.0000e+00  0.0000e+00     0.0000e+00  0.0000e+00     0.0000e+00  0.0000e+00 
1.0610e-02     0.0000e+00  0.0000e+00     0.0000e+00  0.0000e+00     0.0000e+00  0.0000e+00     0.0000e+00  0.0000e+00 
1.1905e-02     1.3195e+00  4.4373e-02     1.5709e-02  5.2825e-04     3.9944e-02  1.3488e-03     4.7552e-04  1.6057e-05 
1.3357e-02     1.0533e+00  5.0987e-02     1.4070e-02  6.8105e-04     3.5776e-02  1.7352e-03     4.7787e-04  2.3178e-05 
1.4987e-02     8.4402e-01  4.1797e-02     1.2649e-02  6.2642e-04     3.2165e-02  1.5959e-03     4.8206e-04  2.3918e-05 
1.6816e-02     6.7977e-01  4.3499e-02     1.1431e-02  7.3148e-04     2.9066e-02  1.8621e-03     4.8878e-04  3.1313e-05 
1.8868e-02     5.0596e-01  3.1277e-02     9.5463e-03  5.9012e-04     2.4274e-02  1.5024e-03     4.5800e-04  2.8347e-05 
2.1170e-02     4.1657e-01  1.4028e-02     8.8187e-03  2.9698e-04     2.2424e-02  7.5826e-04     4.7471e-04  1.6052e-05 
2.3753e-02     5.4841e-01  3.4819e-02     1.3026e-02  8.2705e-04     3.3123e-02  2.1054e-03     7.8678e-04  5.0011e-05 
2.6651e-02     7.1671e-01  2.9157e-02     1.9101e-02  7.7708e-04     4.8570e-02  1.9815e-03     1.2945e-03  5.2810e-05 
2.9903e-02     7.7039e-01  3.9189e-02     2.3037e-02  1.1719e-03     5.8579e-02  2.9852e-03     1.7517e-03  8.9269e-05 
3.3552e-02     6.9001e-01  1.4631e-02     2.3151e-02  4.9088e-04     5.8868e-02  1.2611e-03     1.9752e-03  4.2314e-05 
3.7646e-02     7.1789e-01  2.5884e-02     2.7026e-02  9.7444e-04     6.8721e-02  2.4867e-03     2.5871e-03  9.3614e-05 
4.2240e-02     7.8531e-01  4.2196e-02     3.3171e-02  1.7824e-03     8.4346e-02  4.5395e-03     3.5627e-03  1.9175e-04 
4.7394e-02     8.1569e-01  2.5115e-02     3.8659e-02  1.1903e-03     9.8300e-02  3.0416e-03     4.6588e-03  1.4415e-04 
5.3176e-02     8.5211e-01  2.2331e-02     4.5312e-02  1.1875e-03     1.1522e-01  3.0401e-03     6.1269e-03  1.6166e-04 
5.9665e-02     9.4118e-01  1.5326e-02     5.6156e-02  9.1445e-04     1.4279e-01  2.3660e-03     8.5196e-03  1.4116e-04 
6.6945e-02     1.0342e+00  1.5514e-02     6.9235e-02  1.0386e-03     1.7605e-01  2.6954e-03     1.1786e-02  1.8044e-04 
7.5114e-02     1.0713e+00  1.7647e-02     8.0473e-02  1.3256e-03     2.0462e-01  3.4283e-03     1.5370e-02  2.5751e-04 
8.4279e-02     1.1702e+00  2.9741e-02     9.8627e-02  2.5065e-03     2.5079e-01  6.4196e-03     2.1136e-02  5.4104e-04 
9.4563e-02     1.2536e+00  2.8620e-02     1.1854e-01  2.7064e-03     3.0143e-01  6.9433e-03     2.8504e-02  6.5658e-04 
1.0610e-01     1.3708e+00  3.2853e-02     1.4545e-01  3.4858e-03     3.6984e-01  8.9355e-03     3.9240e-02  9.4806e-04 
1.1905e-01     1.5108e+00  1.7940e-02     1.7985e-01  2.1357e-03     4.5733e-01  5.6081e-03     5.4444e-02  6.6762e-04 
1.3357e-01     1.6314e+00  2.9967e-02     2.1792e-01  4.0028e-03     5.5411e-01  1.0319e-02     7.4015e-02  1.3783e-03 
1.4987e-01     1.7951e+00  3.1685e-02     2.6904e-01  4.7487e-03     6.8411e-01  1.2255e-02     1.0253e-01  1.8367e-03 
1.6816e-01     2.0023e+00  1.2917e-02     3.3670e-01  2.1722e-03     8.5615e-01  6.1135e-03     1.4397e-01  1.0280e-03 
1.8868e-01     2.1411e+00  2.1913e-02     4.0399e-01  4.1344e-03     1.0272e+00  1.0973e-02     1.9382e-01  2.0704e-03 
2.1170e-01     2.2980e+00  1.6063e-02     4.8648e-01  3.4004e-03     1.2370e+00  9.4393e-03     2.6188e-01  1.9983e-03 
2.3753e-01     2.3821e+00  1.2974e-02     5.6582e-01  3.0818e-03     1.4387e+00  8.9891e-03     3.4175e-01  2.1352e-03 
2.6651e-01     2.3988e+00  2.0214e-02     6.3932e-01  5.3873e-03     1.6256e+00  1.4575e-02     4.3326e-01  3.8843e-03 
2.9903e-01     2.3004e+00  9.1882e-03     6.8790e-01  2.7476e-03     1.7492e+00  8.8022e-03     5.2306e-01  2.6321e-03 
3.3552e-01     2.0707e+00  1.6455e-02     6.9475e-01  5.5211e-03     1.7666e+00  1.5044e-02     5.9273e-01  5.0477e-03 
3.7646e-01     1.7691e+00  1.8060e-02     6.6600e-01  6.7990e-03     1.6935e+00  1.8049e-02     6.3753e-01  6.7946e-03 
4.2240e-01     1.3970e+00  5.5490e-03     5.9008e-01  2.3439e-03     1.5004e+00  7.5243e-03     6.3378e-01  3.1782e-03 
4.7394e-01     1.0251e+00  5.8258e-03     4.8582e-01  2.7611e-03     1.2353e+00  7.9743e-03     5.8546e-01  3.7793e-03 
5.3176e-01     7.1167e-01  5.8982e-03     3.7844e-01  3.1365e-03     9.6229e-01  8.5019e-03     5.1171e-01  4.5210e-03 
5.9665e-01     4.6714e-01  3.4411e-03     2.7872e-01  2.0531e-03     7.0872e-01  5.6534e-03     4.2286e-01  3.3731e-03 
6.6945e-01     3.0342e-01  3.1483e-03     2.0313e-01  2.1077e-03     5.1651e-01  5.5876e-03     3.4578e-01  3.7406e-03 
7.5114e-01     2.0118e-01  2.8818e-03     1.5111e-01  2.1646e-03     3.8424e-01  5.6284e-03     2.8862e-01  4.2277e-03 
8.4279e-01     1.3409e-01  2.0128e-03     1.1301e-01  1.6963e-03     2.8737e-01  4.4022e-03     2.4219e-01  3.7101e-03 
9.4563e-01     9.2943e-02  1.1289e-03     8.7889e-02  1.0675e-03     2.2348e-01  2.7993e-03     2.1133e-01  2.6471e-03 
1.0610e+00     6.5287e-02  2.2332e-03     6.9270e-02  2.3694e-03     1.7614e-01  6.0490e-03     1.8688e-01  6.4181e-03 
1.1905e+00     4.8342e-02  6.1189e-04     5.7549e-02  7.2844e-04     1.4634e-01  1.9057e-03     1.7421e-01  2.2686e-03 
1.3357e+00     3.4651e-02  1.1063e-03     4.6285e-02  1.4777e-03     1.1769e-01  3.7746e-03     1.5721e-01  5.0419e-03 
1.4987e+00     2.6257e-02  1.2658e-03     3.9351e-02  1.8970e-03     1.0006e-01  4.8334e-03     1.4996e-01  7.2439e-03 
1.6816e+00     1.9851e-02  5.4190e-04     3.3381e-02  9.1125e-04     8.4881e-02  2.3316e-03     1.4274e-01  3.9208e-03 
1.8868e+00     1.4640e-02  3.3386e-04     2.7622e-02  6.2991e-04     7.0236e-02  1.6161e-03     1.3252e-01  3.0492e-03 
2.1170e+00     1.1777e-02  3.6775e-04     2.4931e-02  7.7853e-04     6.3393e-02  1.9891e-03     1.3420e-01  4.2109e-03 
2.3753e+00     8.6838e-03  1.7296e-04     2.0627e-02  4.1083e-04     5.2449e-02  1.0569e-03     1.2458e-01  2.5105e-03 
2.6651e+00     6.4567e-03  1.5315e-04     1.7208e-02  4.0815e-04     4.3756e-02  1.0465e-03     1.1661e-01  2.7889e-03 
2.9903e+00     4.7959e-03  1.9262e-04     1.4341e-02  5.7600e-04     3.6467e-02  1.4689e-03     1.0905e-01  4.3925e-03 
3.3552e+00     3.6081e-03  2.1985e-04     1.2106e-02  7.3763e-04     3.0783e-02  1.8780e-03     1.0328e-01  6.3011e-03 
3.7646e+00     2.3658e-03  1.8353e-04     8.9064e-03  6.9091e-04     2.2647e-02  1.7582e-03     8.5256e-02  6.6189e-03 
4.2240e+00     1.7848e-03  9.5338e-05     7.5388e-03  4.0270e-04     1.9170e-02  1.0257e-03     8.0971e-02  4.3324e-03 
4.7394e+00     1.1597e-03  8.9859e-05     5.4963e-03  4.2587e-04     1.3976e-02  1.0837e-03     6.6237e-02  5.1363e-03 
5.3176e+00     7.5666e-04  3.7138e-05     4.0236e-03  1.9749e-04     1.0231e-02  5.0314e-04     5.4406e-02  2.6755e-03 
5.9665e+00     4.2754e-04  2.8698e-05     2.5509e-03  1.7123e-04     6.4865e-03  4.3585e-04     3.8701e-02  2.6005e-03 
6.6945e+00     2.3308e-04  2.1746e-05     1.5604e-03  1.4558e-04     3.9677e-03  3.7037e-04     2.6562e-02  2.4795e-03 
7.5114e+00     1.1554e-04  2.4474e-05     8.6784e-04  1.8383e-04     2.2067e-03  4.6749e-04     1.6576e-02  3.5115e-03 
8.4279e+00     5.5127e-05  9.9554e-06     4.6460e-04  8.3903e-05     1.1814e-03  2.1338e-04     9.9566e-03  1.7983e-03 
9.4563e+00     1.4832e-05  1.2345e-05     1.4026e-04  1.1674e-04     3.5664e-04  2.9685e-04     3.3725e-03  2.8071e-03 
1.0610e+01     8.2620e-06  1.4182e-05     8.7661e-05  1.5047e-04     2.2290e-04  3.8261e-04     2.3650e-03  4.0595e-03 
1.1905e+01     7.3636e-07  4.9877e-07     8.7661e-06  5.9377e-06     2.2290e-05  1.5099e-05     2.6536e-04  1.7974e-04 
1.3357e+01     1.9688e-06  6.9288e-07     2.6298e-05  9.2551e-06     6.6871e-05  2.3534e-05     8.9321e-04  3.1436e-04 
1.4987e+01     5.8491e-07  3.5710e-07     8.7661e-06  5.3519e-06     2.2290e-05  1.3609e-05     3.3407e-04  2.0396e-04 
1.6816e+01     0.0000e+00  0.0000e+00     0.0000e+00  0.0000e+00     0.0000e+00  0.0000e+00     0.0000e+00  0.0000e+00 
1.8868e+01     4.6461e-07  3.8554e-07     8.7661e-06  7.2742e-06     2.2290e-05  1.8497e-05     4.2057e-04  3.4899e-04 
2.1170e+01     0.0000e+00  0.0000e+00     0.0000e+00  0.0000e+00     0.0000e+00  0.0000e+00     0.0000e+00  0.0000e+00 
2.3753e+01     0.0000e+00  0.0000e+00     0.0000e+00  0.0000e+00     0.0000e+00  0.0000e+00     0.0000e+00  0.0000e+00 
2.6651e+01     0.0000e+00  0.0000e+00     0.0000e+00  0.0000e+00     0.0000e+00  0.0000e+00     0.0000e+00  0.0000e+00 
2.9903e+01     0.0000e+00  0.0000e+00     0.0000e+00  0.0000e+00     0.0000e+00  0.0000e+00     0.0000e+00  0.0000e+00 
3.3552e+01     2.6127e-07  1.1973e-07     8.7661e-06  4.0172e-06     2.2290e-05  1.0215e-05     7.4788e-04  3.4273e-04 
3.7646e+01     0.0000e+00  0.0000e+00     0.0000e+00  0.0000e+00     0.0000e+00  0.0000e+00     0.0000e+00  0.0000e+00 
4.2240e+01     0.0000e+00  0.0000e+00     0.0000e+00  0.0000e+00     0.0000e+00  0.0000e+00     0.0000e+00  0.0000e+00 
4.7394e+01     0.0000e+00  0.0000e+00     0.0000e+00  0.0000e+00     0.0000e+00  0.0000e+00     0.0000e+00  0.0000e+00 
5.3176e+01     0.0000e+00  0.0000e+00     0.0000e+00  0.0000e+00     0.0000e+00  0.0000e+00     0.0000e+00  0.0000e+00 
5.9665e+01     1.4692e-07  2.7314e-07     8.7661e-06  1.6297e-05     2.2290e-05  4.1439e-05     1.3299e-03  2.4724e-03 
6.6945e+01     0.0000e+00  0.0000e+00     0.0000e+00  0.0000e+00     0.0000e+00  0.0000e+00     0.0000e+00  0.0000e+00 
7.5114e+01     2.3341e-07  1.2784e-07     1.7532e-05  9.6029e-06     4.4580e-05  2.4418e-05     3.3486e-03  1.8342e-03 
8.4279e+01     0.0000e+00  0.0000e+00     0.0000e+00  0.0000e+00     0.0000e+00  0.0000e+00     0.0000e+00  0.0000e+00 
9.4563e+01     9.2702e-08  2.0728e-08     8.7661e-06  1.9600e-06     2.2290e-05  4.9844e-06     2.1078e-03  4.7134e-04 
1.0610e+02     8.2620e-08  3.0908e-08     8.7661e-06  3.2794e-06     2.2290e-05  8.3390e-06     2.3650e-03  8.8477e-04 
1.1905e+02     0.0000e+00  0.0000e+00     0.0000e+00  0.0000e+00     0.0000e+00  0.0000e+00     0.0000e+00  0.0000e+00 
1.3357e+02     0.0000e+00  0.0000e+00     0.0000e+00  0.0000e+00     0.0000e+00  0.0000e+00     0.0000e+00  0.0000e+00 
1.4987e+02     0.0000e+00  0.0000e+00     0.0000e+00  0.0000e+00     0.0000e+00  0.0000e+00     0.0000e+00  0.0000e+00 
1.6816e+02     0.0000e+00  0.0000e+00     0.0000e+00  0.0000e+00     0.0000e+00  0.0000e+00     0.0000e+00  0.0000e+00 
1.8868e+02     0.0000e+00  0.0000e+00     0.0000e+00  0.0000e+00     0.0000e+00  0.0000e+00     0.0000e+00  0.0000e+00 
2.1170e+02     0.0000e+00  0.0000e+00     0.0000e+00  0.0000e+00     0.0000e+00  0.0000e+00     0.0000e+00  0.0000e+00 
2.3753e+02     3.6905e-08  2.9859e-08     8.7661e-06  7.0925e-06     2.2290e-05  1.8035e-05     5.2946e-03  4.2838e-03 
2.6651e+02     0.0000e+00  0.0000e+00     0.0000e+00  0.0000e+00     0.0000e+00  0.0000e+00     0.0000e+00  0.0000e+00 
2.9903e+02     0.0000e+00  0.0000e+00     0.0000e+00  0.0000e+00     0.0000e+00  0.0000e+00     0.0000e+00  0.0000e+00 
3.3552e+02     0.0000e+00  0.0000e+00     0.0000e+00  0.0000e+00     0.0000e+00  0.0000e+00     0.0000e+00  0.0000e+00 
3.7646e+02     0.0000e+00  0.0000e+00     0.0000e+00  0.0000e+00     0.0000e+00  0.0000e+00     0.0000e+00  0.0000e+00 
4.2240e+02     0.0000e+00  0.0000e+00     0.0000e+00  0.0000e+00     0.0000e+00  0.0000e+00     0.0000e+00  0.0000e+00 
4.7394e+02     0.0000e+00  0.0000e+00     0.0000e+00  0.0000e+00     0.0000e+00  0.0000e+00     0.0000e+00  0.0000e+00 
5.3176e+02     1.6485e-08  1.3679e-08     8.7661e-06  7.2742e-06     2.2290e-05  1.8497e-05     1.1853e-02  9.8360e-03 
5.9665e+02     0.0000e+00  0.0000e+00     0.0000e+00  0.0000e+00     0.0000e+00  0.0000e+00     0.0000e+00  0.0000e+00 
6.6945e+02     0.0000e+00  0.0000e+00     0.0000e+00  0.0000e+00     0.0000e+00  0.0000e+00     0.0000e+00  0.0000e+00 
7.5114e+02     0.0000e+00  0.0000e+00     0.0000e+00  0.0000e+00     0.0000e+00  0.0000e+00     0.0000e+00  0.0000e+00 
8.4279e+02     0.0000e+00  0.0000e+00     0.0000e+00  0.0000e+00     0.0000e+00  0.0000e+00     0.0000e+00  0.0000e+00 
9.4563e+02     0.0000e+00  0.0000e+00     0.0000e+00  0.0000e+00     0.0000e+00  0.0000e+00     0.0000e+00  0.0000e+00 
1.0610e+03     0.0000e+00  0.0000e+00     0.0000e+00  0.0000e+00     0.0000e+00  0.0000e+00     0.0000e+00  0.0000e+00 
1.1905e+03     0.0000e+00  0.0000e+00     0.0000e+00  0.0000e+00     0.0000e+00  0.0000e+00     0.0000e+00  0.0000e+00 
1.3357e+03     0.0000e+00  0.0000e+00     0.0000e+00  0.0000e+00     0.0000e+00  0.0000e+00     0.0000e+00  0.0000e+00 
1.4987e+03     0.0000e+00  0.0000e+00     0.0000e+00  0.0000e+00     0.0000e+00  0.0000e+00     0.0000e+00  0.0000e+00 
1.6816e+03     0.0000e+00  0.0000e+00     0.0000e+00  0.0000e+00     0.0000e+00  0.0000e+00     0.0000e+00  0.0000e+00 
1.8868e+03     0.0000e+00  0.0000e+00     0.0000e+00  0.0000e+00     0.0000e+00  0.0000e+00     0.0000e+00  0.0000e+00 
2.1170e+03     0.0000e+00  0.0000e+00     0.0000e+00  0.0000e+00     0.0000e+00  0.0000e+00     0.0000e+00  0.0000e+00 
2.3753e+03     0.0000e+00  0.0000e+00     0.0000e+00  0.0000e+00     0.0000e+00  0.0000e+00     0.0000e+00  0.0000e+00 
2.6651e+03     0.0000e+00  0.0000e+00     0.0000e+00  0.0000e+00     0.0000e+00  0.0000e+00     0.0000e+00  0.0000e+00 
2.9903e+03     0.0000e+00  0.0000e+00     0.0000e+00  0.0000e+00     0.0000e+00  0.0000e+00     0.0000e+00  0.0000e+00 
3.3552e+03     0.0000e+00  0.0000e+00     0.0000e+00  0.0000e+00     0.0000e+00  0.0000e+00     0.0000e+00  0.0000e+00 
3.7646e+03     0.0000e+00  0.0000e+00     0.0000e+00  0.0000e+00     0.0000e+00  0.0000e+00     0.0000e+00  0.0000e+00 
4.2240e+03     0.0000e+00  0.0000e+00     0.0000e+00  0.0000e+00     0.0000e+00  0.0000e+00     0.0000e+00  0.0000e+00 
4.7394e+03     0.0000e+00  0.0000e+00     0.0000e+00  0.0000e+00     0.0000e+00  0.0000e+00     0.0000e+00  0.0000e+00 
5.3176e+03     0.0000e+00  0.0000e+00     0.0000e+00  0.0000e+00     0.0000e+00  0.0000e+00     0.0000e+00  0.0000e+00 
5.9665e+03     0.0000e+00  0.0000e+00     0.0000e+00  0.0000e+00     0.0000e+00  0.0000e+00     0.0000e+00  0.0000e+00 
6.6945e+03     0.0000e+00  0.0000e+00     0.0000e+00  0.0000e+00     0.0000e+00  0.0000e+00     0.0000e+00  0.0000e+00 
7.5114e+03     0.0000e+00  0.0000e+00     0.0000e+00  0.0000e+00     0.0000e+00  0.0000e+00     0.0000e+00  0.0000e+00 
8.4279e+03     0.0000e+00  0.0000e+00     0.0000e+00  0.0000e+00     0.0000e+00  0.0000e+00     0.0000e+00  0.0000e+00 
9.4563e+03     0.0000e+00  0.0000e+00     0.0000e+00  0.0000e+00     0.0000e+00  0.0000e+00     0.0000e+00  0.0000e+00 
