yF = 3.2480e-01 (std: 1.0530e-03) keV/um
yD = 3.2686e+00 (std: 7.7692e-01) keV/um
y (keV/um)     f(y)(std)                  yf(y)(std)                 d(y)(std)                  yd(y)(std)  
1.0610e-03     8.2926e-03  3.8901e-03     8.7986e-06  4.1274e-06     2.7090e-05  1.2708e-05     2.8742e-08  1.3483e-08 
1.1905e-03     1.4782e-02  8.0978e-03     1.7597e-05  9.6402e-06     5.4179e-05  2.9681e-05     6.4499e-08  3.5335e-08 
1.3357e-03     1.9761e-02  4.2711e-02     2.6396e-05  5.7051e-05     8.1269e-05  1.7565e-04     1.0855e-07  2.3462e-07 
1.4987e-03     2.3483e-02  1.6086e-02     3.5194e-05  2.4109e-05     1.0836e-04  7.4228e-05     1.6240e-07  1.1125e-07 
1.6816e-03     2.6162e-02  6.0276e-02     4.3993e-05  1.0136e-04     1.3545e-04  3.1207e-04     2.2777e-07  5.2477e-07 
1.8868e-03     2.7980e-02  1.2820e-02     5.2791e-05  2.4188e-05     1.6254e-04  7.4473e-05     3.0667e-07  1.4051e-07 
2.1170e-03     2.4937e-02  2.4756e-02     5.2791e-05  5.2408e-05     1.6254e-04  1.6136e-04     3.4409e-07  3.4159e-07 
2.3753e-03     2.9634e-02  1.2107e-02     7.0389e-05  2.8759e-05     2.1672e-04  8.8547e-05     5.1477e-07  2.1033e-07 
2.6651e-03     5.9425e-02  3.8980e-02     1.5837e-04  1.0389e-04     4.8761e-04  3.1986e-04     1.2996e-06  8.5246e-07 
2.9903e-03     3.2366e-02  1.1084e-02     9.6784e-05  3.3146e-05     2.9799e-04  1.0206e-04     8.9107e-07  3.0518e-07 
3.3552e-03     3.9335e-02  1.2479e-02     1.3198e-04  4.1868e-05     4.0634e-04  1.2891e-04     1.3634e-06  4.3253e-07 
3.7646e-03     4.4407e-02  1.8010e-02     1.6717e-04  6.7799e-05     5.1470e-04  2.0875e-04     1.9376e-06  7.8586e-07 
4.2240e-03     5.8325e-02  2.6301e-02     2.4636e-04  1.1110e-04     7.5851e-04  3.4206e-04     3.2039e-06  1.4448e-06 
4.7394e-03     3.8986e-02  1.4639e-02     1.8477e-04  6.9378e-05     5.6888e-04  2.1361e-04     2.6961e-06  1.0124e-06 
5.3176e-03     5.7911e-02  2.1086e-02     3.0795e-04  1.1213e-04     9.4814e-04  3.4525e-04     5.0418e-06  1.8359e-06 
5.9665e-03     5.3088e-02  1.6917e-02     3.1675e-04  1.0094e-04     9.7522e-04  3.1079e-04     5.8187e-06  1.8543e-06 
6.6945e-03     7.8858e-02  1.5396e-02     5.2791e-04  1.0307e-04     1.6254e-03  3.1738e-04     1.0881e-05  2.1247e-06 
7.5114e-03     4.5683e-02  1.0871e-02     3.4314e-04  8.1659e-05     1.0565e-03  2.5144e-04     7.9357e-06  1.8887e-06 
8.4279e-03     4.1759e-03  1.6155e-03     3.5194e-05  1.3615e-05     1.0836e-04  4.1920e-05     9.1323e-07  3.5330e-07 
9.4563e-03     1.8609e-03  1.0631e-02     1.7597e-05  1.0053e-04     5.4179e-05  3.0951e-04     5.1233e-07  2.9268e-06 
1.0610e-02     0.0000e+00  0.0000e+00     0.0000e+00  0.0000e+00     0.0000e+00  0.0000e+00     0.0000e+00  0.0000e+00 
1.1905e-02     1.9430e+00  6.4351e-02     2.3131e-02  7.6608e-04     7.1218e-02  2.3699e-03     8.4784e-04  2.8213e-05 
1.3357e-02     1.6362e+00  5.7879e-02     2.1856e-02  7.7311e-04     6.7291e-02  2.3903e-03     8.9882e-04  3.1928e-05 
1.4987e-02     1.2569e+00  5.5831e-02     1.8838e-02  8.3675e-04     5.7999e-02  2.5831e-03     8.6924e-04  3.8713e-05 
1.6816e-02     1.0302e+00  6.0289e-02     1.7324e-02  1.0138e-03     5.3339e-02  3.1262e-03     8.9695e-04  5.2569e-05 
1.8868e-02     8.0442e-01  3.7844e-02     1.5178e-02  7.1402e-04     4.6730e-02  2.2036e-03     8.8168e-04  4.1577e-05 
2.1170e-02     6.5002e-01  1.2863e-02     1.3761e-02  2.7230e-04     4.2368e-02  8.4956e-04     8.9693e-04  1.7985e-05 
2.3753e-02     8.2566e-01  2.8683e-02     1.9612e-02  6.8132e-04     6.0383e-02  2.1068e-03     1.4343e-03  5.0043e-05 
2.6651e-02     1.0617e+00  6.4160e-02     2.8296e-02  1.7099e-03     8.7120e-02  5.2723e-03     2.3219e-03  1.4051e-04 
2.9903e-02     1.1243e+00  1.8597e-02     3.3619e-02  5.5612e-04     1.0351e-01  1.7448e-03     3.0953e-03  5.2175e-05 
3.3552e-02     1.0285e+00  1.7867e-02     3.4508e-02  5.9948e-04     1.0625e-01  1.8776e-03     3.5647e-03  6.2996e-05 
3.7646e-02     1.0903e+00  1.8683e-02     4.1045e-02  7.0334e-04     1.2637e-01  2.2039e-03     4.7574e-03  8.2968e-05 
4.2240e-02     1.1752e+00  2.8968e-02     4.9642e-02  1.2236e-03     1.5284e-01  3.7997e-03     6.4559e-03  1.6050e-04 
4.7394e-02     1.2271e+00  1.6714e-02     5.8159e-02  7.9213e-04     1.7906e-01  2.5070e-03     8.4864e-03  1.1881e-04 
5.3176e-02     1.3032e+00  5.6543e-02     6.9298e-02  3.0067e-03     2.1336e-01  9.2832e-03     1.1346e-02  4.9365e-04 
5.9665e-02     1.4250e+00  1.8557e-02     8.5021e-02  1.1072e-03     2.6177e-01  3.5130e-03     1.5618e-02  2.0960e-04 
6.6945e-02     1.5075e+00  3.2091e-02     1.0092e-01  2.1483e-03     3.1072e-01  6.6906e-03     2.0801e-02  4.4791e-04 
7.5114e-02     1.6189e+00  1.8621e-02     1.2161e-01  1.3987e-03     3.7441e-01  4.4742e-03     2.8123e-02  3.3607e-04 
8.4279e-02     1.7908e+00  1.7553e-02     1.5093e-01  1.4793e-03     4.6469e-01  4.7973e-03     3.9164e-02  4.0431e-04 
9.4563e-02     1.9400e+00  1.4384e-02     1.8345e-01  1.3602e-03     5.6482e-01  4.5708e-03     5.3411e-02  4.3223e-04 
1.0610e-01     2.0701e+00  1.8664e-02     2.1964e-01  1.9803e-03     6.7624e-01  6.4791e-03     7.1749e-02  6.8744e-04 
1.1905e-01     2.2549e+00  3.6096e-02     2.6844e-01  4.2972e-03     8.2650e-01  1.3499e-02     9.8393e-02  1.6070e-03 
1.3357e-01     2.4177e+00  2.0832e-02     3.2293e-01  2.7826e-03     9.9427e-01  9.1535e-03     1.3281e-01  1.2227e-03 
1.4987e-01     2.5738e+00  1.4759e-02     3.8574e-01  2.2120e-03     1.1876e+00  7.8234e-03     1.7799e-01  1.1725e-03 
1.6816e-01     2.7387e+00  1.1098e-02     4.6053e-01  1.8662e-03     1.4179e+00  7.3584e-03     2.3844e-01  1.2374e-03 
1.8868e-01     2.8277e+00  1.1132e-02     5.3352e-01  2.1003e-03     1.6426e+00  8.3772e-03     3.0993e-01  1.5806e-03 
2.1170e-01     2.8247e+00  1.5098e-02     5.9798e-01  3.1963e-03     1.8411e+00  1.1510e-02     3.8976e-01  2.4366e-03 
2.3753e-01     2.7047e+00  9.3813e-03     6.4245e-01  2.2283e-03     1.9780e+00  9.3912e-03     4.6984e-01  2.2307e-03 
2.6651e-01     2.5144e+00  2.0539e-02     6.7011e-01  5.4740e-03     2.0632e+00  1.8133e-02     5.4986e-01  4.8326e-03 
2.9903e-01     2.1718e+00  1.3980e-02     6.4943e-01  4.1804e-03     1.9995e+00  1.4411e-02     5.9792e-01  4.3094e-03 
3.3552e-01     1.7784e+00  1.0826e-02     5.9669e-01  3.6323e-03     1.8371e+00  1.2671e-02     6.1640e-01  4.2512e-03 
3.7646e-01     1.3533e+00  9.1607e-03     5.0945e-01  3.4486e-03     1.5685e+00  1.1773e-02     5.9048e-01  4.4320e-03 
4.2240e-01     9.6748e-01  6.5997e-03     4.0866e-01  2.7877e-03     1.2582e+00  9.5029e-03     5.3146e-01  4.0140e-03 
4.7394e-01     6.5478e-01  7.5142e-03     3.1033e-01  3.5612e-03     9.5545e-01  1.1394e-02     4.5282e-01  5.3999e-03 
5.3176e-01     4.3023e-01  3.4307e-03     2.2878e-01  1.8243e-03     7.0438e-01  6.0633e-03     3.7457e-01  3.2242e-03 
5.9665e-01     2.7626e-01  4.1433e-03     1.6483e-01  2.4721e-03     5.0750e-01  7.7871e-03     3.0280e-01  4.6462e-03 
6.6945e-01     1.8245e-01  2.4581e-03     1.2214e-01  1.6456e-03     3.7606e-01  5.2112e-03     2.5175e-01  3.4887e-03 
7.5114e-01     1.2573e-01  3.0693e-03     9.4444e-02  2.3055e-03     2.9078e-01  7.1605e-03     2.1842e-01  5.3785e-03 
8.4279e-01     8.7454e-02  1.2753e-03     7.3706e-02  1.0748e-03     2.2693e-01  3.3900e-03     1.9125e-01  2.8570e-03 
9.4563e-01     6.3447e-02  1.6688e-03     5.9997e-02  1.5780e-03     1.8472e-01  4.8954e-03     1.7468e-01  4.6292e-03 
1.0610e+00     4.5253e-02  1.2857e-03     4.8014e-02  1.3642e-03     1.4783e-01  4.2274e-03     1.5685e-01  4.4853e-03 
1.1905e+00     3.3599e-02  1.3777e-03     3.9998e-02  1.6401e-03     1.2315e-01  5.0653e-03     1.4661e-01  6.0301e-03 
1.3357e+00     2.5294e-02  1.1113e-03     3.3787e-02  1.4844e-03     1.0402e-01  4.5825e-03     1.3895e-01  6.1210e-03 
1.4987e+00     1.9415e-02  4.2973e-04     2.9097e-02  6.4404e-04     8.9585e-02  2.0041e-03     1.3426e-01  3.0035e-03 
1.6816e+00     1.4614e-02  3.1571e-04     2.4574e-02  5.3089e-04     7.5661e-02  1.6528e-03     1.2723e-01  2.7794e-03 
1.8868e+00     1.1127e-02  4.9867e-04     2.0993e-02  9.4088e-04     6.4636e-02  2.9044e-03     1.2195e-01  5.4800e-03 
2.1170e+00     8.5285e-03  1.3841e-04     1.8055e-02  2.9301e-04     5.5588e-02  9.1996e-04     1.1768e-01  1.9476e-03 
2.3753e+00     6.5453e-03  4.5087e-04     1.5547e-02  1.0710e-03     4.7867e-02  3.3010e-03     1.1370e-01  7.8408e-03 
2.6651e+00     4.9586e-03  1.7250e-04     1.3215e-02  4.5974e-04     4.0689e-02  1.4216e-03     1.0844e-01  3.7888e-03 
2.9903e+00     3.6338e-03  1.7898e-04     1.0866e-02  5.3521e-04     3.3456e-02  1.6514e-03     1.0004e-01  4.9382e-03 
3.3552e+00     2.6905e-03  1.7654e-04     9.0273e-03  5.9233e-04     2.7794e-02  1.8259e-03     9.3254e-02  6.1264e-03 
3.7646e+00     1.8581e-03  7.3884e-05     6.9949e-03  2.7814e-04     2.1536e-02  8.5921e-04     8.1075e-02  3.2346e-03 
4.2240e+00     1.3165e-03  6.8236e-05     5.5607e-03  2.8823e-04     1.7121e-02  8.8915e-04     7.2317e-02  3.7557e-03 
4.7394e+00     7.8901e-04  6.8756e-05     3.7394e-03  3.2586e-04     1.1513e-02  1.0040e-03     5.4565e-02  4.7582e-03 
5.3176e+00     5.5264e-04  4.6661e-05     2.9387e-03  2.4813e-04     9.0479e-03  7.6451e-04     4.8114e-02  4.0654e-03 
5.9665e+00     3.1558e-04  1.9869e-05     1.8829e-03  1.1855e-04     5.7972e-03  3.6549e-04     3.4589e-02  2.1807e-03 
6.6945e+00     1.8400e-04  3.3506e-05     1.2318e-03  2.2430e-04     3.7925e-03  6.9071e-04     2.5389e-02  4.6240e-03 
7.5114e+00     8.4338e-05  1.1385e-05     6.3350e-04  8.5515e-05     1.9504e-03  2.6337e-04     1.4651e-02  1.9782e-03 
8.4279e+00     3.2363e-05  8.7754e-06     2.7276e-04  7.3958e-05     8.3978e-04  2.2772e-04     7.0776e-03  1.9192e-03 
9.4563e+00     1.0235e-05  3.6223e-06     9.6784e-05  3.4253e-05     2.9799e-04  1.0547e-04     2.8178e-03  9.9731e-04 
1.0610e+01     4.1463e-06  1.9052e-06     4.3993e-05  2.0214e-05     1.3545e-04  6.2239e-05     1.4371e-03  6.6036e-04 
1.1905e+01     1.4782e-06  1.1391e-06     1.7597e-05  1.3561e-05     5.4179e-05  4.1753e-05     6.4499e-04  4.9705e-04 
1.3357e+01     0.0000e+00  0.0000e+00     0.0000e+00  0.0000e+00     0.0000e+00  0.0000e+00     0.0000e+00  0.0000e+00 
1.4987e+01     0.0000e+00  0.0000e+00     0.0000e+00  0.0000e+00     0.0000e+00  0.0000e+00     0.0000e+00  0.0000e+00 
1.6816e+01     0.0000e+00  0.0000e+00     0.0000e+00  0.0000e+00     0.0000e+00  0.0000e+00     0.0000e+00  0.0000e+00 
1.8868e+01     0.0000e+00  0.0000e+00     0.0000e+00  0.0000e+00     0.0000e+00  0.0000e+00     0.0000e+00  0.0000e+00 
2.1170e+01     0.0000e+00  0.0000e+00     0.0000e+00  0.0000e+00     0.0000e+00  0.0000e+00     0.0000e+00  0.0000e+00 
2.3753e+01     0.0000e+00  0.0000e+00     0.0000e+00  0.0000e+00     0.0000e+00  0.0000e+00     0.0000e+00  0.0000e+00 
2.6651e+01     0.0000e+00  0.0000e+00     0.0000e+00  0.0000e+00     0.0000e+00  0.0000e+00     0.0000e+00  0.0000e+00 
2.9903e+01     0.0000e+00  0.0000e+00     0.0000e+00  0.0000e+00     0.0000e+00  0.0000e+00     0.0000e+00  0.0000e+00 
3.3552e+01     0.0000e+00  0.0000e+00     0.0000e+00  0.0000e+00     0.0000e+00  0.0000e+00     0.0000e+00  0.0000e+00 
3.7646e+01     0.0000e+00  0.0000e+00     0.0000e+00  0.0000e+00     0.0000e+00  0.0000e+00     0.0000e+00  0.0000e+00 
4.2240e+01     0.0000e+00  0.0000e+00     0.0000e+00  0.0000e+00     0.0000e+00  0.0000e+00     0.0000e+00  0.0000e+00 
4.7394e+01     1.8565e-07  3.2305e-07     8.7986e-06  1.5310e-05     2.7090e-05  4.7138e-05     1.2839e-03  2.2340e-03 
5.3176e+01     0.0000e+00  0.0000e+00     0.0000e+00  0.0000e+00     0.0000e+00  0.0000e+00     0.0000e+00  0.0000e+00 
5.9665e+01     0.0000e+00  0.0000e+00     0.0000e+00  0.0000e+00     0.0000e+00  0.0000e+00     0.0000e+00  0.0000e+00 
6.6945e+01     0.0000e+00  0.0000e+00     0.0000e+00  0.0000e+00     0.0000e+00  0.0000e+00     0.0000e+00  0.0000e+00 
7.5114e+01     0.0000e+00  0.0000e+00     0.0000e+00  0.0000e+00     0.0000e+00  0.0000e+00     0.0000e+00  0.0000e+00 
8.4279e+01     0.0000e+00  0.0000e+00     0.0000e+00  0.0000e+00     0.0000e+00  0.0000e+00     0.0000e+00  0.0000e+00 
9.4563e+01     0.0000e+00  0.0000e+00     0.0000e+00  0.0000e+00     0.0000e+00  0.0000e+00     0.0000e+00  0.0000e+00 
1.0610e+02     0.0000e+00  0.0000e+00     0.0000e+00  0.0000e+00     0.0000e+00  0.0000e+00     0.0000e+00  0.0000e+00 
1.1905e+02     0.0000e+00  0.0000e+00     0.0000e+00  0.0000e+00     0.0000e+00  0.0000e+00     0.0000e+00  0.0000e+00 
1.3357e+02     6.5871e-08  6.0442e-08     8.7986e-06  8.0735e-06     2.7090e-05  2.4857e-05     3.6184e-03  3.3203e-03 
1.4987e+02     5.8707e-08  4.1224e-08     8.7986e-06  6.1782e-06     2.7090e-05  1.9022e-05     4.0600e-03  2.8509e-03 
1.6816e+02     0.0000e+00  0.0000e+00     0.0000e+00  0.0000e+00     0.0000e+00  0.0000e+00     0.0000e+00  0.0000e+00 
1.8868e+02     0.0000e+00  0.0000e+00     0.0000e+00  0.0000e+00     0.0000e+00  0.0000e+00     0.0000e+00  0.0000e+00 
2.1170e+02     0.0000e+00  0.0000e+00     0.0000e+00  0.0000e+00     0.0000e+00  0.0000e+00     0.0000e+00  0.0000e+00 
2.3753e+02     0.0000e+00  0.0000e+00     0.0000e+00  0.0000e+00     0.0000e+00  0.0000e+00     0.0000e+00  0.0000e+00 
2.6651e+02     0.0000e+00  0.0000e+00     0.0000e+00  0.0000e+00     0.0000e+00  0.0000e+00     0.0000e+00  0.0000e+00 
2.9903e+02     0.0000e+00  0.0000e+00     0.0000e+00  0.0000e+00     0.0000e+00  0.0000e+00     0.0000e+00  0.0000e+00 
3.3552e+02     2.6224e-08  1.6676e-08     8.7986e-06  5.5951e-06     2.7090e-05  1.7227e-05     9.0891e-03  5.7800e-03 
3.7646e+02     0.0000e+00  0.0000e+00     0.0000e+00  0.0000e+00     0.0000e+00  0.0000e+00     0.0000e+00  0.0000e+00 
4.2240e+02     0.0000e+00  0.0000e+00     0.0000e+00  0.0000e+00     0.0000e+00  0.0000e+00     0.0000e+00  0.0000e+00 
4.7394e+02     0.0000e+00  0.0000e+00     0.0000e+00  0.0000e+00     0.0000e+00  0.0000e+00     0.0000e+00  0.0000e+00 
5.3176e+02     1.6546e-08  1.1895e-08     8.7986e-06  6.3251e-06     2.7090e-05  1.9474e-05     1.4405e-02  1.0356e-02 
5.9665e+02     1.4747e-08  5.1077e-09     8.7986e-06  3.0475e-06     2.7090e-05  9.3832e-06     1.6163e-02  5.5985e-03 
6.6945e+02     0.0000e+00  0.0000e+00     0.0000e+00  0.0000e+00     0.0000e+00  0.0000e+00     0.0000e+00  0.0000e+00 
7.5114e+02     0.0000e+00  0.0000e+00     0.0000e+00  0.0000e+00     0.0000e+00  0.0000e+00     0.0000e+00  0.0000e+00 
8.4279e+02     0.0000e+00  0.0000e+00     0.0000e+00  0.0000e+00     0.0000e+00  0.0000e+00     0.0000e+00  0.0000e+00 
9.4563e+02     0.0000e+00  0.0000e+00     0.0000e+00  0.0000e+00     0.0000e+00  0.0000e+00     0.0000e+00  0.0000e+00 
1.0610e+03     0.0000e+00  0.0000e+00     0.0000e+00  0.0000e+00     0.0000e+00  0.0000e+00     0.0000e+00  0.0000e+00 
1.1905e+03     0.0000e+00  0.0000e+00     0.0000e+00  0.0000e+00     0.0000e+00  0.0000e+00     0.0000e+00  0.0000e+00 
1.3357e+03     0.0000e+00  0.0000e+00     0.0000e+00  0.0000e+00     0.0000e+00  0.0000e+00     0.0000e+00  0.0000e+00 
1.4987e+03     0.0000e+00  0.0000e+00     0.0000e+00  0.0000e+00     0.0000e+00  0.0000e+00     0.0000e+00  0.0000e+00 
1.6816e+03     0.0000e+00  0.0000e+00     0.0000e+00  0.0000e+00     0.0000e+00  0.0000e+00     0.0000e+00  0.0000e+00 
1.8868e+03     0.0000e+00  0.0000e+00     0.0000e+00  0.0000e+00     0.0000e+00  0.0000e+00     0.0000e+00  0.0000e+00 
2.1170e+03     0.0000e+00  0.0000e+00     0.0000e+00  0.0000e+00     0.0000e+00  0.0000e+00     0.0000e+00  0.0000e+00 
2.3753e+03     0.0000e+00  0.0000e+00     0.0000e+00  0.0000e+00     0.0000e+00  0.0000e+00     0.0000e+00  0.0000e+00 
2.6651e+03     0.0000e+00  0.0000e+00     0.0000e+00  0.0000e+00     0.0000e+00  0.0000e+00     0.0000e+00  0.0000e+00 
2.9903e+03     0.0000e+00  0.0000e+00     0.0000e+00  0.0000e+00     0.0000e+00  0.0000e+00     0.0000e+00  0.0000e+00 
3.3552e+03     0.0000e+00  0.0000e+00     0.0000e+00  0.0000e+00     0.0000e+00  0.0000e+00     0.0000e+00  0.0000e+00 
3.7646e+03     0.0000e+00  0.0000e+00     0.0000e+00  0.0000e+00     0.0000e+00  0.0000e+00     0.0000e+00  0.0000e+00 
4.2240e+03     0.0000e+00  0.0000e+00     0.0000e+00  0.0000e+00     0.0000e+00  0.0000e+00     0.0000e+00  0.0000e+00 
4.7394e+03     0.0000e+00  0.0000e+00     0.0000e+00  0.0000e+00     0.0000e+00  0.0000e+00     0.0000e+00  0.0000e+00 
5.3176e+03     0.0000e+00  0.0000e+00     0.0000e+00  0.0000e+00     0.0000e+00  0.0000e+00     0.0000e+00  0.0000e+00 
5.9665e+03     0.0000e+00  0.0000e+00     0.0000e+00  0.0000e+00     0.0000e+00  0.0000e+00     0.0000e+00  0.0000e+00 
6.6945e+03     0.0000e+00  0.0000e+00     0.0000e+00  0.0000e+00     0.0000e+00  0.0000e+00     0.0000e+00  0.0000e+00 
7.5114e+03     0.0000e+00  0.0000e+00     0.0000e+00  0.0000e+00     0.0000e+00  0.0000e+00     0.0000e+00  0.0000e+00 
8.4279e+03     0.0000e+00  0.0000e+00     0.0000e+00  0.0000e+00     0.0000e+00  0.0000e+00     0.0000e+00  0.0000e+00 
9.4563e+03     0.0000e+00  0.0000e+00     0.0000e+00  0.0000e+00     0.0000e+00  0.0000e+00     0.0000e+00  0.0000e+00 
