yF = 2.9055e+01 (std: 5.3712e-02) keV/um
yD = 3.1991e+01 (std: 7.1110e-02) keV/um
y (keV/um)     f(y)(std)                  yf(y)(std)                 d(y)(std)                  yd(y)(std)  
1.0610e-03     2.6520e-02  1.9731e-02     2.8138e-05  2.0935e-05     9.6842e-07  7.2053e-07     1.0275e-09  7.6448e-10 
1.1905e-03     1.5757e-02  7.9764e-03     1.8759e-05  9.4957e-06     6.4562e-07  3.2682e-07     7.6859e-10  3.8907e-10 
1.3357e-03     0.0000e+00  0.0000e+00     0.0000e+00  0.0000e+00     0.0000e+00  0.0000e+00     0.0000e+00  0.0000e+00 
1.4987e-03     0.0000e+00  0.0000e+00     0.0000e+00  0.0000e+00     0.0000e+00  0.0000e+00     0.0000e+00  0.0000e+00 
1.6816e-03     0.0000e+00  0.0000e+00     0.0000e+00  0.0000e+00     0.0000e+00  0.0000e+00     0.0000e+00  0.0000e+00 
1.8868e-03     4.9711e-03  3.4495e-03     9.3793e-06  6.5084e-06     3.2281e-07  2.2400e-07     6.0906e-10  4.2264e-10 
2.1170e-03     0.0000e+00  0.0000e+00     0.0000e+00  0.0000e+00     0.0000e+00  0.0000e+00     0.0000e+00  0.0000e+00 
2.3753e-03     7.8973e-03  1.5713e-02     1.8759e-05  3.7323e-05     6.4562e-07  1.2846e-06     1.5335e-09  3.0512e-09 
2.6651e-03     1.4077e-02  9.3533e-03     3.7517e-05  2.4928e-05     1.2912e-06  8.5795e-07     3.4413e-09  2.2865e-09 
2.9903e-03     3.1365e-03  4.6242e-03     9.3793e-06  1.3828e-05     3.2281e-07  4.7592e-07     9.6530e-10  1.4232e-09 
3.3552e-03     2.7954e-03  9.6825e-04     9.3793e-06  3.2487e-06     3.2281e-07  1.1181e-07     1.0831e-09  3.7515e-10 
3.7646e-03     7.4743e-03  1.2349e-02     2.8138e-05  4.6488e-05     9.6842e-07  1.6000e-06     3.6457e-09  6.0233e-09 
4.2240e-03     4.4410e-03  1.0947e-02     1.8759e-05  4.6241e-05     6.4562e-07  1.5915e-06     2.7271e-09  6.7224e-09 
4.7394e-03     3.9580e-03  2.3133e-02     1.8759e-05  1.0964e-04     6.4562e-07  3.7733e-06     3.0598e-09  1.7883e-08 
5.3176e-03     5.2914e-03  2.2948e-03     2.8138e-05  1.2203e-05     9.6842e-07  4.1999e-07     5.1497e-09  2.2334e-09 
5.9665e-03     9.4319e-03  3.8862e-03     5.6276e-05  2.3187e-05     1.9368e-06  7.9803e-07     1.1556e-08  4.7614e-09 
6.6945e-03     8.4062e-03  3.8255e-03     5.6276e-05  2.5610e-05     1.9368e-06  8.8142e-07     1.2966e-08  5.9007e-09 
7.5114e-03     2.4974e-03  1.8706e-03     1.8759e-05  1.4051e-05     6.4562e-07  4.8359e-07     4.8495e-09  3.6324e-09 
8.4279e-03     2.2258e-03  3.0152e-03     1.8759e-05  2.5412e-05     6.4562e-07  8.7461e-07     5.4412e-09  7.3711e-09 
9.4563e-03     1.9837e-03  6.3564e-04     1.8759e-05  6.0108e-06     6.4562e-07  2.0688e-07     6.1051e-09  1.9563e-09 
1.0610e-02     2.6520e-03  1.6400e-03     2.8138e-05  1.7400e-05     9.6842e-07  5.9888e-07     1.0275e-08  6.3541e-09 
1.1905e-02     3.1514e-03  3.4333e-03     3.7517e-05  4.0872e-05     1.2912e-06  1.4067e-06     1.5372e-08  1.6746e-08 
1.3357e-02     2.1065e-03  1.1215e-03     2.8138e-05  1.4980e-05     9.6842e-07  5.1557e-07     1.2936e-08  6.8867e-09 
1.4987e-02     1.8775e-03  9.4067e-04     2.8138e-05  1.4098e-05     9.6842e-07  4.8521e-07     1.4514e-08  7.2720e-09 
1.6816e-02     5.5776e-04  1.1156e-03     9.3793e-06  1.8759e-05     3.2281e-07  6.4564e-07     5.4283e-09  1.0857e-08 
1.8868e-02     4.9711e-04  4.7193e-04     9.3793e-06  8.9043e-06     3.2281e-07  3.0646e-07     6.0906e-09  5.7822e-09 
2.1170e-02     1.3291e-03  7.9445e-04     2.8138e-05  1.6818e-05     9.6842e-07  5.7885e-07     2.0501e-08  1.2254e-08 
2.3753e-02     3.9487e-03  8.8808e-03     9.3793e-05  2.1095e-04     3.2281e-06  7.2602e-06     7.6677e-08  1.7245e-07 
2.6651e-02     3.5192e-03  1.2350e-03     9.3793e-05  3.2916e-05     3.2281e-06  1.1329e-06     8.6033e-08  3.0193e-08 
2.9903e-02     9.4096e-04  4.3187e-04     2.8138e-05  1.2914e-05     9.6842e-07  4.4448e-07     2.8959e-08  1.3292e-08 
3.3552e-02     1.9568e-03  1.0961e-03     6.5655e-05  3.6776e-05     2.2597e-06  1.2657e-06     7.5816e-08  4.2468e-08 
3.7646e-02     1.7440e-03  7.9065e-04     6.5655e-05  2.9765e-05     2.2597e-06  1.0244e-06     8.5067e-08  3.8566e-08 
4.2240e-02     1.5543e-03  2.3420e-03     6.5655e-05  9.8925e-05     2.2597e-06  3.4047e-06     9.5447e-08  1.4381e-07 
4.7394e-02     5.9371e-04  3.9481e-04     2.8138e-05  1.8711e-05     9.6842e-07  6.4399e-07     4.5897e-08  3.0521e-08 
5.3176e-02     1.7638e-03  6.8378e-04     9.3793e-05  3.6361e-05     3.2281e-06  1.2515e-06     1.7166e-07  6.6548e-08 
5.9665e-02     1.5720e-03  2.3692e-03     9.3793e-05  1.4136e-04     3.2281e-06  4.8652e-06     1.9260e-07  2.9028e-07 
6.6945e-02     9.8073e-04  5.0229e-04     6.5655e-05  3.3626e-05     2.2597e-06  1.1573e-06     1.5127e-07  7.7477e-08 
7.5114e-02     1.2487e-03  3.5528e-04     9.3793e-05  2.6686e-05     3.2281e-06  9.1848e-07     2.4247e-07  6.8990e-08 
8.4279e-02     3.1161e-03  1.1278e-03     2.6262e-04  9.5047e-05     9.0386e-06  3.2713e-06     7.6177e-07  2.7570e-07 
9.4563e-02     1.5870e-03  5.2421e-04     1.5007e-04  4.9571e-05     5.1649e-06  1.7061e-06     4.8841e-07  1.6134e-07 
1.0610e-01     3.0940e-03  1.8199e-03     3.2827e-04  1.9309e-04     1.1298e-05  6.6456e-06     1.1988e-06  7.0510e-07 
1.1905e-01     1.8909e-03  5.0480e-04     2.2510e-04  6.0095e-05     7.7474e-06  2.0683e-06     9.2231e-07  2.4623e-07 
1.3357e-01     2.3874e-03  5.2998e-04     3.1890e-04  7.0791e-05     1.0975e-05  2.4365e-06     1.4660e-06  3.2545e-07 
1.4987e-01     1.5020e-03  8.3534e-04     2.2510e-04  1.2519e-04     7.7474e-06  4.3089e-06     1.1611e-06  6.4578e-07 
1.6816e-01     1.5060e-03  4.9213e-04     2.5324e-04  8.2756e-05     8.7158e-06  2.8483e-06     1.4656e-06  4.7896e-07 
1.8868e-01     3.0821e-03  8.9396e-04     5.8151e-04  1.6867e-04     2.0014e-05  5.8052e-06     3.7762e-06  1.0953e-06 
2.1170e-01     3.8988e-03  8.3097e-04     8.2538e-04  1.7592e-04     2.8407e-05  6.0547e-06     6.0138e-06  1.2818e-06 
2.3753e-01     3.1194e-03  4.1603e-04     7.4096e-04  9.8819e-05     2.5502e-05  3.4014e-06     6.0575e-06  8.0793e-07 
2.6651e-01     2.5339e-03  7.4797e-04     6.7531e-04  1.9934e-04     2.3242e-05  6.8610e-06     6.1944e-06  1.8286e-06 
2.9903e-01     2.4779e-03  4.0595e-04     7.4096e-04  1.2139e-04     2.5502e-05  4.1782e-06     7.6259e-06  1.2494e-06 
3.3552e-01     2.6836e-03  3.5659e-04     9.0041e-04  1.1964e-04     3.0990e-05  4.1182e-06     1.0398e-05  1.3817e-06 
3.7646e-01     1.9931e-03  3.8782e-04     7.5034e-04  1.4600e-04     2.5825e-05  5.0251e-06     9.7219e-06  1.8917e-06 
4.2240e-01     1.9540e-03  3.5476e-04     8.2538e-04  1.4985e-04     2.8407e-05  5.1577e-06     1.1999e-05  2.1786e-06 
4.7394e-01     2.0384e-03  1.6023e-04     9.6606e-04  7.5940e-05     3.3249e-05  2.6144e-06     1.5758e-05  1.2390e-06 
5.3176e-01     2.6810e-03  2.8989e-04     1.4256e-03  1.5415e-04     4.9067e-05  5.3063e-06     2.6092e-05  2.8217e-06 
5.9665e-01     2.4837e-03  3.6174e-04     1.4819e-03  2.1583e-04     5.1004e-05  7.4290e-06     3.0431e-05  4.4325e-06 
6.6945e-01     2.7460e-03  1.9061e-04     1.8383e-03  1.2760e-04     6.3270e-05  4.3933e-06     4.2356e-05  2.9411e-06 
7.5114e-01     3.1841e-03  4.1022e-04     2.3917e-03  3.0813e-04     8.2316e-05  1.0606e-05     6.1831e-05  7.9666e-06 
8.4279e-01     2.8935e-03  2.3344e-04     2.4386e-03  1.9674e-04     8.3930e-05  6.7729e-06     7.0735e-05  5.7082e-06 
9.4563e-01     3.0748e-03  2.5964e-04     2.9076e-03  2.4552e-04     1.0007e-04  8.4522e-06     9.4629e-05  7.9926e-06 
1.0610e+00     2.7934e-03  2.2788e-04     2.9638e-03  2.4178e-04     1.0201e-04  8.3236e-06     1.0823e-04  8.8315e-06 
1.1905e+00     2.4502e-03  3.4399e-04     2.9170e-03  4.0951e-04     1.0039e-04  1.4095e-05     1.1952e-04  1.6780e-05 
1.3357e+00     2.0223e-03  2.4965e-04     2.7012e-03  3.3346e-04     9.2969e-05  1.1478e-05     1.2418e-04  1.5332e-05 
1.4987e+00     1.8462e-03  2.7578e-04     2.7669e-03  4.1331e-04     9.5228e-05  1.4226e-05     1.4272e-04  2.1321e-05 
1.6816e+00     1.4390e-03  1.5649e-04     2.4199e-03  2.6315e-04     8.3284e-05  9.0583e-06     1.4005e-04  1.5232e-05 
1.8868e+00     1.4118e-03  8.6826e-05     2.6637e-03  1.6382e-04     9.1677e-05  5.6408e-06     1.7297e-04  1.0643e-05 
2.1170e+00     1.6437e-03  8.1049e-05     3.4797e-03  1.7158e-04     1.1976e-04  5.9094e-06     2.5353e-04  1.2510e-05 
2.3753e+00     1.7453e-03  1.0538e-04     4.1456e-03  2.5031e-04     1.4268e-04  8.6190e-06     3.3891e-04  2.0473e-05 
2.6651e+00     1.9356e-03  1.5456e-04     5.1586e-03  4.1192e-04     1.7754e-04  1.4181e-05     4.7318e-04  3.7794e-05 
2.9903e+00     2.0450e-03  1.5559e-04     6.1153e-03  4.6526e-04     2.1047e-04  1.6018e-05     6.2938e-04  4.7898e-05 
3.3552e+00     2.3845e-03  1.7845e-04     8.0005e-03  5.9873e-04     2.7536e-04  2.0613e-05     9.2387e-04  6.9160e-05 
3.7646e+00     2.4889e-03  8.4773e-05     9.3699e-03  3.1914e-04     3.2249e-04  1.1000e-05     1.2140e-03  4.1411e-05 
4.2240e+00     2.9888e-03  1.3105e-04     1.2624e-02  5.5354e-04     4.3450e-04  1.9068e-05     1.8353e-03  8.0544e-05 
4.7394e+00     3.1961e-03  5.8626e-05     1.5148e-02  2.7785e-04     5.2133e-04  9.6112e-06     2.4708e-03  4.5551e-05 
5.3176e+00     3.4959e-03  1.4013e-04     1.8590e-02  7.4515e-04     6.3981e-04  2.5673e-05     3.4023e-03  1.3652e-04 
5.9665e+00     3.9881e-03  1.5632e-04     2.3795e-02  9.3267e-04     8.1896e-04  3.2135e-05     4.8863e-03  1.9174e-04 
6.6945e+00     4.4917e-03  1.4572e-04     3.0070e-02  9.7555e-04     1.0349e-03  3.3630e-05     6.9283e-03  2.2514e-04 
7.5114e+00     5.1358e-03  1.9249e-04     3.8577e-02  1.4459e-03     1.3277e-03  4.9824e-05     9.9729e-03  3.7425e-04 
8.4279e+00     5.8215e-03  9.1665e-05     4.9063e-02  7.7255e-04     1.6886e-03  2.6771e-05     1.4231e-02  2.2563e-04 
9.4563e+00     6.6464e-03  1.6247e-04     6.2850e-02  1.5364e-03     2.1631e-03  5.3029e-05     2.0455e-02  5.0145e-04 
1.0610e+01     7.6651e-03  1.4053e-04     8.1328e-02  1.4910e-03     2.7991e-03  5.1577e-05     2.9698e-02  5.4723e-04 
1.1905e+01     9.5150e-03  9.0431e-05     1.1327e-01  1.0766e-03     3.8986e-03  3.7746e-05     4.6411e-02  4.4936e-04 
1.3357e+01     1.0869e-02  1.3639e-04     1.4518e-01  1.8218e-03     4.9967e-03  6.3377e-05     6.6743e-02  8.4654e-04 
1.4987e+01     1.3296e-02  2.2562e-04     1.9927e-01  3.3814e-03     6.8584e-03  1.1707e-04     1.0279e-01  1.7545e-03 
1.6816e+01     1.5826e-02  2.4491e-04     2.6613e-01  4.1184e-03     9.1594e-03  1.4275e-04     1.5402e-01  2.4005e-03 
1.8868e+01     1.9555e-02  1.7683e-04     3.6896e-01  3.3365e-03     1.2699e-02  1.1721e-04     2.3959e-01  2.2114e-03 
2.1170e+01     2.3291e-02  1.5711e-04     4.9307e-01  3.3260e-03     1.6970e-02  1.1869e-04     3.5925e-01  2.5127e-03 
2.3753e+01     2.7853e-02  2.4717e-04     6.6159e-01  5.8710e-03     2.2770e-02  2.0640e-04     5.4085e-01  4.9026e-03 
2.6651e+01     3.3346e-02  1.2093e-04     8.8870e-01  3.2229e-03     3.0587e-02  1.2450e-04     8.1518e-01  3.3181e-03 
2.9903e+01     4.0040e-02  1.9404e-04     1.1973e+00  5.8024e-03     4.1208e-02  2.1374e-04     1.2323e+00  6.3915e-03 
3.3552e+01     4.6933e-02  1.2964e-04     1.5747e+00  4.3496e-03     5.4196e-02  1.8013e-04     1.8184e+00  6.0438e-03 
3.7646e+01     4.2630e-02  1.1502e-04     1.6048e+00  4.3300e-03     5.5234e-02  1.8065e-04     2.0794e+00  6.8008e-03 
4.2240e+01     1.6408e-02  1.6945e-04     6.9307e-01  7.1574e-03     2.3854e-02  2.5025e-04     1.0076e+00  1.0571e-02 
4.7394e+01     1.6982e-03  2.8441e-05     8.0483e-02  1.3479e-03     2.7700e-03  4.6673e-05     1.3128e-01  2.2120e-03 
5.3176e+01     2.8750e-05  3.2104e-06     1.5288e-03  1.7072e-04     5.2618e-05  5.8765e-06     2.7980e-03  3.1249e-04 
5.9665e+01     0.0000e+00  0.0000e+00     0.0000e+00  0.0000e+00     0.0000e+00  0.0000e+00     0.0000e+00  0.0000e+00 
6.6945e+01     1.4010e-07  1.4398e-07     9.3793e-06  9.6385e-06     3.2281e-07  3.3173e-07     2.1610e-05  2.2208e-05 
7.5114e+01     1.2487e-07  1.6838e-07     9.3793e-06  1.2647e-05     3.2281e-07  4.3529e-07     2.4247e-05  3.2696e-05 
8.4279e+01     0.0000e+00  0.0000e+00     0.0000e+00  0.0000e+00     0.0000e+00  0.0000e+00     0.0000e+00  0.0000e+00 
9.4563e+01     0.0000e+00  0.0000e+00     0.0000e+00  0.0000e+00     0.0000e+00  0.0000e+00     0.0000e+00  0.0000e+00 
1.0610e+02     0.0000e+00  0.0000e+00     0.0000e+00  0.0000e+00     0.0000e+00  0.0000e+00     0.0000e+00  0.0000e+00 
1.1905e+02     0.0000e+00  0.0000e+00     0.0000e+00  0.0000e+00     0.0000e+00  0.0000e+00     0.0000e+00  0.0000e+00 
1.3357e+02     0.0000e+00  0.0000e+00     0.0000e+00  0.0000e+00     0.0000e+00  0.0000e+00     0.0000e+00  0.0000e+00 
1.4987e+02     0.0000e+00  0.0000e+00     0.0000e+00  0.0000e+00     0.0000e+00  0.0000e+00     0.0000e+00  0.0000e+00 
1.6816e+02     0.0000e+00  0.0000e+00     0.0000e+00  0.0000e+00     0.0000e+00  0.0000e+00     0.0000e+00  0.0000e+00 
1.8868e+02     0.0000e+00  0.0000e+00     0.0000e+00  0.0000e+00     0.0000e+00  0.0000e+00     0.0000e+00  0.0000e+00 
2.1170e+02     0.0000e+00  0.0000e+00     0.0000e+00  0.0000e+00     0.0000e+00  0.0000e+00     0.0000e+00  0.0000e+00 
2.3753e+02     0.0000e+00  0.0000e+00     0.0000e+00  0.0000e+00     0.0000e+00  0.0000e+00     0.0000e+00  0.0000e+00 
2.6651e+02     0.0000e+00  0.0000e+00     0.0000e+00  0.0000e+00     0.0000e+00  0.0000e+00     0.0000e+00  0.0000e+00 
2.9903e+02     0.0000e+00  0.0000e+00     0.0000e+00  0.0000e+00     0.0000e+00  0.0000e+00     0.0000e+00  0.0000e+00 
3.3552e+02     0.0000e+00  0.0000e+00     0.0000e+00  0.0000e+00     0.0000e+00  0.0000e+00     0.0000e+00  0.0000e+00 
3.7646e+02     0.0000e+00  0.0000e+00     0.0000e+00  0.0000e+00     0.0000e+00  0.0000e+00     0.0000e+00  0.0000e+00 
4.2240e+02     0.0000e+00  0.0000e+00     0.0000e+00  0.0000e+00     0.0000e+00  0.0000e+00     0.0000e+00  0.0000e+00 
4.7394e+02     0.0000e+00  0.0000e+00     0.0000e+00  0.0000e+00     0.0000e+00  0.0000e+00     0.0000e+00  0.0000e+00 
5.3176e+02     0.0000e+00  0.0000e+00     0.0000e+00  0.0000e+00     0.0000e+00  0.0000e+00     0.0000e+00  0.0000e+00 
5.9665e+02     0.0000e+00  0.0000e+00     0.0000e+00  0.0000e+00     0.0000e+00  0.0000e+00     0.0000e+00  0.0000e+00 
6.6945e+02     0.0000e+00  0.0000e+00     0.0000e+00  0.0000e+00     0.0000e+00  0.0000e+00     0.0000e+00  0.0000e+00 
7.5114e+02     0.0000e+00  0.0000e+00     0.0000e+00  0.0000e+00     0.0000e+00  0.0000e+00     0.0000e+00  0.0000e+00 
8.4279e+02     0.0000e+00  0.0000e+00     0.0000e+00  0.0000e+00     0.0000e+00  0.0000e+00     0.0000e+00  0.0000e+00 
9.4563e+02     0.0000e+00  0.0000e+00     0.0000e+00  0.0000e+00     0.0000e+00  0.0000e+00     0.0000e+00  0.0000e+00 
1.0610e+03     0.0000e+00  0.0000e+00     0.0000e+00  0.0000e+00     0.0000e+00  0.0000e+00     0.0000e+00  0.0000e+00 
1.1905e+03     0.0000e+00  0.0000e+00     0.0000e+00  0.0000e+00     0.0000e+00  0.0000e+00     0.0000e+00  0.0000e+00 
1.3357e+03     0.0000e+00  0.0000e+00     0.0000e+00  0.0000e+00     0.0000e+00  0.0000e+00     0.0000e+00  0.0000e+00 
1.4987e+03     0.0000e+00  0.0000e+00     0.0000e+00  0.0000e+00     0.0000e+00  0.0000e+00     0.0000e+00  0.0000e+00 
1.6816e+03     0.0000e+00  0.0000e+00     0.0000e+00  0.0000e+00     0.0000e+00  0.0000e+00     0.0000e+00  0.0000e+00 
1.8868e+03     0.0000e+00  0.0000e+00     0.0000e+00  0.0000e+00     0.0000e+00  0.0000e+00     0.0000e+00  0.0000e+00 
2.1170e+03     0.0000e+00  0.0000e+00     0.0000e+00  0.0000e+00     0.0000e+00  0.0000e+00     0.0000e+00  0.0000e+00 
2.3753e+03     0.0000e+00  0.0000e+00     0.0000e+00  0.0000e+00     0.0000e+00  0.0000e+00     0.0000e+00  0.0000e+00 
2.6651e+03     0.0000e+00  0.0000e+00     0.0000e+00  0.0000e+00     0.0000e+00  0.0000e+00     0.0000e+00  0.0000e+00 
2.9903e+03     0.0000e+00  0.0000e+00     0.0000e+00  0.0000e+00     0.0000e+00  0.0000e+00     0.0000e+00  0.0000e+00 
3.3552e+03     0.0000e+00  0.0000e+00     0.0000e+00  0.0000e+00     0.0000e+00  0.0000e+00     0.0000e+00  0.0000e+00 
3.7646e+03     0.0000e+00  0.0000e+00     0.0000e+00  0.0000e+00     0.0000e+00  0.0000e+00     0.0000e+00  0.0000e+00 
4.2240e+03     0.0000e+00  0.0000e+00     0.0000e+00  0.0000e+00     0.0000e+00  0.0000e+00     0.0000e+00  0.0000e+00 
4.7394e+03     0.0000e+00  0.0000e+00     0.0000e+00  0.0000e+00     0.0000e+00  0.0000e+00     0.0000e+00  0.0000e+00 
5.3176e+03     0.0000e+00  0.0000e+00     0.0000e+00  0.0000e+00     0.0000e+00  0.0000e+00     0.0000e+00  0.0000e+00 
5.9665e+03     0.0000e+00  0.0000e+00     0.0000e+00  0.0000e+00     0.0000e+00  0.0000e+00     0.0000e+00  0.0000e+00 
6.6945e+03     0.0000e+00  0.0000e+00     0.0000e+00  0.0000e+00     0.0000e+00  0.0000e+00     0.0000e+00  0.0000e+00 
7.5114e+03     0.0000e+00  0.0000e+00     0.0000e+00  0.0000e+00     0.0000e+00  0.0000e+00     0.0000e+00  0.0000e+00 
8.4279e+03     0.0000e+00  0.0000e+00     0.0000e+00  0.0000e+00     0.0000e+00  0.0000e+00     0.0000e+00  0.0000e+00 
9.4563e+03     0.0000e+00  0.0000e+00     0.0000e+00  0.0000e+00     0.0000e+00  0.0000e+00     0.0000e+00  0.0000e+00 
