yF = 3.2197e-01 (std: 2.2777e-03) keV/um
yD = 3.6218e+00 (std: 1.3658e+00) keV/um
y (keV/um)     f(y)(std)                  yf(y)(std)                 d(y)(std)                  yd(y)(std)  
1.0610e-03     1.6583e-02  1.8589e-02     1.7595e-05  1.9724e-05     5.4648e-05  6.1260e-05     5.7983e-08  6.4998e-08 
1.1905e-03     1.4780e-02  5.6260e-03     1.7595e-05  6.6976e-06     5.4648e-05  2.0805e-05     6.5057e-08  2.4768e-08 
1.3357e-03     6.5863e-03  9.3151e-04     8.7976e-06  1.2443e-06     2.7324e-05  3.8693e-06     3.6498e-08  5.1684e-09 
1.4987e-03     6.4571e-02  2.6066e-02     9.6773e-05  3.9065e-05     3.0057e-04  1.2135e-04     4.5046e-07  1.8187e-07 
1.6816e-03     2.6159e-02  1.2668e-02     4.3988e-05  2.1303e-05     1.3662e-04  6.6171e-05     2.2974e-07  1.1127e-07 
1.8868e-03     3.7302e-02  1.1686e-02     7.0381e-05  2.2049e-05     2.1859e-04  6.8500e-05     4.1244e-07  1.2924e-07 
2.1170e-03     2.0778e-02  2.4801e-02     4.3988e-05  5.2504e-05     1.3662e-04  1.6307e-04     2.8923e-07  3.4522e-07 
2.3753e-03     2.9630e-02  5.9060e-02     7.0381e-05  1.4028e-04     2.1859e-04  4.3571e-04     5.1923e-07  1.0349e-06 
2.6651e-03     3.3010e-02  2.2474e-02     8.7976e-05  5.9896e-05     2.7324e-04  1.8604e-04     7.2823e-07  4.9583e-07 
2.9903e-03     3.8246e-02  1.4958e-02     1.1437e-04  4.4729e-05     3.5521e-04  1.3895e-04     1.0622e-06  4.1550e-07 
3.3552e-03     2.8843e-02  1.0395e-02     9.6773e-05  3.4879e-05     3.0057e-04  1.0835e-04     1.0085e-06  3.6354e-07 
3.7646e-03     7.2444e-02  2.4348e-02     2.7272e-04  9.1659e-05     8.4705e-04  2.8474e-04     3.1888e-06  1.0720e-06 
4.2240e-03     6.0401e-02  1.6582e-02     2.5513e-04  7.0040e-05     7.9240e-04  2.1761e-04     3.3471e-06  9.1917e-07 
4.7394e-03     3.3413e-02  1.2465e-02     1.5836e-04  5.9075e-05     4.9184e-04  1.8351e-04     2.3310e-06  8.6973e-07 
5.3176e-03     4.9632e-02  9.0955e-03     2.6393e-04  4.8367e-05     8.1973e-04  1.5033e-04     4.3590e-06  7.9942e-07 
5.9665e-03     6.1929e-02  1.1632e-02     3.6950e-04  6.9404e-05     1.1476e-03  2.1571e-04     6.8473e-06  1.2871e-06 
6.6945e-03     8.5419e-02  1.9734e-02     5.7184e-04  1.3211e-04     1.7761e-03  4.1051e-04     1.1890e-05  2.7482e-06 
7.5114e-03     4.3336e-02  8.2316e-03     3.2551e-04  6.1831e-05     1.0110e-03  1.9217e-04     7.5940e-06  1.4435e-06 
8.4279e-03     2.0877e-03  2.2155e-03     1.7595e-05  1.8672e-05     5.4648e-05  5.7995e-05     4.6057e-07  4.8878e-07 
9.4563e-03     2.7910e-03  1.1504e-03     2.6393e-05  1.0879e-05     8.1973e-05  3.3792e-05     7.7515e-07  3.1955e-07 
1.0610e-02     0.0000e+00  0.0000e+00     0.0000e+00  0.0000e+00     0.0000e+00  0.0000e+00     0.0000e+00  0.0000e+00 
1.1905e-02     1.9909e+00  1.2134e-01     2.3701e-02  1.4445e-03     7.3611e-02  4.5165e-03     8.7632e-04  5.3768e-05 
1.3357e-02     1.5913e+00  4.9297e-02     2.1255e-02  6.5848e-04     6.6015e-02  2.0978e-03     8.8179e-04  2.8021e-05 
1.4987e-02     1.2538e+00  5.2156e-02     1.8792e-02  7.8166e-04     5.8365e-02  2.4626e-03     8.7472e-04  3.6908e-05 
1.6816e-02     1.0406e+00  4.2823e-02     1.7498e-02  7.2010e-04     5.4348e-02  2.2694e-03     9.1391e-04  3.8161e-05 
1.8868e-02     8.2951e-01  3.4179e-02     1.5651e-02  6.4489e-04     4.8610e-02  2.0323e-03     9.1716e-04  3.8344e-05 
2.1170e-02     6.4289e-01  2.0405e-02     1.3610e-02  4.3198e-04     4.2271e-02  1.3746e-03     8.9486e-04  2.9100e-05 
2.3753e-02     8.0668e-01  5.7971e-02     1.9161e-02  1.3770e-03     5.9512e-02  4.2975e-03     1.4136e-03  1.0208e-04 
2.6651e-02     1.0695e+00  1.9536e-02     2.8504e-02  5.2066e-04     8.8531e-02  1.7342e-03     2.3595e-03  4.6218e-05 
2.9903e-02     1.1489e+00  4.7180e-02     3.4355e-02  1.4108e-03     1.0670e-01  4.4464e-03     3.1907e-03  1.3296e-04 
3.3552e-02     1.0376e+00  5.2474e-02     3.4812e-02  1.7606e-03     1.0812e-01  5.5215e-03     3.6277e-03  1.8526e-04 
3.7646e-02     1.1187e+00  1.6660e-02     4.2114e-02  6.2719e-04     1.3080e-01  2.1566e-03     4.9241e-03  8.1186e-05 
4.2240e-02     1.2176e+00  5.4594e-02     5.1431e-02  2.3060e-03     1.5974e-01  7.2509e-03     6.7472e-03  3.0627e-04 
4.7394e-02     1.2502e+00  4.3027e-02     5.9252e-02  2.0392e-03     1.8403e-01  6.4660e-03     8.7218e-03  3.0645e-04 
5.3176e-02     1.3139e+00  1.9619e-02     6.9870e-02  1.0433e-03     2.1701e-01  3.5855e-03     1.1540e-02  1.9067e-04 
5.9665e-02     1.4527e+00  2.3044e-02     8.6674e-02  1.3749e-03     2.6920e-01  4.6757e-03     1.6062e-02  2.7897e-04 
6.6945e-02     1.5523e+00  2.5543e-02     1.0392e-01  1.7100e-03     3.2275e-01  5.7811e-03     2.1607e-02  3.8701e-04 
7.5114e-02     1.6339e+00  2.5208e-02     1.2273e-01  1.8935e-03     3.8117e-01  6.4697e-03     2.8631e-02  4.8596e-04 
8.4279e-02     1.8287e+00  1.3411e-02     1.5412e-01  1.1303e-03     4.7869e-01  4.8776e-03     4.0344e-02  4.1108e-04 
9.4563e-02     1.9684e+00  2.0376e-02     1.8614e-01  1.9268e-03     5.7813e-01  7.2484e-03     5.4669e-02  6.8543e-04 
1.0610e-01     2.1078e+00  1.3893e-02     2.2364e-01  1.4741e-03     6.9461e-01  6.7162e-03     7.3699e-02  7.1259e-04 
1.1905e-01     2.2984e+00  3.3427e-02     2.7362e-01  3.9794e-03     8.4984e-01  1.3744e-02     1.0117e-01  1.6362e-03 
1.3357e-01     2.4749e+00  3.3265e-02     3.3059e-01  4.4433e-03     1.0268e+00  1.5595e-02     1.3715e-01  2.0831e-03 
1.4987e-01     2.6370e+00  1.6268e-02     3.9520e-01  2.4381e-03     1.2275e+00  1.1522e-02     1.8396e-01  1.7267e-03 
1.6816e-01     2.7779e+00  2.7086e-02     4.6713e-01  4.5547e-03     1.4509e+00  1.7478e-02     2.4397e-01  2.9390e-03 
1.8868e-01     2.8220e+00  1.9890e-02     5.3246e-01  3.7527e-03     1.6537e+00  1.6514e-02     3.1202e-01  3.1159e-03 
2.1170e-01     2.8434e+00  1.0808e-02     6.0195e-01  2.2880e-03     1.8696e+00  1.5014e-02     3.9579e-01  3.1785e-03 
2.3753e-01     2.7106e+00  1.5014e-02     6.4384e-01  3.5663e-03     1.9997e+00  1.7967e-02     4.7499e-01  4.2677e-03 
2.6651e-01     2.4942e+00  7.5784e-03     6.6474e-01  2.0197e-03     2.0646e+00  1.5896e-02     5.5025e-01  4.2365e-03 
2.9903e-01     2.1627e+00  8.8542e-03     6.4673e-01  2.6477e-03     2.0087e+00  1.6418e-02     6.0066e-01  4.9095e-03 
3.3552e-01     1.7679e+00  8.2169e-03     5.9318e-01  2.7569e-03     1.8423e+00  1.5594e-02     6.1814e-01  5.2323e-03 
3.7646e-01     1.3297e+00  1.5039e-02     5.0058e-01  5.6615e-03     1.5547e+00  2.0741e-02     5.8530e-01  7.8080e-03 
4.2240e-01     9.4954e-01  6.0822e-03     4.0108e-01  2.5691e-03     1.2457e+00  1.1888e-02     5.2618e-01  5.0215e-03 
4.7394e-01     6.3902e-01  7.7494e-03     3.0286e-01  3.6727e-03     9.4064e-01  1.3206e-02     4.4580e-01  6.2589e-03 
5.3176e-01     4.2070e-01  2.6315e-03     2.2371e-01  1.3994e-03     6.9483e-01  6.5613e-03     3.6948e-01  3.4891e-03 
5.9665e-01     2.7075e-01  6.2211e-03     1.6154e-01  3.7118e-03     5.0173e-01  1.2063e-02     2.9936e-01  7.1971e-03 
6.6945e-01     1.8063e-01  1.7188e-03     1.2092e-01  1.1506e-03     3.7557e-01  4.4532e-03     2.5143e-01  2.9812e-03 
7.5114e-01     1.2183e-01  1.9421e-03     9.1512e-02  1.4588e-03     2.8423e-01  4.9569e-03     2.1349e-01  3.7233e-03 
8.4279e-01     8.5273e-02  4.3538e-03     7.1867e-02  3.6693e-03     2.2321e-01  1.1505e-02     1.8812e-01  9.6966e-03 
9.4563e-01     6.1756e-02  1.7266e-03     5.8398e-02  1.6327e-03     1.8138e-01  5.2308e-03     1.7152e-01  4.9463e-03 
1.0610e+00     4.5306e-02  1.2051e-03     4.8070e-02  1.2786e-03     1.4930e-01  4.1093e-03     1.5841e-01  4.3600e-03 
1.1905e+00     3.3528e-02  7.6701e-04     3.9915e-02  9.1310e-04     1.2397e-01  2.9685e-03     1.4758e-01  3.5339e-03 
1.3357e+00     2.4929e-02  1.3388e-03     3.3299e-02  1.7883e-03     1.0342e-01  5.6022e-03     1.3814e-01  7.4830e-03 
1.4987e+00     1.9107e-02  3.0266e-04     2.8636e-02  4.5359e-04     8.8940e-02  1.5429e-03     1.3330e-01  2.3124e-03 
1.6816e+00     1.4523e-02  3.1834e-04     2.4422e-02  5.3532e-04     7.5852e-02  1.7471e-03     1.2755e-01  2.9379e-03 
1.8868e+00     1.0841e-02  6.0443e-04     2.0454e-02  1.1404e-03     6.3529e-02  3.5704e-03     1.1986e-01  6.7366e-03 
2.1170e+00     8.5233e-03  3.8248e-04     1.8044e-02  8.0970e-04     5.6042e-02  2.5459e-03     1.1864e-01  5.3896e-03 
2.3753e+00     6.2705e-03  2.1842e-04     1.4894e-02  5.1882e-04     4.6260e-02  1.6443e-03     1.0988e-01  3.9057e-03 
2.6651e+00     5.0274e-03  1.2479e-04     1.3399e-02  3.3258e-04     4.1615e-02  1.0741e-03     1.1091e-01  2.8626e-03 
2.9903e+00     3.4569e-03  1.2437e-04     1.0337e-02  3.7189e-04     3.2106e-02  1.1772e-03     9.6007e-02  3.5202e-03 
3.3552e+00     2.5408e-03  1.2235e-04     8.5248e-03  4.1051e-04     2.6477e-02  1.2887e-03     8.8836e-02  4.3238e-03 
3.7646e+00     1.8836e-03  1.3255e-04     7.0908e-03  4.9898e-04     2.2023e-02  1.5576e-03     8.2909e-02  5.8637e-03 
4.2240e+00     1.2268e-03  5.0260e-05     5.1818e-03  2.1230e-04     1.6094e-02  6.6913e-04     6.7980e-02  2.8264e-03 
4.7394e+00     8.3161e-04  4.1258e-05     3.9413e-03  1.9554e-04     1.2241e-02  6.1346e-04     5.8016e-02  2.9074e-03 
5.3176e+00     5.6085e-04  5.6942e-05     2.9824e-03  3.0279e-04     9.2629e-03  9.4273e-04     4.9257e-02  5.0131e-03 
5.9665e+00     3.1554e-04  4.1567e-05     1.8827e-03  2.4801e-04     5.8474e-03  7.7140e-04     3.4888e-02  4.6026e-03 
6.6945e+00     1.8398e-04  2.3353e-05     1.2317e-03  1.5634e-04     3.8254e-03  4.8632e-04     2.5609e-02  3.2557e-03 
7.5114e+00     8.4329e-05  2.0053e-05     6.3342e-04  1.5062e-04     1.9673e-03  4.6803e-04     1.4777e-02  3.5155e-03 
8.4279e+00     3.2360e-05  5.7938e-06     2.7272e-04  4.8830e-05     8.4705e-04  1.5178e-04     7.1389e-03  1.2792e-03 
9.4563e+00     9.3034e-06  2.8183e-06     8.7976e-05  2.6650e-05     2.7324e-04  8.2796e-05     2.5838e-03  7.8294e-04 
1.0610e+01     1.6583e-06  7.9640e-07     1.7595e-05  8.4498e-06     5.4648e-05  2.6247e-05     5.7983e-04  2.7848e-04 
1.1905e+01     1.4780e-06  6.5516e-07     1.7595e-05  7.7995e-06     5.4648e-05  2.4227e-05     6.5057e-04  2.8842e-04 
1.3357e+01     0.0000e+00  0.0000e+00     0.0000e+00  0.0000e+00     0.0000e+00  0.0000e+00     0.0000e+00  0.0000e+00 
1.4987e+01     0.0000e+00  0.0000e+00     0.0000e+00  0.0000e+00     0.0000e+00  0.0000e+00     0.0000e+00  0.0000e+00 
1.6816e+01     0.0000e+00  0.0000e+00     0.0000e+00  0.0000e+00     0.0000e+00  0.0000e+00     0.0000e+00  0.0000e+00 
1.8868e+01     0.0000e+00  0.0000e+00     0.0000e+00  0.0000e+00     0.0000e+00  0.0000e+00     0.0000e+00  0.0000e+00 
2.1170e+01     0.0000e+00  0.0000e+00     0.0000e+00  0.0000e+00     0.0000e+00  0.0000e+00     0.0000e+00  0.0000e+00 
2.3753e+01     0.0000e+00  0.0000e+00     0.0000e+00  0.0000e+00     0.0000e+00  0.0000e+00     0.0000e+00  0.0000e+00 
2.6651e+01     3.3010e-07  4.4512e-07     8.7976e-06  1.1863e-05     2.7324e-05  3.6846e-05     7.2823e-04  9.8198e-04 
2.9903e+01     0.0000e+00  0.0000e+00     0.0000e+00  0.0000e+00     0.0000e+00  0.0000e+00     0.0000e+00  0.0000e+00 
3.3552e+01     0.0000e+00  0.0000e+00     0.0000e+00  0.0000e+00     0.0000e+00  0.0000e+00     0.0000e+00  0.0000e+00 
3.7646e+01     0.0000e+00  0.0000e+00     0.0000e+00  0.0000e+00     0.0000e+00  0.0000e+00     0.0000e+00  0.0000e+00 
4.2240e+01     0.0000e+00  0.0000e+00     0.0000e+00  0.0000e+00     0.0000e+00  0.0000e+00     0.0000e+00  0.0000e+00 
4.7394e+01     1.8563e-07  6.4295e-08     8.7976e-06  3.0472e-06     2.7324e-05  9.4662e-06     1.2950e-03  4.4863e-04 
5.3176e+01     0.0000e+00  0.0000e+00     0.0000e+00  0.0000e+00     0.0000e+00  0.0000e+00     0.0000e+00  0.0000e+00 
5.9665e+01     1.4745e-07  1.6751e-07     8.7976e-06  9.9946e-06     2.7324e-05  3.1043e-05     1.6303e-03  1.8522e-03 
6.6945e+01     0.0000e+00  0.0000e+00     0.0000e+00  0.0000e+00     0.0000e+00  0.0000e+00     0.0000e+00  0.0000e+00 
7.5114e+01     0.0000e+00  0.0000e+00     0.0000e+00  0.0000e+00     0.0000e+00  0.0000e+00     0.0000e+00  0.0000e+00 
8.4279e+01     0.0000e+00  0.0000e+00     0.0000e+00  0.0000e+00     0.0000e+00  0.0000e+00     0.0000e+00  0.0000e+00 
9.4563e+01     0.0000e+00  0.0000e+00     0.0000e+00  0.0000e+00     0.0000e+00  0.0000e+00     0.0000e+00  0.0000e+00 
1.0610e+02     8.2917e-08  5.2032e-08     8.7976e-06  5.5207e-06     2.7324e-05  1.7148e-05     2.8991e-03  1.8194e-03 
1.1905e+02     7.3900e-08  5.8352e-08     8.7976e-06  6.9466e-06     2.7324e-05  2.1576e-05     3.2529e-03  2.5686e-03 
1.3357e+02     6.5863e-08  7.9543e-08     8.7976e-06  1.0625e-05     2.7324e-05  3.3000e-05     3.6498e-03  4.4079e-03 
1.4987e+02     0.0000e+00  0.0000e+00     0.0000e+00  0.0000e+00     0.0000e+00  0.0000e+00     0.0000e+00  0.0000e+00 
1.6816e+02     5.2317e-08  6.1458e-07     8.7976e-06  1.0335e-04     2.7324e-05  3.2098e-04     4.5948e-03  5.3976e-02 
1.8868e+02     0.0000e+00  0.0000e+00     0.0000e+00  0.0000e+00     0.0000e+00  0.0000e+00     0.0000e+00  0.0000e+00 
2.1170e+02     0.0000e+00  0.0000e+00     0.0000e+00  0.0000e+00     0.0000e+00  0.0000e+00     0.0000e+00  0.0000e+00 
2.3753e+02     0.0000e+00  0.0000e+00     0.0000e+00  0.0000e+00     0.0000e+00  0.0000e+00     0.0000e+00  0.0000e+00 
2.6651e+02     0.0000e+00  0.0000e+00     0.0000e+00  0.0000e+00     0.0000e+00  0.0000e+00     0.0000e+00  0.0000e+00 
2.9903e+02     0.0000e+00  0.0000e+00     0.0000e+00  0.0000e+00     0.0000e+00  0.0000e+00     0.0000e+00  0.0000e+00 
3.3552e+02     2.6221e-08  3.0680e-08     8.7976e-06  1.0294e-05     2.7324e-05  3.1972e-05     9.1678e-03  1.0727e-02 
3.7646e+02     0.0000e+00  0.0000e+00     0.0000e+00  0.0000e+00     0.0000e+00  0.0000e+00     0.0000e+00  0.0000e+00 
4.2240e+02     0.0000e+00  0.0000e+00     0.0000e+00  0.0000e+00     0.0000e+00  0.0000e+00     0.0000e+00  0.0000e+00 
4.7394e+02     0.0000e+00  0.0000e+00     0.0000e+00  0.0000e+00     0.0000e+00  0.0000e+00     0.0000e+00  0.0000e+00 
5.3176e+02     0.0000e+00  0.0000e+00     0.0000e+00  0.0000e+00     0.0000e+00  0.0000e+00     0.0000e+00  0.0000e+00 
5.9665e+02     0.0000e+00  0.0000e+00     0.0000e+00  0.0000e+00     0.0000e+00  0.0000e+00     0.0000e+00  0.0000e+00 
6.6945e+02     0.0000e+00  0.0000e+00     0.0000e+00  0.0000e+00     0.0000e+00  0.0000e+00     0.0000e+00  0.0000e+00 
7.5114e+02     0.0000e+00  0.0000e+00     0.0000e+00  0.0000e+00     0.0000e+00  0.0000e+00     0.0000e+00  0.0000e+00 
8.4279e+02     1.0439e-08  3.6156e-09     8.7976e-06  3.0472e-06     2.7324e-05  9.4662e-06     2.3029e-02  7.9780e-03 
9.4563e+02     0.0000e+00  0.0000e+00     0.0000e+00  0.0000e+00     0.0000e+00  0.0000e+00     0.0000e+00  0.0000e+00 
1.0610e+03     0.0000e+00  0.0000e+00     0.0000e+00  0.0000e+00     0.0000e+00  0.0000e+00     0.0000e+00  0.0000e+00 
1.1905e+03     0.0000e+00  0.0000e+00     0.0000e+00  0.0000e+00     0.0000e+00  0.0000e+00     0.0000e+00  0.0000e+00 
1.3357e+03     0.0000e+00  0.0000e+00     0.0000e+00  0.0000e+00     0.0000e+00  0.0000e+00     0.0000e+00  0.0000e+00 
1.4987e+03     0.0000e+00  0.0000e+00     0.0000e+00  0.0000e+00     0.0000e+00  0.0000e+00     0.0000e+00  0.0000e+00 
1.6816e+03     0.0000e+00  0.0000e+00     0.0000e+00  0.0000e+00     0.0000e+00  0.0000e+00     0.0000e+00  0.0000e+00 
1.8868e+03     0.0000e+00  0.0000e+00     0.0000e+00  0.0000e+00     0.0000e+00  0.0000e+00     0.0000e+00  0.0000e+00 
2.1170e+03     0.0000e+00  0.0000e+00     0.0000e+00  0.0000e+00     0.0000e+00  0.0000e+00     0.0000e+00  0.0000e+00 
2.3753e+03     0.0000e+00  0.0000e+00     0.0000e+00  0.0000e+00     0.0000e+00  0.0000e+00     0.0000e+00  0.0000e+00 
2.6651e+03     0.0000e+00  0.0000e+00     0.0000e+00  0.0000e+00     0.0000e+00  0.0000e+00     0.0000e+00  0.0000e+00 
2.9903e+03     0.0000e+00  0.0000e+00     0.0000e+00  0.0000e+00     0.0000e+00  0.0000e+00     0.0000e+00  0.0000e+00 
3.3552e+03     0.0000e+00  0.0000e+00     0.0000e+00  0.0000e+00     0.0000e+00  0.0000e+00     0.0000e+00  0.0000e+00 
3.7646e+03     0.0000e+00  0.0000e+00     0.0000e+00  0.0000e+00     0.0000e+00  0.0000e+00     0.0000e+00  0.0000e+00 
4.2240e+03     0.0000e+00  0.0000e+00     0.0000e+00  0.0000e+00     0.0000e+00  0.0000e+00     0.0000e+00  0.0000e+00 
4.7394e+03     0.0000e+00  0.0000e+00     0.0000e+00  0.0000e+00     0.0000e+00  0.0000e+00     0.0000e+00  0.0000e+00 
5.3176e+03     0.0000e+00  0.0000e+00     0.0000e+00  0.0000e+00     0.0000e+00  0.0000e+00     0.0000e+00  0.0000e+00 
5.9665e+03     0.0000e+00  0.0000e+00     0.0000e+00  0.0000e+00     0.0000e+00  0.0000e+00     0.0000e+00  0.0000e+00 
6.6945e+03     0.0000e+00  0.0000e+00     0.0000e+00  0.0000e+00     0.0000e+00  0.0000e+00     0.0000e+00  0.0000e+00 
7.5114e+03     0.0000e+00  0.0000e+00     0.0000e+00  0.0000e+00     0.0000e+00  0.0000e+00     0.0000e+00  0.0000e+00 
8.4279e+03     0.0000e+00  0.0000e+00     0.0000e+00  0.0000e+00     0.0000e+00  0.0000e+00     0.0000e+00  0.0000e+00 
9.4563e+03     0.0000e+00  0.0000e+00     0.0000e+00  0.0000e+00     0.0000e+00  0.0000e+00     0.0000e+00  0.0000e+00 
