yF = 3.5663e-01 (std: 1.1055e-03) keV/um
yD = 9.6164e-01 (std: 3.9196e-02) keV/um
y (keV/um)     f(y)(std)                  yf(y)(std)                 d(y)(std)                  yd(y)(std)  
1.0610e-03     2.4826e-02  6.0820e-03     2.6341e-05  6.4531e-06     7.3859e-05  1.8096e-05     7.8365e-08  1.9200e-08 
1.1905e-03     2.2126e-02  1.4435e-02     2.6341e-05  1.7184e-05     7.3859e-05  4.8184e-05     8.7927e-08  5.7362e-08 
1.3357e-03     2.6293e-02  3.6431e-02     3.5121e-05  4.8662e-05     9.8478e-05  1.3645e-04     1.3154e-07  1.8226e-07 
1.4987e-03     2.9292e-02  1.0933e-02     4.3901e-05  1.6386e-05     1.2310e-04  4.5947e-05     1.8449e-07  6.8861e-08 
1.6816e-03     1.5664e-02  8.0959e-03     2.6341e-05  1.3614e-05     7.3859e-05  3.8174e-05     1.2420e-07  6.4193e-08 
1.8868e-03     3.2575e-02  1.5099e-02     6.1461e-05  2.8489e-05     1.7234e-04  7.9883e-05     3.2516e-07  1.5072e-07 
2.1170e-03     1.6590e-02  4.6153e-02     3.5121e-05  9.7705e-05     9.8478e-05  2.7396e-04     2.0848e-07  5.7998e-07 
2.3753e-03     2.9572e-02  1.8376e-02     7.0242e-05  4.3649e-05     1.9696e-04  1.2239e-04     4.6783e-07  2.9072e-07 
2.6651e-03     2.6356e-02  2.2893e-02     7.0242e-05  6.1013e-05     1.9696e-04  1.7108e-04     5.2492e-07  4.5595e-07 
2.9903e-03     3.2298e-02  9.4535e-03     9.6582e-05  2.8269e-05     2.7082e-04  7.9270e-05     8.0983e-07  2.3704e-07 
3.3552e-03     3.9253e-02  1.2830e-02     1.3170e-04  4.3046e-05     3.6929e-04  1.2071e-04     1.2391e-06  4.0499e-07 
3.7646e-03     4.6646e-02  8.8245e-03     1.7560e-04  3.3221e-05     4.9239e-04  9.3163e-05     1.8537e-06  3.5072e-07 
4.2240e-03     4.9888e-02  1.3942e-02     2.1073e-04  5.8890e-05     5.9087e-04  1.6514e-04     2.4958e-06  6.9753e-07 
4.7394e-03     3.1494e-02  1.2673e-02     1.4926e-04  6.0060e-05     4.1853e-04  1.6841e-04     1.9836e-06  7.9817e-07 
5.3176e-03     4.4581e-02  1.3406e-02     2.3707e-04  7.1287e-05     6.6473e-04  1.9990e-04     3.5348e-06  1.0630e-06 
5.9665e-03     5.7392e-02  1.3274e-02     3.4243e-04  7.9202e-05     9.6016e-04  2.2210e-04     5.7288e-06  1.3252e-06 
6.6945e-03     6.0331e-02  1.1095e-02     4.0389e-04  7.4278e-05     1.1325e-03  2.0831e-04     7.5816e-06  1.3945e-06 
7.5114e-03     3.9743e-02  8.3040e-03     2.9853e-04  6.2374e-05     8.3707e-04  1.7492e-04     6.2875e-06  1.3139e-06 
8.4279e-03     5.2090e-03  2.1905e-03     4.3901e-05  1.8461e-05     1.2310e-04  5.1766e-05     1.0375e-06  4.3628e-07 
9.4563e-03     0.0000e+00  0.0000e+00     0.0000e+00  0.0000e+00     0.0000e+00  0.0000e+00     0.0000e+00  0.0000e+00 
1.0610e-02     1.6551e-03  9.4458e-04     1.7560e-05  1.0022e-05     4.9239e-05  2.8102e-05     5.2243e-07  2.9817e-07 
1.1905e-02     1.5835e+00  4.6894e-02     1.8851e-02  5.5826e-04     5.2858e-02  1.5739e-03     6.2926e-04  1.8737e-05 
1.3357e-02     1.3127e+00  9.4837e-02     1.7534e-02  1.2668e-03     4.9165e-02  3.5553e-03     6.5672e-04  4.7489e-05 
1.4987e-02     1.0135e+00  4.6158e-02     1.5190e-02  6.9178e-04     4.2592e-02  1.9442e-03     6.3833e-04  2.9138e-05 
1.6816e-02     8.2707e-01  5.0541e-02     1.3908e-02  8.4989e-04     3.8997e-02  2.3861e-03     6.5578e-04  4.0125e-05 
1.8868e-02     6.3568e-01  2.1413e-02     1.1994e-02  4.0401e-04     3.3630e-02  1.1376e-03     6.3453e-04  2.1464e-05 
2.1170e-02     5.0309e-01  2.8684e-02     1.0650e-02  6.0724e-04     2.9864e-02  1.7052e-03     6.3221e-04  3.6099e-05 
2.3753e-02     6.7682e-01  2.3263e-02     1.6077e-02  5.5258e-04     4.5078e-02  1.5557e-03     1.0708e-03  3.6953e-05 
2.6651e-02     8.9445e-01  3.6654e-02     2.3838e-02  9.7687e-04     6.6842e-02  2.7470e-03     1.7814e-03  7.3210e-05 
2.9903e-02     9.0318e-01  1.9757e-02     2.7008e-02  5.9080e-04     7.5730e-02  1.6731e-03     2.2646e-03  5.0032e-05 
3.3552e-02     8.4395e-01  3.2208e-02     2.8316e-02  1.0807e-03     7.9398e-02  3.0401e-03     2.6640e-03  1.0200e-04 
3.7646e-02     8.7788e-01  2.6371e-02     3.3049e-02  9.9278e-04     9.2668e-02  2.7985e-03     3.4886e-03  1.0535e-04 
4.2240e-02     9.3353e-01  2.0754e-02     3.9432e-02  8.7665e-04     1.1057e-01  2.4819e-03     4.6703e-03  1.0483e-04 
4.7394e-02     9.8985e-01  4.3531e-02     4.6913e-02  2.0631e-03     1.3154e-01  5.7993e-03     6.2343e-03  2.7485e-04 
5.3176e-02     1.0630e+00  1.9339e-02     5.6527e-02  1.0284e-03     1.5850e-01  2.9252e-03     8.4285e-03  1.5555e-04 
5.9665e-02     1.1368e+00  1.1159e-02     6.7827e-02  6.6582e-04     1.9019e-01  1.9578e-03     1.1347e-02  1.1681e-04 
6.6945e-02     1.2270e+00  3.5102e-02     8.2139e-02  2.3499e-03     2.3032e-01  6.6276e-03     1.5419e-02  4.4369e-04 
7.5114e-02     1.3222e+00  2.5907e-02     9.9313e-02  1.9460e-03     2.7847e-01  5.5243e-03     2.0917e-02  4.1495e-04 
8.4279e-02     1.4304e+00  1.7762e-02     1.2055e-01  1.4969e-03     3.3803e-01  4.3262e-03     2.8489e-02  3.6461e-04 
9.4563e-02     1.5397e+00  2.7898e-02     1.4560e-01  2.6381e-03     4.0827e-01  7.5046e-03     3.8607e-02  7.0965e-04 
1.0610e-01     1.7007e+00  3.0386e-02     1.8044e-01  3.2239e-03     5.0596e-01  9.1749e-03     5.3683e-02  9.7347e-04 
1.1905e-01     1.8421e+00  2.1963e-02     2.1929e-01  2.6146e-03     6.1490e-01  7.5751e-03     7.3202e-02  9.0179e-04 
1.3357e-01     2.0084e+00  1.0162e-02     2.6827e-01  1.3574e-03     7.5223e-01  4.4635e-03     1.0048e-01  5.9621e-04 
1.4987e-01     2.1791e+00  1.6522e-02     3.2659e-01  2.4762e-03     9.1575e-01  7.5010e-03     1.3724e-01  1.1242e-03 
1.6816e-01     2.3656e+00  1.7131e-02     3.9780e-01  2.8807e-03     1.1154e+00  8.7865e-03     1.8757e-01  1.4775e-03 
1.8868e-01     2.5013e+00  1.9884e-02     4.7195e-01  3.7517e-03     1.3233e+00  1.1291e-02     2.4968e-01  2.1304e-03 
2.1170e-01     2.5887e+00  1.9079e-02     5.4803e-01  4.0389e-03     1.5367e+00  1.2286e-02     3.2531e-01  2.6010e-03 
2.3753e-01     2.6188e+00  2.5463e-02     6.2203e-01  6.0482e-03     1.7442e+00  1.7800e-02     4.1429e-01  4.2281e-03 
2.6651e-01     2.4957e+00  1.3662e-02     6.6514e-01  3.6410e-03     1.8651e+00  1.1733e-02     4.9706e-01  3.1269e-03 
2.9903e-01     2.2928e+00  1.3727e-02     6.8563e-01  4.1048e-03     1.9225e+00  1.2961e-02     5.7489e-01  3.8758e-03 
3.3552e-01     1.9586e+00  1.3127e-02     6.5715e-01  4.4044e-03     1.8427e+00  1.3607e-02     6.1825e-01  4.5653e-03 
3.7646e-01     1.5847e+00  1.6754e-02     5.9656e-01  6.3074e-03     1.6728e+00  1.8430e-02     6.2973e-01  6.9383e-03 
4.2240e-01     1.1876e+00  1.0790e-02     5.0166e-01  4.5577e-03     1.4066e+00  1.3503e-02     5.9416e-01  5.7037e-03 
4.7394e-01     8.2866e-01  5.9653e-03     3.9273e-01  2.8271e-03     1.1012e+00  8.6310e-03     5.2190e-01  4.0905e-03 
5.3176e-01     5.6056e-01  5.6480e-03     2.9809e-01  3.0034e-03     8.3584e-01  8.8110e-03     4.4447e-01  4.6854e-03 
5.9665e-01     3.5948e-01  3.0102e-03     2.1448e-01  1.7960e-03     6.0141e-01  5.3701e-03     3.5883e-01  3.2040e-03 
6.6945e-01     2.3496e-01  1.8813e-03     1.5730e-01  1.2594e-03     4.4106e-01  3.7869e-03     2.9527e-01  2.5351e-03 
7.5114e-01     1.5748e-01  1.4797e-03     1.1829e-01  1.1115e-03     3.3168e-01  3.2818e-03     2.4913e-01  2.4651e-03 
8.4279e-01     1.0713e-01  2.7720e-03     9.0287e-02  2.3362e-03     2.5316e-01  6.5975e-03     2.1336e-01  5.5603e-03 
9.4563e-01     7.5283e-02  1.1849e-03     7.1190e-02  1.1205e-03     1.9962e-01  3.2022e-03     1.8876e-01  3.0281e-03 
1.0610e+00     5.4112e-02  1.3981e-03     5.7414e-02  1.4834e-03     1.6099e-01  4.1893e-03     1.7081e-01  4.4448e-03 
1.1905e+00     4.0012e-02  8.6671e-04     4.7633e-02  1.0318e-03     1.3356e-01  2.9226e-03     1.5900e-01  3.4793e-03 
1.3357e+00     2.9830e-02  1.4065e-03     3.9845e-02  1.8787e-03     1.1172e-01  5.2793e-03     1.4923e-01  7.0518e-03 
1.4987e+00     2.2602e-02  5.8583e-04     3.3874e-02  8.7800e-04     9.4982e-02  2.4794e-03     1.4235e-01  3.7160e-03 
1.6816e+00     1.7460e-02  6.0819e-04     2.9361e-02  1.0227e-03     8.2328e-02  2.8790e-03     1.3844e-01  4.8414e-03 
1.8868e+00     1.2439e-02  4.0367e-04     2.3470e-02  7.6163e-04     6.5808e-02  2.1453e-03     1.2416e-01  4.0477e-03 
2.1170e+00     9.8130e-03  4.1106e-04     2.0774e-02  8.7021e-04     5.8250e-02  2.4467e-03     1.2331e-01  5.1797e-03 
2.3753e+00     7.4003e-03  3.6566e-04     1.7578e-02  8.6856e-04     4.9288e-02  2.4402e-03     1.1708e-01  5.7963e-03 
2.6651e+00     5.4952e-03  2.4139e-04     1.4645e-02  6.4334e-04     4.1065e-02  1.8084e-03     1.0945e-01  4.8196e-03 
2.9903e+00     4.1900e-03  1.1912e-04     1.2529e-02  3.5621e-04     3.5132e-02  1.0047e-03     1.0506e-01  3.0045e-03 
3.3552e+00     3.2188e-03  9.9741e-05     1.0800e-02  3.3465e-04     3.0282e-02  9.4304e-04     1.0160e-01  3.1641e-03 
3.7646e+00     2.1014e-03  1.6338e-04     7.9110e-03  6.1506e-04     2.2182e-02  1.7260e-03     8.3507e-02  6.4977e-03 
4.2240e+00     1.4946e-03  1.5337e-04     6.3130e-03  6.4781e-04     1.7701e-02  1.8173e-03     7.4770e-02  7.6761e-03 
4.7394e+00     9.7448e-04  1.1467e-04     4.6184e-03  5.4347e-04     1.2950e-02  1.5244e-03     6.1374e-02  7.2247e-03 
5.3176e+00     6.3239e-04  5.0406e-05     3.3628e-03  2.6804e-04     9.4293e-03  7.5215e-04     5.0142e-02  3.9997e-03 
5.9665e+00     4.0027e-04  2.2968e-05     2.3882e-03  1.3704e-04     6.6965e-03  3.8481e-04     3.9955e-02  2.2959e-03 
6.6945e+00     2.2821e-04  3.0285e-05     1.5278e-03  2.0274e-04     4.2838e-03  5.6864e-04     2.8678e-02  3.8068e-03 
7.5114e+00     9.4683e-05  2.2251e-05     7.1120e-04  1.6713e-04     1.9942e-03  4.6868e-04     1.4979e-02  3.5204e-03 
8.4279e+00     3.8547e-05  8.5659e-06     3.2487e-04  7.2193e-05     9.1093e-04  2.0245e-04     7.6772e-03  1.7062e-03 
9.4563e+00     1.4856e-05  2.4184e-05     1.4048e-04  2.2869e-04     3.9391e-04  6.4123e-04     3.7249e-03  6.0637e-03 
1.0610e+01     8.2753e-06  2.8778e-06     8.7802e-05  3.0534e-05     2.4620e-04  8.5620e-05     2.6122e-03  9.0844e-04 
1.1905e+01     0.0000e+00  0.0000e+00     0.0000e+00  0.0000e+00     0.0000e+00  0.0000e+00     0.0000e+00  0.0000e+00 
1.3357e+01     0.0000e+00  0.0000e+00     0.0000e+00  0.0000e+00     0.0000e+00  0.0000e+00     0.0000e+00  0.0000e+00 
1.4987e+01     0.0000e+00  0.0000e+00     0.0000e+00  0.0000e+00     0.0000e+00  0.0000e+00     0.0000e+00  0.0000e+00 
1.6816e+01     0.0000e+00  0.0000e+00     0.0000e+00  0.0000e+00     0.0000e+00  0.0000e+00     0.0000e+00  0.0000e+00 
1.8868e+01     0.0000e+00  0.0000e+00     0.0000e+00  0.0000e+00     0.0000e+00  0.0000e+00     0.0000e+00  0.0000e+00 
2.1170e+01     0.0000e+00  0.0000e+00     0.0000e+00  0.0000e+00     0.0000e+00  0.0000e+00     0.0000e+00  0.0000e+00 
2.3753e+01     0.0000e+00  0.0000e+00     0.0000e+00  0.0000e+00     0.0000e+00  0.0000e+00     0.0000e+00  0.0000e+00 
2.6651e+01     0.0000e+00  0.0000e+00     0.0000e+00  0.0000e+00     0.0000e+00  0.0000e+00     0.0000e+00  0.0000e+00 
2.9903e+01     0.0000e+00  0.0000e+00     0.0000e+00  0.0000e+00     0.0000e+00  0.0000e+00     0.0000e+00  0.0000e+00 
3.3552e+01     0.0000e+00  0.0000e+00     0.0000e+00  0.0000e+00     0.0000e+00  0.0000e+00     0.0000e+00  0.0000e+00 
3.7646e+01     0.0000e+00  0.0000e+00     0.0000e+00  0.0000e+00     0.0000e+00  0.0000e+00     0.0000e+00  0.0000e+00 
4.2240e+01     0.0000e+00  0.0000e+00     0.0000e+00  0.0000e+00     0.0000e+00  0.0000e+00     0.0000e+00  0.0000e+00 
4.7394e+01     0.0000e+00  0.0000e+00     0.0000e+00  0.0000e+00     0.0000e+00  0.0000e+00     0.0000e+00  0.0000e+00 
5.3176e+01     0.0000e+00  0.0000e+00     0.0000e+00  0.0000e+00     0.0000e+00  0.0000e+00     0.0000e+00  0.0000e+00 
5.9665e+01     0.0000e+00  0.0000e+00     0.0000e+00  0.0000e+00     0.0000e+00  0.0000e+00     0.0000e+00  0.0000e+00 
6.6945e+01     0.0000e+00  0.0000e+00     0.0000e+00  0.0000e+00     0.0000e+00  0.0000e+00     0.0000e+00  0.0000e+00 
7.5114e+01     2.3378e-07  1.4806e-07     1.7560e-05  1.1122e-05     4.9239e-05  3.1185e-05     3.6985e-03  2.3424e-03 
8.4279e+01     1.0418e-07  9.8900e-08     8.7802e-06  8.3352e-06     2.4620e-05  2.3372e-05     2.0749e-03  1.9698e-03 
9.4563e+01     9.2851e-08  5.0052e-08     8.7802e-06  4.7331e-06     2.4620e-05  1.3272e-05     2.3281e-03  1.2550e-03 
1.0610e+02     0.0000e+00  0.0000e+00     0.0000e+00  0.0000e+00     0.0000e+00  0.0000e+00     0.0000e+00  0.0000e+00 
1.1905e+02     7.3754e-08  3.9059e-08     8.7802e-06  4.6499e-06     2.4620e-05  1.3038e-05     2.9309e-03  1.5522e-03 
1.3357e+02     0.0000e+00  0.0000e+00     0.0000e+00  0.0000e+00     0.0000e+00  0.0000e+00     0.0000e+00  0.0000e+00 
1.4987e+02     0.0000e+00  0.0000e+00     0.0000e+00  0.0000e+00     0.0000e+00  0.0000e+00     0.0000e+00  0.0000e+00 
1.6816e+02     0.0000e+00  0.0000e+00     0.0000e+00  0.0000e+00     0.0000e+00  0.0000e+00     0.0000e+00  0.0000e+00 
1.8868e+02     0.0000e+00  0.0000e+00     0.0000e+00  0.0000e+00     0.0000e+00  0.0000e+00     0.0000e+00  0.0000e+00 
2.1170e+02     0.0000e+00  0.0000e+00     0.0000e+00  0.0000e+00     0.0000e+00  0.0000e+00     0.0000e+00  0.0000e+00 
2.3753e+02     0.0000e+00  0.0000e+00     0.0000e+00  0.0000e+00     0.0000e+00  0.0000e+00     0.0000e+00  0.0000e+00 
2.6651e+02     0.0000e+00  0.0000e+00     0.0000e+00  0.0000e+00     0.0000e+00  0.0000e+00     0.0000e+00  0.0000e+00 
2.9903e+02     0.0000e+00  0.0000e+00     0.0000e+00  0.0000e+00     0.0000e+00  0.0000e+00     0.0000e+00  0.0000e+00 
3.3552e+02     0.0000e+00  0.0000e+00     0.0000e+00  0.0000e+00     0.0000e+00  0.0000e+00     0.0000e+00  0.0000e+00 
3.7646e+02     0.0000e+00  0.0000e+00     0.0000e+00  0.0000e+00     0.0000e+00  0.0000e+00     0.0000e+00  0.0000e+00 
4.2240e+02     0.0000e+00  0.0000e+00     0.0000e+00  0.0000e+00     0.0000e+00  0.0000e+00     0.0000e+00  0.0000e+00 
4.7394e+02     0.0000e+00  0.0000e+00     0.0000e+00  0.0000e+00     0.0000e+00  0.0000e+00     0.0000e+00  0.0000e+00 
5.3176e+02     0.0000e+00  0.0000e+00     0.0000e+00  0.0000e+00     0.0000e+00  0.0000e+00     0.0000e+00  0.0000e+00 
5.9665e+02     0.0000e+00  0.0000e+00     0.0000e+00  0.0000e+00     0.0000e+00  0.0000e+00     0.0000e+00  0.0000e+00 
6.6945e+02     0.0000e+00  0.0000e+00     0.0000e+00  0.0000e+00     0.0000e+00  0.0000e+00     0.0000e+00  0.0000e+00 
7.5114e+02     0.0000e+00  0.0000e+00     0.0000e+00  0.0000e+00     0.0000e+00  0.0000e+00     0.0000e+00  0.0000e+00 
8.4279e+02     0.0000e+00  0.0000e+00     0.0000e+00  0.0000e+00     0.0000e+00  0.0000e+00     0.0000e+00  0.0000e+00 
9.4563e+02     0.0000e+00  0.0000e+00     0.0000e+00  0.0000e+00     0.0000e+00  0.0000e+00     0.0000e+00  0.0000e+00 
1.0610e+03     0.0000e+00  0.0000e+00     0.0000e+00  0.0000e+00     0.0000e+00  0.0000e+00     0.0000e+00  0.0000e+00 
1.1905e+03     0.0000e+00  0.0000e+00     0.0000e+00  0.0000e+00     0.0000e+00  0.0000e+00     0.0000e+00  0.0000e+00 
1.3357e+03     0.0000e+00  0.0000e+00     0.0000e+00  0.0000e+00     0.0000e+00  0.0000e+00     0.0000e+00  0.0000e+00 
1.4987e+03     0.0000e+00  0.0000e+00     0.0000e+00  0.0000e+00     0.0000e+00  0.0000e+00     0.0000e+00  0.0000e+00 
1.6816e+03     0.0000e+00  0.0000e+00     0.0000e+00  0.0000e+00     0.0000e+00  0.0000e+00     0.0000e+00  0.0000e+00 
1.8868e+03     0.0000e+00  0.0000e+00     0.0000e+00  0.0000e+00     0.0000e+00  0.0000e+00     0.0000e+00  0.0000e+00 
2.1170e+03     0.0000e+00  0.0000e+00     0.0000e+00  0.0000e+00     0.0000e+00  0.0000e+00     0.0000e+00  0.0000e+00 
2.3753e+03     0.0000e+00  0.0000e+00     0.0000e+00  0.0000e+00     0.0000e+00  0.0000e+00     0.0000e+00  0.0000e+00 
2.6651e+03     0.0000e+00  0.0000e+00     0.0000e+00  0.0000e+00     0.0000e+00  0.0000e+00     0.0000e+00  0.0000e+00 
2.9903e+03     0.0000e+00  0.0000e+00     0.0000e+00  0.0000e+00     0.0000e+00  0.0000e+00     0.0000e+00  0.0000e+00 
3.3552e+03     0.0000e+00  0.0000e+00     0.0000e+00  0.0000e+00     0.0000e+00  0.0000e+00     0.0000e+00  0.0000e+00 
3.7646e+03     0.0000e+00  0.0000e+00     0.0000e+00  0.0000e+00     0.0000e+00  0.0000e+00     0.0000e+00  0.0000e+00 
4.2240e+03     0.0000e+00  0.0000e+00     0.0000e+00  0.0000e+00     0.0000e+00  0.0000e+00     0.0000e+00  0.0000e+00 
4.7394e+03     0.0000e+00  0.0000e+00     0.0000e+00  0.0000e+00     0.0000e+00  0.0000e+00     0.0000e+00  0.0000e+00 
5.3176e+03     0.0000e+00  0.0000e+00     0.0000e+00  0.0000e+00     0.0000e+00  0.0000e+00     0.0000e+00  0.0000e+00 
5.9665e+03     0.0000e+00  0.0000e+00     0.0000e+00  0.0000e+00     0.0000e+00  0.0000e+00     0.0000e+00  0.0000e+00 
6.6945e+03     0.0000e+00  0.0000e+00     0.0000e+00  0.0000e+00     0.0000e+00  0.0000e+00     0.0000e+00  0.0000e+00 
7.5114e+03     0.0000e+00  0.0000e+00     0.0000e+00  0.0000e+00     0.0000e+00  0.0000e+00     0.0000e+00  0.0000e+00 
8.4279e+03     0.0000e+00  0.0000e+00     0.0000e+00  0.0000e+00     0.0000e+00  0.0000e+00     0.0000e+00  0.0000e+00 
9.4563e+03     0.0000e+00  0.0000e+00     0.0000e+00  0.0000e+00     0.0000e+00  0.0000e+00     0.0000e+00  0.0000e+00 
