yF = 2.0492e+00 (std: 6.4227e-03) keV/um
yD = 4.0323e+00 (std: 1.0871e+00) keV/um
y (keV/um)     f(y)(std)                  yf(y)(std)                 d(y)(std)                  yd(y)(std)  
1.0610e-03     0.0000e+00  0.0000e+00     0.0000e+00  0.0000e+00     0.0000e+00  0.0000e+00     0.0000e+00  0.0000e+00 
1.1905e-03     7.3416e-03  4.7296e-03     8.7399e-06  5.6304e-06     4.2650e-06  2.7476e-06     5.0773e-09  3.2709e-09 
1.3357e-03     0.0000e+00  0.0000e+00     0.0000e+00  0.0000e+00     0.0000e+00  0.0000e+00     0.0000e+00  0.0000e+00 
1.4987e-03     0.0000e+00  0.0000e+00     0.0000e+00  0.0000e+00     0.0000e+00  0.0000e+00     0.0000e+00  0.0000e+00 
1.6816e-03     0.0000e+00  0.0000e+00     0.0000e+00  0.0000e+00     0.0000e+00  0.0000e+00     0.0000e+00  0.0000e+00 
1.8868e-03     0.0000e+00  0.0000e+00     0.0000e+00  0.0000e+00     0.0000e+00  0.0000e+00     0.0000e+00  0.0000e+00 
2.1170e-03     0.0000e+00  0.0000e+00     0.0000e+00  0.0000e+00     0.0000e+00  0.0000e+00     0.0000e+00  0.0000e+00 
2.3753e-03     0.0000e+00  0.0000e+00     0.0000e+00  0.0000e+00     0.0000e+00  0.0000e+00     0.0000e+00  0.0000e+00 
2.6651e-03     3.2794e-03  7.3322e-04     8.7399e-06  1.9541e-06     4.2650e-06  9.5368e-07     1.1367e-08  2.5417e-09 
2.9903e-03     0.0000e+00  0.0000e+00     0.0000e+00  0.0000e+00     0.0000e+00  0.0000e+00     0.0000e+00  0.0000e+00 
3.3552e-03     2.6049e-03  1.8290e-03     8.7399e-06  6.1366e-06     4.2650e-06  2.9946e-06     1.4310e-08  1.0048e-08 
3.7646e-03     0.0000e+00  0.0000e+00     0.0000e+00  0.0000e+00     0.0000e+00  0.0000e+00     0.0000e+00  0.0000e+00 
4.2240e-03     2.0691e-03  2.7899e-03     8.7399e-06  1.1784e-05     4.2650e-06  5.7506e-06     1.8015e-08  2.4290e-08 
4.7394e-03     1.8441e-03  2.1576e-03     8.7399e-06  1.0226e-05     4.2650e-06  4.9899e-06     2.0213e-08  2.3649e-08 
5.3176e-03     9.8614e-03  1.8277e-02     5.2440e-05  9.7189e-05     2.5590e-05  4.7427e-05     1.3608e-07  2.5220e-07 
5.9665e-03     0.0000e+00  0.0000e+00     0.0000e+00  0.0000e+00     0.0000e+00  0.0000e+00     0.0000e+00  0.0000e+00 
6.6945e-03     3.9166e-03  1.7416e-03     2.6220e-05  1.1659e-05     1.2795e-05  5.6897e-06     8.5656e-08  3.8090e-08 
7.5114e-03     2.3271e-03  1.5730e-03     1.7480e-05  1.1815e-05     8.5299e-06  5.7657e-06     6.4071e-08  4.3308e-08 
8.4279e-03     0.0000e+00  0.0000e+00     0.0000e+00  0.0000e+00     0.0000e+00  0.0000e+00     0.0000e+00  0.0000e+00 
9.4563e-03     9.2425e-04  1.1547e-03     8.7399e-06  1.0919e-05     4.2650e-06  5.3286e-06     4.0331e-08  5.0388e-08 
1.0610e-02     0.0000e+00  0.0000e+00     0.0000e+00  0.0000e+00     0.0000e+00  0.0000e+00     0.0000e+00  0.0000e+00 
1.1905e-02     2.9366e-02  5.7127e-03     3.4960e-04  6.8008e-05     1.7060e-04  3.3191e-05     2.0309e-06  3.9513e-07 
1.3357e-02     2.2901e-02  7.3067e-03     3.0590e-04  9.7598e-05     1.4927e-04  4.7629e-05     1.9939e-06  6.3619e-07 
1.4987e-02     2.1577e-02  5.5915e-03     3.2338e-04  8.3801e-05     1.5780e-04  4.0897e-05     2.3650e-06  6.1293e-07 
1.6816e-02     1.8711e-02  4.7438e-03     3.1464e-04  7.9771e-05     1.5354e-04  3.8930e-05     2.5819e-06  6.5465e-07 
1.8868e-02     1.4360e-02  3.8366e-03     2.7094e-04  7.2387e-05     1.3221e-04  3.5326e-05     2.4946e-06  6.6653e-07 
2.1170e-02     1.0734e-02  3.2801e-03     2.2724e-04  6.9439e-05     1.1089e-04  3.3887e-05     2.3475e-06  7.1739e-07 
2.3753e-02     1.0303e-02  2.7692e-03     2.4472e-04  6.5778e-05     1.1942e-04  3.2101e-05     2.8366e-06  7.6249e-07 
2.6651e-02     1.8692e-02  3.8310e-03     4.9818e-04  1.0210e-04     2.4310e-04  4.9829e-05     6.4790e-06  1.3280e-06 
2.9903e-02     1.5490e-02  4.6386e-03     4.6322e-04  1.3871e-04     2.2604e-04  6.7693e-05     6.7594e-06  2.0242e-06 
3.3552e-02     1.4587e-02  2.6984e-03     4.8944e-04  9.0537e-05     2.3884e-04  4.4187e-05     8.0135e-06  1.4826e-06 
3.7646e-02     1.6716e-02  2.3917e-03     6.2928e-04  9.0038e-05     3.0708e-04  4.3948e-05     1.1560e-05  1.6545e-06 
4.2240e-02     1.9036e-02  2.5811e-03     8.0407e-04  1.0902e-04     3.9238e-04  5.3217e-05     1.6574e-05  2.2478e-06 
4.7394e-02     1.9548e-02  2.8162e-03     9.2643e-04  1.3347e-04     4.5209e-04  6.5147e-05     2.1426e-05  3.0876e-06 
5.3176e-02     2.0380e-02  2.2720e-03     1.0838e-03  1.2082e-04     5.2886e-04  5.8981e-05     2.8123e-05  3.1364e-06 
5.9665e-02     2.1387e-02  1.9487e-03     1.2760e-03  1.1627e-04     6.2268e-04  5.6772e-05     3.7152e-05  3.3873e-06 
6.6945e-02     2.6241e-02  2.0720e-03     1.7567e-03  1.3871e-04     8.5726e-04  6.7743e-05     5.7389e-05  4.5350e-06 
7.5114e-02     2.4435e-02  2.5901e-03     1.8354e-03  1.9456e-04     8.9564e-04  9.4982e-05     6.7275e-05  7.1344e-06 
8.4279e-02     3.0074e-02  1.5562e-03     2.5346e-03  1.3115e-04     1.2368e-03  6.4117e-05     1.0424e-04  5.4037e-06 
9.4563e-02     3.3458e-02  2.7469e-03     3.1639e-03  2.5975e-04     1.5439e-03  1.2685e-04     1.4600e-04  1.1995e-05 
1.0610e-01     3.4515e-02  1.8668e-03     3.6620e-03  1.9807e-04     1.7870e-03  9.6817e-05     1.8960e-04  1.0272e-05 
1.1905e-01     4.0379e-02  2.3093e-03     4.8070e-03  2.7492e-04     2.3457e-03  1.3436e-04     2.7925e-04  1.5995e-05 
1.3357e-01     4.6653e-02  2.8810e-03     6.2316e-03  3.8482e-04     3.0409e-03  1.8803e-04     4.0619e-04  2.5116e-05 
1.4987e-01     5.0793e-02  2.1475e-03     7.6125e-03  3.2185e-04     3.7148e-03  1.5749e-04     5.5674e-04  2.3603e-05 
1.6816e-01     5.7744e-02  4.1889e-03     9.7101e-03  7.0441e-04     4.7384e-03  3.4406e-04     7.9680e-04  5.7857e-05 
1.8868e-01     6.4342e-02  2.7780e-03     1.2140e-02  5.2415e-04     5.9240e-03  2.5645e-04     1.1177e-03  4.8386e-05 
2.1170e-01     7.3280e-02  1.9929e-03     1.5513e-02  4.2189e-04     7.5703e-03  2.0724e-04     1.6026e-03  4.3872e-05 
2.3753e-01     8.0618e-02  2.1590e-03     1.9149e-02  5.1282e-04     9.3445e-03  2.5196e-04     2.2196e-03  5.9848e-05 
2.6651e-01     9.1035e-02  3.8906e-03     2.4262e-02  1.0369e-03     1.1840e-02  5.0734e-04     3.1554e-03  1.3521e-04 
2.9903e-01     1.0241e-01  1.7984e-03     3.0625e-02  5.3777e-04     1.4944e-02  2.6657e-04     4.4689e-03  7.9714e-05 
3.3552e-01     1.1576e-01  3.0133e-03     3.8840e-02  1.0110e-03     1.8954e-02  4.9693e-04     6.3593e-03  1.6673e-04 
3.7646e-01     1.2228e-01  2.2439e-03     4.6033e-02  8.4476e-04     2.2464e-02  4.1820e-04     8.4566e-03  1.5743e-04 
4.2240e-01     1.3797e-01  2.5336e-03     5.8278e-02  1.0702e-03     2.8439e-02  5.2978e-04     1.2012e-02  2.2378e-04 
4.7394e-01     1.5055e-01  3.9249e-03     7.1353e-02  1.8602e-03     3.4819e-02  9.1427e-04     1.6502e-02  4.3330e-04 
5.3176e-01     1.6868e-01  3.9255e-03     8.9698e-02  2.0875e-03     4.3771e-02  1.0278e-03     2.3276e-02  5.4657e-04 
5.9665e-01     1.8507e-01  4.1975e-03     1.1042e-01  2.5044e-03     5.3884e-02  1.2337e-03     3.2150e-02  7.3611e-04 
6.6945e-01     2.0214e-01  2.7085e-03     1.3532e-01  1.8132e-03     6.6034e-02  9.0871e-04     4.4207e-02  6.0834e-04 
7.5114e-01     2.3021e-01  2.3703e-03     1.7292e-01  1.7804e-03     8.4382e-02  9.0818e-04     6.3383e-02  6.8217e-04 
8.4279e-01     2.5532e-01  1.9137e-03     2.1518e-01  1.6128e-03     1.0500e-01  8.5307e-04     8.8496e-02  7.1896e-04 
9.4563e-01     2.8274e-01  2.3538e-03     2.6736e-01  2.2258e-03     1.3047e-01  1.1606e-03     1.2338e-01  1.0975e-03 
1.0610e+00     3.1842e-01  2.9187e-03     3.3785e-01  3.0968e-03     1.6487e-01  1.5971e-03     1.7492e-01  1.6945e-03 
1.1905e+00     3.6170e-01  2.4942e-03     4.3060e-01  2.9693e-03     2.1013e-01  1.5916e-03     2.5015e-01  1.8948e-03 
1.3357e+00     4.0889e-01  1.2851e-03     5.4617e-01  1.7166e-03     2.6652e-01  1.1830e-03     3.5600e-01  1.5802e-03 
1.4987e+00     4.6029e-01  2.6193e-03     6.8984e-01  3.9256e-03     3.3663e-01  2.1870e-03     5.0452e-01  3.2776e-03 
1.6816e+00     4.9242e-01  3.2752e-03     8.2805e-01  5.5076e-03     4.0408e-01  2.9711e-03     6.7949e-01  4.9961e-03 
1.8868e+00     4.7457e-01  1.9693e-03     8.9540e-01  3.7156e-03     4.3694e-01  2.2722e-03     8.2441e-01  4.2871e-03 
2.1170e+00     3.9654e-01  2.6924e-03     8.3946e-01  5.6999e-03     4.0965e-01  3.0635e-03     8.6722e-01  6.4854e-03 
2.3753e+00     2.9518e-01  1.0051e-03     7.0115e-01  2.3875e-03     3.4215e-01  1.5835e-03     8.1272e-01  3.7612e-03 
2.6651e+00     2.0285e-01  6.4997e-04     5.4063e-01  1.7323e-03     2.6382e-01  1.1825e-03     7.0311e-01  3.1515e-03 
2.9903e+00     1.3532e-01  5.6513e-04     4.0465e-01  1.6899e-03     1.9746e-01  1.0311e-03     5.9048e-01  3.0832e-03 
3.3552e+00     9.1004e-02  9.0697e-04     3.0534e-01  3.0431e-03     1.4900e-01  1.5567e-03     4.9993e-01  5.2230e-03 
3.7646e+00     6.1502e-02  8.5304e-04     2.3153e-01  3.2113e-03     1.1298e-01  1.6066e-03     4.2534e-01  6.0482e-03 
4.2240e+00     4.0756e-02  5.4054e-04     1.7215e-01  2.2832e-03     8.4007e-02  1.1449e-03     3.5484e-01  4.8359e-03 
4.7394e+00     2.7822e-02  3.9231e-04     1.3186e-01  1.8593e-03     6.4346e-02  9.2944e-04     3.0496e-01  4.4050e-03 
5.3176e+00     1.8493e-02  4.2872e-04     9.8342e-02  2.2798e-03     4.7989e-02  1.1226e-03     2.5519e-01  5.9698e-03 
5.9665e+00     1.1855e-02  1.0912e-04     7.0732e-02  6.5104e-04     3.4516e-02  3.3561e-04     2.0594e-01  2.0024e-03 
6.6945e+00     7.1739e-03  1.1191e-04     4.8026e-02  7.4916e-04     2.3436e-02  3.7289e-04     1.5689e-01  2.4963e-03 
7.5114e+00     4.1783e-03  1.2943e-04     3.1385e-02  9.7219e-04     1.5315e-02  4.7684e-04     1.1504e-01  3.5817e-03 
8.4279e+00     2.2400e-03  8.4146e-05     1.8878e-02  7.0917e-04     9.2123e-03  3.4727e-04     7.7640e-02  2.9267e-03 
9.4563e+00     9.7970e-04  4.1426e-05     9.2643e-03  3.9173e-04     4.5209e-03  1.9168e-04     4.2750e-02  1.8126e-03 
1.0610e+01     4.2423e-04  1.4915e-05     4.5011e-03  1.5825e-04     2.1965e-03  7.7531e-05     2.3305e-02  8.2261e-04 
1.1905e+01     1.4757e-04  9.9069e-06     1.7567e-03  1.1794e-04     8.5726e-04  5.7615e-05     1.0205e-02  6.8590e-04 
1.3357e+01     5.5617e-05  7.8821e-06     7.4290e-04  1.0528e-04     3.6252e-04  5.1390e-05     4.8423e-03  6.8643e-04 
1.4987e+01     1.3413e-05  3.4673e-06     2.0102e-04  5.1965e-05     9.8094e-05  2.5360e-05     1.4702e-03  3.8008e-04 
1.6816e+01     2.5987e-06  2.3517e-06     4.3700e-05  3.9546e-05     2.1325e-05  1.9298e-05     3.5860e-04  3.2451e-04 
1.8868e+01     4.6322e-07  1.4646e-07     8.7399e-06  2.7633e-06     4.2650e-06  1.3485e-06     8.0470e-05  2.5443e-05 
2.1170e+01     0.0000e+00  0.0000e+00     0.0000e+00  0.0000e+00     0.0000e+00  0.0000e+00     0.0000e+00  0.0000e+00 
2.3753e+01     3.6795e-07  2.5226e-07     8.7399e-06  5.9920e-06     4.2650e-06  2.9240e-06     1.0131e-04  6.9455e-05 
2.6651e+01     0.0000e+00  0.0000e+00     0.0000e+00  0.0000e+00     0.0000e+00  0.0000e+00     0.0000e+00  0.0000e+00 
2.9903e+01     0.0000e+00  0.0000e+00     0.0000e+00  0.0000e+00     0.0000e+00  0.0000e+00     0.0000e+00  0.0000e+00 
3.3552e+01     2.6049e-07  4.8425e-07     8.7399e-06  1.6247e-05     4.2650e-06  7.9285e-06     1.4310e-04  2.6602e-04 
3.7646e+01     0.0000e+00  0.0000e+00     0.0000e+00  0.0000e+00     0.0000e+00  0.0000e+00     0.0000e+00  0.0000e+00 
4.2240e+01     2.0691e-07  3.6002e-07     8.7399e-06  1.5207e-05     4.2650e-06  7.4209e-06     1.8015e-04  3.1345e-04 
4.7394e+01     1.8441e-07  9.7658e-08     8.7399e-06  4.6284e-06     4.2650e-06  2.2586e-06     2.0213e-04  1.0704e-04 
5.3176e+01     1.6436e-07  1.0313e-07     8.7399e-06  5.4841e-06     4.2650e-06  2.6762e-06     2.2680e-04  1.4231e-04 
5.9665e+01     0.0000e+00  0.0000e+00     0.0000e+00  0.0000e+00     0.0000e+00  0.0000e+00     0.0000e+00  0.0000e+00 
6.6945e+01     0.0000e+00  0.0000e+00     0.0000e+00  0.0000e+00     0.0000e+00  0.0000e+00     0.0000e+00  0.0000e+00 
7.5114e+01     0.0000e+00  0.0000e+00     0.0000e+00  0.0000e+00     0.0000e+00  0.0000e+00     0.0000e+00  0.0000e+00 
8.4279e+01     1.0370e-07  1.1780e-07     8.7399e-06  9.9283e-06     4.2650e-06  4.8449e-06     3.5945e-04  4.0832e-04 
9.4563e+01     9.2425e-08  8.9354e-08     8.7399e-06  8.4495e-06     4.2650e-06  4.1233e-06     4.0331e-04  3.8991e-04 
1.0610e+02     0.0000e+00  0.0000e+00     0.0000e+00  0.0000e+00     0.0000e+00  0.0000e+00     0.0000e+00  0.0000e+00 
1.1905e+02     7.3416e-08  5.7275e-08     8.7399e-06  6.8185e-06     4.2650e-06  3.3273e-06     5.0773e-04  3.9611e-04 
1.3357e+02     0.0000e+00  0.0000e+00     0.0000e+00  0.0000e+00     0.0000e+00  0.0000e+00     0.0000e+00  0.0000e+00 
1.4987e+02     0.0000e+00  0.0000e+00     0.0000e+00  0.0000e+00     0.0000e+00  0.0000e+00     0.0000e+00  0.0000e+00 
1.6816e+02     1.0395e-07  9.1913e-08     1.7480e-05  1.5456e-05     8.5299e-06  7.5424e-06     1.4344e-03  1.2683e-03 
1.8868e+02     4.6322e-08  9.2640e-08     8.7399e-06  1.7479e-05     4.2650e-06  8.5295e-06     8.0470e-04  1.6093e-03 
2.1170e+02     0.0000e+00  0.0000e+00     0.0000e+00  0.0000e+00     0.0000e+00  0.0000e+00     0.0000e+00  0.0000e+00 
2.3753e+02     3.6795e-08  3.5572e-08     8.7399e-06  8.4495e-06     4.2650e-06  4.1233e-06     1.0131e-03  9.7940e-04 
2.6651e+02     0.0000e+00  0.0000e+00     0.0000e+00  0.0000e+00     0.0000e+00  0.0000e+00     0.0000e+00  0.0000e+00 
2.9903e+02     2.9227e-08  6.5349e-09     8.7399e-06  1.9541e-06     4.2650e-06  9.5368e-07     1.2754e-03  2.8518e-04 
3.3552e+02     0.0000e+00  0.0000e+00     0.0000e+00  0.0000e+00     0.0000e+00  0.0000e+00     0.0000e+00  0.0000e+00 
3.7646e+02     2.3216e-08  1.6301e-08     8.7399e-06  6.1366e-06     4.2650e-06  2.9946e-06     1.6056e-03  1.1274e-03 
4.2240e+02     2.0691e-08  2.4304e-07     8.7399e-06  1.0266e-04     4.2650e-06  5.0097e-05     1.8015e-03  2.1161e-02 
4.7394e+02     0.0000e+00  0.0000e+00     0.0000e+00  0.0000e+00     0.0000e+00  0.0000e+00     0.0000e+00  0.0000e+00 
5.3176e+02     0.0000e+00  0.0000e+00     0.0000e+00  0.0000e+00     0.0000e+00  0.0000e+00     0.0000e+00  0.0000e+00 
5.9665e+02     0.0000e+00  0.0000e+00     0.0000e+00  0.0000e+00     0.0000e+00  0.0000e+00     0.0000e+00  0.0000e+00 
6.6945e+02     1.3055e-08  2.6109e-09     8.7399e-06  1.7479e-06     4.2650e-06  8.5304e-07     2.8552e-03  5.7107e-04 
7.5114e+02     1.1636e-08  8.8658e-09     8.7399e-06  6.6594e-06     4.2650e-06  3.2497e-06     3.2036e-03  2.4410e-03 
8.4279e+02     0.0000e+00  0.0000e+00     0.0000e+00  0.0000e+00     0.0000e+00  0.0000e+00     0.0000e+00  0.0000e+00 
9.4563e+02     9.2425e-09  5.7213e-09     8.7399e-06  5.4102e-06     4.2650e-06  2.6401e-06     4.0331e-03  2.4966e-03 
1.0610e+03     0.0000e+00  0.0000e+00     0.0000e+00  0.0000e+00     0.0000e+00  0.0000e+00     0.0000e+00  0.0000e+00 
1.1905e+03     0.0000e+00  0.0000e+00     0.0000e+00  0.0000e+00     0.0000e+00  0.0000e+00     0.0000e+00  0.0000e+00 
1.3357e+03     0.0000e+00  0.0000e+00     0.0000e+00  0.0000e+00     0.0000e+00  0.0000e+00     0.0000e+00  0.0000e+00 
1.4987e+03     0.0000e+00  0.0000e+00     0.0000e+00  0.0000e+00     0.0000e+00  0.0000e+00     0.0000e+00  0.0000e+00 
1.6816e+03     0.0000e+00  0.0000e+00     0.0000e+00  0.0000e+00     0.0000e+00  0.0000e+00     0.0000e+00  0.0000e+00 
1.8868e+03     0.0000e+00  0.0000e+00     0.0000e+00  0.0000e+00     0.0000e+00  0.0000e+00     0.0000e+00  0.0000e+00 
2.1170e+03     0.0000e+00  0.0000e+00     0.0000e+00  0.0000e+00     0.0000e+00  0.0000e+00     0.0000e+00  0.0000e+00 
2.3753e+03     0.0000e+00  0.0000e+00     0.0000e+00  0.0000e+00     0.0000e+00  0.0000e+00     0.0000e+00  0.0000e+00 
2.6651e+03     0.0000e+00  0.0000e+00     0.0000e+00  0.0000e+00     0.0000e+00  0.0000e+00     0.0000e+00  0.0000e+00 
2.9903e+03     0.0000e+00  0.0000e+00     0.0000e+00  0.0000e+00     0.0000e+00  0.0000e+00     0.0000e+00  0.0000e+00 
3.3552e+03     0.0000e+00  0.0000e+00     0.0000e+00  0.0000e+00     0.0000e+00  0.0000e+00     0.0000e+00  0.0000e+00 
3.7646e+03     0.0000e+00  0.0000e+00     0.0000e+00  0.0000e+00     0.0000e+00  0.0000e+00     0.0000e+00  0.0000e+00 
4.2240e+03     0.0000e+00  0.0000e+00     0.0000e+00  0.0000e+00     0.0000e+00  0.0000e+00     0.0000e+00  0.0000e+00 
4.7394e+03     0.0000e+00  0.0000e+00     0.0000e+00  0.0000e+00     0.0000e+00  0.0000e+00     0.0000e+00  0.0000e+00 
5.3176e+03     0.0000e+00  0.0000e+00     0.0000e+00  0.0000e+00     0.0000e+00  0.0000e+00     0.0000e+00  0.0000e+00 
5.9665e+03     0.0000e+00  0.0000e+00     0.0000e+00  0.0000e+00     0.0000e+00  0.0000e+00     0.0000e+00  0.0000e+00 
6.6945e+03     0.0000e+00  0.0000e+00     0.0000e+00  0.0000e+00     0.0000e+00  0.0000e+00     0.0000e+00  0.0000e+00 
7.5114e+03     0.0000e+00  0.0000e+00     0.0000e+00  0.0000e+00     0.0000e+00  0.0000e+00     0.0000e+00  0.0000e+00 
8.4279e+03     0.0000e+00  0.0000e+00     0.0000e+00  0.0000e+00     0.0000e+00  0.0000e+00     0.0000e+00  0.0000e+00 
9.4563e+03     0.0000e+00  0.0000e+00     0.0000e+00  0.0000e+00     0.0000e+00  0.0000e+00     0.0000e+00  0.0000e+00 
