yF = 3.4677e-01 (std: 1.0367e-03) keV/um
yD = 1.6805e+00 (std: 5.7259e-01) keV/um
y (keV/um)     f(y)(std)                  yf(y)(std)                 d(y)(std)                  yd(y)(std)  
1.0610e-03     0.0000e+00  0.0000e+00     0.0000e+00  0.0000e+00     0.0000e+00  0.0000e+00     0.0000e+00  0.0000e+00 
1.1905e-03     1.4756e-02  1.0708e-02     1.7567e-05  1.2747e-05     5.0659e-05  3.6760e-05     6.0308e-08  4.3761e-08 
1.3357e-03     5.9183e-02  2.4473e-02     7.9052e-05  3.2690e-05     2.2797e-04  9.4272e-05     3.0450e-07  1.2592e-07 
1.4987e-03     2.3443e-02  7.6674e-03     3.5134e-05  1.1491e-05     1.0132e-04  3.3139e-05     1.5185e-07  4.9666e-08 
1.6816e-03     2.0893e-02  7.9597e-03     3.5134e-05  1.3385e-05     1.0132e-04  3.8600e-05     1.7038e-07  6.4909e-08 
1.8868e-03     4.1898e-02  1.8597e-02     7.9052e-05  3.5089e-05     2.2797e-04  1.0119e-04     4.3012e-07  1.9092e-07 
2.1170e-03     2.0745e-02  8.9676e-03     4.3918e-05  1.8984e-05     1.2665e-04  5.4747e-05     2.6811e-07  1.1590e-07 
2.3753e-03     4.0677e-02  1.3707e-02     9.6619e-05  3.2558e-05     2.7862e-04  9.3894e-05     6.6182e-07  2.2303e-07 
2.6651e-03     3.6253e-02  1.7681e-02     9.6619e-05  4.7123e-05     2.7862e-04  1.3589e-04     7.4257e-07  3.6217e-07 
2.9903e-03     5.5809e-02  2.6447e-02     1.6689e-04  7.9086e-05     4.8126e-04  2.2807e-04     1.4391e-06  6.8200e-07 
3.3552e-03     4.1886e-02  1.2773e-02     1.4054e-04  4.2855e-05     4.0527e-04  1.2359e-04     1.3598e-06  4.1466e-07 
3.7646e-03     3.7331e-02  2.9493e-02     1.4054e-04  1.1103e-04     4.0527e-04  3.2018e-04     1.5257e-06  1.2054e-06 
4.2240e-03     4.5748e-02  1.2310e-02     1.9324e-04  5.1996e-05     5.5725e-04  1.4995e-04     2.3538e-06  6.3339e-07 
4.7394e-03     5.0040e-02  1.4264e-02     2.3716e-04  6.7603e-05     6.8390e-04  1.9496e-04     3.2412e-06  9.2399e-07 
5.3176e-03     4.6250e-02  1.3562e-02     2.4594e-04  7.2119e-05     7.0923e-04  2.0798e-04     3.7714e-06  1.1060e-06 
5.9665e-03     5.8886e-02  1.2737e-02     3.5134e-04  7.5993e-05     1.0132e-03  2.1916e-04     6.0451e-06  1.3076e-06 
6.6945e-03     6.1666e-02  1.2622e-02     4.1283e-04  8.4499e-05     1.1905e-03  2.4370e-04     7.9697e-06  1.6314e-06 
7.5114e-03     3.3912e-02  7.2560e-03     2.5472e-04  5.4502e-05     7.3456e-04  1.5719e-04     5.5175e-06  1.1807e-06 
8.4279e-03     1.0422e-03  3.4561e-04     8.7836e-06  2.9128e-06     2.5330e-05  8.4000e-06     2.1347e-07  7.0794e-08 
9.4563e-03     1.8577e-03  1.0859e-03     1.7567e-05  1.0268e-05     5.0659e-05  2.9611e-05     4.7904e-07  2.8001e-07 
1.0610e-02     8.2785e-04  2.3413e-04     8.7836e-06  2.4841e-06     2.5330e-05  7.1640e-06     2.6875e-07  7.6011e-08 
1.1905e-02     1.6896e+00  7.5287e-02     2.0114e-02  8.9627e-04     5.8005e-02  2.5904e-03     6.9053e-04  3.0838e-05 
1.3357e-02     1.3717e+00  5.1680e-02     1.8322e-02  6.9031e-04     5.2837e-02  1.9969e-03     7.0577e-04  2.6674e-05 
1.4987e-02     1.0543e+00  7.3652e-02     1.5802e-02  1.1038e-03     4.5568e-02  3.1861e-03     6.8293e-04  4.7750e-05 
1.6816e-02     8.6238e-01  2.5796e-02     1.4502e-02  4.3378e-04     4.1819e-02  1.2571e-03     7.0322e-04  2.1140e-05 
1.8868e-02     6.9690e-01  3.2882e-02     1.3149e-02  6.2041e-04     3.7918e-02  1.7927e-03     7.1543e-04  3.3824e-05 
2.1170e-02     5.6137e-01  3.0361e-02     1.1884e-02  6.4274e-04     3.4271e-02  1.8563e-03     7.2551e-04  3.9298e-05 
2.3753e-02     7.0814e-01  3.2503e-02     1.6821e-02  7.7206e-04     4.8506e-02  2.2311e-03     1.1522e-03  5.2996e-05 
2.6651e-02     9.2313e-01  1.9425e-02     2.4603e-02  5.1770e-04     7.0948e-02  1.5079e-03     1.8909e-03  4.0188e-05 
2.9903e-02     1.0119e+00  2.2236e-02     3.0259e-02  6.6493e-04     8.7260e-02  1.9352e-03     2.6094e-03  5.7868e-05 
3.3552e-02     8.8825e-01  3.0917e-02     2.9803e-02  1.0373e-03     8.5943e-02  3.0024e-03     2.8836e-03  1.0074e-04 
3.7646e-02     9.1998e-01  2.7262e-02     3.4634e-02  1.0263e-03     9.9874e-02  2.9746e-03     3.7599e-03  1.1198e-04 
4.2240e-02     1.0177e+00  1.6847e-02     4.2987e-02  7.1161e-04     1.2396e-01  2.0853e-03     5.2361e-03  8.8081e-05 
4.7394e-02     1.0577e+00  2.7436e-02     5.0128e-02  1.3003e-03     1.4456e-01  3.7745e-03     6.8510e-03  1.7889e-04 
5.3176e-02     1.1037e+00  1.9249e-02     5.8692e-02  1.0236e-03     1.6925e-01  2.9948e-03     9.0002e-03  1.5925e-04 
5.9665e-02     1.2428e+00  3.2709e-02     7.4151e-02  1.9516e-03     2.1383e-01  5.6641e-03     1.2758e-02  3.3795e-04 
6.6945e-02     1.3142e+00  6.4911e-02     8.7976e-02  4.3455e-03     2.5370e-01  1.2554e-02     1.6984e-02  8.4044e-04 
7.5114e-02     1.3844e+00  1.8101e-02     1.0399e-01  1.3596e-03     2.9988e-01  4.0220e-03     2.2525e-02  3.0211e-04 
8.4279e-02     1.5026e+00  3.0305e-02     1.2664e-01  2.5541e-03     3.6520e-01  7.4457e-03     3.0779e-02  6.2752e-04 
9.4563e-02     1.6663e+00  1.9928e-02     1.5757e-01  1.8844e-03     4.5439e-01  5.6014e-03     4.2968e-02  5.2968e-04 
1.0610e-01     1.8028e+00  1.0096e-02     1.9128e-01  1.0712e-03     5.5160e-01  3.5017e-03     5.8525e-02  3.7154e-04 
1.1905e-01     1.9433e+00  2.9041e-02     2.3134e-01  3.4573e-03     6.6713e-01  1.0167e-02     7.9420e-02  1.2104e-03 
1.3357e-01     2.1416e+00  3.9961e-02     2.8605e-01  5.3378e-03     8.2491e-01  1.5589e-02     1.1019e-01  2.0823e-03 
1.4987e-01     2.3019e+00  1.7041e-02     3.4498e-01  2.5539e-03     9.9484e-01  7.9427e-03     1.4910e-01  1.1904e-03 
1.6816e-01     2.4637e+00  2.6182e-02     4.1429e-01  4.4028e-03     1.1947e+00  1.3189e-02     2.0090e-01  2.2179e-03 
1.8868e-01     2.6145e+00  2.3900e-02     4.9330e-01  4.5094e-03     1.4226e+00  1.3682e-02     2.6840e-01  2.5814e-03 
2.1170e-01     2.6680e+00  1.5421e-02     5.6482e-01  3.2645e-03     1.6288e+00  1.0599e-02     3.4481e-01  2.2437e-03 
2.3753e-01     2.6502e+00  9.7900e-03     6.2951e-01  2.3254e-03     1.8153e+00  8.6268e-03     4.3120e-01  2.0491e-03 
2.6651e-01     2.5197e+00  1.8117e-02     6.7153e-01  4.8283e-03     1.9365e+00  1.5079e-02     5.1611e-01  4.0188e-03 
2.9903e-01     2.2631e+00  8.9513e-03     6.7676e-01  2.6767e-03     1.9516e+00  9.6758e-03     5.8359e-01  2.8934e-03 
3.3552e-01     1.9071e+00  1.3102e-02     6.3986e-01  4.3959e-03     1.8452e+00  1.3825e-02     6.1910e-01  4.6385e-03 
3.7646e-01     1.5184e+00  7.7530e-03     5.7160e-01  2.9187e-03     1.6483e+00  9.7532e-03     6.2054e-01  3.6717e-03 
4.2240e-01     1.1259e+00  7.5796e-03     4.7559e-01  3.2016e-03     1.3715e+00  1.0102e-02     5.7931e-01  4.2670e-03 
4.7394e-01     7.7691e-01  9.0104e-03     3.6821e-01  4.2703e-03     1.0618e+00  1.2717e-02     5.0323e-01  6.0271e-03 
5.3176e-01     5.1354e-01  4.8468e-03     2.7308e-01  2.5773e-03     7.8749e-01  7.7963e-03     4.1876e-01  4.1458e-03 
5.9665e-01     3.3326e-01  2.7567e-03     1.9884e-01  1.6448e-03     5.7341e-01  5.0435e-03     3.4212e-01  3.0092e-03 
6.6945e-01     2.1978e-01  3.0839e-03     1.4713e-01  2.0645e-03     4.2429e-01  6.0872e-03     2.8404e-01  4.0751e-03 
7.5114e-01     1.4631e-01  1.6241e-03     1.0990e-01  1.2199e-03     3.1692e-01  3.6433e-03     2.3805e-01  2.7366e-03 
8.4279e-01     1.0143e-01  3.0645e-03     8.5482e-02  2.5827e-03     2.4651e-01  7.4842e-03     2.0775e-01  6.3076e-03 
9.4563e-01     7.1448e-02  1.1987e-03     6.7563e-02  1.1336e-03     1.9483e-01  3.3204e-03     1.8424e-01  3.1398e-03 
1.0610e+00     5.1890e-02  1.0768e-03     5.5055e-02  1.1425e-03     1.5877e-01  3.3286e-03     1.6845e-01  3.5317e-03 
1.1905e+00     3.8190e-02  6.1626e-04     4.5464e-02  7.3364e-04     1.3111e-01  2.1516e-03     1.5608e-01  2.5615e-03 
1.3357e+00     2.8072e-02  5.7194e-04     3.7497e-02  7.6395e-04     1.0813e-01  2.2266e-03     1.4443e-01  2.9742e-03 
1.4987e+00     2.1597e-02  6.7457e-04     3.2367e-02  1.0110e-03     9.3339e-02  2.9288e-03     1.3989e-01  4.3894e-03 
1.6816e+00     1.6542e-02  2.7575e-04     2.7818e-02  4.6370e-04     8.0219e-02  1.3585e-03     1.3489e-01  2.2845e-03 
1.8868e+00     1.2299e-02  2.1027e-04     2.3206e-02  3.9674e-04     6.6921e-02  1.1615e-03     1.2626e-01  2.1914e-03 
2.1170e+00     9.3935e-03  1.8553e-04     1.9886e-02  3.9276e-04     5.7346e-02  1.1455e-03     1.2140e-01  2.4251e-03 
2.3753e+00     6.9224e-03  2.1807e-04     1.6443e-02  5.1798e-04     4.7417e-02  1.5004e-03     1.1263e-01  3.5640e-03 
2.6651e+00     5.4709e-03  2.2207e-04     1.4581e-02  5.9184e-04     4.2047e-02  1.7113e-03     1.1206e-01  4.5609e-03 
2.9903e+00     3.9213e-03  1.2469e-04     1.1726e-02  3.7287e-04     3.3815e-02  1.0800e-03     1.0112e-01  3.2296e-03 
3.3552e+00     2.8849e-03  1.4632e-04     9.6795e-03  4.9094e-04     2.7913e-02  1.4182e-03     9.3654e-02  4.7584e-03 
3.7646e+00     2.0415e-03  1.0296e-04     7.6856e-03  3.8760e-04     2.2163e-02  1.1197e-03     8.3436e-02  4.2152e-03 
4.2240e+00     1.4265e-03  6.8955e-05     6.0255e-03  2.9126e-04     1.7376e-02  8.4154e-04     7.3396e-02  3.5546e-03 
4.7394e+00     8.9701e-04  6.2538e-05     4.2512e-03  2.9639e-04     1.2259e-02  8.5550e-04     5.8102e-02  4.0545e-03 
5.3176e+00     6.4915e-04  4.1621e-05     3.4519e-03  2.2132e-04     9.9545e-03  6.3894e-04     5.2934e-02  3.3976e-03 
5.9665e+00     3.6215e-04  9.1291e-05     2.1608e-03  5.4468e-04     6.2311e-03  1.5708e-03     3.7178e-02  9.3724e-03 
6.6945e+00     1.9418e-04  4.8724e-05     1.3000e-03  3.2619e-04     3.7488e-03  9.4070e-04     2.5096e-02  6.2976e-03 
7.5114e+00     8.5364e-05  1.4837e-05     6.4120e-04  1.1145e-04     1.8491e-03  3.2144e-04     1.3889e-02  2.4145e-03 
8.4279e+00     2.9182e-05  9.2715e-06     2.4594e-04  7.8139e-05     7.0923e-04  2.2534e-04     5.9773e-03  1.8992e-03 
9.4563e+00     5.5732e-06  2.2276e-06     5.2701e-05  2.1065e-05     1.5198e-04  6.0747e-05     1.4371e-03  5.7444e-04 
1.0610e+01     4.9671e-06  1.9186e-06     5.2701e-05  2.0357e-05     1.5198e-04  5.8705e-05     1.6125e-03  6.2287e-04 
1.1905e+01     2.2135e-06  9.0483e-07     2.6351e-05  1.0772e-05     7.5989e-05  3.1064e-05     9.0462e-04  3.6981e-04 
1.3357e+01     6.5758e-07  9.3001e-08     8.7836e-06  1.2422e-06     2.5330e-05  3.5831e-06     3.3833e-04  4.7861e-05 
1.4987e+01     0.0000e+00  0.0000e+00     0.0000e+00  0.0000e+00     0.0000e+00  0.0000e+00     0.0000e+00  0.0000e+00 
1.6816e+01     0.0000e+00  0.0000e+00     0.0000e+00  0.0000e+00     0.0000e+00  0.0000e+00     0.0000e+00  0.0000e+00 
1.8868e+01     0.0000e+00  0.0000e+00     0.0000e+00  0.0000e+00     0.0000e+00  0.0000e+00     0.0000e+00  0.0000e+00 
2.1170e+01     0.0000e+00  0.0000e+00     0.0000e+00  0.0000e+00     0.0000e+00  0.0000e+00     0.0000e+00  0.0000e+00 
2.3753e+01     0.0000e+00  0.0000e+00     0.0000e+00  0.0000e+00     0.0000e+00  0.0000e+00     0.0000e+00  0.0000e+00 
2.6651e+01     0.0000e+00  0.0000e+00     0.0000e+00  0.0000e+00     0.0000e+00  0.0000e+00     0.0000e+00  0.0000e+00 
2.9903e+01     0.0000e+00  0.0000e+00     0.0000e+00  0.0000e+00     0.0000e+00  0.0000e+00     0.0000e+00  0.0000e+00 
3.3552e+01     0.0000e+00  0.0000e+00     0.0000e+00  0.0000e+00     0.0000e+00  0.0000e+00     0.0000e+00  0.0000e+00 
3.7646e+01     0.0000e+00  0.0000e+00     0.0000e+00  0.0000e+00     0.0000e+00  0.0000e+00     0.0000e+00  0.0000e+00 
4.2240e+01     0.0000e+00  0.0000e+00     0.0000e+00  0.0000e+00     0.0000e+00  0.0000e+00     0.0000e+00  0.0000e+00 
4.7394e+01     0.0000e+00  0.0000e+00     0.0000e+00  0.0000e+00     0.0000e+00  0.0000e+00     0.0000e+00  0.0000e+00 
5.3176e+01     0.0000e+00  0.0000e+00     0.0000e+00  0.0000e+00     0.0000e+00  0.0000e+00     0.0000e+00  0.0000e+00 
5.9665e+01     0.0000e+00  0.0000e+00     0.0000e+00  0.0000e+00     0.0000e+00  0.0000e+00     0.0000e+00  0.0000e+00 
6.6945e+01     0.0000e+00  0.0000e+00     0.0000e+00  0.0000e+00     0.0000e+00  0.0000e+00     0.0000e+00  0.0000e+00 
7.5114e+01     2.3387e-07  5.6418e-08     1.7567e-05  4.2378e-06     5.0659e-05  1.2222e-05     3.8052e-03  9.1801e-04 
8.4279e+01     2.0844e-07  1.3020e-07     1.7567e-05  1.0973e-05     5.0659e-05  3.1645e-05     4.2695e-03  2.6670e-03 
9.4563e+01     9.2886e-08  7.4236e-08     8.7836e-06  7.0199e-06     2.5330e-05  2.0244e-05     2.3952e-03  1.9143e-03 
1.0610e+02     0.0000e+00  0.0000e+00     0.0000e+00  0.0000e+00     0.0000e+00  0.0000e+00     0.0000e+00  0.0000e+00 
1.1905e+02     0.0000e+00  0.0000e+00     0.0000e+00  0.0000e+00     0.0000e+00  0.0000e+00     0.0000e+00  0.0000e+00 
1.3357e+02     0.0000e+00  0.0000e+00     0.0000e+00  0.0000e+00     0.0000e+00  0.0000e+00     0.0000e+00  0.0000e+00 
1.4987e+02     0.0000e+00  0.0000e+00     0.0000e+00  0.0000e+00     0.0000e+00  0.0000e+00     0.0000e+00  0.0000e+00 
1.6816e+02     0.0000e+00  0.0000e+00     0.0000e+00  0.0000e+00     0.0000e+00  0.0000e+00     0.0000e+00  0.0000e+00 
1.8868e+02     4.6553e-08  3.7667e-08     8.7836e-06  7.1068e-06     2.5330e-05  2.0494e-05     4.7791e-03  3.8668e-03 
2.1170e+02     0.0000e+00  0.0000e+00     0.0000e+00  0.0000e+00     0.0000e+00  0.0000e+00     0.0000e+00  0.0000e+00 
2.3753e+02     0.0000e+00  0.0000e+00     0.0000e+00  0.0000e+00     0.0000e+00  0.0000e+00     0.0000e+00  0.0000e+00 
2.6651e+02     0.0000e+00  0.0000e+00     0.0000e+00  0.0000e+00     0.0000e+00  0.0000e+00     0.0000e+00  0.0000e+00 
2.9903e+02     0.0000e+00  0.0000e+00     0.0000e+00  0.0000e+00     0.0000e+00  0.0000e+00     0.0000e+00  0.0000e+00 
3.3552e+02     0.0000e+00  0.0000e+00     0.0000e+00  0.0000e+00     0.0000e+00  0.0000e+00     0.0000e+00  0.0000e+00 
3.7646e+02     0.0000e+00  0.0000e+00     0.0000e+00  0.0000e+00     0.0000e+00  0.0000e+00     0.0000e+00  0.0000e+00 
4.2240e+02     0.0000e+00  0.0000e+00     0.0000e+00  0.0000e+00     0.0000e+00  0.0000e+00     0.0000e+00  0.0000e+00 
4.7394e+02     1.8533e-08  1.6012e-08     8.7836e-06  7.5887e-06     2.5330e-05  2.1884e-05     1.2005e-02  1.0372e-02 
5.3176e+02     0.0000e+00  0.0000e+00     0.0000e+00  0.0000e+00     0.0000e+00  0.0000e+00     0.0000e+00  0.0000e+00 
5.9665e+02     0.0000e+00  0.0000e+00     0.0000e+00  0.0000e+00     0.0000e+00  0.0000e+00     0.0000e+00  0.0000e+00 
6.6945e+02     0.0000e+00  0.0000e+00     0.0000e+00  0.0000e+00     0.0000e+00  0.0000e+00     0.0000e+00  0.0000e+00 
7.5114e+02     0.0000e+00  0.0000e+00     0.0000e+00  0.0000e+00     0.0000e+00  0.0000e+00     0.0000e+00  0.0000e+00 
8.4279e+02     0.0000e+00  0.0000e+00     0.0000e+00  0.0000e+00     0.0000e+00  0.0000e+00     0.0000e+00  0.0000e+00 
9.4563e+02     0.0000e+00  0.0000e+00     0.0000e+00  0.0000e+00     0.0000e+00  0.0000e+00     0.0000e+00  0.0000e+00 
1.0610e+03     0.0000e+00  0.0000e+00     0.0000e+00  0.0000e+00     0.0000e+00  0.0000e+00     0.0000e+00  0.0000e+00 
1.1905e+03     0.0000e+00  0.0000e+00     0.0000e+00  0.0000e+00     0.0000e+00  0.0000e+00     0.0000e+00  0.0000e+00 
1.3357e+03     0.0000e+00  0.0000e+00     0.0000e+00  0.0000e+00     0.0000e+00  0.0000e+00     0.0000e+00  0.0000e+00 
1.4987e+03     0.0000e+00  0.0000e+00     0.0000e+00  0.0000e+00     0.0000e+00  0.0000e+00     0.0000e+00  0.0000e+00 
1.6816e+03     0.0000e+00  0.0000e+00     0.0000e+00  0.0000e+00     0.0000e+00  0.0000e+00     0.0000e+00  0.0000e+00 
1.8868e+03     0.0000e+00  0.0000e+00     0.0000e+00  0.0000e+00     0.0000e+00  0.0000e+00     0.0000e+00  0.0000e+00 
2.1170e+03     0.0000e+00  0.0000e+00     0.0000e+00  0.0000e+00     0.0000e+00  0.0000e+00     0.0000e+00  0.0000e+00 
2.3753e+03     0.0000e+00  0.0000e+00     0.0000e+00  0.0000e+00     0.0000e+00  0.0000e+00     0.0000e+00  0.0000e+00 
2.6651e+03     0.0000e+00  0.0000e+00     0.0000e+00  0.0000e+00     0.0000e+00  0.0000e+00     0.0000e+00  0.0000e+00 
2.9903e+03     0.0000e+00  0.0000e+00     0.0000e+00  0.0000e+00     0.0000e+00  0.0000e+00     0.0000e+00  0.0000e+00 
3.3552e+03     0.0000e+00  0.0000e+00     0.0000e+00  0.0000e+00     0.0000e+00  0.0000e+00     0.0000e+00  0.0000e+00 
3.7646e+03     0.0000e+00  0.0000e+00     0.0000e+00  0.0000e+00     0.0000e+00  0.0000e+00     0.0000e+00  0.0000e+00 
4.2240e+03     0.0000e+00  0.0000e+00     0.0000e+00  0.0000e+00     0.0000e+00  0.0000e+00     0.0000e+00  0.0000e+00 
4.7394e+03     0.0000e+00  0.0000e+00     0.0000e+00  0.0000e+00     0.0000e+00  0.0000e+00     0.0000e+00  0.0000e+00 
5.3176e+03     0.0000e+00  0.0000e+00     0.0000e+00  0.0000e+00     0.0000e+00  0.0000e+00     0.0000e+00  0.0000e+00 
5.9665e+03     0.0000e+00  0.0000e+00     0.0000e+00  0.0000e+00     0.0000e+00  0.0000e+00     0.0000e+00  0.0000e+00 
6.6945e+03     0.0000e+00  0.0000e+00     0.0000e+00  0.0000e+00     0.0000e+00  0.0000e+00     0.0000e+00  0.0000e+00 
7.5114e+03     0.0000e+00  0.0000e+00     0.0000e+00  0.0000e+00     0.0000e+00  0.0000e+00     0.0000e+00  0.0000e+00 
8.4279e+03     0.0000e+00  0.0000e+00     0.0000e+00  0.0000e+00     0.0000e+00  0.0000e+00     0.0000e+00  0.0000e+00 
9.4563e+03     0.0000e+00  0.0000e+00     0.0000e+00  0.0000e+00     0.0000e+00  0.0000e+00     0.0000e+00  0.0000e+00 
