yF = 3.5065e-01 (std: 9.9914e-04) keV/um
yD = 9.5550e-01 (std: 5.4474e-02) keV/um
y (keV/um)     f(y)(std)                  yf(y)(std)                 d(y)(std)                  yd(y)(std)  
1.0610e-03     3.3109e-02  1.6764e-02     3.5129e-05  1.7786e-05     1.0018e-04  5.0725e-05     1.0629e-07  5.3820e-08 
1.1905e-03     3.6885e-02  1.7672e-02     4.3911e-05  2.1038e-05     1.2523e-04  5.9999e-05     1.4908e-07  7.1427e-08 
1.3357e-03     2.6299e-02  1.5202e-02     3.5129e-05  2.0306e-05     1.0018e-04  5.7912e-05     1.3382e-07  7.7355e-08 
1.4987e-03     2.9299e-02  1.3995e-02     4.3911e-05  2.0974e-05     1.2523e-04  5.9817e-05     1.8768e-07  8.9649e-08 
1.6816e-03     7.3115e-02  3.1339e-02     1.2295e-04  5.2700e-05     3.5064e-04  1.5030e-04     5.8963e-07  2.5274e-07 
1.8868e-03     1.8618e-02  2.2038e-02     3.5129e-05  4.1580e-05     1.0018e-04  1.1858e-04     1.8902e-07  2.2374e-07 
2.1170e-03     2.9039e-02  4.4906e-02     6.1475e-05  9.5066e-05     1.7532e-04  2.7112e-04     3.7115e-07  5.7395e-07 
2.3753e-03     3.3275e-02  5.4557e-02     7.9039e-05  1.2959e-04     2.2541e-04  3.6958e-04     5.3542e-07  8.7785e-07 
2.6651e-03     2.9657e-02  8.1200e-03     7.9039e-05  2.1641e-05     2.2541e-04  6.1721e-05     6.0075e-07  1.6449e-07 
2.9903e-03     3.8179e-02  1.4982e-02     1.1417e-04  4.4801e-05     3.2559e-04  1.2777e-04     9.7363e-07  3.8207e-07 
3.3552e-03     3.4027e-02  3.1455e-02     1.1417e-04  1.0554e-04     3.2559e-04  3.0098e-04     1.0924e-06  1.0099e-06 
3.7646e-03     3.2659e-02  1.6085e-02     1.2295e-04  6.0553e-05     3.5064e-04  1.7269e-04     1.3200e-06  6.5013e-07 
4.2240e-03     3.7424e-02  1.0996e-02     1.5808e-04  4.6448e-05     4.5082e-04  1.3247e-04     1.9042e-06  5.5955e-07 
4.7394e-03     5.3738e-02  1.7907e-02     2.5468e-04  8.4868e-05     7.2632e-04  2.4204e-04     3.4423e-06  1.1471e-06 
5.3176e-03     4.4591e-02  4.9428e-02     2.3712e-04  2.6284e-04     6.7623e-04  7.4959e-04     3.5960e-06  3.9860e-06 
5.9665e-03     4.5629e-02  1.4873e-02     2.7225e-04  8.8741e-05     7.7641e-04  2.5309e-04     4.6325e-06  1.5101e-06 
6.6945e-03     6.9527e-02  1.5076e-02     4.6545e-04  1.0093e-04     1.3274e-03  2.8786e-04     8.8864e-06  1.9271e-06 
7.5114e-03     3.5075e-02  1.0829e-02     2.6346e-04  8.1338e-05     7.5137e-04  2.3198e-04     5.6438e-06  1.7425e-06 
8.4279e-03     2.0841e-03  3.0539e-03     1.7564e-05  2.5738e-05     5.0091e-05  7.3402e-05     4.2216e-07  6.1863e-07 
9.4563e-03     9.2871e-04  1.1603e-03     8.7821e-06  1.0972e-05     2.5046e-05  3.1292e-05     2.3684e-07  2.9591e-07 
1.0610e-02     2.4831e-03  2.5775e-03     2.6346e-05  2.7347e-05     7.5137e-05  7.7991e-05     7.9721e-07  8.2750e-07 
1.1905e-02     1.6517e+00  3.9935e-02     1.9663e-02  4.7541e-04     5.6077e-02  1.3652e-03     6.6758e-04  1.6252e-05 
1.3357e-02     1.3551e+00  4.2041e-02     1.8100e-02  5.6156e-04     5.1619e-02  1.6082e-03     6.8949e-04  2.1482e-05 
1.4987e-02     1.0454e+00  2.7052e-02     1.5667e-02  4.0544e-04     4.4681e-02  1.1632e-03     6.6965e-04  1.7434e-05 
1.6816e-02     8.8835e-01  4.0508e-02     1.4938e-02  6.8118e-04     4.2603e-02  1.9464e-03     7.1640e-04  3.2731e-05 
1.8868e-02     6.6002e-01  3.7087e-02     1.2453e-02  6.9976e-04     3.5515e-02  1.9982e-03     6.7008e-04  3.7701e-05 
2.1170e-02     5.2768e-01  1.2333e-02     1.1171e-02  2.6109e-04     3.1858e-02  7.5011e-04     6.7443e-04  1.5880e-05 
2.3753e-02     7.0544e-01  2.7191e-02     1.6756e-02  6.4587e-04     4.7787e-02  1.8470e-03     1.1351e-03  4.3871e-05 
2.6651e-02     9.0848e-01  5.6130e-02     2.4212e-02  1.4959e-03     6.9051e-02  4.2708e-03     1.8403e-03  1.1382e-04 
2.9903e-02     9.3715e-01  2.2376e-02     2.8024e-02  6.6913e-04     7.9921e-02  1.9218e-03     2.3899e-03  5.7469e-05 
3.3552e-02     8.7188e-01  2.2715e-02     2.9253e-02  7.6214e-04     8.3427e-02  2.1865e-03     2.7991e-03  7.3362e-05 
3.7646e-02     8.9324e-01  2.1158e-02     3.3627e-02  7.9651e-04     9.5900e-02  2.2879e-03     3.6102e-03  8.6132e-05 
4.2240e-02     9.8072e-01  1.8933e-02     4.1425e-02  7.9974e-04     1.1814e-01  2.3055e-03     4.9902e-03  9.7382e-05 
4.7394e-02     1.0212e+00  1.6887e-02     4.8398e-02  8.0032e-04     1.3803e-01  2.3161e-03     6.5416e-03  1.0977e-04 
5.3176e-02     1.1009e+00  3.3399e-02     5.8542e-02  1.7760e-03     1.6695e-01  5.0873e-03     8.8780e-03  2.7053e-04 
5.9665e-02     1.1828e+00  2.0902e-02     7.0573e-02  1.2471e-03     2.0127e-01  3.6026e-03     1.2009e-02  2.1495e-04 
6.6945e-02     1.2739e+00  2.5044e-02     8.5283e-02  1.6766e-03     2.4322e-01  4.8313e-03     1.6282e-02  3.2344e-04 
7.5114e-02     1.3486e+00  4.5915e-02     1.0130e-01  3.4488e-03     2.8890e-01  9.8701e-03     2.1700e-02  7.4138e-04 
8.4279e-02     1.4973e+00  1.5137e-02     1.2619e-01  1.2757e-03     3.5988e-01  3.7799e-03     3.0330e-02  3.1857e-04 
9.4563e-02     1.6133e+00  1.2209e-02     1.5255e-01  1.1545e-03     4.3507e-01  3.5183e-03     4.1141e-02  3.3270e-04 
1.0610e-01     1.7736e+00  1.9220e-02     1.8818e-01  2.0393e-03     5.3668e-01  6.0134e-03     5.6942e-02  6.3803e-04 
1.1905e-01     1.9237e+00  9.5633e-03     2.2901e-01  1.1385e-03     6.5311e-01  3.7423e-03     7.7751e-02  4.4552e-04 
1.3357e-01     2.0519e+00  1.4337e-02     2.7407e-01  1.9150e-03     7.8162e-01  5.8981e-03     1.0440e-01  7.8783e-04 
1.4987e-01     2.2369e+00  2.9665e-02     3.3525e-01  4.4460e-03     9.5609e-01  1.2969e-02     1.4329e-01  1.9437e-03 
1.6816e-01     2.4131e+00  1.8667e-02     4.0579e-01  3.1390e-03     1.1573e+00  9.5402e-03     1.9460e-01  1.6043e-03 
1.8868e-01     2.5535e+00  3.7554e-02     4.8179e-01  7.0855e-03     1.3740e+00  2.0583e-02     2.5924e-01  3.8835e-03 
2.1170e-01     2.6369e+00  2.0352e-02     5.5823e-01  4.3085e-03     1.5920e+00  1.3098e-02     3.3702e-01  2.7728e-03 
2.3753e-01     2.6197e+00  2.2908e-02     6.2225e-01  5.4413e-03     1.7746e+00  1.6321e-02     4.2152e-01  3.8767e-03 
2.6651e-01     2.5201e+00  1.4856e-02     6.7165e-01  3.9594e-03     1.9155e+00  1.2542e-02     5.1050e-01  3.3425e-03 
2.9903e-01     2.2761e+00  7.5058e-03     6.8063e-01  2.2445e-03     1.9411e+00  8.4596e-03     5.8045e-01  2.5297e-03 
3.3552e-01     1.9309e+00  6.4119e-03     6.4787e-01  2.1513e-03     1.8476e+00  8.0845e-03     6.1992e-01  2.7125e-03 
3.7646e-01     1.5467e+00  4.8850e-03     5.8226e-01  1.8390e-03     1.6605e+00  7.0636e-03     6.2513e-01  2.6592e-03 
4.2240e-01     1.1544e+00  3.2228e-03     4.8759e-01  1.3613e-03     1.3906e+00  5.5473e-03     5.8736e-01  2.3431e-03 
4.7394e-01     8.0503e-01  7.0852e-03     3.8153e-01  3.3579e-03     1.0881e+00  1.0066e-02     5.1568e-01  4.7705e-03 
5.3176e-01     5.3852e-01  4.8438e-03     2.8637e-01  2.5758e-03     8.1669e-01  7.7056e-03     4.3429e-01  4.0976e-03 
5.9665e-01     3.4319e-01  2.5590e-03     2.0476e-01  1.5268e-03     5.8396e-01  4.6614e-03     3.4842e-01  2.7812e-03 
6.6945e-01     2.2585e-01  6.7439e-03     1.5119e-01  4.5147e-03     4.3119e-01  1.2934e-02     2.8866e-01  8.6586e-03 
7.5114e-01     1.5054e-01  1.4044e-03     1.1308e-01  1.0549e-03     3.2249e-01  3.1457e-03     2.4223e-01  2.3629e-03 
8.4279e-01     1.0409e-01  1.6465e-03     8.7725e-02  1.3877e-03     2.5018e-01  4.0211e-03     2.1085e-01  3.3890e-03 
9.4563e-01     7.2560e-02  1.0694e-03     6.8615e-02  1.0112e-03     1.9568e-01  2.9374e-03     1.8504e-01  2.7777e-03 
1.0610e+00     5.2709e-02  1.0509e-03     5.5925e-02  1.1150e-03     1.5949e-01  3.2122e-03     1.6922e-01  3.4082e-03 
1.1905e+00     3.9563e-02  7.2766e-04     4.7099e-02  8.6626e-04     1.3432e-01  2.4999e-03     1.5990e-01  2.9761e-03 
1.3357e+00     2.8883e-02  7.6087e-04     3.8580e-02  1.0163e-03     1.1003e-01  2.9153e-03     1.4696e-01  3.8941e-03 
1.4987e+00     2.1775e-02  4.9754e-04     3.2634e-02  7.4566e-04     9.3069e-02  2.1430e-03     1.3948e-01  3.2118e-03 
1.6816e+00     1.6634e-02  3.2341e-04     2.7971e-02  5.4385e-04     7.9770e-02  1.5676e-03     1.3414e-01  2.6360e-03 
1.8868e+00     1.2679e-02  8.3943e-04     2.3923e-02  1.5838e-03     6.8224e-02  4.5210e-03     1.2872e-01  8.5302e-03 
2.1170e+00     9.4086e-03  4.1619e-04     1.9918e-02  8.8107e-04     5.6803e-02  2.5179e-03     1.2025e-01  5.3304e-03 
2.3753e+00     7.4278e-03  2.3318e-04     1.7643e-02  5.5387e-04     5.0317e-02  1.5861e-03     1.1952e-01  3.7674e-03 
2.6651e+00     5.5293e-03  1.0276e-04     1.4736e-02  2.7387e-04     4.2027e-02  7.9017e-04     1.1201e-01  2.1059e-03 
2.9903e+00     4.0940e-03  2.4902e-04     1.2242e-02  7.4465e-04     3.4914e-02  2.1260e-03     1.0440e-01  6.3574e-03 
3.3552e+00     3.0467e-03  2.1700e-04     1.0222e-02  7.2809e-04     2.9153e-02  2.0781e-03     9.7815e-02  6.9724e-03 
3.7646e+00     2.0226e-03  9.2856e-05     7.6141e-03  3.4957e-04     2.1715e-02  9.9884e-04     8.1747e-02  3.7602e-03 
4.2240e+00     1.4076e-03  1.1782e-04     5.9455e-03  4.9766e-04     1.6956e-02  1.4201e-03     7.1621e-02  5.9984e-03 
4.7394e+00     9.8766e-04  6.0059e-05     4.6809e-03  2.8464e-04     1.3349e-02  8.1265e-04     6.3267e-02  3.8514e-03 
5.3176e+00     6.2757e-04  3.5762e-05     3.3372e-03  1.9017e-04     9.5173e-03  5.4303e-04     5.0610e-02  2.8876e-03 
5.9665e+00     3.4884e-04  2.0008e-05     2.0814e-03  1.1938e-04     5.9358e-03  3.4087e-04     3.5416e-02  2.0338e-03 
6.6945e+00     2.1645e-04  1.4940e-05     1.4491e-03  1.0002e-04     4.1325e-03  2.8548e-04     2.7665e-02  1.9112e-03 
7.5114e+00     7.3658e-05  3.6681e-05     5.5327e-04  2.7553e-04     1.5779e-03  7.8579e-04     1.1852e-02  5.9023e-03 
8.4279e+00     2.5009e-05  1.3829e-05     2.1077e-04  1.1655e-04     6.0109e-04  3.3238e-04     5.0660e-03  2.8013e-03 
9.4563e+00     7.4297e-06  4.1075e-06     7.0257e-05  3.8841e-05     2.0036e-04  1.1077e-04     1.8947e-03  1.0475e-03 
1.0610e+01     1.6554e-06  7.6687e-07     1.7564e-05  8.1366e-06     5.0091e-05  2.3205e-05     5.3147e-04  2.4621e-04 
1.1905e+01     1.4754e-06  8.0901e-07     1.7564e-05  9.6311e-06     5.0091e-05  2.7467e-05     5.9632e-04  3.2699e-04 
1.3357e+01     0.0000e+00  0.0000e+00     0.0000e+00  0.0000e+00     0.0000e+00  0.0000e+00     0.0000e+00  0.0000e+00 
1.4987e+01     0.0000e+00  0.0000e+00     0.0000e+00  0.0000e+00     0.0000e+00  0.0000e+00     0.0000e+00  0.0000e+00 
1.6816e+01     0.0000e+00  0.0000e+00     0.0000e+00  0.0000e+00     0.0000e+00  0.0000e+00     0.0000e+00  0.0000e+00 
1.8868e+01     0.0000e+00  0.0000e+00     0.0000e+00  0.0000e+00     0.0000e+00  0.0000e+00     0.0000e+00  0.0000e+00 
2.1170e+01     0.0000e+00  0.0000e+00     0.0000e+00  0.0000e+00     0.0000e+00  0.0000e+00     0.0000e+00  0.0000e+00 
2.3753e+01     0.0000e+00  0.0000e+00     0.0000e+00  0.0000e+00     0.0000e+00  0.0000e+00     0.0000e+00  0.0000e+00 
2.6651e+01     0.0000e+00  0.0000e+00     0.0000e+00  0.0000e+00     0.0000e+00  0.0000e+00     0.0000e+00  0.0000e+00 
2.9903e+01     0.0000e+00  0.0000e+00     0.0000e+00  0.0000e+00     0.0000e+00  0.0000e+00     0.0000e+00  0.0000e+00 
3.3552e+01     0.0000e+00  0.0000e+00     0.0000e+00  0.0000e+00     0.0000e+00  0.0000e+00     0.0000e+00  0.0000e+00 
3.7646e+01     0.0000e+00  0.0000e+00     0.0000e+00  0.0000e+00     0.0000e+00  0.0000e+00     0.0000e+00  0.0000e+00 
4.2240e+01     0.0000e+00  0.0000e+00     0.0000e+00  0.0000e+00     0.0000e+00  0.0000e+00     0.0000e+00  0.0000e+00 
4.7394e+01     0.0000e+00  0.0000e+00     0.0000e+00  0.0000e+00     0.0000e+00  0.0000e+00     0.0000e+00  0.0000e+00 
5.3176e+01     0.0000e+00  0.0000e+00     0.0000e+00  0.0000e+00     0.0000e+00  0.0000e+00     0.0000e+00  0.0000e+00 
5.9665e+01     0.0000e+00  0.0000e+00     0.0000e+00  0.0000e+00     0.0000e+00  0.0000e+00     0.0000e+00  0.0000e+00 
6.6945e+01     0.0000e+00  0.0000e+00     0.0000e+00  0.0000e+00     0.0000e+00  0.0000e+00     0.0000e+00  0.0000e+00 
7.5114e+01     1.1692e-07  9.7019e-08     8.7821e-06  7.2875e-06     2.5046e-05  2.0783e-05     1.8813e-03  1.5611e-03 
8.4279e+01     1.0420e-07  2.9469e-08     8.7821e-06  2.4836e-06     2.5046e-05  7.0834e-06     2.1108e-03  5.9698e-04 
9.4563e+01     1.8574e-07  1.4220e-07     1.7564e-05  1.3446e-05     5.0091e-05  3.8348e-05     4.7368e-03  3.6263e-03 
1.0610e+02     0.0000e+00  0.0000e+00     0.0000e+00  0.0000e+00     0.0000e+00  0.0000e+00     0.0000e+00  0.0000e+00 
1.1905e+02     7.3770e-08  6.0438e-08     8.7821e-06  7.1949e-06     2.5046e-05  2.0519e-05     2.9816e-03  2.4428e-03 
1.3357e+02     0.0000e+00  0.0000e+00     0.0000e+00  0.0000e+00     0.0000e+00  0.0000e+00     0.0000e+00  0.0000e+00 
1.4987e+02     0.0000e+00  0.0000e+00     0.0000e+00  0.0000e+00     0.0000e+00  0.0000e+00     0.0000e+00  0.0000e+00 
1.6816e+02     0.0000e+00  0.0000e+00     0.0000e+00  0.0000e+00     0.0000e+00  0.0000e+00     0.0000e+00  0.0000e+00 
1.8868e+02     0.0000e+00  0.0000e+00     0.0000e+00  0.0000e+00     0.0000e+00  0.0000e+00     0.0000e+00  0.0000e+00 
2.1170e+02     0.0000e+00  0.0000e+00     0.0000e+00  0.0000e+00     0.0000e+00  0.0000e+00     0.0000e+00  0.0000e+00 
2.3753e+02     0.0000e+00  0.0000e+00     0.0000e+00  0.0000e+00     0.0000e+00  0.0000e+00     0.0000e+00  0.0000e+00 
2.6651e+02     0.0000e+00  0.0000e+00     0.0000e+00  0.0000e+00     0.0000e+00  0.0000e+00     0.0000e+00  0.0000e+00 
2.9903e+02     0.0000e+00  0.0000e+00     0.0000e+00  0.0000e+00     0.0000e+00  0.0000e+00     0.0000e+00  0.0000e+00 
3.3552e+02     0.0000e+00  0.0000e+00     0.0000e+00  0.0000e+00     0.0000e+00  0.0000e+00     0.0000e+00  0.0000e+00 
3.7646e+02     0.0000e+00  0.0000e+00     0.0000e+00  0.0000e+00     0.0000e+00  0.0000e+00     0.0000e+00  0.0000e+00 
4.2240e+02     0.0000e+00  0.0000e+00     0.0000e+00  0.0000e+00     0.0000e+00  0.0000e+00     0.0000e+00  0.0000e+00 
4.7394e+02     0.0000e+00  0.0000e+00     0.0000e+00  0.0000e+00     0.0000e+00  0.0000e+00     0.0000e+00  0.0000e+00 
5.3176e+02     0.0000e+00  0.0000e+00     0.0000e+00  0.0000e+00     0.0000e+00  0.0000e+00     0.0000e+00  0.0000e+00 
5.9665e+02     0.0000e+00  0.0000e+00     0.0000e+00  0.0000e+00     0.0000e+00  0.0000e+00     0.0000e+00  0.0000e+00 
6.6945e+02     0.0000e+00  0.0000e+00     0.0000e+00  0.0000e+00     0.0000e+00  0.0000e+00     0.0000e+00  0.0000e+00 
7.5114e+02     0.0000e+00  0.0000e+00     0.0000e+00  0.0000e+00     0.0000e+00  0.0000e+00     0.0000e+00  0.0000e+00 
8.4279e+02     0.0000e+00  0.0000e+00     0.0000e+00  0.0000e+00     0.0000e+00  0.0000e+00     0.0000e+00  0.0000e+00 
9.4563e+02     0.0000e+00  0.0000e+00     0.0000e+00  0.0000e+00     0.0000e+00  0.0000e+00     0.0000e+00  0.0000e+00 
1.0610e+03     0.0000e+00  0.0000e+00     0.0000e+00  0.0000e+00     0.0000e+00  0.0000e+00     0.0000e+00  0.0000e+00 
1.1905e+03     0.0000e+00  0.0000e+00     0.0000e+00  0.0000e+00     0.0000e+00  0.0000e+00     0.0000e+00  0.0000e+00 
1.3357e+03     0.0000e+00  0.0000e+00     0.0000e+00  0.0000e+00     0.0000e+00  0.0000e+00     0.0000e+00  0.0000e+00 
1.4987e+03     0.0000e+00  0.0000e+00     0.0000e+00  0.0000e+00     0.0000e+00  0.0000e+00     0.0000e+00  0.0000e+00 
1.6816e+03     0.0000e+00  0.0000e+00     0.0000e+00  0.0000e+00     0.0000e+00  0.0000e+00     0.0000e+00  0.0000e+00 
1.8868e+03     0.0000e+00  0.0000e+00     0.0000e+00  0.0000e+00     0.0000e+00  0.0000e+00     0.0000e+00  0.0000e+00 
2.1170e+03     0.0000e+00  0.0000e+00     0.0000e+00  0.0000e+00     0.0000e+00  0.0000e+00     0.0000e+00  0.0000e+00 
2.3753e+03     0.0000e+00  0.0000e+00     0.0000e+00  0.0000e+00     0.0000e+00  0.0000e+00     0.0000e+00  0.0000e+00 
2.6651e+03     0.0000e+00  0.0000e+00     0.0000e+00  0.0000e+00     0.0000e+00  0.0000e+00     0.0000e+00  0.0000e+00 
2.9903e+03     0.0000e+00  0.0000e+00     0.0000e+00  0.0000e+00     0.0000e+00  0.0000e+00     0.0000e+00  0.0000e+00 
3.3552e+03     0.0000e+00  0.0000e+00     0.0000e+00  0.0000e+00     0.0000e+00  0.0000e+00     0.0000e+00  0.0000e+00 
3.7646e+03     0.0000e+00  0.0000e+00     0.0000e+00  0.0000e+00     0.0000e+00  0.0000e+00     0.0000e+00  0.0000e+00 
4.2240e+03     0.0000e+00  0.0000e+00     0.0000e+00  0.0000e+00     0.0000e+00  0.0000e+00     0.0000e+00  0.0000e+00 
4.7394e+03     0.0000e+00  0.0000e+00     0.0000e+00  0.0000e+00     0.0000e+00  0.0000e+00     0.0000e+00  0.0000e+00 
5.3176e+03     0.0000e+00  0.0000e+00     0.0000e+00  0.0000e+00     0.0000e+00  0.0000e+00     0.0000e+00  0.0000e+00 
5.9665e+03     0.0000e+00  0.0000e+00     0.0000e+00  0.0000e+00     0.0000e+00  0.0000e+00     0.0000e+00  0.0000e+00 
6.6945e+03     0.0000e+00  0.0000e+00     0.0000e+00  0.0000e+00     0.0000e+00  0.0000e+00     0.0000e+00  0.0000e+00 
7.5114e+03     0.0000e+00  0.0000e+00     0.0000e+00  0.0000e+00     0.0000e+00  0.0000e+00     0.0000e+00  0.0000e+00 
8.4279e+03     0.0000e+00  0.0000e+00     0.0000e+00  0.0000e+00     0.0000e+00  0.0000e+00     0.0000e+00  0.0000e+00 
9.4563e+03     0.0000e+00  0.0000e+00     0.0000e+00  0.0000e+00     0.0000e+00  0.0000e+00     0.0000e+00  0.0000e+00 
