yF = 3.3378e-01 (std: 1.4951e-03) keV/um
yD = 1.9842e+00 (std: 1.8608e+00) keV/um
y (keV/um)     f(y)(std)                  yf(y)(std)                 d(y)(std)                  yd(y)(std)  
1.0610e-03     8.2866e-03  3.9746e-03     8.7922e-06  4.2171e-06     2.6341e-05  1.2635e-05     2.7948e-08  1.3406e-08 
1.1905e-03     0.0000e+00  0.0000e+00     0.0000e+00  0.0000e+00     0.0000e+00  0.0000e+00     0.0000e+00  0.0000e+00 
1.3357e-03     1.9747e-02  1.0134e-02     2.6377e-05  1.3536e-05     7.9024e-05  4.0556e-05     1.0555e-07  5.4172e-08 
1.4987e-03     2.3466e-02  3.1215e-02     3.5169e-05  4.6783e-05     1.0537e-04  1.4016e-04     1.5791e-07  2.1006e-07 
1.6816e-03     2.6143e-02  1.1534e-02     4.3961e-05  1.9396e-05     1.3171e-04  5.8112e-05     2.2148e-07  9.7720e-08 
1.8868e-03     4.6599e-02  1.8861e-02     8.7922e-05  3.5587e-05     2.6341e-04  1.0662e-04     4.9700e-07  2.0118e-07 
2.1170e-03     2.9072e-02  1.0729e-02     6.1545e-05  2.2713e-05     1.8439e-04  6.8054e-05     3.9035e-07  1.4407e-07 
2.3753e-03     2.5911e-02  3.9705e-02     6.1545e-05  9.4312e-05     1.8439e-04  2.8256e-04     4.3798e-07  6.7117e-07 
2.6651e-03     3.9588e-02  1.5019e-02     1.0551e-04  4.0028e-05     3.1610e-04  1.1993e-04     8.4244e-07  3.1964e-07 
2.9903e-03     3.2342e-02  2.5919e-02     9.6714e-05  7.7506e-05     2.8976e-04  2.3221e-04     8.6646e-07  6.9439e-07 
3.3552e-03     4.4548e-02  1.9537e-02     1.4947e-04  6.5549e-05     4.4780e-04  1.9640e-04     1.5025e-06  6.5895e-07 
3.7646e-03     4.2039e-02  1.5123e-02     1.5826e-04  5.6933e-05     4.7414e-04  1.7058e-04     1.7850e-06  6.4218e-07 
4.2240e-03     4.9956e-02  1.5056e-02     2.1101e-04  6.3596e-05     6.3219e-04  1.9055e-04     2.6704e-06  8.0489e-07 
4.7394e-03     4.8234e-02  1.0599e-02     2.2860e-04  5.0232e-05     6.8488e-04  1.5053e-04     3.2459e-06  7.1339e-07 
5.3176e-03     4.4642e-02  1.2988e-02     2.3739e-04  6.9065e-05     7.1122e-04  2.0694e-04     3.7820e-06  1.1004e-06 
5.9665e-03     6.0417e-02  1.3876e-02     3.6048e-04  8.2789e-05     1.0800e-03  2.4808e-04     6.4438e-06  1.4802e-06 
6.6945e-03     6.1727e-02  1.5320e-02     4.1323e-04  1.0256e-04     1.2380e-03  3.0731e-04     8.2881e-06  2.0573e-06 
7.5114e-03     4.6821e-02  1.3563e-02     3.5169e-04  1.0188e-04     1.0537e-03  3.0526e-04     7.9144e-06  2.2929e-06 
8.4279e-03     4.1729e-03  6.8902e-03     3.5169e-05  5.8070e-05     1.0537e-04  1.7398e-04     8.8801e-07  1.4663e-06 
9.4563e-03     9.2978e-04  5.1841e-04     8.7922e-06  4.9023e-06     2.6341e-05  1.4688e-05     2.4909e-07  1.3889e-07 
1.0610e-02     0.0000e+00  0.0000e+00     0.0000e+00  0.0000e+00     0.0000e+00  0.0000e+00     0.0000e+00  0.0000e+00 
1.1905e-02     1.8213e+00  5.4783e-02     2.1682e-02  6.5217e-04     6.4958e-02  1.9754e-03     7.7330e-04  2.3517e-05 
1.3357e-02     1.4784e+00  5.4704e-02     1.9747e-02  7.3070e-04     5.9163e-02  2.2052e-03     7.9025e-04  2.9455e-05 
1.4987e-02     1.2114e+00  5.3615e-02     1.8156e-02  8.0354e-04     5.4395e-02  2.4197e-03     8.1522e-04  3.6265e-05 
1.6816e-02     9.4166e-01  3.4333e-02     1.5835e-02  5.7735e-04     4.7441e-02  1.7427e-03     7.9776e-04  2.9305e-05 
1.8868e-02     7.3766e-01  4.2781e-02     1.3918e-02  8.0719e-04     4.1698e-02  2.4255e-03     7.8675e-04  4.5764e-05 
2.1170e-02     5.9099e-01  4.6192e-02     1.2511e-02  9.7788e-04     3.7484e-02  2.9345e-03     7.9353e-04  6.2124e-05 
2.3753e-02     7.6436e-01  2.5759e-02     1.8156e-02  6.1186e-04     5.4395e-02  1.8493e-03     1.2920e-03  4.3925e-05 
2.6651e-02     1.0092e+00  2.7855e-02     2.6895e-02  7.4238e-04     8.0578e-02  2.2533e-03     2.1475e-03  6.0052e-05 
2.9903e-02     1.0785e+00  2.4657e-02     3.2250e-02  7.3732e-04     9.6620e-02  2.2510e-03     2.8893e-03  6.7312e-05 
3.3552e-02     9.7953e-01  2.5630e-02     3.2865e-02  8.5994e-04     9.8464e-02  2.6139e-03     3.3037e-03  8.7700e-05 
3.7646e-02     1.0267e+00  2.4782e-02     3.8650e-02  9.3295e-04     1.1580e-01  2.8428e-03     4.3593e-03  1.0702e-04 
4.2240e-02     1.1215e+00  2.2092e-02     4.7372e-02  9.3315e-04     1.4193e-01  2.8671e-03     5.9949e-03  1.2110e-04 
4.7394e-02     1.1374e+00  1.8828e-02     5.3905e-02  8.9232e-04     1.6150e-01  2.7695e-03     7.6540e-03  1.3126e-04 
5.3176e-02     1.2298e+00  2.0411e-02     6.5396e-02  1.0854e-03     1.9593e-01  3.3681e-03     1.0419e-02  1.7910e-04 
5.9665e-02     1.3538e+00  3.1001e-02     8.0774e-02  1.8497e-03     2.4200e-01  5.6466e-03     1.4439e-02  3.3690e-04 
6.6945e-02     1.4092e+00  3.2776e-02     9.4340e-02  2.1942e-03     2.8264e-01  6.6946e-03     1.8922e-02  4.4817e-04 
7.5114e-02     1.4792e+00  1.8279e-02     1.1111e-01  1.3730e-03     3.3288e-01  4.3754e-03     2.5004e-02  3.2865e-04 
8.4279e-02     1.6660e+00  3.0750e-02     1.4041e-01  2.5916e-03     4.2067e-01  7.9897e-03     3.5454e-02  6.7336e-04 
9.4563e-02     1.8242e+00  2.2420e-02     1.7250e-01  2.1201e-03     5.1682e-01  6.7606e-03     4.8872e-02  6.3930e-04 
1.0610e-01     1.9687e+00  2.8229e-02     2.0888e-01  2.9951e-03     6.2582e-01  9.4009e-03     6.6400e-02  9.9745e-04 
1.1905e-01     2.1293e+00  2.9749e-02     2.5349e-01  3.5416e-03     7.5945e-01  1.1143e-02     9.0410e-02  1.3265e-03 
1.3357e-01     2.2979e+00  1.4950e-02     3.0694e-01  1.9970e-03     9.1958e-01  7.2637e-03     1.2283e-01  9.7024e-04 
1.4987e-01     2.4567e+00  2.8005e-02     3.6818e-01  4.1971e-03     1.1031e+00  1.3511e-02     1.6532e-01  2.0248e-03 
1.6816e-01     2.6455e+00  2.1488e-02     4.4486e-01  3.6134e-03     1.3328e+00  1.2363e-02     2.2412e-01  2.0789e-03 
1.8868e-01     2.7436e+00  2.4024e-02     5.1766e-01  4.5327e-03     1.5509e+00  1.5254e-02     2.9262e-01  2.8780e-03 
2.1170e-01     2.7602e+00  2.3378e-02     5.8434e-01  4.9490e-03     1.7507e+00  1.6773e-02     3.7062e-01  3.5509e-03 
2.3753e-01     2.6813e+00  1.1757e-02     6.3689e-01  2.7926e-03     1.9081e+00  1.1961e-02     4.5324e-01  2.8410e-03 
2.6651e-01     2.5235e+00  2.6016e-02     6.7255e-01  6.9336e-03     2.0150e+00  2.2649e-02     5.3701e-01  6.0363e-03 
2.9903e-01     2.2097e+00  9.5428e-03     6.6079e-01  2.8536e-03     1.9797e+00  1.2318e-02     5.9200e-01  3.6834e-03 
3.3552e-01     1.8332e+00  1.0129e-02     6.1508e-01  3.3985e-03     1.8428e+00  1.3107e-02     6.1828e-01  4.3978e-03 
3.7646e-01     1.4298e+00  1.2580e-02     5.3826e-01  4.7358e-03     1.6126e+00  1.5921e-02     6.0709e-01  5.9938e-03 
4.2240e-01     1.0343e+00  1.3331e-02     4.3687e-01  5.6311e-03     1.3088e+00  1.7860e-02     5.5285e-01  7.5442e-03 
4.7394e-01     7.0462e-01  7.0904e-03     3.3395e-01  3.3604e-03     1.0005e+00  1.1020e-02     4.7417e-01  5.2228e-03 
5.3176e-01     4.6421e-01  6.0458e-03     2.4685e-01  3.2149e-03     7.3956e-01  1.0186e-02     3.9327e-01  5.4164e-03 
5.9665e-01     2.9745e-01  4.0358e-03     1.7747e-01  2.4080e-03     5.3170e-01  7.5972e-03     3.1724e-01  4.5329e-03 
6.6945e-01     1.9711e-01  3.6828e-03     1.3195e-01  2.4655e-03     3.9533e-01  7.5959e-03     2.6466e-01  5.0851e-03 
7.5114e-01     1.3424e-01  1.4159e-03     1.0083e-01  1.0635e-03     3.0208e-01  3.4617e-03     2.2691e-01  2.6002e-03 
8.4279e-01     9.2117e-02  1.7691e-03     7.7635e-02  1.4910e-03     2.3259e-01  4.5868e-03     1.9603e-01  3.8657e-03 
9.4563e-01     6.7018e-02  8.8931e-04     6.3374e-02  8.4095e-04     1.8987e-01  2.6592e-03     1.7954e-01  2.5146e-03 
1.0610e+00     4.8021e-02  5.9580e-04     5.0951e-02  6.3214e-04     1.5265e-01  2.0135e-03     1.6196e-01  2.1364e-03 
1.1905e+00     3.5000e-02  7.3134e-04     4.1666e-02  8.7064e-04     1.2483e-01  2.6677e-03     1.4861e-01  3.1758e-03 
1.3357e+00     2.6138e-02  9.3423e-04     3.4914e-02  1.2479e-03     1.0460e-01  3.7679e-03     1.3972e-01  5.0329e-03 
1.4987e+00     2.0368e-02  2.9623e-04     3.0527e-02  4.4397e-04     9.1457e-02  1.3918e-03     1.3707e-01  2.0859e-03 
1.6816e+00     1.5142e-02  5.2625e-04     2.5462e-02  8.8493e-04     7.6285e-02  2.6732e-03     1.2828e-01  4.4952e-03 
1.8868e+00     1.1640e-02  4.5859e-04     2.1963e-02  8.6525e-04     6.5801e-02  2.6090e-03     1.2415e-01  4.9226e-03 
2.1170e+00     8.9002e-03  5.1225e-04     1.8842e-02  1.0844e-03     5.6450e-02  3.2587e-03     1.1950e-01  6.8987e-03 
2.3753e+00     6.7256e-03  1.9476e-04     1.5975e-02  4.6262e-04     4.7862e-02  1.4025e-03     1.1369e-01  3.3313e-03 
2.6651e+00     5.1068e-03  1.7246e-04     1.3610e-02  4.5964e-04     4.0776e-02  1.3891e-03     1.0867e-01  3.7022e-03 
2.9903e+00     3.7252e-03  1.0675e-04     1.1140e-02  3.1921e-04     3.3375e-02  9.6798e-04     9.9801e-02  2.8946e-03 
3.3552e+00     2.7960e-03  1.3042e-04     9.3813e-03  4.3757e-04     2.8106e-02  1.3170e-03     9.4302e-02  4.4188e-03 
3.7646e+00     2.0506e-03  9.0863e-05     7.7195e-03  3.4206e-04     2.3128e-02  1.0300e-03     8.7067e-02  3.8777e-03 
4.2240e+00     1.3988e-03  6.7560e-05     5.9084e-03  2.8537e-04     1.7701e-02  8.5864e-04     7.4770e-02  3.6269e-03 
4.7394e+00     7.9400e-04  6.2177e-05     3.7631e-03  2.9468e-04     1.1274e-02  8.8430e-04     5.3432e-02  4.1910e-03 
5.3176e+00     5.9853e-04  5.0219e-05     3.1828e-03  2.6705e-04     9.5356e-03  8.0121e-04     5.0707e-02  4.2606e-03 
5.9665e+00     3.3745e-04  3.1002e-05     2.0134e-03  1.8497e-04     6.0322e-03  5.5484e-04     3.5991e-02  3.3104e-03 
6.6945e+00     1.8518e-04  2.5528e-05     1.2397e-03  1.7090e-04     3.7141e-03  5.1229e-04     2.4864e-02  3.4295e-03 
7.5114e+00     8.3107e-05  1.3325e-05     6.2425e-04  1.0009e-04     1.8702e-03  2.9999e-04     1.4048e-02  2.2533e-03 
8.4279e+00     3.1297e-05  6.3412e-06     2.6377e-04  5.3443e-05     7.9024e-04  1.6015e-04     6.6601e-03  1.3498e-03 
9.4563e+00     1.6736e-05  3.9532e-06     1.5826e-04  3.7382e-05     4.7414e-04  1.1202e-04     4.4836e-03  1.0593e-03 
1.0610e+01     6.6293e-06  4.1317e-06     7.0338e-05  4.3838e-05     2.1073e-04  1.3134e-04     2.2359e-03  1.3935e-03 
1.1905e+01     2.2156e-06  4.6218e-06     2.6377e-05  5.5022e-05     7.9024e-05  1.6485e-04     9.4076e-04  1.9624e-03 
1.3357e+01     6.5823e-07  2.1826e-07     8.7922e-06  2.9154e-06     2.6341e-05  8.7354e-06     3.5185e-04  1.1668e-04 
1.4987e+01     0.0000e+00  0.0000e+00     0.0000e+00  0.0000e+00     0.0000e+00  0.0000e+00     0.0000e+00  0.0000e+00 
1.6816e+01     0.0000e+00  0.0000e+00     0.0000e+00  0.0000e+00     0.0000e+00  0.0000e+00     0.0000e+00  0.0000e+00 
1.8868e+01     4.6599e-07  1.4733e-07     8.7922e-06  2.7798e-06     2.6341e-05  8.3290e-06     4.9700e-04  1.5715e-04 
2.1170e+01     4.1532e-07  1.0172e-07     8.7922e-06  2.1534e-06     2.6341e-05  6.4526e-06     5.5764e-04  1.3660e-04 
2.3753e+01     0.0000e+00  0.0000e+00     0.0000e+00  0.0000e+00     0.0000e+00  0.0000e+00     0.0000e+00  0.0000e+00 
2.6651e+01     3.2990e-07  8.6880e-07     8.7922e-06  2.3155e-05     2.6341e-05  6.9372e-05     7.0203e-04  1.8488e-03 
2.9903e+01     2.9402e-07  3.5505e-07     8.7922e-06  1.0617e-05     2.6341e-05  3.1809e-05     7.8769e-04  9.5121e-04 
3.3552e+01     0.0000e+00  0.0000e+00     0.0000e+00  0.0000e+00     0.0000e+00  0.0000e+00     0.0000e+00  0.0000e+00 
3.7646e+01     2.3355e-07  1.0702e-07     8.7922e-06  4.0290e-06     2.6341e-05  1.2071e-05     9.9165e-04  4.5444e-04 
4.2240e+01     0.0000e+00  0.0000e+00     0.0000e+00  0.0000e+00     0.0000e+00  0.0000e+00     0.0000e+00  0.0000e+00 
4.7394e+01     0.0000e+00  0.0000e+00     0.0000e+00  0.0000e+00     0.0000e+00  0.0000e+00     0.0000e+00  0.0000e+00 
5.3176e+01     0.0000e+00  0.0000e+00     0.0000e+00  0.0000e+00     0.0000e+00  0.0000e+00     0.0000e+00  0.0000e+00 
5.9665e+01     0.0000e+00  0.0000e+00     0.0000e+00  0.0000e+00     0.0000e+00  0.0000e+00     0.0000e+00  0.0000e+00 
6.6945e+01     0.0000e+00  0.0000e+00     0.0000e+00  0.0000e+00     0.0000e+00  0.0000e+00     0.0000e+00  0.0000e+00 
7.5114e+01     0.0000e+00  0.0000e+00     0.0000e+00  0.0000e+00     0.0000e+00  0.0000e+00     0.0000e+00  0.0000e+00 
8.4279e+01     0.0000e+00  0.0000e+00     0.0000e+00  0.0000e+00     0.0000e+00  0.0000e+00     0.0000e+00  0.0000e+00 
9.4563e+01     0.0000e+00  0.0000e+00     0.0000e+00  0.0000e+00     0.0000e+00  0.0000e+00     0.0000e+00  0.0000e+00 
1.0610e+02     0.0000e+00  0.0000e+00     0.0000e+00  0.0000e+00     0.0000e+00  0.0000e+00     0.0000e+00  0.0000e+00 
1.1905e+02     7.3855e-08  2.2152e-08     8.7922e-06  2.6372e-06     2.6341e-05  7.9018e-06     3.1359e-03  9.4069e-04 
1.3357e+02     0.0000e+00  0.0000e+00     0.0000e+00  0.0000e+00     0.0000e+00  0.0000e+00     0.0000e+00  0.0000e+00 
1.4987e+02     5.8665e-08  4.2170e-08     8.7922e-06  6.3200e-06     2.6341e-05  1.8935e-05     3.9478e-03  2.8378e-03 
1.6816e+02     5.2285e-08  3.2365e-08     8.7922e-06  5.4424e-06     2.6341e-05  1.6306e-05     4.4295e-03  2.7420e-03 
1.8868e+02     4.6599e-08  2.9631e-08     8.7922e-06  5.5906e-06     2.6341e-05  1.6750e-05     4.9700e-03  3.1603e-03 
2.1170e+02     0.0000e+00  0.0000e+00     0.0000e+00  0.0000e+00     0.0000e+00  0.0000e+00     0.0000e+00  0.0000e+00 
2.3753e+02     0.0000e+00  0.0000e+00     0.0000e+00  0.0000e+00     0.0000e+00  0.0000e+00     0.0000e+00  0.0000e+00 
2.6651e+02     0.0000e+00  0.0000e+00     0.0000e+00  0.0000e+00     0.0000e+00  0.0000e+00     0.0000e+00  0.0000e+00 
2.9903e+02     0.0000e+00  0.0000e+00     0.0000e+00  0.0000e+00     0.0000e+00  0.0000e+00     0.0000e+00  0.0000e+00 
3.3552e+02     0.0000e+00  0.0000e+00     0.0000e+00  0.0000e+00     0.0000e+00  0.0000e+00     0.0000e+00  0.0000e+00 
3.7646e+02     0.0000e+00  0.0000e+00     0.0000e+00  0.0000e+00     0.0000e+00  0.0000e+00     0.0000e+00  0.0000e+00 
4.2240e+02     0.0000e+00  0.0000e+00     0.0000e+00  0.0000e+00     0.0000e+00  0.0000e+00     0.0000e+00  0.0000e+00 
4.7394e+02     0.0000e+00  0.0000e+00     0.0000e+00  0.0000e+00     0.0000e+00  0.0000e+00     0.0000e+00  0.0000e+00 
5.3176e+02     1.6534e-08  3.5863e-08     8.7922e-06  1.9071e-05     2.6341e-05  5.7135e-05     1.4007e-02  3.0383e-02 
5.9665e+02     0.0000e+00  0.0000e+00     0.0000e+00  0.0000e+00     0.0000e+00  0.0000e+00     0.0000e+00  0.0000e+00 
6.6945e+02     0.0000e+00  0.0000e+00     0.0000e+00  0.0000e+00     0.0000e+00  0.0000e+00     0.0000e+00  0.0000e+00 
7.5114e+02     0.0000e+00  0.0000e+00     0.0000e+00  0.0000e+00     0.0000e+00  0.0000e+00     0.0000e+00  0.0000e+00 
8.4279e+02     0.0000e+00  0.0000e+00     0.0000e+00  0.0000e+00     0.0000e+00  0.0000e+00     0.0000e+00  0.0000e+00 
9.4563e+02     0.0000e+00  0.0000e+00     0.0000e+00  0.0000e+00     0.0000e+00  0.0000e+00     0.0000e+00  0.0000e+00 
1.0610e+03     0.0000e+00  0.0000e+00     0.0000e+00  0.0000e+00     0.0000e+00  0.0000e+00     0.0000e+00  0.0000e+00 
1.1905e+03     0.0000e+00  0.0000e+00     0.0000e+00  0.0000e+00     0.0000e+00  0.0000e+00     0.0000e+00  0.0000e+00 
1.3357e+03     0.0000e+00  0.0000e+00     0.0000e+00  0.0000e+00     0.0000e+00  0.0000e+00     0.0000e+00  0.0000e+00 
1.4987e+03     0.0000e+00  0.0000e+00     0.0000e+00  0.0000e+00     0.0000e+00  0.0000e+00     0.0000e+00  0.0000e+00 
1.6816e+03     0.0000e+00  0.0000e+00     0.0000e+00  0.0000e+00     0.0000e+00  0.0000e+00     0.0000e+00  0.0000e+00 
1.8868e+03     0.0000e+00  0.0000e+00     0.0000e+00  0.0000e+00     0.0000e+00  0.0000e+00     0.0000e+00  0.0000e+00 
2.1170e+03     0.0000e+00  0.0000e+00     0.0000e+00  0.0000e+00     0.0000e+00  0.0000e+00     0.0000e+00  0.0000e+00 
2.3753e+03     0.0000e+00  0.0000e+00     0.0000e+00  0.0000e+00     0.0000e+00  0.0000e+00     0.0000e+00  0.0000e+00 
2.6651e+03     0.0000e+00  0.0000e+00     0.0000e+00  0.0000e+00     0.0000e+00  0.0000e+00     0.0000e+00  0.0000e+00 
2.9903e+03     0.0000e+00  0.0000e+00     0.0000e+00  0.0000e+00     0.0000e+00  0.0000e+00     0.0000e+00  0.0000e+00 
3.3552e+03     0.0000e+00  0.0000e+00     0.0000e+00  0.0000e+00     0.0000e+00  0.0000e+00     0.0000e+00  0.0000e+00 
3.7646e+03     0.0000e+00  0.0000e+00     0.0000e+00  0.0000e+00     0.0000e+00  0.0000e+00     0.0000e+00  0.0000e+00 
4.2240e+03     0.0000e+00  0.0000e+00     0.0000e+00  0.0000e+00     0.0000e+00  0.0000e+00     0.0000e+00  0.0000e+00 
4.7394e+03     0.0000e+00  0.0000e+00     0.0000e+00  0.0000e+00     0.0000e+00  0.0000e+00     0.0000e+00  0.0000e+00 
5.3176e+03     0.0000e+00  0.0000e+00     0.0000e+00  0.0000e+00     0.0000e+00  0.0000e+00     0.0000e+00  0.0000e+00 
5.9665e+03     0.0000e+00  0.0000e+00     0.0000e+00  0.0000e+00     0.0000e+00  0.0000e+00     0.0000e+00  0.0000e+00 
6.6945e+03     0.0000e+00  0.0000e+00     0.0000e+00  0.0000e+00     0.0000e+00  0.0000e+00     0.0000e+00  0.0000e+00 
7.5114e+03     0.0000e+00  0.0000e+00     0.0000e+00  0.0000e+00     0.0000e+00  0.0000e+00     0.0000e+00  0.0000e+00 
8.4279e+03     0.0000e+00  0.0000e+00     0.0000e+00  0.0000e+00     0.0000e+00  0.0000e+00     0.0000e+00  0.0000e+00 
9.4563e+03     0.0000e+00  0.0000e+00     0.0000e+00  0.0000e+00     0.0000e+00  0.0000e+00     0.0000e+00  0.0000e+00 
