yF = 3.6042e-01 (std: 1.1437e-03) keV/um
yD = 1.9373e+00 (std: 9.6492e-01) keV/um
y (keV/um)     f(y)(std)                  yf(y)(std)                 d(y)(std)                  yd(y)(std)  
1.0610e-03     4.1368e-02  1.8931e-02     4.3892e-05  2.0086e-05     1.2178e-04  5.5731e-05     1.2921e-07  5.9131e-08 
1.1905e-03     1.4748e-02  7.5493e-03     1.7557e-05  8.9873e-06     4.8712e-05  2.4936e-05     5.7990e-08  2.9685e-08 
1.3357e-03     3.2860e-02  2.1169e-02     4.3892e-05  2.8276e-05     1.2178e-04  7.8452e-05     1.6266e-07  1.0479e-07 
1.4987e-03     5.8573e-03  9.0822e-03     8.7784e-06  1.3612e-05     2.4356e-05  3.7766e-05     3.6502e-08  5.6600e-08 
1.6816e-03     2.0881e-02  1.5653e-02     3.5114e-05  2.6323e-05     9.7423e-05  7.3034e-05     1.6383e-07  1.2281e-07 
1.8868e-03     2.3263e-02  2.8428e-02     4.3892e-05  5.3637e-05     1.2178e-04  1.4882e-04     2.2977e-07  2.8079e-07 
2.1170e-03     2.0733e-02  8.5140e-03     4.3892e-05  1.8024e-05     1.2178e-04  5.0009e-05     2.5781e-07  1.0587e-07 
2.3753e-03     2.2174e-02  7.6480e-03     5.2670e-05  1.8166e-05     1.4613e-04  5.0405e-05     3.4711e-07  1.1973e-07 
2.6651e-03     2.9644e-02  1.1102e-02     7.9005e-05  2.9588e-05     2.1920e-04  8.2095e-05     5.8420e-07  2.1879e-07 
2.9903e-03     3.2291e-02  1.9874e-02     9.6562e-05  5.9428e-05     2.6791e-04  1.6489e-04     8.0115e-07  4.9307e-07 
3.3552e-03     3.9245e-02  3.5212e-02     1.3168e-04  1.1815e-04     3.6534e-04  3.2780e-04     1.2258e-06  1.0998e-06 
3.7646e-03     3.4977e-02  7.7712e-02     1.3168e-04  2.9255e-04     3.6534e-04  8.1170e-04     1.3753e-06  3.0557e-06 
4.2240e-03     3.9486e-02  1.5565e-02     1.6679e-04  6.5744e-05     4.6276e-04  1.8241e-04     1.9547e-06  7.7051e-07 
4.7394e-03     4.6306e-02  1.0393e-02     2.1946e-04  4.9255e-05     6.0890e-04  1.3667e-04     2.8858e-06  6.4774e-07 
5.3176e-03     4.9524e-02  2.2944e-02     2.6335e-04  1.2201e-04     7.3067e-04  3.3852e-04     3.8855e-06  1.8001e-06 
5.9665e-03     5.0023e-02  8.5776e-03     2.9846e-04  5.1178e-05     8.2810e-04  1.4202e-04     4.9408e-06  8.4736e-07 
6.6945e-03     7.0809e-02  1.9416e-02     4.7403e-04  1.2998e-04     1.3152e-03  3.6066e-04     8.8047e-06  2.4144e-06 
7.5114e-03     3.6229e-02  8.5612e-03     2.7213e-04  6.4306e-05     7.5503e-04  1.7844e-04     5.6713e-06  1.3403e-06 
8.4279e-03     2.0832e-03  2.4238e-03     1.7557e-05  2.0428e-05     4.8712e-05  5.6677e-05     4.1054e-07  4.7767e-07 
9.4563e-03     0.0000e+00  0.0000e+00     0.0000e+00  0.0000e+00     0.0000e+00  0.0000e+00     0.0000e+00  0.0000e+00 
1.0610e-02     0.0000e+00  0.0000e+00     0.0000e+00  0.0000e+00     0.0000e+00  0.0000e+00     0.0000e+00  0.0000e+00 
1.1905e-02     1.5367e+00  6.6887e-02     1.8294e-02  7.9627e-04     5.0758e-02  2.2151e-03     6.0425e-04  2.6371e-05 
1.3357e-02     1.2454e+00  4.6410e-02     1.6635e-02  6.1991e-04     4.6154e-02  1.7262e-03     6.1650e-04  2.3057e-05 
1.4987e-02     1.0180e+00  4.8887e-02     1.5257e-02  7.3268e-04     4.2330e-02  2.0373e-03     6.3441e-04  3.0533e-05 
1.6816e-02     8.2376e-01  1.2413e-02     1.3852e-02  2.0873e-04     3.8433e-02  5.9184e-04     6.4629e-04  9.9523e-06 
1.8868e-02     6.2670e-01  1.7176e-02     1.1824e-02  3.2408e-04     3.2807e-02  9.0516e-04     6.1900e-04  1.7078e-05 
2.1170e-02     5.1833e-01  3.0551e-02     1.0973e-02  6.4677e-04     3.0445e-02  1.7971e-03     6.4451e-04  3.8044e-05 
2.3753e-02     6.6559e-01  2.7253e-02     1.5810e-02  6.4733e-04     4.3865e-02  1.8014e-03     1.0419e-03  4.2789e-05 
2.6651e-02     8.7186e-01  2.5215e-02     2.3236e-02  6.7202e-04     6.4470e-02  1.8757e-03     1.7182e-03  4.9990e-05 
2.9903e-02     9.0005e-01  3.0568e-02     2.6915e-02  9.1409e-04     7.4675e-02  2.5472e-03     2.2330e-03  7.6170e-05 
3.3552e-02     8.1813e-01  1.2820e-02     2.7450e-02  4.3015e-04     7.6161e-02  1.2177e-03     2.5553e-03  4.0856e-05 
3.7646e-02     8.6207e-01  2.1438e-02     3.2454e-02  8.0704e-04     9.0043e-02  2.2573e-03     3.3898e-03  8.4978e-05 
4.2240e-02     9.3479e-01  2.3559e-02     3.9485e-02  9.9510e-04     1.0955e-01  2.7827e-03     4.6274e-03  1.1754e-04 
4.7394e-02     9.8483e-01  2.0906e-02     4.6675e-02  9.9079e-04     1.2950e-01  2.7795e-03     6.1375e-03  1.3173e-04 
5.3176e-02     1.0329e+00  2.8020e-02     5.4926e-02  1.4900e-03     1.5239e-01  4.1622e-03     8.1038e-03  2.2133e-04 
5.9665e-02     1.1133e+00  2.3036e-02     6.6426e-02  1.3745e-03     1.8430e-01  3.8580e-03     1.0996e-02  2.3019e-04 
6.6945e-02     1.2011e+00  2.0579e-02     8.0410e-02  1.3777e-03     2.2310e-01  3.8874e-03     1.4935e-02  2.6024e-04 
7.5114e-02     1.2995e+00  2.3626e-02     9.7607e-02  1.7746e-03     2.7081e-01  4.9981e-03     2.0342e-02  3.7543e-04 
8.4279e-02     1.4084e+00  2.4047e-02     1.1870e-01  2.0266e-03     3.2934e-01  5.7192e-03     2.7756e-02  4.8201e-04 
9.4563e-02     1.5081e+00  9.5145e-03     1.4261e-01  8.9972e-04     3.9568e-01  2.7943e-03     3.7417e-02  2.6423e-04 
1.0610e-01     1.6532e+00  2.0154e-02     1.7541e-01  2.1384e-03     4.8668e-01  6.1307e-03     5.1637e-02  6.5048e-04 
1.1905e-01     1.8123e+00  1.5350e-02     2.1575e-01  1.8274e-03     5.9859e-01  5.4143e-03     7.1261e-02  6.4455e-04 
1.3357e-01     1.9791e+00  1.8396e-02     2.6436e-01  2.4572e-03     7.3348e-01  7.2040e-03     9.7973e-02  9.6225e-04 
1.4987e-01     2.1394e+00  2.4189e-02     3.2064e-01  3.6253e-03     8.8962e-01  1.0447e-02     1.3333e-01  1.5657e-03 
1.6816e-01     2.3199e+00  2.4884e-02     3.9011e-01  4.1845e-03     1.0824e+00  1.2107e-02     1.8201e-01  2.0360e-03 
1.8868e-01     2.4548e+00  2.0351e-02     4.6316e-01  3.8398e-03     1.2850e+00  1.1407e-02     2.4246e-01  2.1523e-03 
2.1170e-01     2.5656e+00  2.3069e-02     5.4313e-01  4.8838e-03     1.5069e+00  1.4369e-02     3.1901e-01  3.0419e-03 
2.3753e-01     2.5869e+00  2.1521e-02     6.1448e-01  5.1120e-03     1.7049e+00  1.5180e-02     4.0496e-01  3.6057e-03 
2.6651e-01     2.4983e+00  1.2806e-02     6.6582e-01  3.4131e-03     1.8473e+00  1.1137e-02     4.9234e-01  2.9682e-03 
2.9903e-01     2.3080e+00  9.5182e-03     6.9017e-01  2.8463e-03     1.9149e+00  9.9643e-03     5.7262e-01  2.9796e-03 
3.3552e-01     1.9740e+00  1.0820e-02     6.6233e-01  3.6303e-03     1.8376e+00  1.1639e-02     6.1657e-01  3.9050e-03 
3.7646e-01     1.6000e+00  6.5804e-03     6.0234e-01  2.4773e-03     1.6712e+00  8.6813e-03     6.2914e-01  3.2682e-03 
4.2240e-01     1.2081e+00  1.0528e-02     5.1031e-01  4.4469e-03     1.4159e+00  1.3131e-02     5.9806e-01  5.5463e-03 
4.7394e-01     8.4964e-01  5.2201e-03     4.0267e-01  2.4740e-03     1.1172e+00  7.7257e-03     5.2949e-01  3.6615e-03 
5.3176e-01     5.7372e-01  5.3461e-03     3.0508e-01  2.8429e-03     8.4646e-01  8.3324e-03     4.5012e-01  4.4309e-03 
5.9665e-01     3.6889e-01  4.6281e-03     2.2010e-01  2.7613e-03     6.1067e-01  7.9026e-03     3.6436e-01  4.7151e-03 
6.6945e-01     2.4232e-01  1.8332e-03     1.6222e-01  1.2272e-03     4.5010e-01  3.6924e-03     3.0132e-01  2.4719e-03 
7.5114e-01     1.6049e-01  2.6565e-03     1.2055e-01  1.9954e-03     3.3448e-01  5.6370e-03     2.5124e-01  4.2342e-03 
8.4279e-01     1.0863e-01  1.3657e-03     9.1550e-02  1.1510e-03     2.5401e-01  3.2937e-03     2.1407e-01  2.7759e-03 
9.4563e-01     7.7180e-02  1.9689e-03     7.2983e-02  1.8618e-03     2.0249e-01  5.2055e-03     1.9148e-01  4.9224e-03 
1.0610e+00     5.4821e-02  8.1969e-04     5.8166e-02  8.6970e-04     1.6138e-01  2.4667e-03     1.7123e-01  2.6172e-03 
1.1905e+00     4.1013e-02  6.7604e-04     4.8825e-02  8.0481e-04     1.3547e-01  2.2740e-03     1.6127e-01  2.7071e-03 
1.3357e+00     3.0422e-02  6.6657e-04     4.0635e-02  8.9036e-04     1.1274e-01  2.4961e-03     1.5059e-01  3.3341e-03 
1.4987e+00     2.2855e-02  7.3000e-04     3.4253e-02  1.0941e-03     9.5036e-02  3.0504e-03     1.4243e-01  4.5717e-03 
1.6816e+00     1.7618e-02  5.4956e-04     2.9627e-02  9.2414e-04     8.2201e-02  2.5773e-03     1.3823e-01  4.3339e-03 
1.8868e+00     1.2837e-02  2.1152e-04     2.4220e-02  3.9908e-04     6.7198e-02  1.1276e-03     1.2679e-01  2.1275e-03 
2.1170e+00     9.7736e-03  4.6754e-04     2.0691e-02  9.8977e-04     5.7407e-02  2.7522e-03     1.2153e-01  5.8263e-03 
2.3753e+00     7.2657e-03  2.2869e-04     1.7258e-02  5.4321e-04     4.7884e-02  1.5148e-03     1.1374e-01  3.5981e-03 
2.6651e+00     5.7081e-03  2.2420e-04     1.5213e-02  5.9753e-04     4.2209e-02  1.6633e-03     1.1249e-01  4.4328e-03 
2.9903e+00     4.3094e-03  2.7015e-04     1.2887e-02  8.0785e-04     3.5754e-02  2.2443e-03     1.0692e-01  6.7111e-03 
3.3552e+00     3.1710e-03  2.1907e-04     1.0639e-02  7.3501e-04     2.9519e-02  2.0415e-03     9.9043e-02  6.8495e-03 
3.7646e+00     2.1546e-03  1.3180e-04     8.1112e-03  4.9617e-04     2.2505e-02  1.3785e-03     8.4722e-02  5.1895e-03 
4.2240e+00     1.5192e-03  1.1404e-04     6.4170e-03  4.8169e-04     1.7804e-02  1.3377e-03     7.5204e-02  5.6502e-03 
4.7394e+00     1.0095e-03  6.0243e-05     4.7842e-03  2.8551e-04     1.3274e-02  7.9328e-04     6.2910e-02  3.7597e-03 
5.3176e+00     6.4711e-04  5.7972e-05     3.4411e-03  3.0828e-04     9.5475e-03  8.5586e-04     5.0770e-02  4.5511e-03 
5.9665e+00     4.0460e-04  3.4955e-05     2.4141e-03  2.0856e-04     6.6978e-03  5.7904e-04     3.9963e-02  3.4549e-03 
6.6945e+00     2.3603e-04  2.1152e-05     1.5801e-03  1.4160e-04     4.3840e-03  3.9312e-04     2.9349e-02  2.6318e-03 
7.5114e+00     9.1157e-05  8.3435e-06     6.8471e-04  6.2671e-05     1.8998e-03  1.7399e-04     1.4270e-02  1.3069e-03 
8.4279e+00     3.3331e-05  1.0748e-05     2.8091e-04  9.0580e-05     7.7939e-04  2.5133e-04     6.5686e-03  2.1182e-03 
9.4563e+00     1.2068e-05  4.6313e-06     1.1412e-04  4.3794e-05     3.1663e-04  1.2151e-04     2.9941e-03  1.1491e-03 
1.0610e+01     1.6547e-06  9.7026e-06     1.7557e-05  1.0295e-04     4.8712e-05  2.8563e-04     5.1683e-04  3.0305e-03 
1.1905e+01     7.3739e-07  3.3792e-07     8.7784e-06  4.0229e-06     2.4356e-05  1.1162e-05     2.8995e-04  1.3288e-04 
1.3357e+01     0.0000e+00  0.0000e+00     0.0000e+00  0.0000e+00     0.0000e+00  0.0000e+00     0.0000e+00  0.0000e+00 
1.4987e+01     0.0000e+00  0.0000e+00     0.0000e+00  0.0000e+00     0.0000e+00  0.0000e+00     0.0000e+00  0.0000e+00 
1.6816e+01     0.0000e+00  0.0000e+00     0.0000e+00  0.0000e+00     0.0000e+00  0.0000e+00     0.0000e+00  0.0000e+00 
1.8868e+01     0.0000e+00  0.0000e+00     0.0000e+00  0.0000e+00     0.0000e+00  0.0000e+00     0.0000e+00  0.0000e+00 
2.1170e+01     0.0000e+00  0.0000e+00     0.0000e+00  0.0000e+00     0.0000e+00  0.0000e+00     0.0000e+00  0.0000e+00 
2.3753e+01     0.0000e+00  0.0000e+00     0.0000e+00  0.0000e+00     0.0000e+00  0.0000e+00     0.0000e+00  0.0000e+00 
2.6651e+01     0.0000e+00  0.0000e+00     0.0000e+00  0.0000e+00     0.0000e+00  0.0000e+00     0.0000e+00  0.0000e+00 
2.9903e+01     0.0000e+00  0.0000e+00     0.0000e+00  0.0000e+00     0.0000e+00  0.0000e+00     0.0000e+00  0.0000e+00 
3.3552e+01     0.0000e+00  0.0000e+00     0.0000e+00  0.0000e+00     0.0000e+00  0.0000e+00     0.0000e+00  0.0000e+00 
3.7646e+01     0.0000e+00  0.0000e+00     0.0000e+00  0.0000e+00     0.0000e+00  0.0000e+00     0.0000e+00  0.0000e+00 
4.2240e+01     2.0782e-07  1.1006e-07     8.7784e-06  4.6489e-06     2.4356e-05  1.2899e-05     1.0288e-03  5.4484e-04 
4.7394e+01     0.0000e+00  0.0000e+00     0.0000e+00  0.0000e+00     0.0000e+00  0.0000e+00     0.0000e+00  0.0000e+00 
5.3176e+01     0.0000e+00  0.0000e+00     0.0000e+00  0.0000e+00     0.0000e+00  0.0000e+00     0.0000e+00  0.0000e+00 
5.9665e+01     1.4713e-07  9.6010e-08     8.7784e-06  5.7284e-06     2.4356e-05  1.5894e-05     1.4532e-03  9.4831e-04 
6.6945e+01     2.6226e-07  2.2039e-07     1.7557e-05  1.4754e-05     4.8712e-05  4.0936e-05     3.2610e-03  2.7405e-03 
7.5114e+01     0.0000e+00  0.0000e+00     0.0000e+00  0.0000e+00     0.0000e+00  0.0000e+00     0.0000e+00  0.0000e+00 
8.4279e+01     0.0000e+00  0.0000e+00     0.0000e+00  0.0000e+00     0.0000e+00  0.0000e+00     0.0000e+00  0.0000e+00 
9.4563e+01     9.2831e-08  7.4191e-08     8.7784e-06  7.0157e-06     2.4356e-05  1.9465e-05     2.3031e-03  1.8407e-03 
1.0610e+02     8.2736e-08  7.1480e-08     8.7784e-06  7.5841e-06     2.4356e-05  2.1042e-05     2.5842e-03  2.2326e-03 
1.1905e+02     0.0000e+00  0.0000e+00     0.0000e+00  0.0000e+00     0.0000e+00  0.0000e+00     0.0000e+00  0.0000e+00 
1.3357e+02     0.0000e+00  0.0000e+00     0.0000e+00  0.0000e+00     0.0000e+00  0.0000e+00     0.0000e+00  0.0000e+00 
1.4987e+02     0.0000e+00  0.0000e+00     0.0000e+00  0.0000e+00     0.0000e+00  0.0000e+00     0.0000e+00  0.0000e+00 
1.6816e+02     0.0000e+00  0.0000e+00     0.0000e+00  0.0000e+00     0.0000e+00  0.0000e+00     0.0000e+00  0.0000e+00 
1.8868e+02     0.0000e+00  0.0000e+00     0.0000e+00  0.0000e+00     0.0000e+00  0.0000e+00     0.0000e+00  0.0000e+00 
2.1170e+02     0.0000e+00  0.0000e+00     0.0000e+00  0.0000e+00     0.0000e+00  0.0000e+00     0.0000e+00  0.0000e+00 
2.3753e+02     0.0000e+00  0.0000e+00     0.0000e+00  0.0000e+00     0.0000e+00  0.0000e+00     0.0000e+00  0.0000e+00 
2.6651e+02     0.0000e+00  0.0000e+00     0.0000e+00  0.0000e+00     0.0000e+00  0.0000e+00     0.0000e+00  0.0000e+00 
2.9903e+02     0.0000e+00  0.0000e+00     0.0000e+00  0.0000e+00     0.0000e+00  0.0000e+00     0.0000e+00  0.0000e+00 
3.3552e+02     0.0000e+00  0.0000e+00     0.0000e+00  0.0000e+00     0.0000e+00  0.0000e+00     0.0000e+00  0.0000e+00 
3.7646e+02     0.0000e+00  0.0000e+00     0.0000e+00  0.0000e+00     0.0000e+00  0.0000e+00     0.0000e+00  0.0000e+00 
4.2240e+02     0.0000e+00  0.0000e+00     0.0000e+00  0.0000e+00     0.0000e+00  0.0000e+00     0.0000e+00  0.0000e+00 
4.7394e+02     0.0000e+00  0.0000e+00     0.0000e+00  0.0000e+00     0.0000e+00  0.0000e+00     0.0000e+00  0.0000e+00 
5.3176e+02     0.0000e+00  0.0000e+00     0.0000e+00  0.0000e+00     0.0000e+00  0.0000e+00     0.0000e+00  0.0000e+00 
5.9665e+02     1.4713e-08  1.4225e-08     8.7784e-06  8.4871e-06     2.4356e-05  2.3548e-05     1.4532e-02  1.4050e-02 
6.6945e+02     0.0000e+00  0.0000e+00     0.0000e+00  0.0000e+00     0.0000e+00  0.0000e+00     0.0000e+00  0.0000e+00 
7.5114e+02     0.0000e+00  0.0000e+00     0.0000e+00  0.0000e+00     0.0000e+00  0.0000e+00     0.0000e+00  0.0000e+00 
8.4279e+02     0.0000e+00  0.0000e+00     0.0000e+00  0.0000e+00     0.0000e+00  0.0000e+00     0.0000e+00  0.0000e+00 
9.4563e+02     0.0000e+00  0.0000e+00     0.0000e+00  0.0000e+00     0.0000e+00  0.0000e+00     0.0000e+00  0.0000e+00 
1.0610e+03     0.0000e+00  0.0000e+00     0.0000e+00  0.0000e+00     0.0000e+00  0.0000e+00     0.0000e+00  0.0000e+00 
1.1905e+03     0.0000e+00  0.0000e+00     0.0000e+00  0.0000e+00     0.0000e+00  0.0000e+00     0.0000e+00  0.0000e+00 
1.3357e+03     0.0000e+00  0.0000e+00     0.0000e+00  0.0000e+00     0.0000e+00  0.0000e+00     0.0000e+00  0.0000e+00 
1.4987e+03     0.0000e+00  0.0000e+00     0.0000e+00  0.0000e+00     0.0000e+00  0.0000e+00     0.0000e+00  0.0000e+00 
1.6816e+03     0.0000e+00  0.0000e+00     0.0000e+00  0.0000e+00     0.0000e+00  0.0000e+00     0.0000e+00  0.0000e+00 
1.8868e+03     0.0000e+00  0.0000e+00     0.0000e+00  0.0000e+00     0.0000e+00  0.0000e+00     0.0000e+00  0.0000e+00 
2.1170e+03     0.0000e+00  0.0000e+00     0.0000e+00  0.0000e+00     0.0000e+00  0.0000e+00     0.0000e+00  0.0000e+00 
2.3753e+03     0.0000e+00  0.0000e+00     0.0000e+00  0.0000e+00     0.0000e+00  0.0000e+00     0.0000e+00  0.0000e+00 
2.6651e+03     0.0000e+00  0.0000e+00     0.0000e+00  0.0000e+00     0.0000e+00  0.0000e+00     0.0000e+00  0.0000e+00 
2.9903e+03     0.0000e+00  0.0000e+00     0.0000e+00  0.0000e+00     0.0000e+00  0.0000e+00     0.0000e+00  0.0000e+00 
3.3552e+03     0.0000e+00  0.0000e+00     0.0000e+00  0.0000e+00     0.0000e+00  0.0000e+00     0.0000e+00  0.0000e+00 
3.7646e+03     0.0000e+00  0.0000e+00     0.0000e+00  0.0000e+00     0.0000e+00  0.0000e+00     0.0000e+00  0.0000e+00 
4.2240e+03     0.0000e+00  0.0000e+00     0.0000e+00  0.0000e+00     0.0000e+00  0.0000e+00     0.0000e+00  0.0000e+00 
4.7394e+03     0.0000e+00  0.0000e+00     0.0000e+00  0.0000e+00     0.0000e+00  0.0000e+00     0.0000e+00  0.0000e+00 
5.3176e+03     0.0000e+00  0.0000e+00     0.0000e+00  0.0000e+00     0.0000e+00  0.0000e+00     0.0000e+00  0.0000e+00 
5.9665e+03     0.0000e+00  0.0000e+00     0.0000e+00  0.0000e+00     0.0000e+00  0.0000e+00     0.0000e+00  0.0000e+00 
6.6945e+03     0.0000e+00  0.0000e+00     0.0000e+00  0.0000e+00     0.0000e+00  0.0000e+00     0.0000e+00  0.0000e+00 
7.5114e+03     0.0000e+00  0.0000e+00     0.0000e+00  0.0000e+00     0.0000e+00  0.0000e+00     0.0000e+00  0.0000e+00 
8.4279e+03     0.0000e+00  0.0000e+00     0.0000e+00  0.0000e+00     0.0000e+00  0.0000e+00     0.0000e+00  0.0000e+00 
9.4563e+03     0.0000e+00  0.0000e+00     0.0000e+00  0.0000e+00     0.0000e+00  0.0000e+00     0.0000e+00  0.0000e+00 
