yF = 3.3642e-01 (std: 2.5459e-03) keV/um
yD = 1.5013e+00 (std: 1.3454e+00) keV/um
y (keV/um)     f(y)(std)                  yf(y)(std)                 d(y)(std)                  yd(y)(std)  
1.0610e-03     1.6569e-02  6.2862e-03     1.7580e-05  6.6697e-06     5.2255e-05  1.9829e-05     5.5443e-08  2.1039e-08 
1.1905e-03     1.4767e-02  1.2235e-02     1.7580e-05  1.4565e-05     5.2255e-05  4.3295e-05     6.2208e-08  5.1542e-08 
1.3357e-03     1.9742e-02  1.0471e-02     2.6370e-05  1.3986e-05     7.8382e-05  4.1577e-05     1.0470e-07  5.5535e-08 
1.4987e-03     2.9325e-02  1.5399e-02     4.3949e-05  2.3078e-05     1.3064e-04  6.8606e-05     1.9579e-07  1.0282e-07 
1.6816e-03     3.6590e-02  7.7278e-02     6.1529e-05  1.2995e-04     1.8289e-04  3.8627e-04     3.0755e-07  6.4954e-07 
1.8868e-03     2.3293e-02  1.0030e-02     4.3949e-05  1.8925e-05     1.3064e-04  5.6262e-05     2.4648e-07  1.0615e-07 
2.1170e-03     1.2456e-02  4.6702e-03     2.6370e-05  9.8868e-06     7.8382e-05  2.9394e-05     1.6593e-07  6.2227e-08 
2.3753e-03     4.4406e-02  1.3319e-02     1.0548e-04  3.1638e-05     3.1353e-04  9.4071e-05     7.4473e-07  2.2345e-07 
2.6651e-03     3.9577e-02  1.1414e-02     1.0548e-04  3.0419e-05     3.1353e-04  9.0449e-05     8.3560e-07  2.4106e-07 
2.9903e-03     2.6455e-02  6.4428e-03     7.9109e-05  1.9266e-05     2.3515e-04  5.7294e-05     7.0317e-07  1.7133e-07 
3.3552e-03     4.9776e-02  1.9655e-02     1.6701e-04  6.5946e-05     4.9642e-04  1.9606e-04     1.6656e-06  6.5781e-07 
3.7646e-03     3.2688e-02  1.3434e-02     1.2306e-04  5.0573e-05     3.6578e-04  1.5035e-04     1.3770e-06  5.6601e-07 
4.2240e-03     5.4105e-02  1.1334e-02     2.2854e-04  4.7876e-05     6.7931e-04  1.4240e-04     2.8694e-06  6.0149e-07 
4.7394e-03     6.1204e-02  1.1235e-02     2.9007e-04  5.3245e-05     8.6220e-04  1.5840e-04     4.0863e-06  7.5073e-07 
5.3176e-03     4.6283e-02  1.0485e-02     2.4612e-04  5.5755e-05     7.3157e-04  1.6582e-04     3.8902e-06  8.8177e-07 
5.9665e-03     5.5982e-02  1.2082e-02     3.3402e-04  7.2086e-05     9.9284e-04  2.1440e-04     5.9238e-06  1.2792e-06 
6.6945e-03     6.6963e-02  2.2002e-02     4.4828e-04  1.4729e-04     1.3325e-03  4.3794e-04     8.9204e-06  2.9318e-06 
7.5114e-03     4.9149e-02  1.0367e-02     3.6918e-04  7.7869e-05     1.0974e-03  2.3161e-04     8.2426e-06  1.7397e-06 
8.4279e-03     2.0859e-03  2.5522e-03     1.7580e-05  2.1510e-05     5.2255e-05  6.3938e-05     4.4040e-07  5.3886e-07 
9.4563e-03     1.8591e-03  4.2149e-04     1.7580e-05  3.9857e-06     5.2255e-05  1.1854e-05     4.9413e-07  1.1209e-07 
1.0610e-02     1.6569e-03  8.2758e-04     1.7580e-05  8.7807e-06     5.2255e-05  2.6103e-05     5.5443e-07  2.7696e-07 
1.1905e-02     1.7935e+00  4.2622e-02     2.1351e-02  5.0740e-04     6.3463e-02  1.5828e-03     7.5551e-04  1.8843e-05 
1.3357e-02     1.4583e+00  2.8167e-02     1.9478e-02  3.7623e-04     5.7898e-02  1.2011e-03     7.7337e-04  1.6043e-05 
1.4987e-02     1.1853e+00  2.5342e-02     1.7764e-02  3.7980e-04     5.2803e-02  1.1976e-03     7.9137e-04  1.7948e-05 
1.6816e-02     9.4559e-01  4.0242e-02     1.5901e-02  6.7670e-04     4.7264e-02  2.0430e-03     7.9479e-04  3.4355e-05 
1.8868e-02     7.4120e-01  3.4260e-02     1.3985e-02  6.4640e-04     4.1569e-02  1.9470e-03     7.8431e-04  3.6735e-05 
2.1170e-02     5.8544e-01  2.1385e-02     1.2394e-02  4.5271e-04     3.6840e-02  1.3742e-03     7.7989e-04  2.9093e-05 
2.3753e-02     7.4529e-01  2.9730e-02     1.7703e-02  7.0617e-04     5.2621e-02  2.1365e-03     1.2499e-03  5.0748e-05 
2.6651e-02     9.9867e-01  4.1778e-02     2.6616e-02  1.1134e-03     7.9114e-02  3.3633e-03     2.1085e-03  8.9637e-05 
2.9903e-02     1.0791e+00  2.3468e-02     3.2268e-02  7.0177e-04     9.5914e-02  2.2086e-03     2.8681e-03  6.6045e-05 
3.3552e-02     9.5465e-01  1.9557e-02     3.2030e-02  6.5619e-04     9.5208e-02  2.0793e-03     3.1944e-03  6.9765e-05 
3.7646e-02     9.9022e-01  1.7063e-02     3.7278e-02  6.4235e-04     1.1081e-01  2.0854e-03     4.1714e-03  7.8505e-05 
4.2240e-02     1.1042e+00  3.4366e-02     4.6639e-02  1.4516e-03     1.3863e-01  4.4405e-03     5.8557e-03  1.8757e-04 
4.7394e-02     1.1169e+00  2.3408e-02     5.2933e-02  1.1094e-03     1.5734e-01  3.5060e-03     7.4569e-03  1.6616e-04 
5.3176e-02     1.1921e+00  1.4581e-02     6.3393e-02  7.7536e-04     1.8843e-01  2.7102e-03     1.0020e-02  1.4412e-04 
5.9665e-02     1.3120e+00  2.4548e-02     7.8283e-02  1.4647e-03     2.3269e-01  4.6963e-03     1.3883e-02  2.8020e-04 
6.6945e-02     1.4095e+00  1.0074e-02     9.4360e-02  6.7442e-04     2.8048e-01  2.9196e-03     1.8777e-02  1.9545e-04 
7.5114e-02     1.4745e+00  3.3013e-02     1.1075e-01  2.4797e-03     3.2921e-01  7.7804e-03     2.4728e-02  5.8441e-04 
8.4279e-02     1.6574e+00  3.2030e-02     1.3968e-01  2.6995e-03     4.1519e-01  8.6172e-03     3.4992e-02  7.2625e-04 
9.4563e-02     1.7935e+00  1.3035e-02     1.6960e-01  1.2326e-03     5.0413e-01  5.2895e-03     4.7672e-02  5.0018e-04 
1.0610e-01     1.9288e+00  3.5737e-02     2.0465e-01  3.7917e-03     6.0830e-01  1.2174e-02     6.4541e-02  1.2917e-03 
1.1905e-01     2.1028e+00  1.8042e-02     2.5033e-01  2.1479e-03     7.4408e-01  8.5128e-03     8.8581e-02  1.0134e-03 
1.3357e-01     2.2498e+00  1.6970e-02     3.0051e-01  2.2668e-03     8.9324e-01  9.5442e-03     1.1931e-01  1.2748e-03 
1.4987e-01     2.4107e+00  2.8804e-02     3.6130e-01  4.3169e-03     1.0739e+00  1.5189e-02     1.6095e-01  2.2764e-03 
1.6816e-01     2.6094e+00  2.1476e-02     4.3880e-01  3.6114e-03     1.3043e+00  1.4583e-02     2.1933e-01  2.4522e-03 
1.8868e-01     2.7060e+00  3.3621e-02     5.1055e-01  6.3435e-03     1.5176e+00  2.2078e-02     2.8633e-01  4.1656e-03 
2.1170e-01     2.7428e+00  2.0956e-02     5.8064e-01  4.4364e-03     1.7259e+00  1.8560e-02     3.6538e-01  3.9292e-03 
2.3753e-01     2.6904e+00  1.5575e-02     6.3905e-01  3.6996e-03     1.8995e+00  1.8099e-02     4.5120e-01  4.2990e-03 
2.6651e-01     2.5310e+00  1.0136e-02     6.7455e-01  2.7014e-03     2.0050e+00  1.7167e-02     5.3437e-01  4.5752e-03 
2.9903e-01     2.2246e+00  1.4889e-02     6.6523e-01  4.4524e-03     1.9773e+00  1.9977e-02     5.9129e-01  5.9737e-03 
3.3552e-01     1.8546e+00  6.3022e-03     6.2225e-01  2.1145e-03     1.8496e+00  1.5344e-02     6.2058e-01  5.1481e-03 
3.7646e-01     1.4403e+00  9.8473e-03     5.4221e-01  3.7071e-03     1.6117e+00  1.6437e-02     6.0674e-01  6.1879e-03 
4.2240e-01     1.0516e+00  6.7640e-03     4.4421e-01  2.8571e-03     1.3204e+00  1.3113e-02     5.5772e-01  5.5391e-03 
4.7394e-01     7.1291e-01  7.3863e-03     3.3787e-01  3.5006e-03     1.0043e+00  1.2886e-02     4.7598e-01  6.1069e-03 
5.3176e-01     4.7761e-01  6.4946e-03     2.5398e-01  3.4536e-03     7.5492e-01  1.1748e-02     4.0144e-01  6.2472e-03 
5.9665e-01     3.0383e-01  6.2317e-03     1.8128e-01  3.7182e-03     5.3885e-01  1.1780e-02     3.2151e-01  7.0287e-03 
6.6945e-01     2.0026e-01  1.6815e-03     1.3406e-01  1.1257e-03     3.9849e-01  4.5045e-03     2.6677e-01  3.0155e-03 
7.5114e-01     1.3654e-01  3.0997e-03     1.0256e-01  2.3283e-03     3.0485e-01  7.2951e-03     2.2899e-01  5.4796e-03 
8.4279e-01     9.2260e-02  1.4683e-03     7.7755e-02  1.2375e-03     2.3112e-01  4.0730e-03     1.9479e-01  3.4327e-03 
9.4563e-01     6.7763e-02  9.6938e-04     6.4078e-02  9.1667e-04     1.9047e-01  3.0825e-03     1.8011e-01  2.9149e-03 
1.0610e+00     4.9226e-02  1.3947e-03     5.2230e-02  1.4798e-03     1.5525e-01  4.5528e-03     1.6472e-01  4.8306e-03 
1.1905e+00     3.5205e-02  5.9503e-04     4.1910e-02  7.0837e-04     1.2458e-01  2.3070e-03     1.4830e-01  2.7464e-03 
1.3357e+00     2.6408e-02  6.3459e-04     3.5274e-02  8.4764e-04     1.0485e-01  2.6415e-03     1.4005e-01  3.5284e-03 
1.4987e+00     2.0692e-02  5.7518e-04     3.1011e-02  8.6203e-04     9.2177e-02  2.6556e-03     1.3815e-01  3.9800e-03 
1.6816e+00     1.5519e-02  7.2685e-04     2.6097e-02  1.2223e-03     7.7572e-02  3.6802e-03     1.3044e-01  6.1886e-03 
1.8868e+00     1.1749e-02  5.0793e-04     2.2168e-02  9.5835e-04     6.5893e-02  2.8920e-03     1.2433e-01  5.4565e-03 
2.1170e+00     9.0141e-03  2.7286e-04     1.9083e-02  5.7765e-04     5.6723e-02  1.7699e-03     1.2008e-01  3.7468e-03 
2.3753e+00     6.8904e-03  5.3998e-04     1.6367e-02  1.2826e-03     4.8649e-02  3.8302e-03     1.1556e-01  9.0979e-03 
2.6651e+00     5.0593e-03  3.1102e-04     1.3484e-02  8.2891e-04     4.0079e-02  2.4825e-03     1.0682e-01  6.6162e-03 
2.9903e+00     3.8242e-03  2.5854e-04     1.1436e-02  7.7311e-04     3.3992e-02  2.3124e-03     1.0165e-01  6.9147e-03 
3.3552e+00     2.8372e-03  1.6022e-04     9.5195e-03  5.3757e-04     2.8296e-02  1.6122e-03     9.4939e-02  5.4091e-03 
3.7646e+00     2.0874e-03  5.0511e-05     7.8582e-03  1.9015e-04     2.3358e-02  5.9221e-04     8.7933e-02  2.2294e-03 
4.2240e+00     1.4567e-03  2.4285e-04     6.1529e-03  1.0258e-03     1.8289e-02  3.0522e-03     7.7253e-02  1.2892e-02 
4.7394e+00     8.3645e-04  4.0451e-05     3.9642e-03  1.9171e-04     1.1783e-02  5.7678e-04     5.5846e-02  2.7336e-03 
5.3176e+00     6.0995e-04  5.9541e-05     3.2435e-03  3.1662e-04     9.6410e-03  9.4395e-04     5.1267e-02  5.0196e-03 
5.9665e+00     3.7125e-04  3.3391e-05     2.2151e-03  1.9923e-04     6.5841e-03  5.9428e-04     3.9284e-02  3.5458e-03 
6.6945e+00     1.9564e-04  2.1346e-05     1.3097e-03  1.4290e-04     3.8930e-03  4.2579e-04     2.6062e-02  2.8505e-03 
7.5114e+00     8.1915e-05  1.8120e-05     6.1529e-04  1.3611e-04     1.8289e-03  4.0481e-04     1.3738e-02  3.0407e-03 
8.4279e+00     2.8160e-05  5.4277e-06     2.3733e-04  4.5744e-05     7.0544e-04  1.3608e-04     5.9454e-03  1.1468e-03 
9.4563e+00     9.2953e-06  3.0929e-06     8.7899e-05  2.9248e-05     2.6127e-04  8.6959e-05     2.4707e-03  8.2231e-04 
1.0610e+01     4.9707e-06  1.3890e-06     5.2739e-05  1.4738e-05     1.5676e-04  4.3823e-05     1.6633e-03  4.6497e-04 
1.1905e+01     2.2151e-06  1.3958e-06     2.6370e-05  1.6617e-05     7.8382e-05  4.9396e-05     9.3312e-04  5.8804e-04 
1.3357e+01     0.0000e+00  0.0000e+00     0.0000e+00  0.0000e+00     0.0000e+00  0.0000e+00     0.0000e+00  0.0000e+00 
1.4987e+01     0.0000e+00  0.0000e+00     0.0000e+00  0.0000e+00     0.0000e+00  0.0000e+00     0.0000e+00  0.0000e+00 
1.6816e+01     5.2271e-07  9.7177e-07     8.7899e-06  1.6341e-05     2.6127e-05  4.8573e-05     4.3935e-04  8.1680e-04 
1.8868e+01     0.0000e+00  0.0000e+00     0.0000e+00  0.0000e+00     0.0000e+00  0.0000e+00     0.0000e+00  0.0000e+00 
2.1170e+01     0.0000e+00  0.0000e+00     0.0000e+00  0.0000e+00     0.0000e+00  0.0000e+00     0.0000e+00  0.0000e+00 
2.3753e+01     0.0000e+00  0.0000e+00     0.0000e+00  0.0000e+00     0.0000e+00  0.0000e+00     0.0000e+00  0.0000e+00 
2.6651e+01     0.0000e+00  0.0000e+00     0.0000e+00  0.0000e+00     0.0000e+00  0.0000e+00     0.0000e+00  0.0000e+00 
2.9903e+01     0.0000e+00  0.0000e+00     0.0000e+00  0.0000e+00     0.0000e+00  0.0000e+00     0.0000e+00  0.0000e+00 
3.3552e+01     2.6198e-07  9.8006e-08     8.7899e-06  3.2883e-06     2.6127e-05  9.7763e-06     8.7663e-04  3.2802e-04 
3.7646e+01     0.0000e+00  0.0000e+00     0.0000e+00  0.0000e+00     0.0000e+00  0.0000e+00     0.0000e+00  0.0000e+00 
4.2240e+01     0.0000e+00  0.0000e+00     0.0000e+00  0.0000e+00     0.0000e+00  0.0000e+00     0.0000e+00  0.0000e+00 
4.7394e+01     1.8547e-07  1.7607e-07     8.7899e-06  8.3444e-06     2.6127e-05  2.4804e-05     1.2383e-03  1.1756e-03 
5.3176e+01     0.0000e+00  0.0000e+00     0.0000e+00  0.0000e+00     0.0000e+00  0.0000e+00     0.0000e+00  0.0000e+00 
5.9665e+01     0.0000e+00  0.0000e+00     0.0000e+00  0.0000e+00     0.0000e+00  0.0000e+00     0.0000e+00  0.0000e+00 
6.6945e+01     0.0000e+00  0.0000e+00     0.0000e+00  0.0000e+00     0.0000e+00  0.0000e+00     0.0000e+00  0.0000e+00 
7.5114e+01     0.0000e+00  0.0000e+00     0.0000e+00  0.0000e+00     0.0000e+00  0.0000e+00     0.0000e+00  0.0000e+00 
8.4279e+01     0.0000e+00  0.0000e+00     0.0000e+00  0.0000e+00     0.0000e+00  0.0000e+00     0.0000e+00  0.0000e+00 
9.4563e+01     0.0000e+00  0.0000e+00     0.0000e+00  0.0000e+00     0.0000e+00  0.0000e+00     0.0000e+00  0.0000e+00 
1.0610e+02     8.2845e-08  1.1716e-08     8.7899e-06  1.2431e-06     2.6127e-05  3.7004e-06     2.7721e-03  3.9261e-04 
1.1905e+02     7.3835e-08  3.9802e-08     8.7899e-06  4.7383e-06     2.6127e-05  1.4086e-05     3.1104e-03  1.6769e-03 
1.3357e+02     0.0000e+00  0.0000e+00     0.0000e+00  0.0000e+00     0.0000e+00  0.0000e+00     0.0000e+00  0.0000e+00 
1.4987e+02     5.8650e-08  1.8544e-08     8.7899e-06  2.7792e-06     2.6127e-05  8.2634e-06     3.9158e-03  1.2384e-03 
1.6816e+02     5.2271e-08  3.6703e-08     8.7899e-06  6.1720e-06     2.6127e-05  1.8347e-05     4.3935e-03  3.0852e-03 
1.8868e+02     4.6587e-08  5.4724e-07     8.7899e-06  1.0325e-04     2.6127e-05  3.0691e-04     4.9296e-03  5.7907e-02 
2.1170e+02     0.0000e+00  0.0000e+00     0.0000e+00  0.0000e+00     0.0000e+00  0.0000e+00     0.0000e+00  0.0000e+00 
2.3753e+02     0.0000e+00  0.0000e+00     0.0000e+00  0.0000e+00     0.0000e+00  0.0000e+00     0.0000e+00  0.0000e+00 
2.6651e+02     0.0000e+00  0.0000e+00     0.0000e+00  0.0000e+00     0.0000e+00  0.0000e+00     0.0000e+00  0.0000e+00 
2.9903e+02     0.0000e+00  0.0000e+00     0.0000e+00  0.0000e+00     0.0000e+00  0.0000e+00     0.0000e+00  0.0000e+00 
3.3552e+02     2.6198e-08  3.6870e-08     8.7899e-06  1.2371e-05     2.6127e-05  3.6771e-05     8.7663e-03  1.2338e-02 
3.7646e+02     0.0000e+00  0.0000e+00     0.0000e+00  0.0000e+00     0.0000e+00  0.0000e+00     0.0000e+00  0.0000e+00 
4.2240e+02     0.0000e+00  0.0000e+00     0.0000e+00  0.0000e+00     0.0000e+00  0.0000e+00     0.0000e+00  0.0000e+00 
4.7394e+02     0.0000e+00  0.0000e+00     0.0000e+00  0.0000e+00     0.0000e+00  0.0000e+00     0.0000e+00  0.0000e+00 
5.3176e+02     0.0000e+00  0.0000e+00     0.0000e+00  0.0000e+00     0.0000e+00  0.0000e+00     0.0000e+00  0.0000e+00 
5.9665e+02     0.0000e+00  0.0000e+00     0.0000e+00  0.0000e+00     0.0000e+00  0.0000e+00     0.0000e+00  0.0000e+00 
6.6945e+02     0.0000e+00  0.0000e+00     0.0000e+00  0.0000e+00     0.0000e+00  0.0000e+00     0.0000e+00  0.0000e+00 
7.5114e+02     0.0000e+00  0.0000e+00     0.0000e+00  0.0000e+00     0.0000e+00  0.0000e+00     0.0000e+00  0.0000e+00 
8.4279e+02     0.0000e+00  0.0000e+00     0.0000e+00  0.0000e+00     0.0000e+00  0.0000e+00     0.0000e+00  0.0000e+00 
9.4563e+02     0.0000e+00  0.0000e+00     0.0000e+00  0.0000e+00     0.0000e+00  0.0000e+00     0.0000e+00  0.0000e+00 
1.0610e+03     0.0000e+00  0.0000e+00     0.0000e+00  0.0000e+00     0.0000e+00  0.0000e+00     0.0000e+00  0.0000e+00 
1.1905e+03     0.0000e+00  0.0000e+00     0.0000e+00  0.0000e+00     0.0000e+00  0.0000e+00     0.0000e+00  0.0000e+00 
1.3357e+03     0.0000e+00  0.0000e+00     0.0000e+00  0.0000e+00     0.0000e+00  0.0000e+00     0.0000e+00  0.0000e+00 
1.4987e+03     0.0000e+00  0.0000e+00     0.0000e+00  0.0000e+00     0.0000e+00  0.0000e+00     0.0000e+00  0.0000e+00 
1.6816e+03     0.0000e+00  0.0000e+00     0.0000e+00  0.0000e+00     0.0000e+00  0.0000e+00     0.0000e+00  0.0000e+00 
1.8868e+03     0.0000e+00  0.0000e+00     0.0000e+00  0.0000e+00     0.0000e+00  0.0000e+00     0.0000e+00  0.0000e+00 
2.1170e+03     0.0000e+00  0.0000e+00     0.0000e+00  0.0000e+00     0.0000e+00  0.0000e+00     0.0000e+00  0.0000e+00 
2.3753e+03     0.0000e+00  0.0000e+00     0.0000e+00  0.0000e+00     0.0000e+00  0.0000e+00     0.0000e+00  0.0000e+00 
2.6651e+03     0.0000e+00  0.0000e+00     0.0000e+00  0.0000e+00     0.0000e+00  0.0000e+00     0.0000e+00  0.0000e+00 
2.9903e+03     0.0000e+00  0.0000e+00     0.0000e+00  0.0000e+00     0.0000e+00  0.0000e+00     0.0000e+00  0.0000e+00 
3.3552e+03     0.0000e+00  0.0000e+00     0.0000e+00  0.0000e+00     0.0000e+00  0.0000e+00     0.0000e+00  0.0000e+00 
3.7646e+03     0.0000e+00  0.0000e+00     0.0000e+00  0.0000e+00     0.0000e+00  0.0000e+00     0.0000e+00  0.0000e+00 
4.2240e+03     0.0000e+00  0.0000e+00     0.0000e+00  0.0000e+00     0.0000e+00  0.0000e+00     0.0000e+00  0.0000e+00 
4.7394e+03     0.0000e+00  0.0000e+00     0.0000e+00  0.0000e+00     0.0000e+00  0.0000e+00     0.0000e+00  0.0000e+00 
5.3176e+03     0.0000e+00  0.0000e+00     0.0000e+00  0.0000e+00     0.0000e+00  0.0000e+00     0.0000e+00  0.0000e+00 
5.9665e+03     0.0000e+00  0.0000e+00     0.0000e+00  0.0000e+00     0.0000e+00  0.0000e+00     0.0000e+00  0.0000e+00 
6.6945e+03     0.0000e+00  0.0000e+00     0.0000e+00  0.0000e+00     0.0000e+00  0.0000e+00     0.0000e+00  0.0000e+00 
7.5114e+03     0.0000e+00  0.0000e+00     0.0000e+00  0.0000e+00     0.0000e+00  0.0000e+00     0.0000e+00  0.0000e+00 
8.4279e+03     0.0000e+00  0.0000e+00     0.0000e+00  0.0000e+00     0.0000e+00  0.0000e+00     0.0000e+00  0.0000e+00 
9.4563e+03     0.0000e+00  0.0000e+00     0.0000e+00  0.0000e+00     0.0000e+00  0.0000e+00     0.0000e+00  0.0000e+00 
