yF = 3.2472e-01 (std: 1.0574e-03) keV/um
yD = 2.1235e+00 (std: 5.8525e-01) keV/um
y (keV/um)     f(y)(std)                  yf(y)(std)                 d(y)(std)                  yd(y)(std)  
1.0610e-03     3.3161e-02  1.5610e-02     3.5185e-05  1.6562e-05     1.0835e-04  5.1005e-05     1.1496e-07  5.4117e-08 
1.1905e-03     0.0000e+00  0.0000e+00     0.0000e+00  0.0000e+00     0.0000e+00  0.0000e+00     0.0000e+00  0.0000e+00 
1.3357e-03     2.6341e-02  1.6880e-02     3.5185e-05  2.2547e-05     1.0835e-04  6.9436e-05     1.4473e-07  9.2748e-08 
1.4987e-03     1.7607e-02  1.1591e-02     2.6388e-05  1.7372e-05     8.1266e-05  5.3499e-05     1.2179e-07  8.0180e-08 
1.6816e-03     2.6154e-02  3.2613e-02     4.3981e-05  5.4841e-05     1.3544e-04  1.6889e-04     2.2776e-07  2.8400e-07 
1.8868e-03     3.7296e-02  1.4280e-02     7.0369e-05  2.6943e-05     2.1671e-04  8.2976e-05     4.0888e-07  1.5656e-07 
2.1170e-03     2.9085e-02  1.3454e-02     6.1573e-05  2.8482e-05     1.8962e-04  8.7714e-05     4.0142e-07  1.8569e-07 
2.3753e-03     3.7032e-02  1.6842e-02     8.7961e-05  4.0005e-05     2.7089e-04  1.2320e-04     6.4344e-07  2.9264e-07 
2.6651e-03     3.6305e-02  4.0616e-02     9.6758e-05  1.0825e-04     2.9797e-04  3.3336e-04     7.9414e-07  8.8845e-07 
2.9903e-03     2.9415e-02  7.4471e-03     8.7961e-05  2.2269e-05     2.7089e-04  6.8586e-05     8.1004e-07  2.0509e-07 
3.3552e-03     4.4568e-02  1.2379e-02     1.4953e-04  4.1533e-05     4.6051e-04  1.2791e-04     1.5451e-06  4.2917e-07 
3.7646e-03     4.9067e-02  1.1824e-02     1.8472e-04  4.4512e-05     5.6886e-04  1.3709e-04     2.1415e-06  5.1609e-07 
4.2240e-03     4.9979e-02  1.5040e-02     2.1111e-04  6.3528e-05     6.5012e-04  1.9565e-04     2.7461e-06  8.2642e-07 
4.7394e-03     5.3823e-02  1.9615e-02     2.5509e-04  9.2965e-05     7.8557e-04  2.8630e-04     3.7231e-06  1.3569e-06 
5.3176e-03     5.9549e-02  3.9693e-02     3.1666e-04  2.1107e-04     9.7519e-04  6.5002e-04     5.1857e-06  3.4566e-06 
5.9665e-03     4.7176e-02  1.2600e-02     2.8148e-04  7.5176e-05     8.6683e-04  2.3153e-04     5.1720e-06  1.3814e-06 
6.6945e-03     8.0150e-02  1.1204e-02     5.3656e-04  7.5005e-05     1.6524e-03  2.3105e-04     1.1062e-05  1.5468e-06 
7.5114e-03     4.9184e-02  1.2145e-02     3.6944e-04  9.1227e-05     1.1377e-03  2.8097e-04     8.5458e-06  2.1104e-06 
8.4279e-03     0.0000e+00  0.0000e+00     0.0000e+00  0.0000e+00     0.0000e+00  0.0000e+00     0.0000e+00  0.0000e+00 
9.4563e-03     4.6510e-03  1.1138e-02     4.3981e-05  1.0533e-04     1.3544e-04  3.2436e-04     1.2808e-06  3.0672e-06 
1.0610e-02     8.2904e-04  6.0295e-04     8.7961e-06  6.3974e-06     2.7089e-05  1.9702e-05     2.8741e-07  2.0904e-07 
1.1905e-02     1.9846e+00  1.4831e-01     2.3626e-02  1.7656e-03     7.2760e-02  5.4425e-03     8.6619e-04  6.4792e-05 
1.3357e-02     1.5989e+00  4.4145e-02     2.1357e-02  5.8966e-04     6.5771e-02  1.8285e-03     8.7852e-04  2.4424e-05 
1.4987e-02     1.2724e+00  2.2987e-02     1.9070e-02  3.4451e-04     5.8728e-02  1.0780e-03     8.8016e-04  1.6157e-05 
1.6816e-02     1.0226e+00  4.5868e-02     1.7196e-02  7.7131e-04     5.2958e-02  2.3816e-03     8.9054e-04  4.0048e-05 
1.8868e-02     7.6783e-01  3.8699e-02     1.4487e-02  7.3016e-04     4.4615e-02  2.2533e-03     8.4178e-04  4.2514e-05 
2.1170e-02     6.2616e-01  3.6850e-02     1.3256e-02  7.8011e-04     4.0822e-02  2.4061e-03     8.6421e-04  5.0937e-05 
2.3753e-02     8.0655e-01  4.9936e-02     1.9158e-02  1.1861e-03     5.8999e-02  3.6578e-03     1.4014e-03  8.6885e-05 
2.6651e-02     1.0763e+00  2.6540e-02     2.8684e-02  7.0732e-04     8.8336e-02  2.1972e-03     2.3543e-03  5.8558e-05 
2.9903e-02     1.1237e+00  2.5411e-02     3.3601e-02  7.5988e-04     1.0348e-01  2.3642e-03     3.0943e-03  7.0699e-05 
3.3552e-02     1.0413e+00  2.1586e-02     3.4938e-02  7.2425e-04     1.0760e-01  2.2577e-03     3.6101e-03  7.5752e-05 
3.7646e-02     1.0767e+00  3.4872e-02     4.0533e-02  1.3128e-03     1.2482e-01  4.0633e-03     4.6991e-03  1.5297e-04 
4.2240e-02     1.1824e+00  1.8349e-02     4.9945e-02  7.7505e-04     1.5381e-01  2.4388e-03     6.4968e-03  1.0302e-04 
4.7394e-02     1.2285e+00  2.2425e-02     5.8222e-02  1.0628e-03     1.7930e-01  3.3247e-03     8.4976e-03  1.5757e-04 
5.3176e-02     1.2848e+00  2.3412e-02     6.8320e-02  1.2449e-03     2.1040e-01  3.8946e-03     1.1188e-02  2.0710e-04 
5.9665e-02     1.4157e+00  3.6824e-02     8.4469e-02  2.1971e-03     2.6013e-01  6.8190e-03     1.5521e-02  4.0686e-04 
6.6945e-02     1.5140e+00  2.0558e-02     1.0136e-01  1.3762e-03     3.1214e-01  4.3584e-03     2.0896e-02  2.9177e-04 
7.5114e-02     1.5995e+00  2.2238e-02     1.2015e-01  1.6704e-03     3.7000e-01  5.2833e-03     2.7792e-02  3.9685e-04 
8.4279e-02     1.7754e+00  3.9155e-02     1.4963e-01  3.2999e-03     4.6080e-01  1.0273e-02     3.8836e-02  8.6577e-04 
9.4563e-02     1.9358e+00  9.5873e-03     1.8306e-01  9.0660e-04     5.6374e-01  3.3414e-03     5.3309e-02  3.1597e-04 
1.0610e-01     2.0596e+00  2.7268e-02     2.1852e-01  2.8932e-03     6.7296e-01  9.1754e-03     7.1402e-02  9.7352e-04 
1.1905e-01     2.2468e+00  1.7119e-02     2.6747e-01  2.0380e-03     8.2371e-01  6.8254e-03     9.8060e-02  8.1255e-04 
1.3357e-01     2.4234e+00  2.2126e-02     3.2371e-01  2.9555e-03     9.9689e-01  9.6632e-03     1.3316e-01  1.2907e-03 
1.4987e-01     2.5528e+00  9.4822e-03     3.8260e-01  1.4211e-03     1.1782e+00  5.8201e-03     1.7659e-01  8.7227e-04 
1.6816e-01     2.7381e+00  2.7288e-02     4.6043e-01  4.5888e-03     1.4179e+00  1.4867e-02     2.3844e-01  2.5000e-03 
1.8868e-01     2.8100e+00  1.7633e-02     5.3019e-01  3.3269e-03     1.6328e+00  1.1543e-02     3.0806e-01  2.1779e-03 
2.1170e-01     2.8204e+00  1.2852e-02     5.9708e-01  2.7209e-03     1.8388e+00  1.0299e-02     3.8927e-01  2.1802e-03 
2.3753e-01     2.7235e+00  9.8073e-03     6.4691e-01  2.3295e-03     1.9922e+00  9.6722e-03     4.7321e-01  2.2974e-03 
2.6651e-01     2.5228e+00  2.3093e-02     6.7236e-01  6.1545e-03     2.0706e+00  2.0117e-02     5.5184e-01  5.3614e-03 
2.9903e-01     2.1718e+00  1.4977e-02     6.4944e-01  4.4788e-03     2.0000e+00  1.5253e-02     5.9807e-01  4.5611e-03 
3.3552e-01     1.7720e+00  9.7628e-03     5.9454e-01  3.2756e-03     1.8309e+00  1.1718e-02     6.1432e-01  3.9315e-03 
3.7646e-01     1.3606e+00  5.3881e-03     5.1223e-01  2.0284e-03     1.5774e+00  8.0874e-03     5.9385e-01  3.0446e-03 
4.2240e-01     9.7333e-01  7.0121e-03     4.1113e-01  2.9619e-03     1.2661e+00  1.0010e-02     5.3480e-01  4.2281e-03 
4.7394e-01     6.6225e-01  6.3603e-03     3.1386e-01  3.0144e-03     9.6657e-01  9.8020e-03     4.5809e-01  4.6455e-03 
5.3176e-01     4.3195e-01  5.3610e-03     2.2969e-01  2.8508e-03     7.0736e-01  9.0764e-03     3.7615e-01  4.8265e-03 
5.9665e-01     2.7631e-01  6.6615e-03     1.6486e-01  3.9746e-03     5.0769e-01  1.2351e-02     3.0291e-01  7.3694e-03 
6.6945e-01     1.8215e-01  1.6959e-03     1.2194e-01  1.1354e-03     3.7553e-01  3.7041e-03     2.5140e-01  2.4797e-03 
7.5114e-01     1.2643e-01  3.1153e-03     9.4963e-02  2.3400e-03     2.9245e-01  7.2688e-03     2.1967e-01  5.4599e-03 
8.4279e-01     8.6606e-02  1.9815e-03     7.2990e-02  1.6700e-03     2.2478e-01  5.1947e-03     1.8944e-01  4.3780e-03 
9.4563e-01     6.3914e-02  1.7219e-03     6.0438e-02  1.6283e-03     1.8613e-01  5.0509e-03     1.7600e-01  4.7763e-03 
1.0610e+00     4.4519e-02  1.0796e-03     4.7235e-02  1.1455e-03     1.4547e-01  3.5592e-03     1.5434e-01  3.7763e-03 
1.1905e+00     3.3360e-02  9.3723e-04     3.9715e-02  1.1157e-03     1.2230e-01  3.4590e-03     1.4560e-01  4.1179e-03 
1.3357e+00     2.5268e-02  3.7768e-04     3.3751e-02  5.0448e-04     1.0394e-01  1.5900e-03     1.3883e-01  2.1239e-03 
1.4987e+00     1.9022e-02  3.5864e-04     2.8508e-02  5.3750e-04     8.7794e-02  1.6798e-03     1.3158e-01  2.5175e-03 
1.6816e+00     1.4777e-02  2.6688e-04     2.4849e-02  4.4878e-04     7.6525e-02  1.4044e-03     1.2868e-01  2.3616e-03 
1.8868e+00     1.1147e-02  8.9764e-04     2.1032e-02  1.6936e-03     6.4769e-02  5.2200e-03     1.2220e-01  9.8489e-03 
2.1170e+00     8.9250e-03  2.5925e-04     1.8894e-02  5.4884e-04     5.8186e-02  1.7008e-03     1.2318e-01  3.6005e-03 
2.3753e+00     6.4139e-03  1.1451e-04     1.5235e-02  2.7201e-04     4.6917e-02  8.5149e-04     1.1144e-01  2.0225e-03 
2.6651e+00     5.0497e-03  1.2936e-04     1.3458e-02  3.4477e-04     4.1445e-02  1.0703e-03     1.1046e-01  2.8524e-03 
2.9903e+00     3.6387e-03  2.2393e-04     1.0881e-02  6.6962e-04     3.3509e-02  2.0650e-03     1.0020e-01  6.1752e-03 
3.3552e+00     2.6924e-03  2.0630e-04     9.0336e-03  6.9218e-04     2.7820e-02  2.1335e-03     9.3342e-02  7.1585e-03 
3.7646e+00     1.8272e-03  1.1866e-04     6.8786e-03  4.4671e-04     2.1183e-02  1.3774e-03     7.9746e-02  5.1854e-03 
4.2240e+00     1.2640e-03  8.1506e-05     5.3393e-03  3.4428e-04     1.6443e-02  1.0616e-03     6.9453e-02  4.4841e-03 
4.7394e+00     8.4447e-04  5.8774e-05     4.0022e-03  2.7855e-04     1.2325e-02  8.5877e-04     5.8414e-02  4.0700e-03 
5.3176e+00     5.4918e-04  5.3804e-05     2.9203e-03  2.8611e-04     8.9934e-03  8.8159e-04     4.7824e-02  4.6880e-03 
5.9665e+00     3.3318e-04  2.3225e-05     1.9879e-03  1.3857e-04     6.1220e-03  4.2722e-04     3.6527e-02  2.5490e-03 
6.6945e+00     1.7738e-04  3.8626e-05     1.1875e-03  2.5858e-04     3.6570e-03  7.9641e-04     2.4482e-02  5.3316e-03 
7.5114e+00     9.6026e-05  1.0249e-05     7.2128e-04  7.6983e-05     2.2213e-03  2.3719e-04     1.6685e-02  1.7816e-03 
8.4279e+00     3.6529e-05  6.2599e-06     3.0787e-04  5.2758e-05     9.4810e-04  1.6250e-04     7.9905e-03  1.3695e-03 
9.4563e+00     1.1162e-05  4.4441e-06     1.0555e-04  4.2025e-05     3.2506e-04  1.2942e-04     3.0739e-03  1.2239e-03 
1.0610e+01     4.1452e-06  2.2895e-06     4.3981e-05  2.4292e-05     1.3544e-04  7.4811e-05     1.4371e-03  7.9375e-04 
1.1905e+01     2.2166e-06  1.4246e-06     2.6388e-05  1.6959e-05     8.1266e-05  5.2227e-05     9.6744e-04  6.2175e-04 
1.3357e+01     6.5853e-07  5.3952e-07     8.7961e-06  7.2066e-06     2.7089e-05  2.2194e-05     3.6183e-04  2.9645e-04 
1.4987e+01     0.0000e+00  0.0000e+00     0.0000e+00  0.0000e+00     0.0000e+00  0.0000e+00     0.0000e+00  0.0000e+00 
1.6816e+01     0.0000e+00  0.0000e+00     0.0000e+00  0.0000e+00     0.0000e+00  0.0000e+00     0.0000e+00  0.0000e+00 
1.8868e+01     0.0000e+00  0.0000e+00     0.0000e+00  0.0000e+00     0.0000e+00  0.0000e+00     0.0000e+00  0.0000e+00 
2.1170e+01     0.0000e+00  0.0000e+00     0.0000e+00  0.0000e+00     0.0000e+00  0.0000e+00     0.0000e+00  0.0000e+00 
2.3753e+01     0.0000e+00  0.0000e+00     0.0000e+00  0.0000e+00     0.0000e+00  0.0000e+00     0.0000e+00  0.0000e+00 
2.6651e+01     0.0000e+00  0.0000e+00     0.0000e+00  0.0000e+00     0.0000e+00  0.0000e+00     0.0000e+00  0.0000e+00 
2.9903e+01     0.0000e+00  0.0000e+00     0.0000e+00  0.0000e+00     0.0000e+00  0.0000e+00     0.0000e+00  0.0000e+00 
3.3552e+01     0.0000e+00  0.0000e+00     0.0000e+00  0.0000e+00     0.0000e+00  0.0000e+00     0.0000e+00  0.0000e+00 
3.7646e+01     0.0000e+00  0.0000e+00     0.0000e+00  0.0000e+00     0.0000e+00  0.0000e+00     0.0000e+00  0.0000e+00 
4.2240e+01     0.0000e+00  0.0000e+00     0.0000e+00  0.0000e+00     0.0000e+00  0.0000e+00     0.0000e+00  0.0000e+00 
4.7394e+01     1.8560e-07  3.2295e-07     8.7961e-06  1.5306e-05     2.7089e-05  4.7135e-05     1.2838e-03  2.2339e-03 
5.3176e+01     0.0000e+00  0.0000e+00     0.0000e+00  0.0000e+00     0.0000e+00  0.0000e+00     0.0000e+00  0.0000e+00 
5.9665e+01     0.0000e+00  0.0000e+00     0.0000e+00  0.0000e+00     0.0000e+00  0.0000e+00     0.0000e+00  0.0000e+00 
6.6945e+01     0.0000e+00  0.0000e+00     0.0000e+00  0.0000e+00     0.0000e+00  0.0000e+00     0.0000e+00  0.0000e+00 
7.5114e+01     0.0000e+00  0.0000e+00     0.0000e+00  0.0000e+00     0.0000e+00  0.0000e+00     0.0000e+00  0.0000e+00 
8.4279e+01     0.0000e+00  0.0000e+00     0.0000e+00  0.0000e+00     0.0000e+00  0.0000e+00     0.0000e+00  0.0000e+00 
9.4563e+01     9.3019e-08  1.0567e-07     8.7961e-06  9.9926e-06     2.7089e-05  3.0773e-05     2.5616e-03  2.9100e-03 
1.0610e+02     0.0000e+00  0.0000e+00     0.0000e+00  0.0000e+00     0.0000e+00  0.0000e+00     0.0000e+00  0.0000e+00 
1.1905e+02     0.0000e+00  0.0000e+00     0.0000e+00  0.0000e+00     0.0000e+00  0.0000e+00     0.0000e+00  0.0000e+00 
1.3357e+02     6.5853e-08  3.4875e-08     8.7961e-06  4.6583e-06     2.7089e-05  1.4346e-05     3.6183e-03  1.9162e-03 
1.4987e+02     0.0000e+00  0.0000e+00     0.0000e+00  0.0000e+00     0.0000e+00  0.0000e+00     0.0000e+00  0.0000e+00 
1.6816e+02     0.0000e+00  0.0000e+00     0.0000e+00  0.0000e+00     0.0000e+00  0.0000e+00     0.0000e+00  0.0000e+00 
1.8868e+02     0.0000e+00  0.0000e+00     0.0000e+00  0.0000e+00     0.0000e+00  0.0000e+00     0.0000e+00  0.0000e+00 
2.1170e+02     0.0000e+00  0.0000e+00     0.0000e+00  0.0000e+00     0.0000e+00  0.0000e+00     0.0000e+00  0.0000e+00 
2.3753e+02     0.0000e+00  0.0000e+00     0.0000e+00  0.0000e+00     0.0000e+00  0.0000e+00     0.0000e+00  0.0000e+00 
2.6651e+02     0.0000e+00  0.0000e+00     0.0000e+00  0.0000e+00     0.0000e+00  0.0000e+00     0.0000e+00  0.0000e+00 
2.9903e+02     0.0000e+00  0.0000e+00     0.0000e+00  0.0000e+00     0.0000e+00  0.0000e+00     0.0000e+00  0.0000e+00 
3.3552e+02     2.6216e-08  2.4458e-08     8.7961e-06  8.2063e-06     2.7089e-05  2.5272e-05     9.0888e-03  8.4794e-03 
3.7646e+02     0.0000e+00  0.0000e+00     0.0000e+00  0.0000e+00     0.0000e+00  0.0000e+00     0.0000e+00  0.0000e+00 
4.2240e+02     0.0000e+00  0.0000e+00     0.0000e+00  0.0000e+00     0.0000e+00  0.0000e+00     0.0000e+00  0.0000e+00 
4.7394e+02     0.0000e+00  0.0000e+00     0.0000e+00  0.0000e+00     0.0000e+00  0.0000e+00     0.0000e+00  0.0000e+00 
5.3176e+02     1.6541e-08  9.0713e-09     8.7961e-06  4.8238e-06     2.7089e-05  1.4856e-05     1.4405e-02  7.8997e-03 
5.9665e+02     0.0000e+00  0.0000e+00     0.0000e+00  0.0000e+00     0.0000e+00  0.0000e+00     0.0000e+00  0.0000e+00 
6.6945e+02     0.0000e+00  0.0000e+00     0.0000e+00  0.0000e+00     0.0000e+00  0.0000e+00     0.0000e+00  0.0000e+00 
7.5114e+02     0.0000e+00  0.0000e+00     0.0000e+00  0.0000e+00     0.0000e+00  0.0000e+00     0.0000e+00  0.0000e+00 
8.4279e+02     0.0000e+00  0.0000e+00     0.0000e+00  0.0000e+00     0.0000e+00  0.0000e+00     0.0000e+00  0.0000e+00 
9.4563e+02     0.0000e+00  0.0000e+00     0.0000e+00  0.0000e+00     0.0000e+00  0.0000e+00     0.0000e+00  0.0000e+00 
1.0610e+03     0.0000e+00  0.0000e+00     0.0000e+00  0.0000e+00     0.0000e+00  0.0000e+00     0.0000e+00  0.0000e+00 
1.1905e+03     0.0000e+00  0.0000e+00     0.0000e+00  0.0000e+00     0.0000e+00  0.0000e+00     0.0000e+00  0.0000e+00 
1.3357e+03     0.0000e+00  0.0000e+00     0.0000e+00  0.0000e+00     0.0000e+00  0.0000e+00     0.0000e+00  0.0000e+00 
1.4987e+03     0.0000e+00  0.0000e+00     0.0000e+00  0.0000e+00     0.0000e+00  0.0000e+00     0.0000e+00  0.0000e+00 
1.6816e+03     0.0000e+00  0.0000e+00     0.0000e+00  0.0000e+00     0.0000e+00  0.0000e+00     0.0000e+00  0.0000e+00 
1.8868e+03     0.0000e+00  0.0000e+00     0.0000e+00  0.0000e+00     0.0000e+00  0.0000e+00     0.0000e+00  0.0000e+00 
2.1170e+03     0.0000e+00  0.0000e+00     0.0000e+00  0.0000e+00     0.0000e+00  0.0000e+00     0.0000e+00  0.0000e+00 
2.3753e+03     0.0000e+00  0.0000e+00     0.0000e+00  0.0000e+00     0.0000e+00  0.0000e+00     0.0000e+00  0.0000e+00 
2.6651e+03     0.0000e+00  0.0000e+00     0.0000e+00  0.0000e+00     0.0000e+00  0.0000e+00     0.0000e+00  0.0000e+00 
2.9903e+03     0.0000e+00  0.0000e+00     0.0000e+00  0.0000e+00     0.0000e+00  0.0000e+00     0.0000e+00  0.0000e+00 
3.3552e+03     0.0000e+00  0.0000e+00     0.0000e+00  0.0000e+00     0.0000e+00  0.0000e+00     0.0000e+00  0.0000e+00 
3.7646e+03     0.0000e+00  0.0000e+00     0.0000e+00  0.0000e+00     0.0000e+00  0.0000e+00     0.0000e+00  0.0000e+00 
4.2240e+03     0.0000e+00  0.0000e+00     0.0000e+00  0.0000e+00     0.0000e+00  0.0000e+00     0.0000e+00  0.0000e+00 
4.7394e+03     0.0000e+00  0.0000e+00     0.0000e+00  0.0000e+00     0.0000e+00  0.0000e+00     0.0000e+00  0.0000e+00 
5.3176e+03     0.0000e+00  0.0000e+00     0.0000e+00  0.0000e+00     0.0000e+00  0.0000e+00     0.0000e+00  0.0000e+00 
5.9665e+03     0.0000e+00  0.0000e+00     0.0000e+00  0.0000e+00     0.0000e+00  0.0000e+00     0.0000e+00  0.0000e+00 
6.6945e+03     0.0000e+00  0.0000e+00     0.0000e+00  0.0000e+00     0.0000e+00  0.0000e+00     0.0000e+00  0.0000e+00 
7.5114e+03     0.0000e+00  0.0000e+00     0.0000e+00  0.0000e+00     0.0000e+00  0.0000e+00     0.0000e+00  0.0000e+00 
8.4279e+03     0.0000e+00  0.0000e+00     0.0000e+00  0.0000e+00     0.0000e+00  0.0000e+00     0.0000e+00  0.0000e+00 
9.4563e+03     0.0000e+00  0.0000e+00     0.0000e+00  0.0000e+00     0.0000e+00  0.0000e+00     0.0000e+00  0.0000e+00 
