yF = 2.3048e+00 (std: 4.9168e-03) keV/um
yD = 3.6899e+00 (std: 4.0602e-01) keV/um
y (keV/um)     f(y)(std)                  yf(y)(std)                 d(y)(std)                  yd(y)(std)  
1.0610e-03     0.0000e+00  0.0000e+00     0.0000e+00  0.0000e+00     0.0000e+00  0.0000e+00     0.0000e+00  0.0000e+00 
1.1905e-03     0.0000e+00  0.0000e+00     0.0000e+00  0.0000e+00     0.0000e+00  0.0000e+00     0.0000e+00  0.0000e+00 
1.3357e-03     0.0000e+00  0.0000e+00     0.0000e+00  0.0000e+00     0.0000e+00  0.0000e+00     0.0000e+00  0.0000e+00 
1.4987e-03     0.0000e+00  0.0000e+00     0.0000e+00  0.0000e+00     0.0000e+00  0.0000e+00     0.0000e+00  0.0000e+00 
1.6816e-03     0.0000e+00  0.0000e+00     0.0000e+00  0.0000e+00     0.0000e+00  0.0000e+00     0.0000e+00  0.0000e+00 
1.8868e-03     0.0000e+00  0.0000e+00     0.0000e+00  0.0000e+00     0.0000e+00  0.0000e+00     0.0000e+00  0.0000e+00 
2.1170e-03     0.0000e+00  0.0000e+00     0.0000e+00  0.0000e+00     0.0000e+00  0.0000e+00     0.0000e+00  0.0000e+00 
2.3753e-03     0.0000e+00  0.0000e+00     0.0000e+00  0.0000e+00     0.0000e+00  0.0000e+00     0.0000e+00  0.0000e+00 
2.6651e-03     0.0000e+00  0.0000e+00     0.0000e+00  0.0000e+00     0.0000e+00  0.0000e+00     0.0000e+00  0.0000e+00 
2.9903e-03     0.0000e+00  0.0000e+00     0.0000e+00  0.0000e+00     0.0000e+00  0.0000e+00     0.0000e+00  0.0000e+00 
3.3552e-03     0.0000e+00  0.0000e+00     0.0000e+00  0.0000e+00     0.0000e+00  0.0000e+00     0.0000e+00  0.0000e+00 
3.7646e-03     2.3230e-03  1.0645e-03     8.7453e-06  4.0075e-06     3.7944e-06  1.7388e-06     1.4284e-08  6.5458e-09 
4.2240e-03     4.1408e-03  1.8372e-03     1.7491e-05  7.7602e-06     7.5888e-06  3.3670e-06     3.2055e-08  1.4222e-08 
4.7394e-03     0.0000e+00  0.0000e+00     0.0000e+00  0.0000e+00     0.0000e+00  0.0000e+00     0.0000e+00  0.0000e+00 
5.3176e-03     3.2892e-03  9.3303e-04     1.7491e-05  4.9615e-06     7.5888e-06  2.1528e-06     4.0354e-08  1.1448e-08 
5.9665e-03     0.0000e+00  0.0000e+00     0.0000e+00  0.0000e+00     0.0000e+00  0.0000e+00     0.0000e+00  0.0000e+00 
6.6945e-03     0.0000e+00  0.0000e+00     0.0000e+00  0.0000e+00     0.0000e+00  0.0000e+00     0.0000e+00  0.0000e+00 
7.5114e-03     2.3285e-03  1.1748e-03     1.7491e-05  8.8243e-06     7.5888e-06  3.8287e-06     5.7002e-08  2.8759e-08 
8.4279e-03     1.0377e-03  8.6103e-04     8.7453e-06  7.2567e-06     3.7944e-06  3.1485e-06     3.1979e-08  2.6535e-08 
9.4563e-03     0.0000e+00  0.0000e+00     0.0000e+00  0.0000e+00     0.0000e+00  0.0000e+00     0.0000e+00  0.0000e+00 
1.0610e-02     0.0000e+00  0.0000e+00     0.0000e+00  0.0000e+00     0.0000e+00  0.0000e+00     0.0000e+00  0.0000e+00 
1.1905e-02     2.0569e-02  1.0150e-02     2.4487e-04  1.2083e-04     1.0624e-04  5.2426e-05     1.2648e-06  6.2412e-07 
1.3357e-02     1.9642e-02  5.0734e-03     2.6236e-04  6.7767e-05     1.1383e-04  2.9403e-05     1.5205e-06  3.9275e-07 
1.4987e-02     1.3421e-02  3.9613e-03     2.0114e-04  5.9369e-05     8.7271e-05  2.5759e-05     1.3079e-06  3.8606e-07 
1.6816e-02     8.3210e-03  3.9052e-03     1.3992e-04  6.5669e-05     6.0710e-05  2.8492e-05     1.0209e-06  4.7912e-07 
1.8868e-02     1.2978e-02  2.8866e-03     2.4487e-04  5.4464e-05     1.0624e-04  2.3632e-05     2.0046e-06  4.4588e-07 
2.1170e-02     6.6096e-03  5.6982e-03     1.3992e-04  1.2063e-04     6.0710e-05  5.2339e-05     1.2852e-06  1.1080e-06 
2.3753e-02     1.2886e-02  3.2985e-03     3.0609e-04  7.8349e-05     1.3280e-04  3.3995e-05     3.1545e-06  8.0748e-07 
2.6651e-02     8.2034e-03  3.1071e-03     2.1863e-04  8.2809e-05     9.4860e-05  3.5930e-05     2.5281e-06  9.5757e-07 
2.9903e-02     1.1113e-02  4.1587e-03     3.3232e-04  1.2436e-04     1.4419e-04  5.3958e-05     4.3117e-06  1.6135e-06 
3.3552e-02     1.2250e-02  2.7537e-03     4.1103e-04  9.2392e-05     1.7834e-04  4.0089e-05     5.9835e-06  1.3451e-06 
3.7646e-02     1.3241e-02  2.4174e-03     4.9848e-04  9.1005e-05     2.1628e-04  3.9488e-05     8.1421e-06  1.4866e-06 
4.2240e-02     1.4079e-02  3.5036e-03     5.9468e-04  1.4799e-04     2.5802e-04  6.4213e-05     1.0899e-05  2.7123e-06 
4.7394e-02     1.5316e-02  1.2558e-03     7.2586e-04  5.9518e-05     3.1493e-04  2.5832e-05     1.4926e-05  1.2243e-06 
5.3176e-02     1.9735e-02  2.3679e-03     1.0494e-03  1.2591e-04     4.5533e-04  5.4640e-05     2.4213e-05  2.9056e-06 
5.9665e-02     1.4657e-02  2.1070e-03     8.7453e-04  1.2571e-04     3.7944e-04  5.4551e-05     2.2639e-05  3.2548e-06 
6.6945e-02     1.7766e-02  2.5885e-03     1.1894e-03  1.7329e-04     5.1604e-04  7.5193e-05     3.4546e-05  5.0338e-06 
7.5114e-02     1.9094e-02  1.7038e-03     1.4342e-03  1.2798e-04     6.2228e-04  5.5542e-05     4.6742e-05  4.1720e-06 
8.4279e-02     1.9197e-02  1.6234e-03     1.6179e-03  1.3682e-04     7.0196e-04  5.9383e-05     5.9161e-05  5.0047e-06 
9.4563e-02     2.4600e-02  3.2509e-03     2.3262e-03  3.0741e-04     1.0093e-03  1.3340e-04     9.5443e-05  1.2614e-05 
1.0610e-01     2.8848e-02  2.6388e-03     3.0609e-03  2.7998e-04     1.3280e-03  1.2151e-04     1.4091e-04  1.2892e-05 
1.1905e-01     2.8356e-02  5.2768e-03     3.3757e-03  6.2819e-04     1.4646e-03  2.7258e-04     1.7436e-04  3.2449e-05 
1.3357e-01     3.3980e-02  3.8282e-03     4.5388e-03  5.1134e-04     1.9693e-03  2.2190e-04     2.6304e-04  2.9640e-05 
1.4987e-01     3.6587e-02  1.9134e-03     5.4833e-03  2.8676e-04     2.3791e-03  1.2452e-04     3.5656e-04  1.8662e-05 
1.6816e-01     4.2021e-02  2.2523e-03     7.0662e-03  3.7874e-04     3.0659e-03  1.6446e-04     5.1555e-04  2.7655e-05 
1.8868e-01     4.6211e-02  1.2823e-03     8.7191e-03  2.4195e-04     3.7830e-03  1.0529e-04     7.1377e-04  1.9865e-05 
2.1170e-01     5.2712e-02  5.1384e-03     1.1159e-02  1.0878e-03     4.8416e-03  4.7208e-04     1.0250e-03  9.9939e-05 
2.3753e-01     5.9902e-02  1.9927e-03     1.4229e-02  4.7333e-04     6.1735e-03  2.0579e-04     1.4664e-03  4.8881e-05 
2.6651e-01     6.6841e-02  2.6317e-03     1.7814e-02  7.0137e-04     7.7292e-03  3.0476e-04     2.0599e-03  8.1222e-05 
2.9903e-01     7.6038e-02  3.6242e-03     2.2738e-02  1.0838e-03     9.8654e-03  4.7069e-04     2.9501e-03  1.4075e-04 
3.3552e-01     8.7526e-02  1.8188e-03     2.9367e-02  6.1023e-04     1.2742e-02  2.6616e-04     4.2751e-03  8.9301e-05 
3.7646e-01     9.5035e-02  2.5805e-03     3.5777e-02  9.7144e-04     1.5523e-02  4.2279e-04     5.8437e-03  1.5916e-04 
4.2240e-01     1.0758e-01  2.0310e-03     4.5441e-02  8.5787e-04     1.9716e-02  3.7458e-04     8.3278e-03  1.5822e-04 
4.7394e-01     1.1793e-01  1.9312e-03     5.5891e-02  9.1529e-04     2.4250e-02  4.0048e-04     1.1493e-02  1.8980e-04 
5.3176e-01     1.3027e-01  3.2433e-03     6.9271e-02  1.7247e-03     3.0055e-02  7.5104e-04     1.5982e-02  3.9938e-04 
5.9665e-01     1.4580e-01  1.4821e-03     8.6989e-02  8.8427e-04     3.7743e-02  3.9202e-04     2.2519e-02  2.3390e-04 
6.6945e-01     1.5726e-01  4.0369e-03     1.0528e-01  2.7025e-03     4.5677e-02  1.1766e-03     3.0578e-02  7.8768e-04 
7.5114e-01     1.7691e-01  3.3102e-03     1.3288e-01  2.4864e-03     5.7656e-02  1.0858e-03     4.3307e-02  8.1557e-04 
8.4279e-01     1.9641e-01  1.1940e-03     1.6553e-01  1.0063e-03     7.1820e-02  4.6270e-04     6.0529e-02  3.8996e-04 
9.4563e-01     2.1905e-01  2.6197e-03     2.0714e-01  2.4772e-03     8.9874e-02  1.0918e-03     8.4987e-02  1.0324e-03 
1.0610e+00     2.4478e-01  3.0308e-03     2.5971e-01  3.2158e-03     1.1268e-01  1.4158e-03     1.1956e-01  1.5022e-03 
1.1905e+00     2.7524e-01  2.0451e-03     3.2767e-01  2.4347e-03     1.4217e-01  1.0990e-03     1.6925e-01  1.3084e-03 
1.3357e+00     3.1188e-01  2.6019e-03     4.1659e-01  3.4755e-03     1.8075e-01  1.5565e-03     2.4143e-01  2.0790e-03 
1.4987e+00     3.5609e-01  1.2851e-03     5.3367e-01  1.9260e-03     2.3155e-01  9.7073e-04     3.4703e-01  1.4549e-03 
1.6816e+00     4.0024e-01  1.9026e-03     6.7304e-01  3.1994e-03     2.9202e-01  1.5215e-03     4.9105e-01  2.5586e-03 
1.8868e+00     4.3066e-01  2.1592e-03     8.1255e-01  4.0740e-03     3.5255e-01  1.9210e-03     6.6518e-01  3.6244e-03 
2.1170e+00     4.2955e-01  1.4523e-03     9.0936e-01  3.0745e-03     3.9455e-01  1.5773e-03     8.3526e-01  3.3392e-03 
2.3753e+00     3.6549e-01  1.6643e-03     8.6815e-01  3.9533e-03     3.7667e-01  1.8941e-03     8.9471e-01  4.4991e-03 
2.6651e+00     2.7493e-01  2.6413e-03     7.3273e-01  7.0395e-03     3.1792e-01  3.1287e-03     8.4729e-01  8.3384e-03 
2.9903e+00     1.8916e-01  8.5406e-04     5.6565e-01  2.5539e-03     2.4542e-01  1.2255e-03     7.3389e-01  3.6648e-03 
3.3552e+00     1.2754e-01  1.2758e-03     4.2792e-01  4.2807e-03     1.8567e-01  1.8991e-03     6.2295e-01  6.3718e-03 
3.7646e+00     8.4333e-02  6.8659e-04     3.1748e-01  2.5847e-03     1.3775e-01  1.1593e-03     5.1857e-01  4.3644e-03 
4.2240e+00     5.6313e-02  9.5193e-04     2.3786e-01  4.0209e-03     1.0320e-01  1.7584e-03     4.3593e-01  7.4275e-03 
4.7394e+00     3.7820e-02  4.2001e-04     1.7924e-01  1.9906e-03     7.7770e-02  8.7945e-04     3.6858e-01  4.1680e-03 
5.3176e+00     2.4889e-02  2.2635e-04     1.3235e-01  1.2037e-03     5.7424e-02  5.3642e-04     3.0536e-01  2.8525e-03 
5.9665e+00     1.5988e-02  3.3064e-04     9.5394e-02  1.9728e-03     4.1389e-02  8.6049e-04     2.4695e-01  5.1341e-03 
6.6945e+00     9.9177e-03  8.2983e-05     6.6394e-02  5.5553e-04     2.8807e-02  2.4874e-04     1.9285e-01  1.6652e-03 
7.5114e+00     5.7958e-03  6.0418e-05     4.3534e-02  4.5382e-04     1.8888e-02  2.0098e-04     1.4188e-01  1.5097e-03 
8.4279e+00     3.1151e-03  1.0142e-04     2.6253e-02  8.5479e-04     1.1391e-02  3.7167e-04     9.6000e-02  3.1324e-03 
9.4563e+00     1.5102e-03  4.9306e-05     1.4281e-02  4.6625e-04     6.1962e-03  2.0273e-04     5.8593e-02  1.9171e-03 
1.0610e+01     6.2065e-04  5.1127e-05     6.5852e-03  5.4246e-04     2.8572e-03  2.3544e-04     3.0315e-02  2.4981e-03 
1.1905e+01     2.3728e-04  1.4554e-05     2.8247e-03  1.7326e-04     1.2256e-03  7.5220e-05     1.4590e-02  8.9548e-04 
1.3357e+01     7.7912e-05  1.4181e-05     1.0407e-03  1.8941e-04     4.5153e-04  8.2188e-05     6.0313e-03  1.0978e-03 
1.4987e+01     1.8673e-05  4.5750e-06     2.7985e-04  6.8566e-05     1.2142e-04  2.9750e-05     1.8197e-03  4.4587e-04 
1.6816e+01     8.8410e-06  2.1643e-06     1.4867e-04  3.6395e-05     6.4505e-05  1.5792e-05     1.0847e-03  2.6555e-04 
1.8868e+01     0.0000e+00  0.0000e+00     0.0000e+00  0.0000e+00     0.0000e+00  0.0000e+00     0.0000e+00  0.0000e+00 
2.1170e+01     4.1310e-07  2.6956e-07     8.7453e-06  5.7065e-06     3.7944e-06  2.4760e-06     8.0327e-05  5.2416e-05 
2.3753e+01     3.6818e-07  2.9069e-07     8.7453e-06  6.9047e-06     3.7944e-06  2.9958e-06     9.0128e-05  7.1160e-05 
2.6651e+01     0.0000e+00  0.0000e+00     0.0000e+00  0.0000e+00     0.0000e+00  0.0000e+00     0.0000e+00  0.0000e+00 
2.9903e+01     0.0000e+00  0.0000e+00     0.0000e+00  0.0000e+00     0.0000e+00  0.0000e+00     0.0000e+00  0.0000e+00 
3.3552e+01     2.6065e-07  8.8844e-07     8.7453e-06  2.9809e-05     3.7944e-06  1.2934e-05     1.2731e-04  4.3395e-04 
3.7646e+01     0.0000e+00  0.0000e+00     0.0000e+00  0.0000e+00     0.0000e+00  0.0000e+00     0.0000e+00  0.0000e+00 
4.2240e+01     4.1408e-07  1.9795e-07     1.7491e-05  8.3613e-06     7.5888e-06  3.6278e-06     3.2055e-04  1.5324e-04 
4.7394e+01     0.0000e+00  0.0000e+00     0.0000e+00  0.0000e+00     0.0000e+00  0.0000e+00     0.0000e+00  0.0000e+00 
5.3176e+01     1.6446e-07  7.5362e-08     8.7453e-06  4.0075e-06     3.7944e-06  1.7388e-06     2.0177e-04  9.2462e-05 
5.9665e+01     1.4657e-07  1.2008e-07     8.7453e-06  7.1645e-06     3.7944e-06  3.1086e-06     2.2639e-04  1.8547e-04 
6.6945e+01     0.0000e+00  0.0000e+00     0.0000e+00  0.0000e+00     0.0000e+00  0.0000e+00     0.0000e+00  0.0000e+00 
7.5114e+01     0.0000e+00  0.0000e+00     0.0000e+00  0.0000e+00     0.0000e+00  0.0000e+00     0.0000e+00  0.0000e+00 
8.4279e+01     0.0000e+00  0.0000e+00     0.0000e+00  0.0000e+00     0.0000e+00  0.0000e+00     0.0000e+00  0.0000e+00 
9.4563e+01     0.0000e+00  0.0000e+00     0.0000e+00  0.0000e+00     0.0000e+00  0.0000e+00     0.0000e+00  0.0000e+00 
1.0610e+02     8.2424e-08  4.8897e-08     8.7453e-06  5.1880e-06     3.7944e-06  2.2510e-06     4.0259e-04  2.3883e-04 
1.1905e+02     0.0000e+00  0.0000e+00     0.0000e+00  0.0000e+00     0.0000e+00  0.0000e+00     0.0000e+00  0.0000e+00 
1.3357e+02     0.0000e+00  0.0000e+00     0.0000e+00  0.0000e+00     0.0000e+00  0.0000e+00     0.0000e+00  0.0000e+00 
1.4987e+02     5.8352e-08  1.9349e-08     8.7453e-06  2.8999e-06     3.7944e-06  1.2582e-06     5.6867e-04  1.8857e-04 
1.6816e+02     0.0000e+00  0.0000e+00     0.0000e+00  0.0000e+00     0.0000e+00  0.0000e+00     0.0000e+00  0.0000e+00 
1.8868e+02     4.6351e-08  2.1741e-08     8.7453e-06  4.1021e-06     3.7944e-06  1.7798e-06     7.1591e-04  3.3581e-04 
2.1170e+02     4.1310e-08  1.8473e-08     8.7453e-06  3.9107e-06     3.7944e-06  1.6968e-06     8.0327e-04  3.5921e-04 
2.3753e+02     0.0000e+00  0.0000e+00     0.0000e+00  0.0000e+00     0.0000e+00  0.0000e+00     0.0000e+00  0.0000e+00 
2.6651e+02     0.0000e+00  0.0000e+00     0.0000e+00  0.0000e+00     0.0000e+00  0.0000e+00     0.0000e+00  0.0000e+00 
2.9903e+02     2.9245e-08  3.2318e-08     8.7453e-06  9.6643e-06     3.7944e-06  4.1931e-06     1.1346e-03  1.2539e-03 
3.3552e+02     0.0000e+00  0.0000e+00     0.0000e+00  0.0000e+00     0.0000e+00  0.0000e+00     0.0000e+00  0.0000e+00 
3.7646e+02     2.3230e-08  1.6698e-08     8.7453e-06  6.2863e-06     3.7944e-06  2.7275e-06     1.4284e-03  1.0268e-03 
4.2240e+02     0.0000e+00  0.0000e+00     0.0000e+00  0.0000e+00     0.0000e+00  0.0000e+00     0.0000e+00  0.0000e+00 
4.7394e+02     0.0000e+00  0.0000e+00     0.0000e+00  0.0000e+00     0.0000e+00  0.0000e+00     0.0000e+00  0.0000e+00 
5.3176e+02     0.0000e+00  0.0000e+00     0.0000e+00  0.0000e+00     0.0000e+00  0.0000e+00     0.0000e+00  0.0000e+00 
5.9665e+02     0.0000e+00  0.0000e+00     0.0000e+00  0.0000e+00     0.0000e+00  0.0000e+00     0.0000e+00  0.0000e+00 
6.6945e+02     1.3063e-08  8.1968e-09     8.7453e-06  5.4874e-06     3.7944e-06  2.3809e-06     2.5402e-03  1.5939e-03 
7.5114e+02     1.1643e-08  1.8052e-08     8.7453e-06  1.3560e-05     3.7944e-06  5.8832e-06     2.8501e-03  4.4191e-03 
8.4279e+02     0.0000e+00  0.0000e+00     0.0000e+00  0.0000e+00     0.0000e+00  0.0000e+00     0.0000e+00  0.0000e+00 
9.4563e+02     0.0000e+00  0.0000e+00     0.0000e+00  0.0000e+00     0.0000e+00  0.0000e+00     0.0000e+00  0.0000e+00 
1.0610e+03     0.0000e+00  0.0000e+00     0.0000e+00  0.0000e+00     0.0000e+00  0.0000e+00     0.0000e+00  0.0000e+00 
1.1905e+03     0.0000e+00  0.0000e+00     0.0000e+00  0.0000e+00     0.0000e+00  0.0000e+00     0.0000e+00  0.0000e+00 
1.3357e+03     0.0000e+00  0.0000e+00     0.0000e+00  0.0000e+00     0.0000e+00  0.0000e+00     0.0000e+00  0.0000e+00 
1.4987e+03     0.0000e+00  0.0000e+00     0.0000e+00  0.0000e+00     0.0000e+00  0.0000e+00     0.0000e+00  0.0000e+00 
1.6816e+03     0.0000e+00  0.0000e+00     0.0000e+00  0.0000e+00     0.0000e+00  0.0000e+00     0.0000e+00  0.0000e+00 
1.8868e+03     0.0000e+00  0.0000e+00     0.0000e+00  0.0000e+00     0.0000e+00  0.0000e+00     0.0000e+00  0.0000e+00 
2.1170e+03     0.0000e+00  0.0000e+00     0.0000e+00  0.0000e+00     0.0000e+00  0.0000e+00     0.0000e+00  0.0000e+00 
2.3753e+03     0.0000e+00  0.0000e+00     0.0000e+00  0.0000e+00     0.0000e+00  0.0000e+00     0.0000e+00  0.0000e+00 
2.6651e+03     0.0000e+00  0.0000e+00     0.0000e+00  0.0000e+00     0.0000e+00  0.0000e+00     0.0000e+00  0.0000e+00 
2.9903e+03     0.0000e+00  0.0000e+00     0.0000e+00  0.0000e+00     0.0000e+00  0.0000e+00     0.0000e+00  0.0000e+00 
3.3552e+03     0.0000e+00  0.0000e+00     0.0000e+00  0.0000e+00     0.0000e+00  0.0000e+00     0.0000e+00  0.0000e+00 
3.7646e+03     0.0000e+00  0.0000e+00     0.0000e+00  0.0000e+00     0.0000e+00  0.0000e+00     0.0000e+00  0.0000e+00 
4.2240e+03     0.0000e+00  0.0000e+00     0.0000e+00  0.0000e+00     0.0000e+00  0.0000e+00     0.0000e+00  0.0000e+00 
4.7394e+03     0.0000e+00  0.0000e+00     0.0000e+00  0.0000e+00     0.0000e+00  0.0000e+00     0.0000e+00  0.0000e+00 
5.3176e+03     0.0000e+00  0.0000e+00     0.0000e+00  0.0000e+00     0.0000e+00  0.0000e+00     0.0000e+00  0.0000e+00 
5.9665e+03     0.0000e+00  0.0000e+00     0.0000e+00  0.0000e+00     0.0000e+00  0.0000e+00     0.0000e+00  0.0000e+00 
6.6945e+03     0.0000e+00  0.0000e+00     0.0000e+00  0.0000e+00     0.0000e+00  0.0000e+00     0.0000e+00  0.0000e+00 
7.5114e+03     0.0000e+00  0.0000e+00     0.0000e+00  0.0000e+00     0.0000e+00  0.0000e+00     0.0000e+00  0.0000e+00 
8.4279e+03     0.0000e+00  0.0000e+00     0.0000e+00  0.0000e+00     0.0000e+00  0.0000e+00     0.0000e+00  0.0000e+00 
9.4563e+03     0.0000e+00  0.0000e+00     0.0000e+00  0.0000e+00     0.0000e+00  0.0000e+00     0.0000e+00  0.0000e+00 
