yF = 3.6848e-01 (std: 1.0323e-03) keV/um
yD = 1.0555e+00 (std: 1.2571e-01) keV/um
y (keV/um)     f(y)(std)                  yf(y)(std)                 d(y)(std)                  yd(y)(std)  
1.0610e-03     4.1354e-02  2.2236e-02     4.3877e-05  2.3593e-05     1.1908e-04  6.4029e-05     1.2634e-07  6.7936e-08 
1.1905e-03     7.3714e-03  1.4743e-02     8.7755e-06  1.7551e-05     2.3815e-05  4.7632e-05     2.8352e-08  5.6705e-08 
1.3357e-03     2.6279e-02  1.2825e-02     3.5102e-05  1.7130e-05     9.5262e-05  4.6490e-05     1.2724e-07  6.2098e-08 
1.4987e-03     3.5132e-02  1.6283e-02     5.2653e-05  2.4404e-05     1.4289e-04  6.6230e-05     2.1416e-07  9.9260e-08 
1.6816e-03     1.5656e-02  8.2158e-03     2.6326e-05  1.3816e-05     7.1446e-05  3.7494e-05     1.2014e-07  6.3050e-08 
1.8868e-03     1.8604e-02  7.8915e-03     3.5102e-05  1.4889e-05     9.5262e-05  4.0409e-05     1.7974e-07  7.6242e-08 
2.1170e-03     2.4871e-02  1.0149e-02     5.2653e-05  2.1485e-05     1.4289e-04  5.8309e-05     3.0250e-07  1.2344e-07 
2.3753e-03     1.8472e-02  8.9891e-03     4.3877e-05  2.1352e-05     1.1908e-04  5.7947e-05     2.8284e-07  1.3764e-07 
2.6651e-03     1.3171e-02  6.4936e-03     3.5102e-05  1.7306e-05     9.5262e-05  4.6968e-05     2.5389e-07  1.2518e-07 
2.9903e-03     2.9346e-02  1.0053e-02     8.7755e-05  3.0061e-05     2.3815e-04  8.1583e-05     7.1216e-07  2.4396e-07 
3.3552e-03     3.4001e-02  8.8108e-03     1.1408e-04  2.9562e-05     3.0960e-04  8.0232e-05     1.0388e-06  2.6920e-07 
3.7646e-03     5.1283e-02  2.9696e-02     1.9306e-04  1.1179e-04     5.2394e-04  3.0340e-04     1.9724e-06  1.1422e-06 
4.2240e-03     5.6094e-02  1.7281e-02     2.3694e-04  7.2994e-05     6.4302e-04  1.9810e-04     2.7161e-06  8.3678e-07 
4.7394e-03     2.7774e-02  9.6196e-03     1.3163e-04  4.5591e-05     3.5723e-04  1.2373e-04     1.6930e-06  5.8641e-07 
5.3176e-03     5.2808e-02  3.5236e-02     2.8081e-04  1.8737e-04     7.6209e-04  5.0851e-04     4.0525e-06  2.7041e-06 
5.9665e-03     4.1182e-02  1.2404e-02     2.4571e-04  7.4008e-05     6.6683e-04  2.0086e-04     3.9786e-06  1.1984e-06 
6.6945e-03     6.9475e-02  1.1804e-02     4.6510e-04  7.9023e-05     1.2622e-03  2.1449e-04     8.4499e-06  1.4359e-06 
7.5114e-03     2.6871e-02  1.2559e-02     2.0184e-04  9.4332e-05     5.4775e-04  2.5601e-04     4.1144e-06  1.9230e-06 
8.4279e-03     4.1650e-03  2.7333e-03     3.5102e-05  2.3036e-05     9.5262e-05  6.2518e-05     8.0286e-07  5.2690e-07 
9.4563e-03     9.2801e-04  3.5937e-04     8.7755e-06  3.3983e-06     2.3815e-05  9.2227e-06     2.2520e-07  8.7212e-08 
1.0610e-02     0.0000e+00  0.0000e+00     0.0000e+00  0.0000e+00     0.0000e+00  0.0000e+00     0.0000e+00  0.0000e+00 
1.1905e-02     1.5200e+00  3.2787e-02     1.8095e-02  3.9032e-04     4.9107e-02  1.0682e-03     5.8461e-04  1.2716e-05 
1.3357e-02     1.1891e+00  5.3707e-02     1.5884e-02  7.1738e-04     4.3106e-02  1.9506e-03     5.7578e-04  2.6055e-05 
1.4987e-02     9.6847e-01  3.7910e-02     1.4515e-02  5.6817e-04     3.9391e-02  1.5459e-03     5.9035e-04  2.3168e-05 
1.6816e-02     7.5408e-01  1.4112e-02     1.2681e-02  2.3731e-04     3.4413e-02  6.5120e-04     5.7869e-04  1.0950e-05 
1.8868e-02     6.0371e-01  5.6173e-02     1.1391e-02  1.0598e-03     3.0912e-02  2.8776e-03     5.8325e-04  5.4293e-05 
2.1170e-02     4.8624e-01  2.8023e-02     1.0294e-02  5.9324e-04     2.7935e-02  1.6119e-03     5.9139e-04  3.4124e-05 
2.3753e-02     6.0404e-01  4.5786e-02     1.4348e-02  1.0876e-03     3.8938e-02  2.9535e-03     9.2490e-04  7.0155e-05 
2.6651e-02     8.0737e-01  2.8941e-02     2.1517e-02  7.7131e-04     5.8395e-02  2.0996e-03     1.5563e-03  5.5958e-05 
2.9903e-02     8.4546e-01  1.9825e-02     2.5282e-02  5.9282e-04     6.8612e-02  1.6203e-03     2.0517e-03  4.8452e-05 
3.3552e-02     7.8020e-01  1.5323e-02     2.6177e-02  5.1412e-04     7.1041e-02  1.4094e-03     2.3836e-03  4.7287e-05 
3.7646e-02     8.1167e-01  1.0420e-02     3.0556e-02  3.9226e-04     8.2925e-02  1.0896e-03     3.1218e-03  4.1019e-05 
4.2240e-02     8.9937e-01  2.6316e-02     3.7989e-02  1.1116e-03     1.0310e-01  3.0304e-03     4.3548e-03  1.2800e-04 
4.7394e-02     9.4747e-01  2.0971e-02     4.4904e-02  9.9388e-04     1.2186e-01  2.7188e-03     5.7755e-03  1.2885e-04 
5.3176e-02     9.9494e-01  3.7685e-02     5.2907e-02  2.0039e-03     1.4358e-01  5.4533e-03     7.6352e-03  2.8999e-04 
5.9665e-02     1.0497e+00  2.1165e-02     6.2630e-02  1.2628e-03     1.6997e-01  3.4601e-03     1.0141e-02  2.0645e-04 
6.6945e-02     1.1537e+00  1.8235e-02     7.7233e-02  1.2207e-03     2.0960e-01  3.3645e-03     1.4032e-02  2.2524e-04 
7.5114e-02     1.2300e+00  1.8402e-02     9.2388e-02  1.3822e-03     2.5073e-01  3.8164e-03     1.8833e-02  2.8666e-04 
8.4279e-02     1.3380e+00  1.5670e-02     1.1276e-01  1.3206e-03     3.0603e-01  3.6852e-03     2.5792e-02  3.1058e-04 
9.4563e-02     1.4542e+00  1.9227e-02     1.3751e-01  1.8181e-03     3.7319e-01  5.0437e-03     3.5290e-02  4.7695e-04 
1.0610e-01     1.5651e+00  1.6861e-02     1.6606e-01  1.7889e-03     4.5066e-01  5.0164e-03     4.7815e-02  5.3224e-04 
1.1905e-01     1.7258e+00  3.2754e-02     2.0545e-01  3.8993e-03     5.5757e-01  1.0697e-02     6.6377e-02  1.2734e-03 
1.3357e-01     1.8627e+00  1.0391e-02     2.4881e-01  1.3880e-03     6.7524e-01  4.2151e-03     9.0194e-02  5.6302e-04 
1.4987e-01     2.0623e+00  1.7024e-02     3.0908e-01  2.5514e-03     8.3880e-01  7.3120e-03     1.2571e-01  1.0959e-03 
1.6816e-01     2.2208e+00  8.4503e-03     3.7345e-01  1.4210e-03     1.0135e+00  4.7888e-03     1.7043e-01  8.0528e-04 
1.8868e-01     2.3830e+00  1.3728e-02     4.4962e-01  2.5901e-03     1.2202e+00  7.8162e-03     2.3023e-01  1.4747e-03 
2.1170e-01     2.4986e+00  1.7553e-02     5.2895e-01  3.7159e-03     1.4355e+00  1.0857e-02     3.0389e-01  2.2984e-03 
2.3753e-01     2.5267e+00  1.7218e-02     6.0017e-01  4.0899e-03     1.6288e+00  1.2001e-02     3.8689e-01  2.8505e-03 
2.6651e-01     2.4727e+00  1.4947e-02     6.5900e-01  3.9836e-03     1.7884e+00  1.1916e-02     4.7664e-01  3.1757e-03 
2.9903e-01     2.3099e+00  1.1384e-02     6.9072e-01  3.4042e-03     1.8745e+00  1.0627e-02     5.6055e-01  3.1777e-03 
3.3552e-01     2.0109e+00  1.4435e-02     6.7468e-01  4.8432e-03     1.8310e+00  1.4109e-02     6.1434e-01  4.7339e-03 
3.7646e-01     1.6511e+00  5.7169e-03     6.2157e-01  2.1522e-03     1.6868e+00  7.5130e-03     6.3503e-01  2.8283e-03 
4.2240e-01     1.2579e+00  5.3466e-03     5.3132e-01  2.2584e-03     1.4419e+00  7.3404e-03     6.0906e-01  3.1006e-03 
4.7394e-01     8.9962e-01  7.1302e-03     4.2636e-01  3.3792e-03     1.1571e+00  9.7269e-03     5.4839e-01  4.6099e-03 
5.3176e-01     6.1342e-01  5.4346e-03     3.2619e-01  2.8899e-03     8.8524e-01  8.2256e-03     4.7074e-01  4.3741e-03 
5.9665e-01     3.9529e-01  5.5330e-03     2.3585e-01  3.3013e-03     6.4006e-01  9.1369e-03     3.8189e-01  5.4515e-03 
6.6945e-01     2.5506e-01  1.6582e-03     1.7075e-01  1.1101e-03     4.6340e-01  3.2805e-03     3.1022e-01  2.1961e-03 
7.5114e-01     1.7177e-01  2.7322e-03     1.2903e-01  2.0522e-03     3.5016e-01  5.6552e-03     2.6302e-01  4.2479e-03 
8.4279e-01     1.1394e-01  1.5039e-03     9.6030e-02  1.2674e-03     2.6061e-01  3.5163e-03     2.1964e-01  2.9635e-03 
9.4563e-01     8.1627e-02  1.6159e-03     7.7189e-02  1.5281e-03     2.0948e-01  4.1883e-03     1.9809e-01  3.9606e-03 
1.0610e+00     5.7582e-02  8.0480e-04     6.1095e-02  8.5390e-04     1.6580e-01  2.3635e-03     1.7592e-01  2.5077e-03 
1.1905e+00     4.2290e-02  1.7018e-03     5.0345e-02  2.0259e-03     1.3663e-01  5.5113e-03     1.6265e-01  6.5610e-03 
1.3357e+00     3.2251e-02  9.6099e-04     4.3079e-02  1.2836e-03     1.1691e-01  3.4989e-03     1.5616e-01  4.6736e-03 
1.4987e+00     2.4194e-02  6.0324e-04     3.6260e-02  9.0409e-04     9.8405e-02  2.4690e-03     1.4748e-01  3.7003e-03 
1.6816e+00     1.7675e-02  4.0873e-04     2.9722e-02  6.8732e-04     8.0663e-02  1.8789e-03     1.3564e-01  3.1596e-03 
1.8868e+00     1.3432e-02  5.2423e-04     2.5344e-02  9.8909e-04     6.8779e-02  2.6912e-03     1.2977e-01  5.0776e-03 
2.1170e+00     1.0255e-02  2.1412e-04     2.1710e-02  4.5330e-04     5.8919e-02  1.2412e-03     1.2473e-01  2.6276e-03 
2.3753e+00     7.5773e-03  3.3801e-04     1.7998e-02  8.0287e-04     4.8845e-02  2.1832e-03     1.1602e-01  5.1857e-03 
2.6651e+00     5.9301e-03  1.9691e-04     1.5805e-02  5.2478e-04     4.2892e-02  1.4293e-03     1.1431e-01  3.8092e-03 
2.9903e+00     4.3608e-03  3.1174e-04     1.3040e-02  9.3220e-04     3.5390e-02  2.5318e-03     1.0583e-01  7.5710e-03 
3.3552e+00     3.1778e-03  1.0700e-04     1.0662e-02  3.5901e-04     2.8936e-02  9.7768e-04     9.7085e-02  3.2803e-03 
3.7646e+00     2.2518e-03  1.8544e-04     8.4771e-03  6.9812e-04     2.3006e-02  1.8957e-03     8.6607e-02  7.1365e-03 
4.2240e+00     1.5872e-03  5.6576e-05     6.7044e-03  2.3897e-04     1.8195e-02  6.5054e-04     7.6855e-02  2.7479e-03 
4.7394e+00     1.0332e-03  8.1928e-05     4.8967e-03  3.8829e-04     1.3289e-02  1.0544e-03     6.2981e-02  4.9972e-03 
5.3176e+00     6.5515e-04  3.4880e-05     3.4839e-03  1.8548e-04     9.4547e-03  5.0407e-04     5.0277e-02  2.6805e-03 
5.9665e+00     3.9711e-04  5.6229e-05     2.3694e-03  3.3549e-04     6.4302e-03  9.1066e-04     3.8366e-02  5.4334e-03 
6.6945e+00     2.2678e-04  2.9079e-05     1.5182e-03  1.9467e-04     4.1201e-03  5.2843e-04     2.7582e-02  3.5376e-03 
7.5114e+00     8.4117e-05  1.4589e-05     6.3183e-04  1.0958e-04     1.7147e-03  2.9743e-04     1.2880e-02  2.2341e-03 
8.4279e+00     4.7897e-05  9.6449e-06     4.0367e-04  8.1286e-05     1.0955e-03  2.2062e-04     9.2328e-03  1.8594e-03 
9.4563e+00     1.3920e-05  5.5033e-06     1.3163e-04  5.2041e-05     3.5723e-04  1.4124e-04     3.3781e-03  1.3356e-03 
1.0610e+01     3.3083e-06  1.1092e-06     3.5102e-05  1.1769e-05     9.5262e-05  3.1940e-05     1.0107e-03  3.3889e-04 
1.1905e+01     7.3714e-07  8.3743e-07     8.7755e-06  9.9694e-06     2.3815e-05  2.7056e-05     2.8352e-04  3.2209e-04 
1.3357e+01     6.5698e-07  3.4161e-07     8.7755e-06  4.5630e-06     2.3815e-05  1.2384e-05     3.1811e-04  1.6541e-04 
1.4987e+01     5.8553e-07  2.6834e-07     8.7755e-06  4.0216e-06     2.3815e-05  1.0914e-05     3.5693e-04  1.6358e-04 
1.6816e+01     0.0000e+00  0.0000e+00     0.0000e+00  0.0000e+00     0.0000e+00  0.0000e+00     0.0000e+00  0.0000e+00 
1.8868e+01     0.0000e+00  0.0000e+00     0.0000e+00  0.0000e+00     0.0000e+00  0.0000e+00     0.0000e+00  0.0000e+00 
2.1170e+01     0.0000e+00  0.0000e+00     0.0000e+00  0.0000e+00     0.0000e+00  0.0000e+00     0.0000e+00  0.0000e+00 
2.3753e+01     0.0000e+00  0.0000e+00     0.0000e+00  0.0000e+00     0.0000e+00  0.0000e+00     0.0000e+00  0.0000e+00 
2.6651e+01     0.0000e+00  0.0000e+00     0.0000e+00  0.0000e+00     0.0000e+00  0.0000e+00     0.0000e+00  0.0000e+00 
2.9903e+01     0.0000e+00  0.0000e+00     0.0000e+00  0.0000e+00     0.0000e+00  0.0000e+00     0.0000e+00  0.0000e+00 
3.3552e+01     0.0000e+00  0.0000e+00     0.0000e+00  0.0000e+00     0.0000e+00  0.0000e+00     0.0000e+00  0.0000e+00 
3.7646e+01     2.3310e-07  1.8861e-07     8.7755e-06  7.1004e-06     2.3815e-05  1.9270e-05     8.9656e-04  7.2543e-04 
4.2240e+01     0.0000e+00  0.0000e+00     0.0000e+00  0.0000e+00     0.0000e+00  0.0000e+00     0.0000e+00  0.0000e+00 
4.7394e+01     0.0000e+00  0.0000e+00     0.0000e+00  0.0000e+00     0.0000e+00  0.0000e+00     0.0000e+00  0.0000e+00 
5.3176e+01     1.6503e-07  4.9503e-08     8.7755e-06  2.6324e-06     2.3815e-05  7.1442e-06     1.2664e-03  3.7990e-04 
5.9665e+01     1.4708e-07  1.7209e-07     8.7755e-06  1.0268e-05     2.3815e-05  2.7866e-05     1.4209e-03  1.6626e-03 
6.6945e+01     0.0000e+00  0.0000e+00     0.0000e+00  0.0000e+00     0.0000e+00  0.0000e+00     0.0000e+00  0.0000e+00 
7.5114e+01     0.0000e+00  0.0000e+00     0.0000e+00  0.0000e+00     0.0000e+00  0.0000e+00     0.0000e+00  0.0000e+00 
8.4279e+01     1.0412e-07  7.3981e-08     8.7755e-06  6.2351e-06     2.3815e-05  1.6921e-05     2.0071e-03  1.4261e-03 
9.4563e+01     9.2801e-08  4.1502e-08     8.7755e-06  3.9245e-06     2.3815e-05  1.0651e-05     2.2520e-03  1.0072e-03 
1.0610e+02     0.0000e+00  0.0000e+00     0.0000e+00  0.0000e+00     0.0000e+00  0.0000e+00     0.0000e+00  0.0000e+00 
1.1905e+02     7.3714e-08  3.9738e-08     8.7755e-06  4.7307e-06     2.3815e-05  1.2839e-05     2.8352e-03  1.5284e-03 
1.3357e+02     0.0000e+00  0.0000e+00     0.0000e+00  0.0000e+00     0.0000e+00  0.0000e+00     0.0000e+00  0.0000e+00 
1.4987e+02     0.0000e+00  0.0000e+00     0.0000e+00  0.0000e+00     0.0000e+00  0.0000e+00     0.0000e+00  0.0000e+00 
1.6816e+02     0.0000e+00  0.0000e+00     0.0000e+00  0.0000e+00     0.0000e+00  0.0000e+00     0.0000e+00  0.0000e+00 
1.8868e+02     4.6510e-08  5.8113e-08     8.7755e-06  1.0965e-05     2.3815e-05  2.9757e-05     4.4934e-03  5.6144e-03 
2.1170e+02     0.0000e+00  0.0000e+00     0.0000e+00  0.0000e+00     0.0000e+00  0.0000e+00     0.0000e+00  0.0000e+00 
2.3753e+02     0.0000e+00  0.0000e+00     0.0000e+00  0.0000e+00     0.0000e+00  0.0000e+00     0.0000e+00  0.0000e+00 
2.6651e+02     0.0000e+00  0.0000e+00     0.0000e+00  0.0000e+00     0.0000e+00  0.0000e+00     0.0000e+00  0.0000e+00 
2.9903e+02     0.0000e+00  0.0000e+00     0.0000e+00  0.0000e+00     0.0000e+00  0.0000e+00     0.0000e+00  0.0000e+00 
3.3552e+02     0.0000e+00  0.0000e+00     0.0000e+00  0.0000e+00     0.0000e+00  0.0000e+00     0.0000e+00  0.0000e+00 
3.7646e+02     0.0000e+00  0.0000e+00     0.0000e+00  0.0000e+00     0.0000e+00  0.0000e+00     0.0000e+00  0.0000e+00 
4.2240e+02     0.0000e+00  0.0000e+00     0.0000e+00  0.0000e+00     0.0000e+00  0.0000e+00     0.0000e+00  0.0000e+00 
4.7394e+02     0.0000e+00  0.0000e+00     0.0000e+00  0.0000e+00     0.0000e+00  0.0000e+00     0.0000e+00  0.0000e+00 
5.3176e+02     0.0000e+00  0.0000e+00     0.0000e+00  0.0000e+00     0.0000e+00  0.0000e+00     0.0000e+00  0.0000e+00 
5.9665e+02     0.0000e+00  0.0000e+00     0.0000e+00  0.0000e+00     0.0000e+00  0.0000e+00     0.0000e+00  0.0000e+00 
6.6945e+02     0.0000e+00  0.0000e+00     0.0000e+00  0.0000e+00     0.0000e+00  0.0000e+00     0.0000e+00  0.0000e+00 
7.5114e+02     0.0000e+00  0.0000e+00     0.0000e+00  0.0000e+00     0.0000e+00  0.0000e+00     0.0000e+00  0.0000e+00 
8.4279e+02     0.0000e+00  0.0000e+00     0.0000e+00  0.0000e+00     0.0000e+00  0.0000e+00     0.0000e+00  0.0000e+00 
9.4563e+02     0.0000e+00  0.0000e+00     0.0000e+00  0.0000e+00     0.0000e+00  0.0000e+00     0.0000e+00  0.0000e+00 
1.0610e+03     0.0000e+00  0.0000e+00     0.0000e+00  0.0000e+00     0.0000e+00  0.0000e+00     0.0000e+00  0.0000e+00 
1.1905e+03     0.0000e+00  0.0000e+00     0.0000e+00  0.0000e+00     0.0000e+00  0.0000e+00     0.0000e+00  0.0000e+00 
1.3357e+03     0.0000e+00  0.0000e+00     0.0000e+00  0.0000e+00     0.0000e+00  0.0000e+00     0.0000e+00  0.0000e+00 
1.4987e+03     0.0000e+00  0.0000e+00     0.0000e+00  0.0000e+00     0.0000e+00  0.0000e+00     0.0000e+00  0.0000e+00 
1.6816e+03     0.0000e+00  0.0000e+00     0.0000e+00  0.0000e+00     0.0000e+00  0.0000e+00     0.0000e+00  0.0000e+00 
1.8868e+03     0.0000e+00  0.0000e+00     0.0000e+00  0.0000e+00     0.0000e+00  0.0000e+00     0.0000e+00  0.0000e+00 
2.1170e+03     0.0000e+00  0.0000e+00     0.0000e+00  0.0000e+00     0.0000e+00  0.0000e+00     0.0000e+00  0.0000e+00 
2.3753e+03     0.0000e+00  0.0000e+00     0.0000e+00  0.0000e+00     0.0000e+00  0.0000e+00     0.0000e+00  0.0000e+00 
2.6651e+03     0.0000e+00  0.0000e+00     0.0000e+00  0.0000e+00     0.0000e+00  0.0000e+00     0.0000e+00  0.0000e+00 
2.9903e+03     0.0000e+00  0.0000e+00     0.0000e+00  0.0000e+00     0.0000e+00  0.0000e+00     0.0000e+00  0.0000e+00 
3.3552e+03     0.0000e+00  0.0000e+00     0.0000e+00  0.0000e+00     0.0000e+00  0.0000e+00     0.0000e+00  0.0000e+00 
3.7646e+03     0.0000e+00  0.0000e+00     0.0000e+00  0.0000e+00     0.0000e+00  0.0000e+00     0.0000e+00  0.0000e+00 
4.2240e+03     0.0000e+00  0.0000e+00     0.0000e+00  0.0000e+00     0.0000e+00  0.0000e+00     0.0000e+00  0.0000e+00 
4.7394e+03     0.0000e+00  0.0000e+00     0.0000e+00  0.0000e+00     0.0000e+00  0.0000e+00     0.0000e+00  0.0000e+00 
5.3176e+03     0.0000e+00  0.0000e+00     0.0000e+00  0.0000e+00     0.0000e+00  0.0000e+00     0.0000e+00  0.0000e+00 
5.9665e+03     0.0000e+00  0.0000e+00     0.0000e+00  0.0000e+00     0.0000e+00  0.0000e+00     0.0000e+00  0.0000e+00 
6.6945e+03     0.0000e+00  0.0000e+00     0.0000e+00  0.0000e+00     0.0000e+00  0.0000e+00     0.0000e+00  0.0000e+00 
7.5114e+03     0.0000e+00  0.0000e+00     0.0000e+00  0.0000e+00     0.0000e+00  0.0000e+00     0.0000e+00  0.0000e+00 
8.4279e+03     0.0000e+00  0.0000e+00     0.0000e+00  0.0000e+00     0.0000e+00  0.0000e+00     0.0000e+00  0.0000e+00 
9.4563e+03     0.0000e+00  0.0000e+00     0.0000e+00  0.0000e+00     0.0000e+00  0.0000e+00     0.0000e+00  0.0000e+00 
