yF = 3.2540e-01 (std: 1.4015e-03) keV/um
yD = 1.9593e+00 (std: 9.3714e-01) keV/um
y (keV/um)     f(y)(std)                  yf(y)(std)                 d(y)(std)                  yd(y)(std)  
1.0610e-03     1.6582e-02  1.3942e-02     1.7594e-05  1.4792e-05     5.4068e-05  4.5458e-05     5.7366e-08  4.8232e-08 
1.1905e-03     2.9558e-02  2.1854e-02     3.5188e-05  2.6017e-05     1.0814e-04  7.9953e-05     1.2873e-07  9.5182e-08 
1.3357e-03     1.3172e-02  3.3963e-03     1.7594e-05  4.5366e-06     5.4068e-05  1.3943e-05     7.2220e-08  1.8624e-08 
1.4987e-03     1.7609e-02  7.2862e-03     2.6391e-05  1.0920e-05     8.1102e-05  3.3560e-05     1.2155e-07  5.0297e-08 
1.6816e-03     3.6619e-02  9.9103e-03     6.1579e-05  1.6665e-05     1.8924e-04  5.1220e-05     3.1822e-07  8.6131e-08 
1.8868e-03     3.2637e-02  1.1073e-02     6.1579e-05  2.0893e-05     1.8924e-04  6.4212e-05     3.5705e-07  1.2115e-07 
2.1170e-03     2.9088e-02  2.1089e-02     6.1579e-05  4.4644e-05     1.8924e-04  1.3720e-04     4.0061e-07  2.9045e-07 
2.3753e-03     4.4442e-02  8.0917e-02     1.0556e-04  1.9220e-04     3.2441e-04  5.9066e-04     7.7056e-07  1.4030e-06 
2.6651e-03     3.6308e-02  3.8312e-02     9.6766e-05  1.0211e-04     2.9737e-04  3.1378e-04     7.9254e-07  8.3628e-07 
2.9903e-03     2.9418e-02  1.1655e-02     8.7969e-05  3.4853e-05     2.7034e-04  1.0711e-04     8.0840e-07  3.2031e-07 
3.3552e-03     3.4084e-02  1.2411e-02     1.1436e-04  4.1640e-05     3.5144e-04  1.2797e-04     1.1792e-06  4.2938e-07 
3.7646e-03     3.9725e-02  1.4115e-02     1.4955e-04  5.3137e-05     4.5958e-04  1.6331e-04     1.7301e-06  6.1479e-07 
4.2240e-03     6.0396e-02  1.1917e-02     2.5511e-04  5.0335e-05     7.8398e-04  1.5472e-04     3.3115e-06  6.5354e-07 
4.7394e-03     4.6404e-02  1.1380e-02     2.1992e-04  5.3935e-05     6.7585e-04  1.6577e-04     3.2031e-06  7.8566e-07 
5.3176e-03     5.9555e-02  2.1152e-02     3.1669e-04  1.1248e-04     9.7322e-04  3.4568e-04     5.1752e-06  1.8382e-06 
5.9665e-03     4.7180e-02  1.1687e-02     2.8150e-04  6.9732e-05     8.6508e-04  2.1433e-04     5.1615e-06  1.2788e-06 
6.6945e-03     7.8843e-02  2.3236e-02     5.2782e-04  1.5555e-04     1.6220e-03  4.7809e-04     1.0859e-05  3.2006e-06 
7.5114e-03     4.4504e-02  1.3823e-02     3.3428e-04  1.0383e-04     1.0273e-03  3.1911e-04     7.7163e-06  2.3969e-06 
8.4279e-03     2.0876e-03  5.3225e-04     1.7594e-05  4.4857e-06     5.4068e-05  1.3787e-05     4.5568e-07  1.1620e-07 
9.4563e-03     1.8606e-03  1.1562e-03     1.7594e-05  1.0933e-05     5.4068e-05  3.3599e-05     5.1128e-07  3.1772e-07 
1.0610e-02     1.6582e-03  9.2441e-04     1.7594e-05  9.8081e-06     5.4068e-05  3.0142e-05     5.7366e-07  3.1981e-07 
1.1905e-02     1.9663e+00  6.8003e-02     2.3409e-02  8.0955e-04     7.1937e-02  2.5071e-03     8.5639e-04  2.9846e-05 
1.3357e-02     1.5977e+00  4.6717e-02     2.1341e-02  6.2401e-04     6.5584e-02  1.9383e-03     8.7603e-04  2.5891e-05 
1.4987e-02     1.1921e+00  3.0484e-02     1.7867e-02  4.5687e-04     5.4906e-02  1.4238e-03     8.2288e-04  2.1338e-05 
1.6816e-02     1.0212e+00  3.3936e-02     1.7172e-02  5.7066e-04     5.2770e-02  1.7683e-03     8.8737e-04  2.9736e-05 
1.8868e-02     8.1080e-01  1.9467e-02     1.5298e-02  3.6729e-04     4.7012e-02  1.1467e-03     8.8701e-04  2.1636e-05 
2.1170e-02     6.2372e-01  1.5442e-02     1.3204e-02  3.2691e-04     4.0578e-02  1.0197e-03     8.5903e-04  2.1588e-05 
2.3753e-02     8.3699e-01  3.0014e-02     1.9881e-02  7.1293e-04     6.1097e-02  2.2067e-03     1.4512e-03  5.2415e-05 
2.6651e-02     1.0866e+00  4.3502e-02     2.8960e-02  1.1594e-03     8.8995e-02  3.5834e-03     2.3718e-03  9.5504e-05 
2.9903e-02     1.1085e+00  2.0560e-02     3.3147e-02  6.1482e-04     1.0186e-01  1.9397e-03     3.0461e-03  5.8003e-05 
3.3552e-02     1.0102e+00  1.6881e-02     3.3895e-02  5.6640e-04     1.0416e-01  1.7975e-03     3.4948e-03  6.0310e-05 
3.7646e-02     1.0817e+00  1.6830e-02     4.0721e-02  6.3357e-04     1.2514e-01  2.0202e-03     4.7110e-03  7.6054e-05 
4.2240e-02     1.1731e+00  3.6125e-02     4.9553e-02  1.5259e-03     1.5228e-01  4.7349e-03     6.4323e-03  2.0000e-04 
4.7394e-02     1.2301e+00  2.0569e-02     5.8297e-02  9.7483e-04     1.7915e-01  3.0935e-03     8.4907e-03  1.4661e-04 
5.3176e-02     1.2983e+00  2.7756e-02     6.9038e-02  1.4760e-03     2.1216e-01  4.6270e-03     1.1282e-02  2.4604e-04 
5.9665e-02     1.3893e+00  3.0090e-02     8.2894e-02  1.7953e-03     2.5474e-01  5.6253e-03     1.5199e-02  3.3563e-04 
6.6945e-02     1.5018e+00  2.1763e-02     1.0054e-01  1.4569e-03     3.0897e-01  4.6707e-03     2.0684e-02  3.1268e-04 
7.5114e-02     1.6156e+00  3.6459e-02     1.2135e-01  2.7385e-03     3.7293e-01  8.5677e-03     2.8012e-02  6.4355e-04 
8.4279e-02     1.7633e+00  3.4507e-02     1.4861e-01  2.9082e-03     4.5668e-01  9.1511e-03     3.8489e-02  7.7125e-04 
9.4563e-02     1.8876e+00  2.2458e-02     1.7850e-01  2.1237e-03     5.4854e-01  6.9407e-03     5.1872e-02  6.5633e-04 
1.0610e-01     2.0443e+00  1.2304e-02     2.1690e-01  1.3054e-03     6.6655e-01  4.9331e-03     7.0721e-02  5.2340e-04 
1.1905e-01     2.2356e+00  2.8304e-02     2.6614e-01  3.3695e-03     8.1788e-01  1.0938e-02     9.7367e-02  1.3021e-03 
1.3357e-01     2.4229e+00  2.2237e-02     3.2363e-01  2.9703e-03     9.9455e-01  1.0083e-02     1.3284e-01  1.3468e-03 
1.4987e-01     2.5667e+00  1.8825e-02     3.8468e-01  2.8213e-03     1.1822e+00  1.0055e-02     1.7717e-01  1.5069e-03 
1.6816e-01     2.7116e+00  9.0408e-03     4.5598e-01  1.5203e-03     1.4013e+00  7.6321e-03     2.3564e-01  1.2834e-03 
1.8868e-01     2.7928e+00  2.7182e-02     5.2695e-01  5.1285e-03     1.6194e+00  1.7235e-02     3.0554e-01  3.2518e-03 
2.1170e-01     2.8130e+00  1.5126e-02     5.9550e-01  3.2021e-03     1.8300e+00  1.2608e-02     3.8742e-01  2.6690e-03 
2.3753e-01     2.7207e+00  1.3344e-02     6.4625e-01  3.1697e-03     1.9860e+00  1.2963e-02     4.7173e-01  3.0792e-03 
2.6651e-01     2.4970e+00  2.2292e-02     6.6550e-01  5.9412e-03     2.0451e+00  2.0272e-02     5.4506e-01  5.4027e-03 
2.9903e-01     2.1785e+00  1.0347e-02     6.5143e-01  3.0941e-03     2.0019e+00  1.2835e-02     5.9864e-01  3.8382e-03 
3.3552e-01     1.7841e+00  9.6993e-03     5.9861e-01  3.2543e-03     1.8396e+00  1.2759e-02     6.1721e-01  4.2808e-03 
3.7646e-01     1.3727e+00  1.1469e-02     5.1676e-01  4.3178e-03     1.5880e+00  1.4928e-02     5.9784e-01  5.6198e-03 
4.2240e-01     9.8579e-01  6.1607e-03     4.1639e-01  2.6023e-03     1.2796e+00  9.7121e-03     5.4051e-01  4.1023e-03 
4.7394e-01     6.6057e-01  8.6792e-03     3.1307e-01  4.1134e-03     9.6208e-01  1.3303e-02     4.5596e-01  6.3046e-03 
5.3176e-01     4.3650e-01  3.1947e-03     2.3212e-01  1.6988e-03     7.1332e-01  6.0575e-03     3.7932e-01  3.2212e-03 
5.9665e-01     2.8037e-01  4.9629e-03     1.6728e-01  2.9611e-03     5.1408e-01  9.3653e-03     3.0672e-01  5.5878e-03 
6.6945e-01     1.8541e-01  3.3628e-03     1.2412e-01  2.2512e-03     3.8145e-01  7.1105e-03     2.5536e-01  4.7602e-03 
7.5114e-01     1.2605e-01  2.0092e-03     9.4681e-02  1.5092e-03     2.9097e-01  4.8042e-03     2.1855e-01  3.6086e-03 
8.4279e-01     8.7438e-02  1.4338e-03     7.3692e-02  1.2084e-03     2.2646e-01  3.8395e-03     1.9086e-01  3.2359e-03 
9.4563e-01     6.3687e-02  8.7950e-04     6.0224e-02  8.3168e-04     1.8507e-01  2.6772e-03     1.7501e-01  2.5317e-03 
1.0610e+00     4.6140e-02  1.9258e-03     4.8955e-02  2.0433e-03     1.5044e-01  6.3125e-03     1.5962e-01  6.6977e-03 
1.1905e+00     3.3740e-02  7.5500e-04     4.0167e-02  8.9881e-04     1.2344e-01  2.8128e-03     1.4695e-01  3.3486e-03 
1.3357e+00     2.5744e-02  3.2454e-04     3.4387e-02  4.3349e-04     1.0568e-01  1.4078e-03     1.4115e-01  1.8804e-03 
1.4987e+00     1.9845e-02  5.1385e-04     2.9742e-02  7.7012e-04     9.1401e-02  2.3992e-03     1.3698e-01  3.5957e-03 
1.6816e+00     1.4941e-02  3.7392e-04     2.5124e-02  6.2878e-04     7.7209e-02  1.9607e-03     1.2983e-01  3.2971e-03 
1.8868e+00     1.1022e-02  4.0335e-04     2.0796e-02  7.6103e-04     6.3908e-02  2.3549e-03     1.2058e-01  4.4431e-03 
2.1170e+00     8.8925e-03  2.5904e-04     1.8825e-02  5.4839e-04     5.7852e-02  1.7036e-03     1.2247e-01  3.6065e-03 
2.3753e+00     6.5033e-03  2.9194e-04     1.5447e-02  6.9345e-04     4.7471e-02  2.1408e-03     1.1276e-01  5.0851e-03 
2.6651e+00     4.9280e-03  2.7837e-04     1.3134e-02  7.4188e-04     4.0362e-02  2.2865e-03     1.0757e-01  6.0938e-03 
2.9903e+00     3.4949e-03  4.0913e-04     1.0451e-02  1.2234e-03     3.2116e-02  3.7623e-03     9.6038e-02  1.1250e-02 
3.3552e+00     2.5196e-03  8.5786e-05     8.4539e-03  2.8783e-04     2.5980e-02  8.9158e-04     8.7167e-02  2.9914e-03 
3.7646e+00     1.8554e-03  8.1941e-05     6.9848e-03  3.0848e-04     2.1465e-02  9.5248e-04     8.0807e-02  3.5857e-03 
4.2240e+00     1.2787e-03  1.4756e-04     5.4013e-03  6.2327e-04     1.6599e-02  1.9167e-03     7.0113e-02  8.0961e-03 
4.7394e+00     8.5754e-04  4.2431e-05     4.0642e-03  2.0110e-04     1.2490e-02  6.2033e-04     5.9193e-02  2.9399e-03 
5.3176e+00     5.8231e-04  1.2779e-04     3.0965e-03  6.7956e-04     9.5159e-03  2.0887e-03     5.0602e-02  1.1107e-02 
5.9665e+00     3.2731e-04  2.8370e-05     1.9529e-03  1.6927e-04     6.0015e-03  5.2082e-04     3.5808e-02  3.1075e-03 
6.6945e+00     1.8397e-04  2.1536e-05     1.2316e-03  1.4417e-04     3.7847e-03  4.4336e-04     2.5337e-02  2.9681e-03 
7.5114e+00     6.4413e-05  1.5786e-05     4.8383e-04  1.1858e-04     1.4869e-03  3.6445e-04     1.1168e-02  2.7375e-03 
8.4279e+00     2.0876e-05  6.4420e-06     1.7594e-04  5.4292e-05     5.4068e-04  1.6686e-04     4.5568e-03  1.4063e-03 
9.4563e+00     1.0233e-05  2.7786e-06     9.6766e-05  2.6275e-05     2.9737e-04  8.0755e-05     2.8120e-03  7.6364e-04 
1.0610e+01     4.1456e-06  1.7803e-06     4.3985e-05  1.8889e-05     1.3517e-04  5.8050e-05     1.4342e-03  6.1592e-04 
1.1905e+01     7.3895e-07  1.1458e-06     8.7969e-06  1.3640e-05     2.7034e-05  4.1919e-05     3.2183e-04  4.9903e-04 
1.3357e+01     6.5859e-07  3.7321e-07     8.7969e-06  4.9851e-06     2.7034e-05  1.5320e-05     3.6110e-04  2.0464e-04 
1.4987e+01     0.0000e+00  0.0000e+00     0.0000e+00  0.0000e+00     0.0000e+00  0.0000e+00     0.0000e+00  0.0000e+00 
1.6816e+01     0.0000e+00  0.0000e+00     0.0000e+00  0.0000e+00     0.0000e+00  0.0000e+00     0.0000e+00  0.0000e+00 
1.8868e+01     0.0000e+00  0.0000e+00     0.0000e+00  0.0000e+00     0.0000e+00  0.0000e+00     0.0000e+00  0.0000e+00 
2.1170e+01     0.0000e+00  0.0000e+00     0.0000e+00  0.0000e+00     0.0000e+00  0.0000e+00     0.0000e+00  0.0000e+00 
2.3753e+01     0.0000e+00  0.0000e+00     0.0000e+00  0.0000e+00     0.0000e+00  0.0000e+00     0.0000e+00  0.0000e+00 
2.6651e+01     0.0000e+00  0.0000e+00     0.0000e+00  0.0000e+00     0.0000e+00  0.0000e+00     0.0000e+00  0.0000e+00 
2.9903e+01     0.0000e+00  0.0000e+00     0.0000e+00  0.0000e+00     0.0000e+00  0.0000e+00     0.0000e+00  0.0000e+00 
3.3552e+01     0.0000e+00  0.0000e+00     0.0000e+00  0.0000e+00     0.0000e+00  0.0000e+00     0.0000e+00  0.0000e+00 
3.7646e+01     0.0000e+00  0.0000e+00     0.0000e+00  0.0000e+00     0.0000e+00  0.0000e+00     0.0000e+00  0.0000e+00 
4.2240e+01     0.0000e+00  0.0000e+00     0.0000e+00  0.0000e+00     0.0000e+00  0.0000e+00     0.0000e+00  0.0000e+00 
4.7394e+01     1.8561e-07  8.5062e-08     8.7969e-06  4.0314e-06     2.7034e-05  1.2389e-05     1.2812e-03  5.8718e-04 
5.3176e+01     0.0000e+00  0.0000e+00     0.0000e+00  0.0000e+00     0.0000e+00  0.0000e+00     0.0000e+00  0.0000e+00 
5.9665e+01     1.4744e-07  1.1783e-07     8.7969e-06  7.0306e-06     2.7034e-05  2.1606e-05     1.6130e-03  1.2891e-03 
6.6945e+01     0.0000e+00  0.0000e+00     0.0000e+00  0.0000e+00     0.0000e+00  0.0000e+00     0.0000e+00  0.0000e+00 
7.5114e+01     0.0000e+00  0.0000e+00     0.0000e+00  0.0000e+00     0.0000e+00  0.0000e+00     0.0000e+00  0.0000e+00 
8.4279e+01     0.0000e+00  0.0000e+00     0.0000e+00  0.0000e+00     0.0000e+00  0.0000e+00     0.0000e+00  0.0000e+00 
9.4563e+01     0.0000e+00  0.0000e+00     0.0000e+00  0.0000e+00     0.0000e+00  0.0000e+00     0.0000e+00  0.0000e+00 
1.0610e+02     0.0000e+00  0.0000e+00     0.0000e+00  0.0000e+00     0.0000e+00  0.0000e+00     0.0000e+00  0.0000e+00 
1.1905e+02     7.3895e-08  8.3946e-08     8.7969e-06  9.9936e-06     2.7034e-05  3.0712e-05     3.2183e-03  3.6561e-03 
1.3357e+02     6.5859e-08  3.3032e-07     8.7969e-06  4.4122e-05     2.7034e-05  1.3559e-04     3.6110e-03  1.8111e-02 
1.4987e+02     0.0000e+00  0.0000e+00     0.0000e+00  0.0000e+00     0.0000e+00  0.0000e+00     0.0000e+00  0.0000e+00 
1.6816e+02     0.0000e+00  0.0000e+00     0.0000e+00  0.0000e+00     0.0000e+00  0.0000e+00     0.0000e+00  0.0000e+00 
1.8868e+02     0.0000e+00  0.0000e+00     0.0000e+00  0.0000e+00     0.0000e+00  0.0000e+00     0.0000e+00  0.0000e+00 
2.1170e+02     0.0000e+00  0.0000e+00     0.0000e+00  0.0000e+00     0.0000e+00  0.0000e+00     0.0000e+00  0.0000e+00 
2.3753e+02     0.0000e+00  0.0000e+00     0.0000e+00  0.0000e+00     0.0000e+00  0.0000e+00     0.0000e+00  0.0000e+00 
2.6651e+02     0.0000e+00  0.0000e+00     0.0000e+00  0.0000e+00     0.0000e+00  0.0000e+00     0.0000e+00  0.0000e+00 
2.9903e+02     0.0000e+00  0.0000e+00     0.0000e+00  0.0000e+00     0.0000e+00  0.0000e+00     0.0000e+00  0.0000e+00 
3.3552e+02     2.6219e-08  1.4379e-08     8.7969e-06  4.8243e-06     2.7034e-05  1.4826e-05     9.0704e-03  4.9744e-03 
3.7646e+02     0.0000e+00  0.0000e+00     0.0000e+00  0.0000e+00     0.0000e+00  0.0000e+00     0.0000e+00  0.0000e+00 
4.2240e+02     0.0000e+00  0.0000e+00     0.0000e+00  0.0000e+00     0.0000e+00  0.0000e+00     0.0000e+00  0.0000e+00 
4.7394e+02     1.8561e-08  2.3192e-08     8.7969e-06  1.0991e-05     2.7034e-05  3.3778e-05     1.2812e-02  1.6008e-02 
5.3176e+02     0.0000e+00  0.0000e+00     0.0000e+00  0.0000e+00     0.0000e+00  0.0000e+00     0.0000e+00  0.0000e+00 
5.9665e+02     0.0000e+00  0.0000e+00     0.0000e+00  0.0000e+00     0.0000e+00  0.0000e+00     0.0000e+00  0.0000e+00 
6.6945e+02     0.0000e+00  0.0000e+00     0.0000e+00  0.0000e+00     0.0000e+00  0.0000e+00     0.0000e+00  0.0000e+00 
7.5114e+02     0.0000e+00  0.0000e+00     0.0000e+00  0.0000e+00     0.0000e+00  0.0000e+00     0.0000e+00  0.0000e+00 
8.4279e+02     0.0000e+00  0.0000e+00     0.0000e+00  0.0000e+00     0.0000e+00  0.0000e+00     0.0000e+00  0.0000e+00 
9.4563e+02     0.0000e+00  0.0000e+00     0.0000e+00  0.0000e+00     0.0000e+00  0.0000e+00     0.0000e+00  0.0000e+00 
1.0610e+03     0.0000e+00  0.0000e+00     0.0000e+00  0.0000e+00     0.0000e+00  0.0000e+00     0.0000e+00  0.0000e+00 
1.1905e+03     0.0000e+00  0.0000e+00     0.0000e+00  0.0000e+00     0.0000e+00  0.0000e+00     0.0000e+00  0.0000e+00 
1.3357e+03     0.0000e+00  0.0000e+00     0.0000e+00  0.0000e+00     0.0000e+00  0.0000e+00     0.0000e+00  0.0000e+00 
1.4987e+03     0.0000e+00  0.0000e+00     0.0000e+00  0.0000e+00     0.0000e+00  0.0000e+00     0.0000e+00  0.0000e+00 
1.6816e+03     0.0000e+00  0.0000e+00     0.0000e+00  0.0000e+00     0.0000e+00  0.0000e+00     0.0000e+00  0.0000e+00 
1.8868e+03     0.0000e+00  0.0000e+00     0.0000e+00  0.0000e+00     0.0000e+00  0.0000e+00     0.0000e+00  0.0000e+00 
2.1170e+03     0.0000e+00  0.0000e+00     0.0000e+00  0.0000e+00     0.0000e+00  0.0000e+00     0.0000e+00  0.0000e+00 
2.3753e+03     0.0000e+00  0.0000e+00     0.0000e+00  0.0000e+00     0.0000e+00  0.0000e+00     0.0000e+00  0.0000e+00 
2.6651e+03     0.0000e+00  0.0000e+00     0.0000e+00  0.0000e+00     0.0000e+00  0.0000e+00     0.0000e+00  0.0000e+00 
2.9903e+03     0.0000e+00  0.0000e+00     0.0000e+00  0.0000e+00     0.0000e+00  0.0000e+00     0.0000e+00  0.0000e+00 
3.3552e+03     0.0000e+00  0.0000e+00     0.0000e+00  0.0000e+00     0.0000e+00  0.0000e+00     0.0000e+00  0.0000e+00 
3.7646e+03     0.0000e+00  0.0000e+00     0.0000e+00  0.0000e+00     0.0000e+00  0.0000e+00     0.0000e+00  0.0000e+00 
4.2240e+03     0.0000e+00  0.0000e+00     0.0000e+00  0.0000e+00     0.0000e+00  0.0000e+00     0.0000e+00  0.0000e+00 
4.7394e+03     0.0000e+00  0.0000e+00     0.0000e+00  0.0000e+00     0.0000e+00  0.0000e+00     0.0000e+00  0.0000e+00 
5.3176e+03     0.0000e+00  0.0000e+00     0.0000e+00  0.0000e+00     0.0000e+00  0.0000e+00     0.0000e+00  0.0000e+00 
5.9665e+03     0.0000e+00  0.0000e+00     0.0000e+00  0.0000e+00     0.0000e+00  0.0000e+00     0.0000e+00  0.0000e+00 
6.6945e+03     0.0000e+00  0.0000e+00     0.0000e+00  0.0000e+00     0.0000e+00  0.0000e+00     0.0000e+00  0.0000e+00 
7.5114e+03     0.0000e+00  0.0000e+00     0.0000e+00  0.0000e+00     0.0000e+00  0.0000e+00     0.0000e+00  0.0000e+00 
8.4279e+03     0.0000e+00  0.0000e+00     0.0000e+00  0.0000e+00     0.0000e+00  0.0000e+00     0.0000e+00  0.0000e+00 
9.4563e+03     0.0000e+00  0.0000e+00     0.0000e+00  0.0000e+00     0.0000e+00  0.0000e+00     0.0000e+00  0.0000e+00 
