yF = 3.6672e-01 (std: 1.0268e-03) keV/um
yD = 3.3960e+00 (std: 3.4936e-01) keV/um
y (keV/um)     f(y)(std)                  yf(y)(std)                 d(y)(std)                  yd(y)(std)  
1.0610e-03     8.2707e-03  5.3281e-03     8.7753e-06  5.6532e-06     2.3929e-05  1.5415e-05     2.5389e-08  1.6356e-08 
1.1905e-03     7.3713e-03  3.2126e-03     8.7753e-06  3.8246e-06     2.3929e-05  1.0429e-05     2.8487e-08  1.2416e-08 
1.3357e-03     1.3139e-02  1.1877e-02     1.7551e-05  1.5864e-05     4.7858e-05  4.3259e-05     6.3925e-08  5.7782e-08 
1.4987e-03     2.9276e-02  1.6443e-02     4.3876e-05  2.4644e-05     1.1964e-04  6.7200e-05     1.7931e-07  1.0071e-07 
1.6816e-03     1.5655e-02  9.8920e-03     2.6326e-05  1.6634e-05     7.1786e-05  4.5359e-05     1.2072e-07  7.6276e-08 
1.8868e-03     2.3255e-02  8.0433e-03     4.3876e-05  1.5176e-05     1.1964e-04  4.1384e-05     2.2574e-07  7.8081e-08 
2.1170e-03     3.7307e-02  1.8130e-02     7.8978e-05  3.8381e-05     2.1536e-04  1.0466e-04     4.5591e-07  2.2157e-07 
2.3753e-03     1.4778e-02  6.4702e-03     3.5101e-05  1.5369e-05     9.5715e-05  4.1909e-05     2.2735e-07  9.9546e-08 
2.6651e-03     2.6341e-02  2.1219e-02     7.0202e-05  5.6553e-05     1.9143e-04  1.5421e-04     5.1019e-07  4.1099e-07 
2.9903e-03     2.6411e-02  1.0744e-02     7.8978e-05  3.2127e-05     2.1536e-04  8.7609e-05     6.4400e-07  2.6198e-07 
3.3552e-03     3.6616e-02  1.2491e-02     1.2285e-04  4.1911e-05     3.3500e-04  1.1429e-04     1.1240e-06  3.8347e-07 
3.7646e-03     3.9627e-02  2.9704e-02     1.4918e-04  1.1182e-04     4.0679e-04  3.0493e-04     1.5314e-06  1.1479e-06 
4.2240e-03     5.4015e-02  1.7462e-02     2.2816e-04  7.3757e-05     6.2215e-04  2.0113e-04     2.6279e-06  8.4956e-07 
4.7394e-03     3.5180e-02  1.9526e-02     1.6673e-04  9.2540e-05     4.5465e-04  2.5234e-04     2.1547e-06  1.1959e-06 
5.3176e-03     5.2807e-02  1.0068e-02     2.8081e-04  5.3536e-05     7.6572e-04  1.4600e-04     4.0718e-06  7.7637e-07 
5.9665e-03     5.0006e-02  1.3418e-02     2.9836e-04  8.0056e-05     8.1358e-04  2.1831e-04     4.8542e-06  1.3026e-06 
6.6945e-03     6.8163e-02  1.3513e-02     4.5632e-04  9.0462e-05     1.2443e-03  2.4670e-04     8.3300e-06  1.6515e-06 
7.5114e-03     3.0375e-02  1.3769e-02     2.2816e-04  1.0343e-04     6.2215e-04  2.8203e-04     4.6732e-06  2.1184e-06 
8.4279e-03     3.1237e-03  2.0758e-03     2.6326e-05  1.7494e-05     7.1786e-05  4.7705e-05     6.0501e-07  4.0205e-07 
9.4563e-03     1.8560e-03  1.1894e-03     1.7551e-05  1.1247e-05     4.7858e-05  3.0670e-05     4.5255e-07  2.9003e-07 
1.0610e-02     8.2707e-04  4.9782e-04     8.7753e-06  5.2819e-06     2.3929e-05  1.4403e-05     2.5389e-07  1.5282e-07 
1.1905e-02     1.5266e+00  5.0062e-02     1.8174e-02  5.9597e-04     4.9557e-02  1.6310e-03     5.8996e-04  1.9417e-05 
1.3357e-02     1.1917e+00  5.4840e-02     1.5918e-02  7.3251e-04     4.3407e-02  2.0011e-03     5.7980e-04  2.6730e-05 
1.4987e-02     9.4503e-01  4.1879e-02     1.4163e-02  6.2765e-04     3.8621e-02  1.7149e-03     5.7882e-04  2.5702e-05 
1.6816e-02     7.8120e-01  2.9745e-02     1.3137e-02  5.0019e-04     3.5821e-02  1.3676e-03     6.0237e-04  2.2998e-05 
1.8868e-02     6.0323e-01  3.2408e-02     1.1382e-02  6.1147e-04     3.1036e-02  1.6697e-03     5.8557e-04  3.1503e-05 
2.1170e-02     4.8581e-01  1.7436e-02     1.0285e-02  3.6912e-04     2.8045e-02  1.0096e-03     5.9370e-04  2.1373e-05 
2.3753e-02     6.3802e-01  2.0397e-02     1.5155e-02  4.8449e-04     4.1325e-02  1.3262e-03     9.8160e-04  3.1501e-05 
2.6651e-02     8.3172e-01  1.8935e-02     2.2166e-02  5.0465e-04     6.0444e-02  1.3865e-03     1.6109e-03  3.6952e-05 
2.9903e-02     8.6012e-01  3.8652e-02     2.5720e-02  1.1558e-03     7.0135e-02  3.1578e-03     2.0973e-03  9.4430e-05 
3.3552e-02     8.1000e-01  2.7599e-02     2.7177e-02  9.2599e-04     7.4108e-02  2.5335e-03     2.4865e-03  8.5005e-05 
3.7646e-02     8.3123e-01  1.8535e-02     3.1293e-02  6.9776e-04     8.5330e-02  1.9176e-03     3.2123e-03  7.2191e-05 
4.2240e-02     9.0330e-01  1.5784e-02     3.8155e-02  6.6670e-04     1.0404e-01  1.8412e-03     4.3947e-03  7.7771e-05 
4.7394e-02     9.3875e-01  1.7727e-02     4.4491e-02  8.4014e-04     1.2132e-01  2.3160e-03     5.7497e-03  1.0976e-04 
5.3176e-02     9.9442e-01  2.8059e-02     5.2880e-02  1.4921e-03     1.4420e-01  4.0887e-03     7.6678e-03  2.1742e-04 
5.9665e-02     1.0816e+00  2.8491e-02     6.4534e-02  1.6999e-03     1.7597e-01  4.6616e-03     1.0499e-02  2.7813e-04 
6.6945e-02     1.1568e+00  3.3320e-02     7.7442e-02  2.2306e-03     2.1117e-01  6.1112e-03     1.4137e-02  4.0911e-04 
7.5114e-02     1.2499e+00  1.5089e-02     9.3887e-02  1.1334e-03     2.5601e-01  3.1727e-03     1.9230e-02  2.3831e-04 
8.4279e-02     1.3556e+00  1.3667e-02     1.1425e-01  1.1518e-03     3.1153e-01  3.2597e-03     2.6255e-02  2.7473e-04 
9.4563e-02     1.4701e+00  2.4223e-02     1.3902e-01  2.2906e-03     3.7908e-01  6.3356e-03     3.5847e-02  5.9911e-04 
1.0610e-01     1.5948e+00  1.2128e-02     1.6921e-01  1.2867e-03     4.6142e-01  3.7390e-03     4.8957e-02  3.9672e-04 
1.1905e-01     1.7430e+00  1.9500e-02     2.0750e-01  2.3214e-03     5.6582e-01  6.5254e-03     6.7359e-02  7.7683e-04 
1.3357e-01     1.9083e+00  1.6808e-02     2.5490e-01  2.2451e-03     6.9506e-01  6.4240e-03     9.2841e-02  8.5807e-04 
1.4987e-01     2.0524e+00  1.2124e-02     3.0759e-01  1.8171e-03     8.3875e-01  5.4833e-03     1.2571e-01  8.2180e-04 
1.6816e-01     2.2513e+00  1.4665e-02     3.7857e-01  2.4661e-03     1.0323e+00  7.3195e-03     1.7359e-01  1.2308e-03 
1.8868e-01     2.4075e+00  1.8231e-02     4.5424e-01  3.4398e-03     1.2386e+00  1.0000e-02     2.3370e-01  1.8868e-03 
2.1170e-01     2.5136e+00  2.2942e-02     5.3213e-01  4.8569e-03     1.4510e+00  1.3853e-02     3.0718e-01  2.9327e-03 
2.3753e-01     2.5611e+00  2.0847e-02     6.0835e-01  4.9518e-03     1.6589e+00  1.4279e-02     3.9403e-01  3.3918e-03 
2.6651e-01     2.4920e+00  1.8207e-02     6.6415e-01  4.8525e-03     1.8110e+00  1.4170e-02     4.8266e-01  3.7766e-03 
2.9903e-01     2.3025e+00  3.1800e-02     6.8852e-01  9.5093e-03     1.8775e+00  2.6458e-02     5.6143e-01  7.9118e-03 
3.3552e-01     1.9967e+00  7.5473e-03     6.6995e-01  2.5323e-03     1.8268e+00  8.5933e-03     6.1294e-01  2.8832e-03 
3.7646e-01     1.6439e+00  5.1219e-03     6.1886e-01  1.9282e-03     1.6875e+00  7.0690e-03     6.3529e-01  2.6612e-03 
4.2240e-01     1.2421e+00  5.1357e-03     5.2467e-01  2.1693e-03     1.4307e+00  7.1441e-03     6.0432e-01  3.0176e-03 
4.7394e-01     8.8833e-01  4.8243e-03     4.2101e-01  2.2864e-03     1.1480e+00  7.0146e-03     5.4409e-01  3.3245e-03 
5.3176e-01     5.9797e-01  4.8494e-03     3.1798e-01  2.5787e-03     8.6708e-01  7.4391e-03     4.6108e-01  3.9558e-03 
5.9665e-01     3.8815e-01  3.0907e-03     2.3159e-01  1.8440e-03     6.3151e-01  5.3302e-03     3.7679e-01  3.1803e-03 
6.6945e-01     2.4909e-01  3.7022e-03     1.6676e-01  2.4784e-03     4.5472e-01  6.8771e-03     3.0441e-01  4.6039e-03 
7.5114e-01     1.7016e-01  2.2428e-03     1.2781e-01  1.6846e-03     3.4852e-01  4.6963e-03     2.6179e-01  3.5275e-03 
8.4279e-01     1.1328e-01  6.8505e-04     9.5475e-02  5.7735e-04     2.6035e-01  1.7349e-03     2.1942e-01  1.4622e-03 
9.4563e-01     7.9519e-02  1.2954e-03     7.5195e-02  1.2249e-03     2.0505e-01  3.3892e-03     1.9390e-01  3.2049e-03 
1.0610e+00     5.7564e-02  1.6498e-03     6.1076e-02  1.7505e-03     1.6654e-01  4.7959e-03     1.7671e-01  5.0885e-03 
1.1905e+00     4.1596e-02  1.9935e-03     4.9519e-02  2.3732e-03     1.3503e-01  6.4823e-03     1.6075e-01  7.7170e-03 
1.3357e+00     3.0943e-02  6.7939e-04     4.1332e-02  9.0748e-04     1.1270e-01  2.4946e-03     1.5054e-01  3.3321e-03 
1.4987e+00     2.3807e-02  7.8626e-04     3.5680e-02  1.1784e-03     9.7295e-02  3.2248e-03     1.4582e-01  4.8331e-03 
1.6816e+00     1.7837e-02  4.0272e-04     2.9994e-02  6.7720e-04     8.1789e-02  1.8608e-03     1.3753e-01  3.1290e-03 
1.8868e+00     1.3209e-02  4.6504e-04     2.4922e-02  8.7742e-04     6.7958e-02  2.4001e-03     1.2822e-01  4.5285e-03 
2.1170e+00     1.0189e-02  4.4948e-04     2.1570e-02  9.5154e-04     5.8817e-02  2.5999e-03     1.2452e-01  5.5040e-03 
2.3753e+00     7.6289e-03  1.5528e-04     1.8121e-02  3.6883e-04     4.9413e-02  1.0152e-03     1.1737e-01  2.4114e-03 
2.6651e+00     5.8938e-03  2.0188e-04     1.5708e-02  5.3803e-04     4.2833e-02  1.4720e-03     1.1415e-01  3.9231e-03 
2.9903e+00     4.1700e-03  1.8454e-04     1.2470e-02  5.5184e-04     3.4003e-02  1.5078e-03     1.0168e-01  4.5088e-03 
3.3552e+00     3.0784e-03  1.9295e-04     1.0329e-02  6.4739e-04     2.8164e-02  1.7671e-03     9.4497e-02  5.9290e-03 
3.7646e+00     2.2890e-03  1.1630e-04     8.6173e-03  4.3782e-04     2.3498e-02  1.1957e-03     8.8461e-02  4.5012e-03 
4.2240e+00     1.4896e-03  8.2764e-05     6.2919e-03  3.4959e-04     1.7157e-02  9.5448e-04     7.2470e-02  4.0317e-03 
4.7394e+00     1.0313e-03  9.5401e-05     4.8878e-03  4.5214e-04     1.3328e-02  1.2335e-03     6.3168e-02  5.8459e-03 
5.3176e+00     6.6009e-04  6.0452e-05     3.5101e-03  3.2146e-04     9.5715e-03  8.7698e-04     5.0898e-02  4.6635e-03 
5.9665e+00     4.3093e-04  3.8352e-05     2.5712e-03  2.2883e-04     7.0111e-03  6.2428e-04     4.1832e-02  3.7248e-03 
6.6945e+00     2.0842e-04  2.0987e-05     1.3953e-03  1.4049e-04     3.8047e-03  3.8325e-04     2.5471e-02  2.5657e-03 
7.5114e+00     1.0865e-04  2.2869e-05     8.1610e-04  1.7178e-04     2.2254e-03  4.6846e-04     1.6716e-02  3.5188e-03 
8.4279e+00     3.7484e-05  8.7777e-06     3.1591e-04  7.3977e-05     8.6144e-04  2.0174e-04     7.2601e-03  1.7002e-03 
9.4563e+00     1.2992e-05  4.1666e-06     1.2285e-04  3.9400e-05     3.3500e-04  1.0744e-04     3.1679e-03  1.0160e-03 
1.0610e+01     4.1354e-06  1.9381e-06     4.3876e-05  2.0564e-05     1.1964e-04  5.6075e-05     1.2694e-03  5.9496e-04 
1.1905e+01     2.2114e-06  1.1079e-06     2.6326e-05  1.3189e-05     7.1786e-05  3.5965e-05     8.5460e-04  4.2815e-04 
1.3357e+01     6.5697e-07  1.0763e-06     8.7753e-06  1.4376e-05     2.3929e-05  3.9201e-05     3.1962e-04  5.2362e-04 
1.4987e+01     5.8552e-07  3.7720e-07     8.7753e-06  5.6532e-06     2.3929e-05  1.5415e-05     3.5862e-04  2.3103e-04 
1.6816e+01     0.0000e+00  0.0000e+00     0.0000e+00  0.0000e+00     0.0000e+00  0.0000e+00     0.0000e+00  0.0000e+00 
1.8868e+01     0.0000e+00  0.0000e+00     0.0000e+00  0.0000e+00     0.0000e+00  0.0000e+00     0.0000e+00  0.0000e+00 
2.1170e+01     0.0000e+00  0.0000e+00     0.0000e+00  0.0000e+00     0.0000e+00  0.0000e+00     0.0000e+00  0.0000e+00 
2.3753e+01     0.0000e+00  0.0000e+00     0.0000e+00  0.0000e+00     0.0000e+00  0.0000e+00     0.0000e+00  0.0000e+00 
2.6651e+01     0.0000e+00  0.0000e+00     0.0000e+00  0.0000e+00     0.0000e+00  0.0000e+00     0.0000e+00  0.0000e+00 
2.9903e+01     0.0000e+00  0.0000e+00     0.0000e+00  0.0000e+00     0.0000e+00  0.0000e+00     0.0000e+00  0.0000e+00 
3.3552e+01     0.0000e+00  0.0000e+00     0.0000e+00  0.0000e+00     0.0000e+00  0.0000e+00     0.0000e+00  0.0000e+00 
3.7646e+01     2.3310e-07  1.7555e-07     8.7753e-06  6.6086e-06     2.3929e-05  1.8021e-05     9.0083e-04  6.7841e-04 
4.2240e+01     2.0775e-07  1.2860e-07     8.7753e-06  5.4320e-06     2.3929e-05  1.4812e-05     1.0107e-03  6.2567e-04 
4.7394e+01     0.0000e+00  0.0000e+00     0.0000e+00  0.0000e+00     0.0000e+00  0.0000e+00     0.0000e+00  0.0000e+00 
5.3176e+01     1.6502e-07  1.2001e-07     8.7753e-06  6.3819e-06     2.3929e-05  1.7403e-05     1.2724e-03  9.2540e-04 
5.9665e+01     0.0000e+00  0.0000e+00     0.0000e+00  0.0000e+00     0.0000e+00  0.0000e+00     0.0000e+00  0.0000e+00 
6.6945e+01     1.3108e-07  8.2249e-08     8.7753e-06  5.5062e-06     2.3929e-05  1.5015e-05     1.6019e-03  1.0052e-03 
7.5114e+01     0.0000e+00  0.0000e+00     0.0000e+00  0.0000e+00     0.0000e+00  0.0000e+00     0.0000e+00  0.0000e+00 
8.4279e+01     0.0000e+00  0.0000e+00     0.0000e+00  0.0000e+00     0.0000e+00  0.0000e+00     0.0000e+00  0.0000e+00 
9.4563e+01     9.2799e-08  4.0445e-08     8.7753e-06  3.8246e-06     2.3929e-05  1.0429e-05     2.2628e-03  9.8621e-04 
1.0610e+02     8.2707e-08  6.6096e-08     8.7753e-06  7.0129e-06     2.3929e-05  1.9123e-05     2.5389e-03  2.0290e-03 
1.1905e+02     0.0000e+00  0.0000e+00     0.0000e+00  0.0000e+00     0.0000e+00  0.0000e+00     0.0000e+00  0.0000e+00 
1.3357e+02     0.0000e+00  0.0000e+00     0.0000e+00  0.0000e+00     0.0000e+00  0.0000e+00     0.0000e+00  0.0000e+00 
1.4987e+02     0.0000e+00  0.0000e+00     0.0000e+00  0.0000e+00     0.0000e+00  0.0000e+00     0.0000e+00  0.0000e+00 
1.6816e+02     0.0000e+00  0.0000e+00     0.0000e+00  0.0000e+00     0.0000e+00  0.0000e+00     0.0000e+00  0.0000e+00 
1.8868e+02     0.0000e+00  0.0000e+00     0.0000e+00  0.0000e+00     0.0000e+00  0.0000e+00     0.0000e+00  0.0000e+00 
2.1170e+02     0.0000e+00  0.0000e+00     0.0000e+00  0.0000e+00     0.0000e+00  0.0000e+00     0.0000e+00  0.0000e+00 
2.3753e+02     0.0000e+00  0.0000e+00     0.0000e+00  0.0000e+00     0.0000e+00  0.0000e+00     0.0000e+00  0.0000e+00 
2.6651e+02     0.0000e+00  0.0000e+00     0.0000e+00  0.0000e+00     0.0000e+00  0.0000e+00     0.0000e+00  0.0000e+00 
2.9903e+02     0.0000e+00  0.0000e+00     0.0000e+00  0.0000e+00     0.0000e+00  0.0000e+00     0.0000e+00  0.0000e+00 
3.3552e+02     0.0000e+00  0.0000e+00     0.0000e+00  0.0000e+00     0.0000e+00  0.0000e+00     0.0000e+00  0.0000e+00 
3.7646e+02     0.0000e+00  0.0000e+00     0.0000e+00  0.0000e+00     0.0000e+00  0.0000e+00     0.0000e+00  0.0000e+00 
4.2240e+02     0.0000e+00  0.0000e+00     0.0000e+00  0.0000e+00     0.0000e+00  0.0000e+00     0.0000e+00  0.0000e+00 
4.7394e+02     0.0000e+00  0.0000e+00     0.0000e+00  0.0000e+00     0.0000e+00  0.0000e+00     0.0000e+00  0.0000e+00 
5.3176e+02     0.0000e+00  0.0000e+00     0.0000e+00  0.0000e+00     0.0000e+00  0.0000e+00     0.0000e+00  0.0000e+00 
5.9665e+02     0.0000e+00  0.0000e+00     0.0000e+00  0.0000e+00     0.0000e+00  0.0000e+00     0.0000e+00  0.0000e+00 
6.6945e+02     0.0000e+00  0.0000e+00     0.0000e+00  0.0000e+00     0.0000e+00  0.0000e+00     0.0000e+00  0.0000e+00 
7.5114e+02     0.0000e+00  0.0000e+00     0.0000e+00  0.0000e+00     0.0000e+00  0.0000e+00     0.0000e+00  0.0000e+00 
8.4279e+02     0.0000e+00  0.0000e+00     0.0000e+00  0.0000e+00     0.0000e+00  0.0000e+00     0.0000e+00  0.0000e+00 
9.4563e+02     9.2799e-09  1.3123e-09     8.7753e-06  1.2410e-06     2.3929e-05  3.3846e-06     2.2628e-02  3.2006e-03 
1.0610e+03     0.0000e+00  0.0000e+00     0.0000e+00  0.0000e+00     0.0000e+00  0.0000e+00     0.0000e+00  0.0000e+00 
1.1905e+03     0.0000e+00  0.0000e+00     0.0000e+00  0.0000e+00     0.0000e+00  0.0000e+00     0.0000e+00  0.0000e+00 
1.3357e+03     0.0000e+00  0.0000e+00     0.0000e+00  0.0000e+00     0.0000e+00  0.0000e+00     0.0000e+00  0.0000e+00 
1.4987e+03     0.0000e+00  0.0000e+00     0.0000e+00  0.0000e+00     0.0000e+00  0.0000e+00     0.0000e+00  0.0000e+00 
1.6816e+03     0.0000e+00  0.0000e+00     0.0000e+00  0.0000e+00     0.0000e+00  0.0000e+00     0.0000e+00  0.0000e+00 
1.8868e+03     0.0000e+00  0.0000e+00     0.0000e+00  0.0000e+00     0.0000e+00  0.0000e+00     0.0000e+00  0.0000e+00 
2.1170e+03     0.0000e+00  0.0000e+00     0.0000e+00  0.0000e+00     0.0000e+00  0.0000e+00     0.0000e+00  0.0000e+00 
2.3753e+03     0.0000e+00  0.0000e+00     0.0000e+00  0.0000e+00     0.0000e+00  0.0000e+00     0.0000e+00  0.0000e+00 
2.6651e+03     0.0000e+00  0.0000e+00     0.0000e+00  0.0000e+00     0.0000e+00  0.0000e+00     0.0000e+00  0.0000e+00 
2.9903e+03     0.0000e+00  0.0000e+00     0.0000e+00  0.0000e+00     0.0000e+00  0.0000e+00     0.0000e+00  0.0000e+00 
3.3552e+03     0.0000e+00  0.0000e+00     0.0000e+00  0.0000e+00     0.0000e+00  0.0000e+00     0.0000e+00  0.0000e+00 
3.7646e+03     0.0000e+00  0.0000e+00     0.0000e+00  0.0000e+00     0.0000e+00  0.0000e+00     0.0000e+00  0.0000e+00 
4.2240e+03     0.0000e+00  0.0000e+00     0.0000e+00  0.0000e+00     0.0000e+00  0.0000e+00     0.0000e+00  0.0000e+00 
4.7394e+03     0.0000e+00  0.0000e+00     0.0000e+00  0.0000e+00     0.0000e+00  0.0000e+00     0.0000e+00  0.0000e+00 
5.3176e+03     0.0000e+00  0.0000e+00     0.0000e+00  0.0000e+00     0.0000e+00  0.0000e+00     0.0000e+00  0.0000e+00 
5.9665e+03     0.0000e+00  0.0000e+00     0.0000e+00  0.0000e+00     0.0000e+00  0.0000e+00     0.0000e+00  0.0000e+00 
6.6945e+03     0.0000e+00  0.0000e+00     0.0000e+00  0.0000e+00     0.0000e+00  0.0000e+00     0.0000e+00  0.0000e+00 
7.5114e+03     0.0000e+00  0.0000e+00     0.0000e+00  0.0000e+00     0.0000e+00  0.0000e+00     0.0000e+00  0.0000e+00 
8.4279e+03     0.0000e+00  0.0000e+00     0.0000e+00  0.0000e+00     0.0000e+00  0.0000e+00     0.0000e+00  0.0000e+00 
9.4563e+03     0.0000e+00  0.0000e+00     0.0000e+00  0.0000e+00     0.0000e+00  0.0000e+00     0.0000e+00  0.0000e+00 
