yF = 1.4140e+00 (std: 3.4947e-03) keV/um
yD = 3.6031e+00 (std: 7.0471e-01) keV/um
y (keV/um)     f(y)(std)                  yf(y)(std)                 d(y)(std)                  yd(y)(std)  
1.0610e-03     0.0000e+00  0.0000e+00     0.0000e+00  0.0000e+00     0.0000e+00  0.0000e+00     0.0000e+00  0.0000e+00 
1.1905e-03     0.0000e+00  0.0000e+00     0.0000e+00  0.0000e+00     0.0000e+00  0.0000e+00     0.0000e+00  0.0000e+00 
1.3357e-03     0.0000e+00  0.0000e+00     0.0000e+00  0.0000e+00     0.0000e+00  0.0000e+00     0.0000e+00  0.0000e+00 
1.4987e-03     0.0000e+00  0.0000e+00     0.0000e+00  0.0000e+00     0.0000e+00  0.0000e+00     0.0000e+00  0.0000e+00 
1.6816e-03     0.0000e+00  0.0000e+00     0.0000e+00  0.0000e+00     0.0000e+00  0.0000e+00     0.0000e+00  0.0000e+00 
1.8868e-03     0.0000e+00  0.0000e+00     0.0000e+00  0.0000e+00     0.0000e+00  0.0000e+00     0.0000e+00  0.0000e+00 
2.1170e-03     0.0000e+00  0.0000e+00     0.0000e+00  0.0000e+00     0.0000e+00  0.0000e+00     0.0000e+00  0.0000e+00 
2.3753e-03     3.6739e-03  2.7669e-03     8.7267e-06  6.5721e-06     6.1716e-06  4.6479e-06     1.4659e-08  1.1040e-08 
2.6651e-03     0.0000e+00  0.0000e+00     0.0000e+00  0.0000e+00     0.0000e+00  0.0000e+00     0.0000e+00  0.0000e+00 
2.9903e-03     0.0000e+00  0.0000e+00     0.0000e+00  0.0000e+00     0.0000e+00  0.0000e+00     0.0000e+00  0.0000e+00 
3.3552e-03     5.2019e-03  2.3169e-03     1.7453e-05  7.7738e-06     1.2343e-05  5.4978e-06     4.1414e-08  1.8446e-08 
3.7646e-03     4.6362e-03  4.7289e-03     1.7453e-05  1.7802e-05     1.2343e-05  1.2590e-05     4.6467e-08  4.7397e-08 
4.2240e-03     2.0660e-03  8.3415e-03     8.7267e-06  3.5234e-05     6.1716e-06  2.4918e-05     2.6069e-08  1.0525e-07 
4.7394e-03     0.0000e+00  0.0000e+00     0.0000e+00  0.0000e+00     0.0000e+00  0.0000e+00     0.0000e+00  0.0000e+00 
5.3176e-03     6.5643e-03  2.3966e-03     3.4907e-05  1.2744e-05     2.4686e-05  9.0129e-06     1.3127e-07  4.7928e-08 
5.9665e-03     8.7757e-03  3.7116e-03     5.2360e-05  2.2145e-05     3.7030e-05  1.5661e-05     2.2094e-07  9.3444e-08 
6.6945e-03     0.0000e+00  0.0000e+00     0.0000e+00  0.0000e+00     0.0000e+00  0.0000e+00     0.0000e+00  0.0000e+00 
7.5114e-03     3.4854e-03  4.3919e-03     2.6180e-05  3.2989e-05     1.8515e-05  2.3330e-05     1.3907e-07  1.7524e-07 
8.4279e-03     0.0000e+00  0.0000e+00     0.0000e+00  0.0000e+00     0.0000e+00  0.0000e+00     0.0000e+00  0.0000e+00 
9.4563e-03     0.0000e+00  0.0000e+00     0.0000e+00  0.0000e+00     0.0000e+00  0.0000e+00     0.0000e+00  0.0000e+00 
1.0610e-02     1.6450e-03  1.1451e-03     1.7453e-05  1.2150e-05     1.2343e-05  8.5924e-06     1.3096e-07  9.1166e-08 
1.1905e-02     7.1105e-02  1.3399e-02     8.4649e-04  1.5951e-04     5.9865e-04  1.1282e-04     7.1267e-06  1.3431e-06 
1.3357e-02     6.7293e-02  8.5498e-03     8.9885e-04  1.1420e-04     6.3568e-04  8.0780e-05     8.4909e-06  1.0790e-06 
1.4987e-02     4.4835e-02  7.7211e-03     6.7196e-04  1.1572e-04     4.7521e-04  8.1845e-05     7.1221e-06  1.2266e-06 
1.6816e-02     3.7884e-02  6.0729e-03     6.3705e-04  1.0212e-04     4.5053e-04  7.2229e-05     7.5760e-06  1.2146e-06 
1.8868e-02     3.1914e-02  7.6582e-03     6.0214e-04  1.4449e-04     4.2584e-04  1.0219e-04     8.0347e-06  1.9281e-06 
2.1170e-02     2.5146e-02  7.3644e-03     5.3233e-04  1.5590e-04     3.7647e-04  1.1026e-04     7.9698e-06  2.3342e-06 
2.3753e-02     2.9391e-02  5.3023e-03     6.9814e-04  1.2594e-04     4.9373e-04  8.9078e-05     1.1728e-05  2.1159e-06 
2.6651e-02     4.3877e-02  5.0407e-03     1.1694e-03  1.3434e-04     8.2700e-04  9.5029e-05     2.2041e-05  2.5327e-06 
2.9903e-02     3.8230e-02  5.2341e-03     1.1432e-03  1.5652e-04     8.0848e-04  1.1071e-04     2.4176e-05  3.3106e-06 
3.3552e-02     4.1355e-02  5.4601e-03     1.3875e-03  1.8320e-04     9.8129e-04  1.2958e-04     3.2924e-05  4.3477e-06 
3.7646e-02     3.9176e-02  9.0431e-03     1.4748e-03  3.4044e-04     1.0430e-03  2.4077e-04     3.9265e-05  9.0642e-06 
4.2240e-02     4.6072e-02  3.1662e-03     1.9461e-03  1.3374e-04     1.3763e-03  9.4642e-05     5.8133e-05  3.9976e-06 
4.7394e-02     4.5481e-02  4.3543e-03     2.1555e-03  2.0637e-04     1.5244e-03  1.4599e-04     7.2246e-05  6.9192e-06 
5.3176e-02     5.1694e-02  7.2674e-03     2.7489e-03  3.8646e-04     1.9441e-03  2.7335e-04     1.0338e-04  1.4536e-05 
5.9665e-02     5.7773e-02  5.1201e-03     3.4470e-03  3.0549e-04     2.4378e-03  2.1613e-04     1.4545e-04  1.2896e-05 
6.6945e-02     5.7748e-02  6.0498e-03     3.8659e-03  4.0500e-04     2.7340e-03  2.8650e-04     1.8303e-04  1.9180e-05 
7.5114e-02     7.3077e-02  4.6684e-03     5.4891e-03  3.5066e-04     3.8819e-03  2.4818e-04     2.9159e-04  1.8641e-05 
8.4279e-02     8.4286e-02  9.4483e-03     7.1035e-03  7.9629e-04     5.0237e-03  5.6328e-04     4.2339e-04  4.7473e-05 
9.4563e-02     8.8686e-02  4.1269e-03     8.3864e-03  3.9025e-04     5.9309e-03  2.7638e-04     5.6084e-04  2.6135e-05 
1.0610e-01     9.2777e-02  2.9513e-03     9.8437e-03  3.1314e-04     6.9616e-03  2.2212e-04     7.3863e-04  2.3567e-05 
1.1905e-01     1.0057e-01  5.2488e-03     1.1973e-02  6.2485e-04     8.4675e-03  4.4240e-04     1.0080e-03  5.2666e-05 
1.3357e-01     1.1152e-01  4.1594e-03     1.4896e-02  5.5558e-04     1.0535e-02  3.9378e-04     1.4072e-03  5.2598e-05 
1.4987e-01     1.2513e-01  6.1418e-03     1.8754e-02  9.2049e-04     1.3263e-02  6.5180e-04     1.9877e-03  9.7687e-05 
1.6816e-01     1.3700e-01  3.2904e-03     2.3038e-02  5.5332e-04     1.6293e-02  3.9338e-04     2.7398e-03  6.6150e-05 
1.8868e-01     1.5328e-01  6.4757e-03     2.8920e-02  1.2218e-03     2.0453e-02  8.6556e-04     3.8590e-03  1.6331e-04 
2.1170e-01     1.6538e-01  4.5727e-03     3.5012e-02  9.6804e-04     2.4761e-02  6.8734e-04     5.2418e-03  1.4551e-04 
2.3753e-01     1.8649e-01  6.0741e-03     4.4297e-02  1.4428e-03     3.1327e-02  1.0233e-03     7.4411e-03  2.4306e-04 
2.6651e-01     1.9830e-01  8.1946e-03     5.2849e-02  2.1840e-03     3.7375e-02  1.5473e-03     9.9610e-03  4.1237e-04 
2.9903e-01     2.2153e-01  2.4337e-03     6.6244e-02  7.2775e-04     4.6849e-02  5.2753e-04     1.4009e-02  1.5775e-04 
3.3552e-01     2.4441e-01  5.0279e-03     8.2005e-02  1.6869e-03     5.7995e-02  1.2016e-03     1.9458e-02  4.0316e-04 
3.7646e-01     2.6322e-01  3.0511e-03     9.9092e-02  1.1486e-03     7.0079e-02  8.3057e-04     2.6382e-02  3.1268e-04 
4.2240e-01     2.9883e-01  2.2703e-03     1.2622e-01  9.5896e-04     8.9266e-02  7.1317e-04     3.7706e-02  3.0124e-04 
4.7394e-01     3.2752e-01  5.1687e-03     1.5522e-01  2.4497e-03     1.0977e-01  1.7535e-03     5.2026e-02  8.3106e-04 
5.3176e-01     3.6353e-01  3.6035e-03     1.9331e-01  1.9162e-03     1.3671e-01  1.3967e-03     7.2699e-02  7.4269e-04 
5.9665e-01     4.0620e-01  4.6849e-03     2.4236e-01  2.7953e-03     1.7140e-01  2.0217e-03     1.0226e-01  1.2063e-03 
6.6945e-01     4.5236e-01  2.6147e-03     3.0283e-01  1.7504e-03     2.1417e-01  1.3463e-03     1.4337e-01  9.0129e-04 
7.5114e-01     5.0836e-01  3.9627e-03     3.8185e-01  2.9765e-03     2.7005e-01  2.2083e-03     2.0284e-01  1.6587e-03 
8.4279e-01     5.7954e-01  3.7664e-03     4.8843e-01  3.1743e-03     3.4543e-01  2.4017e-03     2.9112e-01  2.0242e-03 
9.4563e-01     6.5011e-01  5.2545e-03     6.1476e-01  4.9688e-03     4.3477e-01  3.6746e-03     4.1113e-01  3.4748e-03 
1.0610e+00     7.0466e-01  3.0554e-03     7.4765e-01  3.2418e-03     5.2875e-01  2.6389e-03     5.6101e-01  2.7999e-03 
1.1905e+00     7.1075e-01  1.7786e-03     8.4612e-01  2.1174e-03     5.9839e-01  2.1047e-03     7.1236e-01  2.5055e-03 
1.3357e+00     6.3290e-01  3.7227e-03     8.4539e-01  4.9725e-03     5.9787e-01  3.8145e-03     7.9859e-01  5.0951e-03 
1.4987e+00     5.0479e-01  4.4742e-03     7.5654e-01  6.7055e-03     5.3504e-01  4.9231e-03     8.0187e-01  7.3783e-03 
1.6816e+00     3.6167e-01  2.9025e-03     6.0817e-01  4.8808e-03     4.3011e-01  3.6118e-03     7.2326e-01  6.0735e-03 
1.8868e+00     2.4563e-01  2.4533e-03     4.6344e-01  4.6289e-03     3.2775e-01  3.3723e-03     6.1839e-01  6.3628e-03 
2.1170e+00     1.6333e-01  1.8201e-03     3.4577e-01  3.8530e-03     2.4453e-01  2.7911e-03     5.1767e-01  5.9088e-03 
2.3753e+00     1.0740e-01  1.1682e-03     2.5510e-01  2.7748e-03     1.8041e-01  2.0124e-03     4.2853e-01  4.7800e-03 
2.6651e+00     7.2842e-02  6.1422e-04     1.9413e-01  1.6370e-03     1.3729e-01  1.2064e-03     3.6591e-01  3.2152e-03 
2.9903e+00     5.0968e-02  5.4751e-04     1.5241e-01  1.6372e-03     1.0779e-01  1.1881e-03     3.2232e-01  3.5529e-03 
3.3552e+00     3.5368e-02  5.4488e-04     1.1867e-01  1.8282e-03     8.3922e-02  1.3094e-03     2.8157e-01  4.3935e-03 
3.7646e+00     2.4365e-02  4.9318e-04     9.1726e-02  1.8566e-03     6.4870e-02  1.3228e-03     2.4421e-01  4.9798e-03 
4.2240e+00     1.6646e-02  3.0318e-04     7.0311e-02  1.2806e-03     4.9725e-02  9.1396e-04     2.1004e-01  3.8605e-03 
4.7394e+00     1.1228e-02  2.2357e-04     5.3215e-02  1.0596e-03     3.7635e-02  7.5510e-04     1.7836e-01  3.5787e-03 
5.3176e+00     7.4653e-03  1.4276e-04     3.9698e-02  7.5914e-04     2.8075e-02  5.4134e-04     1.4929e-01  2.8786e-03 
5.9665e+00     4.7096e-03  1.8077e-04     2.8100e-02  1.0785e-03     1.9873e-02  7.6434e-04     1.1857e-01  4.5604e-03 
6.6945e+00     2.8652e-03  1.3574e-04     1.9181e-02  9.0873e-04     1.3565e-02  6.4353e-04     9.0813e-02  4.3082e-03 
7.5114e+00     1.4430e-03  5.5477e-05     1.0839e-02  4.1670e-04     7.6652e-03  2.9531e-04     5.7576e-02  2.2182e-03 
8.4279e+00     7.4138e-04  2.3541e-05     6.2483e-03  1.9840e-04     4.4189e-03  1.4074e-04     3.7242e-02  1.1861e-03 
9.4563e+00     3.4699e-04  2.4869e-05     3.2812e-03  2.3517e-04     2.3205e-03  1.6641e-04     2.1944e-02  1.5737e-03 
1.0610e+01     1.1679e-04  1.6355e-05     1.2392e-03  1.7353e-04     8.7637e-04  1.2274e-04     9.2984e-03  1.3023e-03 
1.1905e+01     4.6182e-05  1.0507e-05     5.4978e-04  1.2509e-04     3.8881e-04  8.8467e-05     4.6287e-03  1.0532e-03 
1.3357e+01     1.2413e-05  3.5301e-06     1.6581e-04  4.7153e-05     1.1726e-04  3.3348e-05     1.5663e-03  4.4544e-04 
1.4987e+01     1.7468e-06  6.7135e-07     2.6180e-05  1.0062e-05     1.8515e-05  7.1158e-06     2.7749e-04  1.0665e-04 
1.6816e+01     1.5569e-06  5.3335e-07     2.6180e-05  8.9687e-06     1.8515e-05  6.3429e-06     3.1134e-04  1.0666e-04 
1.8868e+01     0.0000e+00  0.0000e+00     0.0000e+00  0.0000e+00     0.0000e+00  0.0000e+00     0.0000e+00  0.0000e+00 
2.1170e+01     0.0000e+00  0.0000e+00     0.0000e+00  0.0000e+00     0.0000e+00  0.0000e+00     0.0000e+00  0.0000e+00 
2.3753e+01     0.0000e+00  0.0000e+00     0.0000e+00  0.0000e+00     0.0000e+00  0.0000e+00     0.0000e+00  0.0000e+00 
2.6651e+01     0.0000e+00  0.0000e+00     0.0000e+00  0.0000e+00     0.0000e+00  0.0000e+00     0.0000e+00  0.0000e+00 
2.9903e+01     0.0000e+00  0.0000e+00     0.0000e+00  0.0000e+00     0.0000e+00  0.0000e+00     0.0000e+00  0.0000e+00 
3.3552e+01     0.0000e+00  0.0000e+00     0.0000e+00  0.0000e+00     0.0000e+00  0.0000e+00     0.0000e+00  0.0000e+00 
3.7646e+01     0.0000e+00  0.0000e+00     0.0000e+00  0.0000e+00     0.0000e+00  0.0000e+00     0.0000e+00  0.0000e+00 
4.2240e+01     0.0000e+00  0.0000e+00     0.0000e+00  0.0000e+00     0.0000e+00  0.0000e+00     0.0000e+00  0.0000e+00 
4.7394e+01     5.5240e-07  3.0817e-07     2.6180e-05  1.4605e-05     1.8515e-05  1.0329e-05     8.7748e-04  4.8954e-04 
5.3176e+01     1.6411e-07  6.7652e-08     8.7267e-06  3.5975e-06     6.1716e-06  2.5442e-06     3.2818e-04  1.3529e-04 
5.9665e+01     0.0000e+00  0.0000e+00     0.0000e+00  0.0000e+00     0.0000e+00  0.0000e+00     0.0000e+00  0.0000e+00 
6.6945e+01     0.0000e+00  0.0000e+00     0.0000e+00  0.0000e+00     0.0000e+00  0.0000e+00     0.0000e+00  0.0000e+00 
7.5114e+01     0.0000e+00  0.0000e+00     0.0000e+00  0.0000e+00     0.0000e+00  0.0000e+00     0.0000e+00  0.0000e+00 
8.4279e+01     0.0000e+00  0.0000e+00     0.0000e+00  0.0000e+00     0.0000e+00  0.0000e+00     0.0000e+00  0.0000e+00 
9.4563e+01     9.2285e-08  3.8043e-08     8.7267e-06  3.5975e-06     6.1716e-06  2.5442e-06     5.8360e-04  2.4059e-04 
1.0610e+02     8.2249e-08  7.8078e-08     8.7267e-06  8.2841e-06     6.1716e-06  5.8587e-06     6.5481e-04  6.2161e-04 
1.1905e+02     7.3305e-08  7.2245e-08     8.7267e-06  8.6005e-06     6.1716e-06  6.0824e-06     7.3471e-04  7.2409e-04 
1.3357e+02     6.5333e-08  2.6933e-08     8.7267e-06  3.5975e-06     6.1716e-06  2.5442e-06     8.2436e-04  3.3984e-04 
1.4987e+02     5.8228e-08  4.7704e-08     8.7267e-06  7.1494e-06     6.1716e-06  5.0562e-06     9.2495e-04  7.5778e-04 
1.6816e+02     1.0379e-07  7.1568e-08     1.7453e-05  1.2035e-05     1.2343e-05  8.5112e-06     2.0756e-03  1.4312e-03 
1.8868e+02     4.6252e-08  8.0109e-09     8.7267e-06  1.5115e-06     6.1716e-06  1.0690e-06     1.1644e-03  2.0170e-04 
2.1170e+02     4.1222e-08  1.8890e-08     8.7267e-06  3.9990e-06     6.1716e-06  2.8282e-06     1.3065e-03  5.9873e-04 
2.3753e+02     3.6739e-08  1.4226e-08     8.7267e-06  3.3792e-06     6.1716e-06  2.3898e-06     1.4659e-03  5.6766e-04 
2.6651e+02     3.2744e-08  9.8216e-09     8.7267e-06  2.6176e-06     6.1716e-06  1.8512e-06     1.6448e-03  4.9338e-04 
2.9903e+02     0.0000e+00  0.0000e+00     0.0000e+00  0.0000e+00     0.0000e+00  0.0000e+00     0.0000e+00  0.0000e+00 
3.3552e+02     0.0000e+00  0.0000e+00     0.0000e+00  0.0000e+00     0.0000e+00  0.0000e+00     0.0000e+00  0.0000e+00 
3.7646e+02     2.3181e-08  2.7121e-08     8.7267e-06  1.0210e-05     6.1716e-06  7.2207e-06     2.3234e-03  2.7183e-03 
4.2240e+02     2.0660e-08  1.9274e-08     8.7267e-06  8.1412e-06     6.1716e-06  5.7576e-06     2.6069e-03  2.4320e-03 
4.7394e+02     0.0000e+00  0.0000e+00     0.0000e+00  0.0000e+00     0.0000e+00  0.0000e+00     0.0000e+00  0.0000e+00 
5.3176e+02     0.0000e+00  0.0000e+00     0.0000e+00  0.0000e+00     0.0000e+00  0.0000e+00     0.0000e+00  0.0000e+00 
5.9665e+02     1.4626e-08  3.5823e-09     8.7267e-06  2.1374e-06     6.1716e-06  1.5117e-06     3.6823e-03  9.0193e-04 
6.6945e+02     0.0000e+00  0.0000e+00     0.0000e+00  0.0000e+00     0.0000e+00  0.0000e+00     0.0000e+00  0.0000e+00 
7.5114e+02     2.3236e-08  1.9743e-08     1.7453e-05  1.4830e-05     1.2343e-05  1.0488e-05     9.2715e-03  7.8778e-03 
8.4279e+02     0.0000e+00  0.0000e+00     0.0000e+00  0.0000e+00     0.0000e+00  0.0000e+00     0.0000e+00  0.0000e+00 
9.4563e+02     0.0000e+00  0.0000e+00     0.0000e+00  0.0000e+00     0.0000e+00  0.0000e+00     0.0000e+00  0.0000e+00 
1.0610e+03     0.0000e+00  0.0000e+00     0.0000e+00  0.0000e+00     0.0000e+00  0.0000e+00     0.0000e+00  0.0000e+00 
1.1905e+03     0.0000e+00  0.0000e+00     0.0000e+00  0.0000e+00     0.0000e+00  0.0000e+00     0.0000e+00  0.0000e+00 
1.3357e+03     0.0000e+00  0.0000e+00     0.0000e+00  0.0000e+00     0.0000e+00  0.0000e+00     0.0000e+00  0.0000e+00 
1.4987e+03     0.0000e+00  0.0000e+00     0.0000e+00  0.0000e+00     0.0000e+00  0.0000e+00     0.0000e+00  0.0000e+00 
1.6816e+03     0.0000e+00  0.0000e+00     0.0000e+00  0.0000e+00     0.0000e+00  0.0000e+00     0.0000e+00  0.0000e+00 
1.8868e+03     0.0000e+00  0.0000e+00     0.0000e+00  0.0000e+00     0.0000e+00  0.0000e+00     0.0000e+00  0.0000e+00 
2.1170e+03     0.0000e+00  0.0000e+00     0.0000e+00  0.0000e+00     0.0000e+00  0.0000e+00     0.0000e+00  0.0000e+00 
2.3753e+03     0.0000e+00  0.0000e+00     0.0000e+00  0.0000e+00     0.0000e+00  0.0000e+00     0.0000e+00  0.0000e+00 
2.6651e+03     0.0000e+00  0.0000e+00     0.0000e+00  0.0000e+00     0.0000e+00  0.0000e+00     0.0000e+00  0.0000e+00 
2.9903e+03     0.0000e+00  0.0000e+00     0.0000e+00  0.0000e+00     0.0000e+00  0.0000e+00     0.0000e+00  0.0000e+00 
3.3552e+03     0.0000e+00  0.0000e+00     0.0000e+00  0.0000e+00     0.0000e+00  0.0000e+00     0.0000e+00  0.0000e+00 
3.7646e+03     0.0000e+00  0.0000e+00     0.0000e+00  0.0000e+00     0.0000e+00  0.0000e+00     0.0000e+00  0.0000e+00 
4.2240e+03     0.0000e+00  0.0000e+00     0.0000e+00  0.0000e+00     0.0000e+00  0.0000e+00     0.0000e+00  0.0000e+00 
4.7394e+03     0.0000e+00  0.0000e+00     0.0000e+00  0.0000e+00     0.0000e+00  0.0000e+00     0.0000e+00  0.0000e+00 
5.3176e+03     0.0000e+00  0.0000e+00     0.0000e+00  0.0000e+00     0.0000e+00  0.0000e+00     0.0000e+00  0.0000e+00 
5.9665e+03     0.0000e+00  0.0000e+00     0.0000e+00  0.0000e+00     0.0000e+00  0.0000e+00     0.0000e+00  0.0000e+00 
6.6945e+03     0.0000e+00  0.0000e+00     0.0000e+00  0.0000e+00     0.0000e+00  0.0000e+00     0.0000e+00  0.0000e+00 
7.5114e+03     0.0000e+00  0.0000e+00     0.0000e+00  0.0000e+00     0.0000e+00  0.0000e+00     0.0000e+00  0.0000e+00 
8.4279e+03     0.0000e+00  0.0000e+00     0.0000e+00  0.0000e+00     0.0000e+00  0.0000e+00     0.0000e+00  0.0000e+00 
9.4563e+03     0.0000e+00  0.0000e+00     0.0000e+00  0.0000e+00     0.0000e+00  0.0000e+00     0.0000e+00  0.0000e+00 
