yF = 1.4470e+00 (std: 3.5924e-03) keV/um
yD = 3.2890e+00 (std: 4.1356e-01) keV/um
y (keV/um)     f(y)(std)                  yf(y)(std)                 d(y)(std)                  yd(y)(std)  
1.0610e-03     0.0000e+00  0.0000e+00     0.0000e+00  0.0000e+00     0.0000e+00  0.0000e+00     0.0000e+00  0.0000e+00 
1.1905e-03     0.0000e+00  0.0000e+00     0.0000e+00  0.0000e+00     0.0000e+00  0.0000e+00     0.0000e+00  0.0000e+00 
1.3357e-03     0.0000e+00  0.0000e+00     0.0000e+00  0.0000e+00     0.0000e+00  0.0000e+00     0.0000e+00  0.0000e+00 
1.4987e-03     1.1647e-02  9.9067e-03     1.7455e-05  1.4847e-05     1.2063e-05  1.0261e-05     1.8079e-08  1.5378e-08 
1.6816e-03     5.1900e-03  3.9546e-03     8.7275e-06  6.6501e-06     6.0316e-06  4.5959e-06     1.0143e-08  7.7284e-09 
1.8868e-03     0.0000e+00  0.0000e+00     0.0000e+00  0.0000e+00     0.0000e+00  0.0000e+00     0.0000e+00  0.0000e+00 
2.1170e-03     0.0000e+00  0.0000e+00     0.0000e+00  0.0000e+00     0.0000e+00  0.0000e+00     0.0000e+00  0.0000e+00 
2.3753e-03     3.6743e-03  3.2677e-03     8.7275e-06  7.7617e-06     6.0316e-06  5.3641e-06     1.4327e-08  1.2741e-08 
2.6651e-03     0.0000e+00  0.0000e+00     0.0000e+00  0.0000e+00     0.0000e+00  0.0000e+00     0.0000e+00  0.0000e+00 
2.9903e-03     0.0000e+00  0.0000e+00     0.0000e+00  0.0000e+00     0.0000e+00  0.0000e+00     0.0000e+00  0.0000e+00 
3.3552e-03     2.6012e-03  9.7308e-04     8.7275e-06  3.2649e-06     6.0316e-06  2.2564e-06     2.0237e-08  7.5708e-09 
3.7646e-03     2.3183e-03  1.1596e-03     8.7275e-06  4.3653e-06     6.0316e-06  3.0169e-06     2.2706e-08  1.1357e-08 
4.2240e-03     4.1324e-03  3.3894e-03     1.7455e-05  1.4317e-05     1.2063e-05  9.8942e-06     5.0954e-08  4.1793e-08 
4.7394e-03     0.0000e+00  0.0000e+00     0.0000e+00  0.0000e+00     0.0000e+00  0.0000e+00     0.0000e+00  0.0000e+00 
5.3176e-03     1.6412e-03  6.5637e-04     8.7275e-06  3.4904e-06     6.0316e-06  2.4122e-06     3.2074e-08  1.2827e-08 
5.9665e-03     2.9255e-03  3.5733e-03     1.7455e-05  2.1320e-05     1.2063e-05  1.4735e-05     7.1975e-08  8.7913e-08 
6.6945e-03     3.9110e-03  4.5272e-03     2.6182e-05  3.0308e-05     1.8095e-05  2.0946e-05     1.2114e-07  1.4022e-07 
7.5114e-03     2.3238e-03  1.4968e-03     1.7455e-05  1.1243e-05     1.2063e-05  7.7704e-06     9.0611e-08  5.8366e-08 
8.4279e-03     0.0000e+00  0.0000e+00     0.0000e+00  0.0000e+00     0.0000e+00  0.0000e+00     0.0000e+00  0.0000e+00 
9.4563e-03     0.0000e+00  0.0000e+00     0.0000e+00  0.0000e+00     0.0000e+00  0.0000e+00     0.0000e+00  0.0000e+00 
1.0610e-02     8.2256e-04  1.6451e-03     8.7275e-06  1.7454e-05     6.0316e-06  1.2063e-05     6.3996e-08  1.2799e-07 
1.1905e-02     7.6243e-02  1.0428e-02     9.0766e-04  1.2415e-04     6.2728e-04  8.5811e-05     7.4676e-06  1.0216e-06 
1.3357e-02     5.1617e-02  9.1974e-03     6.8947e-04  1.2285e-04     4.7649e-04  8.4912e-05     6.3647e-06  1.1342e-06 
1.4987e-02     4.0763e-02  8.4051e-03     6.1092e-04  1.2597e-04     4.2221e-04  8.7064e-05     6.3277e-06  1.3048e-06 
1.6816e-02     3.7368e-02  5.4321e-03     6.2838e-04  9.1345e-05     4.3427e-04  6.3138e-05     7.3027e-06  1.0617e-06 
1.8868e-02     2.4516e-02  6.7339e-03     4.6256e-04  1.2705e-04     3.1967e-04  8.7810e-05     6.0315e-06  1.6568e-06 
2.1170e-02     2.2674e-02  8.1758e-03     4.8001e-04  1.7308e-04     3.3174e-04  1.1962e-04     7.0228e-06  2.5323e-06 
2.3753e-02     2.9761e-02  6.0280e-03     7.0692e-04  1.4318e-04     4.8856e-04  9.8962e-05     1.1605e-05  2.3506e-06 
2.6651e-02     4.3881e-02  4.7665e-03     1.1695e-03  1.2703e-04     8.0823e-04  8.7816e-05     2.1540e-05  2.3404e-06 
2.9903e-02     3.9692e-02  4.1638e-03     1.1869e-03  1.2451e-04     8.2029e-04  8.6075e-05     2.4530e-05  2.5739e-06 
3.3552e-02     4.1099e-02  9.0700e-03     1.3789e-03  3.0432e-04     9.5299e-04  2.1033e-04     3.1975e-05  7.0569e-06 
3.7646e-02     4.2888e-02  9.1358e-03     1.6146e-03  3.4393e-04     1.1158e-03  2.3770e-04     4.2007e-05  8.9486e-06 
4.2240e-02     4.7522e-02  3.8209e-03     2.0073e-03  1.6139e-04     1.3873e-03  1.1159e-04     5.8597e-05  4.7136e-06 
4.7394e-02     4.2723e-02  1.9579e-03     2.0248e-03  9.2790e-05     1.3993e-03  6.4221e-05     6.6319e-05  3.0437e-06 
5.3176e-02     4.8088e-02  6.5841e-03     2.5571e-03  3.5012e-04     1.7673e-03  2.4201e-04     9.3976e-05  1.2869e-05 
5.9665e-02     5.4707e-02  5.8047e-03     3.2641e-03  3.4634e-04     2.2558e-03  2.3942e-04     1.3459e-04  1.4285e-05 
6.6945e-02     6.1794e-02  2.2004e-03     4.1368e-03  1.4731e-04     2.8590e-03  1.0205e-04     1.9139e-04  6.8319e-06 
7.5114e-02     6.9482e-02  3.8393e-03     5.2190e-03  2.8838e-04     3.6069e-03  1.9950e-04     2.7093e-04  1.4985e-05 
8.4279e-02     7.0624e-02  2.3842e-03     5.9521e-03  2.0094e-04     4.1135e-03  1.3925e-04     3.4668e-04  1.1736e-05 
9.4563e-02     7.7434e-02  6.1345e-03     7.3223e-03  5.8010e-04     5.0605e-03  4.0110e-04     4.7853e-04  3.7929e-05 
1.0610e-01     8.4230e-02  4.9378e-03     8.9369e-03  5.2391e-04     6.1763e-03  3.6240e-04     6.5531e-04  3.8451e-05 
1.1905e-01     9.5011e-02  5.3256e-03     1.1311e-02  6.3400e-04     7.8169e-03  4.3859e-04     9.3058e-04  5.2213e-05 
1.3357e-01     1.0716e-01  4.5414e-03     1.4313e-02  6.0660e-04     9.8918e-03  4.1994e-04     1.3213e-03  5.6093e-05 
1.4987e-01     1.1553e-01  6.7753e-03     1.7315e-02  1.0154e-03     1.1967e-02  7.0239e-04     1.7935e-03  1.0527e-04 
1.6816e-01     1.3177e-01  4.7196e-03     2.2159e-02  7.9364e-04     1.5314e-02  5.4980e-04     2.5752e-03  9.2454e-05 
1.8868e-01     1.4002e-01  3.5908e-03     2.6418e-02  6.7751e-04     1.8258e-02  4.7042e-04     3.4448e-03  8.8757e-05 
2.1170e-01     1.5794e-01  1.9225e-03     3.3435e-02  4.0700e-04     2.3107e-02  2.8707e-04     4.8917e-03  6.0772e-05 
2.3753e-01     1.6927e-01  5.4343e-03     4.0207e-02  1.2908e-03     2.7787e-02  8.9474e-04     6.6004e-03  2.1253e-04 
2.6651e-01     1.8898e-01  4.7630e-03     5.0366e-02  1.2694e-03     3.4808e-02  8.8153e-04     9.2769e-03  2.3494e-04 
2.9903e-01     2.1186e-01  3.3104e-03     6.3353e-02  9.8991e-04     4.3783e-02  6.9271e-04     1.3093e-02  2.0714e-04 
3.3552e-01     2.2932e-01  7.4384e-03     7.6941e-02  2.4957e-03     5.3174e-02  1.7298e-03     1.7841e-02  5.8040e-04 
3.7646e-01     2.5573e-01  3.0274e-03     9.6273e-02  1.1397e-03     6.6534e-02  8.0477e-04     2.5048e-02  3.0297e-04 
4.2240e-01     2.8181e-01  2.9208e-03     1.1903e-01  1.2337e-03     8.2265e-02  8.7674e-04     3.4748e-02  3.7033e-04 
4.7394e-01     3.1112e-01  3.6395e-03     1.4745e-01  1.7249e-03     1.0190e-01  1.2186e-03     4.8296e-02  5.7755e-04 
5.3176e-01     3.4879e-01  2.6940e-03     1.8548e-01  1.4326e-03     1.2818e-01  1.0400e-03     6.8163e-02  5.5301e-04 
5.9665e-01     3.8437e-01  4.2162e-03     2.2933e-01  2.5156e-03     1.5849e-01  1.7825e-03     9.4564e-02  1.0635e-03 
6.6945e-01     4.3487e-01  4.6530e-03     2.9112e-01  3.1150e-03     2.0120e-01  2.2100e-03     1.3469e-01  1.4795e-03 
7.5114e-01     4.8501e-01  4.1057e-03     3.6431e-01  3.0839e-03     2.5178e-01  2.2211e-03     1.8912e-01  1.6683e-03 
8.4279e-01     5.4822e-01  2.8875e-03     4.6203e-01  2.4336e-03     3.1931e-01  1.8593e-03     2.6911e-01  1.5670e-03 
9.4563e-01     6.2008e-01  3.6728e-03     5.8636e-01  3.4731e-03     4.0524e-01  2.6026e-03     3.8320e-01  2.4611e-03 
1.0610e+00     6.7657e-01  4.5501e-03     7.1784e-01  4.8277e-03     4.9610e-01  3.5565e-03     5.2637e-01  3.7735e-03 
1.1905e+00     6.9336e-01  3.9781e-03     8.2543e-01  4.7358e-03     5.7045e-01  3.5662e-03     6.7911e-01  4.2455e-03 
1.3357e+00     6.4258e-01  3.2200e-03     8.5832e-01  4.3010e-03     5.9319e-01  3.3173e-03     7.9234e-01  4.4310e-03 
1.4987e+00     5.2478e-01  3.6063e-03     7.8650e-01  5.4048e-03     5.4355e-01  3.9715e-03     8.1463e-01  5.9522e-03 
1.6816e+00     3.8507e-01  3.1415e-03     6.4753e-01  5.2826e-03     4.4751e-01  3.8162e-03     7.5253e-01  6.4172e-03 
1.8868e+00     2.6284e-01  2.9733e-03     4.9592e-01  5.6099e-03     3.4273e-01  3.9693e-03     6.4666e-01  7.4892e-03 
2.1170e+00     1.7298e-01  9.2871e-04     3.6619e-01  1.9661e-03     2.5307e-01  1.4970e-03     5.3575e-01  3.1691e-03 
2.3753e+00     1.1467e-01  8.2753e-04     2.7237e-01  1.9656e-03     1.8823e-01  1.4366e-03     4.4711e-01  3.4123e-03 
2.6651e+00     7.8206e-02  7.4687e-04     2.0843e-01  1.9905e-03     1.4405e-01  1.4214e-03     3.8390e-01  3.7882e-03 
2.9903e+00     5.4300e-02  9.6027e-04     1.6237e-01  2.8715e-03     1.1222e-01  2.0040e-03     3.3557e-01  5.9926e-03 
3.3552e+00     3.6796e-02  5.1719e-04     1.2346e-01  1.7353e-03     8.5323e-02  1.2178e-03     2.8628e-01  4.0861e-03 
3.7646e+00     2.5830e-02  8.2981e-04     9.7241e-02  3.1239e-03     6.7204e-02  2.1654e-03     2.5300e-01  8.1518e-03 
4.2240e+00     1.7302e-02  2.4524e-04     7.3084e-02  1.0359e-03     5.0508e-02  7.2679e-04     2.1335e-01  3.0699e-03 
4.7394e+00     1.1970e-02  4.2821e-04     5.6729e-02  2.0294e-03     3.9205e-02  1.4059e-03     1.8581e-01  6.6632e-03 
5.3176e+00     7.9091e-03  1.3085e-04     4.2058e-02  6.9583e-04     2.9066e-02  4.8627e-04     1.5456e-01  2.5858e-03 
5.9665e+00     4.9748e-03  1.4001e-04     2.9682e-02  8.3538e-04     2.0513e-02  5.7958e-04     1.2239e-01  3.4580e-03 
6.6945e+00     2.8942e-03  6.7655e-05     1.9375e-02  4.5292e-04     1.3390e-02  3.1477e-04     8.9640e-02  2.1073e-03 
7.5114e+00     1.5813e-03  6.4983e-05     1.1878e-02  4.8811e-04     8.2090e-03  3.3795e-04     6.1661e-02  2.5385e-03 
8.4279e+00     8.1394e-04  2.9009e-05     6.8598e-03  2.4448e-04     4.7408e-03  1.6937e-04     3.9955e-02  1.4274e-03 
9.4563e+00     3.5441e-04  1.9553e-05     3.3513e-03  1.8490e-04     2.3161e-03  1.2791e-04     2.1902e-02  1.2096e-03 
1.0610e+01     1.1598e-04  2.3041e-05     1.2306e-03  2.4447e-04     8.5045e-04  1.6896e-04     9.0234e-03  1.7927e-03 
1.1905e+01     5.0585e-05  2.6987e-05     6.0220e-04  3.2127e-04     4.1618e-04  2.2203e-04     4.9545e-03  2.6432e-03 
1.3357e+01     1.3068e-05  3.7261e-06     1.7455e-04  4.9771e-05     1.2063e-04  3.4398e-05     1.6113e-03  4.5947e-04 
1.4987e+01     4.0763e-06  1.7853e-06     6.1092e-05  2.6757e-05     4.2221e-05  1.8492e-05     6.3277e-04  2.7714e-04 
1.6816e+01     5.1900e-07  2.4894e-07     8.7275e-06  4.1862e-06     6.0316e-06  2.8931e-06     1.0143e-04  4.8650e-05 
1.8868e+01     9.2512e-07  5.2281e-07     1.7455e-05  9.8642e-06     1.2063e-05  6.8173e-06     2.2760e-04  1.2863e-04 
2.1170e+01     0.0000e+00  0.0000e+00     0.0000e+00  0.0000e+00     0.0000e+00  0.0000e+00     0.0000e+00  0.0000e+00 
2.3753e+01     0.0000e+00  0.0000e+00     0.0000e+00  0.0000e+00     0.0000e+00  0.0000e+00     0.0000e+00  0.0000e+00 
2.6651e+01     3.2747e-07  3.0047e-07     8.7275e-06  8.0079e-06     6.0316e-06  5.5343e-06     1.6075e-04  1.4750e-04 
2.9903e+01     2.9186e-07  1.8067e-07     8.7275e-06  5.4026e-06     6.0316e-06  3.7338e-06     1.8036e-04  1.1165e-04 
3.3552e+01     0.0000e+00  0.0000e+00     0.0000e+00  0.0000e+00     0.0000e+00  0.0000e+00     0.0000e+00  0.0000e+00 
3.7646e+01     0.0000e+00  0.0000e+00     0.0000e+00  0.0000e+00     0.0000e+00  0.0000e+00     0.0000e+00  0.0000e+00 
4.2240e+01     0.0000e+00  0.0000e+00     0.0000e+00  0.0000e+00     0.0000e+00  0.0000e+00     0.0000e+00  0.0000e+00 
4.7394e+01     0.0000e+00  0.0000e+00     0.0000e+00  0.0000e+00     0.0000e+00  0.0000e+00     0.0000e+00  0.0000e+00 
5.3176e+01     0.0000e+00  0.0000e+00     0.0000e+00  0.0000e+00     0.0000e+00  0.0000e+00     0.0000e+00  0.0000e+00 
5.9665e+01     1.4627e-07  2.9254e-07     8.7275e-06  1.7454e-05     6.0316e-06  1.2063e-05     3.5987e-04  7.1973e-04 
6.6945e+01     1.3037e-07  7.9591e-08     8.7275e-06  5.3282e-06     6.0316e-06  3.6824e-06     4.0378e-04  2.4652e-04 
7.5114e+01     0.0000e+00  0.0000e+00     0.0000e+00  0.0000e+00     0.0000e+00  0.0000e+00     0.0000e+00  0.0000e+00 
8.4279e+01     0.0000e+00  0.0000e+00     0.0000e+00  0.0000e+00     0.0000e+00  0.0000e+00     0.0000e+00  0.0000e+00 
9.4563e+01     0.0000e+00  0.0000e+00     0.0000e+00  0.0000e+00     0.0000e+00  0.0000e+00     0.0000e+00  0.0000e+00 
1.0610e+02     8.2256e-08  3.7695e-08     8.7275e-06  3.9994e-06     6.0316e-06  2.7641e-06     6.3996e-04  2.9327e-04 
1.1905e+02     0.0000e+00  0.0000e+00     0.0000e+00  0.0000e+00     0.0000e+00  0.0000e+00     0.0000e+00  0.0000e+00 
1.3357e+02     0.0000e+00  0.0000e+00     0.0000e+00  0.0000e+00     0.0000e+00  0.0000e+00     0.0000e+00  0.0000e+00 
1.4987e+02     5.8233e-08  4.2352e-08     8.7275e-06  6.3473e-06     6.0316e-06  4.3867e-06     9.0396e-04  6.5744e-04 
1.6816e+02     0.0000e+00  0.0000e+00     0.0000e+00  0.0000e+00     0.0000e+00  0.0000e+00     0.0000e+00  0.0000e+00 
1.8868e+02     9.2512e-08  9.9634e-08     1.7455e-05  1.8799e-05     1.2063e-05  1.2992e-05     2.2760e-03  2.4513e-03 
2.1170e+02     4.1226e-08  3.3775e-08     8.7275e-06  7.1502e-06     6.0316e-06  4.9415e-06     1.2769e-03  1.0461e-03 
2.3753e+02     3.6743e-08  1.7624e-08     8.7275e-06  4.1862e-06     6.0316e-06  2.8931e-06     1.4327e-03  6.8720e-04 
2.6651e+02     6.5494e-08  2.4646e-08     1.7455e-05  6.5686e-06     1.2063e-05  4.5397e-06     3.2150e-03  1.2099e-03 
2.9903e+02     2.9186e-08  2.3325e-08     8.7275e-06  6.9749e-06     6.0316e-06  4.8204e-06     1.8036e-03  1.4414e-03 
3.3552e+02     2.6012e-08  1.9139e-08     8.7275e-06  6.4216e-06     6.0316e-06  4.4380e-06     2.0237e-03  1.4890e-03 
3.7646e+02     2.3183e-08  1.9237e-08     8.7275e-06  7.2421e-06     6.0316e-06  5.0051e-06     2.2706e-03  1.8842e-03 
4.2240e+02     0.0000e+00  0.0000e+00     0.0000e+00  0.0000e+00     0.0000e+00  0.0000e+00     0.0000e+00  0.0000e+00 
4.7394e+02     0.0000e+00  0.0000e+00     0.0000e+00  0.0000e+00     0.0000e+00  0.0000e+00     0.0000e+00  0.0000e+00 
5.3176e+02     1.6412e-08  1.5311e-08     8.7275e-06  8.1421e-06     6.0316e-06  5.6270e-06     3.2074e-03  2.9922e-03 
5.9665e+02     0.0000e+00  0.0000e+00     0.0000e+00  0.0000e+00     0.0000e+00  0.0000e+00     0.0000e+00  0.0000e+00 
6.6945e+02     0.0000e+00  0.0000e+00     0.0000e+00  0.0000e+00     0.0000e+00  0.0000e+00     0.0000e+00  0.0000e+00 
7.5114e+02     0.0000e+00  0.0000e+00     0.0000e+00  0.0000e+00     0.0000e+00  0.0000e+00     0.0000e+00  0.0000e+00 
8.4279e+02     1.0355e-08  7.2711e-09     8.7275e-06  6.1280e-06     6.0316e-06  4.2351e-06     5.0833e-03  3.5693e-03 
9.4563e+02     0.0000e+00  0.0000e+00     0.0000e+00  0.0000e+00     0.0000e+00  0.0000e+00     0.0000e+00  0.0000e+00 
1.0610e+03     0.0000e+00  0.0000e+00     0.0000e+00  0.0000e+00     0.0000e+00  0.0000e+00     0.0000e+00  0.0000e+00 
1.1905e+03     0.0000e+00  0.0000e+00     0.0000e+00  0.0000e+00     0.0000e+00  0.0000e+00     0.0000e+00  0.0000e+00 
1.3357e+03     0.0000e+00  0.0000e+00     0.0000e+00  0.0000e+00     0.0000e+00  0.0000e+00     0.0000e+00  0.0000e+00 
1.4987e+03     0.0000e+00  0.0000e+00     0.0000e+00  0.0000e+00     0.0000e+00  0.0000e+00     0.0000e+00  0.0000e+00 
1.6816e+03     0.0000e+00  0.0000e+00     0.0000e+00  0.0000e+00     0.0000e+00  0.0000e+00     0.0000e+00  0.0000e+00 
1.8868e+03     0.0000e+00  0.0000e+00     0.0000e+00  0.0000e+00     0.0000e+00  0.0000e+00     0.0000e+00  0.0000e+00 
2.1170e+03     0.0000e+00  0.0000e+00     0.0000e+00  0.0000e+00     0.0000e+00  0.0000e+00     0.0000e+00  0.0000e+00 
2.3753e+03     0.0000e+00  0.0000e+00     0.0000e+00  0.0000e+00     0.0000e+00  0.0000e+00     0.0000e+00  0.0000e+00 
2.6651e+03     0.0000e+00  0.0000e+00     0.0000e+00  0.0000e+00     0.0000e+00  0.0000e+00     0.0000e+00  0.0000e+00 
2.9903e+03     0.0000e+00  0.0000e+00     0.0000e+00  0.0000e+00     0.0000e+00  0.0000e+00     0.0000e+00  0.0000e+00 
3.3552e+03     0.0000e+00  0.0000e+00     0.0000e+00  0.0000e+00     0.0000e+00  0.0000e+00     0.0000e+00  0.0000e+00 
3.7646e+03     0.0000e+00  0.0000e+00     0.0000e+00  0.0000e+00     0.0000e+00  0.0000e+00     0.0000e+00  0.0000e+00 
4.2240e+03     0.0000e+00  0.0000e+00     0.0000e+00  0.0000e+00     0.0000e+00  0.0000e+00     0.0000e+00  0.0000e+00 
4.7394e+03     0.0000e+00  0.0000e+00     0.0000e+00  0.0000e+00     0.0000e+00  0.0000e+00     0.0000e+00  0.0000e+00 
5.3176e+03     0.0000e+00  0.0000e+00     0.0000e+00  0.0000e+00     0.0000e+00  0.0000e+00     0.0000e+00  0.0000e+00 
5.9665e+03     0.0000e+00  0.0000e+00     0.0000e+00  0.0000e+00     0.0000e+00  0.0000e+00     0.0000e+00  0.0000e+00 
6.6945e+03     0.0000e+00  0.0000e+00     0.0000e+00  0.0000e+00     0.0000e+00  0.0000e+00     0.0000e+00  0.0000e+00 
7.5114e+03     0.0000e+00  0.0000e+00     0.0000e+00  0.0000e+00     0.0000e+00  0.0000e+00     0.0000e+00  0.0000e+00 
8.4279e+03     0.0000e+00  0.0000e+00     0.0000e+00  0.0000e+00     0.0000e+00  0.0000e+00     0.0000e+00  0.0000e+00 
9.4563e+03     0.0000e+00  0.0000e+00     0.0000e+00  0.0000e+00     0.0000e+00  0.0000e+00     0.0000e+00  0.0000e+00 
