yF = 1.6479e+00 (std: 3.6358e-03) keV/um
yD = 3.6844e+00 (std: 2.7414e-01) keV/um
y (keV/um)     f(y)(std)                  yf(y)(std)                 d(y)(std)                  yd(y)(std)  
1.0610e-03     8.2294e-03  5.9853e-03     8.7315e-06  6.3505e-06     5.2986e-06  3.8537e-06     5.6219e-09  4.0889e-09 
1.1905e-03     0.0000e+00  0.0000e+00     0.0000e+00  0.0000e+00     0.0000e+00  0.0000e+00     0.0000e+00  0.0000e+00 
1.3357e-03     0.0000e+00  0.0000e+00     0.0000e+00  0.0000e+00     0.0000e+00  0.0000e+00     0.0000e+00  0.0000e+00 
1.4987e-03     5.8260e-03  6.6186e-03     8.7315e-06  9.9193e-06     5.2986e-06  6.0194e-06     7.9411e-09  9.0214e-09 
1.6816e-03     0.0000e+00  0.0000e+00     0.0000e+00  0.0000e+00     0.0000e+00  0.0000e+00     0.0000e+00  0.0000e+00 
1.8868e-03     4.6278e-03  2.7455e-03     8.7315e-06  5.1802e-06     5.2986e-06  3.1435e-06     9.9973e-09  5.9311e-09 
2.1170e-03     4.1245e-03  6.7574e-03     8.7315e-06  1.4305e-05     5.2986e-06  8.6810e-06     1.1217e-08  1.8378e-08 
2.3753e-03     3.6760e-03  3.4295e-03     8.7315e-06  8.1462e-06     5.2986e-06  4.9434e-06     1.2586e-08  1.1742e-08 
2.6651e-03     3.2762e-03  1.0359e-03     8.7315e-06  2.7608e-06     5.2986e-06  1.6754e-06     1.4122e-08  4.4652e-09 
2.9903e-03     0.0000e+00  0.0000e+00     0.0000e+00  0.0000e+00     0.0000e+00  0.0000e+00     0.0000e+00  0.0000e+00 
3.3552e-03     0.0000e+00  0.0000e+00     0.0000e+00  0.0000e+00     0.0000e+00  0.0000e+00     0.0000e+00  0.0000e+00 
3.7646e-03     0.0000e+00  0.0000e+00     0.0000e+00  0.0000e+00     0.0000e+00  0.0000e+00     0.0000e+00  0.0000e+00 
4.2240e-03     0.0000e+00  0.0000e+00     0.0000e+00  0.0000e+00     0.0000e+00  0.0000e+00     0.0000e+00  0.0000e+00 
4.7394e-03     5.5270e-03  2.6304e-03     2.6195e-05  1.2466e-05     1.5896e-05  7.5651e-06     7.5336e-08  3.5854e-08 
5.3176e-03     4.9260e-03  4.0836e-03     2.6195e-05  2.1715e-05     1.5896e-05  1.3178e-05     8.4528e-08  7.0075e-08 
5.9665e-03     1.4634e-03  8.4242e-04     8.7315e-06  5.0263e-06     5.2986e-06  3.0502e-06     3.1614e-08  1.8199e-08 
6.6945e-03     2.6086e-03  1.5476e-03     1.7463e-05  1.0360e-05     1.0597e-05  6.2871e-06     7.0943e-08  4.2089e-08 
7.5114e-03     2.3249e-03  4.7523e-04     1.7463e-05  3.5696e-06     1.0597e-05  2.1663e-06     7.9600e-08  1.6272e-08 
8.4279e-03     0.0000e+00  0.0000e+00     0.0000e+00  0.0000e+00     0.0000e+00  0.0000e+00     0.0000e+00  0.0000e+00 
9.4563e-03     0.0000e+00  0.0000e+00     0.0000e+00  0.0000e+00     0.0000e+00  0.0000e+00     0.0000e+00  0.0000e+00 
1.0610e-02     0.0000e+00  0.0000e+00     0.0000e+00  0.0000e+00     0.0000e+00  0.0000e+00     0.0000e+00  0.0000e+00 
1.1905e-02     5.7209e-02  1.2900e-02     6.8106e-04  1.5357e-04     4.1329e-04  9.3198e-05     4.9201e-06  1.1095e-06 
1.3357e-02     4.4451e-02  7.5867e-03     5.9374e-04  1.0134e-04     3.6031e-04  6.1501e-05     4.8127e-06  8.2149e-07 
1.4987e-02     3.4373e-02  4.7110e-03     5.1516e-04  7.0605e-05     3.1262e-04  4.2851e-05     4.6853e-06  6.4222e-07 
1.6816e-02     2.5443e-02  6.7301e-03     4.2784e-04  1.1317e-04     2.5963e-04  6.8680e-05     4.3659e-06  1.1549e-06 
1.8868e-02     2.2676e-02  8.2250e-03     4.2784e-04  1.5519e-04     2.5963e-04  9.4175e-05     4.8987e-06  1.7769e-06 
2.1170e-02     1.2786e-02  3.5859e-03     2.7068e-04  7.5913e-05     1.6426e-04  4.6068e-05     3.4773e-06  9.7526e-07 
2.3753e-02     2.0953e-02  3.8557e-03     4.9770e-04  9.1584e-05     3.0202e-04  5.5581e-05     7.1739e-06  1.3202e-06 
2.6651e-02     3.0141e-02  7.0364e-03     8.0330e-04  1.8753e-04     4.8747e-04  1.1381e-04     1.2992e-05  3.0331e-06 
2.9903e-02     2.5987e-02  7.1269e-03     7.7710e-04  2.1312e-04     4.7158e-04  1.2933e-04     1.4102e-05  3.8675e-06 
3.3552e-02     2.6805e-02  6.0104e-03     8.9935e-04  2.0166e-04     5.4576e-04  1.2238e-04     1.8311e-05  4.1062e-06 
3.7646e-02     2.9456e-02  4.8361e-03     1.1089e-03  1.8206e-04     6.7292e-04  1.1049e-04     2.5333e-05  4.1595e-06 
4.2240e-02     3.1834e-02  4.9441e-03     1.3447e-03  2.0884e-04     8.1599e-04  1.2674e-04     3.4467e-05  5.3536e-06 
4.7394e-02     3.7031e-02  4.5928e-03     1.7550e-03  2.1767e-04     1.0650e-03  1.3211e-04     5.0475e-05  6.2613e-06 
5.3176e-02     3.8587e-02  2.9637e-03     2.0519e-03  1.5760e-04     1.2452e-03  9.5678e-05     6.6214e-05  5.0878e-06 
5.9665e-02     3.7903e-02  3.7697e-03     2.2615e-03  2.2492e-04     1.3723e-03  1.3652e-04     8.1881e-05  8.1456e-06 
6.6945e-02     4.3954e-02  3.4932e-03     2.9425e-03  2.3386e-04     1.7856e-03  1.4197e-04     1.1954e-04  9.5040e-06 
7.5114e-02     4.8706e-02  4.2071e-03     3.6585e-03  3.1601e-04     2.2201e-03  1.9183e-04     1.6676e-04  1.4409e-05 
8.4279e-02     4.9626e-02  3.2017e-03     4.1824e-03  2.6984e-04     2.5380e-03  1.6384e-04     2.1390e-04  1.3808e-05 
9.4563e-02     5.5494e-02  2.7599e-03     5.2476e-03  2.6099e-04     3.1845e-03  1.5853e-04     3.0113e-04  1.4991e-05 
1.0610e-01     6.1474e-02  3.0870e-03     6.5224e-03  3.2753e-04     3.9581e-03  1.9895e-04     4.1995e-04  2.1109e-05 
1.1905e-01     7.1878e-02  2.6992e-03     8.5569e-03  3.2134e-04     5.1926e-03  1.9534e-04     6.1817e-04  2.3254e-05 
1.3357e-01     7.7397e-02  4.6604e-03     1.0338e-02  6.2251e-04     6.2736e-03  3.7802e-04     8.3798e-04  5.0493e-05 
1.4987e-01     8.8147e-02  4.7115e-03     1.3211e-02  7.0612e-04     8.0168e-03  4.2886e-04     1.2015e-03  6.4274e-05 
1.6816e-01     9.5333e-02  4.2895e-03     1.6031e-02  7.2132e-04     9.7283e-03  4.3825e-04     1.6359e-03  7.3695e-05 
1.8868e-01     1.0889e-01  2.7128e-03     2.0545e-02  5.1184e-04     1.2468e-02  3.1182e-04     2.3524e-03  5.8833e-05 
2.1170e-01     1.1858e-01  2.8450e-03     2.5103e-02  6.0228e-04     1.5234e-02  3.6703e-04     3.2249e-03  7.7700e-05 
2.3753e-01     1.3153e-01  1.9372e-03     3.1241e-02  4.6014e-04     1.8958e-02  2.8235e-04     4.5032e-03  6.7066e-05 
2.6651e-01     1.4441e-01  8.0043e-03     3.8489e-02  2.1332e-03     2.3356e-02  1.2956e-03     6.2248e-03  3.4528e-04 
2.9903e-01     1.6308e-01  5.3529e-03     4.8766e-02  1.6007e-03     2.9593e-02  9.7355e-04     8.8492e-03  2.9112e-04 
3.3552e-01     1.7764e-01  2.0198e-03     5.9601e-02  6.7768e-04     3.6168e-02  4.1891e-04     1.2135e-02  1.4055e-04 
3.7646e-01     1.9348e-01  5.7931e-03     7.2838e-02  2.1809e-03     4.4201e-02  1.3270e-03     1.6640e-02  4.9958e-04 
4.2240e-01     2.1349e-01  2.5541e-03     9.0179e-02  1.0789e-03     5.4724e-02  6.6573e-04     2.3115e-02  2.8120e-04 
4.7394e-01     2.3954e-01  2.3021e-03     1.1353e-01  1.0910e-03     6.8893e-02  6.7931e-04     3.2651e-02  3.2195e-04 
5.3176e-01     2.6329e-01  1.7351e-03     1.4001e-01  9.2265e-04     8.4963e-02  5.9045e-04     4.5180e-02  3.1398e-04 
5.9665e-01     2.9207e-01  2.8802e-03     1.7426e-01  1.7185e-03     1.0575e-01  1.0686e-03     6.3096e-02  6.3759e-04 
6.6945e-01     3.2807e-01  4.8588e-03     2.1962e-01  3.2527e-03     1.3328e-01  1.9957e-03     8.9222e-02  1.3360e-03 
7.5114e-01     3.6387e-01  4.9734e-03     2.7331e-01  3.7357e-03     1.6586e-01  2.2963e-03     1.2458e-01  1.7248e-03 
8.4279e-01     4.1129e-01  3.8037e-03     3.4663e-01  3.2057e-03     2.1035e-01  2.0000e-03     1.7728e-01  1.6855e-03 
9.4563e-01     4.6294e-01  4.2906e-03     4.3777e-01  4.0573e-03     2.6566e-01  2.5309e-03     2.5121e-01  2.3933e-03 
1.0610e+00     5.2229e-01  3.0187e-03     5.5415e-01  3.2029e-03     3.3628e-01  2.0804e-03     3.5680e-01  2.2073e-03 
1.1905e+00     5.8370e-01  3.1814e-03     6.9488e-01  3.7873e-03     4.2168e-01  2.4795e-03     5.0200e-01  2.9517e-03 
1.3357e+00     6.1357e-01  4.5610e-03     8.1957e-01  6.0923e-03     4.9734e-01  3.8564e-03     6.6432e-01  5.1512e-03 
1.4987e+00     5.8078e-01  2.8175e-03     8.7043e-01  4.2227e-03     5.2821e-01  2.8150e-03     7.9163e-01  4.2190e-03 
1.6816e+00     4.8666e-01  2.1021e-03     8.1836e-01  3.5349e-03     4.9661e-01  2.4087e-03     8.3510e-01  4.0505e-03 
1.8868e+00     3.6129e-01  2.4369e-03     6.8168e-01  4.5979e-03     4.1367e-01  2.9357e-03     7.8050e-01  5.5389e-03 
2.1170e+00     2.5010e-01  1.6774e-03     5.2946e-01  3.5510e-03     3.2130e-01  2.2685e-03     6.8018e-01  4.8023e-03 
2.3753e+00     1.6623e-01  1.3330e-03     3.9484e-01  3.1663e-03     2.3960e-01  1.9928e-03     5.6913e-01  4.7335e-03 
2.6651e+00     1.0932e-01  1.1275e-03     2.9135e-01  3.0051e-03     1.7680e-01  1.8648e-03     4.7121e-01  4.9701e-03 
2.9903e+00     7.4540e-02  4.6125e-04     2.2290e-01  1.3793e-03     1.3526e-01  8.8861e-04     4.0448e-01  2.6573e-03 
3.3552e+00     5.1134e-02  4.3653e-04     1.7157e-01  1.4646e-03     1.0411e-01  9.1801e-04     3.4932e-01  3.0801e-03 
3.7646e+00     3.5166e-02  7.1781e-04     1.3239e-01  2.7023e-03     8.0338e-02  1.6494e-03     3.0244e-01  6.2093e-03 
4.2240e+00     2.3700e-02  2.4213e-04     1.0011e-01  1.0227e-03     6.0749e-02  6.3495e-04     2.5660e-01  2.6820e-03 
4.7394e+00     1.5973e-02  3.5660e-04     7.5702e-02  1.6901e-03     4.5939e-02  1.0306e-03     2.1772e-01  4.8843e-03 
5.3176e+00     1.0739e-02  2.1309e-04     5.7104e-02  1.1331e-03     3.4653e-02  6.9187e-04     1.8427e-01  3.6791e-03 
5.9665e+00     6.9015e-03  1.4442e-04     4.1178e-02  8.6166e-04     2.4988e-02  5.2579e-04     1.4909e-01  3.1371e-03 
6.6945e+00     4.0576e-03  2.4829e-04     2.7164e-02  1.6622e-03     1.6484e-02  1.0093e-03     1.1035e-01  6.7569e-03 
7.5114e+00     2.2714e-03  5.4702e-05     1.7061e-02  4.1088e-04     1.0353e-02  2.5038e-04     7.7769e-02  1.8807e-03 
8.4279e+00     1.2463e-03  5.3161e-05     1.0504e-02  4.4804e-04     6.3742e-03  2.7225e-04     5.3721e-02  2.2945e-03 
9.4563e+00     4.6537e-04  6.0689e-05     4.4007e-03  5.7389e-04     2.6705e-03  3.4831e-04     2.5253e-02  3.2937e-03 
1.0610e+01     1.9175e-04  1.2756e-05     2.0344e-03  1.3534e-04     1.2346e-03  8.2176e-05     1.3099e-02  8.7189e-04 
1.1905e+01     7.1878e-05  1.0274e-05     8.5569e-04  1.2231e-04     5.1926e-04  7.4229e-05     6.1817e-03  8.8367e-04 
1.3357e+01     2.1572e-05  8.2950e-06     2.8814e-04  1.1080e-04     1.7485e-04  6.7238e-05     2.3356e-03  8.9812e-04 
1.4987e+01     9.9042e-06  3.0217e-06     1.4844e-04  4.5287e-05     9.0076e-05  2.7482e-05     1.3500e-03  4.1188e-04 
1.6816e+01     3.1155e-06  1.1687e-06     5.2389e-05  1.9653e-05     3.1792e-05  1.1926e-05     5.3460e-04  2.0055e-04 
1.8868e+01     9.2555e-07  5.8854e-07     1.7463e-05  1.1104e-05     1.0597e-05  6.7386e-06     1.9995e-04  1.2714e-04 
2.1170e+01     0.0000e+00  0.0000e+00     0.0000e+00  0.0000e+00     0.0000e+00  0.0000e+00     0.0000e+00  0.0000e+00 
2.3753e+01     0.0000e+00  0.0000e+00     0.0000e+00  0.0000e+00     0.0000e+00  0.0000e+00     0.0000e+00  0.0000e+00 
2.6651e+01     0.0000e+00  0.0000e+00     0.0000e+00  0.0000e+00     0.0000e+00  0.0000e+00     0.0000e+00  0.0000e+00 
2.9903e+01     0.0000e+00  0.0000e+00     0.0000e+00  0.0000e+00     0.0000e+00  0.0000e+00     0.0000e+00  0.0000e+00 
3.3552e+01     0.0000e+00  0.0000e+00     0.0000e+00  0.0000e+00     0.0000e+00  0.0000e+00     0.0000e+00  0.0000e+00 
3.7646e+01     0.0000e+00  0.0000e+00     0.0000e+00  0.0000e+00     0.0000e+00  0.0000e+00     0.0000e+00  0.0000e+00 
4.2240e+01     2.0671e-07  1.4515e-07     8.7315e-06  6.1311e-06     5.2986e-06  3.7206e-06     2.2381e-04  1.5716e-04 
4.7394e+01     1.8423e-07  1.7188e-07     8.7315e-06  8.1462e-06     5.2986e-06  4.9434e-06     2.5112e-04  2.3429e-04 
5.3176e+01     0.0000e+00  0.0000e+00     0.0000e+00  0.0000e+00     0.0000e+00  0.0000e+00     0.0000e+00  0.0000e+00 
5.9665e+01     0.0000e+00  0.0000e+00     0.0000e+00  0.0000e+00     0.0000e+00  0.0000e+00     0.0000e+00  0.0000e+00 
6.6945e+01     1.3043e-07  1.4817e-07     8.7315e-06  9.9193e-06     5.2986e-06  6.0194e-06     3.5472e-04  4.0297e-04 
7.5114e+01     0.0000e+00  0.0000e+00     0.0000e+00  0.0000e+00     0.0000e+00  0.0000e+00     0.0000e+00  0.0000e+00 
8.4279e+01     0.0000e+00  0.0000e+00     0.0000e+00  0.0000e+00     0.0000e+00  0.0000e+00     0.0000e+00  0.0000e+00 
9.4563e+01     0.0000e+00  0.0000e+00     0.0000e+00  0.0000e+00     0.0000e+00  0.0000e+00     0.0000e+00  0.0000e+00 
1.0610e+02     0.0000e+00  0.0000e+00     0.0000e+00  0.0000e+00     0.0000e+00  0.0000e+00     0.0000e+00  0.0000e+00 
1.1905e+02     7.3345e-08  5.0893e-08     8.7315e-06  6.0587e-06     5.2986e-06  3.6767e-06     6.3079e-04  4.3770e-04 
1.3357e+02     0.0000e+00  0.0000e+00     0.0000e+00  0.0000e+00     0.0000e+00  0.0000e+00     0.0000e+00  0.0000e+00 
1.4987e+02     0.0000e+00  0.0000e+00     0.0000e+00  0.0000e+00     0.0000e+00  0.0000e+00     0.0000e+00  0.0000e+00 
1.6816e+02     5.1924e-08  3.7765e-08     8.7315e-06  6.3505e-06     5.2986e-06  3.8537e-06     8.9101e-04  6.4804e-04 
1.8868e+02     9.2555e-08  3.3119e-08     1.7463e-05  6.2488e-06     1.0597e-05  3.7921e-06     1.9995e-03  7.1548e-04 
2.1170e+02     0.0000e+00  0.0000e+00     0.0000e+00  0.0000e+00     0.0000e+00  0.0000e+00     0.0000e+00  0.0000e+00 
2.3753e+02     0.0000e+00  0.0000e+00     0.0000e+00  0.0000e+00     0.0000e+00  0.0000e+00     0.0000e+00  0.0000e+00 
2.6651e+02     3.2762e-08  1.4651e-08     8.7315e-06  3.9048e-06     5.2986e-06  2.3696e-06     1.4122e-03  6.3153e-04 
2.9903e+02     5.8398e-08  4.9676e-08     1.7463e-05  1.4855e-05     1.0597e-05  9.0145e-06     3.1689e-03  2.6956e-03 
3.3552e+02     2.6024e-08  2.5649e-08     8.7315e-06  8.6057e-06     5.2986e-06  5.2223e-06     1.7778e-03  1.7522e-03 
3.7646e+02     2.3194e-08  2.3328e-08     8.7315e-06  8.7820e-06     5.2986e-06  5.3293e-06     1.9947e-03  2.0063e-03 
4.2240e+02     0.0000e+00  0.0000e+00     0.0000e+00  0.0000e+00     0.0000e+00  0.0000e+00     0.0000e+00  0.0000e+00 
4.7394e+02     1.8423e-08  7.3683e-09     8.7315e-06  3.4921e-06     5.2986e-06  2.1192e-06     2.5112e-03  1.0044e-03 
5.3176e+02     0.0000e+00  0.0000e+00     0.0000e+00  0.0000e+00     0.0000e+00  0.0000e+00     0.0000e+00  0.0000e+00 
5.9665e+02     0.0000e+00  0.0000e+00     0.0000e+00  0.0000e+00     0.0000e+00  0.0000e+00     0.0000e+00  0.0000e+00 
6.6945e+02     1.3043e-08  5.8328e-09     8.7315e-06  3.9048e-06     5.2986e-06  2.3696e-06     3.5472e-03  1.5863e-03 
7.5114e+02     0.0000e+00  0.0000e+00     0.0000e+00  0.0000e+00     0.0000e+00  0.0000e+00     0.0000e+00  0.0000e+00 
8.4279e+02     0.0000e+00  0.0000e+00     0.0000e+00  0.0000e+00     0.0000e+00  0.0000e+00     0.0000e+00  0.0000e+00 
9.4563e+02     9.2336e-09  3.1981e-09     8.7315e-06  3.0242e-06     5.2986e-06  1.8353e-06     5.0105e-03  1.7355e-03 
1.0610e+03     0.0000e+00  0.0000e+00     0.0000e+00  0.0000e+00     0.0000e+00  0.0000e+00     0.0000e+00  0.0000e+00 
1.1905e+03     0.0000e+00  0.0000e+00     0.0000e+00  0.0000e+00     0.0000e+00  0.0000e+00     0.0000e+00  0.0000e+00 
1.3357e+03     0.0000e+00  0.0000e+00     0.0000e+00  0.0000e+00     0.0000e+00  0.0000e+00     0.0000e+00  0.0000e+00 
1.4987e+03     0.0000e+00  0.0000e+00     0.0000e+00  0.0000e+00     0.0000e+00  0.0000e+00     0.0000e+00  0.0000e+00 
1.6816e+03     0.0000e+00  0.0000e+00     0.0000e+00  0.0000e+00     0.0000e+00  0.0000e+00     0.0000e+00  0.0000e+00 
1.8868e+03     0.0000e+00  0.0000e+00     0.0000e+00  0.0000e+00     0.0000e+00  0.0000e+00     0.0000e+00  0.0000e+00 
2.1170e+03     0.0000e+00  0.0000e+00     0.0000e+00  0.0000e+00     0.0000e+00  0.0000e+00     0.0000e+00  0.0000e+00 
2.3753e+03     0.0000e+00  0.0000e+00     0.0000e+00  0.0000e+00     0.0000e+00  0.0000e+00     0.0000e+00  0.0000e+00 
2.6651e+03     0.0000e+00  0.0000e+00     0.0000e+00  0.0000e+00     0.0000e+00  0.0000e+00     0.0000e+00  0.0000e+00 
2.9903e+03     0.0000e+00  0.0000e+00     0.0000e+00  0.0000e+00     0.0000e+00  0.0000e+00     0.0000e+00  0.0000e+00 
3.3552e+03     0.0000e+00  0.0000e+00     0.0000e+00  0.0000e+00     0.0000e+00  0.0000e+00     0.0000e+00  0.0000e+00 
3.7646e+03     0.0000e+00  0.0000e+00     0.0000e+00  0.0000e+00     0.0000e+00  0.0000e+00     0.0000e+00  0.0000e+00 
4.2240e+03     0.0000e+00  0.0000e+00     0.0000e+00  0.0000e+00     0.0000e+00  0.0000e+00     0.0000e+00  0.0000e+00 
4.7394e+03     0.0000e+00  0.0000e+00     0.0000e+00  0.0000e+00     0.0000e+00  0.0000e+00     0.0000e+00  0.0000e+00 
5.3176e+03     0.0000e+00  0.0000e+00     0.0000e+00  0.0000e+00     0.0000e+00  0.0000e+00     0.0000e+00  0.0000e+00 
5.9665e+03     0.0000e+00  0.0000e+00     0.0000e+00  0.0000e+00     0.0000e+00  0.0000e+00     0.0000e+00  0.0000e+00 
6.6945e+03     0.0000e+00  0.0000e+00     0.0000e+00  0.0000e+00     0.0000e+00  0.0000e+00     0.0000e+00  0.0000e+00 
7.5114e+03     0.0000e+00  0.0000e+00     0.0000e+00  0.0000e+00     0.0000e+00  0.0000e+00     0.0000e+00  0.0000e+00 
8.4279e+03     0.0000e+00  0.0000e+00     0.0000e+00  0.0000e+00     0.0000e+00  0.0000e+00     0.0000e+00  0.0000e+00 
9.4563e+03     0.0000e+00  0.0000e+00     0.0000e+00  0.0000e+00     0.0000e+00  0.0000e+00     0.0000e+00  0.0000e+00 
