yF = 1.3837e+00 (std: 3.5946e-03) keV/um
yD = 4.0399e+00 (std: 1.0202e+00) keV/um
y (keV/um)     f(y)(std)                  yf(y)(std)                 d(y)(std)                  yd(y)(std)  
1.0610e-03     0.0000e+00  0.0000e+00     0.0000e+00  0.0000e+00     0.0000e+00  0.0000e+00     0.0000e+00  0.0000e+00 
1.1905e-03     0.0000e+00  0.0000e+00     0.0000e+00  0.0000e+00     0.0000e+00  0.0000e+00     0.0000e+00  0.0000e+00 
1.3357e-03     0.0000e+00  0.0000e+00     0.0000e+00  0.0000e+00     0.0000e+00  0.0000e+00     0.0000e+00  0.0000e+00 
1.4987e-03     0.0000e+00  0.0000e+00     0.0000e+00  0.0000e+00     0.0000e+00  0.0000e+00     0.0000e+00  0.0000e+00 
1.6816e-03     0.0000e+00  0.0000e+00     0.0000e+00  0.0000e+00     0.0000e+00  0.0000e+00     0.0000e+00  0.0000e+00 
1.8868e-03     0.0000e+00  0.0000e+00     0.0000e+00  0.0000e+00     0.0000e+00  0.0000e+00     0.0000e+00  0.0000e+00 
2.1170e-03     4.1220e-03  1.3033e-03     8.7263e-06  2.7591e-06     6.3066e-06  1.9941e-06     1.3351e-08  4.2215e-09 
2.3753e-03     0.0000e+00  0.0000e+00     0.0000e+00  0.0000e+00     0.0000e+00  0.0000e+00     0.0000e+00  0.0000e+00 
2.6651e-03     3.2743e-03  1.1804e-03     8.7263e-06  3.1458e-06     6.3066e-06  2.2735e-06     1.6808e-08  6.0593e-09 
2.9903e-03     2.9182e-03  1.4636e-02     8.7263e-06  4.3768e-05     6.3066e-06  3.1631e-05     1.8859e-08  9.4588e-08 
3.3552e-03     5.2017e-03  3.8446e-03     1.7453e-05  1.2899e-05     1.2613e-05  9.3225e-06     4.2320e-08  3.1279e-08 
3.7646e-03     2.3180e-03  8.9761e-04     8.7263e-06  3.3792e-06     6.3066e-06  2.4422e-06     2.3742e-08  9.1939e-09 
4.2240e-03     4.1318e-03  2.8650e-03     1.7453e-05  1.2102e-05     1.2613e-05  8.7460e-06     5.3277e-08  3.6943e-08 
4.7394e-03     3.6825e-03  3.5237e-03     1.7453e-05  1.6700e-05     1.2613e-05  1.2069e-05     5.9778e-08  5.7201e-08 
5.3176e-03     4.9230e-03  3.6873e-03     2.6179e-05  1.9608e-05     1.8920e-05  1.4171e-05     1.0061e-07  7.5355e-08 
5.9665e-03     5.8502e-03  4.8368e-03     3.4905e-05  2.8859e-05     2.5226e-05  2.0856e-05     1.5051e-07  1.2444e-07 
6.6945e-03     1.3035e-03  1.0817e-03     8.7263e-06  7.2414e-06     6.3066e-06  5.2334e-06     4.2219e-08  3.5035e-08 
7.5114e-03     5.8088e-03  2.8079e-03     4.3632e-05  2.1091e-05     3.1533e-05  1.5243e-05     2.3685e-07  1.1450e-07 
8.4279e-03     0.0000e+00  0.0000e+00     0.0000e+00  0.0000e+00     0.0000e+00  0.0000e+00     0.0000e+00  0.0000e+00 
9.4563e-03     0.0000e+00  0.0000e+00     0.0000e+00  0.0000e+00     0.0000e+00  0.0000e+00     0.0000e+00  0.0000e+00 
1.0610e-02     8.2246e-04  7.3146e-04     8.7263e-06  7.7609e-06     6.3066e-06  5.6089e-06     6.6913e-08  5.9511e-08 
1.1905e-02     7.9166e-02  1.5092e-02     9.4244e-04  1.7966e-04     6.8111e-04  1.2985e-04     8.1084e-06  1.5459e-06 
1.3357e-02     7.0556e-02  8.5656e-03     9.4244e-04  1.1441e-04     6.8111e-04  8.2706e-05     9.0978e-06  1.1047e-06 
1.4987e-02     4.3669e-02  9.5864e-03     6.5448e-04  1.4367e-04     4.7299e-04  1.0384e-04     7.0888e-06  1.5563e-06 
1.6816e-02     3.9958e-02  1.1014e-02     6.7193e-04  1.8522e-04     4.8561e-04  1.3386e-04     8.1659e-06  2.2510e-06 
1.8868e-02     4.0700e-02  7.1429e-03     7.6792e-04  1.3477e-04     5.5498e-04  9.7410e-05     1.0471e-05  1.8379e-06 
2.1170e-02     2.8854e-02  4.4024e-03     6.1084e-04  9.3199e-05     4.4146e-04  6.7365e-05     9.3457e-06  1.4261e-06 
2.3753e-02     2.7553e-02  4.9373e-03     6.5448e-04  1.1728e-04     4.7299e-04  8.4765e-05     1.1235e-05  2.0134e-06 
2.6651e-02     4.5840e-02  5.9169e-03     1.2217e-03  1.5769e-04     8.8292e-04  1.1399e-04     2.3531e-05  3.0380e-06 
2.9903e-02     4.9026e-02  8.5500e-03     1.4660e-03  2.5567e-04     1.0595e-03  1.8480e-04     3.1683e-05  5.5260e-06 
3.3552e-02     4.9156e-02  3.4256e-03     1.6493e-03  1.1494e-04     1.1919e-03  8.3122e-05     3.9992e-05  2.7889e-06 
3.7646e-02     4.4506e-02  6.0018e-03     1.6755e-03  2.2594e-04     1.2109e-03  1.6332e-04     4.5584e-05  6.1484e-06 
4.2240e-02     4.6896e-02  3.8114e-03     1.9809e-03  1.6099e-04     1.4316e-03  1.1641e-04     6.0470e-05  4.9171e-06 
4.7394e-02     4.8057e-02  4.7245e-03     2.2776e-03  2.2391e-04     1.6460e-03  1.6188e-04     7.8010e-05  7.6720e-06 
5.3176e-02     5.1856e-02  3.3184e-03     2.7575e-03  1.7646e-04     1.9929e-03  1.2763e-04     1.0597e-04  6.7871e-06 
5.9665e-02     7.1227e-02  4.4232e-03     4.2497e-03  2.6391e-04     3.0713e-03  1.9090e-04     1.8325e-04  1.1390e-05 
6.6945e-02     6.8043e-02  5.0891e-03     4.5551e-03  3.4069e-04     3.2920e-03  2.4637e-04     2.2039e-04  1.6493e-05 
7.5114e-02     7.7256e-02  4.1908e-03     5.8030e-03  3.1479e-04     4.1939e-03  2.2776e-04     3.1502e-04  1.7108e-05 
8.4279e-02     7.9934e-02  6.0991e-03     6.7367e-03  5.1402e-04     4.8687e-03  3.7170e-04     4.1033e-04  3.1327e-05 
9.4563e-02     8.7206e-02  5.5177e-03     8.2464e-03  5.2177e-04     5.9597e-03  3.7740e-04     5.6356e-04  3.5688e-05 
1.0610e-01     1.0034e-01  4.6192e-03     1.0646e-02  4.9011e-04     7.6940e-03  3.5476e-04     8.1634e-04  3.7641e-05 
1.1905e-01     1.0629e-01  4.9757e-03     1.2653e-02  5.9234e-04     9.1445e-03  4.2874e-04     1.0886e-03  5.1041e-05 
1.3357e-01     1.1616e-01  2.9913e-03     1.5515e-02  3.9956e-04     1.1213e-02  2.9023e-04     1.4978e-03  3.8767e-05 
1.4987e-01     1.2815e-01  4.5265e-03     1.9207e-02  6.7839e-04     1.3881e-02  4.9160e-04     2.0803e-03  7.3677e-05 
1.6816e-01     1.3954e-01  8.9502e-03     2.3465e-02  1.5051e-03     1.6958e-02  1.0886e-03     2.8517e-03  1.8306e-04 
1.8868e-01     1.5448e-01  4.8373e-03     2.9146e-02  9.1269e-04     2.1064e-02  6.6187e-04     3.9743e-03  1.2488e-04 
2.1170e-01     1.7712e-01  5.2988e-03     3.7497e-02  1.1217e-03     2.7099e-02  8.1374e-04     5.7369e-03  1.7227e-04 
2.3753e-01     1.9449e-01  4.3897e-03     4.6197e-02  1.0427e-03     3.3387e-02  7.5853e-04     7.9304e-03  1.8017e-04 
2.6651e-01     2.1345e-01  8.2062e-03     5.6887e-02  2.1871e-03     4.1112e-02  1.5842e-03     1.0957e-02  4.2221e-04 
2.9903e-01     2.3404e-01  5.1559e-03     6.9985e-02  1.5418e-03     5.0579e-02  1.1220e-03     1.5125e-02  3.3551e-04 
3.3552e-01     2.5457e-01  5.7970e-03     8.5413e-02  1.9450e-03     6.1729e-02  1.4148e-03     2.0711e-02  4.7469e-04 
3.7646e-01     2.7575e-01  4.3962e-03     1.0381e-01  1.6550e-03     7.5023e-02  1.2119e-03     2.8243e-02  4.5621e-04 
4.2240e-01     3.1338e-01  3.6524e-03     1.3237e-01  1.5428e-03     9.5664e-02  1.1423e-03     4.0408e-02  4.8251e-04 
4.7394e-01     3.4418e-01  3.8148e-03     1.6312e-01  1.8080e-03     1.1789e-01  1.3420e-03     5.5872e-02  6.3604e-04 
5.3176e-01     3.8088e-01  2.2689e-03     2.0254e-01  1.2065e-03     1.4638e-01  9.5125e-04     7.7837e-02  5.0584e-04 
5.9665e-01     4.2786e-01  3.2284e-03     2.5528e-01  1.9262e-03     1.8449e-01  1.4723e-03     1.1008e-01  8.7844e-04 
6.6945e-01     4.7943e-01  3.7304e-03     3.2095e-01  2.4973e-03     2.3196e-01  1.9027e-03     1.5528e-01  1.2738e-03 
7.5114e-01     5.3346e-01  2.2886e-03     4.0070e-01  1.7190e-03     2.8959e-01  1.4524e-03     2.1752e-01  1.0909e-03 
8.4279e-01     6.1205e-01  4.1762e-03     5.1583e-01  3.5196e-03     3.7279e-01  2.7218e-03     3.1419e-01  2.2939e-03 
9.4563e-01     6.7849e-01  4.1173e-03     6.4160e-01  3.8934e-03     4.6368e-01  3.0608e-03     4.3847e-01  2.8944e-03 
1.0610e+00     7.3155e-01  2.3284e-03     7.7618e-01  2.4705e-03     5.6095e-01  2.3046e-03     5.9517e-01  2.4452e-03 
1.1905e+00     7.0900e-01  2.4386e-03     8.4405e-01  2.9030e-03     6.1000e-01  2.6292e-03     7.2618e-01  3.1300e-03 
1.3357e+00     6.2670e-01  2.2888e-03     8.3711e-01  3.0572e-03     6.0498e-01  2.7114e-03     8.0809e-01  3.6217e-03 
1.4987e+00     4.8122e-01  2.6591e-03     7.2121e-01  3.9852e-03     5.2122e-01  3.1825e-03     7.8116e-01  4.7697e-03 
1.6816e+00     3.4470e-01  1.7768e-03     5.7964e-01  2.9879e-03     4.1891e-01  2.4181e-03     7.0443e-01  4.0662e-03 
1.8868e+00     2.2915e-01  1.6815e-03     4.3236e-01  3.1726e-03     3.1247e-01  2.4323e-03     5.8955e-01  4.5892e-03 
2.1170e+00     1.5334e-01  1.0837e-03     3.2461e-01  2.2942e-03     2.3460e-01  1.7665e-03     4.9664e-01  3.7396e-03 
2.3753e+00     1.0180e-01  1.2024e-03     2.4180e-01  2.8561e-03     1.7475e-01  2.1134e-03     4.1508e-01  5.0200e-03 
2.6651e+00     6.8661e-02  5.0337e-04     1.8299e-01  1.3416e-03     1.3225e-01  1.0286e-03     3.5246e-01  2.7414e-03 
2.9903e+00     4.8133e-02  4.7801e-04     1.4393e-01  1.4294e-03     1.0402e-01  1.0678e-03     3.1106e-01  3.1931e-03 
3.3552e+00     3.2851e-02  5.3750e-04     1.1022e-01  1.8034e-03     7.9658e-02  1.3197e-03     2.6727e-01  4.4278e-03 
3.7646e+00     2.3391e-02  2.0483e-04     8.8057e-02  7.7112e-04     6.3640e-02  5.8130e-04     2.3958e-01  2.1883e-03 
4.2240e+00     1.5784e-02  3.4018e-04     6.6669e-02  1.4369e-03     4.8182e-02  1.0460e-03     2.0352e-01  4.4182e-03 
4.7394e+00     1.0804e-02  1.5634e-04     5.1206e-02  7.4097e-04     3.7007e-02  5.4406e-04     1.7539e-01  2.5785e-03 
5.3176e+00     7.1220e-03  2.3461e-04     3.7872e-02  1.2476e-03     2.7370e-02  9.0443e-04     1.4555e-01  4.8094e-03 
5.9665e+00     4.5120e-03  1.3282e-04     2.6921e-02  7.9246e-04     1.9456e-02  5.7494e-04     1.1608e-01  3.4304e-03 
6.6945e+00     2.6305e-03  6.5815e-05     1.7610e-02  4.4060e-04     1.2727e-02  3.2013e-04     8.5199e-02  2.1431e-03 
7.5114e+00     1.4882e-03  6.6259e-05     1.1178e-02  4.9769e-04     8.0787e-03  3.6030e-04     6.0682e-02  2.7063e-03 
8.4279e+00     6.8958e-04  3.8313e-05     5.8117e-03  3.2290e-04     4.2002e-03  2.3362e-04     3.5399e-02  1.9689e-03 
9.4563e+00     3.1006e-04  4.1684e-05     2.9320e-03  3.9418e-04     2.1190e-03  2.8493e-04     2.0038e-02  2.6943e-03 
1.0610e+01     1.3242e-04  1.3519e-05     1.4049e-03  1.4343e-04     1.0154e-03  1.0369e-04     1.0773e-02  1.1002e-03 
1.1905e+01     3.1520e-05  9.2528e-06     3.7523e-04  1.1015e-04     2.7118e-04  7.9610e-05     3.2283e-03  9.4774e-04 
1.3357e+01     1.4373e-05  7.2971e-06     1.9198e-04  9.7470e-05     1.3874e-04  7.0443e-05     1.8533e-03  9.4093e-04 
1.4987e+01     4.0758e-06  2.6283e-06     6.1084e-05  3.9391e-05     4.4146e-05  2.8468e-05     6.6162e-04  4.2666e-04 
1.6816e+01     2.5947e-06  7.5109e-07     4.3632e-05  1.2630e-05     3.1533e-05  9.1283e-06     5.3025e-04  1.5350e-04 
1.8868e+01     0.0000e+00  0.0000e+00     0.0000e+00  0.0000e+00     0.0000e+00  0.0000e+00     0.0000e+00  0.0000e+00 
2.1170e+01     0.0000e+00  0.0000e+00     0.0000e+00  0.0000e+00     0.0000e+00  0.0000e+00     0.0000e+00  0.0000e+00 
2.3753e+01     0.0000e+00  0.0000e+00     0.0000e+00  0.0000e+00     0.0000e+00  0.0000e+00     0.0000e+00  0.0000e+00 
2.6651e+01     0.0000e+00  0.0000e+00     0.0000e+00  0.0000e+00     0.0000e+00  0.0000e+00     0.0000e+00  0.0000e+00 
2.9903e+01     0.0000e+00  0.0000e+00     0.0000e+00  0.0000e+00     0.0000e+00  0.0000e+00     0.0000e+00  0.0000e+00 
3.3552e+01     0.0000e+00  0.0000e+00     0.0000e+00  0.0000e+00     0.0000e+00  0.0000e+00     0.0000e+00  0.0000e+00 
3.7646e+01     2.3180e-07  3.5943e-07     8.7263e-06  1.3531e-05     6.3066e-06  9.7789e-06     2.3742e-04  3.6814e-04 
4.2240e+01     0.0000e+00  0.0000e+00     0.0000e+00  0.0000e+00     0.0000e+00  0.0000e+00     0.0000e+00  0.0000e+00 
4.7394e+01     0.0000e+00  0.0000e+00     0.0000e+00  0.0000e+00     0.0000e+00  0.0000e+00     0.0000e+00  0.0000e+00 
5.3176e+01     1.6410e-07  1.2803e-07     8.7263e-06  6.8082e-06     6.3066e-06  4.9203e-06     3.3536e-04  2.6165e-04 
5.9665e+01     1.4626e-07  1.5029e-07     8.7263e-06  8.9671e-06     6.3066e-06  6.4806e-06     3.7628e-04  3.8667e-04 
6.6945e+01     0.0000e+00  0.0000e+00     0.0000e+00  0.0000e+00     0.0000e+00  0.0000e+00     0.0000e+00  0.0000e+00 
7.5114e+01     0.0000e+00  0.0000e+00     0.0000e+00  0.0000e+00     0.0000e+00  0.0000e+00     0.0000e+00  0.0000e+00 
8.4279e+01     0.0000e+00  0.0000e+00     0.0000e+00  0.0000e+00     0.0000e+00  0.0000e+00     0.0000e+00  0.0000e+00 
9.4563e+01     0.0000e+00  0.0000e+00     0.0000e+00  0.0000e+00     0.0000e+00  0.0000e+00     0.0000e+00  0.0000e+00 
1.0610e+02     8.2246e-08  7.9517e-08     8.7263e-06  8.4368e-06     6.3066e-06  6.0973e-06     6.6913e-04  6.4693e-04 
1.1905e+02     0.0000e+00  0.0000e+00     0.0000e+00  0.0000e+00     0.0000e+00  0.0000e+00     0.0000e+00  0.0000e+00 
1.3357e+02     0.0000e+00  0.0000e+00     0.0000e+00  0.0000e+00     0.0000e+00  0.0000e+00     0.0000e+00  0.0000e+00 
1.4987e+02     1.1645e-07  4.4920e-08     1.7453e-05  6.7323e-06     1.2613e-05  4.8656e-06     1.8903e-03  7.2921e-04 
1.6816e+02     0.0000e+00  0.0000e+00     0.0000e+00  0.0000e+00     0.0000e+00  0.0000e+00     0.0000e+00  0.0000e+00 
1.8868e+02     0.0000e+00  0.0000e+00     0.0000e+00  0.0000e+00     0.0000e+00  0.0000e+00     0.0000e+00  0.0000e+00 
2.1170e+02     8.2441e-08  3.8592e-08     1.7453e-05  8.1698e-06     1.2613e-05  5.9044e-06     2.6702e-03  1.2500e-03 
2.3753e+02     3.6738e-08  3.5519e-08     8.7263e-06  8.4368e-06     6.3066e-06  6.0973e-06     1.4980e-03  1.4483e-03 
2.6651e+02     9.8228e-08  7.1670e-08     2.6179e-05  1.9101e-05     1.8920e-05  1.3804e-05     5.0424e-03  3.6791e-03 
2.9903e+02     0.0000e+00  0.0000e+00     0.0000e+00  0.0000e+00     0.0000e+00  0.0000e+00     0.0000e+00  0.0000e+00 
3.3552e+02     0.0000e+00  0.0000e+00     0.0000e+00  0.0000e+00     0.0000e+00  0.0000e+00     0.0000e+00  0.0000e+00 
3.7646e+02     2.3180e-08  1.1826e-08     8.7263e-06  4.4519e-06     6.3066e-06  3.2174e-06     2.3742e-03  1.2112e-03 
4.2240e+02     0.0000e+00  0.0000e+00     0.0000e+00  0.0000e+00     0.0000e+00  0.0000e+00     0.0000e+00  0.0000e+00 
4.7394e+02     3.6825e-08  1.7178e-08     1.7453e-05  8.1413e-06     1.2613e-05  5.8838e-06     5.9778e-03  2.7886e-03 
5.3176e+02     4.9230e-08  7.2473e-08     2.6179e-05  3.8538e-05     1.8920e-05  2.7852e-05     1.0061e-02  1.4811e-02 
5.9665e+02     0.0000e+00  0.0000e+00     0.0000e+00  0.0000e+00     0.0000e+00  0.0000e+00     0.0000e+00  0.0000e+00 
6.6945e+02     0.0000e+00  0.0000e+00     0.0000e+00  0.0000e+00     0.0000e+00  0.0000e+00     0.0000e+00  0.0000e+00 
7.5114e+02     0.0000e+00  0.0000e+00     0.0000e+00  0.0000e+00     0.0000e+00  0.0000e+00     0.0000e+00  0.0000e+00 
8.4279e+02     0.0000e+00  0.0000e+00     0.0000e+00  0.0000e+00     0.0000e+00  0.0000e+00     0.0000e+00  0.0000e+00 
9.4563e+02     9.2281e-09  6.0219e-09     8.7263e-06  5.6945e-06     6.3066e-06  4.1155e-06     5.9636e-03  3.8917e-03 
1.0610e+03     0.0000e+00  0.0000e+00     0.0000e+00  0.0000e+00     0.0000e+00  0.0000e+00     0.0000e+00  0.0000e+00 
1.1905e+03     0.0000e+00  0.0000e+00     0.0000e+00  0.0000e+00     0.0000e+00  0.0000e+00     0.0000e+00  0.0000e+00 
1.3357e+03     0.0000e+00  0.0000e+00     0.0000e+00  0.0000e+00     0.0000e+00  0.0000e+00     0.0000e+00  0.0000e+00 
1.4987e+03     0.0000e+00  0.0000e+00     0.0000e+00  0.0000e+00     0.0000e+00  0.0000e+00     0.0000e+00  0.0000e+00 
1.6816e+03     0.0000e+00  0.0000e+00     0.0000e+00  0.0000e+00     0.0000e+00  0.0000e+00     0.0000e+00  0.0000e+00 
1.8868e+03     0.0000e+00  0.0000e+00     0.0000e+00  0.0000e+00     0.0000e+00  0.0000e+00     0.0000e+00  0.0000e+00 
2.1170e+03     0.0000e+00  0.0000e+00     0.0000e+00  0.0000e+00     0.0000e+00  0.0000e+00     0.0000e+00  0.0000e+00 
2.3753e+03     0.0000e+00  0.0000e+00     0.0000e+00  0.0000e+00     0.0000e+00  0.0000e+00     0.0000e+00  0.0000e+00 
2.6651e+03     0.0000e+00  0.0000e+00     0.0000e+00  0.0000e+00     0.0000e+00  0.0000e+00     0.0000e+00  0.0000e+00 
2.9903e+03     0.0000e+00  0.0000e+00     0.0000e+00  0.0000e+00     0.0000e+00  0.0000e+00     0.0000e+00  0.0000e+00 
3.3552e+03     0.0000e+00  0.0000e+00     0.0000e+00  0.0000e+00     0.0000e+00  0.0000e+00     0.0000e+00  0.0000e+00 
3.7646e+03     0.0000e+00  0.0000e+00     0.0000e+00  0.0000e+00     0.0000e+00  0.0000e+00     0.0000e+00  0.0000e+00 
4.2240e+03     0.0000e+00  0.0000e+00     0.0000e+00  0.0000e+00     0.0000e+00  0.0000e+00     0.0000e+00  0.0000e+00 
4.7394e+03     0.0000e+00  0.0000e+00     0.0000e+00  0.0000e+00     0.0000e+00  0.0000e+00     0.0000e+00  0.0000e+00 
5.3176e+03     0.0000e+00  0.0000e+00     0.0000e+00  0.0000e+00     0.0000e+00  0.0000e+00     0.0000e+00  0.0000e+00 
5.9665e+03     0.0000e+00  0.0000e+00     0.0000e+00  0.0000e+00     0.0000e+00  0.0000e+00     0.0000e+00  0.0000e+00 
6.6945e+03     0.0000e+00  0.0000e+00     0.0000e+00  0.0000e+00     0.0000e+00  0.0000e+00     0.0000e+00  0.0000e+00 
7.5114e+03     0.0000e+00  0.0000e+00     0.0000e+00  0.0000e+00     0.0000e+00  0.0000e+00     0.0000e+00  0.0000e+00 
8.4279e+03     0.0000e+00  0.0000e+00     0.0000e+00  0.0000e+00     0.0000e+00  0.0000e+00     0.0000e+00  0.0000e+00 
9.4563e+03     0.0000e+00  0.0000e+00     0.0000e+00  0.0000e+00     0.0000e+00  0.0000e+00     0.0000e+00  0.0000e+00 
