yF = 1.1932e+00 (std: 3.1995e-03) keV/um
yD = 3.0513e+00 (std: 8.6453e-01) keV/um
y (keV/um)     f(y)(std)                  yf(y)(std)                 d(y)(std)                  yd(y)(std)  
1.0610e-03     1.6445e-02  7.5540e-03     1.7448e-05  8.0148e-06     1.4623e-05  6.7171e-06     1.5515e-08  7.1269e-09 
1.1905e-03     0.0000e+00  0.0000e+00     0.0000e+00  0.0000e+00     0.0000e+00  0.0000e+00     0.0000e+00  0.0000e+00 
1.3357e-03     0.0000e+00  0.0000e+00     0.0000e+00  0.0000e+00     0.0000e+00  0.0000e+00     0.0000e+00  0.0000e+00 
1.4987e-03     1.1642e-02  6.4445e-03     1.7448e-05  9.6585e-06     1.4623e-05  8.0946e-06     2.1915e-08  1.2131e-08 
1.6816e-03     0.0000e+00  0.0000e+00     0.0000e+00  0.0000e+00     0.0000e+00  0.0000e+00     0.0000e+00  0.0000e+00 
1.8868e-03     0.0000e+00  0.0000e+00     0.0000e+00  0.0000e+00     0.0000e+00  0.0000e+00     0.0000e+00  0.0000e+00 
2.1170e-03     4.1210e-03  3.8445e-03     8.7241e-06  8.1388e-06     7.3114e-06  6.8209e-06     1.5478e-08  1.4440e-08 
2.3753e-03     0.0000e+00  0.0000e+00     0.0000e+00  0.0000e+00     0.0000e+00  0.0000e+00     0.0000e+00  0.0000e+00 
2.6651e-03     0.0000e+00  0.0000e+00     0.0000e+00  0.0000e+00     0.0000e+00  0.0000e+00     0.0000e+00  0.0000e+00 
2.9903e-03     2.9175e-03  7.6834e-03     8.7241e-06  2.2976e-05     7.3114e-06  1.9255e-05     2.1864e-08  5.7580e-08 
3.3552e-03     7.8005e-03  3.9560e-03     2.6172e-05  1.3273e-05     2.1934e-05  1.1124e-05     7.3594e-08  3.7323e-08 
3.7646e-03     2.3174e-03  1.6464e-03     8.7241e-06  6.1982e-06     7.3114e-06  5.1945e-06     2.7525e-08  1.9555e-08 
4.2240e-03     6.1962e-03  2.7876e-03     2.6172e-05  1.1775e-05     2.1934e-05  9.8682e-06     9.2649e-08  4.1683e-08 
4.7394e-03     1.1045e-02  5.7631e-03     5.2345e-05  2.7314e-05     4.3869e-05  2.2891e-05     2.0791e-07  1.0849e-07 
5.3176e-03     6.5624e-03  2.3810e-03     3.4897e-05  1.2661e-05     2.9246e-05  1.0611e-05     1.5552e-07  5.6427e-08 
5.9665e-03     7.3109e-03  3.0169e-03     4.3621e-05  1.8000e-05     3.6557e-05  1.5086e-05     2.1812e-07  9.0010e-08 
6.6945e-03     6.5159e-03  3.4280e-03     4.3621e-05  2.2949e-05     3.6557e-05  1.9233e-05     2.4473e-07  1.2875e-07 
7.5114e-03     4.6458e-03  2.1775e-03     3.4897e-05  1.6356e-05     2.9246e-05  1.3708e-05     2.1968e-07  1.0296e-07 
8.4279e-03     0.0000e+00  0.0000e+00     0.0000e+00  0.0000e+00     0.0000e+00  0.0000e+00     0.0000e+00  0.0000e+00 
9.4563e-03     0.0000e+00  0.0000e+00     0.0000e+00  0.0000e+00     0.0000e+00  0.0000e+00     0.0000e+00  0.0000e+00 
1.0610e-02     0.0000e+00  0.0000e+00     0.0000e+00  0.0000e+00     0.0000e+00  0.0000e+00     0.0000e+00  0.0000e+00 
1.1905e-02     1.0333e-01  1.9245e-02     1.2301e-03  2.2910e-04     1.0309e-03  1.9203e-04     1.2273e-05  2.2860e-06 
1.3357e-02     8.3601e-02  9.7527e-03     1.1167e-03  1.3027e-04     9.3586e-04  1.0920e-04     1.2501e-05  1.4587e-06 
1.4987e-02     7.3928e-02  1.0100e-02     1.1080e-03  1.5137e-04     9.2855e-04  1.2688e-04     1.3916e-05  1.9016e-06 
1.6816e-02     5.2918e-02  1.0507e-02     8.8986e-04  1.7669e-04     7.4577e-04  1.4809e-04     1.2541e-05  2.4903e-06 
1.8868e-02     4.4389e-02  5.1169e-03     8.3752e-04  9.6544e-05     7.0190e-04  8.0932e-05     1.3243e-05  1.5270e-06 
2.1170e-02     3.5853e-02  4.9998e-03     7.5900e-04  1.0585e-04     6.3609e-04  8.8723e-05     1.3466e-05  1.8783e-06 
2.3753e-02     4.3707e-02  6.4292e-03     1.0382e-03  1.5271e-04     8.7006e-04  1.2801e-04     2.0667e-05  3.0405e-06 
2.6651e-02     7.4634e-02  1.5873e-02     1.9891e-03  4.2304e-04     1.6670e-03  3.5456e-04     4.4428e-05  9.4495e-06 
2.9903e-02     6.9435e-02  6.6153e-03     2.0763e-03  1.9782e-04     1.7401e-03  1.6585e-04     5.2035e-05  4.9595e-06 
3.3552e-02     6.5785e-02  5.0386e-03     2.2072e-03  1.6906e-04     1.8498e-03  1.4177e-04     6.2064e-05  4.7566e-06 
3.7646e-02     6.4192e-02  5.1872e-03     2.4166e-03  1.9528e-04     2.0253e-03  1.6375e-04     7.6243e-05  6.1644e-06 
4.2240e-02     7.2909e-02  9.4309e-03     3.0796e-03  3.9836e-04     2.5809e-03  3.3392e-04     1.0902e-04  1.4105e-05 
4.7394e-02     7.1238e-02  5.5326e-03     3.3762e-03  2.6221e-04     2.8295e-03  2.1988e-04     1.3410e-04  1.0421e-05 
5.3176e-02     7.8093e-02  6.3874e-03     4.1527e-03  3.3966e-04     3.4802e-03  2.8481e-04     1.8507e-04  1.5145e-05 
5.9665e-02     9.1825e-02  4.9752e-03     5.4788e-03  2.9684e-04     4.5916e-03  2.4908e-04     2.7396e-04  1.4861e-05 
6.6945e-02     9.7478e-02  1.6352e-02     6.5257e-03  1.0947e-03     5.4689e-03  9.1753e-04     3.6612e-04  6.1424e-05 
7.5114e-02     1.0662e-01  5.5712e-03     8.0088e-03  4.1847e-04     6.7119e-03  3.5117e-04     5.0415e-04  2.6378e-05 
8.4279e-02     1.1055e-01  8.6011e-03     9.3174e-03  7.2489e-04     7.8086e-03  6.0787e-04     6.5810e-04  5.1231e-05 
9.4563e-02     1.1680e-01  5.3686e-03     1.1045e-02  5.0767e-04     9.2563e-03  4.2619e-04     8.7530e-04  4.0301e-05 
1.0610e-01     1.4060e-01  1.2239e-02     1.4918e-02  1.2986e-03     1.2503e-02  1.0888e-03     1.3265e-03  1.1553e-04 
1.1905e-01     1.4774e-01  5.1890e-03     1.7588e-02  6.1773e-04     1.4740e-02  5.1921e-04     1.7547e-03  6.1810e-05 
1.3357e-01     1.6191e-01  5.2274e-03     2.1627e-02  6.9824e-04     1.8125e-02  5.8719e-04     2.4210e-03  7.8433e-05 
1.4987e-01     1.7236e-01  6.3151e-03     2.5832e-02  9.4646e-04     2.1649e-02  7.9532e-04     3.2446e-03  1.1920e-04 
1.6816e-01     1.9751e-01  9.5469e-03     3.3213e-02  1.6054e-03     2.7835e-02  1.3475e-03     4.6806e-03  2.2659e-04 
1.8868e-01     2.1672e-01  5.9806e-03     4.0890e-02  1.1284e-03     3.4269e-02  9.5012e-04     6.4657e-03  1.7927e-04 
2.1170e-01     2.3745e-01  6.1992e-03     5.0268e-02  1.3124e-03     4.2128e-02  1.1056e-03     8.9186e-03  2.3406e-04 
2.3753e-01     2.6162e-01  4.5022e-03     6.2142e-02  1.0694e-03     5.2079e-02  9.0705e-04     1.2370e-02  2.1545e-04 
2.6651e-01     2.8318e-01  4.8083e-03     7.5473e-02  1.2815e-03     6.3251e-02  1.0873e-03     1.6857e-02  2.8977e-04 
2.9903e-01     3.1508e-01  4.3302e-03     9.4221e-02  1.2949e-03     7.8963e-02  1.1057e-03     2.3613e-02  3.3063e-04 
3.3552e-01     3.4265e-01  3.7998e-03     1.1497e-01  1.2749e-03     9.6350e-02  1.0992e-03     3.2327e-02  3.6882e-04 
3.7646e-01     3.8386e-01  5.2479e-03     1.4451e-01  1.9756e-03     1.2111e-01  1.6873e-03     4.5592e-02  6.3519e-04 
4.2240e-01     4.2384e-01  1.9704e-03     1.7903e-01  8.3231e-04     1.5004e-01  8.0524e-04     6.3375e-02  3.4013e-04 
4.7394e-01     4.6767e-01  2.3299e-03     2.2165e-01  1.1042e-03     1.8575e-01  1.0509e-03     8.8035e-02  4.9807e-04 
5.3176e-01     5.2197e-01  5.9800e-03     2.7757e-01  3.1799e-03     2.3262e-01  2.7370e-03     1.2370e-01  1.4555e-03 
5.9665e-01     5.9451e-01  3.7463e-03     3.5471e-01  2.2352e-03     2.9728e-01  2.0358e-03     1.7737e-01  1.2147e-03 
6.6945e-01     6.6333e-01  3.4879e-03     4.4407e-01  2.3350e-03     3.7216e-01  2.1966e-03     2.4914e-01  1.4705e-03 
7.5114e-01     7.4865e-01  7.9364e-03     5.6234e-01  5.9613e-03     4.7128e-01  5.1533e-03     3.5400e-01  3.8709e-03 
8.4279e-01     8.1703e-01  4.2896e-03     6.8859e-01  3.6152e-03     5.7708e-01  3.4021e-03     4.8636e-01  2.8672e-03 
9.4563e-01     8.4237e-01  5.8342e-03     7.9657e-01  5.5169e-03     6.6758e-01  4.9580e-03     6.3128e-01  4.6884e-03 
1.0610e+00     7.9618e-01  4.7916e-03     8.4476e-01  5.0840e-03     7.0796e-01  4.6645e-03     7.5116e-01  4.9491e-03 
1.1905e+00     6.6349e-01  4.8955e-03     7.8987e-01  5.8279e-03     6.6196e-01  5.1967e-03     7.8805e-01  6.1866e-03 
1.3357e+00     4.9941e-01  2.0351e-03     6.6707e-01  2.7183e-03     5.5905e-01  2.7271e-03     7.4675e-01  3.6427e-03 
1.4987e+00     3.4403e-01  2.0897e-03     5.1560e-01  3.1318e-03     4.3211e-01  2.8690e-03     6.4760e-01  4.2999e-03 
1.6816e+00     2.3000e-01  1.5789e-03     3.8676e-01  2.6551e-03     3.2413e-01  2.3889e-03     5.4505e-01  4.0171e-03 
1.8868e+00     1.5289e-01  1.0342e-03     2.8846e-01  1.9513e-03     2.4175e-01  1.7591e-03     4.5613e-01  3.3190e-03 
2.1170e+00     1.0158e-01  1.3399e-03     2.1505e-01  2.8366e-03     1.8023e-01  2.4258e-03     3.8154e-01  5.1355e-03 
2.3753e+00     6.9979e-02  1.0085e-03     1.6622e-01  2.3954e-03     1.3930e-01  2.0420e-03     3.3089e-01  4.8503e-03 
2.6651e+00     4.8126e-02  5.9532e-04     1.2826e-01  1.5866e-03     1.0749e-01  1.3606e-03     2.8648e-01  3.6261e-03 
2.9903e+00     3.3947e-02  6.4474e-04     1.0151e-01  1.9280e-03     8.5076e-02  1.6318e-03     2.5440e-01  4.8796e-03 
3.3552e+00     2.3859e-02  8.2071e-04     8.0053e-02  2.7537e-03     6.7090e-02  2.3148e-03     2.2510e-01  7.7665e-03 
3.7646e+00     1.6848e-02  2.1293e-04     6.3425e-02  8.0160e-04     5.3154e-02  6.8675e-04     2.0010e-01  2.5853e-03 
4.2240e+00     1.1564e-02  2.3459e-04     4.8846e-02  9.9090e-04     4.0937e-02  8.3767e-04     1.7291e-01  3.5383e-03 
4.7394e+00     8.0387e-03  2.4114e-04     3.8098e-02  1.1428e-03     3.1929e-02  9.6158e-04     1.5132e-01  4.5573e-03 
5.3176e+00     5.0350e-03  1.0220e-04     2.6774e-02  5.4347e-04     2.2439e-02  4.5942e-04     1.1932e-01  2.4430e-03 
5.9665e+00     3.3630e-03  9.2252e-05     2.0066e-02  5.5042e-04     1.6816e-02  4.6349e-04     1.0033e-01  2.7654e-03 
6.6945e+00     1.9652e-03  1.4199e-04     1.3156e-02  9.5056e-04     1.1026e-02  7.9718e-04     7.3811e-02  5.3367e-03 
7.5114e+00     9.6633e-04  7.9054e-05     7.2585e-03  5.9380e-04     6.0831e-03  4.9791e-04     4.5692e-02  3.7400e-03 
8.4279e+00     4.7099e-04  3.1481e-05     3.9695e-03  2.6532e-04     3.3267e-03  2.2253e-04     2.8037e-02  1.8755e-03 
9.4563e+00     1.9190e-04  1.5023e-05     1.8146e-03  1.4206e-04     1.5208e-03  1.1913e-04     1.4381e-02  1.1265e-03 
1.0610e+01     7.3180e-05  1.8106e-05     7.7645e-04  1.9211e-04     6.5072e-04  1.6101e-04     6.9042e-03  1.7084e-03 
1.1905e+01     2.2718e-05  6.0452e-06     2.7045e-04  7.1966e-05     2.2665e-04  6.0315e-05     2.6983e-03  7.1804e-04 
1.3357e+01     8.4908e-06  3.2180e-06     1.1341e-04  4.2984e-05     9.5048e-05  3.6024e-05     1.2696e-03  4.8119e-04 
1.4987e+01     5.8211e-07  1.9302e-07     8.7241e-06  2.8929e-06     7.3114e-06  2.4245e-06     1.0958e-04  3.6337e-05 
1.6816e+01     0.0000e+00  0.0000e+00     0.0000e+00  0.0000e+00     0.0000e+00  0.0000e+00     0.0000e+00  0.0000e+00 
1.8868e+01     0.0000e+00  0.0000e+00     0.0000e+00  0.0000e+00     0.0000e+00  0.0000e+00     0.0000e+00  0.0000e+00 
2.1170e+01     0.0000e+00  0.0000e+00     0.0000e+00  0.0000e+00     0.0000e+00  0.0000e+00     0.0000e+00  0.0000e+00 
2.3753e+01     0.0000e+00  0.0000e+00     0.0000e+00  0.0000e+00     0.0000e+00  0.0000e+00     0.0000e+00  0.0000e+00 
2.6651e+01     0.0000e+00  0.0000e+00     0.0000e+00  0.0000e+00     0.0000e+00  0.0000e+00     0.0000e+00  0.0000e+00 
2.9903e+01     0.0000e+00  0.0000e+00     0.0000e+00  0.0000e+00     0.0000e+00  0.0000e+00     0.0000e+00  0.0000e+00 
3.3552e+01     0.0000e+00  0.0000e+00     0.0000e+00  0.0000e+00     0.0000e+00  0.0000e+00     0.0000e+00  0.0000e+00 
3.7646e+01     0.0000e+00  0.0000e+00     0.0000e+00  0.0000e+00     0.0000e+00  0.0000e+00     0.0000e+00  0.0000e+00 
4.2240e+01     0.0000e+00  0.0000e+00     0.0000e+00  0.0000e+00     0.0000e+00  0.0000e+00     0.0000e+00  0.0000e+00 
4.7394e+01     0.0000e+00  0.0000e+00     0.0000e+00  0.0000e+00     0.0000e+00  0.0000e+00     0.0000e+00  0.0000e+00 
5.3176e+01     1.6406e-07  1.0156e-07     8.7241e-06  5.4004e-06     7.3114e-06  4.5259e-06     3.8880e-04  2.4067e-04 
5.9665e+01     1.4622e-07  1.1545e-07     8.7241e-06  6.8881e-06     7.3114e-06  5.7727e-06     4.3624e-04  3.4443e-04 
6.6945e+01     0.0000e+00  0.0000e+00     0.0000e+00  0.0000e+00     0.0000e+00  0.0000e+00     0.0000e+00  0.0000e+00 
7.5114e+01     0.0000e+00  0.0000e+00     0.0000e+00  0.0000e+00     0.0000e+00  0.0000e+00     0.0000e+00  0.0000e+00 
8.4279e+01     0.0000e+00  0.0000e+00     0.0000e+00  0.0000e+00     0.0000e+00  0.0000e+00     0.0000e+00  0.0000e+00 
9.4563e+01     1.8452e-07  1.0392e-07     1.7448e-05  9.8269e-06     1.4623e-05  8.2357e-06     1.3828e-03  7.7879e-04 
1.0610e+02     8.2225e-08  2.1752e-08     8.7241e-06  2.3079e-06     7.3114e-06  1.9343e-06     7.7575e-04  2.0523e-04 
1.1905e+02     1.4657e-07  7.3558e-08     1.7448e-05  8.7569e-06     1.4623e-05  7.3390e-06     1.7408e-03  8.7368e-04 
1.3357e+02     0.0000e+00  0.0000e+00     0.0000e+00  0.0000e+00     0.0000e+00  0.0000e+00     0.0000e+00  0.0000e+00 
1.4987e+02     5.8211e-08  3.1921e-08     8.7241e-06  4.7841e-06     7.3114e-06  4.0095e-06     1.0958e-03  6.0090e-04 
1.6816e+02     5.1880e-08  1.2707e-08     8.7241e-06  2.1367e-06     7.3114e-06  1.7908e-06     1.2295e-03  3.0114e-04 
1.8868e+02     4.6238e-08  3.8873e-08     8.7241e-06  7.3345e-06     7.3114e-06  6.1468e-06     1.3795e-03  1.1598e-03 
2.1170e+02     4.1210e-08  3.4646e-08     8.7241e-06  7.3345e-06     7.3114e-06  6.1468e-06     1.5478e-03  1.3013e-03 
2.3753e+02     3.6729e-08  1.3740e-08     8.7241e-06  3.2636e-06     7.3114e-06  2.7352e-06     1.7367e-03  6.4968e-04 
2.6651e+02     0.0000e+00  0.0000e+00     0.0000e+00  0.0000e+00     0.0000e+00  0.0000e+00     0.0000e+00  0.0000e+00 
2.9903e+02     0.0000e+00  0.0000e+00     0.0000e+00  0.0000e+00     0.0000e+00  0.0000e+00     0.0000e+00  0.0000e+00 
3.3552e+02     2.6002e-08  2.6151e-08     8.7241e-06  8.7741e-06     7.3114e-06  7.3533e-06     2.4531e-03  2.4672e-03 
3.7646e+02     2.3174e-08  1.7866e-08     8.7241e-06  6.7260e-06     7.3114e-06  5.6369e-06     2.7525e-03  2.1221e-03 
4.2240e+02     0.0000e+00  0.0000e+00     0.0000e+00  0.0000e+00     0.0000e+00  0.0000e+00     0.0000e+00  0.0000e+00 
4.7394e+02     1.8408e-08  2.0342e-08     8.7241e-06  9.6410e-06     7.3114e-06  8.0799e-06     3.4651e-03  3.8293e-03 
5.3176e+02     1.6406e-08  8.6880e-09     8.7241e-06  4.6200e-06     7.3114e-06  3.8719e-06     3.8880e-03  2.0589e-03 
5.9665e+02     0.0000e+00  0.0000e+00     0.0000e+00  0.0000e+00     0.0000e+00  0.0000e+00     0.0000e+00  0.0000e+00 
6.6945e+02     1.3032e-08  2.8267e-08     8.7241e-06  1.8923e-05     7.3114e-06  1.5859e-05     4.8946e-03  1.0617e-02 
7.5114e+02     0.0000e+00  0.0000e+00     0.0000e+00  0.0000e+00     0.0000e+00  0.0000e+00     0.0000e+00  0.0000e+00 
8.4279e+02     0.0000e+00  0.0000e+00     0.0000e+00  0.0000e+00     0.0000e+00  0.0000e+00     0.0000e+00  0.0000e+00 
9.4563e+02     0.0000e+00  0.0000e+00     0.0000e+00  0.0000e+00     0.0000e+00  0.0000e+00     0.0000e+00  0.0000e+00 
1.0610e+03     0.0000e+00  0.0000e+00     0.0000e+00  0.0000e+00     0.0000e+00  0.0000e+00     0.0000e+00  0.0000e+00 
1.1905e+03     0.0000e+00  0.0000e+00     0.0000e+00  0.0000e+00     0.0000e+00  0.0000e+00     0.0000e+00  0.0000e+00 
1.3357e+03     0.0000e+00  0.0000e+00     0.0000e+00  0.0000e+00     0.0000e+00  0.0000e+00     0.0000e+00  0.0000e+00 
1.4987e+03     0.0000e+00  0.0000e+00     0.0000e+00  0.0000e+00     0.0000e+00  0.0000e+00     0.0000e+00  0.0000e+00 
1.6816e+03     0.0000e+00  0.0000e+00     0.0000e+00  0.0000e+00     0.0000e+00  0.0000e+00     0.0000e+00  0.0000e+00 
1.8868e+03     0.0000e+00  0.0000e+00     0.0000e+00  0.0000e+00     0.0000e+00  0.0000e+00     0.0000e+00  0.0000e+00 
2.1170e+03     0.0000e+00  0.0000e+00     0.0000e+00  0.0000e+00     0.0000e+00  0.0000e+00     0.0000e+00  0.0000e+00 
2.3753e+03     0.0000e+00  0.0000e+00     0.0000e+00  0.0000e+00     0.0000e+00  0.0000e+00     0.0000e+00  0.0000e+00 
2.6651e+03     0.0000e+00  0.0000e+00     0.0000e+00  0.0000e+00     0.0000e+00  0.0000e+00     0.0000e+00  0.0000e+00 
2.9903e+03     0.0000e+00  0.0000e+00     0.0000e+00  0.0000e+00     0.0000e+00  0.0000e+00     0.0000e+00  0.0000e+00 
3.3552e+03     0.0000e+00  0.0000e+00     0.0000e+00  0.0000e+00     0.0000e+00  0.0000e+00     0.0000e+00  0.0000e+00 
3.7646e+03     0.0000e+00  0.0000e+00     0.0000e+00  0.0000e+00     0.0000e+00  0.0000e+00     0.0000e+00  0.0000e+00 
4.2240e+03     0.0000e+00  0.0000e+00     0.0000e+00  0.0000e+00     0.0000e+00  0.0000e+00     0.0000e+00  0.0000e+00 
4.7394e+03     0.0000e+00  0.0000e+00     0.0000e+00  0.0000e+00     0.0000e+00  0.0000e+00     0.0000e+00  0.0000e+00 
5.3176e+03     0.0000e+00  0.0000e+00     0.0000e+00  0.0000e+00     0.0000e+00  0.0000e+00     0.0000e+00  0.0000e+00 
5.9665e+03     0.0000e+00  0.0000e+00     0.0000e+00  0.0000e+00     0.0000e+00  0.0000e+00     0.0000e+00  0.0000e+00 
6.6945e+03     0.0000e+00  0.0000e+00     0.0000e+00  0.0000e+00     0.0000e+00  0.0000e+00     0.0000e+00  0.0000e+00 
7.5114e+03     0.0000e+00  0.0000e+00     0.0000e+00  0.0000e+00     0.0000e+00  0.0000e+00     0.0000e+00  0.0000e+00 
8.4279e+03     0.0000e+00  0.0000e+00     0.0000e+00  0.0000e+00     0.0000e+00  0.0000e+00     0.0000e+00  0.0000e+00 
9.4563e+03     0.0000e+00  0.0000e+00     0.0000e+00  0.0000e+00     0.0000e+00  0.0000e+00     0.0000e+00  0.0000e+00 
