yF = 1.2933e+00 (std: 3.0488e-03) keV/um
yD = 3.6084e+00 (std: 5.8244e-01) keV/um
y (keV/um)     f(y)(std)                  yf(y)(std)                 d(y)(std)                  yd(y)(std)  
1.0610e-03     0.0000e+00  0.0000e+00     0.0000e+00  0.0000e+00     0.0000e+00  0.0000e+00     0.0000e+00  0.0000e+00 
1.1905e-03     0.0000e+00  0.0000e+00     0.0000e+00  0.0000e+00     0.0000e+00  0.0000e+00     0.0000e+00  0.0000e+00 
1.3357e-03     0.0000e+00  0.0000e+00     0.0000e+00  0.0000e+00     0.0000e+00  0.0000e+00     0.0000e+00  0.0000e+00 
1.4987e-03     0.0000e+00  0.0000e+00     0.0000e+00  0.0000e+00     0.0000e+00  0.0000e+00     0.0000e+00  0.0000e+00 
1.6816e-03     0.0000e+00  0.0000e+00     0.0000e+00  0.0000e+00     0.0000e+00  0.0000e+00     0.0000e+00  0.0000e+00 
1.8868e-03     0.0000e+00  0.0000e+00     0.0000e+00  0.0000e+00     0.0000e+00  0.0000e+00     0.0000e+00  0.0000e+00 
2.1170e-03     0.0000e+00  0.0000e+00     0.0000e+00  0.0000e+00     0.0000e+00  0.0000e+00     0.0000e+00  0.0000e+00 
2.3753e-03     7.3467e-03  4.4125e-03     1.7451e-05  1.0481e-05     1.3493e-05  8.1038e-06     3.2049e-08  1.9249e-08 
2.6651e-03     3.2739e-03  2.2989e-03     8.7254e-06  6.1268e-06     6.7463e-06  4.7372e-06     1.7980e-08  1.2625e-08 
2.9903e-03     2.9179e-03  2.6774e-03     8.7254e-06  8.0062e-06     6.7463e-06  6.1903e-06     2.0174e-08  1.8511e-08 
3.3552e-03     5.2011e-03  2.9586e-03     1.7451e-05  9.9269e-06     1.3493e-05  7.6754e-06     4.5271e-08  2.5752e-08 
3.7646e-03     4.6355e-03  2.6040e-03     1.7451e-05  9.8031e-06     1.3493e-05  7.5797e-06     5.0795e-08  2.8534e-08 
4.2240e-03     0.0000e+00  0.0000e+00     0.0000e+00  0.0000e+00     0.0000e+00  0.0000e+00     0.0000e+00  0.0000e+00 
4.7394e-03     3.6821e-03  1.1571e-03     1.7451e-05  5.4837e-06     1.3493e-05  4.2401e-06     6.3946e-08  2.0095e-08 
5.3176e-03     3.2817e-03  2.3837e-03     1.7451e-05  1.2676e-05     1.3493e-05  9.8008e-06     7.1749e-08  5.2117e-08 
5.9665e-03     2.9248e-03  2.6704e-03     1.7451e-05  1.5933e-05     1.3493e-05  1.2319e-05     8.0504e-08  7.3503e-08 
6.6945e-03     6.5168e-03  4.4445e-03     4.3627e-05  2.9754e-05     3.3732e-05  2.3005e-05     2.2582e-07  1.5401e-07 
7.5114e-03     3.4849e-03  8.2644e-04     2.6176e-05  6.2077e-06     2.0239e-05  4.7999e-06     1.5202e-07  3.6054e-08 
8.4279e-03     1.0353e-03  7.5298e-04     8.7254e-06  6.3460e-06     6.7463e-06  4.9067e-06     5.6857e-08  4.1353e-08 
9.4563e-03     0.0000e+00  0.0000e+00     0.0000e+00  0.0000e+00     0.0000e+00  0.0000e+00     0.0000e+00  0.0000e+00 
1.0610e-02     0.0000e+00  0.0000e+00     0.0000e+00  0.0000e+00     0.0000e+00  0.0000e+00     0.0000e+00  0.0000e+00 
1.1905e-02     8.7219e-02  6.1953e-03     1.0383e-03  7.3753e-05     8.0281e-04  5.7056e-05     9.5573e-06  6.7924e-07 
1.3357e-02     7.3815e-02  9.7266e-03     9.8597e-04  1.2992e-04     7.6234e-04  1.0047e-04     1.0183e-05  1.3420e-06 
1.4987e-02     5.9965e-02  9.5033e-03     8.9871e-04  1.4243e-04     6.9487e-04  1.1014e-04     1.0414e-05  1.6506e-06 
1.6816e-02     4.5661e-02  1.1085e-02     7.6783e-04  1.8641e-04     5.9368e-04  1.4414e-04     9.9832e-06  2.4238e-06 
1.8868e-02     3.6533e-02  7.7249e-03     6.8930e-04  1.4575e-04     5.3296e-04  1.1270e-04     1.0056e-05  2.1264e-06 
2.1170e-02     2.8439e-02  3.8442e-03     6.0205e-04  8.1380e-05     4.6550e-04  6.2932e-05     9.8545e-06  1.3323e-06 
2.3753e-02     3.8203e-02  3.4450e-03     9.0744e-04  8.1830e-05     7.0162e-04  6.3291e-05     1.6666e-05  1.5034e-06 
2.6651e-02     5.2382e-02  4.5875e-03     1.3961e-03  1.2226e-04     1.0794e-03  9.4565e-05     2.8768e-05  2.5203e-06 
2.9903e-02     5.3980e-02  7.6969e-03     1.6142e-03  2.3016e-04     1.2481e-03  1.7798e-04     3.7321e-05  5.3223e-06 
3.3552e-02     5.9032e-02  9.7659e-03     1.9807e-03  3.2767e-04     1.5314e-03  2.5337e-04     5.1382e-05  8.5012e-06 
3.7646e-02     4.6818e-02  5.0209e-03     1.7625e-03  1.8902e-04     1.3628e-03  1.4618e-04     5.1302e-05  5.5032e-06 
4.2240e-02     6.4243e-02  2.3982e-03     2.7136e-03  1.0130e-04     2.0981e-03  7.8480e-05     8.8623e-05  3.3149e-06 
4.7394e-02     5.7809e-02  4.8636e-03     2.7398e-03  2.3051e-04     2.1183e-03  1.7829e-04     1.0040e-04  8.4500e-06 
5.3176e-02     6.7274e-02  5.1899e-03     3.5774e-03  2.7598e-04     2.7660e-03  2.1348e-04     1.4709e-04  1.1352e-05 
5.9665e-02     7.5167e-02  8.7812e-03     4.4848e-03  5.2393e-04     3.4676e-03  4.0518e-04     2.0689e-04  2.4175e-05 
6.6945e-02     7.3770e-02  3.8076e-03     4.9386e-03  2.5490e-04     3.8184e-03  1.9729e-04     2.5562e-04  1.3208e-05 
7.5114e-02     8.2475e-02  3.4359e-03     6.1950e-03  2.5808e-04     4.7899e-03  1.9987e-04     3.5979e-04  1.5013e-05 
8.4279e-02     9.4315e-02  1.1076e-02     7.9488e-03  9.3347e-04     6.1459e-03  7.2189e-04     5.1797e-04  6.0840e-05 
9.4563e-02     1.0436e-01  2.6178e-03     9.8684e-03  2.4754e-04     7.6301e-03  1.9224e-04     7.2152e-04  1.8179e-05 
1.0610e-01     1.1176e-01  3.6335e-03     1.1858e-02  3.8552e-04     9.1683e-03  2.9886e-04     9.7276e-04  3.1709e-05 
1.1905e-01     1.2130e-01  5.9066e-03     1.4440e-02  7.0316e-04     1.1165e-02  5.4431e-04     1.3292e-03  6.4799e-05 
1.3357e-01     1.3476e-01  5.1562e-03     1.8000e-02  6.8874e-04     1.3918e-02  5.3353e-04     1.8590e-03  7.1265e-05 
1.4987e-01     1.4811e-01  5.2288e-03     2.2197e-02  7.8365e-04     1.7163e-02  6.0725e-04     2.5722e-03  9.1010e-05 
1.6816e-01     1.6168e-01  3.9622e-03     2.7188e-02  6.6629e-04     2.1022e-02  5.1754e-04     3.5350e-03  8.7029e-05 
1.8868e-01     1.8563e-01  7.6806e-03     3.5024e-02  1.4491e-03     2.7080e-02  1.1223e-03     5.1093e-03  2.1175e-04 
2.1170e-01     2.0109e-01  2.7321e-03     4.2571e-02  5.7838e-04     3.2915e-02  4.5387e-04     6.9682e-03  9.6085e-05 
2.3753e-01     2.1548e-01  5.2663e-03     5.1183e-02  1.2509e-03     3.9574e-02  9.7168e-04     9.4000e-03  2.3080e-04 
2.6651e-01     2.3949e-01  2.8073e-03     6.3826e-02  7.4818e-04     4.9349e-02  5.9007e-04     1.3152e-02  1.5726e-04 
2.9903e-01     2.6453e-01  2.9031e-03     7.9104e-02  8.6813e-04     6.1162e-02  6.8654e-04     1.8290e-02  2.0530e-04 
3.3552e-01     2.9053e-01  3.4492e-03     9.7480e-02  1.1573e-03     7.5370e-02  9.1226e-04     2.5288e-02  3.0608e-04 
3.7646e-01     3.2284e-01  4.6947e-03     1.2154e-01  1.7674e-03     9.3970e-02  1.3843e-03     3.5376e-02  5.2115e-04 
4.2240e-01     3.6081e-01  4.1354e-03     1.5241e-01  1.7468e-03     1.1784e-01  1.3788e-03     4.9774e-02  5.8242e-04 
4.7394e-01     3.9632e-01  3.4515e-03     1.8783e-01  1.6358e-03     1.4523e-01  1.3103e-03     6.8829e-02  6.2100e-04 
5.3176e-01     4.4301e-01  3.9932e-03     2.3558e-01  2.1234e-03     1.8214e-01  1.6970e-03     9.6858e-02  9.0242e-04 
5.9665e-01     4.9305e-01  2.9253e-03     2.9418e-01  1.7454e-03     2.2745e-01  1.4521e-03     1.3571e-01  8.6642e-04 
6.6945e-01     5.5741e-01  6.8400e-03     3.7316e-01  4.5791e-03     2.8852e-01  3.6052e-03     1.9315e-01  2.4135e-03 
7.5114e-01     6.2475e-01  2.5514e-03     4.6928e-01  1.9164e-03     3.6284e-01  1.7109e-03     2.7254e-01  1.2851e-03 
8.4279e-01     7.0432e-01  5.8932e-03     5.9359e-01  4.9667e-03     4.5896e-01  3.9897e-03     3.8681e-01  3.3625e-03 
9.4563e-01     7.6355e-01  5.7744e-03     7.2203e-01  5.4604e-03     5.5827e-01  4.4223e-03     5.2791e-01  4.1818e-03 
1.0610e+00     7.8208e-01  3.8606e-03     8.2979e-01  4.0961e-03     6.4158e-01  3.5097e-03     6.8073e-01  3.7238e-03 
1.1905e+00     7.0723e-01  2.1022e-03     8.4194e-01  2.5026e-03     6.5097e-01  2.4696e-03     7.7497e-01  2.9400e-03 
1.3357e+00     5.7444e-01  2.4391e-03     7.6730e-01  3.2580e-03     5.9327e-01  2.8812e-03     7.9244e-01  3.8485e-03 
1.4987e+00     4.2103e-01  2.0042e-03     6.3101e-01  3.0037e-03     4.8789e-01  2.5916e-03     7.3121e-01  3.8841e-03 
1.6816e+00     2.8796e-01  1.5386e-03     4.8422e-01  2.5873e-03     3.7439e-01  2.1865e-03     6.2958e-01  3.6768e-03 
1.8868e+00     1.9046e-01  1.3121e-03     3.5935e-01  2.4756e-03     2.7785e-01  2.0231e-03     5.2423e-01  3.8170e-03 
2.1170e+00     1.2678e-01  1.9171e-03     2.6840e-01  4.0585e-03     2.0752e-01  3.1759e-03     4.3933e-01  6.7234e-03 
2.3753e+00     8.5512e-02  1.3824e-03     2.0312e-01  3.2837e-03     1.5705e-01  2.5657e-03     3.7304e-01  6.0944e-03 
2.6651e+00     5.8779e-02  6.8827e-04     1.5666e-01  1.8343e-03     1.2112e-01  1.4467e-03     3.2281e-01  3.8557e-03 
2.9903e+00     4.1343e-02  6.0129e-04     1.2363e-01  1.7981e-03     9.5589e-02  1.4084e-03     2.8584e-01  4.2115e-03 
3.3552e+00     2.8635e-02  2.5080e-04     9.6075e-02  8.4149e-04     7.4284e-02  6.7378e-04     2.4924e-01  2.2607e-03 
3.7646e+00     2.0148e-02  2.1260e-04     7.5850e-02  8.0034e-04     5.8646e-02  6.3406e-04     2.2078e-01  2.3870e-03 
4.2240e+00     1.3805e-02  2.0983e-04     5.8312e-02  8.8633e-04     4.5086e-02  6.9349e-04     1.9044e-01  2.9293e-03 
4.7394e+00     9.3691e-03  3.7139e-04     4.4403e-02  1.7601e-03     3.4332e-02  1.3633e-03     1.6271e-01  6.4612e-03 
5.3176e+00     6.0629e-03  1.6738e-04     3.2240e-02  8.9007e-04     2.4928e-02  6.9069e-04     1.3256e-01  3.6729e-03 
5.9665e+00     3.8900e-03  8.9254e-05     2.3209e-02  5.3254e-04     1.7945e-02  4.1392e-04     1.0707e-01  2.4696e-03 
6.6945e+00     2.1949e-03  1.3246e-04     1.4694e-02  8.8675e-04     1.1361e-02  6.8615e-04     7.6055e-02  4.5934e-03 
7.5114e+00     1.1419e-03  2.7446e-05     8.5770e-03  2.0616e-04     6.6316e-03  1.6016e-04     4.9813e-02  1.2030e-03 
8.4279e+00     5.8391e-04  5.9479e-05     4.9211e-03  5.0128e-04     3.8049e-03  3.8769e-04     3.2068e-02  3.2674e-03 
9.4563e+00     2.4729e-04  3.1959e-05     2.3384e-03  3.0221e-04     1.8080e-03  2.3370e-04     1.7097e-02  2.2100e-03 
1.0610e+01     8.4703e-05  1.3840e-05     8.9871e-04  1.4684e-04     6.9487e-04  1.1355e-04     7.3727e-03  1.2048e-03 
1.1905e+01     3.1516e-05  6.4948e-06     3.7519e-04  7.7319e-05     2.9009e-04  5.9786e-05     3.4535e-03  7.1173e-04 
1.3357e+01     1.3718e-05  6.1575e-06     1.8323e-04  8.2248e-05     1.4167e-04  6.3594e-05     1.8924e-03  8.4944e-04 
1.4987e+01     3.4931e-06  2.2765e-06     5.2352e-05  3.4118e-05     4.0478e-05  2.6380e-05     6.0665e-04  3.9536e-04 
1.6816e+01     1.0378e-06  6.3854e-07     1.7451e-05  1.0738e-05     1.3493e-05  8.3022e-06     2.2689e-04  1.3961e-04 
1.8868e+01     4.6245e-07  4.0527e-07     8.7254e-06  7.6466e-06     6.7463e-06  5.9122e-06     1.2729e-04  1.1155e-04 
2.1170e+01     0.0000e+00  0.0000e+00     0.0000e+00  0.0000e+00     0.0000e+00  0.0000e+00     0.0000e+00  0.0000e+00 
2.3753e+01     3.6734e-07  3.0884e-07     8.7254e-06  7.3360e-06     6.7463e-06  5.6721e-06     1.6025e-04  1.3473e-04 
2.6651e+01     0.0000e+00  0.0000e+00     0.0000e+00  0.0000e+00     0.0000e+00  0.0000e+00     0.0000e+00  0.0000e+00 
2.9903e+01     2.9179e-07  2.1721e-07     8.7254e-06  6.4954e-06     6.7463e-06  5.0222e-06     2.0174e-04  1.5018e-04 
3.3552e+01     0.0000e+00  0.0000e+00     0.0000e+00  0.0000e+00     0.0000e+00  0.0000e+00     0.0000e+00  0.0000e+00 
3.7646e+01     0.0000e+00  0.0000e+00     0.0000e+00  0.0000e+00     0.0000e+00  0.0000e+00     0.0000e+00  0.0000e+00 
4.2240e+01     0.0000e+00  0.0000e+00     0.0000e+00  0.0000e+00     0.0000e+00  0.0000e+00     0.0000e+00  0.0000e+00 
4.7394e+01     1.8410e-07  2.2234e-07     8.7254e-06  1.0537e-05     6.7463e-06  8.1473e-06     3.1973e-04  3.8613e-04 
5.3176e+01     0.0000e+00  0.0000e+00     0.0000e+00  0.0000e+00     0.0000e+00  0.0000e+00     0.0000e+00  0.0000e+00 
5.9665e+01     0.0000e+00  0.0000e+00     0.0000e+00  0.0000e+00     0.0000e+00  0.0000e+00     0.0000e+00  0.0000e+00 
6.6945e+01     1.3034e-07  3.0965e-07     8.7254e-06  2.0730e-05     6.7463e-06  1.6028e-05     4.5163e-04  1.0730e-03 
7.5114e+01     0.0000e+00  0.0000e+00     0.0000e+00  0.0000e+00     0.0000e+00  0.0000e+00     0.0000e+00  0.0000e+00 
8.4279e+01     0.0000e+00  0.0000e+00     0.0000e+00  0.0000e+00     0.0000e+00  0.0000e+00     0.0000e+00  0.0000e+00 
9.4563e+01     0.0000e+00  0.0000e+00     0.0000e+00  0.0000e+00     0.0000e+00  0.0000e+00     0.0000e+00  0.0000e+00 
1.0610e+02     0.0000e+00  0.0000e+00     0.0000e+00  0.0000e+00     0.0000e+00  0.0000e+00     0.0000e+00  0.0000e+00 
1.1905e+02     0.0000e+00  0.0000e+00     0.0000e+00  0.0000e+00     0.0000e+00  0.0000e+00     0.0000e+00  0.0000e+00 
1.3357e+02     1.3065e-07  5.7696e-08     1.7451e-05  7.7066e-06     1.3493e-05  5.9587e-06     1.8023e-03  7.9593e-04 
1.4987e+02     0.0000e+00  0.0000e+00     0.0000e+00  0.0000e+00     0.0000e+00  0.0000e+00     0.0000e+00  0.0000e+00 
1.6816e+02     1.0378e-07  7.0807e-08     1.7451e-05  1.1907e-05     1.3493e-05  9.2062e-06     2.2689e-03  1.5481e-03 
1.8868e+02     0.0000e+00  0.0000e+00     0.0000e+00  0.0000e+00     0.0000e+00  0.0000e+00     0.0000e+00  0.0000e+00 
2.1170e+02     4.1216e-08  1.8888e-08     8.7254e-06  3.9986e-06     6.7463e-06  3.0917e-06     1.4282e-03  6.5452e-04 
2.3753e+02     0.0000e+00  0.0000e+00     0.0000e+00  0.0000e+00     0.0000e+00  0.0000e+00     0.0000e+00  0.0000e+00 
2.6651e+02     6.5478e-08  4.1780e-08     1.7451e-05  1.1135e-05     1.3493e-05  8.6094e-06     3.5960e-03  2.2945e-03 
2.9903e+02     2.9179e-08  5.8358e-08     8.7254e-06  1.7451e-05     6.7463e-06  1.3493e-05     2.0174e-03  4.0348e-03 
3.3552e+02     0.0000e+00  0.0000e+00     0.0000e+00  0.0000e+00     0.0000e+00  0.0000e+00     0.0000e+00  0.0000e+00 
3.7646e+02     2.3177e-08  1.2711e-08     8.7254e-06  4.7851e-06     6.7463e-06  3.6998e-06     2.5397e-03  1.3928e-03 
4.2240e+02     2.0657e-08  3.5944e-08     8.7254e-06  1.5183e-05     6.7463e-06  1.1739e-05     2.8496e-03  4.9585e-03 
4.7394e+02     0.0000e+00  0.0000e+00     0.0000e+00  0.0000e+00     0.0000e+00  0.0000e+00     0.0000e+00  0.0000e+00 
5.3176e+02     0.0000e+00  0.0000e+00     0.0000e+00  0.0000e+00     0.0000e+00  0.0000e+00     0.0000e+00  0.0000e+00 
5.9665e+02     0.0000e+00  0.0000e+00     0.0000e+00  0.0000e+00     0.0000e+00  0.0000e+00     0.0000e+00  0.0000e+00 
6.6945e+02     2.6067e-08  5.0156e-09     1.7451e-05  3.3577e-06     1.3493e-05  2.5963e-06     9.0327e-03  1.7381e-03 
7.5114e+02     1.1616e-08  1.2838e-08     8.7254e-06  9.6430e-06     6.7463e-06  7.4558e-06     5.0674e-03  5.6003e-03 
8.4279e+02     0.0000e+00  0.0000e+00     0.0000e+00  0.0000e+00     0.0000e+00  0.0000e+00     0.0000e+00  0.0000e+00 
9.4563e+02     0.0000e+00  0.0000e+00     0.0000e+00  0.0000e+00     0.0000e+00  0.0000e+00     0.0000e+00  0.0000e+00 
1.0610e+03     0.0000e+00  0.0000e+00     0.0000e+00  0.0000e+00     0.0000e+00  0.0000e+00     0.0000e+00  0.0000e+00 
1.1905e+03     0.0000e+00  0.0000e+00     0.0000e+00  0.0000e+00     0.0000e+00  0.0000e+00     0.0000e+00  0.0000e+00 
1.3357e+03     0.0000e+00  0.0000e+00     0.0000e+00  0.0000e+00     0.0000e+00  0.0000e+00     0.0000e+00  0.0000e+00 
1.4987e+03     0.0000e+00  0.0000e+00     0.0000e+00  0.0000e+00     0.0000e+00  0.0000e+00     0.0000e+00  0.0000e+00 
1.6816e+03     0.0000e+00  0.0000e+00     0.0000e+00  0.0000e+00     0.0000e+00  0.0000e+00     0.0000e+00  0.0000e+00 
1.8868e+03     0.0000e+00  0.0000e+00     0.0000e+00  0.0000e+00     0.0000e+00  0.0000e+00     0.0000e+00  0.0000e+00 
2.1170e+03     0.0000e+00  0.0000e+00     0.0000e+00  0.0000e+00     0.0000e+00  0.0000e+00     0.0000e+00  0.0000e+00 
2.3753e+03     0.0000e+00  0.0000e+00     0.0000e+00  0.0000e+00     0.0000e+00  0.0000e+00     0.0000e+00  0.0000e+00 
2.6651e+03     0.0000e+00  0.0000e+00     0.0000e+00  0.0000e+00     0.0000e+00  0.0000e+00     0.0000e+00  0.0000e+00 
2.9903e+03     0.0000e+00  0.0000e+00     0.0000e+00  0.0000e+00     0.0000e+00  0.0000e+00     0.0000e+00  0.0000e+00 
3.3552e+03     0.0000e+00  0.0000e+00     0.0000e+00  0.0000e+00     0.0000e+00  0.0000e+00     0.0000e+00  0.0000e+00 
3.7646e+03     0.0000e+00  0.0000e+00     0.0000e+00  0.0000e+00     0.0000e+00  0.0000e+00     0.0000e+00  0.0000e+00 
4.2240e+03     0.0000e+00  0.0000e+00     0.0000e+00  0.0000e+00     0.0000e+00  0.0000e+00     0.0000e+00  0.0000e+00 
4.7394e+03     0.0000e+00  0.0000e+00     0.0000e+00  0.0000e+00     0.0000e+00  0.0000e+00     0.0000e+00  0.0000e+00 
5.3176e+03     0.0000e+00  0.0000e+00     0.0000e+00  0.0000e+00     0.0000e+00  0.0000e+00     0.0000e+00  0.0000e+00 
5.9665e+03     0.0000e+00  0.0000e+00     0.0000e+00  0.0000e+00     0.0000e+00  0.0000e+00     0.0000e+00  0.0000e+00 
6.6945e+03     0.0000e+00  0.0000e+00     0.0000e+00  0.0000e+00     0.0000e+00  0.0000e+00     0.0000e+00  0.0000e+00 
7.5114e+03     0.0000e+00  0.0000e+00     0.0000e+00  0.0000e+00     0.0000e+00  0.0000e+00     0.0000e+00  0.0000e+00 
8.4279e+03     0.0000e+00  0.0000e+00     0.0000e+00  0.0000e+00     0.0000e+00  0.0000e+00     0.0000e+00  0.0000e+00 
9.4563e+03     0.0000e+00  0.0000e+00     0.0000e+00  0.0000e+00     0.0000e+00  0.0000e+00     0.0000e+00  0.0000e+00 
