yF = 1.1712e+00 (std: 3.6416e-03) keV/um
yD = 3.3849e+00 (std: 1.1562e+00) keV/um
y (keV/um)     f(y)(std)                  yf(y)(std)                 d(y)(std)                  yd(y)(std)  
1.0610e-03     0.0000e+00  0.0000e+00     0.0000e+00  0.0000e+00     0.0000e+00  0.0000e+00     0.0000e+00  0.0000e+00 
1.1905e-03     0.0000e+00  0.0000e+00     0.0000e+00  0.0000e+00     0.0000e+00  0.0000e+00     0.0000e+00  0.0000e+00 
1.3357e-03     6.5312e-03  2.9207e-03     8.7240e-06  3.9013e-06     7.4491e-06  3.3312e-06     9.9499e-09  4.4496e-09 
1.4987e-03     0.0000e+00  0.0000e+00     0.0000e+00  0.0000e+00     0.0000e+00  0.0000e+00     0.0000e+00  0.0000e+00 
1.6816e-03     5.1880e-03  4.7602e-03     8.7240e-06  8.0046e-06     7.4491e-06  6.8349e-06     1.2526e-08  1.1493e-08 
1.8868e-03     0.0000e+00  0.0000e+00     0.0000e+00  0.0000e+00     0.0000e+00  0.0000e+00     0.0000e+00  0.0000e+00 
2.1170e-03     0.0000e+00  0.0000e+00     0.0000e+00  0.0000e+00     0.0000e+00  0.0000e+00     0.0000e+00  0.0000e+00 
2.3753e-03     7.3456e-03  3.2313e-03     1.7448e-05  7.6753e-06     1.4898e-05  6.5538e-06     3.5388e-08  1.5567e-08 
2.6651e-03     0.0000e+00  0.0000e+00     0.0000e+00  0.0000e+00     0.0000e+00  0.0000e+00     0.0000e+00  0.0000e+00 
2.9903e-03     0.0000e+00  0.0000e+00     0.0000e+00  0.0000e+00     0.0000e+00  0.0000e+00     0.0000e+00  0.0000e+00 
3.3552e-03     7.8004e-03  4.9217e-03     2.6172e-05  1.6513e-05     2.2347e-05  1.4100e-05     7.4979e-08  4.7309e-08 
3.7646e-03     2.3174e-03  1.1623e-02     8.7240e-06  4.3755e-05     7.4491e-06  3.7360e-05     2.8043e-08  1.4065e-07 
4.2240e-03     4.1307e-03  2.6314e-03     1.7448e-05  1.1115e-05     1.4898e-05  9.4907e-06     6.2929e-08  4.0088e-08 
4.7394e-03     7.3630e-03  4.0087e-03     3.4896e-05  1.8999e-05     2.9796e-05  1.6222e-05     1.4121e-07  7.6884e-08 
5.3176e-03     9.8434e-03  5.3430e-03     5.2344e-05  2.8412e-05     4.4694e-05  2.4261e-05     2.3767e-07  1.2901e-07 
5.9665e-03     5.8487e-03  3.6221e-03     3.4896e-05  2.1611e-05     2.9796e-05  1.8453e-05     1.7778e-07  1.1010e-07 
6.6945e-03     5.2126e-03  7.7454e-03     3.4896e-05  5.1851e-05     2.9796e-05  4.4274e-05     1.9947e-07  2.9639e-07 
7.5114e-03     2.3229e-03  1.6711e-03     1.7448e-05  1.2552e-05     1.4898e-05  1.0718e-05     1.1191e-07  8.0505e-08 
8.4279e-03     0.0000e+00  0.0000e+00     0.0000e+00  0.0000e+00     0.0000e+00  0.0000e+00     0.0000e+00  0.0000e+00 
9.4563e-03     0.0000e+00  0.0000e+00     0.0000e+00  0.0000e+00     0.0000e+00  0.0000e+00     0.0000e+00  0.0000e+00 
1.0610e-02     0.0000e+00  0.0000e+00     0.0000e+00  0.0000e+00     0.0000e+00  0.0000e+00     0.0000e+00  0.0000e+00 
1.1905e-02     1.1066e-01  1.5261e-02     1.3173e-03  1.8168e-04     1.1248e-03  1.5517e-04     1.3391e-05  1.8472e-06 
1.3357e-02     9.6662e-02  9.2245e-03     1.2912e-03  1.2321e-04     1.1025e-03  1.0526e-04     1.4726e-05  1.4060e-06 
1.4987e-02     7.1016e-02  1.3702e-02     1.0643e-03  2.0535e-04     9.0879e-04  1.7536e-04     1.3620e-05  2.6282e-06 
1.6816e-02     6.1737e-02  1.1338e-02     1.0382e-03  1.9067e-04     8.8644e-04  1.6283e-04     1.4906e-05  2.7380e-06 
1.8868e-02     4.9937e-02  7.3809e-03     9.4219e-04  1.3926e-04     8.0450e-04  1.1894e-04     1.5179e-05  2.2440e-06 
2.1170e-02     3.8325e-02  4.6193e-03     8.1133e-04  9.7790e-05     6.9276e-04  8.3527e-05     1.4666e-05  1.7683e-06 
2.3753e-02     4.9583e-02  1.1519e-02     1.1777e-03  2.7361e-04     1.0056e-03  2.3364e-04     2.3887e-05  5.5497e-06 
2.6651e-02     6.3504e-02  7.6629e-03     1.6925e-03  2.0423e-04     1.4451e-03  1.7444e-04     3.8514e-05  4.6490e-06 
2.9903e-02     7.2060e-02  2.4207e-02     2.1548e-03  7.2387e-04     1.8399e-03  6.1811e-04     5.5020e-05  1.8483e-05 
3.3552e-02     7.0204e-02  8.7011e-03     2.3555e-03  2.9194e-04     2.0112e-03  2.4935e-04     6.7481e-05  8.3664e-06 
3.7646e-02     7.4619e-02  3.5249e-03     2.8091e-03  1.3270e-04     2.3986e-03  1.1355e-04     9.0298e-05  4.2748e-06 
4.2240e-02     7.8277e-02  8.8027e-03     3.3064e-03  3.7182e-04     2.8232e-03  3.1761e-04     1.1925e-04  1.3416e-05 
4.7394e-02     8.0441e-02  3.5731e-03     3.8124e-03  1.6934e-04     3.2552e-03  1.4495e-04     1.5428e-04  6.8695e-06 
5.3176e-02     8.3997e-02  8.6225e-03     4.4667e-03  4.5852e-04     3.8139e-03  3.9169e-04     2.0281e-04  2.0829e-05 
5.9665e-02     9.8404e-02  5.0091e-03     5.8712e-03  2.9887e-04     5.0132e-03  2.5567e-04     2.9911e-04  1.5254e-05 
6.6945e-02     1.0373e-01  7.0199e-03     6.9443e-03  4.6995e-04     5.9295e-03  4.0169e-04     3.9695e-04  2.6891e-05 
7.5114e-02     1.0848e-01  6.2823e-03     8.1482e-03  4.7189e-04     6.9574e-03  4.0351e-04     5.2260e-04  3.0309e-05 
8.4279e-02     1.2453e-01  8.8852e-03     1.0495e-02  7.4883e-04     8.9612e-03  6.4000e-04     7.5524e-04  5.3939e-05 
9.4563e-02     1.2252e-01  4.4429e-03     1.1585e-02  4.2013e-04     9.8924e-03  3.6005e-04     9.3545e-04  3.4047e-05 
1.0610e-01     1.4628e-01  1.2388e-02     1.5520e-02  1.3143e-03     1.3252e-02  1.1230e-03     1.4060e-03  1.1915e-04 
1.1905e-01     1.5844e-01  3.4432e-03     1.8861e-02  4.0991e-04     1.6105e-02  3.5357e-04     1.9172e-03  4.2091e-05 
1.3357e-01     1.6700e-01  3.7023e-03     2.2307e-02  4.9453e-04     1.9047e-02  4.2639e-04     2.5442e-03  5.6955e-05 
1.4987e-01     1.8231e-01  4.5474e-03     2.7324e-02  6.8153e-04     2.3330e-02  5.8644e-04     3.4966e-03  8.7890e-05 
1.6816e-01     1.9688e-01  3.5248e-03     3.3108e-02  5.9273e-04     2.8269e-02  5.1368e-04     4.7537e-03  8.6380e-05 
1.8868e-01     2.1981e-01  5.8854e-03     4.1474e-02  1.1104e-03     3.5413e-02  9.5453e-04     6.6816e-03  1.8010e-04 
2.1170e-01     2.4289e-01  5.7019e-03     5.1419e-02  1.2071e-03     4.3905e-02  1.0397e-03     9.2946e-03  2.2010e-04 
2.3753e-01     2.6936e-01  5.0367e-03     6.3982e-02  1.1964e-03     5.4631e-02  1.0355e-03     1.2977e-02  2.4597e-04 
2.6651e-01     2.9739e-01  4.7727e-03     7.9257e-02  1.2720e-03     6.7675e-02  1.1063e-03     1.8036e-02  2.9484e-04 
2.9903e-01     3.2051e-01  7.8265e-03     9.5842e-02  2.3404e-03     8.1835e-02  2.0145e-03     2.4471e-02  6.0240e-04 
3.3552e-01     3.5861e-01  3.5799e-03     1.2032e-01  1.2011e-03     1.0274e-01  1.0742e-03     3.4471e-02  3.6042e-04 
3.7646e-01     3.9428e-01  5.2950e-03     1.4843e-01  1.9934e-03     1.2674e-01  1.7471e-03     4.7712e-02  6.5771e-04 
4.2240e-01     4.4126e-01  3.1214e-03     1.8639e-01  1.3184e-03     1.5915e-01  1.2297e-03     6.7224e-02  5.1943e-04 
4.7394e-01     4.8835e-01  3.8201e-03     2.3145e-01  1.8105e-03     1.9762e-01  1.6636e-03     9.3661e-02  7.8842e-04 
5.3176e-01     5.4621e-01  7.2588e-03     2.9046e-01  3.8599e-03     2.4801e-01  3.3849e-03     1.3188e-01  1.8000e-03 
5.9665e-01     6.2005e-01  2.9811e-03     3.6995e-01  1.7787e-03     3.1588e-01  1.8087e-03     1.8847e-01  1.0791e-03 
6.6945e-01     6.9803e-01  4.9747e-03     4.6730e-01  3.3303e-03     3.9901e-01  3.1025e-03     2.6712e-01  2.0770e-03 
7.5114e-01     7.7341e-01  8.0419e-03     5.8094e-01  6.0406e-03     4.9604e-01  5.3835e-03     3.7259e-01  4.0437e-03 
8.4279e-01     8.4454e-01  3.9564e-03     7.1177e-01  3.3344e-03     6.0775e-01  3.4172e-03     5.1221e-01  2.8800e-03 
9.4563e-01     8.5380e-01  5.2010e-03     8.0737e-01  4.9182e-03     6.8938e-01  4.7149e-03     6.5190e-01  4.4585e-03 
1.0610e+00     7.9216e-01  3.8967e-03     8.4049e-01  4.1344e-03     7.1766e-01  4.1764e-03     7.6144e-01  4.4312e-03 
1.1905e+00     6.4801e-01  4.2460e-03     7.7144e-01  5.0547e-03     6.5870e-01  4.7773e-03     7.8416e-01  5.6873e-03 
1.3357e+00     4.8139e-01  2.0573e-03     6.4300e-01  2.7480e-03     5.4903e-01  2.9018e-03     7.3336e-01  3.8760e-03 
1.4987e+00     3.2807e-01  2.5509e-03     4.9168e-01  3.8231e-03     4.1983e-01  3.5157e-03     6.2920e-01  5.2691e-03 
1.6816e+00     2.1787e-01  3.3830e-03     3.6636e-01  5.6889e-03     3.1282e-01  4.9539e-03     5.2604e-01  8.3304e-03 
1.8868e+00     1.4444e-01  2.3337e-03     2.7252e-01  4.4032e-03     2.3269e-01  3.8287e-03     4.3904e-01  7.2238e-03 
2.1170e+00     9.6475e-02  6.5074e-04     2.0424e-01  1.3776e-03     1.7439e-01  1.2953e-03     3.6918e-01  2.7421e-03 
2.3753e+00     6.6632e-02  8.9791e-04     1.5827e-01  2.1328e-03     1.3514e-01  1.8690e-03     3.2100e-01  4.4394e-03 
2.6651e+00     4.5991e-02  6.6334e-04     1.2257e-01  1.7679e-03     1.0466e-01  1.5442e-03     2.7893e-01  4.1155e-03 
2.9903e+00     3.2421e-02  3.4747e-04     9.6950e-02  1.0391e-03     8.2781e-02  9.2380e-04     2.4754e-01  2.7625e-03 
3.3552e+00     2.2684e-02  7.2285e-04     7.6108e-02  2.4253e-03     6.4986e-02  2.0807e-03     2.1804e-01  6.9813e-03 
3.7646e+00     1.6127e-02  2.4090e-04     6.0710e-02  9.0690e-04     5.1838e-02  7.9097e-04     1.9515e-01  2.9777e-03 
4.2240e+00     1.1314e-02  1.9164e-04     4.7790e-02  8.0948e-04     4.0806e-02  7.0273e-04     1.7236e-01  2.9683e-03 
4.7394e+00     7.7551e-03  2.8428e-04     3.6754e-02  1.3473e-03     3.1383e-02  1.1545e-03     1.4873e-01  5.4717e-03 
5.3176e+00     4.9496e-03  1.6476e-04     2.6320e-02  8.7612e-04     2.2474e-02  7.5134e-04     1.1951e-01  3.9954e-03 
5.9665e+00     3.2328e-03  1.0862e-04     1.9289e-02  6.4808e-04     1.6470e-02  5.5574e-04     9.8267e-02  3.3158e-03 
6.6945e+00     1.7879e-03  5.5288e-05     1.1969e-02  3.7013e-04     1.0220e-02  3.1763e-04     6.8419e-02  2.1264e-03 
7.5114e+00     9.6864e-04  4.9544e-05     7.2758e-03  3.7214e-04     6.2125e-03  3.1834e-04     4.6665e-02  2.3912e-03 
8.4279e+00     4.4925e-04  5.8125e-05     3.7862e-03  4.8987e-04     3.2329e-03  4.1840e-04     2.7246e-02  3.5263e-03 
9.4563e+00     1.8636e-04  6.1852e-05     1.7622e-03  5.8489e-04     1.5047e-03  4.9943e-04     1.4229e-02  4.7228e-03 
1.0610e+01     6.0845e-05  1.8383e-05     6.4558e-04  1.9504e-04     5.5123e-04  1.6655e-04     5.8486e-03  1.7671e-03 
1.1905e+01     1.9053e-05  4.9046e-06     2.2682e-04  5.8388e-05     1.9368e-04  4.9859e-05     2.3057e-03  5.9356e-04 
1.3357e+01     9.1437e-06  2.8391e-06     1.2214e-04  3.7923e-05     1.0429e-04  3.2382e-05     1.3930e-03  4.3254e-04 
1.4987e+01     2.3284e-06  8.8993e-07     3.4896e-05  1.3337e-05     2.9796e-05  1.1389e-05     4.4656e-04  1.7068e-04 
1.6816e+01     5.1880e-07  2.8927e-07     8.7240e-06  4.8644e-06     7.4491e-06  4.1536e-06     1.2526e-04  6.9846e-05 
1.8868e+01     4.6238e-07  7.1693e-07     8.7240e-06  1.3527e-05     7.4491e-06  1.1550e-05     1.4055e-04  2.1792e-04 
2.1170e+01     0.0000e+00  0.0000e+00     0.0000e+00  0.0000e+00     0.0000e+00  0.0000e+00     0.0000e+00  0.0000e+00 
2.3753e+01     0.0000e+00  0.0000e+00     0.0000e+00  0.0000e+00     0.0000e+00  0.0000e+00     0.0000e+00  0.0000e+00 
2.6651e+01     0.0000e+00  0.0000e+00     0.0000e+00  0.0000e+00     0.0000e+00  0.0000e+00     0.0000e+00  0.0000e+00 
2.9903e+01     2.9174e-07  2.4209e-07     8.7240e-06  7.2392e-06     7.4491e-06  6.1813e-06     2.2275e-04  1.8484e-04 
3.3552e+01     0.0000e+00  0.0000e+00     0.0000e+00  0.0000e+00     0.0000e+00  0.0000e+00     0.0000e+00  0.0000e+00 
3.7646e+01     0.0000e+00  0.0000e+00     0.0000e+00  0.0000e+00     0.0000e+00  0.0000e+00     0.0000e+00  0.0000e+00 
4.2240e+01     2.0654e-07  1.3306e-07     8.7240e-06  5.6203e-06     7.4491e-06  4.7990e-06     3.1464e-04  2.0271e-04 
4.7394e+01     1.8408e-07  2.8542e-07     8.7240e-06  1.3527e-05     7.4491e-06  1.1550e-05     3.5304e-04  5.4740e-04 
5.3176e+01     0.0000e+00  0.0000e+00     0.0000e+00  0.0000e+00     0.0000e+00  0.0000e+00     0.0000e+00  0.0000e+00 
5.9665e+01     0.0000e+00  0.0000e+00     0.0000e+00  0.0000e+00     0.0000e+00  0.0000e+00     0.0000e+00  0.0000e+00 
6.6945e+01     0.0000e+00  0.0000e+00     0.0000e+00  0.0000e+00     0.0000e+00  0.0000e+00     0.0000e+00  0.0000e+00 
7.5114e+01     0.0000e+00  0.0000e+00     0.0000e+00  0.0000e+00     0.0000e+00  0.0000e+00     0.0000e+00  0.0000e+00 
8.4279e+01     1.0351e-07  7.5283e-08     8.7240e-06  6.3448e-06     7.4491e-06  5.4176e-06     6.2780e-04  4.5659e-04 
9.4563e+01     0.0000e+00  0.0000e+00     0.0000e+00  0.0000e+00     0.0000e+00  0.0000e+00     0.0000e+00  0.0000e+00 
1.0610e+02     0.0000e+00  0.0000e+00     0.0000e+00  0.0000e+00     0.0000e+00  0.0000e+00     0.0000e+00  0.0000e+00 
1.1905e+02     0.0000e+00  0.0000e+00     0.0000e+00  0.0000e+00     0.0000e+00  0.0000e+00     0.0000e+00  0.0000e+00 
1.3357e+02     0.0000e+00  0.0000e+00     0.0000e+00  0.0000e+00     0.0000e+00  0.0000e+00     0.0000e+00  0.0000e+00 
1.4987e+02     0.0000e+00  0.0000e+00     0.0000e+00  0.0000e+00     0.0000e+00  0.0000e+00     0.0000e+00  0.0000e+00 
1.6816e+02     5.1880e-08  2.5949e-08     8.7240e-06  4.3635e-06     7.4491e-06  3.7259e-06     1.2526e-03  6.2654e-04 
1.8868e+02     4.6238e-08  2.1689e-08     8.7240e-06  4.0922e-06     7.4491e-06  3.4942e-06     1.4055e-03  6.5928e-04 
2.1170e+02     8.2419e-08  9.2383e-08     1.7448e-05  1.9557e-05     1.4898e-05  1.6699e-05     3.1539e-03  3.5352e-03 
2.3753e+02     0.0000e+00  0.0000e+00     0.0000e+00  0.0000e+00     0.0000e+00  0.0000e+00     0.0000e+00  0.0000e+00 
2.6651e+02     6.5468e-08  4.1814e-08     1.7448e-05  1.1144e-05     1.4898e-05  9.5155e-06     3.9705e-03  2.5360e-03 
2.9903e+02     2.9174e-08  8.2505e-09     8.7240e-06  2.4672e-06     7.4491e-06  2.1068e-06     2.2275e-03  6.2999e-04 
3.3552e+02     2.6001e-08  1.3041e-07     8.7240e-06  4.3755e-05     7.4491e-06  3.7360e-05     2.4993e-03  1.2535e-02 
3.7646e+02     0.0000e+00  0.0000e+00     0.0000e+00  0.0000e+00     0.0000e+00  0.0000e+00     0.0000e+00  0.0000e+00 
4.2240e+02     0.0000e+00  0.0000e+00     0.0000e+00  0.0000e+00     0.0000e+00  0.0000e+00     0.0000e+00  0.0000e+00 
4.7394e+02     3.6815e-08  1.4038e-08     1.7448e-05  6.6529e-06     1.4898e-05  5.6809e-06     7.0607e-03  2.6924e-03 
5.3176e+02     0.0000e+00  0.0000e+00     0.0000e+00  0.0000e+00     0.0000e+00  0.0000e+00     0.0000e+00  0.0000e+00 
5.9665e+02     0.0000e+00  0.0000e+00     0.0000e+00  0.0000e+00     0.0000e+00  0.0000e+00     0.0000e+00  0.0000e+00 
6.6945e+02     0.0000e+00  0.0000e+00     0.0000e+00  0.0000e+00     0.0000e+00  0.0000e+00     0.0000e+00  0.0000e+00 
7.5114e+02     0.0000e+00  0.0000e+00     0.0000e+00  0.0000e+00     0.0000e+00  0.0000e+00     0.0000e+00  0.0000e+00 
8.4279e+02     0.0000e+00  0.0000e+00     0.0000e+00  0.0000e+00     0.0000e+00  0.0000e+00     0.0000e+00  0.0000e+00 
9.4563e+02     9.2256e-09  1.2439e-08     8.7240e-06  1.1763e-05     7.4491e-06  1.0044e-05     7.0440e-03  9.4978e-03 
1.0610e+03     0.0000e+00  0.0000e+00     0.0000e+00  0.0000e+00     0.0000e+00  0.0000e+00     0.0000e+00  0.0000e+00 
1.1905e+03     0.0000e+00  0.0000e+00     0.0000e+00  0.0000e+00     0.0000e+00  0.0000e+00     0.0000e+00  0.0000e+00 
1.3357e+03     0.0000e+00  0.0000e+00     0.0000e+00  0.0000e+00     0.0000e+00  0.0000e+00     0.0000e+00  0.0000e+00 
1.4987e+03     0.0000e+00  0.0000e+00     0.0000e+00  0.0000e+00     0.0000e+00  0.0000e+00     0.0000e+00  0.0000e+00 
1.6816e+03     0.0000e+00  0.0000e+00     0.0000e+00  0.0000e+00     0.0000e+00  0.0000e+00     0.0000e+00  0.0000e+00 
1.8868e+03     0.0000e+00  0.0000e+00     0.0000e+00  0.0000e+00     0.0000e+00  0.0000e+00     0.0000e+00  0.0000e+00 
2.1170e+03     0.0000e+00  0.0000e+00     0.0000e+00  0.0000e+00     0.0000e+00  0.0000e+00     0.0000e+00  0.0000e+00 
2.3753e+03     0.0000e+00  0.0000e+00     0.0000e+00  0.0000e+00     0.0000e+00  0.0000e+00     0.0000e+00  0.0000e+00 
2.6651e+03     0.0000e+00  0.0000e+00     0.0000e+00  0.0000e+00     0.0000e+00  0.0000e+00     0.0000e+00  0.0000e+00 
2.9903e+03     0.0000e+00  0.0000e+00     0.0000e+00  0.0000e+00     0.0000e+00  0.0000e+00     0.0000e+00  0.0000e+00 
3.3552e+03     0.0000e+00  0.0000e+00     0.0000e+00  0.0000e+00     0.0000e+00  0.0000e+00     0.0000e+00  0.0000e+00 
3.7646e+03     0.0000e+00  0.0000e+00     0.0000e+00  0.0000e+00     0.0000e+00  0.0000e+00     0.0000e+00  0.0000e+00 
4.2240e+03     0.0000e+00  0.0000e+00     0.0000e+00  0.0000e+00     0.0000e+00  0.0000e+00     0.0000e+00  0.0000e+00 
4.7394e+03     0.0000e+00  0.0000e+00     0.0000e+00  0.0000e+00     0.0000e+00  0.0000e+00     0.0000e+00  0.0000e+00 
5.3176e+03     0.0000e+00  0.0000e+00     0.0000e+00  0.0000e+00     0.0000e+00  0.0000e+00     0.0000e+00  0.0000e+00 
5.9665e+03     0.0000e+00  0.0000e+00     0.0000e+00  0.0000e+00     0.0000e+00  0.0000e+00     0.0000e+00  0.0000e+00 
6.6945e+03     0.0000e+00  0.0000e+00     0.0000e+00  0.0000e+00     0.0000e+00  0.0000e+00     0.0000e+00  0.0000e+00 
7.5114e+03     0.0000e+00  0.0000e+00     0.0000e+00  0.0000e+00     0.0000e+00  0.0000e+00     0.0000e+00  0.0000e+00 
8.4279e+03     0.0000e+00  0.0000e+00     0.0000e+00  0.0000e+00     0.0000e+00  0.0000e+00     0.0000e+00  0.0000e+00 
9.4563e+03     0.0000e+00  0.0000e+00     0.0000e+00  0.0000e+00     0.0000e+00  0.0000e+00     0.0000e+00  0.0000e+00 
