yF = 1.0065e+00 (std: 5.0946e-03) keV/um
yD = 3.1696e+00 (std: 3.0635e+00) keV/um
y (keV/um)     f(y)(std)                  yf(y)(std)                 d(y)(std)                  yd(y)(std)  
1.0610e-03     0.0000e+00  0.0000e+00     0.0000e+00  0.0000e+00     0.0000e+00  0.0000e+00     0.0000e+00  0.0000e+00 
1.1905e-03     0.0000e+00  0.0000e+00     0.0000e+00  0.0000e+00     0.0000e+00  0.0000e+00     0.0000e+00  0.0000e+00 
1.3357e-03     6.5301e-03  4.4769e-03     8.7224e-06  5.9800e-06     8.6662e-06  5.9415e-06     1.1576e-08  7.9363e-09 
1.4987e-03     0.0000e+00  0.0000e+00     0.0000e+00  0.0000e+00     0.0000e+00  0.0000e+00     0.0000e+00  0.0000e+00 
1.6816e-03     5.1870e-03  4.1966e-03     8.7224e-06  7.0569e-06     8.6662e-06  7.0116e-06     1.4573e-08  1.1791e-08 
1.8868e-03     4.6229e-03  3.1694e-03     8.7224e-06  5.9800e-06     8.6662e-06  5.9415e-06     1.6351e-08  1.1210e-08 
2.1170e-03     0.0000e+00  0.0000e+00     0.0000e+00  0.0000e+00     0.0000e+00  0.0000e+00     0.0000e+00  0.0000e+00 
2.3753e-03     1.4689e-02  7.5530e-03     3.4890e-05  1.7941e-05     3.4665e-05  1.7826e-05     8.2339e-08  4.2342e-08 
2.6651e-03     6.5456e-03  3.7271e-03     1.7445e-05  9.9331e-06     1.7332e-05  9.8694e-06     4.6193e-08  2.6303e-08 
2.9903e-03     2.9169e-03  1.2713e-03     8.7224e-06  3.8015e-06     8.6662e-06  3.7773e-06     2.5915e-08  1.1295e-08 
3.3552e-03     7.7990e-03  3.5297e-03     2.6167e-05  1.1843e-05     2.5998e-05  1.1767e-05     8.7230e-08  3.9481e-08 
3.7646e-03     9.2678e-03  4.6696e-03     3.4890e-05  1.7579e-05     3.4665e-05  1.7467e-05     1.3050e-07  6.5755e-08 
4.2240e-03     2.0650e-03  1.4499e-03     8.7224e-06  6.1243e-06     8.6662e-06  6.0850e-06     3.6605e-08  2.5703e-08 
4.7394e-03     1.1043e-02  2.0309e-02     5.2335e-05  9.6253e-05     5.1997e-05  9.5633e-05     2.4643e-07  4.5324e-07 
5.3176e-03     1.1482e-02  1.4867e-02     6.1057e-05  7.9059e-05     6.0663e-05  7.8550e-05     3.2258e-07  4.1770e-07 
5.9665e-03     1.3157e-02  5.9638e-03     7.8502e-05  3.5583e-05     7.7995e-05  3.5356e-05     4.6536e-07  2.1095e-07 
6.6945e-03     5.2117e-03  8.2357e-03     3.4890e-05  5.5134e-05     3.4665e-05  5.4779e-05     2.3206e-07  3.6672e-07 
7.5114e-03     5.8062e-03  2.7218e-03     4.3612e-05  2.0445e-05     4.3331e-05  2.0314e-05     3.2547e-07  1.5259e-07 
8.4279e-03     0.0000e+00  0.0000e+00     0.0000e+00  0.0000e+00     0.0000e+00  0.0000e+00     0.0000e+00  0.0000e+00 
9.4563e-03     0.0000e+00  0.0000e+00     0.0000e+00  0.0000e+00     0.0000e+00  0.0000e+00     0.0000e+00  0.0000e+00 
1.0610e-02     0.0000e+00  0.0000e+00     0.0000e+00  0.0000e+00     0.0000e+00  0.0000e+00     0.0000e+00  0.0000e+00 
1.1905e-02     1.5680e-01  3.3418e-02     1.8666e-03  3.9784e-04     1.8546e-03  3.9538e-04     2.2078e-05  4.7069e-06 
1.3357e-02     1.3060e-01  3.1590e-02     1.7445e-03  4.2196e-04     1.7332e-03  4.1933e-04     2.3151e-05  5.6011e-06 
1.4987e-02     1.1232e-01  2.0640e-02     1.6834e-03  3.0934e-04     1.6726e-03  3.0746e-04     2.5067e-05  4.6079e-06 
1.6816e-02     7.9880e-02  9.2779e-03     1.3433e-03  1.5602e-04     1.3346e-03  1.5516e-04     2.2442e-05  2.6091e-06 
1.8868e-02     6.5646e-02  5.0385e-03     1.2386e-03  9.5064e-05     1.2306e-03  9.4656e-05     2.3219e-05  1.7859e-06 
2.1170e-02     6.2215e-02  1.2488e-02     1.3171e-03  2.6437e-04     1.3086e-03  2.6275e-04     2.7703e-05  5.5624e-06 
2.3753e-02     7.3075e-02  8.0914e-03     1.7358e-03  1.9220e-04     1.7246e-03  1.9116e-04     4.0964e-05  4.5405e-06 
2.6651e-02     9.8838e-02  5.9583e-03     2.6342e-03  1.5880e-04     2.6172e-03  1.5833e-04     6.9751e-05  4.2196e-06 
2.9903e-02     1.0297e-01  7.2218e-03     3.0790e-03  2.1596e-04     3.0592e-03  2.1512e-04     9.1479e-05  6.4328e-06 
3.3552e-02     9.3328e-02  9.2827e-03     3.1314e-03  3.1145e-04     3.1112e-03  3.0984e-04     1.0439e-04  1.0396e-05 
3.7646e-02     9.4069e-02  1.0262e-02     3.5413e-03  3.8634e-04     3.5185e-03  3.8426e-04     1.3246e-04  1.4466e-05 
4.2240e-02     1.1275e-01  1.4698e-02     4.7624e-03  6.2082e-04     4.7317e-03  6.1728e-04     1.9987e-04  2.6074e-05 
4.7394e-02     1.1300e-01  7.5609e-03     5.3556e-03  3.5834e-04     5.3210e-03  3.5704e-04     2.5218e-04  1.6922e-05 
5.3176e-02     1.2007e-01  8.0835e-03     6.3848e-03  4.2985e-04     6.3436e-03  4.2828e-04     3.3733e-04  2.2775e-05 
5.9665e-02     1.3947e-01  1.0835e-02     8.3212e-03  6.4646e-04     8.2675e-03  6.4365e-04     4.9328e-04  3.8403e-05 
6.6945e-02     1.3928e-01  9.2587e-03     9.3243e-03  6.1983e-04     9.2641e-03  6.1761e-04     6.2019e-04  4.1346e-05 
7.5114e-02     1.5096e-01  7.4225e-03     1.1339e-02  5.5753e-04     1.1266e-02  5.5686e-04     8.4623e-04  4.1828e-05 
8.4279e-02     1.6932e-01  4.0633e-03     1.4270e-02  3.4245e-04     1.4178e-02  3.4773e-04     1.1949e-03  2.9306e-05 
9.4563e-02     1.7812e-01  1.1291e-02     1.6843e-02  1.0677e-03     1.6734e-02  1.0642e-03     1.5824e-03  1.0063e-04 
1.0610e-01     1.9105e-01  4.1461e-03     2.0271e-02  4.3990e-04     2.0140e-02  4.4879e-04     2.1369e-03  4.7617e-05 
1.1905e-01     2.0926e-01  5.9351e-03     2.4911e-02  7.0655e-04     2.4751e-02  7.1308e-04     2.9465e-03  8.4891e-05 
1.3357e-01     2.2503e-01  6.4232e-03     3.0058e-02  8.5796e-04     2.9864e-02  8.6573e-04     3.9890e-03  1.1564e-04 
1.4987e-01     2.4979e-01  3.4772e-03     3.7437e-02  5.2113e-04     3.7195e-02  5.5093e-04     5.5745e-03  8.2569e-05 
1.6816e-01     2.7528e-01  1.0342e-02     4.6290e-02  1.7390e-03     4.5991e-02  1.7434e-03     7.7338e-03  2.9317e-04 
1.8868e-01     3.0419e-01  1.0170e-02     5.7394e-02  1.9189e-03     5.7023e-02  1.9282e-03     1.0759e-02  3.6381e-04 
2.1170e-01     3.3023e-01  5.1708e-03     6.9910e-02  1.0946e-03     6.9459e-02  1.1430e-03     1.4704e-02  2.4197e-04 
2.3753e-01     3.6310e-01  5.4520e-03     8.6247e-02  1.2950e-03     8.5691e-02  1.3578e-03     2.0354e-02  3.2252e-04 
2.6651e-01     3.9719e-01  4.2498e-03     1.0586e-01  1.1326e-03     1.0517e-01  1.2449e-03     2.8030e-02  3.3178e-04 
2.9903e-01     4.5608e-01  5.9631e-03     1.3638e-01  1.7832e-03     1.3550e-01  1.8998e-03     4.0520e-02  5.6810e-04 
3.3552e-01     4.9386e-01  4.2101e-03     1.6570e-01  1.4126e-03     1.6463e-01  1.6322e-03     5.5237e-02  5.4764e-04 
3.7646e-01     5.4618e-01  7.8995e-03     2.0561e-01  2.9739e-03     2.0429e-01  3.1304e-03     7.6906e-02  1.1785e-03 
4.2240e-01     6.0907e-01  4.3789e-03     2.5727e-01  1.8496e-03     2.5561e-01  2.2475e-03     1.0797e-01  9.4932e-04 
4.7394e-01     6.9097e-01  3.6968e-03     3.2748e-01  1.7521e-03     3.2536e-01  2.3964e-03     1.5420e-01  1.1357e-03 
5.3176e-01     7.6960e-01  5.4709e-03     4.0925e-01  2.9092e-03     4.0661e-01  3.5483e-03     2.1622e-01  1.8869e-03 
5.9665e-01     8.5877e-01  9.3264e-03     5.1238e-01  5.5646e-03     5.0908e-01  6.0997e-03     3.0374e-01  3.6394e-03 
6.6945e-01     9.4945e-01  6.9096e-03     6.3561e-01  4.6256e-03     6.3151e-01  5.5981e-03     4.2277e-01  3.7477e-03 
7.5114e-01     9.9363e-01  9.4099e-03     7.4635e-01  7.0681e-03     7.4154e-01  7.9627e-03     5.5700e-01  5.9811e-03 
8.4279e-01     9.6966e-01  4.3661e-03     8.1722e-01  3.6797e-03     8.1195e-01  5.5006e-03     6.8430e-01  4.6359e-03 
9.4563e-01     8.5169e-01  3.0669e-03     8.0538e-01  2.9002e-03     8.0018e-01  4.9707e-03     7.5667e-01  4.7004e-03 
1.0610e+00     6.7576e-01  3.6232e-03     7.1699e-01  3.8442e-03     7.1237e-01  5.2526e-03     7.5583e-01  5.5731e-03 
1.1905e+00     4.8455e-01  2.4091e-03     5.7684e-01  2.8680e-03     5.7312e-01  4.0664e-03     6.8228e-01  4.8409e-03 
1.3357e+00     3.2643e-01  2.2742e-03     4.3602e-01  3.0377e-03     4.3320e-01  3.7306e-03     5.7864e-01  4.9831e-03 
1.4987e+00     2.1670e-01  1.9526e-03     3.2477e-01  2.9264e-03     3.2268e-01  3.3349e-03     4.8360e-01  4.9980e-03 
1.6816e+00     1.4169e-01  1.1067e-03     2.3827e-01  1.8610e-03     2.3673e-01  2.2033e-03     3.9809e-01  3.7050e-03 
1.8868e+00     9.5787e-02  1.0311e-03     1.8073e-01  1.9454e-03     1.7956e-01  2.1359e-03     3.3879e-01  4.0299e-03 
2.1170e+00     6.6401e-02  1.0376e-03     1.4057e-01  2.1965e-03     1.3966e-01  2.2940e-03     2.9567e-01  4.8564e-03 
2.3753e+00     4.6647e-02  5.3357e-04     1.1080e-01  1.2674e-03     1.1009e-01  1.3770e-03     2.6149e-01  3.2708e-03 
2.6651e+00     3.3278e-02  4.4325e-04     8.8690e-02  1.1813e-03     8.8118e-02  1.2556e-03     2.3485e-01  3.3463e-03 
2.9903e+00     2.3460e-02  6.1121e-04     7.0155e-02  1.8277e-03     6.9702e-02  1.8499e-03     2.0843e-01  5.5318e-03 
3.3552e+00     1.7155e-02  2.6794e-04     5.7559e-02  8.9900e-04     5.7188e-02  9.3893e-04     1.9188e-01  3.1503e-03 
3.7646e+00     1.2023e-02  2.1778e-04     4.5261e-02  8.1987e-04     4.4969e-02  8.4578e-04     1.6929e-01  3.1840e-03 
4.2240e+00     8.1588e-03  1.9937e-04     3.4462e-02  8.4214e-04     3.4240e-02  8.5447e-04     1.4463e-01  3.6092e-03 
4.7394e+00     5.4513e-03  7.9726e-05     2.5836e-02  3.7785e-04     2.5669e-02  3.9726e-04     1.2166e-01  1.8828e-03 
5.3176e+00     3.6595e-03  1.0381e-04     1.9460e-02  5.5200e-04     1.9334e-02  5.5710e-04     1.0281e-01  2.9625e-03 
5.9665e+00     2.1929e-03  7.6782e-05     1.3084e-02  4.5812e-04     1.2999e-02  4.5989e-04     7.7560e-02  2.7440e-03 
6.6945e+00     1.2899e-03  7.1272e-05     8.6352e-03  4.7713e-04     8.5795e-03  4.7604e-04     5.7436e-02  3.1869e-03 
7.5114e+00     6.9093e-04  5.3916e-05     5.1898e-03  4.0499e-04     5.1564e-03  4.0322e-04     3.8731e-02  3.0287e-03 
8.4279e+00     3.3015e-04  2.2266e-05     2.7825e-03  1.8765e-04     2.7645e-03  1.8697e-04     2.3299e-02  1.5757e-03 
9.4563e+00     1.2637e-04  9.0192e-06     1.1950e-03  8.5288e-05     1.1873e-03  8.4950e-05     1.1227e-02  8.0331e-04 
1.0610e+01     4.9325e-05  7.1810e-06     5.2335e-04  7.6192e-05     5.1997e-04  7.5746e-05     5.5169e-03  8.0367e-04 
1.1905e+01     5.8615e-06  1.9462e-06     6.9779e-05  2.3168e-05     6.9329e-05  2.3022e-05     8.2535e-04  2.7407e-04 
1.3357e+01     6.5301e-06  9.8853e-06     8.7224e-05  1.3204e-04     8.6662e-05  1.3119e-04     1.1576e-03  1.7524e-03 
1.4987e+01     2.3280e-06  1.0598e-06     3.4890e-05  1.5883e-05     3.4665e-05  1.5782e-05     5.1952e-04  2.3652e-04 
1.6816e+01     0.0000e+00  0.0000e+00     0.0000e+00  0.0000e+00     0.0000e+00  0.0000e+00     0.0000e+00  0.0000e+00 
1.8868e+01     0.0000e+00  0.0000e+00     0.0000e+00  0.0000e+00     0.0000e+00  0.0000e+00     0.0000e+00  0.0000e+00 
2.1170e+01     0.0000e+00  0.0000e+00     0.0000e+00  0.0000e+00     0.0000e+00  0.0000e+00     0.0000e+00  0.0000e+00 
2.3753e+01     0.0000e+00  0.0000e+00     0.0000e+00  0.0000e+00     0.0000e+00  0.0000e+00     0.0000e+00  0.0000e+00 
2.6651e+01     0.0000e+00  0.0000e+00     0.0000e+00  0.0000e+00     0.0000e+00  0.0000e+00     0.0000e+00  0.0000e+00 
2.9903e+01     0.0000e+00  0.0000e+00     0.0000e+00  0.0000e+00     0.0000e+00  0.0000e+00     0.0000e+00  0.0000e+00 
3.3552e+01     0.0000e+00  0.0000e+00     0.0000e+00  0.0000e+00     0.0000e+00  0.0000e+00     0.0000e+00  0.0000e+00 
3.7646e+01     0.0000e+00  0.0000e+00     0.0000e+00  0.0000e+00     0.0000e+00  0.0000e+00     0.0000e+00  0.0000e+00 
4.2240e+01     0.0000e+00  0.0000e+00     0.0000e+00  0.0000e+00     0.0000e+00  0.0000e+00     0.0000e+00  0.0000e+00 
4.7394e+01     0.0000e+00  0.0000e+00     0.0000e+00  0.0000e+00     0.0000e+00  0.0000e+00     0.0000e+00  0.0000e+00 
5.3176e+01     0.0000e+00  0.0000e+00     0.0000e+00  0.0000e+00     0.0000e+00  0.0000e+00     0.0000e+00  0.0000e+00 
5.9665e+01     1.4619e-07  2.9236e-08     8.7224e-06  1.7444e-06     8.6662e-06  1.7337e-06     5.1707e-04  1.0344e-04 
6.6945e+01     1.3029e-07  4.1194e-08     8.7224e-06  2.7577e-06     8.6662e-06  2.7403e-06     5.8016e-04  1.8345e-04 
7.5114e+01     0.0000e+00  0.0000e+00     0.0000e+00  0.0000e+00     0.0000e+00  0.0000e+00     0.0000e+00  0.0000e+00 
8.4279e+01     0.0000e+00  0.0000e+00     0.0000e+00  0.0000e+00     0.0000e+00  0.0000e+00     0.0000e+00  0.0000e+00 
9.4563e+01     0.0000e+00  0.0000e+00     0.0000e+00  0.0000e+00     0.0000e+00  0.0000e+00     0.0000e+00  0.0000e+00 
1.0610e+02     0.0000e+00  0.0000e+00     0.0000e+00  0.0000e+00     0.0000e+00  0.0000e+00     0.0000e+00  0.0000e+00 
1.1905e+02     7.3269e-08  9.8790e-08     8.7224e-06  1.1761e-05     8.6662e-06  1.1685e-05     1.0317e-03  1.3911e-03 
1.3357e+02     0.0000e+00  0.0000e+00     0.0000e+00  0.0000e+00     0.0000e+00  0.0000e+00     0.0000e+00  0.0000e+00 
1.4987e+02     0.0000e+00  0.0000e+00     0.0000e+00  0.0000e+00     0.0000e+00  0.0000e+00     0.0000e+00  0.0000e+00 
1.6816e+02     0.0000e+00  0.0000e+00     0.0000e+00  0.0000e+00     0.0000e+00  0.0000e+00     0.0000e+00  0.0000e+00 
1.8868e+02     0.0000e+00  0.0000e+00     0.0000e+00  0.0000e+00     0.0000e+00  0.0000e+00     0.0000e+00  0.0000e+00 
2.1170e+02     8.2404e-08  9.1739e-08     1.7445e-05  1.9421e-05     1.7332e-05  1.9296e-05     3.6692e-03  4.0849e-03 
2.3753e+02     3.6721e-08  3.6932e-08     8.7224e-06  8.7724e-06     8.6662e-06  8.7159e-06     2.0585e-03  2.0703e-03 
2.6651e+02     6.5456e-08  5.7014e-08     1.7445e-05  1.5195e-05     1.7332e-05  1.5097e-05     4.6193e-03  4.0236e-03 
2.9903e+02     2.9169e-08  2.4204e-08     8.7224e-06  7.2378e-06     8.6662e-06  7.1912e-06     2.5915e-03  2.1504e-03 
3.3552e+02     0.0000e+00  0.0000e+00     0.0000e+00  0.0000e+00     0.0000e+00  0.0000e+00     0.0000e+00  0.0000e+00 
3.7646e+02     2.3170e-08  2.5605e-08     8.7224e-06  9.6391e-06     8.6662e-06  9.5770e-06     3.2625e-03  3.6054e-03 
4.2240e+02     0.0000e+00  0.0000e+00     0.0000e+00  0.0000e+00     0.0000e+00  0.0000e+00     0.0000e+00  0.0000e+00 
4.7394e+02     1.8404e-08  8.8275e-09     8.7224e-06  4.1837e-06     8.6662e-06  4.1569e-06     4.1072e-03  1.9701e-03 
5.3176e+02     0.0000e+00  0.0000e+00     0.0000e+00  0.0000e+00     0.0000e+00  0.0000e+00     0.0000e+00  0.0000e+00 
5.9665e+02     1.4619e-08  9.4178e-09     8.7224e-06  5.6191e-06     8.6662e-06  5.5831e-06     5.1707e-03  3.3311e-03 
6.6945e+02     1.3029e-08  8.8780e-08     8.7224e-06  5.9434e-05     8.6662e-06  5.9051e-05     5.8016e-03  3.9531e-02 
7.5114e+02     0.0000e+00  0.0000e+00     0.0000e+00  0.0000e+00     0.0000e+00  0.0000e+00     0.0000e+00  0.0000e+00 
8.4279e+02     0.0000e+00  0.0000e+00     0.0000e+00  0.0000e+00     0.0000e+00  0.0000e+00     0.0000e+00  0.0000e+00 
9.4563e+02     0.0000e+00  0.0000e+00     0.0000e+00  0.0000e+00     0.0000e+00  0.0000e+00     0.0000e+00  0.0000e+00 
1.0610e+03     0.0000e+00  0.0000e+00     0.0000e+00  0.0000e+00     0.0000e+00  0.0000e+00     0.0000e+00  0.0000e+00 
1.1905e+03     0.0000e+00  0.0000e+00     0.0000e+00  0.0000e+00     0.0000e+00  0.0000e+00     0.0000e+00  0.0000e+00 
1.3357e+03     0.0000e+00  0.0000e+00     0.0000e+00  0.0000e+00     0.0000e+00  0.0000e+00     0.0000e+00  0.0000e+00 
1.4987e+03     0.0000e+00  0.0000e+00     0.0000e+00  0.0000e+00     0.0000e+00  0.0000e+00     0.0000e+00  0.0000e+00 
1.6816e+03     0.0000e+00  0.0000e+00     0.0000e+00  0.0000e+00     0.0000e+00  0.0000e+00     0.0000e+00  0.0000e+00 
1.8868e+03     0.0000e+00  0.0000e+00     0.0000e+00  0.0000e+00     0.0000e+00  0.0000e+00     0.0000e+00  0.0000e+00 
2.1170e+03     0.0000e+00  0.0000e+00     0.0000e+00  0.0000e+00     0.0000e+00  0.0000e+00     0.0000e+00  0.0000e+00 
2.3753e+03     0.0000e+00  0.0000e+00     0.0000e+00  0.0000e+00     0.0000e+00  0.0000e+00     0.0000e+00  0.0000e+00 
2.6651e+03     0.0000e+00  0.0000e+00     0.0000e+00  0.0000e+00     0.0000e+00  0.0000e+00     0.0000e+00  0.0000e+00 
2.9903e+03     0.0000e+00  0.0000e+00     0.0000e+00  0.0000e+00     0.0000e+00  0.0000e+00     0.0000e+00  0.0000e+00 
3.3552e+03     0.0000e+00  0.0000e+00     0.0000e+00  0.0000e+00     0.0000e+00  0.0000e+00     0.0000e+00  0.0000e+00 
3.7646e+03     0.0000e+00  0.0000e+00     0.0000e+00  0.0000e+00     0.0000e+00  0.0000e+00     0.0000e+00  0.0000e+00 
4.2240e+03     0.0000e+00  0.0000e+00     0.0000e+00  0.0000e+00     0.0000e+00  0.0000e+00     0.0000e+00  0.0000e+00 
4.7394e+03     0.0000e+00  0.0000e+00     0.0000e+00  0.0000e+00     0.0000e+00  0.0000e+00     0.0000e+00  0.0000e+00 
5.3176e+03     0.0000e+00  0.0000e+00     0.0000e+00  0.0000e+00     0.0000e+00  0.0000e+00     0.0000e+00  0.0000e+00 
5.9665e+03     0.0000e+00  0.0000e+00     0.0000e+00  0.0000e+00     0.0000e+00  0.0000e+00     0.0000e+00  0.0000e+00 
6.6945e+03     0.0000e+00  0.0000e+00     0.0000e+00  0.0000e+00     0.0000e+00  0.0000e+00     0.0000e+00  0.0000e+00 
7.5114e+03     0.0000e+00  0.0000e+00     0.0000e+00  0.0000e+00     0.0000e+00  0.0000e+00     0.0000e+00  0.0000e+00 
8.4279e+03     0.0000e+00  0.0000e+00     0.0000e+00  0.0000e+00     0.0000e+00  0.0000e+00     0.0000e+00  0.0000e+00 
9.4563e+03     0.0000e+00  0.0000e+00     0.0000e+00  0.0000e+00     0.0000e+00  0.0000e+00     0.0000e+00  0.0000e+00 
