yF = 8.8539e-01 (std: 2.1371e-03) keV/um
yD = 2.4188e+00 (std: 3.9670e-01) keV/um
y (keV/um)     f(y)(std)                  yf(y)(std)                 d(y)(std)                  yd(y)(std)  
1.0610e-03     0.0000e+00  0.0000e+00     0.0000e+00  0.0000e+00     0.0000e+00  0.0000e+00     0.0000e+00  0.0000e+00 
1.1905e-03     0.0000e+00  0.0000e+00     0.0000e+00  0.0000e+00     0.0000e+00  0.0000e+00     0.0000e+00  0.0000e+00 
1.3357e-03     6.5301e-03  6.4356e-03     8.7224e-06  8.5962e-06     9.8515e-06  9.7090e-06     1.3159e-08  1.2969e-08 
1.4987e-03     5.8199e-03  3.7977e-03     8.7224e-06  5.6917e-06     9.8515e-06  6.4285e-06     1.4765e-08  9.6344e-09 
1.6816e-03     1.5561e-02  8.5650e-03     2.6167e-05  1.4403e-05     2.9554e-05  1.6267e-05     4.9698e-08  2.7355e-08 
1.8868e-03     4.6229e-03  5.1088e-03     8.7224e-06  9.6391e-06     9.8515e-06  1.0887e-05     1.8588e-08  2.0541e-08 
2.1170e-03     0.0000e+00  0.0000e+00     0.0000e+00  0.0000e+00     0.0000e+00  0.0000e+00     0.0000e+00  0.0000e+00 
2.3753e-03     3.6721e-03  3.0084e-03     8.7224e-06  7.1459e-06     9.8515e-06  8.0709e-06     2.3400e-08  1.9171e-08 
2.6651e-03     3.2728e-03  1.0852e-03     8.7224e-06  2.8923e-06     9.8515e-06  3.2668e-06     2.6256e-08  8.7065e-09 
2.9903e-03     1.4584e-02  6.0119e-03     4.3612e-05  1.7978e-05     4.9257e-05  2.0305e-05     1.4730e-07  6.0719e-08 
3.3552e-03     7.7990e-03  6.4514e-03     2.6167e-05  2.1646e-05     2.9554e-05  2.4448e-05     9.9161e-08  8.2027e-08 
3.7646e-03     1.1585e-02  5.6074e-03     4.3612e-05  2.1110e-05     4.9257e-05  2.3843e-05     1.8543e-07  8.9758e-08 
4.2240e-03     4.1300e-03  2.1866e-03     1.7445e-05  9.2360e-06     1.9703e-05  1.0432e-05     8.3225e-08  4.4063e-08 
4.7394e-03     9.2021e-03  3.1144e-03     4.3612e-05  1.4760e-05     4.9257e-05  1.6671e-05     2.3345e-07  7.9011e-08 
5.3176e-03     1.1482e-02  5.4820e-03     6.1057e-05  2.9151e-05     6.8960e-05  3.2925e-05     3.6671e-07  1.7508e-07 
5.9665e-03     1.0233e-02  4.0521e-03     6.1057e-05  2.4177e-05     6.8960e-05  2.7307e-05     4.1145e-07  1.6293e-07 
6.6945e-03     7.8175e-03  3.2609e-03     5.2334e-05  2.1830e-05     5.9109e-05  2.4657e-05     3.9571e-07  1.6506e-07 
7.5114e-03     6.9674e-03  2.8152e-03     5.2334e-05  2.1146e-05     5.9109e-05  2.3884e-05     4.4399e-07  1.7940e-07 
8.4279e-03     0.0000e+00  0.0000e+00     0.0000e+00  0.0000e+00     0.0000e+00  0.0000e+00     0.0000e+00  0.0000e+00 
9.4563e-03     9.2240e-04  3.7241e-03     8.7224e-06  3.5216e-05     9.8515e-06  3.9775e-05     9.3158e-08  3.7612e-07 
1.0610e-02     0.0000e+00  0.0000e+00     0.0000e+00  0.0000e+00     0.0000e+00  0.0000e+00     0.0000e+00  0.0000e+00 
1.1905e-02     2.1541e-01  2.3034e-02     2.5644e-03  2.7422e-04     2.8963e-03  3.0979e-04     3.4480e-05  3.6880e-06 
1.3357e-02     1.9133e-01  1.2111e-02     2.5557e-03  1.6177e-04     2.8865e-03  1.8284e-04     3.8556e-05  2.4423e-06 
1.4987e-02     1.2746e-01  9.8198e-03     1.9102e-03  1.4717e-04     2.1575e-03  1.6630e-04     3.2334e-05  2.4924e-06 
1.6816e-02     1.1463e-01  5.3955e-03     1.9277e-03  9.0729e-05     2.1772e-03  1.0261e-04     3.6611e-05  1.7255e-06 
1.8868e-02     9.3383e-02  7.6887e-03     1.7619e-03  1.4507e-04     1.9900e-03  1.6392e-04     3.7547e-05  3.0928e-06 
2.1170e-02     6.7159e-02  1.5226e-02     1.4218e-03  3.2234e-04     1.6058e-03  3.6408e-04     3.3995e-05  7.7076e-06 
2.3753e-02     1.0025e-01  1.0769e-02     2.3812e-03  2.5580e-04     2.6895e-03  2.8898e-04     6.3883e-05  6.8642e-06 
2.6651e-02     1.3320e-01  2.3262e-02     3.5500e-03  6.1996e-04     4.0096e-03  7.0028e-04     1.0686e-04  1.8663e-05 
2.9903e-02     1.3505e-01  4.5556e-03     4.0385e-03  1.3623e-04     4.5612e-03  1.5425e-04     1.3640e-04  4.6127e-06 
3.3552e-02     1.3128e-01  1.2684e-02     4.4048e-03  4.2557e-04     4.9750e-03  4.8081e-04     1.6692e-04  1.6132e-05 
3.7646e-02     1.3160e-01  8.8369e-03     4.9543e-03  3.3267e-04     5.5957e-03  3.7598e-04     2.1065e-04  1.4154e-05 
4.2240e-02     1.4104e-01  9.3806e-03     5.9574e-03  3.9623e-04     6.7286e-03  4.4782e-04     2.8421e-04  1.8916e-05 
4.7394e-02     1.5183e-01  5.3276e-03     7.1960e-03  2.5250e-04     8.1275e-03  2.8585e-04     3.8519e-04  1.3548e-05 
5.3176e-02     1.6649e-01  1.2921e-02     8.8533e-03  6.8711e-04     9.9993e-03  7.7643e-04     5.3173e-04  4.1288e-05 
5.9665e-02     1.7499e-01  9.0355e-03     1.0441e-02  5.3910e-04     1.1792e-02  6.0955e-04     7.0358e-04  3.6369e-05 
6.6945e-02     1.8892e-01  1.4025e-02     1.2648e-02  9.3893e-04     1.4285e-02  1.0610e-03     9.5629e-04  7.1031e-05 
7.5114e-02     2.0031e-01  1.2367e-02     1.5046e-02  9.2895e-04     1.6994e-02  1.0500e-03     1.2765e-03  7.8869e-05 
8.4279e-02     2.1051e-01  9.5087e-03     1.7741e-02  8.0139e-04     2.0038e-02  9.0641e-04     1.6888e-03  7.6392e-05 
9.4563e-02     2.3816e-01  9.5414e-03     2.2521e-02  9.0226e-04     2.5437e-02  1.0209e-03     2.4053e-03  9.6539e-05 
1.0610e-01     2.5271e-01  6.8917e-03     2.6813e-02  7.3122e-04     3.0284e-02  8.2910e-04     3.2131e-03  8.7968e-05 
1.1905e-01     2.7454e-01  5.6725e-03     3.2683e-02  6.7530e-04     3.6914e-02  7.6790e-04     4.3945e-03  9.1417e-05 
1.3357e-01     2.9444e-01  6.1721e-03     3.9329e-02  8.2443e-04     4.4420e-02  9.3730e-04     5.9334e-03  1.2520e-04 
1.4987e-01     3.2720e-01  8.7421e-03     4.9037e-02  1.3102e-03     5.5385e-02  1.4858e-03     8.3007e-03  2.2268e-04 
1.6816e-01     3.6299e-01  1.2951e-02     6.1039e-02  2.1778e-03     6.8941e-02  2.4653e-03     1.1593e-02  4.1456e-04 
1.8868e-01     3.9170e-01  9.7001e-03     7.3905e-02  1.8302e-03     8.3472e-02  2.0769e-03     1.5749e-02  3.9186e-04 
2.1170e-01     4.3143e-01  1.2850e-02     9.1332e-02  2.7203e-03     1.0316e-01  3.0825e-03     2.1838e-02  6.5256e-04 
2.3753e-01     4.8281e-01  1.0065e-02     1.1468e-01  2.3907e-03     1.2953e-01  2.7183e-03     3.0767e-02  6.4567e-04 
2.6651e-01     5.2842e-01  7.6452e-03     1.4083e-01  2.0376e-03     1.5906e-01  2.3331e-03     4.2392e-02  6.2181e-04 
2.9903e-01     5.8512e-01  1.0253e-02     1.7497e-01  3.0660e-03     1.9762e-01  3.4956e-03     5.9095e-02  1.0453e-03 
3.3552e-01     6.5291e-01  5.0975e-03     2.1906e-01  1.7103e-03     2.4742e-01  2.0219e-03     8.3015e-02  6.7840e-04 
3.7646e-01     7.1777e-01  3.4557e-03     2.7021e-01  1.3009e-03     3.0519e-01  1.6437e-03     1.1489e-01  6.1877e-04 
4.2240e-01     8.1121e-01  7.1270e-03     3.4265e-01  3.0104e-03     3.8701e-01  3.5261e-03     1.6347e-01  1.4894e-03 
4.7394e-01     9.0403e-01  5.0191e-03     4.2845e-01  2.3787e-03     4.8392e-01  2.9296e-03     2.2934e-01  1.3884e-03 
5.3176e-01     1.0115e+00  1.4302e-02     5.3786e-01  7.6051e-03     6.0748e-01  8.7138e-03     3.2304e-01  4.6337e-03 
5.9665e-01     1.0913e+00  6.3996e-03     6.5112e-01  3.8183e-03     7.3540e-01  4.6636e-03     4.3878e-01  2.7825e-03 
6.6945e-01     1.1302e+00  8.4149e-03     7.5660e-01  5.6334e-03     8.5454e-01  6.6886e-03     5.7207e-01  4.4777e-03 
7.5114e-01     1.0792e+00  7.7416e-03     8.1059e-01  5.8150e-03     9.1552e-01  6.9295e-03     6.8768e-01  5.2050e-03 
8.4279e-01     9.3000e-01  3.2312e-03     7.8380e-01  2.7232e-03     8.8526e-01  3.7451e-03     7.4608e-01  3.1563e-03 
9.4563e-01     7.2282e-01  4.6923e-03     6.8351e-01  4.4372e-03     7.7199e-01  5.3468e-03     7.3002e-01  5.0560e-03 
1.0610e+00     5.1694e-01  2.1365e-03     5.4848e-01  2.2669e-03     6.1948e-01  2.9650e-03     6.5728e-01  3.1459e-03 
1.1905e+00     3.4708e-01  4.2123e-03     4.1319e-01  5.0147e-03     4.6668e-01  5.7747e-03     5.5556e-01  6.8747e-03 
1.3357e+00     2.2761e-01  1.4662e-03     3.0403e-01  1.9585e-03     3.4338e-01  2.3622e-03     4.5867e-01  3.1552e-03 
1.4987e+00     1.5160e-01  1.7716e-03     2.2721e-01  2.6551e-03     2.5662e-01  3.0622e-03     3.8460e-01  4.5893e-03 
1.6816e+00     1.0074e-01  9.5399e-04     1.6941e-01  1.6042e-03     1.9134e-01  1.8698e-03     3.2175e-01  3.1442e-03 
1.8868e+00     7.0999e-02  9.9743e-04     1.3396e-01  1.8819e-03     1.5130e-01  2.1567e-03     2.8547e-01  4.0691e-03 
2.1170e+00     4.9751e-02  4.7339e-04     1.0532e-01  1.0022e-03     1.1896e-01  1.1677e-03     2.5183e-01  2.4721e-03 
2.3753e+00     3.4801e-02  7.4757e-04     8.2662e-02  1.7757e-03     9.3363e-02  2.0182e-03     2.2176e-01  4.7938e-03 
2.6651e+00     2.5472e-02  6.1494e-04     6.7887e-02  1.6389e-03     7.6674e-02  1.8603e-03     2.0435e-01  4.9579e-03 
2.9903e+00     1.8671e-02  2.2183e-04     5.5832e-02  6.6333e-04     6.3059e-02  7.6450e-04     1.8857e-01  2.2861e-03 
3.3552e+00     1.2801e-02  2.9124e-04     4.2949e-02  9.7716e-04     4.8509e-02  1.1098e-03     1.6276e-01  3.7238e-03 
3.7646e+00     9.4462e-03  1.7671e-04     3.5561e-02  6.6524e-04     4.0165e-02  7.5759e-04     1.5120e-01  2.8520e-03 
4.2240e+00     6.4552e-03  1.6682e-04     2.7266e-02  7.0464e-04     3.0796e-02  7.9931e-04     1.3008e-01  3.3763e-03 
4.7394e+00     4.4207e-03  1.1896e-04     2.0951e-02  5.6379e-04     2.3663e-02  6.3933e-04     1.1215e-01  3.0300e-03 
5.3176e+00     2.8541e-03  1.4455e-04     1.5177e-02  7.6868e-04     1.7142e-02  8.6917e-04     9.1153e-02  4.6219e-03 
5.9665e+00     1.7411e-03  1.2995e-04     1.0388e-02  7.7532e-04     1.1733e-02  8.7614e-04     7.0006e-02  5.2275e-03 
6.6945e+00     1.0958e-03  6.2457e-05     7.3356e-03  4.1812e-04     8.2851e-03  4.7267e-04     5.5465e-02  3.1643e-03 
7.5114e+00     5.0281e-04  5.4683e-05     3.7768e-03  4.1075e-04     4.2657e-03  4.6403e-04     3.2041e-02  3.4855e-03 
8.4279e+00     2.2665e-04  1.8906e-05     1.9102e-03  1.5934e-04     2.1575e-03  1.8004e-04     1.8183e-02  1.5174e-03 
9.4563e+00     7.2869e-05  1.4208e-05     6.8907e-04  1.3435e-04     7.7827e-04  1.5176e-04     7.3595e-03  1.4351e-03 
1.0610e+01     3.1239e-05  1.5179e-05     3.3145e-04  1.6105e-04     3.7436e-04  1.8190e-04     3.9720e-03  1.9300e-03 
1.1905e+01     9.5249e-06  3.2212e-06     1.1339e-04  3.8347e-05     1.2807e-04  4.3312e-05     1.5246e-03  5.1562e-04 
1.3357e+01     3.2650e-06  2.6903e-06     4.3612e-05  3.5936e-05     4.9257e-05  4.0588e-05     6.5795e-04  5.4214e-04 
1.4987e+01     1.1640e-06  6.1380e-07     1.7445e-05  9.1991e-06     1.9703e-05  1.0390e-05     2.9529e-04  1.5572e-04 
1.6816e+01     0.0000e+00  0.0000e+00     0.0000e+00  0.0000e+00     0.0000e+00  0.0000e+00     0.0000e+00  0.0000e+00 
1.8868e+01     0.0000e+00  0.0000e+00     0.0000e+00  0.0000e+00     0.0000e+00  0.0000e+00     0.0000e+00  0.0000e+00 
2.1170e+01     0.0000e+00  0.0000e+00     0.0000e+00  0.0000e+00     0.0000e+00  0.0000e+00     0.0000e+00  0.0000e+00 
2.3753e+01     0.0000e+00  0.0000e+00     0.0000e+00  0.0000e+00     0.0000e+00  0.0000e+00     0.0000e+00  0.0000e+00 
2.6651e+01     0.0000e+00  0.0000e+00     0.0000e+00  0.0000e+00     0.0000e+00  0.0000e+00     0.0000e+00  0.0000e+00 
2.9903e+01     0.0000e+00  0.0000e+00     0.0000e+00  0.0000e+00     0.0000e+00  0.0000e+00     0.0000e+00  0.0000e+00 
3.3552e+01     2.5997e-07  1.9128e-07     8.7224e-06  6.4177e-06     9.8515e-06  7.2485e-06     3.3054e-04  2.4320e-04 
3.7646e+01     0.0000e+00  0.0000e+00     0.0000e+00  0.0000e+00     0.0000e+00  0.0000e+00     0.0000e+00  0.0000e+00 
4.2240e+01     4.1300e-07  2.3278e-07     1.7445e-05  9.8326e-06     1.9703e-05  1.1106e-05     8.3225e-04  4.6909e-04 
4.7394e+01     1.8404e-07  1.3541e-07     8.7224e-06  6.4177e-06     9.8515e-06  7.2485e-06     4.6690e-04  3.4353e-04 
5.3176e+01     1.6403e-07  5.1860e-08     8.7224e-06  2.7577e-06     9.8515e-06  3.1148e-06     5.2387e-04  1.6563e-04 
5.9665e+01     0.0000e+00  0.0000e+00     0.0000e+00  0.0000e+00     0.0000e+00  0.0000e+00     0.0000e+00  0.0000e+00 
6.6945e+01     2.6058e-07  1.1255e-07     1.7445e-05  7.5349e-06     1.9703e-05  8.5104e-06     1.3190e-03  5.6973e-04 
7.5114e+01     0.0000e+00  0.0000e+00     0.0000e+00  0.0000e+00     0.0000e+00  0.0000e+00     0.0000e+00  0.0000e+00 
8.4279e+01     1.0349e-07  4.5107e-08     8.7224e-06  3.8015e-06     9.8515e-06  4.2937e-06     8.3027e-04  3.6187e-04 
9.4563e+01     0.0000e+00  0.0000e+00     0.0000e+00  0.0000e+00     0.0000e+00  0.0000e+00     0.0000e+00  0.0000e+00 
1.0610e+02     8.2209e-08  4.0283e-08     8.7224e-06  4.2740e-06     9.8515e-06  4.8274e-06     1.0453e-03  5.1219e-04 
1.1905e+02     0.0000e+00  0.0000e+00     0.0000e+00  0.0000e+00     0.0000e+00  0.0000e+00     0.0000e+00  0.0000e+00 
1.3357e+02     0.0000e+00  0.0000e+00     0.0000e+00  0.0000e+00     0.0000e+00  0.0000e+00     0.0000e+00  0.0000e+00 
1.4987e+02     5.8199e-08  5.1000e-08     8.7224e-06  7.6435e-06     9.8515e-06  8.6329e-06     1.4765e-03  1.2938e-03 
1.6816e+02     5.1870e-08  3.1667e-08     8.7224e-06  5.3250e-06     9.8515e-06  6.0144e-06     1.6566e-03  1.0114e-03 
1.8868e+02     0.0000e+00  0.0000e+00     0.0000e+00  0.0000e+00     0.0000e+00  0.0000e+00     0.0000e+00  0.0000e+00 
2.1170e+02     0.0000e+00  0.0000e+00     0.0000e+00  0.0000e+00     0.0000e+00  0.0000e+00     0.0000e+00  0.0000e+00 
2.3753e+02     7.3443e-08  3.4789e-08     1.7445e-05  8.2635e-06     1.9703e-05  9.3333e-06     4.6801e-03  2.2169e-03 
2.6651e+02     6.5456e-08  3.0691e-08     1.7445e-05  8.1796e-06     1.9703e-05  9.2386e-06     5.2511e-03  2.4622e-03 
2.9903e+02     0.0000e+00  0.0000e+00     0.0000e+00  0.0000e+00     0.0000e+00  0.0000e+00     0.0000e+00  0.0000e+00 
3.3552e+02     0.0000e+00  0.0000e+00     0.0000e+00  0.0000e+00     0.0000e+00  0.0000e+00     0.0000e+00  0.0000e+00 
3.7646e+02     2.3170e-08  1.0617e-08     8.7224e-06  3.9970e-06     9.8515e-06  4.5145e-06     3.7087e-03  1.6995e-03 
4.2240e+02     0.0000e+00  0.0000e+00     0.0000e+00  0.0000e+00     0.0000e+00  0.0000e+00     0.0000e+00  0.0000e+00 
4.7394e+02     0.0000e+00  0.0000e+00     0.0000e+00  0.0000e+00     0.0000e+00  0.0000e+00     0.0000e+00  0.0000e+00 
5.3176e+02     0.0000e+00  0.0000e+00     0.0000e+00  0.0000e+00     0.0000e+00  0.0000e+00     0.0000e+00  0.0000e+00 
5.9665e+02     1.4619e-08  1.3638e-08     8.7224e-06  8.1372e-06     9.8515e-06  9.1905e-06     5.8779e-03  5.4835e-03 
6.6945e+02     0.0000e+00  0.0000e+00     0.0000e+00  0.0000e+00     0.0000e+00  0.0000e+00     0.0000e+00  0.0000e+00 
7.5114e+02     0.0000e+00  0.0000e+00     0.0000e+00  0.0000e+00     0.0000e+00  0.0000e+00     0.0000e+00  0.0000e+00 
8.4279e+02     0.0000e+00  0.0000e+00     0.0000e+00  0.0000e+00     0.0000e+00  0.0000e+00     0.0000e+00  0.0000e+00 
9.4563e+02     0.0000e+00  0.0000e+00     0.0000e+00  0.0000e+00     0.0000e+00  0.0000e+00     0.0000e+00  0.0000e+00 
1.0610e+03     0.0000e+00  0.0000e+00     0.0000e+00  0.0000e+00     0.0000e+00  0.0000e+00     0.0000e+00  0.0000e+00 
1.1905e+03     0.0000e+00  0.0000e+00     0.0000e+00  0.0000e+00     0.0000e+00  0.0000e+00     0.0000e+00  0.0000e+00 
1.3357e+03     0.0000e+00  0.0000e+00     0.0000e+00  0.0000e+00     0.0000e+00  0.0000e+00     0.0000e+00  0.0000e+00 
1.4987e+03     0.0000e+00  0.0000e+00     0.0000e+00  0.0000e+00     0.0000e+00  0.0000e+00     0.0000e+00  0.0000e+00 
1.6816e+03     0.0000e+00  0.0000e+00     0.0000e+00  0.0000e+00     0.0000e+00  0.0000e+00     0.0000e+00  0.0000e+00 
1.8868e+03     0.0000e+00  0.0000e+00     0.0000e+00  0.0000e+00     0.0000e+00  0.0000e+00     0.0000e+00  0.0000e+00 
2.1170e+03     0.0000e+00  0.0000e+00     0.0000e+00  0.0000e+00     0.0000e+00  0.0000e+00     0.0000e+00  0.0000e+00 
2.3753e+03     0.0000e+00  0.0000e+00     0.0000e+00  0.0000e+00     0.0000e+00  0.0000e+00     0.0000e+00  0.0000e+00 
2.6651e+03     0.0000e+00  0.0000e+00     0.0000e+00  0.0000e+00     0.0000e+00  0.0000e+00     0.0000e+00  0.0000e+00 
2.9903e+03     0.0000e+00  0.0000e+00     0.0000e+00  0.0000e+00     0.0000e+00  0.0000e+00     0.0000e+00  0.0000e+00 
3.3552e+03     0.0000e+00  0.0000e+00     0.0000e+00  0.0000e+00     0.0000e+00  0.0000e+00     0.0000e+00  0.0000e+00 
3.7646e+03     0.0000e+00  0.0000e+00     0.0000e+00  0.0000e+00     0.0000e+00  0.0000e+00     0.0000e+00  0.0000e+00 
4.2240e+03     0.0000e+00  0.0000e+00     0.0000e+00  0.0000e+00     0.0000e+00  0.0000e+00     0.0000e+00  0.0000e+00 
4.7394e+03     0.0000e+00  0.0000e+00     0.0000e+00  0.0000e+00     0.0000e+00  0.0000e+00     0.0000e+00  0.0000e+00 
5.3176e+03     0.0000e+00  0.0000e+00     0.0000e+00  0.0000e+00     0.0000e+00  0.0000e+00     0.0000e+00  0.0000e+00 
5.9665e+03     0.0000e+00  0.0000e+00     0.0000e+00  0.0000e+00     0.0000e+00  0.0000e+00     0.0000e+00  0.0000e+00 
6.6945e+03     0.0000e+00  0.0000e+00     0.0000e+00  0.0000e+00     0.0000e+00  0.0000e+00     0.0000e+00  0.0000e+00 
7.5114e+03     0.0000e+00  0.0000e+00     0.0000e+00  0.0000e+00     0.0000e+00  0.0000e+00     0.0000e+00  0.0000e+00 
8.4279e+03     0.0000e+00  0.0000e+00     0.0000e+00  0.0000e+00     0.0000e+00  0.0000e+00     0.0000e+00  0.0000e+00 
9.4563e+03     0.0000e+00  0.0000e+00     0.0000e+00  0.0000e+00     0.0000e+00  0.0000e+00     0.0000e+00  0.0000e+00 
