yF = 8.6520e-01 (std: 4.2359e-03) keV/um
yD = 3.9417e+00 (std: 2.3592e+00) keV/um
y (keV/um)     f(y)(std)                  yf(y)(std)                 d(y)(std)                  yd(y)(std)  
1.0610e-03     0.0000e+00  0.0000e+00     0.0000e+00  0.0000e+00     0.0000e+00  0.0000e+00     0.0000e+00  0.0000e+00 
1.1905e-03     7.3272e-03  3.5146e-03     8.7229e-06  4.1841e-06     1.0082e-05  4.8362e-06     1.2002e-08  5.7574e-09 
1.3357e-03     6.5304e-03  3.8743e-03     8.7229e-06  5.1750e-06     1.0082e-05  5.9815e-06     1.3467e-08  7.9896e-09 
1.4987e-03     0.0000e+00  0.0000e+00     0.0000e+00  0.0000e+00     0.0000e+00  0.0000e+00     0.0000e+00  0.0000e+00 
1.6816e-03     0.0000e+00  0.0000e+00     0.0000e+00  0.0000e+00     0.0000e+00  0.0000e+00     0.0000e+00  0.0000e+00 
1.8868e-03     9.2463e-03  8.3357e-03     1.7446e-05  1.5728e-05     2.0164e-05  1.8178e-05     3.8045e-08  3.4298e-08 
2.1170e-03     4.1204e-03  4.8210e-03     8.7229e-06  1.0206e-05     1.0082e-05  1.1796e-05     2.1343e-08  2.4973e-08 
2.3753e-03     7.3446e-03  5.1551e-03     1.7446e-05  1.2245e-05     2.0164e-05  1.4153e-05     4.7895e-08  3.3618e-08 
2.6651e-03     9.8189e-03  3.5178e-03     2.6169e-05  9.3755e-06     3.0246e-05  1.0837e-05     8.0609e-08  2.8883e-08 
2.9903e-03     8.7511e-03  4.3461e-03     2.6169e-05  1.2996e-05     3.0246e-05  1.5022e-05     9.0445e-08  4.4920e-08 
3.3552e-03     7.7994e-03  3.7601e-03     2.6169e-05  1.2616e-05     3.0246e-05  1.4582e-05     1.0148e-07  4.8927e-08 
3.7646e-03     1.1585e-02  3.9895e-03     4.3614e-05  1.5019e-05     5.0410e-05  1.7361e-05     1.8977e-07  6.5356e-08 
4.2240e-03     4.1302e-03  1.9692e-03     1.7446e-05  8.3177e-06     2.0164e-05  9.6141e-06     8.5171e-08  4.0610e-08 
4.7394e-03     1.4724e-02  5.4617e-03     6.9783e-05  2.5885e-05     8.0656e-05  2.9920e-05     3.8226e-07  1.4180e-07 
5.3176e-03     9.8422e-03  3.8380e-03     5.2337e-05  2.0409e-05     6.0492e-05  2.3591e-05     3.2167e-07  1.2545e-07 
5.9665e-03     1.0234e-02  6.2037e-03     6.1060e-05  3.7015e-05     7.0574e-05  4.2783e-05     4.2108e-07  2.5527e-07 
6.6945e-03     1.3030e-02  9.3620e-03     8.7229e-05  6.2674e-05     1.0082e-04  7.2441e-05     6.7494e-07  4.8496e-07 
7.5114e-03     9.2903e-03  2.9390e-03     6.9783e-05  2.2076e-05     8.0656e-05  2.5519e-05     6.0583e-07  1.9168e-07 
8.4279e-03     1.0350e-03  5.3816e-04     8.7229e-06  4.5355e-06     1.0082e-05  5.2424e-06     8.4970e-08  4.4183e-08 
9.4563e-03     9.2244e-04  5.4725e-04     8.7229e-06  5.1750e-06     1.0082e-05  5.9815e-06     9.5338e-08  5.6562e-08 
1.0610e-02     8.2213e-04  2.3251e-04     8.7229e-06  2.4669e-06     1.0082e-05  2.8517e-06     1.0697e-07  3.0257e-08 
1.1905e-02     2.4473e-01  2.3114e-02     2.9134e-03  2.7517e-04     3.3674e-03  3.1847e-04     4.0088e-05  3.7912e-06 
1.3357e-02     1.8416e-01  2.3679e-02     2.4598e-03  3.1628e-04     2.8431e-03  3.6583e-04     3.7976e-05  4.8865e-06 
1.4987e-02     1.5889e-01  1.4466e-02     2.3813e-03  2.1680e-04     2.7524e-03  2.5094e-04     4.1250e-05  3.7609e-06 
1.6816e-02     1.1723e-01  1.8004e-02     1.9714e-03  3.0275e-04     2.2785e-03  3.5010e-04     3.8315e-05  5.8873e-06 
1.8868e-02     8.3679e-02  1.0992e-02     1.5788e-03  2.0739e-04     1.8248e-03  2.3987e-04     3.4430e-05  4.5257e-06 
2.1170e-02     7.7876e-02  8.7315e-03     1.6486e-03  1.8485e-04     1.9055e-03  2.1385e-04     4.0339e-05  4.5272e-06 
2.3753e-02     9.7684e-02  1.4034e-02     2.3203e-03  3.3334e-04     2.6818e-03  3.8550e-04     6.3701e-05  9.1568e-06 
2.6651e-02     1.3190e-01  1.1568e-02     3.5153e-03  3.0831e-04     4.0630e-03  3.5690e-04     1.0829e-04  9.5118e-06 
2.9903e-02     1.4818e-01  1.0276e-02     4.4312e-03  3.0729e-04     5.1216e-03  3.5605e-04     1.5315e-04  1.0647e-05 
3.3552e-02     1.2765e-01  1.6951e-02     4.2829e-03  5.6873e-04     4.9502e-03  6.5778e-04     1.6609e-04  2.2070e-05 
3.7646e-02     1.4505e-01  7.8307e-03     5.4605e-03  2.9480e-04     6.3113e-03  3.4212e-04     2.3760e-04  1.2880e-05 
4.2240e-02     1.5839e-01  8.7814e-03     6.6904e-03  3.7092e-04     7.7329e-03  4.3038e-04     3.2663e-04  1.8179e-05 
4.7394e-02     1.5700e-01  7.1249e-03     7.4406e-03  3.3768e-04     8.5999e-03  3.9255e-04     4.0758e-04  1.8604e-05 
5.3176e-02     1.6830e-01  6.9220e-03     8.9497e-03  3.6809e-04     1.0344e-02  4.2844e-04     5.5006e-04  2.2783e-05 
5.9665e-02     1.8757e-01  1.2372e-02     1.1191e-02  7.3820e-04     1.2935e-02  8.5556e-04     7.7177e-04  5.1047e-05 
6.6945e-02     2.0274e-01  1.0100e-02     1.3573e-02  6.7615e-04     1.5688e-02  7.8526e-04     1.0502e-03  5.2569e-05 
7.5114e-02     2.0868e-01  1.5152e-02     1.5675e-02  1.1381e-03     1.8117e-02  1.3185e-03     1.3609e-03  9.9034e-05 
8.4279e-02     2.2915e-01  5.4685e-03     1.9312e-02  4.6088e-04     2.2321e-02  5.4379e-04     1.8812e-03  4.5830e-05 
9.4563e-02     2.5247e-01  5.2779e-03     2.3874e-02  4.9909e-04     2.7594e-02  5.9246e-04     2.6094e-03  5.6025e-05 
1.0610e-01     2.5774e-01  5.3064e-03     2.7346e-02  5.6301e-04     3.1607e-02  6.6888e-04     3.3535e-03  7.0968e-05 
1.1905e-01     2.9089e-01  7.2033e-03     3.4630e-02  8.5754e-04     4.0025e-02  1.0103e-03     4.7649e-03  1.2028e-04 
1.3357e-01     3.1411e-01  1.0223e-02     4.1957e-02  1.3656e-03     4.8494e-02  1.5961e-03     6.4775e-03  2.1319e-04 
1.4987e-01     3.4729e-01  6.0528e-03     5.2049e-02  9.0714e-04     6.0159e-02  1.0891e-03     9.0161e-03  1.6322e-04 
1.6816e-01     3.8241e-01  5.3654e-03     6.4305e-02  9.0224e-04     7.4324e-02  1.1045e-03     1.2498e-02  1.8573e-04 
1.8868e-01     4.1604e-01  4.1564e-03     7.8497e-02  7.8421e-04     9.0727e-02  1.0094e-03     1.7118e-02  1.9045e-04 
2.1170e-01     4.5609e-01  6.7287e-03     9.6553e-02  1.4245e-03     1.1160e-01  1.7347e-03     2.3625e-02  3.6723e-04 
2.3753e-01     5.0715e-01  5.0822e-03     1.2046e-01  1.2072e-03     1.3923e-01  1.5529e-03     3.3072e-02  3.6885e-04 
2.6651e-01     5.6229e-01  6.3374e-03     1.4986e-01  1.6890e-03     1.7321e-01  2.1284e-03     4.6162e-02  5.6725e-04 
2.9903e-01     6.1841e-01  4.8412e-03     1.8492e-01  1.4477e-03     2.1374e-01  1.9735e-03     6.3915e-02  5.9015e-04 
3.3552e-01     6.8697e-01  6.3844e-03     2.3049e-01  2.1421e-03     2.6641e-01  2.7984e-03     8.9385e-02  9.3892e-04 
3.7646e-01     7.6000e-01  9.6621e-03     2.8611e-01  3.6374e-03     3.3069e-01  4.5051e-03     1.2449e-01  1.6960e-03 
4.2240e-01     8.5604e-01  6.1512e-03     3.6159e-01  2.5983e-03     4.1793e-01  3.6339e-03     1.7653e-01  1.5349e-03 
4.7394e-01     9.5499e-01  5.4771e-03     4.5260e-01  2.5958e-03     5.2312e-01  3.9447e-03     2.4793e-01  1.8696e-03 
5.3176e-01     1.0686e+00  1.0085e-02     5.6823e-01  5.3630e-03     6.5676e-01  6.9830e-03     3.4924e-01  3.7133e-03 
5.9665e-01     1.1396e+00  1.3775e-02     6.7993e-01  8.2191e-03     7.8587e-01  1.0249e-02     4.6889e-01  6.1152e-03 
6.6945e-01     1.1566e+00  8.5841e-03     7.7432e-01  5.7466e-03     8.9496e-01  7.9571e-03     5.9914e-01  5.3269e-03 
7.5114e-01     1.0665e+00  4.8269e-03     8.0109e-01  3.6257e-03     9.2591e-01  6.1733e-03     6.9548e-01  4.6370e-03 
8.4279e-01     9.0553e-01  5.5058e-03     7.6317e-01  4.6402e-03     8.8208e-01  6.8858e-03     7.4341e-01  5.8032e-03 
9.4563e-01     6.9497e-01  3.2891e-03     6.5718e-01  3.1103e-03     7.5957e-01  5.1723e-03     7.1827e-01  4.8910e-03 
1.0610e+00     4.8363e-01  3.5295e-03     5.1314e-01  3.7448e-03     5.9309e-01  5.2121e-03     6.2928e-01  5.5300e-03 
1.1905e+00     3.2433e-01  2.9629e-03     3.8611e-01  3.5272e-03     4.4627e-01  4.6253e-03     5.3127e-01  5.5063e-03 
1.3357e+00     2.0969e-01  1.8304e-03     2.8009e-01  2.4449e-03     3.2373e-01  3.2400e-03     4.3242e-01  4.3277e-03 
1.4987e+00     1.3889e-01  1.1435e-03     2.0815e-01  1.7137e-03     2.4059e-01  2.3045e-03     3.6057e-01  3.4538e-03 
1.6816e+00     9.4803e-02  1.7062e-03     1.5942e-01  2.8690e-03     1.8426e-01  3.4366e-03     3.0985e-01  5.7789e-03 
1.8868e+00     6.6403e-02  7.4085e-04     1.2529e-01  1.3978e-03     1.4481e-01  1.7643e-03     2.7322e-01  3.3289e-03 
2.1170e+00     4.7302e-02  9.1669e-04     1.0014e-01  1.9406e-03     1.1574e-01  2.3135e-03     2.4502e-01  4.8976e-03 
2.3753e+00     3.3929e-02  4.8455e-04     8.0591e-02  1.1510e-03     9.3147e-02  1.4063e-03     2.2125e-01  3.3404e-03 
2.6651e+00     2.4423e-02  3.2204e-04     6.5090e-02  8.5827e-04     7.5232e-02  1.0582e-03     2.0050e-01  2.8202e-03 
2.9903e+00     1.7199e-02  3.2013e-04     5.1430e-02  9.5729e-04     5.9443e-02  1.1441e-03     1.7775e-01  3.4212e-03 
3.3552e+00     1.2666e-02  2.4672e-04     4.2498e-02  8.2780e-04     4.9119e-02  9.8654e-04     1.6481e-01  3.3100e-03 
3.7646e+00     8.8304e-03  1.6931e-04     3.3243e-02  6.3739e-04     3.8422e-02  7.6034e-04     1.4464e-01  2.8624e-03 
4.2240e+00     6.1602e-03  1.1922e-04     2.6020e-02  5.0358e-04     3.0074e-02  6.0037e-04     1.2703e-01  2.5360e-03 
4.7394e+00     4.3363e-03  9.3320e-05     2.0551e-02  4.4228e-04     2.3753e-02  5.2425e-04     1.1257e-01  2.4846e-03 
5.3176e+00     2.7542e-03  1.0306e-04     1.4646e-02  5.4803e-04     1.6928e-02  6.3882e-04     9.0015e-02  3.3970e-03 
5.9665e+00     1.6608e-03  9.8307e-05     9.9092e-03  5.8655e-04     1.1453e-02  6.8025e-04     6.8335e-02  4.0587e-03 
6.6945e+00     9.6942e-04  7.0646e-05     6.4898e-03  4.7294e-04     7.5010e-03  5.4786e-04     5.0215e-02  3.6676e-03 
7.5114e+00     5.3187e-04  4.2179e-05     3.9951e-03  3.1682e-04     4.6175e-03  3.6688e-04     3.4684e-02  2.7558e-03 
8.4279e+00     2.0493e-04  2.0205e-05     1.7271e-03  1.7028e-04     1.9962e-03  1.9706e-04     1.6824e-02  1.6608e-03 
9.4563e+00     8.1175e-05  1.3113e-05     7.6761e-04  1.2400e-04     8.8721e-04  1.4339e-04     8.3897e-03  1.3559e-03 
1.0610e+01     2.9597e-05  7.5449e-06     3.1402e-04  8.0052e-05     3.6295e-04  9.2542e-05     3.8509e-03  9.8188e-04 
1.1905e+01     1.3922e-05  5.7358e-06     1.6573e-04  6.8283e-05     1.9156e-04  7.8928e-05     2.2804e-03  9.3962e-04 
1.3357e+01     1.3061e-06  8.7953e-07     1.7446e-05  1.1748e-05     2.0164e-05  1.3579e-05     2.6934e-04  1.8138e-04 
1.4987e+01     1.1640e-06  2.9140e-06     1.7446e-05  4.3673e-05     2.0164e-05  5.0478e-05     3.0220e-04  7.5652e-04 
1.6816e+01     0.0000e+00  0.0000e+00     0.0000e+00  0.0000e+00     0.0000e+00  0.0000e+00     0.0000e+00  0.0000e+00 
1.8868e+01     0.0000e+00  0.0000e+00     0.0000e+00  0.0000e+00     0.0000e+00  0.0000e+00     0.0000e+00  0.0000e+00 
2.1170e+01     0.0000e+00  0.0000e+00     0.0000e+00  0.0000e+00     0.0000e+00  0.0000e+00     0.0000e+00  0.0000e+00 
2.3753e+01     0.0000e+00  0.0000e+00     0.0000e+00  0.0000e+00     0.0000e+00  0.0000e+00     0.0000e+00  0.0000e+00 
2.6651e+01     0.0000e+00  0.0000e+00     0.0000e+00  0.0000e+00     0.0000e+00  0.0000e+00     0.0000e+00  0.0000e+00 
2.9903e+01     0.0000e+00  0.0000e+00     0.0000e+00  0.0000e+00     0.0000e+00  0.0000e+00     0.0000e+00  0.0000e+00 
3.3552e+01     0.0000e+00  0.0000e+00     0.0000e+00  0.0000e+00     0.0000e+00  0.0000e+00     0.0000e+00  0.0000e+00 
3.7646e+01     0.0000e+00  0.0000e+00     0.0000e+00  0.0000e+00     0.0000e+00  0.0000e+00     0.0000e+00  0.0000e+00 
4.2240e+01     0.0000e+00  0.0000e+00     0.0000e+00  0.0000e+00     0.0000e+00  0.0000e+00     0.0000e+00  0.0000e+00 
4.7394e+01     0.0000e+00  0.0000e+00     0.0000e+00  0.0000e+00     0.0000e+00  0.0000e+00     0.0000e+00  0.0000e+00 
5.3176e+01     0.0000e+00  0.0000e+00     0.0000e+00  0.0000e+00     0.0000e+00  0.0000e+00     0.0000e+00  0.0000e+00 
5.9665e+01     1.4620e-07  6.3721e-08     8.7229e-06  3.8019e-06     1.0082e-05  4.3946e-06     6.0154e-04  2.6220e-04 
6.6945e+01     0.0000e+00  0.0000e+00     0.0000e+00  0.0000e+00     0.0000e+00  0.0000e+00     0.0000e+00  0.0000e+00 
7.5114e+01     0.0000e+00  0.0000e+00     0.0000e+00  0.0000e+00     0.0000e+00  0.0000e+00     0.0000e+00  0.0000e+00 
8.4279e+01     0.0000e+00  0.0000e+00     0.0000e+00  0.0000e+00     0.0000e+00  0.0000e+00     0.0000e+00  0.0000e+00 
9.4563e+01     0.0000e+00  0.0000e+00     0.0000e+00  0.0000e+00     0.0000e+00  0.0000e+00     0.0000e+00  0.0000e+00 
1.0610e+02     0.0000e+00  0.0000e+00     0.0000e+00  0.0000e+00     0.0000e+00  0.0000e+00     0.0000e+00  0.0000e+00 
1.1905e+02     7.3272e-08  3.2767e-08     8.7229e-06  3.9009e-06     1.0082e-05  4.5089e-06     1.2002e-03  5.3677e-04 
1.3357e+02     6.5304e-08  3.3316e-08     8.7229e-06  4.4501e-06     1.0082e-05  5.1437e-06     1.3467e-03  6.8706e-04 
1.4987e+02     5.8202e-08  7.5435e-08     8.7229e-06  1.1306e-05     1.0082e-05  1.3067e-05     1.5110e-03  1.9584e-03 
1.6816e+02     1.0375e-07  1.1384e-07     1.7446e-05  1.9144e-05     2.0164e-05  2.2127e-05     3.3907e-03  3.7208e-03 
1.8868e+02     4.6232e-08  4.7507e-08     8.7229e-06  8.9635e-06     1.0082e-05  1.0360e-05     1.9022e-03  1.9547e-03 
2.1170e+02     0.0000e+00  0.0000e+00     0.0000e+00  0.0000e+00     0.0000e+00  0.0000e+00     0.0000e+00  0.0000e+00 
2.3753e+02     7.3446e-08  1.7447e-08     1.7446e-05  4.1441e-06     2.0164e-05  4.7909e-06     4.7895e-03  1.1380e-03 
2.6651e+02     0.0000e+00  0.0000e+00     0.0000e+00  0.0000e+00     0.0000e+00  0.0000e+00     0.0000e+00  0.0000e+00 
2.9903e+02     0.0000e+00  0.0000e+00     0.0000e+00  0.0000e+00     0.0000e+00  0.0000e+00     0.0000e+00  0.0000e+00 
3.3552e+02     0.0000e+00  0.0000e+00     0.0000e+00  0.0000e+00     0.0000e+00  0.0000e+00     0.0000e+00  0.0000e+00 
3.7646e+02     2.3171e-08  1.3130e-08     8.7229e-06  4.9431e-06     1.0082e-05  5.7135e-06     3.7955e-03  2.1509e-03 
4.2240e+02     2.0651e-08  1.1703e-08     8.7229e-06  4.9431e-06     1.0082e-05  5.7135e-06     4.2586e-03  2.4133e-03 
4.7394e+02     1.8405e-08  1.2542e-07     8.7229e-06  5.9440e-05     1.0082e-05  6.8701e-05     4.7782e-03  3.2560e-02 
5.3176e+02     1.6404e-08  3.5582e-08     8.7229e-06  1.8921e-05     1.0082e-05  2.1869e-05     5.3612e-03  1.1629e-02 
5.9665e+02     1.4620e-08  1.7656e-08     8.7229e-06  1.0534e-05     1.0082e-05  1.2176e-05     6.0154e-03  7.2645e-03 
6.6945e+02     0.0000e+00  0.0000e+00     0.0000e+00  0.0000e+00     0.0000e+00  0.0000e+00     0.0000e+00  0.0000e+00 
7.5114e+02     0.0000e+00  0.0000e+00     0.0000e+00  0.0000e+00     0.0000e+00  0.0000e+00     0.0000e+00  0.0000e+00 
8.4279e+02     1.0350e-08  1.6049e-08     8.7229e-06  1.3526e-05     1.0082e-05  1.5633e-05     8.4970e-03  1.3175e-02 
9.4563e+02     0.0000e+00  0.0000e+00     0.0000e+00  0.0000e+00     0.0000e+00  0.0000e+00     0.0000e+00  0.0000e+00 
1.0610e+03     0.0000e+00  0.0000e+00     0.0000e+00  0.0000e+00     0.0000e+00  0.0000e+00     0.0000e+00  0.0000e+00 
1.1905e+03     0.0000e+00  0.0000e+00     0.0000e+00  0.0000e+00     0.0000e+00  0.0000e+00     0.0000e+00  0.0000e+00 
1.3357e+03     0.0000e+00  0.0000e+00     0.0000e+00  0.0000e+00     0.0000e+00  0.0000e+00     0.0000e+00  0.0000e+00 
1.4987e+03     0.0000e+00  0.0000e+00     0.0000e+00  0.0000e+00     0.0000e+00  0.0000e+00     0.0000e+00  0.0000e+00 
1.6816e+03     0.0000e+00  0.0000e+00     0.0000e+00  0.0000e+00     0.0000e+00  0.0000e+00     0.0000e+00  0.0000e+00 
1.8868e+03     0.0000e+00  0.0000e+00     0.0000e+00  0.0000e+00     0.0000e+00  0.0000e+00     0.0000e+00  0.0000e+00 
2.1170e+03     0.0000e+00  0.0000e+00     0.0000e+00  0.0000e+00     0.0000e+00  0.0000e+00     0.0000e+00  0.0000e+00 
2.3753e+03     0.0000e+00  0.0000e+00     0.0000e+00  0.0000e+00     0.0000e+00  0.0000e+00     0.0000e+00  0.0000e+00 
2.6651e+03     0.0000e+00  0.0000e+00     0.0000e+00  0.0000e+00     0.0000e+00  0.0000e+00     0.0000e+00  0.0000e+00 
2.9903e+03     0.0000e+00  0.0000e+00     0.0000e+00  0.0000e+00     0.0000e+00  0.0000e+00     0.0000e+00  0.0000e+00 
3.3552e+03     0.0000e+00  0.0000e+00     0.0000e+00  0.0000e+00     0.0000e+00  0.0000e+00     0.0000e+00  0.0000e+00 
3.7646e+03     0.0000e+00  0.0000e+00     0.0000e+00  0.0000e+00     0.0000e+00  0.0000e+00     0.0000e+00  0.0000e+00 
4.2240e+03     0.0000e+00  0.0000e+00     0.0000e+00  0.0000e+00     0.0000e+00  0.0000e+00     0.0000e+00  0.0000e+00 
4.7394e+03     0.0000e+00  0.0000e+00     0.0000e+00  0.0000e+00     0.0000e+00  0.0000e+00     0.0000e+00  0.0000e+00 
5.3176e+03     0.0000e+00  0.0000e+00     0.0000e+00  0.0000e+00     0.0000e+00  0.0000e+00     0.0000e+00  0.0000e+00 
5.9665e+03     0.0000e+00  0.0000e+00     0.0000e+00  0.0000e+00     0.0000e+00  0.0000e+00     0.0000e+00  0.0000e+00 
6.6945e+03     0.0000e+00  0.0000e+00     0.0000e+00  0.0000e+00     0.0000e+00  0.0000e+00     0.0000e+00  0.0000e+00 
7.5114e+03     0.0000e+00  0.0000e+00     0.0000e+00  0.0000e+00     0.0000e+00  0.0000e+00     0.0000e+00  0.0000e+00 
8.4279e+03     0.0000e+00  0.0000e+00     0.0000e+00  0.0000e+00     0.0000e+00  0.0000e+00     0.0000e+00  0.0000e+00 
9.4563e+03     0.0000e+00  0.0000e+00     0.0000e+00  0.0000e+00     0.0000e+00  0.0000e+00     0.0000e+00  0.0000e+00 
