yF = 9.2312e-01 (std: 3.7741e-03) keV/um
yD = 3.0304e+00 (std: 1.1362e+00) keV/um
y (keV/um)     f(y)(std)                  yf(y)(std)                 d(y)(std)                  yd(y)(std)  
1.0610e-03     8.2205e-03  4.1938e-03     8.7220e-06  4.4496e-06     9.4484e-06  4.8204e-06     1.0025e-08  5.1145e-09 
1.1905e-03     0.0000e+00  0.0000e+00     0.0000e+00  0.0000e+00     0.0000e+00  0.0000e+00     0.0000e+00  0.0000e+00 
1.3357e-03     0.0000e+00  0.0000e+00     0.0000e+00  0.0000e+00     0.0000e+00  0.0000e+00     0.0000e+00  0.0000e+00 
1.4987e-03     1.1639e-02  8.3354e-03     1.7444e-05  1.2492e-05     1.8897e-05  1.3533e-05     2.8321e-08  2.0282e-08 
1.6816e-03     0.0000e+00  0.0000e+00     0.0000e+00  0.0000e+00     0.0000e+00  0.0000e+00     0.0000e+00  0.0000e+00 
1.8868e-03     4.6227e-03  1.3074e-03     8.7220e-06  2.4667e-06     9.4484e-06  2.6724e-06     1.7827e-08  5.0422e-09 
2.1170e-03     4.1200e-03  2.0189e-03     8.7220e-06  4.2740e-06     9.4484e-06  4.6302e-06     2.0002e-08  9.8021e-09 
2.3753e-03     3.6720e-03  2.3657e-03     8.7220e-06  5.6191e-06     9.4484e-06  6.0873e-06     2.2443e-08  1.4459e-08 
2.6651e-03     9.8179e-03  4.6855e-03     2.6166e-05  1.2487e-05     2.8345e-05  1.3528e-05     7.5544e-08  3.6054e-08 
2.9903e-03     5.8335e-03  2.7467e-03     1.7444e-05  8.2136e-06     1.8897e-05  8.8981e-06     5.6508e-08  2.6608e-08 
3.3552e-03     2.5995e-03  6.1759e-03     8.7220e-06  2.0721e-05     9.4484e-06  2.2447e-05     3.1701e-08  7.5315e-08 
3.7646e-03     4.6337e-03  2.2041e-03     1.7444e-05  8.2976e-06     1.8897e-05  8.9891e-06     7.1139e-08  3.3840e-08 
4.2240e-03     1.0324e-02  6.9926e-03     4.3610e-05  2.9536e-05     4.7242e-05  3.1997e-05     1.9955e-07  1.3515e-07 
4.7394e-03     5.5210e-03  1.8624e-03     2.6166e-05  8.8264e-06     2.8345e-05  9.5623e-06     1.3434e-07  4.5319e-08 
5.3176e-03     8.2010e-03  7.4685e-03     4.3610e-05  3.9715e-05     4.7242e-05  4.3023e-05     2.5122e-07  2.2878e-07 
5.9665e-03     8.7710e-03  4.1487e-03     5.2332e-05  2.4753e-05     5.6691e-05  2.6816e-05     3.3824e-07  1.6000e-07 
6.6945e-03     1.3029e-02  5.8412e-03     8.7220e-05  3.9104e-05     9.4484e-05  4.2363e-05     6.3253e-07  2.8360e-07 
7.5114e-03     6.9670e-03  6.1210e-03     5.2332e-05  4.5977e-05     5.6691e-05  4.9807e-05     4.2582e-07  3.7412e-07 
8.4279e-03     2.0698e-03  8.8267e-04     1.7444e-05  7.4390e-06     1.8897e-05  8.0590e-06     1.5926e-07  6.7920e-08 
9.4563e-03     0.0000e+00  0.0000e+00     0.0000e+00  0.0000e+00     0.0000e+00  0.0000e+00     0.0000e+00  0.0000e+00 
1.0610e-02     0.0000e+00  0.0000e+00     0.0000e+00  0.0000e+00     0.0000e+00  0.0000e+00     0.0000e+00  0.0000e+00 
1.1905e-02     2.0587e-01  1.2495e-02     2.4509e-03  1.4874e-04     2.6550e-03  1.6150e-04     3.1607e-05  1.9226e-06 
1.3357e-02     1.4496e-01  1.9369e-02     1.9363e-03  2.5872e-04     2.0976e-03  2.8039e-04     2.8018e-05  3.7453e-06 
1.4987e-02     1.3443e-01  7.5750e-03     2.0148e-03  1.1353e-04     2.1826e-03  1.2331e-04     3.2711e-05  1.8480e-06 
1.6816e-02     1.0270e-01  8.2584e-03     1.7270e-03  1.3887e-04     1.8708e-03  1.5063e-04     3.1459e-05  2.5330e-06 
1.8868e-02     9.3841e-02  7.8247e-03     1.7706e-03  1.4763e-04     1.9180e-03  1.6012e-04     3.6189e-05  3.0211e-06 
2.1170e-02     6.7980e-02  7.1026e-03     1.4391e-03  1.5036e-04     1.5590e-03  1.6301e-04     3.3004e-05  3.4509e-06 
2.3753e-02     8.2619e-02  1.3381e-02     1.9625e-03  3.1784e-04     2.1259e-03  3.4442e-04     5.0497e-05  8.1811e-06 
2.6651e-02     1.1389e-01  1.1208e-02     3.0353e-03  2.9870e-04     3.2881e-03  3.2386e-04     8.7631e-05  8.6312e-06 
2.9903e-02     1.2746e-01  8.5720e-03     3.8115e-03  2.5633e-04     4.1290e-03  2.7819e-04     1.2347e-04  8.3189e-06 
3.3552e-02     1.1594e-01  4.5701e-03     3.8900e-03  1.5334e-04     4.2140e-03  1.6700e-04     1.4139e-04  5.6032e-06 
3.7646e-02     1.2094e-01  9.8457e-03     4.5529e-03  3.7065e-04     4.9321e-03  4.0203e-04     1.8567e-04  1.5135e-05 
4.2240e-02     1.3608e-01  9.2071e-03     5.7478e-03  3.8890e-04     6.2265e-03  4.2206e-04     2.6301e-04  1.7828e-05 
4.7394e-02     1.4465e-01  7.5717e-03     6.8555e-03  3.5885e-04     7.4265e-03  3.8992e-04     3.5197e-04  1.8480e-05 
5.3176e-02     1.4975e-01  1.3161e-02     7.9632e-03  6.9986e-04     8.6264e-03  7.5897e-04     4.5872e-04  4.0359e-05 
5.9665e-02     1.5802e-01  3.6058e-03     9.4285e-03  2.1514e-04     1.0214e-02  2.3677e-04     6.0940e-04  1.4127e-05 
6.6945e-02     1.6611e-01  7.5526e-03     1.1121e-02  5.0561e-04     1.2047e-02  5.4993e-04     8.0647e-04  3.6815e-05 
7.5114e-02     1.8265e-01  5.2878e-03     1.3720e-02  3.9719e-04     1.4862e-02  4.3454e-04     1.1164e-03  3.2640e-05 
8.4279e-02     1.9694e-01  6.2007e-03     1.6598e-02  5.2259e-04     1.7980e-02  5.7087e-04     1.5154e-03  4.8112e-05 
9.4563e-02     2.1878e-01  1.0792e-02     2.0689e-02  1.0205e-03     2.2412e-02  1.1093e-03     2.1193e-03  1.0490e-04 
1.0610e-01     2.2376e-01  1.0228e-02     2.3741e-02  1.0852e-03     2.5719e-02  1.1803e-03     2.7288e-03  1.2523e-04 
1.1905e-01     2.5276e-01  1.3308e-02     3.0091e-02  1.5842e-03     3.2597e-02  1.7214e-03     3.8806e-03  2.0492e-04 
1.3357e-01     2.7236e-01  9.5548e-03     3.6379e-02  1.2763e-03     3.9409e-02  1.3919e-03     5.2640e-03  1.8592e-04 
1.4987e-01     3.0111e-01  4.6786e-03     4.5128e-02  7.0119e-04     4.8886e-02  7.8545e-04     7.3267e-03  1.1772e-04 
1.6816e-01     3.3009e-01  1.1404e-02     5.5507e-02  1.9177e-03     6.0130e-02  2.0919e-03     1.0111e-02  3.5177e-04 
1.8868e-01     3.6695e-01  6.4384e-03     6.9235e-02  1.2148e-03     7.5002e-02  1.3512e-03     1.4151e-02  2.5494e-04 
2.1170e-01     4.0141e-01  3.8060e-03     8.4978e-02  8.0573e-04     9.2056e-02  9.5052e-04     1.9488e-02  2.0123e-04 
2.3753e-01     4.4251e-01  6.1005e-03     1.0511e-01  1.4491e-03     1.1386e-01  1.6373e-03     2.7046e-02  3.8891e-04 
2.6651e-01     4.7944e-01  4.9484e-03     1.2778e-01  1.3188e-03     1.3842e-01  1.5367e-03     3.6891e-02  4.0954e-04 
2.9903e-01     5.3796e-01  1.0359e-02     1.6087e-01  3.0978e-03     1.7427e-01  3.4306e-03     5.2112e-02  1.0259e-03 
3.3552e-01     5.9561e-01  4.9471e-03     1.9984e-01  1.6599e-03     2.1648e-01  2.0041e-03     7.2634e-02  6.7243e-04 
3.7646e-01     6.6035e-01  5.6045e-03     2.4859e-01  2.1099e-03     2.6930e-01  2.5370e-03     1.0138e-01  9.5506e-04 
4.2240e-01     7.4266e-01  5.3115e-03     3.1370e-01  2.2435e-03     3.3982e-01  2.7995e-03     1.4354e-01  1.1825e-03 
4.7394e-01     8.3093e-01  7.6754e-03     3.9381e-01  3.6377e-03     4.2661e-01  4.3094e-03     2.0218e-01  2.0424e-03 
5.3176e-01     9.3001e-01  4.5838e-03     4.9455e-01  2.4375e-03     5.3574e-01  3.4307e-03     2.8489e-01  1.8243e-03 
5.9665e-01     1.0257e+00  8.2168e-03     6.1198e-01  4.9025e-03     6.6295e-01  5.9625e-03     3.9555e-01  3.5575e-03 
6.6945e-01     1.0832e+00  4.5545e-03     7.2516e-01  3.0490e-03     7.8555e-01  4.6070e-03     5.2589e-01  3.0842e-03 
7.5114e-01     1.0646e+00  5.1958e-03     7.9966e-01  3.9027e-03     8.6626e-01  5.5152e-03     6.5068e-01  4.1427e-03 
8.4279e-01     9.4840e-01  4.0544e-03     7.9930e-01  3.4170e-03     8.6587e-01  5.1219e-03     7.2975e-01  4.3167e-03 
9.4563e-01     7.7693e-01  2.7714e-03     7.3469e-01  2.6207e-03     7.9588e-01  4.3183e-03     7.5260e-01  4.0835e-03 
1.0610e+00     5.6864e-01  4.0071e-03     6.0333e-01  4.2516e-03     6.5358e-01  5.3247e-03     6.9345e-01  5.6495e-03 
1.1905e+00     3.8847e-01  3.1787e-03     4.6246e-01  3.7841e-03     5.0098e-01  4.5825e-03     5.9640e-01  5.4553e-03 
1.3357e+00     2.5608e-01  9.6310e-04     3.4205e-01  1.2864e-03     3.7054e-01  2.0584e-03     4.9494e-01  2.7495e-03 
1.4987e+00     1.6762e-01  1.2236e-03     2.5122e-01  1.8339e-03     2.7214e-01  2.2770e-03     4.0787e-01  3.4125e-03 
1.6816e+00     1.1301e-01  4.6838e-04     1.9004e-01  7.8762e-04     2.0587e-01  1.1985e-03     3.4619e-01  2.0154e-03 
1.8868e+00     7.6871e-02  8.2610e-04     1.4504e-01  1.5587e-03     1.5712e-01  1.8065e-03     2.9645e-01  3.4085e-03 
2.1170e+00     5.4289e-02  5.7722e-04     1.1493e-01  1.2220e-03     1.2450e-01  1.4182e-03     2.6357e-01  3.0024e-03 
2.3753e+00     3.8210e-02  5.9761e-04     9.0761e-02  1.4195e-03     9.8321e-02  1.5894e-03     2.3354e-01  3.7753e-03 
2.6651e+00     2.7611e-02  5.3727e-04     7.3588e-02  1.4319e-03     7.9717e-02  1.5850e-03     2.1246e-01  4.2243e-03 
2.9903e+00     1.9910e-02  3.2765e-04     5.9536e-02  9.7978e-04     6.4495e-02  1.0936e-03     1.9286e-01  3.2704e-03 
3.3552e+00     1.3905e-02  3.2855e-04     4.6654e-02  1.1023e-03     5.0540e-02  1.2119e-03     1.6957e-01  4.0662e-03 
3.7646e+00     1.0145e-02  3.0149e-04     3.8194e-02  1.1350e-03     4.1375e-02  1.2411e-03     1.5576e-01  4.6723e-03 
4.2240e+00     7.2168e-03  2.8659e-04     3.0483e-02  1.2105e-03     3.3022e-02  1.3183e-03     1.3948e-01  5.5683e-03 
4.7394e+00     4.8346e-03  2.3020e-04     2.2913e-02  1.0910e-03     2.4821e-02  1.1862e-03     1.1764e-01  5.6220e-03 
5.3176e+00     3.0409e-03  1.1659e-04     1.6171e-02  6.1999e-04     1.7517e-02  6.7544e-04     9.3151e-02  3.5917e-03 
5.9665e+00     1.9589e-03  9.1060e-05     1.1687e-02  5.4331e-04     1.2661e-02  5.9083e-04     7.5541e-02  3.5252e-03 
6.6945e+00     1.0905e-03  9.2483e-05     7.3003e-03  6.1913e-04     7.9084e-03  6.7147e-04     5.2943e-02  4.4952e-03 
7.5114e+00     5.5504e-04  8.5940e-05     4.1691e-03  6.4552e-04     4.5164e-03  6.9953e-04     3.3924e-02  5.2544e-03 
8.4279e+00     2.4838e-04  2.7640e-05     2.0933e-03  2.3294e-04     2.2676e-03  2.5252e-04     1.9111e-02  2.1282e-03 
9.4563e+00     9.6847e-05  7.1651e-06     9.1581e-04  6.7755e-05     9.9209e-04  7.3511e-05     9.3814e-03  6.9513e-04 
1.0610e+01     3.3704e-05  6.0851e-06     3.5760e-04  6.4563e-05     3.8739e-04  6.9958e-05     4.1102e-03  7.4226e-04 
1.1905e+01     8.0592e-06  2.2848e-06     9.5942e-05  2.7200e-05     1.0393e-04  2.9469e-05     1.2373e-03  3.5082e-04 
1.3357e+01     5.2238e-06  1.6681e-06     6.9776e-05  2.2282e-05     7.5588e-05  2.4140e-05     1.0096e-03  3.2244e-04 
1.4987e+01     1.1639e-06  8.1716e-07     1.7444e-05  1.2247e-05     1.8897e-05  1.3267e-05     2.8321e-04  1.9884e-04 
1.6816e+01     0.0000e+00  0.0000e+00     0.0000e+00  0.0000e+00     0.0000e+00  0.0000e+00     0.0000e+00  0.0000e+00 
1.8868e+01     4.6227e-07  3.7873e-07     8.7220e-06  7.1459e-06     9.4484e-06  7.7411e-06     1.7827e-04  1.4606e-04 
2.1170e+01     0.0000e+00  0.0000e+00     0.0000e+00  0.0000e+00     0.0000e+00  0.0000e+00     0.0000e+00  0.0000e+00 
2.3753e+01     0.0000e+00  0.0000e+00     0.0000e+00  0.0000e+00     0.0000e+00  0.0000e+00     0.0000e+00  0.0000e+00 
2.6651e+01     0.0000e+00  0.0000e+00     0.0000e+00  0.0000e+00     0.0000e+00  0.0000e+00     0.0000e+00  0.0000e+00 
2.9903e+01     0.0000e+00  0.0000e+00     0.0000e+00  0.0000e+00     0.0000e+00  0.0000e+00     0.0000e+00  0.0000e+00 
3.3552e+01     0.0000e+00  0.0000e+00     0.0000e+00  0.0000e+00     0.0000e+00  0.0000e+00     0.0000e+00  0.0000e+00 
3.7646e+01     2.3168e-07  1.7449e-07     8.7220e-06  6.5689e-06     9.4484e-06  7.1161e-06     3.5570e-04  2.6789e-04 
4.2240e+01     4.1298e-07  9.8114e-07     1.7444e-05  4.1443e-05     1.8897e-05  4.4895e-05     7.9820e-04  1.8963e-03 
4.7394e+01     1.8403e-07  2.1618e-06     8.7220e-06  1.0245e-04     9.4484e-06  1.1099e-04     4.4780e-04  5.2601e-03 
5.3176e+01     0.0000e+00  0.0000e+00     0.0000e+00  0.0000e+00     0.0000e+00  0.0000e+00     0.0000e+00  0.0000e+00 
5.9665e+01     0.0000e+00  0.0000e+00     0.0000e+00  0.0000e+00     0.0000e+00  0.0000e+00     0.0000e+00  0.0000e+00 
6.6945e+01     0.0000e+00  0.0000e+00     0.0000e+00  0.0000e+00     0.0000e+00  0.0000e+00     0.0000e+00  0.0000e+00 
7.5114e+01     0.0000e+00  0.0000e+00     0.0000e+00  0.0000e+00     0.0000e+00  0.0000e+00     0.0000e+00  0.0000e+00 
8.4279e+01     1.0349e-07  6.1397e-08     8.7220e-06  5.1744e-06     9.4484e-06  5.6055e-06     7.9631e-04  4.7243e-04 
9.4563e+01     0.0000e+00  0.0000e+00     0.0000e+00  0.0000e+00     0.0000e+00  0.0000e+00     0.0000e+00  0.0000e+00 
1.0610e+02     0.0000e+00  0.0000e+00     0.0000e+00  0.0000e+00     0.0000e+00  0.0000e+00     0.0000e+00  0.0000e+00 
1.1905e+02     0.0000e+00  0.0000e+00     0.0000e+00  0.0000e+00     0.0000e+00  0.0000e+00     0.0000e+00  0.0000e+00 
1.3357e+02     6.5298e-08  4.4769e-08     8.7220e-06  5.9800e-06     9.4484e-06  6.4781e-06     1.2621e-03  8.6530e-04 
1.4987e+02     1.7459e-07  1.0466e-07     2.6166e-05  1.5685e-05     2.8345e-05  1.6992e-05     4.2482e-03  2.5466e-03 
1.6816e+02     0.0000e+00  0.0000e+00     0.0000e+00  0.0000e+00     0.0000e+00  0.0000e+00     0.0000e+00  0.0000e+00 
1.8868e+02     4.6227e-08  1.0336e-08     8.7220e-06  1.9502e-06     9.4484e-06  2.1130e-06     1.7827e-03  3.9868e-04 
2.1170e+02     0.0000e+00  0.0000e+00     0.0000e+00  0.0000e+00     0.0000e+00  0.0000e+00     0.0000e+00  0.0000e+00 
2.3753e+02     3.6720e-08  4.3133e-07     8.7220e-06  1.0245e-04     9.4484e-06  1.1099e-04     2.2443e-03  2.6363e-02 
2.6651e+02     3.2726e-08  1.9980e-08     8.7220e-06  5.3250e-06     9.4484e-06  5.7686e-06     2.5181e-03  1.5374e-03 
2.9903e+02     5.8335e-08  3.7978e-08     1.7444e-05  1.1357e-05     1.8897e-05  1.2303e-05     5.6508e-03  3.6789e-03 
3.3552e+02     0.0000e+00  0.0000e+00     0.0000e+00  0.0000e+00     0.0000e+00  0.0000e+00     0.0000e+00  0.0000e+00 
3.7646e+02     2.3168e-08  1.0617e-08     8.7220e-06  3.9970e-06     9.4484e-06  4.3301e-06     3.5570e-03  1.6301e-03 
4.2240e+02     2.0649e-08  6.5288e-09     8.7220e-06  2.7577e-06     9.4484e-06  2.9877e-06     3.9910e-03  1.2620e-03 
4.7394e+02     0.0000e+00  0.0000e+00     0.0000e+00  0.0000e+00     0.0000e+00  0.0000e+00     0.0000e+00  0.0000e+00 
5.3176e+02     1.6402e-08  1.0430e-08     8.7220e-06  5.5463e-06     9.4484e-06  6.0084e-06     5.0243e-03  3.1950e-03 
5.9665e+02     1.4618e-08  3.1709e-08     8.7220e-06  1.8919e-05     9.4484e-06  2.0495e-05     5.6374e-03  1.2228e-02 
6.6945e+02     0.0000e+00  0.0000e+00     0.0000e+00  0.0000e+00     0.0000e+00  0.0000e+00     0.0000e+00  0.0000e+00 
7.5114e+02     0.0000e+00  0.0000e+00     0.0000e+00  0.0000e+00     0.0000e+00  0.0000e+00     0.0000e+00  0.0000e+00 
8.4279e+02     0.0000e+00  0.0000e+00     0.0000e+00  0.0000e+00     0.0000e+00  0.0000e+00     0.0000e+00  0.0000e+00 
9.4563e+02     0.0000e+00  0.0000e+00     0.0000e+00  0.0000e+00     0.0000e+00  0.0000e+00     0.0000e+00  0.0000e+00 
1.0610e+03     0.0000e+00  0.0000e+00     0.0000e+00  0.0000e+00     0.0000e+00  0.0000e+00     0.0000e+00  0.0000e+00 
1.1905e+03     0.0000e+00  0.0000e+00     0.0000e+00  0.0000e+00     0.0000e+00  0.0000e+00     0.0000e+00  0.0000e+00 
1.3357e+03     0.0000e+00  0.0000e+00     0.0000e+00  0.0000e+00     0.0000e+00  0.0000e+00     0.0000e+00  0.0000e+00 
1.4987e+03     0.0000e+00  0.0000e+00     0.0000e+00  0.0000e+00     0.0000e+00  0.0000e+00     0.0000e+00  0.0000e+00 
1.6816e+03     0.0000e+00  0.0000e+00     0.0000e+00  0.0000e+00     0.0000e+00  0.0000e+00     0.0000e+00  0.0000e+00 
1.8868e+03     0.0000e+00  0.0000e+00     0.0000e+00  0.0000e+00     0.0000e+00  0.0000e+00     0.0000e+00  0.0000e+00 
2.1170e+03     0.0000e+00  0.0000e+00     0.0000e+00  0.0000e+00     0.0000e+00  0.0000e+00     0.0000e+00  0.0000e+00 
2.3753e+03     0.0000e+00  0.0000e+00     0.0000e+00  0.0000e+00     0.0000e+00  0.0000e+00     0.0000e+00  0.0000e+00 
2.6651e+03     0.0000e+00  0.0000e+00     0.0000e+00  0.0000e+00     0.0000e+00  0.0000e+00     0.0000e+00  0.0000e+00 
2.9903e+03     0.0000e+00  0.0000e+00     0.0000e+00  0.0000e+00     0.0000e+00  0.0000e+00     0.0000e+00  0.0000e+00 
3.3552e+03     0.0000e+00  0.0000e+00     0.0000e+00  0.0000e+00     0.0000e+00  0.0000e+00     0.0000e+00  0.0000e+00 
3.7646e+03     0.0000e+00  0.0000e+00     0.0000e+00  0.0000e+00     0.0000e+00  0.0000e+00     0.0000e+00  0.0000e+00 
4.2240e+03     0.0000e+00  0.0000e+00     0.0000e+00  0.0000e+00     0.0000e+00  0.0000e+00     0.0000e+00  0.0000e+00 
4.7394e+03     0.0000e+00  0.0000e+00     0.0000e+00  0.0000e+00     0.0000e+00  0.0000e+00     0.0000e+00  0.0000e+00 
5.3176e+03     0.0000e+00  0.0000e+00     0.0000e+00  0.0000e+00     0.0000e+00  0.0000e+00     0.0000e+00  0.0000e+00 
5.9665e+03     0.0000e+00  0.0000e+00     0.0000e+00  0.0000e+00     0.0000e+00  0.0000e+00     0.0000e+00  0.0000e+00 
6.6945e+03     0.0000e+00  0.0000e+00     0.0000e+00  0.0000e+00     0.0000e+00  0.0000e+00     0.0000e+00  0.0000e+00 
7.5114e+03     0.0000e+00  0.0000e+00     0.0000e+00  0.0000e+00     0.0000e+00  0.0000e+00     0.0000e+00  0.0000e+00 
8.4279e+03     0.0000e+00  0.0000e+00     0.0000e+00  0.0000e+00     0.0000e+00  0.0000e+00     0.0000e+00  0.0000e+00 
9.4563e+03     0.0000e+00  0.0000e+00     0.0000e+00  0.0000e+00     0.0000e+00  0.0000e+00     0.0000e+00  0.0000e+00 
