yF = 8.4277e-01 (std: 2.3357e-03) keV/um
yD = 4.0912e+00 (std: 9.2129e-01) keV/um
y (keV/um)     f(y)(std)                  yf(y)(std)                 d(y)(std)                  yd(y)(std)  
1.0610e-03     0.0000e+00  0.0000e+00     0.0000e+00  0.0000e+00     0.0000e+00  0.0000e+00     0.0000e+00  0.0000e+00 
1.1905e-03     0.0000e+00  0.0000e+00     0.0000e+00  0.0000e+00     0.0000e+00  0.0000e+00     0.0000e+00  0.0000e+00 
1.3357e-03     6.5303e-03  1.1363e-02     8.7228e-06  1.5178e-05     1.0350e-05  1.8010e-05     1.3825e-08  2.4056e-08 
1.4987e-03     1.1640e-02  7.5677e-03     1.7446e-05  1.1342e-05     2.0700e-05  1.3458e-05     3.1024e-08  2.0170e-08 
1.6816e-03     0.0000e+00  0.0000e+00     0.0000e+00  0.0000e+00     0.0000e+00  0.0000e+00     0.0000e+00  0.0000e+00 
1.8868e-03     4.6231e-03  4.3132e-03     8.7228e-06  8.1380e-06     1.0350e-05  9.6563e-06     1.9528e-08  1.8219e-08 
2.1170e-03     8.2407e-03  5.5272e-03     1.7446e-05  1.1701e-05     2.0700e-05  1.3884e-05     4.3822e-08  2.9393e-08 
2.3753e-03     3.6723e-03  1.7615e-03     8.7228e-06  4.1841e-06     1.0350e-05  4.9648e-06     2.4585e-08  1.1793e-08 
2.6651e-03     9.8188e-03  6.1350e-03     2.6168e-05  1.6350e-05     3.1050e-05  1.9401e-05     8.2753e-08  5.1707e-08 
2.9903e-03     1.1668e-02  3.2951e-02     3.4891e-05  9.8535e-05     4.1401e-05  1.1692e-04     1.2380e-07  3.4962e-07 
3.3552e-03     1.8198e-02  1.4436e-02     6.1059e-05  4.8436e-05     7.2451e-05  5.7473e-05     2.4309e-07  1.9283e-07 
3.7646e-03     6.9511e-03  4.4519e-03     2.6168e-05  1.6760e-05     3.1050e-05  1.9887e-05     1.1689e-07  7.4866e-08 
4.2240e-03     4.1301e-03  2.8849e-03     1.7446e-05  1.2186e-05     2.0700e-05  1.4459e-05     8.7437e-08  6.1075e-08 
4.7394e-03     5.5215e-03  3.7301e-03     2.6168e-05  1.7678e-05     3.1050e-05  2.0976e-05     1.4716e-07  9.9415e-08 
5.3176e-03     6.5614e-03  2.7957e-03     3.4891e-05  1.4867e-05     4.1401e-05  1.7641e-05     2.2015e-07  9.3807e-08 
5.9665e-03     8.7718e-03  4.6559e-03     5.2337e-05  2.7780e-05     6.2101e-05  3.2963e-05     3.7052e-07  1.9667e-07 
6.6945e-03     1.3030e-02  4.7002e-03     8.7228e-05  3.1466e-05     1.0350e-04  3.7337e-05     6.9289e-07  2.4995e-07 
7.5114e-03     4.6451e-03  3.1866e-03     3.4891e-05  2.3936e-05     4.1401e-05  2.8402e-05     3.1097e-07  2.1334e-07 
8.4279e-03     0.0000e+00  0.0000e+00     0.0000e+00  0.0000e+00     0.0000e+00  0.0000e+00     0.0000e+00  0.0000e+00 
9.4563e-03     0.0000e+00  0.0000e+00     0.0000e+00  0.0000e+00     0.0000e+00  0.0000e+00     0.0000e+00  0.0000e+00 
1.0610e-02     8.2212e-04  5.2966e-04     8.7228e-06  5.6197e-06     1.0350e-05  6.6682e-06     1.0982e-07  7.0750e-08 
1.1905e-02     2.5938e-01  3.0138e-02     3.0879e-03  3.5878e-04     3.6639e-03  4.2584e-04     4.3618e-05  5.0695e-06 
1.3357e-02     1.9199e-01  2.9512e-02     2.5645e-03  3.9421e-04     3.0429e-03  4.6783e-04     4.0645e-05  6.2489e-06 
1.4987e-02     1.6820e-01  1.2533e-02     2.5209e-03  1.8783e-04     2.9912e-03  2.2303e-04     4.4829e-05  3.3426e-06 
1.6816e-02     1.1879e-01  2.0533e-02     1.9975e-03  3.4528e-04     2.3702e-03  4.0974e-04     3.9857e-05  6.8902e-06 
1.8868e-02     1.0818e-01  1.7828e-02     2.0411e-03  3.3637e-04     2.4219e-03  3.9918e-04     4.5696e-05  7.5316e-06 
2.1170e-02     7.3342e-02  1.1016e-02     1.5527e-03  2.3321e-04     1.8423e-03  2.7676e-04     3.9002e-05  5.8591e-06 
2.3753e-02     1.0833e-01  1.6808e-02     2.5732e-03  3.9924e-04     3.0533e-03  4.7380e-04     7.2525e-05  1.1254e-05 
2.6651e-02     1.4794e-01  1.2581e-02     3.9427e-03  3.3531e-04     4.6783e-03  3.9808e-04     1.2468e-04  1.0609e-05 
2.9903e-02     1.6393e-01  1.0941e-02     4.9022e-03  3.2717e-04     5.8168e-03  3.8854e-04     1.7394e-04  1.1619e-05 
3.3552e-02     1.4949e-01  6.9260e-03     5.0156e-03  2.3238e-04     5.9513e-03  2.7623e-04     1.9968e-04  9.2680e-06 
3.7646e-02     1.4899e-01  6.3103e-03     5.6087e-03  2.3756e-04     6.6551e-03  2.8248e-04     2.5054e-04  1.0634e-05 
4.2240e-02     1.6087e-01  4.9861e-03     6.7950e-03  2.1061e-04     8.0628e-03  2.5090e-04     3.4057e-04  1.0598e-05 
4.7394e-02     1.7043e-01  1.2079e-02     8.0773e-03  5.7244e-04     9.5842e-03  6.7976e-04     4.5423e-04  3.2216e-05 
5.3176e-02     1.7945e-01  6.1070e-03     9.5427e-03  3.2475e-04     1.1323e-02  3.8661e-04     6.0212e-04  2.0559e-05 
5.9665e-02     1.8801e-01  4.7487e-03     1.1217e-02  2.8333e-04     1.3310e-02  3.3821e-04     7.9416e-04  2.0179e-05 
6.6945e-02     2.0248e-01  9.7581e-03     1.3555e-02  6.5326e-04     1.6084e-02  7.7641e-04     1.0768e-03  5.1977e-05 
7.5114e-02     2.2099e-01  5.2338e-03     1.6599e-02  3.9313e-04     1.9696e-02  4.6966e-04     1.4795e-03  3.5278e-05 
8.4279e-02     2.3629e-01  1.0383e-02     1.9914e-02  8.7507e-04     2.3629e-02  1.0404e-03     1.9915e-03  8.7683e-05 
9.4563e-02     2.6741e-01  4.4544e-03     2.5287e-02  4.2122e-04     3.0005e-02  5.0668e-04     2.8374e-03  4.7913e-05 
1.0610e-01     2.7689e-01  1.0133e-02     2.9378e-02  1.0751e-03     3.4859e-02  1.2793e-03     3.6986e-03  1.3574e-04 
1.1905e-01     3.0276e-01  7.3971e-03     3.6042e-02  8.8061e-04     4.2767e-02  1.0516e-03     5.0913e-03  1.2519e-04 
1.3357e-01     3.3383e-01  5.5880e-03     4.4591e-02  7.4641e-04     5.2910e-02  8.9772e-04     7.0673e-03  1.1991e-04 
1.4987e-01     3.6196e-01  5.1106e-03     5.4247e-02  7.6593e-04     6.4367e-02  9.2617e-04     9.6468e-03  1.3881e-04 
1.6816e-01     4.0393e-01  5.3290e-03     6.7924e-02  8.9612e-04     8.0596e-02  1.0865e-03     1.3553e-02  1.8271e-04 
1.8868e-01     4.3596e-01  5.2989e-03     8.2256e-02  9.9978e-04     9.7602e-02  1.2168e-03     1.8415e-02  2.2957e-04 
2.1170e-01     4.8781e-01  3.7566e-03     1.0327e-01  7.9527e-04     1.2254e-01  1.0029e-03     2.5941e-02  2.1231e-04 
2.3753e-01     5.3564e-01  5.5477e-03     1.2723e-01  1.3178e-03     1.5097e-01  1.6186e-03     3.5859e-02  3.8447e-04 
2.6651e-01     5.9600e-01  1.1193e-02     1.5884e-01  2.9832e-03     1.8848e-01  3.5780e-03     5.0231e-02  9.5360e-04 
2.9903e-01     6.5104e-01  7.5718e-03     1.9468e-01  2.2642e-03     2.3100e-01  2.7619e-03     6.9078e-02  8.2589e-04 
3.3552e-01     7.2180e-01  6.7119e-03     2.4218e-01  2.2520e-03     2.8736e-01  2.7883e-03     9.6416e-02  9.3553e-04 
3.7646e-01     8.1203e-01  7.8405e-03     3.0570e-01  2.9516e-03     3.6273e-01  3.6437e-03     1.3655e-01  1.3717e-03 
4.2240e-01     9.0138e-01  6.4452e-03     3.8074e-01  2.7224e-03     4.5177e-01  3.4645e-03     1.9083e-01  1.4634e-03 
4.7394e-01     1.0131e+00  1.4410e-02     4.8016e-01  6.8293e-03     5.6974e-01  8.2558e-03     2.7002e-01  3.9127e-03 
5.3176e-01     1.1136e+00  1.0422e-02     5.9215e-01  5.5421e-03     7.0263e-01  6.8583e-03     3.7363e-01  3.6470e-03 
5.9665e-01     1.1784e+00  1.0797e-02     7.0312e-01  6.4419e-03     8.3429e-01  7.9858e-03     4.9778e-01  4.7647e-03 
6.6945e-01     1.1608e+00  6.7641e-03     7.7709e-01  4.5282e-03     9.2207e-01  5.9498e-03     6.1728e-01  3.9831e-03 
7.5114e-01     1.0644e+00  6.3528e-03     7.9955e-01  4.7718e-03     9.4871e-01  6.2428e-03     7.1261e-01  4.6892e-03 
8.4279e-01     8.8232e-01  4.7089e-03     7.4361e-01  3.9686e-03     8.8234e-01  5.3061e-03     7.4363e-01  4.4719e-03 
9.4563e-01     6.5598e-01  2.9875e-03     6.2031e-01  2.8251e-03     7.3604e-01  3.9240e-03     6.9602e-01  3.7107e-03 
1.0610e+00     4.5588e-01  5.9646e-03     4.8369e-01  6.3285e-03     5.7394e-01  7.6757e-03     6.0895e-01  8.1440e-03 
1.1905e+00     3.0277e-01  3.2301e-03     3.6043e-01  3.8453e-03     4.2768e-01  4.7141e-03     5.0914e-01  5.6120e-03 
1.3357e+00     1.9716e-01  1.2327e-03     2.6335e-01  1.6466e-03     3.1248e-01  2.1371e-03     4.1739e-01  2.8546e-03 
1.4987e+00     1.3073e-01  8.3526e-04     1.9592e-01  1.2518e-03     2.3247e-01  1.6191e-03     3.4841e-01  2.4265e-03 
1.6816e+00     8.9775e-02  1.0840e-03     1.5096e-01  1.8229e-03     1.7913e-01  2.2192e-03     3.0122e-01  3.7318e-03 
1.8868e+00     6.2236e-02  9.5762e-04     1.1743e-01  1.8068e-03     1.3933e-01  2.1784e-03     2.6289e-01  4.1101e-03 
2.1170e+00     4.4570e-02  1.5584e-03     9.4354e-02  3.2990e-03     1.1196e-01  3.9268e-03     2.3701e-01  8.3130e-03 
2.3753e+00     3.1710e-02  5.2049e-04     7.5321e-02  1.2363e-03     8.9373e-02  1.4877e-03     2.1229e-01  3.5338e-03 
2.6651e+00     2.2966e-02  3.6125e-04     6.1208e-02  9.6278e-04     7.2627e-02  1.1600e-03     1.9356e-01  3.0915e-03 
2.9903e+00     1.6831e-02  3.2087e-04     5.0330e-02  9.5952e-04     5.9720e-02  1.1505e-03     1.7858e-01  3.4404e-03 
3.3552e+00     1.1850e-02  1.3711e-04     3.9758e-02  4.6003e-04     4.7176e-02  5.6129e-04     1.5828e-01  1.8832e-03 
3.7646e+00     8.3645e-03  2.7182e-04     3.1489e-02  1.0233e-03     3.7364e-02  1.2186e-03     1.4066e-01  4.5876e-03 
4.2240e+00     6.0858e-03  1.2221e-04     2.5706e-02  5.1620e-04     3.0502e-02  6.1832e-04     1.2884e-01  2.6117e-03 
4.7394e+00     4.0288e-03  1.0596e-04     1.9094e-02  5.0219e-04     2.2656e-02  5.9917e-04     1.0738e-01  2.8397e-03 
5.3176e+00     2.5819e-03  1.0335e-04     1.3730e-02  5.4957e-04     1.6291e-02  6.5366e-04     8.6630e-02  3.4759e-03 
5.9665e+00     1.6637e-03  1.2582e-04     9.9265e-03  7.5071e-04     1.1778e-02  8.9137e-04     7.0276e-02  5.3183e-03 
6.6945e+00     8.8602e-04  3.9946e-05     5.9315e-03  2.6742e-04     7.0381e-03  3.1791e-04     4.7117e-02  2.1283e-03 
7.5114e+00     4.4709e-04  4.1263e-05     3.3583e-03  3.0994e-04     3.9848e-03  3.6793e-04     2.9931e-02  2.7637e-03 
8.4279e+00     2.2252e-04  1.9123e-05     1.8754e-03  1.6116e-04     2.2253e-03  1.9133e-04     1.8754e-02  1.6125e-03 
9.4563e+00     7.5640e-05  1.7665e-05     7.1527e-04  1.6704e-04     8.4871e-04  1.9822e-04     8.0256e-03  1.8744e-03 
1.0610e+01     2.8774e-05  7.4527e-06     3.0530e-04  7.9074e-05     3.6225e-04  9.3832e-05     3.8436e-03  9.9556e-04 
1.1905e+01     7.3272e-06  1.8227e-06     8.7228e-05  2.1699e-05     1.0350e-04  2.5749e-05     1.2322e-03  3.0653e-04 
1.3357e+01     1.9591e-06  7.2796e-07     2.6168e-05  9.7236e-06     3.1050e-05  1.1538e-05     4.1475e-04  1.5412e-04 
1.4987e+01     1.1640e-06  1.2124e-06     1.7446e-05  1.8170e-05     2.0700e-05  2.1560e-05     3.1024e-04  3.2313e-04 
1.6816e+01     5.1872e-07  8.4985e-07     8.7228e-06  1.4291e-05     1.0350e-05  1.6957e-05     1.7405e-04  2.8515e-04 
1.8868e+01     0.0000e+00  0.0000e+00     0.0000e+00  0.0000e+00     0.0000e+00  0.0000e+00     0.0000e+00  0.0000e+00 
2.1170e+01     0.0000e+00  0.0000e+00     0.0000e+00  0.0000e+00     0.0000e+00  0.0000e+00     0.0000e+00  0.0000e+00 
2.3753e+01     0.0000e+00  0.0000e+00     0.0000e+00  0.0000e+00     0.0000e+00  0.0000e+00     0.0000e+00  0.0000e+00 
2.6651e+01     0.0000e+00  0.0000e+00     0.0000e+00  0.0000e+00     0.0000e+00  0.0000e+00     0.0000e+00  0.0000e+00 
2.9903e+01     0.0000e+00  0.0000e+00     0.0000e+00  0.0000e+00     0.0000e+00  0.0000e+00     0.0000e+00  0.0000e+00 
3.3552e+01     0.0000e+00  0.0000e+00     0.0000e+00  0.0000e+00     0.0000e+00  0.0000e+00     0.0000e+00  0.0000e+00 
3.7646e+01     0.0000e+00  0.0000e+00     0.0000e+00  0.0000e+00     0.0000e+00  0.0000e+00     0.0000e+00  0.0000e+00 
4.2240e+01     0.0000e+00  0.0000e+00     0.0000e+00  0.0000e+00     0.0000e+00  0.0000e+00     0.0000e+00  0.0000e+00 
4.7394e+01     0.0000e+00  0.0000e+00     0.0000e+00  0.0000e+00     0.0000e+00  0.0000e+00     0.0000e+00  0.0000e+00 
5.3176e+01     3.2807e-07  2.6210e-07     1.7446e-05  1.3938e-05     2.0700e-05  1.6538e-05     1.1008e-03  8.7943e-04 
5.9665e+01     2.9239e-07  1.1178e-07     1.7446e-05  6.6691e-06     2.0700e-05  7.9135e-06     1.2351e-03  4.7216e-04 
6.6945e+01     0.0000e+00  0.0000e+00     0.0000e+00  0.0000e+00     0.0000e+00  0.0000e+00     0.0000e+00  0.0000e+00 
7.5114e+01     1.1613e-07  9.6367e-08     8.7228e-06  7.2385e-06     1.0350e-05  8.5890e-06     7.7744e-04  6.4515e-04 
8.4279e+01     1.0350e-07  6.5815e-08     8.7228e-06  5.5469e-06     1.0350e-05  6.5818e-06     8.7230e-04  5.5470e-04 
9.4563e+01     0.0000e+00  0.0000e+00     0.0000e+00  0.0000e+00     0.0000e+00  0.0000e+00     0.0000e+00  0.0000e+00 
1.0610e+02     0.0000e+00  0.0000e+00     0.0000e+00  0.0000e+00     0.0000e+00  0.0000e+00     0.0000e+00  0.0000e+00 
1.1905e+02     0.0000e+00  0.0000e+00     0.0000e+00  0.0000e+00     0.0000e+00  0.0000e+00     0.0000e+00  0.0000e+00 
1.3357e+02     0.0000e+00  0.0000e+00     0.0000e+00  0.0000e+00     0.0000e+00  0.0000e+00     0.0000e+00  0.0000e+00 
1.4987e+02     5.8202e-08  4.2330e-08     8.7228e-06  6.3441e-06     1.0350e-05  7.5278e-06     1.5512e-03  1.1282e-03 
1.6816e+02     0.0000e+00  0.0000e+00     0.0000e+00  0.0000e+00     0.0000e+00  0.0000e+00     0.0000e+00  0.0000e+00 
1.8868e+02     0.0000e+00  0.0000e+00     0.0000e+00  0.0000e+00     0.0000e+00  0.0000e+00     0.0000e+00  0.0000e+00 
2.1170e+02     0.0000e+00  0.0000e+00     0.0000e+00  0.0000e+00     0.0000e+00  0.0000e+00     0.0000e+00  0.0000e+00 
2.3753e+02     3.6723e-08  1.6423e-08     8.7228e-06  3.9009e-06     1.0350e-05  4.6287e-06     2.4585e-03  1.0995e-03 
2.6651e+02     0.0000e+00  0.0000e+00     0.0000e+00  0.0000e+00     0.0000e+00  0.0000e+00     0.0000e+00  0.0000e+00 
2.9903e+02     2.9170e-08  2.0969e-08     8.7228e-06  6.2706e-06     1.0350e-05  7.4405e-06     3.0950e-03  2.2249e-03 
3.3552e+02     0.0000e+00  0.0000e+00     0.0000e+00  0.0000e+00     0.0000e+00  0.0000e+00     0.0000e+00  0.0000e+00 
3.7646e+02     0.0000e+00  0.0000e+00     0.0000e+00  0.0000e+00     0.0000e+00  0.0000e+00     0.0000e+00  0.0000e+00 
4.2240e+02     0.0000e+00  0.0000e+00     0.0000e+00  0.0000e+00     0.0000e+00  0.0000e+00     0.0000e+00  0.0000e+00 
4.7394e+02     0.0000e+00  0.0000e+00     0.0000e+00  0.0000e+00     0.0000e+00  0.0000e+00     0.0000e+00  0.0000e+00 
5.3176e+02     0.0000e+00  0.0000e+00     0.0000e+00  0.0000e+00     0.0000e+00  0.0000e+00     0.0000e+00  0.0000e+00 
5.9665e+02     2.9239e-08  1.1657e-08     1.7446e-05  6.9553e-06     2.0700e-05  8.2531e-06     1.2351e-02  4.9242e-03 
6.6945e+02     1.3030e-08  1.6888e-08     8.7228e-06  1.1306e-05     1.0350e-05  1.3415e-05     6.9289e-03  8.9805e-03 
7.5114e+02     0.0000e+00  0.0000e+00     0.0000e+00  0.0000e+00     0.0000e+00  0.0000e+00     0.0000e+00  0.0000e+00 
8.4279e+02     0.0000e+00  0.0000e+00     0.0000e+00  0.0000e+00     0.0000e+00  0.0000e+00     0.0000e+00  0.0000e+00 
9.4563e+02     9.2243e-09  4.3271e-09     8.7228e-06  4.0918e-06     1.0350e-05  4.8552e-06     9.7873e-03  4.5912e-03 
1.0610e+03     0.0000e+00  0.0000e+00     0.0000e+00  0.0000e+00     0.0000e+00  0.0000e+00     0.0000e+00  0.0000e+00 
1.1905e+03     0.0000e+00  0.0000e+00     0.0000e+00  0.0000e+00     0.0000e+00  0.0000e+00     0.0000e+00  0.0000e+00 
1.3357e+03     0.0000e+00  0.0000e+00     0.0000e+00  0.0000e+00     0.0000e+00  0.0000e+00     0.0000e+00  0.0000e+00 
1.4987e+03     0.0000e+00  0.0000e+00     0.0000e+00  0.0000e+00     0.0000e+00  0.0000e+00     0.0000e+00  0.0000e+00 
1.6816e+03     0.0000e+00  0.0000e+00     0.0000e+00  0.0000e+00     0.0000e+00  0.0000e+00     0.0000e+00  0.0000e+00 
1.8868e+03     0.0000e+00  0.0000e+00     0.0000e+00  0.0000e+00     0.0000e+00  0.0000e+00     0.0000e+00  0.0000e+00 
2.1170e+03     0.0000e+00  0.0000e+00     0.0000e+00  0.0000e+00     0.0000e+00  0.0000e+00     0.0000e+00  0.0000e+00 
2.3753e+03     0.0000e+00  0.0000e+00     0.0000e+00  0.0000e+00     0.0000e+00  0.0000e+00     0.0000e+00  0.0000e+00 
2.6651e+03     0.0000e+00  0.0000e+00     0.0000e+00  0.0000e+00     0.0000e+00  0.0000e+00     0.0000e+00  0.0000e+00 
2.9903e+03     0.0000e+00  0.0000e+00     0.0000e+00  0.0000e+00     0.0000e+00  0.0000e+00     0.0000e+00  0.0000e+00 
3.3552e+03     0.0000e+00  0.0000e+00     0.0000e+00  0.0000e+00     0.0000e+00  0.0000e+00     0.0000e+00  0.0000e+00 
3.7646e+03     0.0000e+00  0.0000e+00     0.0000e+00  0.0000e+00     0.0000e+00  0.0000e+00     0.0000e+00  0.0000e+00 
4.2240e+03     0.0000e+00  0.0000e+00     0.0000e+00  0.0000e+00     0.0000e+00  0.0000e+00     0.0000e+00  0.0000e+00 
4.7394e+03     0.0000e+00  0.0000e+00     0.0000e+00  0.0000e+00     0.0000e+00  0.0000e+00     0.0000e+00  0.0000e+00 
5.3176e+03     0.0000e+00  0.0000e+00     0.0000e+00  0.0000e+00     0.0000e+00  0.0000e+00     0.0000e+00  0.0000e+00 
5.9665e+03     0.0000e+00  0.0000e+00     0.0000e+00  0.0000e+00     0.0000e+00  0.0000e+00     0.0000e+00  0.0000e+00 
6.6945e+03     0.0000e+00  0.0000e+00     0.0000e+00  0.0000e+00     0.0000e+00  0.0000e+00     0.0000e+00  0.0000e+00 
7.5114e+03     0.0000e+00  0.0000e+00     0.0000e+00  0.0000e+00     0.0000e+00  0.0000e+00     0.0000e+00  0.0000e+00 
8.4279e+03     0.0000e+00  0.0000e+00     0.0000e+00  0.0000e+00     0.0000e+00  0.0000e+00     0.0000e+00  0.0000e+00 
9.4563e+03     0.0000e+00  0.0000e+00     0.0000e+00  0.0000e+00     0.0000e+00  0.0000e+00     0.0000e+00  0.0000e+00 
