yF = 7.6758e-01 (std: 2.3479e-03) keV/um
yD = 1.8094e+00 (std: 5.5249e-01) keV/um
y (keV/um)     f(y)(std)                  yf(y)(std)                 d(y)(std)                  yd(y)(std)  
1.0610e-03     0.0000e+00  0.0000e+00     0.0000e+00  0.0000e+00     0.0000e+00  0.0000e+00     0.0000e+00  0.0000e+00 
1.1905e-03     7.3290e-03  5.6504e-03     8.7249e-06  6.7267e-06     1.1367e-05  8.7636e-06     1.3532e-08  1.0433e-08 
1.3357e-03     0.0000e+00  0.0000e+00     0.0000e+00  0.0000e+00     0.0000e+00  0.0000e+00     0.0000e+00  0.0000e+00 
1.4987e-03     0.0000e+00  0.0000e+00     0.0000e+00  0.0000e+00     0.0000e+00  0.0000e+00     0.0000e+00  0.0000e+00 
1.6816e-03     1.5566e-02  6.2411e-03     2.6175e-05  1.0495e-05     3.4100e-05  1.3673e-05     5.7343e-08  2.2993e-08 
1.8868e-03     0.0000e+00  0.0000e+00     0.0000e+00  0.0000e+00     0.0000e+00  0.0000e+00     0.0000e+00  0.0000e+00 
2.1170e-03     8.2428e-03  8.8640e-03     1.7450e-05  1.8765e-05     2.2734e-05  2.4447e-05     4.8127e-08  5.1754e-08 
2.3753e-03     7.3464e-03  2.8657e-03     1.7450e-05  6.8070e-06     2.2734e-05  8.8684e-06     5.3999e-08  2.1065e-08 
2.6651e-03     0.0000e+00  0.0000e+00     0.0000e+00  0.0000e+00     0.0000e+00  0.0000e+00     0.0000e+00  0.0000e+00 
2.9903e-03     5.8354e-03  3.2000e-03     1.7450e-05  9.5692e-06     2.2734e-05  1.2467e-05     6.7981e-08  3.7280e-08 
3.3552e-03     2.6004e-03  1.1031e-03     8.7249e-06  3.7011e-06     1.1367e-05  4.8220e-06     3.8138e-08  1.6179e-08 
3.7646e-03     6.9529e-03  4.7526e-03     2.6175e-05  1.7892e-05     3.4100e-05  2.3309e-05     1.2837e-07  8.7750e-08 
4.2240e-03     1.6525e-02  7.7291e-03     6.9799e-05  3.2648e-05     9.0935e-05  4.2534e-05     3.8410e-07  1.7966e-07 
4.7394e-03     1.4728e-02  2.1708e-02     6.9799e-05  1.0288e-04     9.0935e-05  1.3404e-04     4.3097e-07  6.3525e-07 
5.3176e-03     4.9223e-03  2.3560e-03     2.6175e-05  1.2528e-05     3.4100e-05  1.6322e-05     1.8133e-07  8.6795e-08 
5.9665e-03     1.0236e-02  3.2981e-03     6.1075e-05  1.9678e-05     7.9568e-05  2.5638e-05     4.7474e-07  1.5297e-07 
6.6945e-03     1.0426e-02  4.5601e-03     6.9799e-05  3.0528e-05     9.0935e-05  3.9773e-05     6.0876e-07  2.6626e-07 
7.5114e-03     9.2925e-03  3.1847e-03     6.9799e-05  2.3921e-05     9.0935e-05  3.1166e-05     6.8304e-07  2.3410e-07 
8.4279e-03     1.0352e-03  1.1149e-03     8.7249e-06  9.3965e-06     1.1367e-05  1.2242e-05     9.5798e-08  1.0317e-07 
9.4563e-03     0.0000e+00  0.0000e+00     0.0000e+00  0.0000e+00     0.0000e+00  0.0000e+00     0.0000e+00  0.0000e+00 
1.0610e-02     0.0000e+00  0.0000e+00     0.0000e+00  0.0000e+00     0.0000e+00  0.0000e+00     0.0000e+00  0.0000e+00 
1.1905e-02     3.0489e-01  2.0685e-02     3.6296e-03  2.4625e-04     4.7286e-03  3.2114e-04     5.6293e-05  3.8231e-06 
1.3357e-02     2.6520e-01  2.0194e-02     3.5423e-03  2.6974e-04     4.6149e-03  3.5169e-04     6.1643e-05  4.6977e-06 
1.4987e-02     2.0667e-01  1.8444e-02     3.0974e-03  2.7642e-04     4.0352e-03  3.6033e-04     6.0477e-05  5.4003e-06 
1.6816e-02     1.6759e-01  1.6260e-02     2.8182e-03  2.7343e-04     3.6715e-03  3.5640e-04     6.1739e-05  5.9931e-06 
1.8868e-02     1.2855e-01  1.4034e-02     2.4255e-03  2.6479e-04     3.1600e-03  3.4510e-04     5.9622e-05  6.5113e-06 
2.1170e-02     9.0670e-02  6.5838e-03     1.9195e-03  1.3938e-04     2.5007e-03  1.8174e-04     5.2940e-05  3.8475e-06 
2.3753e-02     1.3811e-01  7.1112e-03     3.2806e-03  1.6891e-04     4.2739e-03  2.2045e-04     1.0152e-04  5.2363e-06 
2.6651e-02     1.8169e-01  1.3979e-02     4.8423e-03  3.7256e-04     6.3086e-03  4.8575e-04     1.6813e-04  1.2946e-05 
2.9903e-02     1.9199e-01  8.4606e-03     5.7410e-03  2.5300e-04     7.4794e-03  3.3040e-04     2.2366e-04  9.8801e-06 
3.3552e-02     1.7397e-01  5.1939e-03     5.8370e-03  1.7426e-04     7.6044e-03  2.2822e-04     2.5514e-04  7.6572e-06 
3.7646e-02     1.7683e-01  6.6187e-03     6.6571e-03  2.4917e-04     8.6729e-03  3.2570e-04     3.2650e-04  1.2261e-05 
4.2240e-02     1.9540e-01  8.5227e-03     8.2538e-03  3.5999e-04     1.0753e-02  4.7015e-04     4.5420e-04  1.9859e-05 
4.7394e-02     2.1668e-01  1.0330e-02     1.0269e-02  4.8959e-04     1.3379e-02  6.3915e-04     6.3407e-04  3.0292e-05 
5.3176e-02     2.1625e-01  4.5776e-03     1.1499e-02  2.4342e-04     1.4981e-02  3.2042e-04     7.9666e-04  1.7039e-05 
5.9665e-02     2.2651e-01  6.7839e-03     1.3515e-02  4.0476e-04     1.7607e-02  5.3006e-04     1.0505e-03  3.1626e-05 
6.6945e-02     2.4958e-01  6.8793e-03     1.6708e-02  4.6054e-04     2.1767e-02  6.0367e-04     1.4572e-03  4.0413e-05 
7.5114e-02     2.7181e-01  6.8561e-03     2.0416e-02  5.1499e-04     2.6598e-02  6.7584e-04     1.9979e-03  5.0765e-05 
8.4279e-02     2.8728e-01  1.0160e-02     2.4212e-02  8.5630e-04     3.1543e-02  1.1198e-03     2.6584e-03  9.4372e-05 
9.4563e-02     3.0448e-01  1.4277e-02     2.8792e-02  1.3501e-03     3.7511e-02  1.7626e-03     3.5471e-03  1.6668e-04 
1.0610e-01     3.3255e-01  8.0199e-03     3.5284e-02  8.5091e-04     4.5967e-02  1.1174e-03     4.8772e-03  1.1856e-04 
1.1905e-01     3.6769e-01  8.7776e-03     4.3773e-02  1.0449e-03     5.7027e-02  1.3725e-03     6.7890e-03  1.6339e-04 
1.3357e-01     3.9662e-01  5.2070e-03     5.2978e-02  6.9552e-04     6.9019e-02  9.3039e-04     9.2191e-03  1.2428e-04 
1.4987e-01     4.2876e-01  5.4484e-03     6.4259e-02  8.1656e-04     8.3717e-02  1.0942e-03     1.2547e-02  1.6399e-04 
1.6816e-01     4.8290e-01  4.9465e-03     8.1203e-02  8.3180e-04     1.0579e-01  1.1310e-03     1.7790e-02  1.9018e-04 
1.8868e-01     5.4127e-01  9.0670e-03     1.0213e-01  1.7107e-03     1.3305e-01  2.2656e-03     2.5103e-02  4.2747e-04 
2.1170e-01     5.8272e-01  1.1560e-02     1.2336e-01  2.4472e-03     1.6072e-01  3.2258e-03     3.4023e-02  6.8290e-04 
2.3753e-01     6.5291e-01  5.0720e-03     1.5509e-01  1.2048e-03     2.0205e-01  1.6868e-03     4.7992e-02  4.0068e-04 
2.6651e-01     7.0893e-01  7.1983e-03     1.8894e-01  1.9185e-03     2.4615e-01  2.6103e-03     6.5602e-02  6.9568e-04 
2.9903e-01     7.8425e-01  1.0884e-02     2.3452e-01  3.2547e-03     3.0553e-01  4.3420e-03     9.1363e-02  1.2984e-03 
3.3552e-01     8.8539e-01  1.2851e-02     2.9707e-01  4.3117e-03     3.8702e-01  5.7407e-03     1.2985e-01  1.9261e-03 
3.7646e-01     9.9811e-01  1.6376e-02     3.7575e-01  6.1648e-03     4.8952e-01  8.1699e-03     1.8429e-01  3.0756e-03 
4.2240e-01     1.1014e+00  9.1400e-03     4.6523e-01  3.8607e-03     6.0610e-01  5.3605e-03     2.5601e-01  2.2642e-03 
4.7394e-01     1.2076e+00  5.2468e-03     5.7232e-01  2.4866e-03     7.4562e-01  3.9619e-03     3.5338e-01  1.8777e-03 
5.3176e-01     1.2747e+00  5.4823e-03     6.7782e-01  2.9153e-03     8.8307e-01  4.6606e-03     4.6958e-01  2.4783e-03 
5.9665e-01     1.2876e+00  9.5207e-03     7.6825e-01  5.6805e-03     1.0009e+00  8.0088e-03     5.9717e-01  4.7785e-03 
6.6945e-01     1.1799e+00  5.0042e-03     7.8987e-01  3.3501e-03     1.0290e+00  5.3811e-03     6.8889e-01  3.6024e-03 
7.5114e-01     9.9799e-01  4.6992e-03     7.4963e-01  3.5297e-03     9.7662e-01  5.4836e-03     7.3357e-01  4.1189e-03 
8.4279e-01     7.5715e-01  2.0828e-03     6.3812e-01  1.7553e-03     8.3134e-01  3.4199e-03     7.0064e-01  2.8823e-03 
9.4563e-01     5.3471e-01  3.5621e-03     5.0564e-01  3.3684e-03     6.5874e-01  4.8288e-03     6.2292e-01  4.5662e-03 
1.0610e+00     3.5733e-01  4.6026e-03     3.7913e-01  4.8834e-03     4.9393e-01  6.5390e-03     5.2407e-01  6.9379e-03 
1.1905e+00     2.3449e-01  2.3485e-03     2.7915e-01  2.7958e-03     3.6368e-01  3.8085e-03     4.3295e-01  4.5339e-03 
1.3357e+00     1.5153e-01  9.3355e-04     2.0240e-01  1.2470e-03     2.6369e-01  1.8138e-03     3.5222e-01  2.4227e-03 
1.4987e+00     1.0367e-01  1.2497e-03     1.5536e-01  1.8730e-03     2.0241e-01  2.5174e-03     3.0335e-01  3.7729e-03 
1.6816e+00     7.1685e-02  9.7358e-04     1.2054e-01  1.6372e-03     1.5704e-01  2.1863e-03     2.6408e-01  3.6765e-03 
1.8868e+00     5.0788e-02  1.0375e-03     9.5826e-02  1.9576e-03     1.2484e-01  2.5787e-03     2.3555e-01  4.8655e-03 
2.1170e+00     3.7088e-02  7.6140e-04     7.8516e-02  1.6119e-03     1.0229e-01  2.1231e-03     2.1655e-01  4.4946e-03 
2.3753e+00     2.6069e-02  4.2091e-04     6.1921e-02  9.9980e-04     8.0670e-02  1.3257e-03     1.9162e-01  3.1489e-03 
2.6651e+00     1.9672e-02  2.0842e-04     5.2428e-02  5.5546e-04     6.8303e-02  7.5321e-04     1.8204e-01  2.0074e-03 
2.9903e+00     1.3953e-02  7.0482e-04     4.1723e-02  2.1076e-03     5.4356e-02  2.7509e-03     1.6254e-01  8.2260e-03 
3.3552e+00     1.0204e-02  5.6483e-04     3.4237e-02  1.8951e-03     4.4603e-02  2.4727e-03     1.4965e-01  8.2965e-03 
3.7646e+00     7.3075e-03  1.8623e-04     2.7510e-02  7.0109e-04     3.5840e-02  9.1993e-04     1.3492e-01  3.4632e-03 
4.2240e+00     5.0958e-03  1.1770e-04     2.1524e-02  4.9715e-04     2.8042e-02  6.5334e-04     1.1845e-01  2.7597e-03 
4.7394e+00     3.5052e-03  1.9899e-04     1.6612e-02  9.4311e-04     2.1642e-02  1.2305e-03     1.0257e-01  5.8316e-03 
5.3176e+00     2.1116e-03  8.2645e-05     1.1229e-02  4.3948e-04     1.4629e-02  5.7429e-04     7.7792e-02  3.0539e-03 
5.9665e+00     1.2678e-03  6.5383e-05     7.5645e-03  3.9011e-04     9.8550e-03  5.0913e-04     5.8800e-02  3.0377e-03 
6.6945e+00     7.4679e-04  3.0307e-05     4.9994e-03  2.0289e-04     6.5132e-03  2.6508e-04     4.3603e-02  1.7746e-03 
7.5114e+00     3.8099e-04  3.5609e-05     2.8618e-03  2.6748e-04     3.7283e-03  3.4865e-04     2.8005e-02  2.6189e-03 
8.4279e+00     1.8013e-04  1.6915e-05     1.5181e-03  1.4256e-04     1.9778e-03  1.8582e-04     1.6669e-02  1.5661e-03 
9.4563e+00     6.7354e-05  1.7143e-05     6.3692e-04  1.6211e-04     8.2978e-04  2.1122e-04     7.8466e-03  1.9973e-03 
1.0610e+01     3.1248e-05  5.7397e-06     3.3155e-04  6.0898e-05     4.3194e-04  7.9349e-05     4.5829e-03  8.4190e-04 
1.1905e+01     1.0261e-05  4.0386e-06     1.2215e-04  4.8078e-05     1.5914e-04  6.2638e-05     1.8945e-03  7.4569e-04 
1.3357e+01     2.6128e-06  1.3851e-06     3.4900e-05  1.8501e-05     4.5467e-05  2.4104e-05     6.0732e-04  3.2196e-04 
1.4987e+01     1.1643e-06  5.1555e-07     1.7450e-05  7.7266e-06     2.2734e-05  1.0066e-05     3.4071e-04  1.5087e-04 
1.6816e+01     0.0000e+00  0.0000e+00     0.0000e+00  0.0000e+00     0.0000e+00  0.0000e+00     0.0000e+00  0.0000e+00 
1.8868e+01     4.6243e-07  2.2180e-07     8.7249e-06  4.1849e-06     1.1367e-05  5.4522e-06     2.1447e-04  1.0287e-04 
2.1170e+01     4.1214e-07  3.4199e-07     8.7249e-06  7.2399e-06     1.1367e-05  9.4322e-06     2.4063e-04  1.9968e-04 
2.3753e+01     0.0000e+00  0.0000e+00     0.0000e+00  0.0000e+00     0.0000e+00  0.0000e+00     0.0000e+00  0.0000e+00 
2.6651e+01     0.0000e+00  0.0000e+00     0.0000e+00  0.0000e+00     0.0000e+00  0.0000e+00     0.0000e+00  0.0000e+00 
2.9903e+01     0.0000e+00  0.0000e+00     0.0000e+00  0.0000e+00     0.0000e+00  0.0000e+00     0.0000e+00  0.0000e+00 
3.3552e+01     0.0000e+00  0.0000e+00     0.0000e+00  0.0000e+00     0.0000e+00  0.0000e+00     0.0000e+00  0.0000e+00 
3.7646e+01     2.3176e-07  7.3277e-08     8.7249e-06  2.7586e-06     1.1367e-05  3.5940e-06     4.2792e-04  1.3530e-04 
4.2240e+01     0.0000e+00  0.0000e+00     0.0000e+00  0.0000e+00     0.0000e+00  0.0000e+00     0.0000e+00  0.0000e+00 
4.7394e+01     0.0000e+00  0.0000e+00     0.0000e+00  0.0000e+00     0.0000e+00  0.0000e+00     0.0000e+00  0.0000e+00 
5.3176e+01     0.0000e+00  0.0000e+00     0.0000e+00  0.0000e+00     0.0000e+00  0.0000e+00     0.0000e+00  0.0000e+00 
5.9665e+01     0.0000e+00  0.0000e+00     0.0000e+00  0.0000e+00     0.0000e+00  0.0000e+00     0.0000e+00  0.0000e+00 
6.6945e+01     1.3033e-07  7.3853e-08     8.7249e-06  4.9441e-06     1.1367e-05  6.4412e-06     7.6095e-04  4.3121e-04 
7.5114e+01     0.0000e+00  0.0000e+00     0.0000e+00  0.0000e+00     0.0000e+00  0.0000e+00     0.0000e+00  0.0000e+00 
8.4279e+01     0.0000e+00  0.0000e+00     0.0000e+00  0.0000e+00     0.0000e+00  0.0000e+00     0.0000e+00  0.0000e+00 
9.4563e+01     0.0000e+00  0.0000e+00     0.0000e+00  0.0000e+00     0.0000e+00  0.0000e+00     0.0000e+00  0.0000e+00 
1.0610e+02     8.2232e-08  5.2290e-08     8.7249e-06  5.5480e-06     1.1367e-05  7.2280e-06     1.2060e-03  7.6689e-04 
1.1905e+02     7.3290e-08  2.6420e-08     8.7249e-06  3.1452e-06     1.1367e-05  4.0977e-06     1.3532e-03  4.8782e-04 
1.3357e+02     6.5320e-08  5.4915e-08     8.7249e-06  7.3352e-06     1.1367e-05  9.5564e-06     1.5183e-03  1.2765e-03 
1.4987e+02     1.1643e-07  4.1120e-08     1.7450e-05  6.1627e-06     2.2734e-05  8.0291e-06     3.4071e-03  1.2033e-03 
1.6816e+02     0.0000e+00  0.0000e+00     0.0000e+00  0.0000e+00     0.0000e+00  0.0000e+00     0.0000e+00  0.0000e+00 
1.8868e+02     0.0000e+00  0.0000e+00     0.0000e+00  0.0000e+00     0.0000e+00  0.0000e+00     0.0000e+00  0.0000e+00 
2.1170e+02     0.0000e+00  0.0000e+00     0.0000e+00  0.0000e+00     0.0000e+00  0.0000e+00     0.0000e+00  0.0000e+00 
2.3753e+02     3.6732e-08  2.3357e-08     8.7249e-06  5.5480e-06     1.1367e-05  7.2280e-06     2.7000e-03  1.7169e-03 
2.6651e+02     3.2737e-08  1.3218e-07     8.7249e-06  3.5227e-05     1.1367e-05  4.5894e-05     3.0294e-03  1.2231e-02 
2.9903e+02     0.0000e+00  0.0000e+00     0.0000e+00  0.0000e+00     0.0000e+00  0.0000e+00     0.0000e+00  0.0000e+00 
3.3552e+02     0.0000e+00  0.0000e+00     0.0000e+00  0.0000e+00     0.0000e+00  0.0000e+00     0.0000e+00  0.0000e+00 
3.7646e+02     2.3176e-08  5.0271e-08     8.7249e-06  1.8925e-05     1.1367e-05  2.4656e-05     4.2792e-03  9.2819e-03 
4.2240e+02     0.0000e+00  0.0000e+00     0.0000e+00  0.0000e+00     0.0000e+00  0.0000e+00     0.0000e+00  0.0000e+00 
4.7394e+02     0.0000e+00  0.0000e+00     0.0000e+00  0.0000e+00     0.0000e+00  0.0000e+00     0.0000e+00  0.0000e+00 
5.3176e+02     0.0000e+00  0.0000e+00     0.0000e+00  0.0000e+00     0.0000e+00  0.0000e+00     0.0000e+00  0.0000e+00 
5.9665e+02     0.0000e+00  0.0000e+00     0.0000e+00  0.0000e+00     0.0000e+00  0.0000e+00     0.0000e+00  0.0000e+00 
6.6945e+02     0.0000e+00  0.0000e+00     0.0000e+00  0.0000e+00     0.0000e+00  0.0000e+00     0.0000e+00  0.0000e+00 
7.5114e+02     0.0000e+00  0.0000e+00     0.0000e+00  0.0000e+00     0.0000e+00  0.0000e+00     0.0000e+00  0.0000e+00 
8.4279e+02     0.0000e+00  0.0000e+00     0.0000e+00  0.0000e+00     0.0000e+00  0.0000e+00     0.0000e+00  0.0000e+00 
9.4563e+02     0.0000e+00  0.0000e+00     0.0000e+00  0.0000e+00     0.0000e+00  0.0000e+00     0.0000e+00  0.0000e+00 
1.0610e+03     0.0000e+00  0.0000e+00     0.0000e+00  0.0000e+00     0.0000e+00  0.0000e+00     0.0000e+00  0.0000e+00 
1.1905e+03     0.0000e+00  0.0000e+00     0.0000e+00  0.0000e+00     0.0000e+00  0.0000e+00     0.0000e+00  0.0000e+00 
1.3357e+03     0.0000e+00  0.0000e+00     0.0000e+00  0.0000e+00     0.0000e+00  0.0000e+00     0.0000e+00  0.0000e+00 
1.4987e+03     0.0000e+00  0.0000e+00     0.0000e+00  0.0000e+00     0.0000e+00  0.0000e+00     0.0000e+00  0.0000e+00 
1.6816e+03     0.0000e+00  0.0000e+00     0.0000e+00  0.0000e+00     0.0000e+00  0.0000e+00     0.0000e+00  0.0000e+00 
1.8868e+03     0.0000e+00  0.0000e+00     0.0000e+00  0.0000e+00     0.0000e+00  0.0000e+00     0.0000e+00  0.0000e+00 
2.1170e+03     0.0000e+00  0.0000e+00     0.0000e+00  0.0000e+00     0.0000e+00  0.0000e+00     0.0000e+00  0.0000e+00 
2.3753e+03     0.0000e+00  0.0000e+00     0.0000e+00  0.0000e+00     0.0000e+00  0.0000e+00     0.0000e+00  0.0000e+00 
2.6651e+03     0.0000e+00  0.0000e+00     0.0000e+00  0.0000e+00     0.0000e+00  0.0000e+00     0.0000e+00  0.0000e+00 
2.9903e+03     0.0000e+00  0.0000e+00     0.0000e+00  0.0000e+00     0.0000e+00  0.0000e+00     0.0000e+00  0.0000e+00 
3.3552e+03     0.0000e+00  0.0000e+00     0.0000e+00  0.0000e+00     0.0000e+00  0.0000e+00     0.0000e+00  0.0000e+00 
3.7646e+03     0.0000e+00  0.0000e+00     0.0000e+00  0.0000e+00     0.0000e+00  0.0000e+00     0.0000e+00  0.0000e+00 
4.2240e+03     0.0000e+00  0.0000e+00     0.0000e+00  0.0000e+00     0.0000e+00  0.0000e+00     0.0000e+00  0.0000e+00 
4.7394e+03     0.0000e+00  0.0000e+00     0.0000e+00  0.0000e+00     0.0000e+00  0.0000e+00     0.0000e+00  0.0000e+00 
5.3176e+03     0.0000e+00  0.0000e+00     0.0000e+00  0.0000e+00     0.0000e+00  0.0000e+00     0.0000e+00  0.0000e+00 
5.9665e+03     0.0000e+00  0.0000e+00     0.0000e+00  0.0000e+00     0.0000e+00  0.0000e+00     0.0000e+00  0.0000e+00 
6.6945e+03     0.0000e+00  0.0000e+00     0.0000e+00  0.0000e+00     0.0000e+00  0.0000e+00     0.0000e+00  0.0000e+00 
7.5114e+03     0.0000e+00  0.0000e+00     0.0000e+00  0.0000e+00     0.0000e+00  0.0000e+00     0.0000e+00  0.0000e+00 
8.4279e+03     0.0000e+00  0.0000e+00     0.0000e+00  0.0000e+00     0.0000e+00  0.0000e+00     0.0000e+00  0.0000e+00 
9.4563e+03     0.0000e+00  0.0000e+00     0.0000e+00  0.0000e+00     0.0000e+00  0.0000e+00     0.0000e+00  0.0000e+00 
