yF = 7.4449e-01 (std: 1.9280e-03) keV/um
yD = 2.3254e+00 (std: 4.4877e-01) keV/um
y (keV/um)     f(y)(std)                  yf(y)(std)                 d(y)(std)                  yd(y)(std)  
1.0610e-03     0.0000e+00  0.0000e+00     0.0000e+00  0.0000e+00     0.0000e+00  0.0000e+00     0.0000e+00  0.0000e+00 
1.1905e-03     0.0000e+00  0.0000e+00     0.0000e+00  0.0000e+00     0.0000e+00  0.0000e+00     0.0000e+00  0.0000e+00 
1.3357e-03     0.0000e+00  0.0000e+00     0.0000e+00  0.0000e+00     0.0000e+00  0.0000e+00     0.0000e+00  0.0000e+00 
1.4987e-03     5.8217e-03  3.6529e-03     8.7251e-06  5.4747e-06     1.1720e-05  7.3537e-06     1.7564e-08  1.1021e-08 
1.6816e-03     1.0377e-02  4.9256e-03     1.7450e-05  8.2828e-06     2.3439e-05  1.1126e-05     3.9415e-08  1.8709e-08 
1.8868e-03     1.3873e-02  9.8436e-03     2.6175e-05  1.8573e-05     3.5159e-05  2.4947e-05     6.6337e-08  4.7069e-08 
2.1170e-03     4.1215e-03  1.8886e-03     8.7251e-06  3.9982e-06     1.1720e-05  5.3705e-06     2.4810e-08  1.1369e-08 
2.3753e-03     7.3465e-03  3.9886e-03     1.7450e-05  9.4741e-06     2.3439e-05  1.2726e-05     5.5675e-08  3.0228e-08 
2.6651e-03     6.5476e-03  2.1975e-02     1.7450e-05  5.8567e-05     2.3439e-05  7.8668e-05     6.2469e-08  2.0966e-07 
2.9903e-03     1.1671e-02  4.3222e-03     3.4900e-05  1.2925e-05     4.6879e-05  1.7361e-05     1.4018e-07  5.1916e-08 
3.3552e-03     1.8203e-02  5.6458e-03     6.1076e-05  1.8943e-05     8.2038e-05  2.5445e-05     2.7525e-07  8.5374e-08 
3.7646e-03     9.2707e-03  7.9332e-03     3.4900e-05  2.9865e-05     4.6879e-05  4.0116e-05     1.7648e-07  1.5102e-07 
4.2240e-03     8.2625e-03  3.5524e-03     3.4900e-05  1.5005e-05     4.6879e-05  2.0155e-05     1.9801e-07  8.5136e-08 
4.7394e-03     1.2887e-02  5.0773e-03     6.1076e-05  2.4063e-05     8.2038e-05  3.2322e-05     3.8880e-07  1.5319e-07 
5.3176e-03     9.8447e-03  4.0678e-03     5.2351e-05  2.1631e-05     7.0318e-05  2.9056e-05     3.7393e-07  1.5451e-07 
5.9665e-03     7.3118e-03  1.6126e-02     4.3626e-05  9.6217e-05     5.8598e-05  1.2924e-04     3.4963e-07  7.7110e-07 
6.6945e-03     1.3033e-02  5.5309e-03     8.7251e-05  3.7027e-05     1.1720e-04  4.9736e-05     7.8457e-07  3.3296e-07 
7.5114e-03     6.9695e-03  4.0260e-03     5.2351e-05  3.0241e-05     7.0318e-05  4.0620e-05     5.2818e-07  3.0512e-07 
8.4279e-03     0.0000e+00  0.0000e+00     0.0000e+00  0.0000e+00     0.0000e+00  0.0000e+00     0.0000e+00  0.0000e+00 
9.4563e-03     9.2268e-04  6.2496e-04     8.7251e-06  5.9097e-06     1.1720e-05  7.9381e-06     1.1082e-07  7.5065e-08 
1.0610e-02     1.6447e-03  1.0358e-03     1.7450e-05  1.0990e-05     2.3439e-05  1.4761e-05     2.4869e-07  1.5662e-07 
1.1905e-02     3.3641e-01  5.3635e-02     4.0048e-03  6.3850e-04     5.3793e-03  8.5776e-04     6.4039e-05  1.0211e-05 
1.3357e-02     2.7892e-01  2.1612e-02     3.7256e-03  2.8868e-04     5.0043e-03  3.8797e-04     6.6844e-05  5.1823e-06 
1.4987e-02     2.2123e-01  1.4543e-02     3.3155e-03  2.1795e-04     4.4535e-03  2.9298e-04     6.6745e-05  4.3910e-06 
1.6816e-02     1.6500e-01  1.3284e-02     2.7746e-03  2.2338e-04     3.7268e-03  3.0020e-04     6.2670e-05  5.0481e-06 
1.8868e-02     1.3596e-01  1.2797e-02     2.5652e-03  2.4146e-04     3.4456e-03  3.2445e-04     6.5010e-05  6.1217e-06 
2.1170e-02     1.1293e-01  9.8010e-03     2.3907e-03  2.0749e-04     3.2112e-03  2.7882e-04     6.7980e-05  5.9026e-06 
2.3753e-02     1.3003e-01  1.0718e-02     3.0887e-03  2.5460e-04     4.1488e-03  3.4215e-04     9.8546e-05  8.1270e-06 
2.6651e-02     1.8137e-01  1.2585e-02     4.8337e-03  3.3541e-04     6.4927e-03  4.5083e-04     1.7304e-04  1.2015e-05 
2.9903e-02     1.8907e-01  1.4221e-02     5.6539e-03  4.2524e-04     7.5943e-03  5.7153e-04     2.2710e-04  1.7091e-05 
3.3552e-02     1.7813e-01  1.5660e-02     5.9767e-03  5.2543e-04     8.0280e-03  7.0607e-04     2.6935e-04  2.3690e-05 
3.7646e-02     2.0929e-01  1.7450e-02     7.8788e-03  6.5691e-04     1.0583e-02  8.8279e-04     3.9840e-04  3.3234e-05 
4.2240e-02     2.0780e-01  1.1032e-02     8.7775e-03  4.6600e-04     1.1790e-02  6.2668e-04     4.9800e-04  2.6471e-05 
4.7394e-02     2.1429e-01  6.2610e-03     1.0156e-02  2.9673e-04     1.3642e-02  4.0014e-04     6.4653e-04  1.8964e-05 
5.3176e-02     2.3037e-01  1.0025e-02     1.2250e-02  5.3312e-04     1.6454e-02  7.1736e-04     8.7499e-04  3.8146e-05 
5.9665e-02     2.3924e-01  8.4613e-03     1.4274e-02  5.0484e-04     1.9173e-02  6.7993e-04     1.1440e-03  4.0568e-05 
6.6945e-02     2.6809e-01  1.4910e-02     1.7948e-02  9.9815e-04     2.4107e-02  1.3422e-03     1.6139e-03  8.9853e-05 
7.5114e-02     2.8668e-01  6.8164e-03     2.1534e-02  5.1201e-04     2.8924e-02  6.9180e-04     2.1726e-03  5.1963e-05 
8.4279e-02     3.1700e-01  8.2977e-03     2.6716e-02  6.9932e-04     3.5886e-02  9.4392e-04     3.0244e-03  7.9553e-05 
9.4563e-02     3.3715e-01  1.4181e-02     3.1882e-02  1.3409e-03     4.2824e-02  1.8046e-03     4.0495e-03  1.7065e-04 
1.0610e-01     3.6569e-01  9.0934e-03     3.8801e-02  9.6482e-04     5.2117e-02  1.3030e-03     5.5297e-03  1.3825e-04 
1.1905e-01     3.8507e-01  8.9991e-03     4.5842e-02  1.0713e-03     6.1575e-02  1.4478e-03     7.3303e-03  1.7236e-04 
1.3357e-01     4.1662e-01  8.8265e-03     5.5649e-02  1.1790e-03     7.4748e-02  1.5954e-03     9.9843e-03  2.1310e-04 
1.4987e-01     4.6411e-01  6.3923e-03     6.9557e-02  9.5803e-04     9.3429e-02  1.3094e-03     1.4002e-02  1.9624e-04 
1.6816e-01     5.1891e-01  5.9483e-03     8.7260e-02  1.0003e-03     1.1721e-01  1.3774e-03     1.9710e-02  2.3162e-04 
1.8868e-01     5.6343e-01  5.4552e-03     1.0631e-01  1.0293e-03     1.4279e-01  1.4311e-03     2.6942e-02  2.7002e-04 
2.1170e-01     6.2292e-01  1.1053e-02     1.3187e-01  2.3400e-03     1.7713e-01  3.1764e-03     3.7498e-02  6.7244e-04 
2.3753e-01     6.9311e-01  4.6896e-03     1.6463e-01  1.1139e-03     2.2114e-01  1.6021e-03     5.2527e-02  3.8055e-04 
2.6651e-01     7.6365e-01  4.4760e-03     2.0352e-01  1.1929e-03     2.7337e-01  1.7518e-03     7.2857e-02  4.6687e-04 
2.9903e-01     8.5021e-01  8.1213e-03     2.5424e-01  2.4285e-03     3.4150e-01  3.3798e-03     1.0212e-01  1.0107e-03 
3.3552e-01     9.5193e-01  8.0656e-03     3.1939e-01  2.7062e-03     4.2901e-01  3.8009e-03     1.4394e-01  1.2753e-03 
3.7646e-01     1.0562e+00  1.2019e-02     3.9761e-01  4.5247e-03     5.3408e-01  6.2330e-03     2.0106e-01  2.3465e-03 
4.2240e-01     1.1796e+00  1.0255e-02     4.9825e-01  4.3318e-03     6.6925e-01  6.0712e-03     2.8269e-01  2.5644e-03 
4.7394e-01     1.2774e+00  1.3208e-02     6.0542e-01  6.2597e-03     8.1320e-01  8.6678e-03     3.8541e-01  4.1080e-03 
5.3176e-01     1.3257e+00  6.2452e-03     7.0497e-01  3.3210e-03     9.4692e-01  5.0904e-03     5.0354e-01  2.7069e-03 
5.9665e-01     1.3003e+00  5.4274e-03     7.7584e-01  3.2383e-03     1.0421e+00  5.1189e-03     6.2177e-01  3.0542e-03 
6.6945e-01     1.1697e+00  8.0810e-03     7.8306e-01  5.4098e-03     1.0518e+00  7.7603e-03     7.0414e-01  5.1951e-03 
7.5114e-01     9.5715e-01  1.3312e-02     7.1895e-01  9.9992e-03     9.6570e-01  1.3662e-02     7.2537e-01  1.0262e-02 
8.4279e-01     7.1181e-01  5.2570e-03     5.9990e-01  4.4305e-03     8.0580e-01  6.3064e-03     6.7912e-01  5.3150e-03 
9.4563e-01     4.9076e-01  3.1910e-03     4.6407e-01  3.0175e-03     6.2334e-01  4.3628e-03     5.8945e-01  4.1256e-03 
1.0610e+00     3.2834e-01  1.9197e-03     3.4838e-01  2.0368e-03     4.6794e-01  2.9923e-03     4.9649e-01  3.1748e-03 
1.1905e+00     2.1338e-01  2.9572e-03     2.5402e-01  3.5205e-03     3.4121e-01  4.8106e-03     4.0620e-01  5.7269e-03 
1.3357e+00     1.4142e-01  6.0879e-04     1.8890e-01  8.1319e-04     2.5373e-01  1.2747e-03     3.3892e-01  1.7027e-03 
1.4987e+00     9.6379e-02  1.2531e-03     1.4444e-01  1.8781e-03     1.9402e-01  2.5722e-03     2.9078e-01  3.8550e-03 
1.6816e+00     6.7416e-02  1.1336e-03     1.1337e-01  1.9063e-03     1.5227e-01  2.5907e-03     2.5606e-01  4.3565e-03 
1.8868e+00     4.7557e-02  6.6067e-04     8.9729e-02  1.2465e-03     1.2052e-01  1.7032e-03     2.2740e-01  3.2135e-03 
2.1170e+00     3.4167e-02  3.3545e-04     7.2331e-02  7.1014e-04     9.7156e-02  9.8650e-04     2.0568e-01  2.0884e-03 
2.3753e+00     2.4912e-02  3.6639e-04     5.9174e-02  8.7029e-04     7.9483e-02  1.1870e-03     1.8880e-01  2.8194e-03 
2.6651e+00     1.8170e-02  3.3917e-04     4.8424e-02  9.0395e-04     6.5044e-02  1.2258e-03     1.7335e-01  3.2670e-03 
2.9903e+00     1.3288e-02  2.6493e-04     3.9734e-02  7.9222e-04     5.3371e-02  1.0731e-03     1.5960e-01  3.2088e-03 
3.3552e+00     9.4709e-03  2.7428e-04     3.1777e-02  9.2028e-04     4.2683e-02  1.2411e-03     1.4321e-01  4.1640e-03 
3.7646e+00     6.7375e-03  7.1959e-05     2.5364e-02  2.7090e-04     3.4069e-02  3.7442e-04     1.2826e-01  1.4095e-03 
4.2240e+00     4.8108e-03  1.2154e-04     2.0321e-02  5.1339e-04     2.7295e-02  6.9320e-04     1.1529e-01  2.9281e-03 
4.7394e+00     3.1389e-03  6.4781e-05     1.4876e-02  3.0702e-04     1.9982e-02  4.1562e-04     9.4702e-02  1.9698e-03 
5.3176e+00     2.1839e-03  1.3435e-04     1.1613e-02  7.1442e-04     1.5599e-02  9.6046e-04     8.2949e-02  5.1074e-03 
5.9665e+00     1.2371e-03  8.9526e-05     7.3814e-03  5.3416e-04     9.9148e-03  7.1794e-04     5.9157e-02  4.2836e-03 
6.6945e+00     7.4159e-04  3.4196e-05     4.9646e-03  2.2892e-04     6.6685e-03  3.0798e-04     4.4642e-02  2.0618e-03 
7.5114e+00     3.6009e-04  6.6486e-05     2.7048e-03  4.9940e-04     3.6331e-03  6.7087e-04     2.7289e-02  5.0391e-03 
8.4279e+00     1.7703e-04  2.2228e-05     1.4920e-03  1.8734e-04     2.0041e-03  2.5169e-04     1.6890e-02  2.1212e-03 
9.4563e+00     5.9052e-05  1.0046e-05     5.5841e-04  9.5000e-05     7.5006e-04  1.2762e-04     7.0927e-03  1.2068e-03 
1.0610e+01     1.8091e-05  7.0072e-06     1.9195e-04  7.4347e-05     2.5783e-04  9.9866e-05     2.7356e-03  1.0596e-03 
1.1905e+01     1.0261e-05  4.7601e-06     1.2215e-04  5.6668e-05     1.6408e-04  7.6118e-05     1.9533e-03  9.0616e-04 
1.3357e+01     1.3064e-06  8.7521e-07     1.7450e-05  1.1690e-05     2.3439e-05  1.5703e-05     3.1309e-04  2.0975e-04 
1.4987e+01     5.8217e-07  3.9913e-07     8.7251e-06  5.9818e-06     1.1720e-05  8.0348e-06     1.7564e-04  1.2042e-04 
1.6816e+01     1.0377e-06  8.8478e-07     1.7450e-05  1.4878e-05     2.3439e-05  1.9985e-05     3.9415e-04  3.3606e-04 
1.8868e+01     4.6244e-07  3.8877e-07     8.7251e-06  7.3352e-06     1.1720e-05  9.8528e-06     2.2112e-04  1.8590e-04 
2.1170e+01     0.0000e+00  0.0000e+00     0.0000e+00  0.0000e+00     0.0000e+00  0.0000e+00     0.0000e+00  0.0000e+00 
2.3753e+01     0.0000e+00  0.0000e+00     0.0000e+00  0.0000e+00     0.0000e+00  0.0000e+00     0.0000e+00  0.0000e+00 
2.6651e+01     0.0000e+00  0.0000e+00     0.0000e+00  0.0000e+00     0.0000e+00  0.0000e+00     0.0000e+00  0.0000e+00 
2.9903e+01     2.9178e-07  1.8553e-07     8.7251e-06  5.5480e-06     1.1720e-05  7.4522e-06     3.5046e-04  2.2284e-04 
3.3552e+01     0.0000e+00  0.0000e+00     0.0000e+00  0.0000e+00     0.0000e+00  0.0000e+00     0.0000e+00  0.0000e+00 
3.7646e+01     0.0000e+00  0.0000e+00     0.0000e+00  0.0000e+00     0.0000e+00  0.0000e+00     0.0000e+00  0.0000e+00 
4.2240e+01     0.0000e+00  0.0000e+00     0.0000e+00  0.0000e+00     0.0000e+00  0.0000e+00     0.0000e+00  0.0000e+00 
4.7394e+01     0.0000e+00  0.0000e+00     0.0000e+00  0.0000e+00     0.0000e+00  0.0000e+00     0.0000e+00  0.0000e+00 
5.3176e+01     0.0000e+00  0.0000e+00     0.0000e+00  0.0000e+00     0.0000e+00  0.0000e+00     0.0000e+00  0.0000e+00 
5.9665e+01     0.0000e+00  0.0000e+00     0.0000e+00  0.0000e+00     0.0000e+00  0.0000e+00     0.0000e+00  0.0000e+00 
6.6945e+01     0.0000e+00  0.0000e+00     0.0000e+00  0.0000e+00     0.0000e+00  0.0000e+00     0.0000e+00  0.0000e+00 
7.5114e+01     0.0000e+00  0.0000e+00     0.0000e+00  0.0000e+00     0.0000e+00  0.0000e+00     0.0000e+00  0.0000e+00 
8.4279e+01     0.0000e+00  0.0000e+00     0.0000e+00  0.0000e+00     0.0000e+00  0.0000e+00     0.0000e+00  0.0000e+00 
9.4563e+01     9.2268e-08  4.4255e-08     8.7251e-06  4.1849e-06     1.1720e-05  5.6213e-06     1.1082e-03  5.3156e-04 
1.0610e+02     8.2234e-08  5.7058e-08     8.7251e-06  6.0539e-06     1.1720e-05  8.1317e-06     1.2435e-03  8.6278e-04 
1.1905e+02     0.0000e+00  0.0000e+00     0.0000e+00  0.0000e+00     0.0000e+00  0.0000e+00     0.0000e+00  0.0000e+00 
1.3357e+02     1.9596e-07  1.2547e-07     2.6175e-05  1.6760e-05     3.5159e-05  2.2512e-05     4.6963e-03  3.0070e-03 
1.4987e+02     0.0000e+00  0.0000e+00     0.0000e+00  0.0000e+00     0.0000e+00  0.0000e+00     0.0000e+00  0.0000e+00 
1.6816e+02     1.0377e-07  8.4021e-08     1.7450e-05  1.4129e-05     2.3439e-05  1.8978e-05     3.9415e-03  3.1913e-03 
1.8868e+02     0.0000e+00  0.0000e+00     0.0000e+00  0.0000e+00     0.0000e+00  0.0000e+00     0.0000e+00  0.0000e+00 
2.1170e+02     4.1215e-08  1.4274e-08     8.7251e-06  3.0218e-06     1.1720e-05  4.0590e-06     2.4810e-03  8.5929e-04 
2.3753e+02     0.0000e+00  0.0000e+00     0.0000e+00  0.0000e+00     0.0000e+00  0.0000e+00     0.0000e+00  0.0000e+00 
2.6651e+02     0.0000e+00  0.0000e+00     0.0000e+00  0.0000e+00     0.0000e+00  0.0000e+00     0.0000e+00  0.0000e+00 
2.9903e+02     0.0000e+00  0.0000e+00     0.0000e+00  0.0000e+00     0.0000e+00  0.0000e+00     0.0000e+00  0.0000e+00 
3.3552e+02     0.0000e+00  0.0000e+00     0.0000e+00  0.0000e+00     0.0000e+00  0.0000e+00     0.0000e+00  0.0000e+00 
3.7646e+02     0.0000e+00  0.0000e+00     0.0000e+00  0.0000e+00     0.0000e+00  0.0000e+00     0.0000e+00  0.0000e+00 
4.2240e+02     0.0000e+00  0.0000e+00     0.0000e+00  0.0000e+00     0.0000e+00  0.0000e+00     0.0000e+00  0.0000e+00 
4.7394e+02     1.8410e-08  1.2774e-08     8.7251e-06  6.0539e-06     1.1720e-05  8.1317e-06     5.5544e-03  3.8539e-03 
5.3176e+02     0.0000e+00  0.0000e+00     0.0000e+00  0.0000e+00     0.0000e+00  0.0000e+00     0.0000e+00  0.0000e+00 
5.9665e+02     1.4624e-08  1.1831e-08     8.7251e-06  7.0591e-06     1.1720e-05  9.4819e-06     6.9925e-03  5.6573e-03 
6.6945e+02     0.0000e+00  0.0000e+00     0.0000e+00  0.0000e+00     0.0000e+00  0.0000e+00     0.0000e+00  0.0000e+00 
7.5114e+02     0.0000e+00  0.0000e+00     0.0000e+00  0.0000e+00     0.0000e+00  0.0000e+00     0.0000e+00  0.0000e+00 
8.4279e+02     0.0000e+00  0.0000e+00     0.0000e+00  0.0000e+00     0.0000e+00  0.0000e+00     0.0000e+00  0.0000e+00 
9.4563e+02     0.0000e+00  0.0000e+00     0.0000e+00  0.0000e+00     0.0000e+00  0.0000e+00     0.0000e+00  0.0000e+00 
1.0610e+03     0.0000e+00  0.0000e+00     0.0000e+00  0.0000e+00     0.0000e+00  0.0000e+00     0.0000e+00  0.0000e+00 
1.1905e+03     0.0000e+00  0.0000e+00     0.0000e+00  0.0000e+00     0.0000e+00  0.0000e+00     0.0000e+00  0.0000e+00 
1.3357e+03     0.0000e+00  0.0000e+00     0.0000e+00  0.0000e+00     0.0000e+00  0.0000e+00     0.0000e+00  0.0000e+00 
1.4987e+03     0.0000e+00  0.0000e+00     0.0000e+00  0.0000e+00     0.0000e+00  0.0000e+00     0.0000e+00  0.0000e+00 
1.6816e+03     0.0000e+00  0.0000e+00     0.0000e+00  0.0000e+00     0.0000e+00  0.0000e+00     0.0000e+00  0.0000e+00 
1.8868e+03     0.0000e+00  0.0000e+00     0.0000e+00  0.0000e+00     0.0000e+00  0.0000e+00     0.0000e+00  0.0000e+00 
2.1170e+03     0.0000e+00  0.0000e+00     0.0000e+00  0.0000e+00     0.0000e+00  0.0000e+00     0.0000e+00  0.0000e+00 
2.3753e+03     0.0000e+00  0.0000e+00     0.0000e+00  0.0000e+00     0.0000e+00  0.0000e+00     0.0000e+00  0.0000e+00 
2.6651e+03     0.0000e+00  0.0000e+00     0.0000e+00  0.0000e+00     0.0000e+00  0.0000e+00     0.0000e+00  0.0000e+00 
2.9903e+03     0.0000e+00  0.0000e+00     0.0000e+00  0.0000e+00     0.0000e+00  0.0000e+00     0.0000e+00  0.0000e+00 
3.3552e+03     0.0000e+00  0.0000e+00     0.0000e+00  0.0000e+00     0.0000e+00  0.0000e+00     0.0000e+00  0.0000e+00 
3.7646e+03     0.0000e+00  0.0000e+00     0.0000e+00  0.0000e+00     0.0000e+00  0.0000e+00     0.0000e+00  0.0000e+00 
4.2240e+03     0.0000e+00  0.0000e+00     0.0000e+00  0.0000e+00     0.0000e+00  0.0000e+00     0.0000e+00  0.0000e+00 
4.7394e+03     0.0000e+00  0.0000e+00     0.0000e+00  0.0000e+00     0.0000e+00  0.0000e+00     0.0000e+00  0.0000e+00 
5.3176e+03     0.0000e+00  0.0000e+00     0.0000e+00  0.0000e+00     0.0000e+00  0.0000e+00     0.0000e+00  0.0000e+00 
5.9665e+03     0.0000e+00  0.0000e+00     0.0000e+00  0.0000e+00     0.0000e+00  0.0000e+00     0.0000e+00  0.0000e+00 
6.6945e+03     0.0000e+00  0.0000e+00     0.0000e+00  0.0000e+00     0.0000e+00  0.0000e+00     0.0000e+00  0.0000e+00 
7.5114e+03     0.0000e+00  0.0000e+00     0.0000e+00  0.0000e+00     0.0000e+00  0.0000e+00     0.0000e+00  0.0000e+00 
8.4279e+03     0.0000e+00  0.0000e+00     0.0000e+00  0.0000e+00     0.0000e+00  0.0000e+00     0.0000e+00  0.0000e+00 
9.4563e+03     0.0000e+00  0.0000e+00     0.0000e+00  0.0000e+00     0.0000e+00  0.0000e+00     0.0000e+00  0.0000e+00 
