yF = 8.2216e-01 (std: 2.1610e-03) keV/um
yD = 2.9197e+00 (std: 3.7372e-01) keV/um
y (keV/um)     f(y)(std)                  yf(y)(std)                 d(y)(std)                  yd(y)(std)  
1.0610e-03     0.0000e+00  0.0000e+00     0.0000e+00  0.0000e+00     0.0000e+00  0.0000e+00     0.0000e+00  0.0000e+00 
1.1905e-03     0.0000e+00  0.0000e+00     0.0000e+00  0.0000e+00     0.0000e+00  0.0000e+00     0.0000e+00  0.0000e+00 
1.3357e-03     6.5306e-03  3.7592e-03     8.7231e-06  5.0213e-06     1.0610e-05  6.1075e-06     1.4172e-08  8.1580e-09 
1.4987e-03     0.0000e+00  0.0000e+00     0.0000e+00  0.0000e+00     0.0000e+00  0.0000e+00     0.0000e+00  0.0000e+00 
1.6816e-03     1.0375e-02  3.3579e-02     1.7446e-05  5.6467e-05     2.1220e-05  6.8681e-05     3.5683e-08  1.1549e-07 
1.8868e-03     4.6233e-03  8.0445e-03     8.7231e-06  1.5178e-05     1.0610e-05  1.8461e-05     2.0019e-08  3.4832e-08 
2.1170e-03     0.0000e+00  0.0000e+00     0.0000e+00  0.0000e+00     0.0000e+00  0.0000e+00     0.0000e+00  0.0000e+00 
2.3753e-03     3.6724e-03  4.7596e-03     8.7231e-06  1.1306e-05     1.0610e-05  1.3751e-05     2.5202e-08  3.2663e-08 
2.6651e-03     6.5461e-03  3.2826e-03     1.7446e-05  8.7485e-06     2.1220e-05  1.0641e-05     5.6554e-08  2.8360e-08 
2.9903e-03     1.1668e-02  4.6685e-03     3.4893e-05  1.3960e-05     4.2440e-05  1.6981e-05     1.2691e-07  5.0778e-08 
3.3552e-03     5.1998e-03  2.2214e-03     1.7446e-05  7.4533e-06     2.1220e-05  9.0657e-06     7.1198e-08  3.0417e-08 
3.7646e-03     9.2686e-03  4.9254e-03     3.4893e-05  1.8542e-05     4.2440e-05  2.2553e-05     1.5977e-07  8.4904e-08 
4.2240e-03     8.2606e-03  5.1769e-03     3.4893e-05  2.1867e-05     4.2440e-05  2.6597e-05     1.7927e-07  1.1235e-07 
4.7394e-03     9.2029e-03  5.5698e-03     4.3616e-05  2.6397e-05     5.3050e-05  3.2108e-05     2.5142e-07  1.5217e-07 
5.3176e-03     1.1483e-02  9.3251e-03     6.1062e-05  4.9587e-05     7.4270e-05  6.0314e-05     3.9494e-07  3.2073e-07 
5.9665e-03     1.4620e-02  1.6064e-02     8.7231e-05  9.5843e-05     1.0610e-04  1.1658e-04     6.3305e-07  6.9555e-07 
6.6945e-03     9.1212e-03  4.1982e-03     6.1062e-05  2.8105e-05     7.4270e-05  3.4185e-05     4.9720e-07  2.2885e-07 
7.5114e-03     5.8066e-03  3.7000e-03     4.3616e-05  2.7792e-05     5.3050e-05  3.3804e-05     3.9848e-07  2.5392e-07 
8.4279e-03     1.0350e-03  1.6957e-03     8.7231e-06  1.4291e-05     1.0610e-05  1.7382e-05     8.9420e-08  1.4650e-07 
9.4563e-03     0.0000e+00  0.0000e+00     0.0000e+00  0.0000e+00     0.0000e+00  0.0000e+00     0.0000e+00  0.0000e+00 
1.0610e-02     0.0000e+00  0.0000e+00     0.0000e+00  0.0000e+00     0.0000e+00  0.0000e+00     0.0000e+00  0.0000e+00 
1.1905e-02     2.6599e-01  1.9919e-02     3.1665e-03  2.3713e-04     3.8514e-03  2.8860e-04     4.5850e-05  3.4357e-06 
1.3357e-02     2.0898e-01  3.6371e-02     2.7914e-03  4.8582e-04     3.3952e-03  5.9098e-04     4.5351e-05  7.8938e-06 
1.4987e-02     1.7578e-01  1.0192e-02     2.6344e-03  1.5275e-04     3.2042e-03  1.8599e-04     4.8022e-05  2.7874e-06 
1.6816e-02     1.2969e-01  1.3336e-02     2.1808e-03  2.2426e-04     2.6525e-03  2.7286e-04     4.4604e-05  4.5884e-06 
1.8868e-02     1.1188e-01  9.5133e-03     2.1110e-03  1.7949e-04     2.5676e-03  2.1843e-04     4.8445e-05  4.1212e-06 
2.1170e-02     9.2300e-02  5.9180e-03     1.9540e-03  1.2528e-04     2.3767e-03  1.5251e-04     5.0314e-05  3.2287e-06 
2.3753e-02     1.2192e-01  2.2360e-02     2.8961e-03  5.3111e-04     3.5225e-03  6.4607e-04     8.3671e-05  1.5346e-05 
2.6651e-02     1.6136e-01  7.3451e-03     4.3005e-03  1.9576e-04     5.2308e-03  2.3850e-04     1.3941e-04  6.3563e-06 
2.9903e-02     1.6278e-01  8.5554e-03     4.8675e-03  2.5583e-04     5.9204e-03  3.1156e-04     1.7704e-04  9.3168e-06 
3.3552e-02     1.5547e-01  1.1820e-02     5.2164e-03  3.9658e-04     6.3448e-03  4.8265e-04     2.1288e-04  1.6194e-05 
3.7646e-02     1.6081e-01  7.5534e-03     6.0539e-03  2.8436e-04     7.3634e-03  3.4641e-04     2.7720e-04  1.3041e-05 
4.2240e-02     1.7409e-01  9.3687e-03     7.3536e-03  3.9573e-04     8.9443e-03  4.8190e-04     3.7780e-04  2.0355e-05 
4.7394e-02     1.6915e-01  8.6574e-03     8.0166e-03  4.1030e-04     9.7506e-03  4.9971e-04     4.6212e-04  2.3683e-05 
5.3176e-02     1.9439e-01  6.9431e-03     1.0337e-02  3.6921e-04     1.2573e-02  4.5029e-04     6.6858e-04  2.3945e-05 
5.9665e-02     2.0439e-01  1.2299e-02     1.2195e-02  7.3381e-04     1.4833e-02  8.9340e-04     8.8500e-04  5.3304e-05 
6.6945e-02     2.1552e-01  9.2658e-03     1.4428e-02  6.2030e-04     1.7549e-02  7.5589e-04     1.1748e-03  5.0603e-05 
7.5114e-02     2.3192e-01  9.8851e-03     1.7420e-02  7.4251e-04     2.1188e-02  9.0483e-04     1.5915e-03  6.7965e-05 
8.4279e-02     2.4975e-01  8.1928e-03     2.1049e-02  6.9048e-04     2.5602e-02  8.4254e-04     2.1577e-03  7.1008e-05 
9.4563e-02     2.7093e-01  1.2068e-02     2.5620e-02  1.1412e-03     3.1162e-02  1.3905e-03     2.9467e-03  1.3149e-04 
1.0610e-01     2.8315e-01  7.6303e-03     3.0043e-02  8.0959e-04     3.6541e-02  9.8938e-04     3.8770e-03  1.0497e-04 
1.1905e-01     3.2197e-01  9.1768e-03     3.8329e-02  1.0925e-03     4.6621e-02  1.3344e-03     5.5500e-03  1.5886e-04 
1.3357e-01     3.4756e-01  6.7626e-03     4.6425e-02  9.0330e-04     5.6467e-02  1.1087e-03     7.5424e-03  1.4809e-04 
1.4987e-01     3.8228e-01  5.4644e-03     5.7294e-02  8.1896e-04     6.9687e-02  1.0128e-03     1.0444e-02  1.5179e-04 
1.6816e-01     4.2101e-01  8.2118e-03     7.0797e-02  1.3809e-03     8.6111e-02  1.6948e-03     1.4480e-02  2.8499e-04 
1.8868e-01     4.6205e-01  4.7388e-03     8.7179e-02  8.9410e-04     1.0604e-01  1.1227e-03     2.0007e-02  2.1182e-04 
2.1170e-01     5.0650e-01  1.0166e-02     1.0722e-01  2.1522e-03     1.3042e-01  2.6401e-03     2.7610e-02  5.5890e-04 
2.3753e-01     5.6493e-01  6.2904e-03     1.3419e-01  1.4942e-03     1.6321e-01  1.8673e-03     3.8768e-02  4.4354e-04 
2.6651e-01     6.1949e-01  9.6827e-03     1.6510e-01  2.5806e-03     2.0082e-01  3.1829e-03     5.3520e-02  8.4828e-04 
2.9903e-01     6.8546e-01  4.0963e-03     2.0498e-01  1.2249e-03     2.4932e-01  1.6276e-03     7.4553e-02  4.8672e-04 
3.3552e-01     7.6252e-01  1.2755e-02     2.5584e-01  4.2794e-03     3.1118e-01  5.2690e-03     1.0441e-01  1.7678e-03 
3.7646e-01     8.5609e-01  6.9312e-03     3.2229e-01  2.6093e-03     3.9200e-01  3.3368e-03     1.4757e-01  1.2562e-03 
4.2240e-01     9.5914e-01  6.4158e-03     4.0514e-01  2.7100e-03     4.9277e-01  3.5416e-03     2.0815e-01  1.4959e-03 
4.7394e-01     1.0702e+00  7.3294e-03     5.0722e-01  3.4736e-03     6.1694e-01  4.5255e-03     2.9239e-01  2.1448e-03 
5.3176e-01     1.1600e+00  9.4102e-03     6.1684e-01  5.0040e-03     7.5027e-01  6.3979e-03     3.9897e-01  3.4022e-03 
5.9665e-01     1.2045e+00  1.0752e-02     7.1865e-01  6.4151e-03     8.7410e-01  8.1340e-03     5.2153e-01  4.8531e-03 
6.6945e-01     1.1808e+00  6.0019e-03     7.9052e-01  4.0180e-03     9.6152e-01  5.5019e-03     6.4369e-01  3.6833e-03 
7.5114e-01     1.0557e+00  5.3126e-03     7.9297e-01  3.9905e-03     9.6450e-01  5.4759e-03     7.2447e-01  4.1131e-03 
8.4279e-01     8.4800e-01  4.7161e-03     7.1469e-01  3.9747e-03     8.6928e-01  5.3472e-03     7.3262e-01  4.5065e-03 
9.4563e-01     6.2325e-01  3.2646e-03     5.8936e-01  3.0871e-03     7.1685e-01  4.2011e-03     6.7787e-01  3.9726e-03 
1.0610e+00     4.2639e-01  3.5667e-03     4.5240e-01  3.7843e-03     5.5026e-01  4.8248e-03     5.8383e-01  5.1191e-03 
1.1905e+00     2.8086e-01  1.9384e-03     3.3436e-01  2.3077e-03     4.0668e-01  3.0035e-03     4.8415e-01  3.5756e-03 
1.3357e+00     1.8364e-01  2.4328e-03     2.4529e-01  3.2495e-03     2.9835e-01  4.0295e-03     3.9852e-01  5.3823e-03 
1.4987e+00     1.2307e-01  1.0416e-03     1.8445e-01  1.5610e-03     2.2435e-01  1.9882e-03     3.3624e-01  2.9797e-03 
1.6816e+00     8.4576e-02  2.6194e-03     1.4222e-01  4.4048e-03     1.7299e-01  5.3768e-03     2.9089e-01  9.0416e-03 
1.8868e+00     5.9613e-02  1.2583e-03     1.1248e-01  2.3741e-03     1.3681e-01  2.9100e-03     2.5812e-01  5.4904e-03 
2.1170e+00     4.1910e-02  5.9216e-04     8.8723e-02  1.2536e-03     1.0791e-01  1.5509e-03     2.2845e-01  3.2833e-03 
2.3753e+00     3.0529e-02  4.6695e-04     7.2515e-02  1.1092e-03     8.8201e-02  1.3689e-03     2.0951e-01  3.2514e-03 
2.6651e+00     2.1592e-02  5.6170e-04     5.7547e-02  1.4970e-03     6.9995e-02  1.8301e-03     1.8654e-01  4.8774e-03 
2.9903e+00     1.5936e-02  2.9112e-04     4.7655e-02  8.7055e-04     5.7963e-02  1.0698e-03     1.7333e-01  3.1990e-03 
3.3552e+00     1.1536e-02  3.9355e-04     3.8705e-02  1.3204e-03     4.7077e-02  1.6108e-03     1.5795e-01  5.4047e-03 
3.7646e+00     8.3533e-03  2.3640e-04     3.1447e-02  8.8994e-04     3.8249e-02  1.0871e-03     1.4399e-01  4.0925e-03 
4.2240e+00     5.8816e-03  2.4894e-04     2.4844e-02  1.0515e-03     3.0217e-02  1.2814e-03     1.2764e-01  5.4128e-03 
4.7394e+00     3.8542e-03  1.7300e-04     1.8266e-02  8.1992e-04     2.2217e-02  9.9898e-04     1.0530e-01  4.7345e-03 
5.3176e+00     2.4951e-03  9.0094e-05     1.3268e-02  4.7909e-04     1.6138e-02  5.8426e-04     8.5816e-02  3.1069e-03 
5.9665e+00     1.5073e-03  8.5303e-05     8.9936e-03  5.0896e-04     1.0939e-02  6.1972e-04     6.5267e-02  3.6976e-03 
6.6945e+00     8.8736e-04  4.6068e-05     5.9405e-03  3.0840e-04     7.2254e-03  3.7559e-04     4.8371e-02  2.5144e-03 
7.5114e+00     4.4246e-04  1.7300e-05     3.3235e-03  1.2995e-04     4.0424e-03  1.5841e-04     3.0364e-02  1.1899e-03 
8.4279e+00     1.9873e-04  2.9747e-05     1.6748e-03  2.5070e-04     2.0371e-03  3.0498e-04     1.7169e-02  2.5703e-03 
9.4563e+00     7.4720e-05  1.4583e-05     7.0657e-04  1.3790e-04     8.5941e-04  1.6775e-04     8.1268e-03  1.5863e-03 
1.0610e+01     1.7265e-05  5.0122e-06     1.8319e-04  5.3180e-05     2.2281e-04  6.4685e-05     2.3640e-03  6.8632e-04 
1.1905e+01     1.3922e-05  6.9811e-06     1.6574e-04  8.3108e-05     2.0159e-04  1.0109e-04     2.3999e-03  1.2034e-03 
1.3357e+01     3.2653e-06  9.2276e-07     4.3616e-05  1.2326e-05     5.3050e-05  1.4992e-05     7.0861e-04  2.0026e-04 
1.4987e+01     2.3282e-06  1.5147e-06     3.4893e-05  2.2701e-05     4.2440e-05  2.7612e-05     6.3606e-04  4.1382e-04 
1.6816e+01     0.0000e+00  0.0000e+00     0.0000e+00  0.0000e+00     0.0000e+00  0.0000e+00     0.0000e+00  0.0000e+00 
1.8868e+01     0.0000e+00  0.0000e+00     0.0000e+00  0.0000e+00     0.0000e+00  0.0000e+00     0.0000e+00  0.0000e+00 
2.1170e+01     4.1205e-07  3.9116e-07     8.7231e-06  8.2808e-06     1.0610e-05  1.0072e-05     2.2461e-04  2.1322e-04 
2.3753e+01     0.0000e+00  0.0000e+00     0.0000e+00  0.0000e+00     0.0000e+00  0.0000e+00     0.0000e+00  0.0000e+00 
2.6651e+01     0.0000e+00  0.0000e+00     0.0000e+00  0.0000e+00     0.0000e+00  0.0000e+00     0.0000e+00  0.0000e+00 
2.9903e+01     0.0000e+00  0.0000e+00     0.0000e+00  0.0000e+00     0.0000e+00  0.0000e+00     0.0000e+00  0.0000e+00 
3.3552e+01     2.5999e-07  1.6094e-07     8.7231e-06  5.3998e-06     1.0610e-05  6.5680e-06     3.5599e-04  2.2037e-04 
3.7646e+01     0.0000e+00  0.0000e+00     0.0000e+00  0.0000e+00     0.0000e+00  0.0000e+00     0.0000e+00  0.0000e+00 
4.2240e+01     0.0000e+00  0.0000e+00     0.0000e+00  0.0000e+00     0.0000e+00  0.0000e+00     0.0000e+00  0.0000e+00 
4.7394e+01     0.0000e+00  0.0000e+00     0.0000e+00  0.0000e+00     0.0000e+00  0.0000e+00     0.0000e+00  0.0000e+00 
5.3176e+01     0.0000e+00  0.0000e+00     0.0000e+00  0.0000e+00     0.0000e+00  0.0000e+00     0.0000e+00  0.0000e+00 
5.9665e+01     0.0000e+00  0.0000e+00     0.0000e+00  0.0000e+00     0.0000e+00  0.0000e+00     0.0000e+00  0.0000e+00 
6.6945e+01     0.0000e+00  0.0000e+00     0.0000e+00  0.0000e+00     0.0000e+00  0.0000e+00     0.0000e+00  0.0000e+00 
7.5114e+01     1.1613e-07  8.6448e-08     8.7231e-06  6.4934e-06     1.0610e-05  7.8981e-06     7.9696e-04  5.9326e-04 
8.4279e+01     0.0000e+00  0.0000e+00     0.0000e+00  0.0000e+00     0.0000e+00  0.0000e+00     0.0000e+00  0.0000e+00 
9.4563e+01     0.0000e+00  0.0000e+00     0.0000e+00  0.0000e+00     0.0000e+00  0.0000e+00     0.0000e+00  0.0000e+00 
1.0610e+02     0.0000e+00  0.0000e+00     0.0000e+00  0.0000e+00     0.0000e+00  0.0000e+00     0.0000e+00  0.0000e+00 
1.1905e+02     0.0000e+00  0.0000e+00     0.0000e+00  0.0000e+00     0.0000e+00  0.0000e+00     0.0000e+00  0.0000e+00 
1.3357e+02     0.0000e+00  0.0000e+00     0.0000e+00  0.0000e+00     0.0000e+00  0.0000e+00     0.0000e+00  0.0000e+00 
1.4987e+02     5.8204e-08  4.5409e-08     8.7231e-06  6.8055e-06     1.0610e-05  8.2776e-06     1.5901e-03  1.2406e-03 
1.6816e+02     0.0000e+00  0.0000e+00     0.0000e+00  0.0000e+00     0.0000e+00  0.0000e+00     0.0000e+00  0.0000e+00 
1.8868e+02     4.6233e-08  3.8364e-08     8.7231e-06  7.2385e-06     1.0610e-05  8.8043e-06     2.0019e-03  1.6612e-03 
2.1170e+02     4.1205e-08  2.6888e-08     8.7231e-06  5.6922e-06     1.0610e-05  6.9236e-06     2.2461e-03  1.4657e-03 
2.3753e+02     7.3449e-08  4.5640e-08     1.7446e-05  1.0841e-05     2.1220e-05  1.3186e-05     5.0404e-03  3.1321e-03 
2.6651e+02     0.0000e+00  0.0000e+00     0.0000e+00  0.0000e+00     0.0000e+00  0.0000e+00     0.0000e+00  0.0000e+00 
2.9903e+02     0.0000e+00  0.0000e+00     0.0000e+00  0.0000e+00     0.0000e+00  0.0000e+00     0.0000e+00  0.0000e+00 
3.3552e+02     0.0000e+00  0.0000e+00     0.0000e+00  0.0000e+00     0.0000e+00  0.0000e+00     0.0000e+00  0.0000e+00 
3.7646e+02     0.0000e+00  0.0000e+00     0.0000e+00  0.0000e+00     0.0000e+00  0.0000e+00     0.0000e+00  0.0000e+00 
4.2240e+02     2.0652e-08  1.5019e-08     8.7231e-06  6.3441e-06     1.0610e-05  7.7165e-06     4.4816e-03  3.2594e-03 
4.7394e+02     0.0000e+00  0.0000e+00     0.0000e+00  0.0000e+00     0.0000e+00  0.0000e+00     0.0000e+00  0.0000e+00 
5.3176e+02     1.6404e-08  1.1792e-08     8.7231e-06  6.2706e-06     1.0610e-05  7.6270e-06     5.6420e-03  4.0558e-03 
5.9665e+02     0.0000e+00  0.0000e+00     0.0000e+00  0.0000e+00     0.0000e+00  0.0000e+00     0.0000e+00  0.0000e+00 
6.6945e+02     0.0000e+00  0.0000e+00     0.0000e+00  0.0000e+00     0.0000e+00  0.0000e+00     0.0000e+00  0.0000e+00 
7.5114e+02     1.1613e-08  3.4834e-09     8.7231e-06  2.6165e-06     1.0610e-05  3.1826e-06     7.9696e-03  2.3906e-03 
8.4279e+02     0.0000e+00  0.0000e+00     0.0000e+00  0.0000e+00     0.0000e+00  0.0000e+00     0.0000e+00  0.0000e+00 
9.4563e+02     0.0000e+00  0.0000e+00     0.0000e+00  0.0000e+00     0.0000e+00  0.0000e+00     0.0000e+00  0.0000e+00 
1.0610e+03     0.0000e+00  0.0000e+00     0.0000e+00  0.0000e+00     0.0000e+00  0.0000e+00     0.0000e+00  0.0000e+00 
1.1905e+03     0.0000e+00  0.0000e+00     0.0000e+00  0.0000e+00     0.0000e+00  0.0000e+00     0.0000e+00  0.0000e+00 
1.3357e+03     0.0000e+00  0.0000e+00     0.0000e+00  0.0000e+00     0.0000e+00  0.0000e+00     0.0000e+00  0.0000e+00 
1.4987e+03     0.0000e+00  0.0000e+00     0.0000e+00  0.0000e+00     0.0000e+00  0.0000e+00     0.0000e+00  0.0000e+00 
1.6816e+03     0.0000e+00  0.0000e+00     0.0000e+00  0.0000e+00     0.0000e+00  0.0000e+00     0.0000e+00  0.0000e+00 
1.8868e+03     0.0000e+00  0.0000e+00     0.0000e+00  0.0000e+00     0.0000e+00  0.0000e+00     0.0000e+00  0.0000e+00 
2.1170e+03     0.0000e+00  0.0000e+00     0.0000e+00  0.0000e+00     0.0000e+00  0.0000e+00     0.0000e+00  0.0000e+00 
2.3753e+03     0.0000e+00  0.0000e+00     0.0000e+00  0.0000e+00     0.0000e+00  0.0000e+00     0.0000e+00  0.0000e+00 
2.6651e+03     0.0000e+00  0.0000e+00     0.0000e+00  0.0000e+00     0.0000e+00  0.0000e+00     0.0000e+00  0.0000e+00 
2.9903e+03     0.0000e+00  0.0000e+00     0.0000e+00  0.0000e+00     0.0000e+00  0.0000e+00     0.0000e+00  0.0000e+00 
3.3552e+03     0.0000e+00  0.0000e+00     0.0000e+00  0.0000e+00     0.0000e+00  0.0000e+00     0.0000e+00  0.0000e+00 
3.7646e+03     0.0000e+00  0.0000e+00     0.0000e+00  0.0000e+00     0.0000e+00  0.0000e+00     0.0000e+00  0.0000e+00 
4.2240e+03     0.0000e+00  0.0000e+00     0.0000e+00  0.0000e+00     0.0000e+00  0.0000e+00     0.0000e+00  0.0000e+00 
4.7394e+03     0.0000e+00  0.0000e+00     0.0000e+00  0.0000e+00     0.0000e+00  0.0000e+00     0.0000e+00  0.0000e+00 
5.3176e+03     0.0000e+00  0.0000e+00     0.0000e+00  0.0000e+00     0.0000e+00  0.0000e+00     0.0000e+00  0.0000e+00 
5.9665e+03     0.0000e+00  0.0000e+00     0.0000e+00  0.0000e+00     0.0000e+00  0.0000e+00     0.0000e+00  0.0000e+00 
6.6945e+03     0.0000e+00  0.0000e+00     0.0000e+00  0.0000e+00     0.0000e+00  0.0000e+00     0.0000e+00  0.0000e+00 
7.5114e+03     0.0000e+00  0.0000e+00     0.0000e+00  0.0000e+00     0.0000e+00  0.0000e+00     0.0000e+00  0.0000e+00 
8.4279e+03     0.0000e+00  0.0000e+00     0.0000e+00  0.0000e+00     0.0000e+00  0.0000e+00     0.0000e+00  0.0000e+00 
9.4563e+03     0.0000e+00  0.0000e+00     0.0000e+00  0.0000e+00     0.0000e+00  0.0000e+00     0.0000e+00  0.0000e+00 
