yF = 5.9961e+00 (std: 1.1882e-02) keV/um
yD = 7.2467e+00 (std: 3.3472e-02) keV/um
y (keV/um)     f(y)(std)                  yf(y)(std)                 d(y)(std)                  yd(y)(std)  
1.0610e-03     0.0000e+00  0.0000e+00     0.0000e+00  0.0000e+00     0.0000e+00  0.0000e+00     0.0000e+00  0.0000e+00 
1.1905e-03     0.0000e+00  0.0000e+00     0.0000e+00  0.0000e+00     0.0000e+00  0.0000e+00     0.0000e+00  0.0000e+00 
1.3357e-03     0.0000e+00  0.0000e+00     0.0000e+00  0.0000e+00     0.0000e+00  0.0000e+00     0.0000e+00  0.0000e+00 
1.4987e-03     0.0000e+00  0.0000e+00     0.0000e+00  0.0000e+00     0.0000e+00  0.0000e+00     0.0000e+00  0.0000e+00 
1.6816e-03     0.0000e+00  0.0000e+00     0.0000e+00  0.0000e+00     0.0000e+00  0.0000e+00     0.0000e+00  0.0000e+00 
1.8868e-03     0.0000e+00  0.0000e+00     0.0000e+00  0.0000e+00     0.0000e+00  0.0000e+00     0.0000e+00  0.0000e+00 
2.1170e-03     0.0000e+00  0.0000e+00     0.0000e+00  0.0000e+00     0.0000e+00  0.0000e+00     0.0000e+00  0.0000e+00 
2.3753e-03     3.7224e-03  3.6687e-03     8.8419e-06  8.7142e-06     1.4746e-06  1.4533e-06     3.5026e-09  3.4521e-09 
2.6651e-03     0.0000e+00  0.0000e+00     0.0000e+00  0.0000e+00     0.0000e+00  0.0000e+00     0.0000e+00  0.0000e+00 
2.9903e-03     0.0000e+00  0.0000e+00     0.0000e+00  0.0000e+00     0.0000e+00  0.0000e+00     0.0000e+00  0.0000e+00 
3.3552e-03     0.0000e+00  0.0000e+00     0.0000e+00  0.0000e+00     0.0000e+00  0.0000e+00     0.0000e+00  0.0000e+00 
3.7646e-03     0.0000e+00  0.0000e+00     0.0000e+00  0.0000e+00     0.0000e+00  0.0000e+00     0.0000e+00  0.0000e+00 
4.2240e-03     0.0000e+00  0.0000e+00     0.0000e+00  0.0000e+00     0.0000e+00  0.0000e+00     0.0000e+00  0.0000e+00 
4.7394e-03     0.0000e+00  0.0000e+00     0.0000e+00  0.0000e+00     0.0000e+00  0.0000e+00     0.0000e+00  0.0000e+00 
5.3176e-03     3.3255e-03  1.8100e-03     1.7684e-05  9.6249e-06     2.9492e-06  1.6052e-06     1.5683e-08  8.5359e-09 
5.9665e-03     0.0000e+00  0.0000e+00     0.0000e+00  0.0000e+00     0.0000e+00  0.0000e+00     0.0000e+00  0.0000e+00 
6.6945e-03     1.3208e-03  3.9617e-04     8.8419e-06  2.6522e-06     1.4746e-06  4.4233e-07     9.8718e-09  2.9612e-09 
7.5114e-03     1.1771e-03  7.5835e-04     8.8419e-06  5.6963e-06     1.4746e-06  9.5000e-07     1.1076e-08  7.1358e-09 
8.4279e-03     1.0491e-03  2.4924e-03     8.8419e-06  2.1006e-05     1.4746e-06  3.5033e-06     1.2428e-08  2.9525e-08 
9.4563e-03     0.0000e+00  0.0000e+00     0.0000e+00  0.0000e+00     0.0000e+00  0.0000e+00     0.0000e+00  0.0000e+00 
1.0610e-02     8.3335e-04  4.1797e-03     8.8419e-06  4.4347e-05     1.4746e-06  7.3959e-06     1.5646e-08  7.8471e-08 
1.1905e-02     2.2282e-03  9.8850e-04     2.6526e-05  1.1768e-05     4.4238e-06  1.9626e-06     5.2664e-08  2.3364e-08 
1.3357e-02     2.6478e-03  1.0763e-03     3.5368e-05  1.4377e-05     5.8984e-06  2.3978e-06     7.8787e-08  3.2028e-08 
1.4987e-02     2.9498e-03  1.4710e-03     4.4210e-05  2.2046e-05     7.3731e-06  3.6768e-06     1.1050e-07  5.5105e-08 
1.6816e-02     2.1032e-03  1.1045e-03     3.5368e-05  1.8573e-05     5.8984e-06  3.0975e-06     9.9187e-08  5.2087e-08 
1.8868e-02     1.4059e-03  7.4474e-04     2.6526e-05  1.4052e-05     4.4238e-06  2.3435e-06     8.3468e-08  4.4216e-08 
2.1170e-02     8.3533e-04  1.0770e-03     1.7684e-05  2.2801e-05     2.9492e-06  3.8026e-06     6.2435e-08  8.0500e-08 
2.3753e-02     7.4449e-04  3.4343e-04     1.7684e-05  8.1575e-06     2.9492e-06  1.3605e-06     7.0053e-08  3.2315e-08 
2.6651e-02     1.9906e-03  1.0205e-03     5.3052e-05  2.7198e-05     8.8477e-06  4.5359e-06     2.3580e-07  1.2089e-07 
2.9903e-02     1.7741e-03  7.6100e-04     5.3052e-05  2.2756e-05     8.8477e-06  3.7952e-06     2.6457e-07  1.1349e-07 
3.3552e-02     2.3718e-03  9.7153e-04     7.9577e-05  3.2597e-05     1.3271e-05  5.4364e-06     4.4529e-07  1.8240e-07 
3.7646e-02     1.6441e-03  7.7424e-04     6.1893e-05  2.9147e-05     1.0322e-05  4.8610e-06     3.8859e-07  1.8300e-07 
4.2240e-02     1.6746e-03  5.6369e-04     7.0735e-05  2.3810e-05     1.1797e-05  3.9710e-06     4.9829e-07  1.6773e-07 
4.7394e-02     1.6791e-03  5.6493e-04     7.9577e-05  2.6774e-05     1.3271e-05  4.4653e-06     6.2898e-07  2.1163e-07 
5.3176e-02     1.9953e-03  7.0893e-04     1.0610e-04  3.7698e-05     1.7695e-05  6.2872e-06     9.4097e-07  3.3433e-07 
5.9665e-02     1.6301e-03  1.2402e-03     9.7261e-05  7.3998e-05     1.6221e-05  1.2341e-05     9.6781e-07  7.3633e-07 
6.6945e-02     3.3019e-03  9.3540e-04     2.2105e-04  6.2620e-05     3.6865e-05  1.0444e-05     2.4680e-06  6.9916e-07 
7.5114e-02     2.7074e-03  7.7077e-04     2.0336e-04  5.7895e-05     3.3916e-05  9.6557e-06     2.5476e-06  7.2528e-07 
8.4279e-02     1.9933e-03  8.2815e-04     1.6800e-04  6.9795e-05     2.8018e-05  1.1640e-05     2.3613e-06  9.8103e-07 
9.4563e-02     3.8336e-03  9.4192e-04     3.6252e-04  8.9071e-05     6.0459e-05  1.4855e-05     5.7172e-06  1.4047e-06 
1.0610e-01     4.2501e-03  8.0381e-04     4.5094e-04  8.5285e-05     7.5205e-05  1.4224e-05     7.9793e-06  1.5092e-06 
1.1905e-01     2.9709e-03  9.2969e-04     3.5368e-04  1.1068e-04     5.8984e-05  1.8459e-05     7.0219e-06  2.1974e-06 
1.3357e-01     3.6407e-03  9.5226e-04     4.8631e-04  1.2720e-04     8.1104e-05  2.1214e-05     1.0833e-05  2.8336e-06 
1.4987e-01     4.6017e-03  9.7212e-04     6.8967e-04  1.4569e-04     1.1502e-04  2.4299e-05     1.7238e-05  3.6417e-06 
1.6816e-01     4.6271e-03  6.4241e-04     7.7809e-04  1.0803e-04     1.2977e-04  1.8018e-05     2.1821e-05  3.0299e-06 
1.8868e-01     5.1549e-03  1.0898e-03     9.7261e-04  2.0562e-04     1.6221e-04  3.4294e-05     3.0605e-05  6.4706e-06 
2.1170e-01     5.1790e-03  1.1525e-03     1.0964e-03  2.4398e-04     1.8285e-04  4.0691e-05     3.8710e-05  8.6143e-06 
2.3753e-01     6.0303e-03  1.0699e-03     1.4324e-03  2.5412e-04     2.3889e-04  4.2384e-05     5.6743e-05  1.0067e-05 
2.6651e-01     5.3746e-03  8.0091e-04     1.4324e-03  2.1345e-04     2.3889e-04  3.5602e-05     6.3667e-05  9.4883e-06 
2.9903e-01     6.7712e-03  7.6251e-04     2.0248e-03  2.2802e-04     3.3769e-04  3.8033e-05     1.0098e-04  1.1373e-05 
3.3552e-01     7.7477e-03  7.6201e-04     2.5995e-03  2.5567e-04     4.3354e-04  4.2648e-05     1.4546e-04  1.4309e-05 
3.7646e-01     8.2204e-03  8.9988e-04     3.0947e-03  3.3877e-04     5.1611e-04  5.6507e-05     1.9430e-04  2.1273e-05 
4.2240e-01     1.0090e-02  5.9046e-04     4.2618e-03  2.4941e-04     7.1076e-04  4.1619e-05     3.0022e-04  1.7580e-05 
4.7394e-01     1.0261e-02  1.0373e-03     4.8631e-03  4.9161e-04     8.1104e-04  8.2004e-05     3.8438e-04  3.8864e-05 
5.3176e-01     1.1822e-02  6.4514e-04     6.2866e-03  3.4306e-04     1.0484e-03  5.7252e-05     5.5753e-04  3.0445e-05 
5.9665e-01     1.3085e-02  4.6485e-04     7.8074e-03  2.7735e-04     1.3021e-03  4.6327e-05     7.7689e-04  2.7641e-05 
6.6945e-01     1.4410e-02  5.2386e-04     9.6465e-03  3.5070e-04     1.6088e-03  5.8575e-05     1.0770e-03  3.9213e-05 
7.5114e-01     1.6939e-02  7.3747e-04     1.2724e-02  5.5394e-04     2.1220e-03  9.2479e-05     1.5939e-03  6.9464e-05 
8.4279e-01     1.8958e-02  7.0322e-04     1.5977e-02  5.9267e-04     2.6646e-03  9.8983e-05     2.2457e-03  8.3422e-05 
9.4563e-01     2.2310e-02  1.3643e-03     2.1097e-02  1.2901e-03     3.5184e-03  2.1527e-04     3.3271e-03  2.0357e-04 
1.0610e+00     2.5509e-02  4.1254e-04     2.7065e-02  4.3771e-04     4.5138e-03  7.3545e-05     4.7892e-03  7.8032e-05 
1.1905e+00     2.9278e-02  8.0624e-04     3.4855e-02  9.5981e-04     5.8129e-03  1.6049e-04     6.9201e-03  1.9105e-04 
1.3357e+00     3.3654e-02  3.8591e-04     4.4952e-02  5.1547e-04     7.4969e-03  8.7242e-05     1.0014e-02  1.1653e-04 
1.4987e+00     4.0312e-02  8.4942e-04     6.0417e-02  1.2730e-03     1.0076e-02  2.1325e-04     1.5101e-02  3.1960e-04 
1.6816e+00     4.6970e-02  6.4730e-04     7.8985e-02  1.0885e-03     1.3173e-02  1.8340e-04     2.2151e-02  3.0840e-04 
1.8868e+00     5.2261e-02  7.2023e-04     9.8605e-02  1.3589e-03     1.6445e-02  2.2896e-04     3.1028e-02  4.3200e-04 
2.1170e+00     5.8164e-02  9.5964e-04     1.2313e-01  2.0316e-03     2.0535e-02  3.4125e-04     4.3473e-02  7.2242e-04 
2.3753e+00     6.8262e-02  1.4863e-03     1.6214e-01  3.5304e-03     2.7041e-02  5.9122e-04     6.4232e-02  1.4043e-03 
2.6651e+00     7.5479e-02  1.0370e-03     2.0116e-01  2.7637e-03     3.3549e-02  4.6569e-04     8.9412e-02  1.2411e-03 
2.9903e+00     8.5861e-02  9.7904e-04     2.5675e-01  2.9277e-03     4.2820e-02  4.9558e-04     1.2805e-01  1.4819e-03 
3.3552e+00     9.7171e-02  5.2518e-04     3.2603e-01  1.7621e-03     5.4373e-02  3.1300e-04     1.8243e-01  1.0502e-03 
3.7646e+00     1.1041e-01  1.0256e-03     4.1564e-01  3.8609e-03     6.9318e-02  6.5839e-04     2.6096e-01  2.4786e-03 
4.2240e+00     1.2557e-01  7.1541e-04     5.3041e-01  3.0219e-03     8.8459e-02  5.3358e-04     3.7365e-01  2.2538e-03 
4.7394e+00     1.4336e-01  7.6191e-04     6.7943e-01  3.6110e-03     1.1331e-01  6.4272e-04     5.3703e-01  3.0461e-03 
5.3176e+00     1.6470e-01  1.1890e-03     8.7583e-01  6.3229e-03     1.4607e-01  1.0935e-03     7.7673e-01  5.8149e-03 
5.9665e+00     1.7673e-01  8.1832e-04     1.0544e+00  4.8825e-03     1.7585e-01  8.8571e-04     1.0492e+00  5.2846e-03 
6.6945e+00     1.5795e-01  7.8333e-04     1.0574e+00  5.2440e-03     1.7635e-01  9.4180e-04     1.1806e+00  6.3049e-03 
7.5114e+00     1.1655e-01  2.9821e-04     8.7545e-01  2.2400e-03     1.4600e-01  4.7251e-04     1.0967e+00  3.5492e-03 
8.4279e+00     7.6585e-02  2.6569e-04     6.4545e-01  2.2392e-03     1.0765e-01  4.3008e-04     9.0722e-01  3.6246e-03 
9.4563e+00     4.6620e-02  6.9717e-04     4.4085e-01  6.5927e-03     7.3523e-02  1.1091e-03     6.9525e-01  1.0488e-02 
1.0610e+01     2.6797e-02  2.2497e-04     2.8432e-01  2.3870e-03     4.7418e-02  4.0903e-04     5.0310e-01  4.3398e-03 
1.1905e+01     1.4136e-02  9.5835e-05     1.6828e-01  1.1409e-03     2.8065e-02  1.9823e-04     3.3410e-01  2.3599e-03 
1.3357e+01     6.7863e-03  9.1118e-05     9.0647e-02  1.2171e-03     1.5118e-02  2.0518e-04     2.0193e-01  2.7407e-03 
1.4987e+01     2.7156e-03  1.1791e-04     4.0699e-02  1.7671e-03     6.7876e-03  2.9502e-04     1.0173e-01  4.4215e-03 
1.6816e+01     9.4120e-04  3.0214e-05     1.5827e-02  5.0807e-04     2.6396e-03  8.4895e-05     4.4386e-02  1.4276e-03 
1.8868e+01     2.6524e-04  2.7835e-05     5.0045e-03  5.2518e-04     8.3463e-04  8.7603e-05     1.5748e-02  1.6529e-03 
2.1170e+01     6.4320e-05  7.7177e-06     1.3617e-03  1.6338e-04     2.2709e-04  2.7252e-05     4.8075e-03  5.7692e-04 
2.3753e+01     1.3773e-05  3.9602e-06     3.2715e-04  9.4068e-05     5.4561e-05  1.5688e-05     1.2960e-03  3.7265e-04 
2.6651e+01     1.9906e-06  9.1273e-07     5.3052e-05  2.4325e-05     8.8477e-06  4.0569e-06     2.3580e-04  1.0812e-04 
2.9903e+01     0.0000e+00  0.0000e+00     0.0000e+00  0.0000e+00     0.0000e+00  0.0000e+00     0.0000e+00  0.0000e+00 
3.3552e+01     0.0000e+00  0.0000e+00     0.0000e+00  0.0000e+00     0.0000e+00  0.0000e+00     0.0000e+00  0.0000e+00 
3.7646e+01     4.6974e-07  7.2591e-07     1.7684e-05  2.7328e-05     2.9492e-06  4.5576e-06     1.1103e-04  1.7157e-04 
4.2240e+01     0.0000e+00  0.0000e+00     0.0000e+00  0.0000e+00     0.0000e+00  0.0000e+00     0.0000e+00  0.0000e+00 
4.7394e+01     0.0000e+00  0.0000e+00     0.0000e+00  0.0000e+00     0.0000e+00  0.0000e+00     0.0000e+00  0.0000e+00 
5.3176e+01     0.0000e+00  0.0000e+00     0.0000e+00  0.0000e+00     0.0000e+00  0.0000e+00     0.0000e+00  0.0000e+00 
5.9665e+01     0.0000e+00  0.0000e+00     0.0000e+00  0.0000e+00     0.0000e+00  0.0000e+00     0.0000e+00  0.0000e+00 
6.6945e+01     0.0000e+00  0.0000e+00     0.0000e+00  0.0000e+00     0.0000e+00  0.0000e+00     0.0000e+00  0.0000e+00 
7.5114e+01     2.3543e-07  9.5639e-08     1.7684e-05  7.1838e-06     2.9492e-06  1.1981e-06     2.2153e-04  8.9993e-05 
8.4279e+01     0.0000e+00  0.0000e+00     0.0000e+00  0.0000e+00     0.0000e+00  0.0000e+00     0.0000e+00  0.0000e+00 
9.4563e+01     0.0000e+00  0.0000e+00     0.0000e+00  0.0000e+00     0.0000e+00  0.0000e+00     0.0000e+00  0.0000e+00 
1.0610e+02     0.0000e+00  0.0000e+00     0.0000e+00  0.0000e+00     0.0000e+00  0.0000e+00     0.0000e+00  0.0000e+00 
1.1905e+02     7.4272e-08  1.4854e-07     8.8419e-06  1.7683e-05     1.4746e-06  2.9492e-06     1.7555e-04  3.5109e-04 
1.3357e+02     0.0000e+00  0.0000e+00     0.0000e+00  0.0000e+00     0.0000e+00  0.0000e+00     0.0000e+00  0.0000e+00 
1.4987e+02     0.0000e+00  0.0000e+00     0.0000e+00  0.0000e+00     0.0000e+00  0.0000e+00     0.0000e+00  0.0000e+00 
1.6816e+02     0.0000e+00  0.0000e+00     0.0000e+00  0.0000e+00     0.0000e+00  0.0000e+00     0.0000e+00  0.0000e+00 
1.8868e+02     0.0000e+00  0.0000e+00     0.0000e+00  0.0000e+00     0.0000e+00  0.0000e+00     0.0000e+00  0.0000e+00 
2.1170e+02     0.0000e+00  0.0000e+00     0.0000e+00  0.0000e+00     0.0000e+00  0.0000e+00     0.0000e+00  0.0000e+00 
2.3753e+02     3.7224e-08  2.3043e-08     8.8419e-06  5.4734e-06     1.4746e-06  9.1284e-07     3.5026e-04  2.1683e-04 
2.6651e+02     0.0000e+00  0.0000e+00     0.0000e+00  0.0000e+00     0.0000e+00  0.0000e+00     0.0000e+00  0.0000e+00 
2.9903e+02     0.0000e+00  0.0000e+00     0.0000e+00  0.0000e+00     0.0000e+00  0.0000e+00     0.0000e+00  0.0000e+00 
3.3552e+02     0.0000e+00  0.0000e+00     0.0000e+00  0.0000e+00     0.0000e+00  0.0000e+00     0.0000e+00  0.0000e+00 
3.7646e+02     0.0000e+00  0.0000e+00     0.0000e+00  0.0000e+00     0.0000e+00  0.0000e+00     0.0000e+00  0.0000e+00 
4.2240e+02     2.0933e-08  1.7599e-08     8.8419e-06  7.4337e-06     1.4746e-06  1.2398e-06     6.2287e-04  5.2367e-04 
4.7394e+02     0.0000e+00  0.0000e+00     0.0000e+00  0.0000e+00     0.0000e+00  0.0000e+00     0.0000e+00  0.0000e+00 
5.3176e+02     1.6628e-08  2.8799e-09     8.8419e-06  1.5314e-06     1.4746e-06  2.5542e-07     7.8415e-04  1.3583e-04 
5.9665e+02     0.0000e+00  0.0000e+00     0.0000e+00  0.0000e+00     0.0000e+00  0.0000e+00     0.0000e+00  0.0000e+00 
6.6945e+02     0.0000e+00  0.0000e+00     0.0000e+00  0.0000e+00     0.0000e+00  0.0000e+00     0.0000e+00  0.0000e+00 
7.5114e+02     0.0000e+00  0.0000e+00     0.0000e+00  0.0000e+00     0.0000e+00  0.0000e+00     0.0000e+00  0.0000e+00 
8.4279e+02     0.0000e+00  0.0000e+00     0.0000e+00  0.0000e+00     0.0000e+00  0.0000e+00     0.0000e+00  0.0000e+00 
9.4563e+02     0.0000e+00  0.0000e+00     0.0000e+00  0.0000e+00     0.0000e+00  0.0000e+00     0.0000e+00  0.0000e+00 
1.0610e+03     0.0000e+00  0.0000e+00     0.0000e+00  0.0000e+00     0.0000e+00  0.0000e+00     0.0000e+00  0.0000e+00 
1.1905e+03     0.0000e+00  0.0000e+00     0.0000e+00  0.0000e+00     0.0000e+00  0.0000e+00     0.0000e+00  0.0000e+00 
1.3357e+03     0.0000e+00  0.0000e+00     0.0000e+00  0.0000e+00     0.0000e+00  0.0000e+00     0.0000e+00  0.0000e+00 
1.4987e+03     0.0000e+00  0.0000e+00     0.0000e+00  0.0000e+00     0.0000e+00  0.0000e+00     0.0000e+00  0.0000e+00 
1.6816e+03     0.0000e+00  0.0000e+00     0.0000e+00  0.0000e+00     0.0000e+00  0.0000e+00     0.0000e+00  0.0000e+00 
1.8868e+03     0.0000e+00  0.0000e+00     0.0000e+00  0.0000e+00     0.0000e+00  0.0000e+00     0.0000e+00  0.0000e+00 
2.1170e+03     0.0000e+00  0.0000e+00     0.0000e+00  0.0000e+00     0.0000e+00  0.0000e+00     0.0000e+00  0.0000e+00 
2.3753e+03     0.0000e+00  0.0000e+00     0.0000e+00  0.0000e+00     0.0000e+00  0.0000e+00     0.0000e+00  0.0000e+00 
2.6651e+03     0.0000e+00  0.0000e+00     0.0000e+00  0.0000e+00     0.0000e+00  0.0000e+00     0.0000e+00  0.0000e+00 
2.9903e+03     0.0000e+00  0.0000e+00     0.0000e+00  0.0000e+00     0.0000e+00  0.0000e+00     0.0000e+00  0.0000e+00 
3.3552e+03     0.0000e+00  0.0000e+00     0.0000e+00  0.0000e+00     0.0000e+00  0.0000e+00     0.0000e+00  0.0000e+00 
3.7646e+03     0.0000e+00  0.0000e+00     0.0000e+00  0.0000e+00     0.0000e+00  0.0000e+00     0.0000e+00  0.0000e+00 
4.2240e+03     0.0000e+00  0.0000e+00     0.0000e+00  0.0000e+00     0.0000e+00  0.0000e+00     0.0000e+00  0.0000e+00 
4.7394e+03     0.0000e+00  0.0000e+00     0.0000e+00  0.0000e+00     0.0000e+00  0.0000e+00     0.0000e+00  0.0000e+00 
5.3176e+03     0.0000e+00  0.0000e+00     0.0000e+00  0.0000e+00     0.0000e+00  0.0000e+00     0.0000e+00  0.0000e+00 
5.9665e+03     0.0000e+00  0.0000e+00     0.0000e+00  0.0000e+00     0.0000e+00  0.0000e+00     0.0000e+00  0.0000e+00 
6.6945e+03     0.0000e+00  0.0000e+00     0.0000e+00  0.0000e+00     0.0000e+00  0.0000e+00     0.0000e+00  0.0000e+00 
7.5114e+03     0.0000e+00  0.0000e+00     0.0000e+00  0.0000e+00     0.0000e+00  0.0000e+00     0.0000e+00  0.0000e+00 
8.4279e+03     0.0000e+00  0.0000e+00     0.0000e+00  0.0000e+00     0.0000e+00  0.0000e+00     0.0000e+00  0.0000e+00 
9.4563e+03     0.0000e+00  0.0000e+00     0.0000e+00  0.0000e+00     0.0000e+00  0.0000e+00     0.0000e+00  0.0000e+00 
