yF = 6.9496e-01 (std: 1.7252e-03) keV/um
yD = 2.0551e+00 (std: 3.8300e-01) keV/um
y (keV/um)     f(y)(std)                  yf(y)(std)                 d(y)(std)                  yd(y)(std)  
1.0610e-03     8.2245e-03  6.1225e-03     8.7262e-06  6.4961e-06     1.2556e-05  9.3474e-06     1.3322e-08  9.9177e-09 
1.1905e-03     0.0000e+00  0.0000e+00     0.0000e+00  0.0000e+00     0.0000e+00  0.0000e+00     0.0000e+00  0.0000e+00 
1.3357e-03     0.0000e+00  0.0000e+00     0.0000e+00  0.0000e+00     0.0000e+00  0.0000e+00     0.0000e+00  0.0000e+00 
1.4987e-03     1.1645e-02  2.5260e-02     1.7452e-05  3.7858e-05     2.5113e-05  5.4475e-05     3.7637e-08  8.1642e-08 
1.6816e-03     0.0000e+00  0.0000e+00     0.0000e+00  0.0000e+00     0.0000e+00  0.0000e+00     0.0000e+00  0.0000e+00 
1.8868e-03     4.6250e-03  1.5337e-03     8.7262e-06  2.8938e-06     1.2556e-05  4.1640e-06     2.3691e-08  7.8566e-09 
2.1170e-03     0.0000e+00  0.0000e+00     0.0000e+00  0.0000e+00     0.0000e+00  0.0000e+00     0.0000e+00  0.0000e+00 
2.3753e-03     3.6737e-03  6.3926e-03     8.7262e-06  1.5184e-05     1.2556e-05  2.1849e-05     2.9825e-08  5.1898e-08 
2.6651e-03     1.9645e-02  9.3700e-03     5.2357e-05  2.4972e-05     7.5339e-05  3.5934e-05     2.0079e-07  9.5768e-08 
2.9903e-03     5.8363e-03  9.0468e-03     1.7452e-05  2.7053e-05     2.5113e-05  3.8928e-05     7.5096e-08  1.1641e-07 
3.3552e-03     1.3004e-02  6.8508e-03     4.3631e-05  2.2986e-05     6.2782e-05  3.3075e-05     2.1065e-07  1.1098e-07 
3.7646e-03     1.3908e-02  5.3874e-03     5.2357e-05  2.0281e-05     7.5339e-05  2.9184e-05     2.8362e-07  1.0987e-07 
4.2240e-03     6.1977e-03  3.1668e-03     2.6179e-05  1.3376e-05     3.7669e-05  1.9248e-05     1.5911e-07  8.1303e-08 
4.7394e-03     1.4730e-02  5.1530e-03     6.9810e-05  2.4422e-05     1.0045e-04  3.5143e-05     4.7607e-07  1.6655e-07 
5.3176e-03     2.1333e-02  1.6305e-02     1.1344e-04  8.6703e-05     1.6323e-04  1.2476e-04     8.6802e-07  6.6343e-07 
5.9665e-03     2.1938e-02  1.0210e-02     1.3089e-04  6.0919e-05     1.8835e-04  8.7660e-05     1.1238e-06  5.2302e-07 
6.6945e-03     1.4338e-02  4.8446e-03     9.5988e-05  3.2433e-05     1.3812e-04  4.6669e-05     9.2465e-07  3.1243e-07 
7.5114e-03     1.1617e-02  5.6006e-03     8.7262e-05  4.2068e-05     1.2556e-04  6.0534e-05     9.4316e-07  4.5469e-07 
8.4279e-03     1.0354e-03  7.1846e-04     8.7262e-06  6.0551e-06     1.2556e-05  8.7129e-06     1.0582e-07  7.3431e-08 
9.4563e-03     0.0000e+00  0.0000e+00     0.0000e+00  0.0000e+00     0.0000e+00  0.0000e+00     0.0000e+00  0.0000e+00 
1.0610e-02     0.0000e+00  0.0000e+00     0.0000e+00  0.0000e+00     0.0000e+00  0.0000e+00     0.0000e+00  0.0000e+00 
1.1905e-02     3.9656e-01  3.2352e-02     4.7209e-03  3.8514e-04     6.7930e-03  5.5445e-04     8.0869e-05  6.6005e-06 
1.3357e-02     3.5278e-01  2.0322e-02     4.7122e-03  2.7145e-04     6.7805e-03  3.9096e-04     9.0569e-05  5.2221e-06 
1.4987e-02     2.2649e-01  1.7634e-02     3.3945e-03  2.6428e-04     4.8845e-03  3.8048e-04     7.3204e-05  5.7023e-06 
1.6816e-02     2.0238e-01  1.8471e-02     3.4032e-03  3.1060e-04     4.8970e-03  4.4710e-04     8.2347e-05  7.5184e-06 
1.8868e-02     1.5031e-01  1.2166e-02     2.8360e-03  2.2954e-04     4.0808e-03  3.3045e-04     7.6996e-05  6.2347e-06 
2.1170e-02     1.1748e-01  1.0757e-02     2.4870e-03  2.2772e-04     3.5786e-03  3.2779e-04     7.5758e-05  6.9393e-06 
2.3753e-02     1.7046e-01  1.3572e-02     4.0490e-03  3.2238e-04     5.8262e-03  4.6411e-04     1.3839e-04  1.1024e-05 
2.6651e-02     2.2068e-01  9.2164e-03     5.8815e-03  2.4563e-04     8.4630e-03  3.5407e-04     2.2555e-04  9.4364e-06 
2.9903e-02     2.2120e-01  9.9863e-03     6.6145e-03  2.9862e-04     9.5178e-03  4.3035e-04     2.8461e-04  1.2869e-05 
3.3552e-02     2.1249e-01  1.4256e-02     7.1293e-03  4.7833e-04     1.0259e-02  6.8875e-04     3.4420e-04  2.3109e-05 
3.7646e-02     2.2623e-01  1.4550e-02     8.5168e-03  5.4773e-04     1.2255e-02  7.8874e-04     4.6135e-04  2.9693e-05 
4.2240e-02     2.3572e-01  2.0425e-02     9.9566e-03  8.6276e-04     1.4327e-02  1.2420e-03     6.0516e-04  5.2460e-05 
4.7394e-02     2.4820e-01  9.1965e-03     1.1763e-02  4.3585e-04     1.6926e-02  6.2857e-04     8.0219e-04  2.9790e-05 
5.3176e-02     2.7519e-01  1.1701e-02     1.4634e-02  6.2221e-04     2.1057e-02  8.9684e-04     1.1197e-03  4.7691e-05 
5.9665e-02     2.8417e-01  1.4709e-02     1.6955e-02  8.7764e-04     2.4397e-02  1.2643e-03     1.4557e-03  7.5435e-05 
6.6945e-02     3.0971e-01  7.4973e-03     2.0734e-02  5.0190e-04     2.9834e-02  7.2599e-04     1.9972e-03  4.8602e-05 
7.5114e-02     3.1866e-01  1.2222e-02     2.3936e-02  9.1806e-04     3.4442e-02  1.3238e-03     2.5871e-03  9.9435e-05 
8.4279e-02     3.5928e-01  1.5335e-02     3.0280e-02  1.2924e-03     4.3571e-02  1.8628e-03     3.6721e-03  1.5700e-04 
9.4563e-02     3.8896e-01  9.8246e-03     3.6781e-02  9.2904e-04     5.2925e-02  1.3433e-03     5.0048e-03  1.2702e-04 
1.0610e-01     4.1534e-01  9.3323e-03     4.4067e-02  9.9016e-04     6.3410e-02  1.4334e-03     6.7279e-03  1.5209e-04 
1.1905e-01     4.4090e-01  8.0847e-03     5.2488e-02  9.6246e-04     7.5527e-02  1.3976e-03     8.9913e-03  1.6637e-04 
1.3357e-01     4.9964e-01  9.9180e-03     6.6738e-02  1.3248e-03     9.6032e-02  1.9211e-03     1.2827e-02  2.5661e-04 
1.4987e-01     5.2903e-01  5.0836e-03     7.9286e-02  7.6189e-04     1.1409e-01  1.1323e-03     1.7099e-02  1.6970e-04 
1.6816e-01     5.9205e-01  7.2849e-03     9.9557e-02  1.2250e-03     1.4326e-01  1.7982e-03     2.4090e-02  3.0239e-04 
1.8868e-01     6.4583e-01  5.2268e-03     1.2185e-01  9.8618e-04     1.7534e-01  1.4843e-03     3.3082e-02  2.8005e-04 
2.1170e-01     7.2638e-01  9.4161e-03     1.5377e-01  1.9934e-03     2.2127e-01  2.9205e-03     4.6843e-02  6.1826e-04 
2.3753e-01     7.9062e-01  8.1189e-03     1.8780e-01  1.9285e-03     2.7023e-01  2.8549e-03     6.4187e-02  6.7813e-04 
2.6651e-01     8.8820e-01  1.4986e-02     2.3672e-01  3.9940e-03     3.4062e-01  5.8089e-03     9.0779e-02  1.5482e-03 
2.9903e-01     9.8114e-01  6.2307e-03     2.9339e-01  1.8632e-03     4.2217e-01  2.8785e-03     1.2624e-01  8.6078e-04 
3.3552e-01     1.1067e+00  1.0571e-02     3.7131e-01  3.5467e-03     5.3429e-01  5.2730e-03     1.7926e-01  1.7692e-03 
3.7646e-01     1.2231e+00  9.7608e-03     4.6046e-01  3.6746e-03     6.6257e-01  5.5373e-03     2.4943e-01  2.0846e-03 
4.2240e-01     1.3398e+00  7.9289e-03     5.6593e-01  3.3491e-03     8.1433e-01  5.2260e-03     3.4397e-01  2.2074e-03 
4.7394e-01     1.4132e+00  4.7219e-03     6.6978e-01  2.2379e-03     9.6377e-01  4.0116e-03     4.5676e-01  1.9013e-03 
5.3176e-01     1.4090e+00  1.1229e-02     7.4923e-01  5.9713e-03     1.0781e+00  8.9994e-03     5.7329e-01  4.7856e-03 
5.9665e-01     1.3078e+00  6.0181e-03     7.8030e-01  3.5907e-03     1.1228e+00  5.8706e-03     6.6992e-01  3.5027e-03 
6.6945e-01     1.1111e+00  5.1108e-03     7.4380e-01  3.4214e-03     1.0703e+00  5.5943e-03     7.1650e-01  3.7451e-03 
7.5114e-01     8.5375e-01  3.9685e-03     6.4128e-01  2.9809e-03     9.2276e-01  4.8626e-03     6.9312e-01  3.6525e-03 
8.4279e-01     6.0692e-01  2.9152e-03     5.1151e-01  2.4569e-03     7.3602e-01  3.9795e-03     6.2031e-01  3.3539e-03 
9.4563e-01     4.1199e-01  2.4265e-03     3.8959e-01  2.2946e-03     5.6059e-01  3.5831e-03     5.3011e-01  3.3882e-03 
1.0610e+00     2.7345e-01  3.1311e-03     2.9014e-01  3.3221e-03     4.1749e-01  4.8913e-03     4.4296e-01  5.1897e-03 
1.1905e+00     1.7710e-01  1.5778e-03     2.1083e-01  1.8783e-03     3.0338e-01  2.8057e-03     3.6116e-01  3.3401e-03 
1.3357e+00     1.1751e-01  2.3731e-03     1.5697e-01  3.1698e-03     2.2587e-01  4.5955e-03     3.0170e-01  6.1383e-03 
1.4987e+00     8.1881e-02  1.6034e-03     1.2272e-01  2.4030e-03     1.7658e-01  3.4855e-03     2.6464e-01  5.2238e-03 
1.6816e+00     5.6797e-02  7.0793e-04     9.5509e-02  1.1904e-03     1.3743e-01  1.7466e-03     2.3110e-01  2.9371e-03 
1.8868e+00     4.1902e-02  5.1534e-04     7.9060e-02  9.7234e-04     1.1376e-01  1.4273e-03     2.1464e-01  2.6931e-03 
2.1170e+00     2.9641e-02  5.2028e-04     6.2750e-02  1.1014e-03     9.0293e-02  1.6007e-03     1.9115e-01  3.3886e-03 
2.3753e+00     2.1616e-02  8.2196e-04     5.1345e-02  1.9524e-03     7.3882e-02  2.8154e-03     1.7549e-01  6.6873e-03 
2.6651e+00     1.6450e-02  2.1284e-04     4.3841e-02  5.6724e-04     6.3084e-02  8.3111e-04     1.6813e-01  2.2150e-03 
2.9903e+00     1.1751e-02  2.3037e-04     3.5141e-02  6.8887e-04     5.0565e-02  9.9915e-04     1.5121e-01  2.9878e-03 
3.3552e+00     8.8661e-03  1.5332e-04     2.9748e-02  5.1442e-04     4.2805e-02  7.4781e-04     1.4362e-01  2.5090e-03 
3.7646e+00     6.0777e-03  1.0858e-04     2.2880e-02  4.0877e-04     3.2923e-02  5.9384e-04     1.2394e-01  2.2356e-03 
4.2240e+00     4.2289e-03  1.7872e-04     1.7863e-02  7.5492e-04     2.5703e-02  1.0882e-03     1.0857e-01  4.5963e-03 
4.7394e+00     2.8502e-03  1.8111e-04     1.3508e-02  8.5836e-04     1.9437e-02  1.2361e-03     9.2121e-02  5.8581e-03 
5.3176e+00     1.7854e-03  1.1523e-04     9.4941e-03  6.1275e-04     1.3661e-02  8.8236e-04     7.2646e-02  4.6921e-03 
5.9665e+00     1.1510e-03  8.1166e-05     6.8675e-03  4.8428e-04     9.8819e-03  6.9727e-04     5.8960e-02  4.1603e-03 
6.6945e+00     6.3741e-04  4.7235e-05     4.2671e-03  3.1622e-04     6.1401e-03  4.5527e-04     4.1105e-02  3.0478e-03 
7.5114e+00     2.8463e-04  2.9990e-05     2.1379e-03  2.2527e-04     3.0763e-03  3.2423e-04     2.3107e-02  2.4354e-03 
8.4279e+00     1.3874e-04  1.4244e-05     1.1693e-03  1.2005e-04     1.6826e-03  1.7279e-04     1.4180e-02  1.4563e-03 
9.4563e+00     5.3522e-05  8.7741e-06     5.0612e-04  8.2970e-05     7.2827e-04  1.1940e-04     6.8867e-03  1.1291e-03 
1.0610e+01     1.9739e-05  1.1520e-05     2.0943e-04  1.2223e-04     3.0135e-04  1.7589e-04     3.1974e-03  1.8662e-03 
1.1905e+01     5.1310e-06  1.6528e-06     6.1084e-05  1.9676e-05     8.7895e-05  2.8313e-05     1.0464e-03  3.3706e-04 
1.3357e+01     0.0000e+00  0.0000e+00     0.0000e+00  0.0000e+00     0.0000e+00  0.0000e+00     0.0000e+00  0.0000e+00 
1.4987e+01     0.0000e+00  0.0000e+00     0.0000e+00  0.0000e+00     0.0000e+00  0.0000e+00     0.0000e+00  0.0000e+00 
1.6816e+01     0.0000e+00  0.0000e+00     0.0000e+00  0.0000e+00     0.0000e+00  0.0000e+00     0.0000e+00  0.0000e+00 
1.8868e+01     4.6250e-07  5.9944e-07     8.7262e-06  1.1310e-05     1.2556e-05  1.6274e-05     2.3691e-04  3.0706e-04 
2.1170e+01     0.0000e+00  0.0000e+00     0.0000e+00  0.0000e+00     0.0000e+00  0.0000e+00     0.0000e+00  0.0000e+00 
2.3753e+01     3.6737e-07  1.7622e-07     8.7262e-06  4.1858e-06     1.2556e-05  6.0231e-06     2.9825e-04  1.4307e-04 
2.6651e+01     0.0000e+00  0.0000e+00     0.0000e+00  0.0000e+00     0.0000e+00  0.0000e+00     0.0000e+00  0.0000e+00 
2.9903e+01     0.0000e+00  0.0000e+00     0.0000e+00  0.0000e+00     0.0000e+00  0.0000e+00     0.0000e+00  0.0000e+00 
3.3552e+01     0.0000e+00  0.0000e+00     0.0000e+00  0.0000e+00     0.0000e+00  0.0000e+00     0.0000e+00  0.0000e+00 
3.7646e+01     0.0000e+00  0.0000e+00     0.0000e+00  0.0000e+00     0.0000e+00  0.0000e+00     0.0000e+00  0.0000e+00 
4.2240e+01     0.0000e+00  0.0000e+00     0.0000e+00  0.0000e+00     0.0000e+00  0.0000e+00     0.0000e+00  0.0000e+00 
4.7394e+01     1.8412e-07  7.5907e-08     8.7262e-06  3.5975e-06     1.2556e-05  5.1766e-06     5.9509e-04  2.4534e-04 
5.3176e+01     0.0000e+00  0.0000e+00     0.0000e+00  0.0000e+00     0.0000e+00  0.0000e+00     0.0000e+00  0.0000e+00 
5.9665e+01     0.0000e+00  0.0000e+00     0.0000e+00  0.0000e+00     0.0000e+00  0.0000e+00     0.0000e+00  0.0000e+00 
6.6945e+01     0.0000e+00  0.0000e+00     0.0000e+00  0.0000e+00     0.0000e+00  0.0000e+00     0.0000e+00  0.0000e+00 
7.5114e+01     1.1617e-07  1.1685e-07     8.7262e-06  8.7768e-06     1.2556e-05  1.2629e-05     9.4316e-04  9.4862e-04 
8.4279e+01     0.0000e+00  0.0000e+00     0.0000e+00  0.0000e+00     0.0000e+00  0.0000e+00     0.0000e+00  0.0000e+00 
9.4563e+01     1.8456e-07  1.3370e-07     1.7452e-05  1.2643e-05     2.5113e-05  1.8193e-05     2.3747e-03  1.7203e-03 
1.0610e+02     0.0000e+00  0.0000e+00     0.0000e+00  0.0000e+00     0.0000e+00  0.0000e+00     0.0000e+00  0.0000e+00 
1.1905e+02     0.0000e+00  0.0000e+00     0.0000e+00  0.0000e+00     0.0000e+00  0.0000e+00     0.0000e+00  0.0000e+00 
1.3357e+02     0.0000e+00  0.0000e+00     0.0000e+00  0.0000e+00     0.0000e+00  0.0000e+00     0.0000e+00  0.0000e+00 
1.4987e+02     0.0000e+00  0.0000e+00     0.0000e+00  0.0000e+00     0.0000e+00  0.0000e+00     0.0000e+00  0.0000e+00 
1.6816e+02     5.1893e-08  2.8936e-08     8.7262e-06  4.8658e-06     1.2556e-05  7.0017e-06     2.1115e-03  1.1774e-03 
1.8868e+02     0.0000e+00  0.0000e+00     0.0000e+00  0.0000e+00     0.0000e+00  0.0000e+00     0.0000e+00  0.0000e+00 
2.1170e+02     4.1220e-08  5.1503e-08     8.7262e-06  1.0903e-05     1.2556e-05  1.5689e-05     2.6582e-03  3.3213e-03 
2.3753e+02     0.0000e+00  0.0000e+00     0.0000e+00  0.0000e+00     0.0000e+00  0.0000e+00     0.0000e+00  0.0000e+00 
2.6651e+02     0.0000e+00  0.0000e+00     0.0000e+00  0.0000e+00     0.0000e+00  0.0000e+00     0.0000e+00  0.0000e+00 
2.9903e+02     0.0000e+00  0.0000e+00     0.0000e+00  0.0000e+00     0.0000e+00  0.0000e+00     0.0000e+00  0.0000e+00 
3.3552e+02     0.0000e+00  0.0000e+00     0.0000e+00  0.0000e+00     0.0000e+00  0.0000e+00     0.0000e+00  0.0000e+00 
3.7646e+02     0.0000e+00  0.0000e+00     0.0000e+00  0.0000e+00     0.0000e+00  0.0000e+00     0.0000e+00  0.0000e+00 
4.2240e+02     2.0659e-08  2.2250e-08     8.7262e-06  9.3983e-06     1.2556e-05  1.3524e-05     5.3038e-03  5.7123e-03 
4.7394e+02     0.0000e+00  0.0000e+00     0.0000e+00  0.0000e+00     0.0000e+00  0.0000e+00     0.0000e+00  0.0000e+00 
5.3176e+02     1.6410e-08  1.0019e-08     8.7262e-06  5.3277e-06     1.2556e-05  7.6662e-06     6.6771e-03  4.0766e-03 
5.9665e+02     0.0000e+00  0.0000e+00     0.0000e+00  0.0000e+00     0.0000e+00  0.0000e+00     0.0000e+00  0.0000e+00 
6.6945e+02     0.0000e+00  0.0000e+00     0.0000e+00  0.0000e+00     0.0000e+00  0.0000e+00     0.0000e+00  0.0000e+00 
7.5114e+02     0.0000e+00  0.0000e+00     0.0000e+00  0.0000e+00     0.0000e+00  0.0000e+00     0.0000e+00  0.0000e+00 
8.4279e+02     0.0000e+00  0.0000e+00     0.0000e+00  0.0000e+00     0.0000e+00  0.0000e+00     0.0000e+00  0.0000e+00 
9.4563e+02     0.0000e+00  0.0000e+00     0.0000e+00  0.0000e+00     0.0000e+00  0.0000e+00     0.0000e+00  0.0000e+00 
1.0610e+03     0.0000e+00  0.0000e+00     0.0000e+00  0.0000e+00     0.0000e+00  0.0000e+00     0.0000e+00  0.0000e+00 
1.1905e+03     0.0000e+00  0.0000e+00     0.0000e+00  0.0000e+00     0.0000e+00  0.0000e+00     0.0000e+00  0.0000e+00 
1.3357e+03     0.0000e+00  0.0000e+00     0.0000e+00  0.0000e+00     0.0000e+00  0.0000e+00     0.0000e+00  0.0000e+00 
1.4987e+03     0.0000e+00  0.0000e+00     0.0000e+00  0.0000e+00     0.0000e+00  0.0000e+00     0.0000e+00  0.0000e+00 
1.6816e+03     0.0000e+00  0.0000e+00     0.0000e+00  0.0000e+00     0.0000e+00  0.0000e+00     0.0000e+00  0.0000e+00 
1.8868e+03     0.0000e+00  0.0000e+00     0.0000e+00  0.0000e+00     0.0000e+00  0.0000e+00     0.0000e+00  0.0000e+00 
2.1170e+03     0.0000e+00  0.0000e+00     0.0000e+00  0.0000e+00     0.0000e+00  0.0000e+00     0.0000e+00  0.0000e+00 
2.3753e+03     0.0000e+00  0.0000e+00     0.0000e+00  0.0000e+00     0.0000e+00  0.0000e+00     0.0000e+00  0.0000e+00 
2.6651e+03     0.0000e+00  0.0000e+00     0.0000e+00  0.0000e+00     0.0000e+00  0.0000e+00     0.0000e+00  0.0000e+00 
2.9903e+03     0.0000e+00  0.0000e+00     0.0000e+00  0.0000e+00     0.0000e+00  0.0000e+00     0.0000e+00  0.0000e+00 
3.3552e+03     0.0000e+00  0.0000e+00     0.0000e+00  0.0000e+00     0.0000e+00  0.0000e+00     0.0000e+00  0.0000e+00 
3.7646e+03     0.0000e+00  0.0000e+00     0.0000e+00  0.0000e+00     0.0000e+00  0.0000e+00     0.0000e+00  0.0000e+00 
4.2240e+03     0.0000e+00  0.0000e+00     0.0000e+00  0.0000e+00     0.0000e+00  0.0000e+00     0.0000e+00  0.0000e+00 
4.7394e+03     0.0000e+00  0.0000e+00     0.0000e+00  0.0000e+00     0.0000e+00  0.0000e+00     0.0000e+00  0.0000e+00 
5.3176e+03     0.0000e+00  0.0000e+00     0.0000e+00  0.0000e+00     0.0000e+00  0.0000e+00     0.0000e+00  0.0000e+00 
5.9665e+03     0.0000e+00  0.0000e+00     0.0000e+00  0.0000e+00     0.0000e+00  0.0000e+00     0.0000e+00  0.0000e+00 
6.6945e+03     0.0000e+00  0.0000e+00     0.0000e+00  0.0000e+00     0.0000e+00  0.0000e+00     0.0000e+00  0.0000e+00 
7.5114e+03     0.0000e+00  0.0000e+00     0.0000e+00  0.0000e+00     0.0000e+00  0.0000e+00     0.0000e+00  0.0000e+00 
8.4279e+03     0.0000e+00  0.0000e+00     0.0000e+00  0.0000e+00     0.0000e+00  0.0000e+00     0.0000e+00  0.0000e+00 
9.4563e+03     0.0000e+00  0.0000e+00     0.0000e+00  0.0000e+00     0.0000e+00  0.0000e+00     0.0000e+00  0.0000e+00 
