yF = 7.2356e-01 (std: 2.8606e-03) keV/um
yD = 3.4650e+00 (std: 9.3580e-01) keV/um
y (keV/um)     f(y)(std)                  yf(y)(std)                 d(y)(std)                  yd(y)(std)  
1.0610e-03     0.0000e+00  0.0000e+00     0.0000e+00  0.0000e+00     0.0000e+00  0.0000e+00     0.0000e+00  0.0000e+00 
1.1905e-03     0.0000e+00  0.0000e+00     0.0000e+00  0.0000e+00     0.0000e+00  0.0000e+00     0.0000e+00  0.0000e+00 
1.3357e-03     0.0000e+00  0.0000e+00     0.0000e+00  0.0000e+00     0.0000e+00  0.0000e+00     0.0000e+00  0.0000e+00 
1.4987e-03     0.0000e+00  0.0000e+00     0.0000e+00  0.0000e+00     0.0000e+00  0.0000e+00     0.0000e+00  0.0000e+00 
1.6816e-03     5.1890e-03  2.0093e-03     8.7257e-06  3.3788e-06     1.2059e-05  4.6700e-06     2.0279e-08  7.8530e-09 
1.8868e-03     1.3874e-02  9.5541e-03     2.6177e-05  1.8026e-05     3.6178e-05  2.4914e-05     6.8260e-08  4.7007e-08 
2.1170e-03     4.1217e-03  5.1497e-03     8.7257e-06  1.0902e-05     1.2059e-05  1.5067e-05     2.5530e-08  3.1897e-08 
2.3753e-03     0.0000e+00  0.0000e+00     0.0000e+00  0.0000e+00     0.0000e+00  0.0000e+00     0.0000e+00  0.0000e+00 
2.6651e-03     9.8221e-03  6.9892e-03     2.6177e-05  1.8627e-05     3.6178e-05  2.5744e-05     9.6420e-08  6.8612e-08 
2.9903e-03     1.1672e-02  6.7476e-03     3.4903e-05  2.0178e-05     4.8238e-05  2.7887e-05     1.4425e-07  8.3393e-08 
3.3552e-03     5.2013e-03  2.6144e-03     1.7451e-05  8.7720e-06     2.4119e-05  1.2124e-05     8.0924e-08  4.0678e-08 
3.7646e-03     9.2713e-03  7.8531e-03     3.4903e-05  2.9564e-05     4.8238e-05  4.0859e-05     1.8160e-07  1.5382e-07 
4.2240e-03     1.8592e-02  6.8109e-03     7.8531e-05  2.8769e-05     1.0854e-04  3.9763e-05     4.5845e-07  1.6796e-07 
4.7394e-03     1.4729e-02  6.9713e-03     6.9806e-05  3.3040e-05     9.6476e-05  4.5664e-05     4.5723e-07  2.1642e-07 
5.3176e-03     1.1486e-02  1.0975e-02     6.1080e-05  5.8363e-05     8.4416e-05  8.0661e-05     4.4890e-07  4.2893e-07 
5.9665e-03     1.3162e-02  4.7669e-03     7.8531e-05  2.8442e-05     1.0854e-04  3.9311e-05     6.4757e-07  2.3455e-07 
6.6945e-03     1.4338e-02  1.4716e-02     9.5983e-05  9.8514e-05     1.3265e-04  1.3615e-04     8.8806e-07  9.1148e-07 
7.5114e-03     6.9700e-03  1.4847e-02     5.2354e-05  1.1152e-04     7.2357e-05  1.5413e-04     5.4350e-07  1.1577e-06 
8.4279e-03     1.0353e-03  6.6700e-04     8.7257e-06  5.6214e-06     1.2059e-05  7.7693e-06     1.0164e-07  6.5479e-08 
9.4563e-03     9.2274e-04  6.4791e-04     8.7257e-06  6.1268e-06     1.2059e-05  8.4677e-06     1.1404e-07  8.0073e-08 
1.0610e-02     1.6448e-03  9.9393e-04     1.7451e-05  1.0546e-05     2.4119e-05  1.4575e-05     2.5590e-07  1.5464e-07 
1.1905e-02     3.4449e-01  3.2390e-02     4.1011e-03  3.8559e-04     5.6680e-03  5.3338e-04     6.7475e-05  6.3498e-06 
1.3357e-02     3.1095e-01  2.7314e-02     4.1534e-03  3.6484e-04     5.7403e-03  5.0474e-04     7.6675e-05  6.7420e-06 
1.4987e-02     2.1484e-01  1.5074e-02     3.2198e-03  2.2591e-04     4.4499e-03  3.1272e-04     6.6692e-05  4.6867e-06 
1.6816e-02     1.7539e-01  1.7425e-02     2.9493e-03  2.9302e-04     4.0761e-03  4.0529e-04     6.8543e-05  6.8154e-06 
1.8868e-02     1.4152e-01  1.6766e-02     2.6701e-03  3.1634e-04     3.6902e-03  4.3744e-04     6.9626e-05  8.2536e-06 
2.1170e-02     1.1417e-01  7.0762e-03     2.4170e-03  1.4980e-04     3.3405e-03  2.0746e-04     7.0718e-05  4.3918e-06 
2.3753e-02     1.6421e-01  1.9505e-02     3.9004e-03  4.6331e-04     5.3906e-03  6.4068e-04     1.2804e-04  1.5218e-05 
2.6651e-02     1.9873e-01  2.6541e-02     5.2965e-03  7.0737e-04     7.3201e-03  9.7805e-04     1.9509e-04  2.6066e-05 
2.9903e-02     2.2498e-01  1.7773e-02     6.7275e-03  5.3148e-04     9.2979e-03  7.3545e-04     2.7804e-04  2.1993e-05 
3.3552e-02     1.9063e-01  1.1301e-02     6.3959e-03  3.7918e-04     8.8396e-03  5.2521e-04     2.9659e-04  1.7622e-05 
3.7646e-02     2.0258e-01  1.5615e-02     7.6263e-03  5.8786e-04     1.0540e-02  8.1353e-04     3.9679e-04  3.0626e-05 
4.2240e-02     2.2744e-01  1.8545e-02     9.6070e-03  7.8331e-04     1.3277e-02  1.0839e-03     5.6083e-04  4.5782e-05 
4.7394e-02     2.3253e-01  6.7793e-03     1.1021e-02  3.2129e-04     1.5231e-02  4.4811e-04     7.2186e-04  2.1238e-05 
5.3176e-02     2.4712e-01  1.6403e-02     1.3141e-02  8.7227e-04     1.8162e-02  1.2077e-03     9.6577e-04  6.4219e-05 
5.9665e-02     2.6792e-01  1.6391e-02     1.5985e-02  9.7795e-04     2.2093e-02  1.3544e-03     1.3182e-03  8.0810e-05 
6.6945e-02     2.7893e-01  1.4012e-02     1.8673e-02  9.3806e-04     2.5807e-02  1.3005e-03     1.7277e-03  8.7060e-05 
7.5114e-02     3.0366e-01  1.1930e-02     2.2809e-02  8.9613e-04     3.1523e-02  1.2448e-03     2.3678e-03  9.3498e-05 
8.4279e-02     3.1950e-01  1.2425e-02     2.6928e-02  1.0472e-03     3.7216e-02  1.4547e-03     3.1365e-03  1.2260e-04 
9.4563e-02     3.5839e-01  1.2445e-02     3.3891e-02  1.1768e-03     4.6839e-02  1.6369e-03     4.4292e-03  1.5479e-04 
1.0610e-01     3.8406e-01  8.0004e-03     4.0749e-02  8.4885e-04     5.6318e-02  1.1941e-03     5.9754e-03  1.2669e-04 
1.1905e-01     4.1112e-01  1.4606e-02     4.8942e-02  1.7388e-03     6.7642e-02  2.4179e-03     8.0525e-03  2.8785e-04 
1.3357e-01     4.6094e-01  5.7936e-03     6.1569e-02  7.7388e-04     8.5092e-02  1.1212e-03     1.1366e-02  1.4976e-04 
1.4987e-01     4.9069e-01  1.2807e-02     7.3540e-02  1.9194e-03     1.0164e-01  2.6830e-03     1.5233e-02  4.0210e-04 
1.6816e-01     5.5226e-01  9.4785e-03     9.2868e-02  1.5939e-03     1.2835e-01  2.2606e-03     2.1583e-02  3.8013e-04 
1.8868e-01     5.9987e-01  9.0647e-03     1.1318e-01  1.7103e-03     1.5642e-01  2.4433e-03     2.9514e-02  4.6099e-04 
2.1170e-01     6.6434e-01  8.4488e-03     1.4064e-01  1.7886e-03     1.9437e-01  2.5887e-03     4.1149e-02  5.4802e-04 
2.3753e-01     7.2038e-01  3.4915e-03     1.7111e-01  8.2933e-04     2.3649e-01  1.4791e-03     5.6173e-02  3.5134e-04 
2.6651e-01     8.1389e-01  8.6542e-03     2.1691e-01  2.3065e-03     2.9979e-01  3.4009e-03     7.9897e-02  9.0638e-04 
2.9903e-01     9.2208e-01  9.1221e-03     2.7573e-01  2.7278e-03     3.8108e-01  4.0599e-03     1.1396e-01  1.2140e-03 
3.3552e-01     1.0161e+00  8.3773e-03     3.4092e-01  2.8108e-03     4.7118e-01  4.3082e-03     1.5809e-01  1.4455e-03 
3.7646e-01     1.1277e+00  5.8843e-03     4.2454e-01  2.2152e-03     5.8674e-01  3.8411e-03     2.2088e-01  1.4460e-03 
4.2240e-01     1.2456e+00  8.9836e-03     5.2613e-01  3.7946e-03     7.2715e-01  5.9807e-03     3.0714e-01  2.5262e-03 
4.7394e-01     1.3342e+00  6.3681e-03     6.3234e-01  3.0181e-03     8.7394e-01  5.4163e-03     4.1419e-01  2.5670e-03 
5.3176e-01     1.3747e+00  6.3526e-03     7.3101e-01  3.3781e-03     1.0103e+00  6.1442e-03     5.3724e-01  3.2672e-03 
5.9665e-01     1.3070e+00  6.1454e-03     7.7980e-01  3.6667e-03     1.0777e+00  6.6208e-03     6.4303e-01  3.9503e-03 
6.6945e-01     1.1457e+00  2.5427e-03     7.6696e-01  1.7022e-03     1.0600e+00  4.8059e-03     7.0961e-01  3.2173e-03 
7.5114e-01     9.1504e-01  5.2886e-03     6.8732e-01  3.9724e-03     9.4992e-01  6.6518e-03     7.1352e-01  4.9964e-03 
8.4279e-01     6.6948e-01  3.5931e-03     5.6423e-01  3.0282e-03     7.7980e-01  5.1981e-03     6.5721e-01  4.3809e-03 
9.4563e-01     4.5292e-01  2.5971e-03     4.2829e-01  2.4558e-03     5.9193e-01  4.1227e-03     5.5974e-01  3.8985e-03 
1.0610e+00     3.0166e-01  5.2666e-03     3.2006e-01  5.5879e-03     4.4234e-01  7.9184e-03     4.6933e-01  8.4015e-03 
1.1905e+00     1.9696e-01  3.2037e-03     2.3448e-01  3.8139e-03     3.2406e-01  5.4245e-03     3.8579e-01  6.4577e-03 
1.3357e+00     1.3000e-01  1.1491e-03     1.7364e-01  1.5348e-03     2.3998e-01  2.3238e-03     3.2055e-01  3.1039e-03 
1.4987e+00     9.0953e-02  1.1668e-03     1.3631e-01  1.7487e-03     1.8839e-01  2.5290e-03     2.8235e-01  3.7902e-03 
1.6816e+00     6.1915e-02  1.6729e-03     1.0412e-01  2.8132e-03     1.4389e-01  3.9294e-03     2.4197e-01  6.6076e-03 
1.8868e+00     4.4896e-02  6.5217e-04     8.4709e-02  1.2305e-03     1.1707e-01  1.7625e-03     2.2089e-01  3.3254e-03 
2.1170e+00     3.2714e-02  4.4068e-04     6.9256e-02  9.3291e-04     9.5716e-02  1.3437e-03     2.0263e-01  2.8446e-03 
2.3753e+00     2.3709e-02  4.7864e-04     5.6316e-02  1.1369e-03     7.7832e-02  1.6011e-03     1.8487e-01  3.8032e-03 
2.6651e+00     1.7490e-02  2.8797e-04     4.6613e-02  7.6748e-04     6.4422e-02  1.0909e-03     1.7169e-01  2.9073e-03 
2.9903e+00     1.2530e-02  5.6272e-04     3.7468e-02  1.6827e-03     5.1783e-02  2.3346e-03     1.5485e-01  6.9812e-03 
3.3552e+00     8.9670e-03  2.4716e-04     3.0086e-02  8.2926e-04     4.1581e-02  1.1578e-03     1.3951e-01  3.8847e-03 
3.7646e+00     6.2234e-03  1.7993e-04     2.3429e-02  6.7736e-04     3.2380e-02  9.4486e-04     1.2190e-01  3.5570e-03 
4.2240e+00     4.4331e-03  1.4426e-04     1.8725e-02  6.0933e-04     2.5880e-02  8.4832e-04     1.0931e-01  3.5833e-03 
4.7394e+00     3.0194e-03  2.9951e-04     1.4310e-02  1.4195e-03     1.9778e-02  1.9634e-03     9.3733e-02  9.3051e-03 
5.3176e+00     2.0003e-03  9.8390e-05     1.0637e-02  5.2320e-04     1.4700e-02  7.2543e-04     7.8172e-02  3.8576e-03 
5.9665e+00     1.1612e-03  4.3276e-05     6.9282e-03  2.5821e-04     9.5752e-03  3.5886e-04     5.7130e-02  2.1411e-03 
6.6945e+00     6.8820e-04  3.8103e-05     4.6072e-03  2.5508e-04     6.3674e-03  3.5343e-04     4.2627e-02  2.3661e-03 
7.5114e+00     3.2759e-04  2.7788e-05     2.4606e-03  2.0872e-04     3.4008e-03  2.8878e-04     2.5544e-02  2.1692e-03 
8.4279e+00     1.7083e-04  7.6877e-05     1.4397e-03  6.4791e-04     1.9898e-03  8.9548e-04     1.6770e-02  7.5470e-03 
9.4563e+00     5.6287e-05  1.0709e-05     5.3227e-04  1.0127e-04     7.3563e-04  1.3999e-04     6.9563e-03  1.3237e-03 
1.0610e+01     1.6448e-05  3.2793e-06     1.7451e-04  3.4793e-05     2.4119e-04  4.8096e-05     2.5590e-03  5.1030e-04 
1.1905e+01     4.3978e-06  1.9928e-06     5.2354e-05  2.3724e-05     7.2357e-05  3.2789e-05     8.6139e-04  3.9034e-04 
1.3357e+01     1.9598e-06  8.3172e-07     2.6177e-05  1.1110e-05     3.6178e-05  1.5355e-05     4.8325e-04  2.0510e-04 
1.4987e+01     1.1644e-06  5.5274e-07     1.7451e-05  8.2840e-06     2.4119e-05  1.1449e-05     3.6147e-04  1.7159e-04 
1.6816e+01     5.1890e-07  1.5565e-07     8.7257e-06  2.6173e-06     1.2059e-05  3.6176e-06     2.0279e-04  6.0833e-05 
1.8868e+01     4.6247e-07  3.4426e-07     8.7257e-06  6.4954e-06     1.2059e-05  8.9772e-06     2.2753e-04  1.6938e-04 
2.1170e+01     0.0000e+00  0.0000e+00     0.0000e+00  0.0000e+00     0.0000e+00  0.0000e+00     0.0000e+00  0.0000e+00 
2.3753e+01     0.0000e+00  0.0000e+00     0.0000e+00  0.0000e+00     0.0000e+00  0.0000e+00     0.0000e+00  0.0000e+00 
2.6651e+01     0.0000e+00  0.0000e+00     0.0000e+00  0.0000e+00     0.0000e+00  0.0000e+00     0.0000e+00  0.0000e+00 
2.9903e+01     0.0000e+00  0.0000e+00     0.0000e+00  0.0000e+00     0.0000e+00  0.0000e+00     0.0000e+00  0.0000e+00 
3.3552e+01     0.0000e+00  0.0000e+00     0.0000e+00  0.0000e+00     0.0000e+00  0.0000e+00     0.0000e+00  0.0000e+00 
3.7646e+01     0.0000e+00  0.0000e+00     0.0000e+00  0.0000e+00     0.0000e+00  0.0000e+00     0.0000e+00  0.0000e+00 
4.2240e+01     0.0000e+00  0.0000e+00     0.0000e+00  0.0000e+00     0.0000e+00  0.0000e+00     0.0000e+00  0.0000e+00 
4.7394e+01     0.0000e+00  0.0000e+00     0.0000e+00  0.0000e+00     0.0000e+00  0.0000e+00     0.0000e+00  0.0000e+00 
5.3176e+01     0.0000e+00  0.0000e+00     0.0000e+00  0.0000e+00     0.0000e+00  0.0000e+00     0.0000e+00  0.0000e+00 
5.9665e+01     1.4625e-07  2.5447e-07     8.7257e-06  1.5183e-05     1.2059e-05  2.0984e-05     7.1953e-04  1.2520e-03 
6.6945e+01     1.3034e-07  6.2519e-08     8.7257e-06  4.1853e-06     1.2059e-05  5.7846e-06     8.0732e-04  3.8725e-04 
7.5114e+01     0.0000e+00  0.0000e+00     0.0000e+00  0.0000e+00     0.0000e+00  0.0000e+00     0.0000e+00  0.0000e+00 
8.4279e+01     0.0000e+00  0.0000e+00     0.0000e+00  0.0000e+00     0.0000e+00  0.0000e+00     0.0000e+00  0.0000e+00 
9.4563e+01     2.7682e-07  1.4646e-07     2.6177e-05  1.3849e-05     3.6178e-05  1.9141e-05     3.4211e-03  1.8101e-03 
1.0610e+02     0.0000e+00  0.0000e+00     0.0000e+00  0.0000e+00     0.0000e+00  0.0000e+00     0.0000e+00  0.0000e+00 
1.1905e+02     1.4659e-07  5.8130e-08     1.7451e-05  6.9203e-06     2.4119e-05  9.5647e-06     2.8713e-03  1.1387e-03 
1.3357e+02     0.0000e+00  0.0000e+00     0.0000e+00  0.0000e+00     0.0000e+00  0.0000e+00     0.0000e+00  0.0000e+00 
1.4987e+02     5.8221e-08  6.8389e-07     8.7257e-06  1.0250e-04     1.2059e-05  1.4166e-04     1.8074e-03  2.1230e-02 
1.6816e+02     0.0000e+00  0.0000e+00     0.0000e+00  0.0000e+00     0.0000e+00  0.0000e+00     0.0000e+00  0.0000e+00 
1.8868e+02     0.0000e+00  0.0000e+00     0.0000e+00  0.0000e+00     0.0000e+00  0.0000e+00     0.0000e+00  0.0000e+00 
2.1170e+02     4.1217e-08  2.6896e-08     8.7257e-06  5.6939e-06     1.2059e-05  7.8695e-06     2.5530e-03  1.6660e-03 
2.3753e+02     0.0000e+00  0.0000e+00     0.0000e+00  0.0000e+00     0.0000e+00  0.0000e+00     0.0000e+00  0.0000e+00 
2.6651e+02     0.0000e+00  0.0000e+00     0.0000e+00  0.0000e+00     0.0000e+00  0.0000e+00     0.0000e+00  0.0000e+00 
2.9903e+02     0.0000e+00  0.0000e+00     0.0000e+00  0.0000e+00     0.0000e+00  0.0000e+00     0.0000e+00  0.0000e+00 
3.3552e+02     0.0000e+00  0.0000e+00     0.0000e+00  0.0000e+00     0.0000e+00  0.0000e+00     0.0000e+00  0.0000e+00 
3.7646e+02     2.3178e-08  1.0365e-08     8.7257e-06  3.9020e-06     1.2059e-05  5.3931e-06     4.5399e-03  2.0303e-03 
4.2240e+02     2.0658e-08  1.7368e-08     8.7257e-06  7.3360e-06     1.2059e-05  1.0139e-05     5.0939e-03  4.2826e-03 
4.7394e+02     0.0000e+00  0.0000e+00     0.0000e+00  0.0000e+00     0.0000e+00  0.0000e+00     0.0000e+00  0.0000e+00 
5.3176e+02     3.2818e-08  2.8382e-08     1.7451e-05  1.5093e-05     2.4119e-05  2.0859e-05     1.2826e-02  1.1092e-02 
5.9665e+02     0.0000e+00  0.0000e+00     0.0000e+00  0.0000e+00     0.0000e+00  0.0000e+00     0.0000e+00  0.0000e+00 
6.6945e+02     0.0000e+00  0.0000e+00     0.0000e+00  0.0000e+00     0.0000e+00  0.0000e+00     0.0000e+00  0.0000e+00 
7.5114e+02     1.1617e-08  7.0921e-09     8.7257e-06  5.3271e-06     1.2059e-05  7.3626e-06     9.0583e-03  5.5303e-03 
8.4279e+02     0.0000e+00  0.0000e+00     0.0000e+00  0.0000e+00     0.0000e+00  0.0000e+00     0.0000e+00  0.0000e+00 
9.4563e+02     0.0000e+00  0.0000e+00     0.0000e+00  0.0000e+00     0.0000e+00  0.0000e+00     0.0000e+00  0.0000e+00 
1.0610e+03     0.0000e+00  0.0000e+00     0.0000e+00  0.0000e+00     0.0000e+00  0.0000e+00     0.0000e+00  0.0000e+00 
1.1905e+03     0.0000e+00  0.0000e+00     0.0000e+00  0.0000e+00     0.0000e+00  0.0000e+00     0.0000e+00  0.0000e+00 
1.3357e+03     0.0000e+00  0.0000e+00     0.0000e+00  0.0000e+00     0.0000e+00  0.0000e+00     0.0000e+00  0.0000e+00 
1.4987e+03     0.0000e+00  0.0000e+00     0.0000e+00  0.0000e+00     0.0000e+00  0.0000e+00     0.0000e+00  0.0000e+00 
1.6816e+03     0.0000e+00  0.0000e+00     0.0000e+00  0.0000e+00     0.0000e+00  0.0000e+00     0.0000e+00  0.0000e+00 
1.8868e+03     0.0000e+00  0.0000e+00     0.0000e+00  0.0000e+00     0.0000e+00  0.0000e+00     0.0000e+00  0.0000e+00 
2.1170e+03     0.0000e+00  0.0000e+00     0.0000e+00  0.0000e+00     0.0000e+00  0.0000e+00     0.0000e+00  0.0000e+00 
2.3753e+03     0.0000e+00  0.0000e+00     0.0000e+00  0.0000e+00     0.0000e+00  0.0000e+00     0.0000e+00  0.0000e+00 
2.6651e+03     0.0000e+00  0.0000e+00     0.0000e+00  0.0000e+00     0.0000e+00  0.0000e+00     0.0000e+00  0.0000e+00 
2.9903e+03     0.0000e+00  0.0000e+00     0.0000e+00  0.0000e+00     0.0000e+00  0.0000e+00     0.0000e+00  0.0000e+00 
3.3552e+03     0.0000e+00  0.0000e+00     0.0000e+00  0.0000e+00     0.0000e+00  0.0000e+00     0.0000e+00  0.0000e+00 
3.7646e+03     0.0000e+00  0.0000e+00     0.0000e+00  0.0000e+00     0.0000e+00  0.0000e+00     0.0000e+00  0.0000e+00 
4.2240e+03     0.0000e+00  0.0000e+00     0.0000e+00  0.0000e+00     0.0000e+00  0.0000e+00     0.0000e+00  0.0000e+00 
4.7394e+03     0.0000e+00  0.0000e+00     0.0000e+00  0.0000e+00     0.0000e+00  0.0000e+00     0.0000e+00  0.0000e+00 
5.3176e+03     0.0000e+00  0.0000e+00     0.0000e+00  0.0000e+00     0.0000e+00  0.0000e+00     0.0000e+00  0.0000e+00 
5.9665e+03     0.0000e+00  0.0000e+00     0.0000e+00  0.0000e+00     0.0000e+00  0.0000e+00     0.0000e+00  0.0000e+00 
6.6945e+03     0.0000e+00  0.0000e+00     0.0000e+00  0.0000e+00     0.0000e+00  0.0000e+00     0.0000e+00  0.0000e+00 
7.5114e+03     0.0000e+00  0.0000e+00     0.0000e+00  0.0000e+00     0.0000e+00  0.0000e+00     0.0000e+00  0.0000e+00 
8.4279e+03     0.0000e+00  0.0000e+00     0.0000e+00  0.0000e+00     0.0000e+00  0.0000e+00     0.0000e+00  0.0000e+00 
9.4563e+03     0.0000e+00  0.0000e+00     0.0000e+00  0.0000e+00     0.0000e+00  0.0000e+00     0.0000e+00  0.0000e+00 
