yF = 7.0382e-01 (std: 2.7819e-03) keV/um
yD = 3.8960e+00 (std: 1.3937e+00) keV/um
y (keV/um)     f(y)(std)                  yf(y)(std)                 d(y)(std)                  yd(y)(std)  
1.0610e-03     8.2243e-03  9.9324e-03     8.7261e-06  1.0538e-05     1.2398e-05  1.4973e-05     1.3155e-08  1.5887e-08 
1.1905e-03     0.0000e+00  0.0000e+00     0.0000e+00  0.0000e+00     0.0000e+00  0.0000e+00     0.0000e+00  0.0000e+00 
1.3357e-03     1.3066e-02  4.4160e-02     1.7452e-05  5.8986e-05     2.4796e-05  8.3808e-05     3.3121e-08  1.1195e-07 
1.4987e-03     5.8224e-03  1.7265e-02     8.7261e-06  2.5876e-05     1.2398e-05  3.6765e-05     1.8581e-08  5.5100e-08 
1.6816e-03     2.0757e-02  8.6744e-03     3.4904e-05  1.4587e-05     4.9593e-05  2.0726e-05     8.3395e-08  3.4852e-08 
1.8868e-03     9.2498e-03  6.5113e-03     1.7452e-05  1.2285e-05     2.4796e-05  1.7456e-05     4.6785e-08  3.2935e-08 
2.1170e-03     8.2439e-03  3.3257e-03     1.7452e-05  7.0404e-06     2.4796e-05  1.0004e-05     5.2494e-08  2.1177e-08 
2.3753e-03     1.4695e-02  1.9285e-02     3.4904e-05  4.5807e-05     4.9593e-05  6.5084e-05     1.1780e-07  1.5459e-07 
2.6651e-03     2.2919e-02  1.4797e-02     6.1083e-05  3.9436e-05     8.6787e-05  5.6032e-05     2.3130e-07  1.4933e-07 
2.9903e-03     5.8362e-03  2.6218e-03     1.7452e-05  7.8400e-06     2.4796e-05  1.1140e-05     7.4149e-08  3.3311e-08 
3.3552e-03     1.3004e-02  1.5544e-02     4.3631e-05  5.2153e-05     6.1991e-05  7.4101e-05     2.0799e-07  2.4862e-07 
3.7646e-03     1.1590e-02  8.0695e-03     4.3631e-05  3.0378e-05     6.1991e-05  4.3163e-05     2.3337e-07  1.6249e-07 
4.2240e-03     1.0329e-02  3.9790e-03     4.3631e-05  1.6807e-05     6.1991e-05  2.3881e-05     2.6185e-07  1.0087e-07 
4.7394e-03     1.6571e-02  7.8259e-03     7.8535e-05  3.7090e-05     1.1158e-04  5.2699e-05     5.2884e-07  2.4976e-07 
5.3176e-03     1.3128e-02  5.0077e-03     6.9809e-05  2.6629e-05     9.9186e-05  3.7837e-05     5.2743e-07  2.0120e-07 
5.9665e-03     1.6088e-02  7.8283e-03     9.5987e-05  4.6707e-05     1.3638e-04  6.6365e-05     8.1371e-07  3.9596e-07 
6.6945e-03     1.6945e-02  7.0568e-03     1.1344e-04  4.7242e-05     1.6118e-04  6.7125e-05     1.0790e-06  4.4937e-07 
7.5114e-03     9.2938e-03  6.0956e-03     6.9809e-05  4.5786e-05     9.9186e-05  6.5055e-05     7.4502e-07  4.8865e-07 
8.4279e-03     0.0000e+00  0.0000e+00     0.0000e+00  0.0000e+00     0.0000e+00  0.0000e+00     0.0000e+00  0.0000e+00 
9.4563e-03     9.2279e-04  9.4828e-04     8.7261e-06  8.9671e-06     1.2398e-05  1.2741e-05     1.1724e-07  1.2048e-07 
1.0610e-02     8.2243e-04  4.5861e-04     8.7261e-06  4.8658e-06     1.2398e-05  6.9137e-06     1.3155e-07  7.3354e-08 
1.1905e-02     3.7016e-01  5.7329e-02     4.4067e-03  6.8249e-04     6.2611e-03  9.7000e-04     7.4537e-05  1.1548e-05 
1.3357e-02     3.1292e-01  2.3777e-02     4.1798e-03  3.1760e-04     5.9387e-03  4.5186e-04     7.9326e-05  6.0357e-06 
1.4987e-02     2.4687e-01  2.3606e-02     3.6999e-03  3.5379e-04     5.2568e-03  5.0310e-04     7.8785e-05  7.5401e-06 
1.6816e-02     2.0030e-01  2.2876e-02     3.3683e-03  3.8469e-04     4.7857e-03  5.4690e-04     8.0476e-05  9.1965e-06 
1.8868e-02     1.6002e-01  1.0940e-02     3.0192e-03  2.0642e-04     4.2898e-03  2.9377e-04     8.0938e-05  5.5427e-06 
2.1170e-02     1.3685e-01  1.0193e-02     2.8971e-03  2.1579e-04     4.1162e-03  3.0702e-04     8.7140e-05  6.4997e-06 
2.3753e-02     1.6715e-01  6.4348e-03     3.9704e-03  1.5285e-04     5.6412e-03  2.1831e-04     1.3400e-04  5.1855e-06 
2.6651e-02     2.1773e-01  1.1316e-02     5.8029e-03  3.0160e-04     8.2448e-03  4.2975e-04     2.1974e-04  1.1454e-05 
2.9903e-02     2.3374e-01  8.6236e-03     6.9896e-03  2.5787e-04     9.9310e-03  3.6849e-04     2.9697e-04  1.1019e-05 
3.3552e-02     2.0624e-01  8.3727e-03     6.9198e-03  2.8092e-04     9.8318e-03  4.0102e-04     3.2988e-04  1.3455e-05 
3.7646e-02     2.2159e-01  1.3690e-02     8.3422e-03  5.1539e-04     1.1853e-02  7.3377e-04     4.4621e-04  2.7623e-05 
4.2240e-02     2.4088e-01  6.6713e-03     1.0175e-02  2.8179e-04     1.4456e-02  4.0443e-04     6.1063e-04  1.7083e-05 
4.7394e-02     2.3567e-01  8.4255e-03     1.1169e-02  3.9932e-04     1.5870e-02  5.7081e-04     7.5212e-04  2.7053e-05 
5.3176e-02     2.5337e-01  9.3251e-03     1.3473e-02  4.9588e-04     1.9143e-02  7.0860e-04     1.0179e-03  3.7681e-05 
5.9665e-02     2.7217e-01  8.9684e-03     1.6239e-02  5.3510e-04     2.3073e-02  7.6573e-04     1.3767e-03  4.5687e-05 
6.6945e-02     3.0566e-01  7.1122e-03     2.0463e-02  4.7613e-04     2.9074e-02  6.8618e-04     1.9463e-03  4.5937e-05 
7.5114e-02     3.2946e-01  1.4112e-02     2.4747e-02  1.0600e-03     3.5161e-02  1.5125e-03     2.6411e-03  1.1361e-04 
8.4279e-02     3.4582e-01  1.3313e-02     2.9145e-02  1.1220e-03     4.1410e-02  1.6025e-03     3.4900e-03  1.3506e-04 
9.4563e-02     3.7733e-01  6.2632e-03     3.5681e-02  5.9227e-04     5.0696e-02  8.6503e-04     4.7940e-03  8.1799e-05 
1.0610e-01     3.9543e-01  9.7715e-03     4.1955e-02  1.0368e-03     5.9611e-02  1.4918e-03     6.3247e-03  1.5828e-04 
1.1905e-01     4.5123e-01  1.4018e-02     5.3718e-02  1.6688e-03     7.6323e-02  2.3902e-03     9.0861e-03  2.8455e-04 
1.3357e-01     4.7853e-01  5.2209e-03     6.3919e-02  6.9737e-04     9.0817e-02  1.0539e-03     1.2131e-02  1.4077e-04 
1.4987e-01     5.3001e-01  1.4175e-02     7.9434e-02  2.1244e-03     1.1286e-01  3.0512e-03     1.6915e-02  4.5728e-04 
1.6816e-01     5.7906e-01  4.6910e-03     9.7375e-02  7.8883e-04     1.3835e-01  1.2471e-03     2.3265e-02  2.0971e-04 
1.8868e-01     6.4406e-01  6.4655e-03     1.2152e-01  1.2199e-03     1.7266e-01  1.8628e-03     3.2576e-02  3.5146e-04 
2.1170e-01     7.0118e-01  8.7352e-03     1.4844e-01  1.8492e-03     2.1091e-01  2.7565e-03     4.4649e-02  5.8355e-04 
2.3753e-01     7.7618e-01  8.3902e-03     1.8437e-01  1.9929e-03     2.6195e-01  3.0150e-03     6.2221e-02  7.1614e-04 
2.6651e-01     8.7050e-01  7.9498e-03     2.3200e-01  2.1187e-03     3.2963e-01  3.2802e-03     8.7851e-02  8.7422e-04 
2.9903e-01     9.5877e-01  6.8870e-03     2.8671e-01  2.0594e-03     4.0736e-01  3.3398e-03     1.2181e-01  9.9872e-04 
3.3552e-01     1.0807e+00  1.0270e-02     3.6259e-01  3.4459e-03     5.1517e-01  5.3025e-03     1.7285e-01  1.7791e-03 
3.7646e-01     1.1978e+00  7.8840e-03     4.5093e-01  2.9680e-03     6.4069e-01  4.9189e-03     2.4119e-01  1.8518e-03 
4.2240e-01     1.3170e+00  6.9272e-03     5.5631e-01  2.9260e-03     7.9041e-01  5.2004e-03     3.3387e-01  2.1966e-03 
4.7394e-01     1.3924e+00  8.7738e-03     6.5989e-01  4.1582e-03     9.3758e-01  6.9741e-03     4.4435e-01  3.3053e-03 
5.3176e-01     1.3993e+00  6.3143e-03     7.4412e-01  3.3577e-03     1.0573e+00  6.3422e-03     5.6221e-01  3.3726e-03 
5.9665e-01     1.3086e+00  7.0792e-03     7.8075e-01  4.2238e-03     1.1093e+00  7.4324e-03     6.6187e-01  4.4345e-03 
6.6945e-01     1.1214e+00  7.8268e-03     7.5071e-01  5.2396e-03     1.0666e+00  8.5554e-03     7.1405e-01  5.7275e-03 
7.5114e-01     8.7708e-01  5.3829e-03     6.5880e-01  4.0433e-03     9.3604e-01  6.8331e-03     7.0309e-01  5.1326e-03 
8.4279e-01     6.2367e-01  9.0980e-03     5.2563e-01  7.6677e-03     7.4682e-01  1.1287e-02     6.2941e-01  9.5127e-03 
9.4563e-01     4.1939e-01  3.5183e-03     3.9658e-01  3.3270e-03     5.6347e-01  5.2255e-03     5.3283e-01  4.9413e-03 
1.0610e+00     2.7793e-01  3.9726e-03     2.9489e-01  4.2150e-03     4.1898e-01  6.2134e-03     4.4455e-01  6.5925e-03 
1.1905e+00     1.8137e-01  1.9850e-03     2.1591e-01  2.3631e-03     3.0677e-01  3.5698e-03     3.6520e-01  4.2497e-03 
1.3357e+00     1.2162e-01  1.2031e-03     1.6245e-01  1.6070e-03     2.3080e-01  2.4587e-03     3.0829e-01  3.2842e-03 
1.4987e+00     8.1939e-02  1.9017e-03     1.2280e-01  2.8502e-03     1.7448e-01  4.1079e-03     2.6150e-01  6.1566e-03 
1.6816e+00     5.9043e-02  6.6867e-04     9.9286e-02  1.1244e-03     1.4107e-01  1.6921e-03     2.3722e-01  2.8454e-03 
1.8868e+00     4.2540e-02  6.5834e-04     8.0263e-02  1.2421e-03     1.1404e-01  1.8215e-03     2.1516e-01  3.4367e-03 
2.1170e+00     3.0746e-02  6.4318e-04     6.5088e-02  1.3616e-03     9.2478e-02  1.9688e-03     1.9578e-01  4.1680e-03 
2.3753e+00     2.2329e-02  2.2614e-04     5.3037e-02  5.3715e-04     7.5356e-02  8.1926e-04     1.7899e-01  1.9460e-03 
2.6651e+00     1.6718e-02  2.8698e-04     4.4556e-02  7.6483e-04     6.3305e-02  1.1151e-03     1.6872e-01  2.9719e-03 
2.9903e+00     1.1985e-02  2.4001e-04     3.5838e-02  7.1772e-04     5.0919e-02  1.0394e-03     1.5227e-01  3.1082e-03 
3.3552e+00     8.7256e-03  2.6108e-04     2.9276e-02  8.7597e-04     4.1596e-02  1.2554e-03     1.3956e-01  4.2121e-03 
3.7646e+00     6.2051e-03  1.3735e-04     2.3360e-02  5.1708e-04     3.3190e-02  7.4630e-04     1.2495e-01  2.8095e-03 
4.2240e+00     4.2639e-03  1.6521e-04     1.8011e-02  6.9785e-04     2.5590e-02  9.9666e-04     1.0809e-01  4.2098e-03 
4.7394e+00     2.9514e-03  1.2489e-04     1.3988e-02  5.9188e-04     1.9874e-02  8.4461e-04     9.4191e-02  4.0029e-03 
5.3176e+00     1.8264e-03  1.1842e-04     9.7122e-03  6.2972e-04     1.3799e-02  8.9638e-04     7.3379e-02  4.7666e-03 
5.9665e+00     1.1305e-03  5.1005e-05     6.7453e-03  3.0432e-04     9.5838e-03  4.3404e-04     5.7182e-02  2.5897e-03 
6.6945e+00     6.6738e-04  6.5531e-05     4.4678e-03  4.3870e-04     6.3479e-03  6.2382e-04     4.2496e-02  4.1762e-03 
7.5114e+00     3.2993e-04  4.2632e-05     2.4782e-03  3.2022e-04     3.5211e-03  4.5519e-04     2.6448e-02  3.4191e-03 
8.4279e+00     1.4806e-04  2.4038e-05     1.2478e-03  2.0259e-04     1.7729e-03  2.8792e-04     1.4942e-02  2.4266e-03 
9.4563e+00     5.0753e-05  1.0044e-05     4.7994e-04  9.4979e-05     6.8190e-04  1.3497e-04     6.4482e-03  1.2764e-03 
1.0610e+01     1.4804e-05  3.7908e-06     1.5707e-04  4.0221e-05     2.2317e-04  5.7153e-05     2.3678e-03  6.0640e-04 
1.1905e+01     5.1310e-06  1.9242e-06     6.1083e-05  2.2908e-05     8.6787e-05  3.2549e-05     1.0332e-03  3.8749e-04 
1.3357e+01     1.3066e-06  7.5362e-07     1.7452e-05  1.0066e-05     2.4796e-05  1.4303e-05     3.3121e-04  1.9105e-04 
1.4987e+01     1.7467e-06  8.5922e-07     2.6178e-05  1.2877e-05     3.7195e-05  1.8297e-05     5.5744e-04  2.7422e-04 
1.6816e+01     5.1892e-07  3.6870e-07     8.7261e-06  6.2000e-06     1.2398e-05  8.8092e-06     2.0849e-04  1.4813e-04 
1.8868e+01     0.0000e+00  0.0000e+00     0.0000e+00  0.0000e+00     0.0000e+00  0.0000e+00     0.0000e+00  0.0000e+00 
2.1170e+01     0.0000e+00  0.0000e+00     0.0000e+00  0.0000e+00     0.0000e+00  0.0000e+00     0.0000e+00  0.0000e+00 
2.3753e+01     3.6737e-07  4.7615e-07     8.7261e-06  1.1310e-05     1.2398e-05  1.6070e-05     2.9449e-04  3.8170e-04 
2.6651e+01     0.0000e+00  0.0000e+00     0.0000e+00  0.0000e+00     0.0000e+00  0.0000e+00     0.0000e+00  0.0000e+00 
2.9903e+01     0.0000e+00  0.0000e+00     0.0000e+00  0.0000e+00     0.0000e+00  0.0000e+00     0.0000e+00  0.0000e+00 
3.3552e+01     0.0000e+00  0.0000e+00     0.0000e+00  0.0000e+00     0.0000e+00  0.0000e+00     0.0000e+00  0.0000e+00 
3.7646e+01     0.0000e+00  0.0000e+00     0.0000e+00  0.0000e+00     0.0000e+00  0.0000e+00     0.0000e+00  0.0000e+00 
4.2240e+01     2.0659e-07  1.5201e-07     8.7261e-06  6.4209e-06     1.2398e-05  9.1231e-06     5.2369e-04  3.8536e-04 
4.7394e+01     0.0000e+00  0.0000e+00     0.0000e+00  0.0000e+00     0.0000e+00  0.0000e+00     0.0000e+00  0.0000e+00 
5.3176e+01     0.0000e+00  0.0000e+00     0.0000e+00  0.0000e+00     0.0000e+00  0.0000e+00     0.0000e+00  0.0000e+00 
5.9665e+01     0.0000e+00  0.0000e+00     0.0000e+00  0.0000e+00     0.0000e+00  0.0000e+00     0.0000e+00  0.0000e+00 
6.6945e+01     0.0000e+00  0.0000e+00     0.0000e+00  0.0000e+00     0.0000e+00  0.0000e+00     0.0000e+00  0.0000e+00 
7.5114e+01     2.3234e-07  7.5472e-08     1.7452e-05  5.6690e-06     2.4796e-05  8.0552e-06     1.8625e-03  6.0506e-04 
8.4279e+01     0.0000e+00  0.0000e+00     0.0000e+00  0.0000e+00     0.0000e+00  0.0000e+00     0.0000e+00  0.0000e+00 
9.4563e+01     0.0000e+00  0.0000e+00     0.0000e+00  0.0000e+00     0.0000e+00  0.0000e+00     0.0000e+00  0.0000e+00 
1.0610e+02     8.2243e-08  3.7691e-08     8.7261e-06  3.9990e-06     1.2398e-05  5.6821e-06     1.3155e-03  6.0288e-04 
1.1905e+02     0.0000e+00  0.0000e+00     0.0000e+00  0.0000e+00     0.0000e+00  0.0000e+00     0.0000e+00  0.0000e+00 
1.3357e+02     6.5328e-08  4.2089e-08     8.7261e-06  5.6220e-06     1.2398e-05  7.9879e-06     1.6561e-03  1.0670e-03 
1.4987e+02     5.8224e-08  1.0825e-07     8.7261e-06  1.6223e-05     1.2398e-05  2.3050e-05     1.8581e-03  3.4545e-03 
1.6816e+02     0.0000e+00  0.0000e+00     0.0000e+00  0.0000e+00     0.0000e+00  0.0000e+00     0.0000e+00  0.0000e+00 
1.8868e+02     0.0000e+00  0.0000e+00     0.0000e+00  0.0000e+00     0.0000e+00  0.0000e+00     0.0000e+00  0.0000e+00 
2.1170e+02     4.1219e-08  2.3359e-08     8.7261e-06  4.9451e-06     1.2398e-05  7.0262e-06     2.6247e-03  1.4874e-03 
2.3753e+02     0.0000e+00  0.0000e+00     0.0000e+00  0.0000e+00     0.0000e+00  0.0000e+00     0.0000e+00  0.0000e+00 
2.6651e+02     0.0000e+00  0.0000e+00     0.0000e+00  0.0000e+00     0.0000e+00  0.0000e+00     0.0000e+00  0.0000e+00 
2.9903e+02     0.0000e+00  0.0000e+00     0.0000e+00  0.0000e+00     0.0000e+00  0.0000e+00     0.0000e+00  0.0000e+00 
3.3552e+02     2.6008e-08  4.2611e-08     8.7261e-06  1.4297e-05     1.2398e-05  2.0313e-05     4.1599e-03  6.8154e-03 
3.7646e+02     0.0000e+00  0.0000e+00     0.0000e+00  0.0000e+00     0.0000e+00  0.0000e+00     0.0000e+00  0.0000e+00 
4.2240e+02     4.1317e-08  9.6175e-08     1.7452e-05  4.0624e-05     2.4796e-05  5.7719e-05     1.0474e-02  2.4380e-02 
4.7394e+02     0.0000e+00  0.0000e+00     0.0000e+00  0.0000e+00     0.0000e+00  0.0000e+00     0.0000e+00  0.0000e+00 
5.3176e+02     0.0000e+00  0.0000e+00     0.0000e+00  0.0000e+00     0.0000e+00  0.0000e+00     0.0000e+00  0.0000e+00 
5.9665e+02     0.0000e+00  0.0000e+00     0.0000e+00  0.0000e+00     0.0000e+00  0.0000e+00     0.0000e+00  0.0000e+00 
6.6945e+02     0.0000e+00  0.0000e+00     0.0000e+00  0.0000e+00     0.0000e+00  0.0000e+00     0.0000e+00  0.0000e+00 
7.5114e+02     1.1617e-08  6.2626e-09     8.7261e-06  4.7041e-06     1.2398e-05  6.6838e-06     9.3127e-03  5.0205e-03 
8.4279e+02     1.0354e-08  5.3837e-09     8.7261e-06  4.5373e-06     1.2398e-05  6.4469e-06     1.0449e-02  5.4334e-03 
9.4563e+02     0.0000e+00  0.0000e+00     0.0000e+00  0.0000e+00     0.0000e+00  0.0000e+00     0.0000e+00  0.0000e+00 
1.0610e+03     0.0000e+00  0.0000e+00     0.0000e+00  0.0000e+00     0.0000e+00  0.0000e+00     0.0000e+00  0.0000e+00 
1.1905e+03     0.0000e+00  0.0000e+00     0.0000e+00  0.0000e+00     0.0000e+00  0.0000e+00     0.0000e+00  0.0000e+00 
1.3357e+03     0.0000e+00  0.0000e+00     0.0000e+00  0.0000e+00     0.0000e+00  0.0000e+00     0.0000e+00  0.0000e+00 
1.4987e+03     0.0000e+00  0.0000e+00     0.0000e+00  0.0000e+00     0.0000e+00  0.0000e+00     0.0000e+00  0.0000e+00 
1.6816e+03     0.0000e+00  0.0000e+00     0.0000e+00  0.0000e+00     0.0000e+00  0.0000e+00     0.0000e+00  0.0000e+00 
1.8868e+03     0.0000e+00  0.0000e+00     0.0000e+00  0.0000e+00     0.0000e+00  0.0000e+00     0.0000e+00  0.0000e+00 
2.1170e+03     0.0000e+00  0.0000e+00     0.0000e+00  0.0000e+00     0.0000e+00  0.0000e+00     0.0000e+00  0.0000e+00 
2.3753e+03     0.0000e+00  0.0000e+00     0.0000e+00  0.0000e+00     0.0000e+00  0.0000e+00     0.0000e+00  0.0000e+00 
2.6651e+03     0.0000e+00  0.0000e+00     0.0000e+00  0.0000e+00     0.0000e+00  0.0000e+00     0.0000e+00  0.0000e+00 
2.9903e+03     0.0000e+00  0.0000e+00     0.0000e+00  0.0000e+00     0.0000e+00  0.0000e+00     0.0000e+00  0.0000e+00 
3.3552e+03     0.0000e+00  0.0000e+00     0.0000e+00  0.0000e+00     0.0000e+00  0.0000e+00     0.0000e+00  0.0000e+00 
3.7646e+03     0.0000e+00  0.0000e+00     0.0000e+00  0.0000e+00     0.0000e+00  0.0000e+00     0.0000e+00  0.0000e+00 
4.2240e+03     0.0000e+00  0.0000e+00     0.0000e+00  0.0000e+00     0.0000e+00  0.0000e+00     0.0000e+00  0.0000e+00 
4.7394e+03     0.0000e+00  0.0000e+00     0.0000e+00  0.0000e+00     0.0000e+00  0.0000e+00     0.0000e+00  0.0000e+00 
5.3176e+03     0.0000e+00  0.0000e+00     0.0000e+00  0.0000e+00     0.0000e+00  0.0000e+00     0.0000e+00  0.0000e+00 
5.9665e+03     0.0000e+00  0.0000e+00     0.0000e+00  0.0000e+00     0.0000e+00  0.0000e+00     0.0000e+00  0.0000e+00 
6.6945e+03     0.0000e+00  0.0000e+00     0.0000e+00  0.0000e+00     0.0000e+00  0.0000e+00     0.0000e+00  0.0000e+00 
7.5114e+03     0.0000e+00  0.0000e+00     0.0000e+00  0.0000e+00     0.0000e+00  0.0000e+00     0.0000e+00  0.0000e+00 
8.4279e+03     0.0000e+00  0.0000e+00     0.0000e+00  0.0000e+00     0.0000e+00  0.0000e+00     0.0000e+00  0.0000e+00 
9.4563e+03     0.0000e+00  0.0000e+00     0.0000e+00  0.0000e+00     0.0000e+00  0.0000e+00     0.0000e+00  0.0000e+00 
