yF = 6.4697e-01 (std: 1.7110e-03) keV/um
yD = 1.9665e+00 (std: 4.3582e-01) keV/um
y (keV/um)     f(y)(std)                  yf(y)(std)                 d(y)(std)                  yd(y)(std)  
1.0610e-03     0.0000e+00  0.0000e+00     0.0000e+00  0.0000e+00     0.0000e+00  0.0000e+00     0.0000e+00  0.0000e+00 
1.1905e-03     7.3321e-03  5.6533e-03     8.7287e-06  6.7300e-06     1.3492e-05  1.0403e-05     1.6061e-08  1.2384e-08 
1.3357e-03     1.3069e-02  3.0515e-02     1.7457e-05  4.0760e-05     2.6983e-05  6.3002e-05     3.6043e-08  8.4154e-08 
1.4987e-03     5.8241e-03  3.8490e-03     8.7287e-06  5.7685e-06     1.3492e-05  8.9164e-06     2.0220e-08  1.3363e-08 
1.6816e-03     5.1907e-03  6.0977e-02     8.7287e-06  1.0254e-04     1.3492e-05  1.5849e-04     2.2687e-08  2.6651e-07 
1.8868e-03     4.6262e-03  1.4628e-03     8.7287e-06  2.7600e-06     1.3492e-05  4.2662e-06     2.5456e-08  8.0493e-09 
2.1170e-03     8.2463e-03  6.9434e-03     1.7457e-05  1.4699e-05     2.6983e-05  2.2720e-05     5.7124e-08  4.8098e-08 
2.3753e-03     1.1024e-02  5.0399e-03     2.6186e-05  1.1971e-05     4.0475e-05  1.8504e-05     9.6141e-08  4.3953e-08 
2.6651e-03     2.2926e-02  7.8221e-03     6.1101e-05  2.0847e-05     9.4442e-05  3.2224e-05     2.5170e-07  8.5881e-08 
2.9903e-03     2.3352e-02  7.7423e-03     6.9829e-05  2.3152e-05     1.0793e-04  3.5787e-05     3.2276e-07  1.0701e-07 
3.3552e-03     1.3008e-02  6.0615e-02     4.3643e-05  2.0337e-04     6.7459e-05  3.1435e-04     2.2634e-07  1.0547e-06 
3.7646e-03     1.3912e-02  4.5970e-03     5.2372e-05  1.7306e-05     8.0950e-05  2.6750e-05     3.0475e-07  1.0070e-07 
4.2240e-03     1.8598e-02  9.0036e-03     7.8558e-05  3.8031e-05     1.2143e-04  5.8784e-05     5.1289e-07  2.4830e-07 
4.7394e-03     1.1050e-02  5.0464e-03     5.2372e-05  2.3917e-05     8.0950e-05  3.6968e-05     3.8365e-07  1.7521e-07 
5.3176e-03     1.9697e-02  1.0585e-02     1.0474e-04  5.6288e-05     1.6190e-04  8.7004e-05     8.6093e-07  4.6266e-07 
5.9665e-03     2.7796e-02  1.3696e-02     1.6584e-04  8.1718e-05     2.5634e-04  1.2631e-04     1.5295e-06  7.5364e-07 
6.6945e-03     2.2165e-02  6.4289e-03     1.4839e-04  4.3038e-05     2.2936e-04  6.6526e-05     1.5354e-06  4.4536e-07 
7.5114e-03     1.2783e-02  6.3874e-03     9.6015e-05  4.7978e-05     1.4841e-04  7.4159e-05     1.1148e-06  5.5704e-07 
8.4279e-03     1.0357e-03  4.8584e-04     8.7287e-06  4.0946e-06     1.3492e-05  6.3291e-06     1.1371e-07  5.3341e-08 
9.4563e-03     9.2306e-04  5.4764e-04     8.7287e-06  5.1786e-06     1.3492e-05  8.0045e-06     1.2758e-07  7.5693e-08 
1.0610e-02     8.2268e-04  5.4368e-04     8.7287e-06  5.7685e-06     1.3492e-05  8.9164e-06     1.4315e-07  9.4603e-08 
1.1905e-02     4.6119e-01  3.6354e-02     5.4903e-03  4.3278e-04     8.4863e-03  6.6932e-04     1.0103e-04  7.9681e-06 
1.3357e-02     3.9470e-01  3.4360e-02     5.2721e-03  4.5895e-04     8.1490e-03  7.0972e-04     1.0885e-04  9.4800e-06 
1.4987e-02     2.9062e-01  1.0882e-02     4.3556e-03  1.6309e-04     6.7324e-03  2.5271e-04     1.0090e-04  3.7873e-06 
1.6816e-02     2.2164e-01  2.4876e-02     3.7271e-03  4.1831e-04     5.7610e-03  6.4676e-04     9.6875e-05  1.0876e-05 
1.8868e-02     1.9569e-01  2.3703e-02     3.6922e-03  4.4721e-04     5.7070e-03  6.9141e-04     1.0768e-04  1.3045e-05 
2.1170e-02     1.4307e-01  1.5377e-02     3.0288e-03  3.2552e-04     4.6816e-03  5.0330e-04     9.9110e-05  1.0655e-05 
2.3753e-02     2.0468e-01  2.7859e-02     4.8619e-03  6.6174e-04     7.5149e-03  1.0230e-03     1.7850e-04  2.4300e-05 
2.6651e-02     2.3384e-01  1.6186e-02     6.2323e-03  4.3138e-04     9.6331e-03  6.6727e-04     2.5673e-04  1.7784e-05 
2.9903e-02     2.6446e-01  7.8414e-03     7.9082e-03  2.3448e-04     1.2223e-02  3.6388e-04     3.6552e-04  1.0881e-05 
3.3552e-02     2.4480e-01  1.7183e-02     8.2137e-03  5.7654e-04     1.2696e-02  8.9177e-04     4.2597e-04  2.9921e-05 
3.7646e-02     2.5574e-01  8.2282e-03     9.6277e-03  3.0976e-04     1.4881e-02  4.8040e-04     5.6022e-04  1.8085e-05 
4.2240e-02     2.8393e-01  8.6995e-03     1.1993e-02  3.6746e-04     1.8538e-02  5.7009e-04     7.8302e-04  2.4080e-05 
4.7394e-02     2.9044e-01  1.3584e-02     1.3765e-02  6.4378e-04     2.1276e-02  9.9666e-04     1.0084e-03  4.7235e-05 
5.3176e-02     2.9480e-01  1.8105e-02     1.5677e-02  9.6275e-04     2.4231e-02  1.4895e-03     1.2885e-03  7.9205e-05 
5.9665e-02     3.2565e-01  1.2625e-02     1.9430e-02  7.5325e-04     3.0033e-02  1.1670e-03     1.7919e-03  6.9628e-05 
6.6945e-02     3.6143e-01  5.7993e-03     2.4196e-02  3.8824e-04     3.7399e-02  6.0818e-04     2.5037e-03  4.0715e-05 
7.5114e-02     3.7558e-01  9.4116e-03     2.8211e-02  7.0694e-04     4.3605e-02  1.0988e-03     3.2753e-03  8.2533e-05 
8.4279e-02     4.1013e-01  1.0114e-02     3.4565e-02  8.5243e-04     5.3427e-02  1.3251e-03     4.5028e-03  1.1168e-04 
9.4563e-02     4.5064e-01  1.2860e-02     4.2613e-02  1.2160e-03     6.5866e-02  1.8877e-03     6.2285e-03  1.7850e-04 
1.0610e-01     4.8373e-01  9.2733e-03     5.1325e-02  9.8390e-04     7.9331e-02  1.5352e-03     8.4171e-03  1.6289e-04 
1.1905e-01     5.2058e-01  4.8220e-03     6.1973e-02  5.7405e-04     9.5791e-02  9.2276e-04     1.1404e-02  1.0985e-04 
1.3357e-01     5.8532e-01  5.5431e-03     7.8183e-02  7.4040e-04     1.2085e-01  1.1882e-03     1.6142e-02  1.5871e-04 
1.4987e-01     6.3046e-01  7.5191e-03     9.4488e-02  1.1269e-03     1.4605e-01  1.7841e-03     2.1888e-02  2.6739e-04 
1.6816e-01     6.8730e-01  5.5841e-03     1.1558e-01  9.3902e-04     1.7864e-01  1.5264e-03     3.0040e-02  2.5667e-04 
1.8868e-01     7.6421e-01  7.4840e-03     1.4419e-01  1.4121e-03     2.2287e-01  2.2608e-03     4.2050e-02  4.2656e-04 
2.1170e-01     8.2397e-01  8.4323e-03     1.7443e-01  1.7851e-03     2.6962e-01  2.8499e-03     5.7078e-02  6.0331e-04 
2.3753e-01     9.3280e-01  1.9013e-02     2.2157e-01  4.5162e-03     3.4247e-01  7.0391e-03     8.1348e-02  1.6720e-03 
2.6651e-01     1.0289e+00  1.2561e-02     2.7422e-01  3.3476e-03     4.2386e-01  5.2943e-03     1.1296e-01  1.4110e-03 
2.9903e-01     1.1575e+00  6.5768e-03     3.4612e-01  1.9667e-03     5.3499e-01  3.3530e-03     1.5998e-01  1.0027e-03 
3.3552e-01     1.2810e+00  6.2867e-03     4.2979e-01  2.1093e-03     6.6432e-01  3.7036e-03     2.2289e-01  1.2426e-03 
3.7646e-01     1.4025e+00  9.4584e-03     5.2799e-01  3.5607e-03     8.1610e-01  5.9118e-03     3.0723e-01  2.2256e-03 
4.2240e-01     1.4903e+00  1.2474e-02     6.2948e-01  5.2688e-03     9.7298e-01  8.5408e-03     4.1098e-01  3.6076e-03 
4.7394e-01     1.5188e+00  6.4804e-03     7.1979e-01  3.0713e-03     1.1126e+00  5.5851e-03     5.2728e-01  2.6470e-03 
5.3176e-01     1.4406e+00  6.4377e-03     7.6607e-01  3.4233e-03     1.1841e+00  6.1486e-03     6.2966e-01  3.2696e-03 
5.9665e-01     1.2665e+00  9.2379e-03     7.5567e-01  5.5118e-03     1.1680e+00  9.0622e-03     6.9690e-01  5.4069e-03 
6.6945e-01     1.0181e+00  5.5744e-03     6.8155e-01  3.7318e-03     1.0535e+00  6.4058e-03     7.0524e-01  4.2884e-03 
7.5114e-01     7.4493e-01  4.7894e-03     5.5954e-01  3.5975e-03     8.6487e-01  6.0126e-03     6.4964e-01  4.5163e-03 
8.4279e-01     5.0788e-01  3.0448e-03     4.2804e-01  2.5661e-03     6.6161e-01  4.3352e-03     5.5759e-01  3.6537e-03 
9.4563e-01     3.3744e-01  2.8487e-03     3.1909e-01  2.6938e-03     4.9322e-01  4.3634e-03     4.6640e-01  4.1261e-03 
1.0610e+00     2.2062e-01  1.5697e-03     2.3408e-01  1.6655e-03     3.6181e-01  2.7464e-03     3.8388e-01  2.9139e-03 
1.1905e+00     1.4635e-01  1.7935e-03     1.7422e-01  2.1351e-03     2.6929e-01  3.3762e-03     3.2059e-01  4.0192e-03 
1.3357e+00     9.9485e-02  8.5869e-04     1.3289e-01  1.1470e-03     2.0540e-01  1.8542e-03     2.7436e-01  2.4767e-03 
1.4987e+00     6.9283e-02  1.1475e-03     1.0384e-01  1.7198e-03     1.6050e-01  2.6919e-03     2.4054e-01  4.0344e-03 
1.6816e+00     5.0189e-02  6.5142e-04     8.4397e-02  1.0954e-03     1.3045e-01  1.7280e-03     2.1937e-01  2.9057e-03 
1.8868e+00     3.6006e-02  5.3667e-04     6.7935e-02  1.0126e-03     1.0501e-01  1.5896e-03     1.9812e-01  2.9991e-03 
2.1170e+00     2.5930e-02  3.8016e-04     5.4895e-02  8.0479e-04     8.4849e-02  1.2640e-03     1.7963e-01  2.6759e-03 
2.3753e+00     1.9215e-02  3.8435e-04     4.5642e-02  9.1294e-04     7.0548e-02  1.4234e-03     1.6757e-01  3.3810e-03 
2.6651e+00     1.4322e-02  3.6753e-04     3.8170e-02  9.7951e-04     5.8999e-02  1.5220e-03     1.5724e-01  4.0564e-03 
2.9903e+00     1.0406e-02  2.5423e-04     3.1118e-02  7.6022e-04     4.8098e-02  1.1819e-03     1.4383e-01  3.5344e-03 
3.3552e+00     7.5678e-03  1.1808e-04     2.5392e-02  3.9619e-04     3.9247e-02  6.2112e-04     1.3168e-01  2.0840e-03 
3.7646e+00     5.3514e-03  1.4823e-04     2.0146e-02  5.5804e-04     3.1139e-02  8.6648e-04     1.1723e-01  3.2620e-03 
4.2240e+00     3.8333e-03  1.0576e-04     1.6192e-02  4.4672e-04     2.5027e-02  6.9366e-04     1.0571e-01  2.9300e-03 
4.7394e+00     2.5066e-03  9.0108e-05     1.1880e-02  4.2705e-04     1.8362e-02  6.6187e-04     8.7025e-02  3.1368e-03 
5.3176e+00     1.5643e-03  1.3458e-04     8.3184e-03  7.1562e-04     1.2858e-02  1.1066e-03     6.8372e-02  5.8848e-03 
5.9665e+00     9.7286e-04  8.3086e-05     5.8046e-03  4.9573e-04     8.9720e-03  7.6661e-04     5.3531e-02  4.5740e-03 
6.6945e+00     5.5544e-04  2.8249e-05     3.7184e-03  1.8911e-04     5.7475e-03  2.9270e-04     3.8476e-02  1.9595e-03 
7.5114e+00     3.0678e-04  4.1012e-05     2.3044e-03  3.0806e-04     3.5618e-03  4.7625e-04     2.6754e-02  3.5773e-03 
8.4279e+00     1.1393e-04  2.4013e-05     9.6015e-04  2.0238e-04     1.4841e-03  3.1283e-04     1.2508e-02  2.6365e-03 
9.4563e+00     3.5076e-05  6.6871e-06     3.3169e-04  6.3235e-05     5.1268e-04  9.7750e-05     4.8481e-03  9.2435e-04 
1.0610e+01     1.3163e-05  9.0104e-06     1.3966e-04  9.5601e-05     2.1587e-04  1.4777e-04     2.2904e-03  1.5678e-03 
1.1905e+01     4.3993e-06  1.4674e-06     5.2372e-05  1.7469e-05     8.0950e-05  2.7002e-05     9.6369e-04  3.2145e-04 
1.3357e+01     2.6139e-06  2.7849e-06     3.4915e-05  3.7199e-05     5.3967e-05  5.7498e-05     7.2085e-04  7.6802e-04 
1.4987e+01     1.1648e-06  1.0460e-06     1.7457e-05  1.5676e-05     2.6983e-05  2.4230e-05     4.0440e-04  3.6314e-04 
1.6816e+01     5.1907e-07  3.1246e-07     8.7287e-06  5.2543e-06     1.3492e-05  8.1215e-06     2.2687e-04  1.3657e-04 
1.8868e+01     4.6262e-07  4.5597e-07     8.7287e-06  8.6031e-06     1.3492e-05  1.3298e-05     2.5456e-04  2.5090e-04 
2.1170e+01     0.0000e+00  0.0000e+00     0.0000e+00  0.0000e+00     0.0000e+00  0.0000e+00     0.0000e+00  0.0000e+00 
2.3753e+01     0.0000e+00  0.0000e+00     0.0000e+00  0.0000e+00     0.0000e+00  0.0000e+00     0.0000e+00  0.0000e+00 
2.6651e+01     0.0000e+00  0.0000e+00     0.0000e+00  0.0000e+00     0.0000e+00  0.0000e+00     0.0000e+00  0.0000e+00 
2.9903e+01     0.0000e+00  0.0000e+00     0.0000e+00  0.0000e+00     0.0000e+00  0.0000e+00     0.0000e+00  0.0000e+00 
3.3552e+01     0.0000e+00  0.0000e+00     0.0000e+00  0.0000e+00     0.0000e+00  0.0000e+00     0.0000e+00  0.0000e+00 
3.7646e+01     0.0000e+00  0.0000e+00     0.0000e+00  0.0000e+00     0.0000e+00  0.0000e+00     0.0000e+00  0.0000e+00 
4.2240e+01     0.0000e+00  0.0000e+00     0.0000e+00  0.0000e+00     0.0000e+00  0.0000e+00     0.0000e+00  0.0000e+00 
4.7394e+01     0.0000e+00  0.0000e+00     0.0000e+00  0.0000e+00     0.0000e+00  0.0000e+00     0.0000e+00  0.0000e+00 
5.3176e+01     0.0000e+00  0.0000e+00     0.0000e+00  0.0000e+00     0.0000e+00  0.0000e+00     0.0000e+00  0.0000e+00 
5.9665e+01     1.4629e-07  8.2906e-08     8.7287e-06  4.9466e-06     1.3492e-05  7.6459e-06     8.0498e-04  4.5619e-04 
6.6945e+01     0.0000e+00  0.0000e+00     0.0000e+00  0.0000e+00     0.0000e+00  0.0000e+00     0.0000e+00  0.0000e+00 
7.5114e+01     0.0000e+00  0.0000e+00     0.0000e+00  0.0000e+00     0.0000e+00  0.0000e+00     0.0000e+00  0.0000e+00 
8.4279e+01     0.0000e+00  0.0000e+00     0.0000e+00  0.0000e+00     0.0000e+00  0.0000e+00     0.0000e+00  0.0000e+00 
9.4563e+01     0.0000e+00  0.0000e+00     0.0000e+00  0.0000e+00     0.0000e+00  0.0000e+00     0.0000e+00  0.0000e+00 
1.0610e+02     0.0000e+00  0.0000e+00     0.0000e+00  0.0000e+00     0.0000e+00  0.0000e+00     0.0000e+00  0.0000e+00 
1.1905e+02     0.0000e+00  0.0000e+00     0.0000e+00  0.0000e+00     0.0000e+00  0.0000e+00     0.0000e+00  0.0000e+00 
1.3357e+02     0.0000e+00  0.0000e+00     0.0000e+00  0.0000e+00     0.0000e+00  0.0000e+00     0.0000e+00  0.0000e+00 
1.4987e+02     0.0000e+00  0.0000e+00     0.0000e+00  0.0000e+00     0.0000e+00  0.0000e+00     0.0000e+00  0.0000e+00 
1.6816e+02     0.0000e+00  0.0000e+00     0.0000e+00  0.0000e+00     0.0000e+00  0.0000e+00     0.0000e+00  0.0000e+00 
1.8868e+02     0.0000e+00  0.0000e+00     0.0000e+00  0.0000e+00     0.0000e+00  0.0000e+00     0.0000e+00  0.0000e+00 
2.1170e+02     4.1231e-08  3.3782e-08     8.7287e-06  7.1516e-06     1.3492e-05  1.1054e-05     2.8562e-03  2.3402e-03 
2.3753e+02     1.1024e-07  1.4473e-07     2.6186e-05  3.4377e-05     4.0475e-05  5.3136e-05     9.6141e-03  1.2621e-02 
2.6651e+02     0.0000e+00  0.0000e+00     0.0000e+00  0.0000e+00     0.0000e+00  0.0000e+00     0.0000e+00  0.0000e+00 
2.9903e+02     0.0000e+00  0.0000e+00     0.0000e+00  0.0000e+00     0.0000e+00  0.0000e+00     0.0000e+00  0.0000e+00 
3.3552e+02     0.0000e+00  0.0000e+00     0.0000e+00  0.0000e+00     0.0000e+00  0.0000e+00     0.0000e+00  0.0000e+00 
3.7646e+02     0.0000e+00  0.0000e+00     0.0000e+00  0.0000e+00     0.0000e+00  0.0000e+00     0.0000e+00  0.0000e+00 
4.2240e+02     0.0000e+00  0.0000e+00     0.0000e+00  0.0000e+00     0.0000e+00  0.0000e+00     0.0000e+00  0.0000e+00 
4.7394e+02     0.0000e+00  0.0000e+00     0.0000e+00  0.0000e+00     0.0000e+00  0.0000e+00     0.0000e+00  0.0000e+00 
5.3176e+02     1.6415e-08  9.7385e-09     8.7287e-06  5.1786e-06     1.3492e-05  8.0045e-06     7.1744e-03  4.2565e-03 
5.9665e+02     0.0000e+00  0.0000e+00     0.0000e+00  0.0000e+00     0.0000e+00  0.0000e+00     0.0000e+00  0.0000e+00 
6.6945e+02     0.0000e+00  0.0000e+00     0.0000e+00  0.0000e+00     0.0000e+00  0.0000e+00     0.0000e+00  0.0000e+00 
7.5114e+02     0.0000e+00  0.0000e+00     0.0000e+00  0.0000e+00     0.0000e+00  0.0000e+00     0.0000e+00  0.0000e+00 
8.4279e+02     0.0000e+00  0.0000e+00     0.0000e+00  0.0000e+00     0.0000e+00  0.0000e+00     0.0000e+00  0.0000e+00 
9.4563e+02     0.0000e+00  0.0000e+00     0.0000e+00  0.0000e+00     0.0000e+00  0.0000e+00     0.0000e+00  0.0000e+00 
1.0610e+03     0.0000e+00  0.0000e+00     0.0000e+00  0.0000e+00     0.0000e+00  0.0000e+00     0.0000e+00  0.0000e+00 
1.1905e+03     0.0000e+00  0.0000e+00     0.0000e+00  0.0000e+00     0.0000e+00  0.0000e+00     0.0000e+00  0.0000e+00 
1.3357e+03     0.0000e+00  0.0000e+00     0.0000e+00  0.0000e+00     0.0000e+00  0.0000e+00     0.0000e+00  0.0000e+00 
1.4987e+03     0.0000e+00  0.0000e+00     0.0000e+00  0.0000e+00     0.0000e+00  0.0000e+00     0.0000e+00  0.0000e+00 
1.6816e+03     0.0000e+00  0.0000e+00     0.0000e+00  0.0000e+00     0.0000e+00  0.0000e+00     0.0000e+00  0.0000e+00 
1.8868e+03     0.0000e+00  0.0000e+00     0.0000e+00  0.0000e+00     0.0000e+00  0.0000e+00     0.0000e+00  0.0000e+00 
2.1170e+03     0.0000e+00  0.0000e+00     0.0000e+00  0.0000e+00     0.0000e+00  0.0000e+00     0.0000e+00  0.0000e+00 
2.3753e+03     0.0000e+00  0.0000e+00     0.0000e+00  0.0000e+00     0.0000e+00  0.0000e+00     0.0000e+00  0.0000e+00 
2.6651e+03     0.0000e+00  0.0000e+00     0.0000e+00  0.0000e+00     0.0000e+00  0.0000e+00     0.0000e+00  0.0000e+00 
2.9903e+03     0.0000e+00  0.0000e+00     0.0000e+00  0.0000e+00     0.0000e+00  0.0000e+00     0.0000e+00  0.0000e+00 
3.3552e+03     0.0000e+00  0.0000e+00     0.0000e+00  0.0000e+00     0.0000e+00  0.0000e+00     0.0000e+00  0.0000e+00 
3.7646e+03     0.0000e+00  0.0000e+00     0.0000e+00  0.0000e+00     0.0000e+00  0.0000e+00     0.0000e+00  0.0000e+00 
4.2240e+03     0.0000e+00  0.0000e+00     0.0000e+00  0.0000e+00     0.0000e+00  0.0000e+00     0.0000e+00  0.0000e+00 
4.7394e+03     0.0000e+00  0.0000e+00     0.0000e+00  0.0000e+00     0.0000e+00  0.0000e+00     0.0000e+00  0.0000e+00 
5.3176e+03     0.0000e+00  0.0000e+00     0.0000e+00  0.0000e+00     0.0000e+00  0.0000e+00     0.0000e+00  0.0000e+00 
5.9665e+03     0.0000e+00  0.0000e+00     0.0000e+00  0.0000e+00     0.0000e+00  0.0000e+00     0.0000e+00  0.0000e+00 
6.6945e+03     0.0000e+00  0.0000e+00     0.0000e+00  0.0000e+00     0.0000e+00  0.0000e+00     0.0000e+00  0.0000e+00 
7.5114e+03     0.0000e+00  0.0000e+00     0.0000e+00  0.0000e+00     0.0000e+00  0.0000e+00     0.0000e+00  0.0000e+00 
8.4279e+03     0.0000e+00  0.0000e+00     0.0000e+00  0.0000e+00     0.0000e+00  0.0000e+00     0.0000e+00  0.0000e+00 
9.4563e+03     0.0000e+00  0.0000e+00     0.0000e+00  0.0000e+00     0.0000e+00  0.0000e+00     0.0000e+00  0.0000e+00 
