yF = 6.3693e-01 (std: 1.7662e-03) keV/um
yD = 2.0006e+00 (std: 3.9403e-01) keV/um
y (keV/um)     f(y)(std)                  yf(y)(std)                 d(y)(std)                  yd(y)(std)  
1.0610e-03     0.0000e+00  0.0000e+00     0.0000e+00  0.0000e+00     0.0000e+00  0.0000e+00     0.0000e+00  0.0000e+00 
1.1905e-03     0.0000e+00  0.0000e+00     0.0000e+00  0.0000e+00     0.0000e+00  0.0000e+00     0.0000e+00  0.0000e+00 
1.3357e-03     0.0000e+00  0.0000e+00     0.0000e+00  0.0000e+00     0.0000e+00  0.0000e+00     0.0000e+00  0.0000e+00 
1.4987e-03     1.1650e-02  1.7980e-02     1.7460e-05  2.6947e-05     2.7413e-05  4.2308e-05     4.1084e-08  6.3407e-08 
1.6816e-03     1.0383e-02  6.2696e-03     1.7460e-05  1.0543e-05     2.7413e-05  1.6553e-05     4.6097e-08  2.7835e-08 
1.8868e-03     4.6269e-03  5.1134e-03     8.7300e-06  9.6478e-06     1.3706e-05  1.5147e-05     2.5861e-08  2.8580e-08 
2.1170e-03     8.2475e-03  3.5762e-03     1.7460e-05  7.5707e-06     2.7413e-05  1.1887e-05     5.8032e-08  2.5164e-08 
2.3753e-03     1.1026e-02  1.6958e-02     2.6190e-05  4.0281e-05     4.1119e-05  6.3242e-05     9.7670e-08  1.5022e-07 
2.6651e-03     1.3103e-02  7.5104e-03     3.4920e-05  2.0016e-05     5.4825e-05  3.1427e-05     1.4612e-07  8.3756e-08 
2.9903e-03     5.8388e-03  6.2516e-03     1.7460e-05  1.8694e-05     2.7413e-05  2.9351e-05     8.1973e-08  8.7769e-08 
3.3552e-03     5.2038e-03  2.0994e-03     1.7460e-05  7.0440e-06     2.7413e-05  1.1060e-05     9.1975e-08  3.7107e-08 
3.7646e-03     9.2759e-03  3.8035e-03     3.4920e-05  1.4319e-05     5.4825e-05  2.2481e-05     2.0640e-07  8.4632e-08 
4.2240e-03     2.6868e-02  2.0461e-02     1.1349e-04  8.6425e-05     1.7818e-04  1.3569e-04     7.5263e-07  5.7315e-07 
4.7394e-03     1.4736e-02  2.1019e-02     6.9840e-05  9.9617e-05     1.0965e-04  1.5640e-04     5.1967e-07  7.4124e-07 
5.3176e-03     1.4775e-02  1.7990e-02     7.8570e-05  9.5665e-05     1.2336e-04  1.5020e-04     6.5597e-07  7.9870e-07 
5.9665e-03     2.0484e-02  1.5358e-02     1.2222e-04  9.1631e-05     1.9189e-04  1.4386e-04     1.1449e-06  8.5836e-07 
6.6945e-03     1.6953e-02  6.7978e-03     1.1349e-04  4.5508e-05     1.7818e-04  7.1451e-05     1.1928e-06  4.7833e-07 
7.5114e-03     1.3947e-02  3.7526e-03     1.0476e-04  2.8187e-05     1.6448e-04  4.4257e-05     1.2354e-06  3.3243e-07 
8.4279e-03     1.0358e-03  4.9685e-04     8.7300e-06  4.1874e-06     1.3706e-05  6.5745e-06     1.1552e-07  5.5409e-08 
9.4563e-03     0.0000e+00  0.0000e+00     0.0000e+00  0.0000e+00     0.0000e+00  0.0000e+00     0.0000e+00  0.0000e+00 
1.0610e-02     8.2280e-04  3.4904e-04     8.7300e-06  3.7034e-06     1.3706e-05  5.8145e-06     1.4543e-07  6.1693e-08 
1.1905e-02     4.6933e-01  3.9408e-02     5.5872e-03  4.6915e-04     8.7721e-03  7.3697e-04     1.0443e-04  8.7735e-06 
1.3357e-02     3.9607e-01  2.1494e-02     5.2904e-03  2.8710e-04     8.3060e-03  4.5135e-04     1.1095e-04  6.0288e-06 
1.4987e-02     2.8309e-01  2.5934e-02     4.2428e-03  3.8868e-04     6.6613e-03  6.1052e-04     9.9834e-05  9.1500e-06 
1.6816e-02     2.5283e-01  1.1065e-02     4.2515e-03  1.8607e-04     6.6750e-03  2.9273e-04     1.1225e-04  4.9225e-06 
1.8868e-02     1.9803e-01  1.8552e-02     3.7364e-03  3.5003e-04     5.8663e-03  5.4980e-04     1.1068e-04  1.0374e-05 
2.1170e-02     1.6083e-01  1.1530e-02     3.4047e-03  2.4409e-04     5.3455e-03  3.8352e-04     1.1316e-04  8.1190e-06 
2.3753e-02     1.8487e-01  1.4293e-02     4.3912e-03  3.3950e-04     6.8943e-03  5.3337e-04     1.6376e-04  1.2669e-05 
2.6651e-02     2.6402e-01  2.0978e-02     7.0364e-03  5.5910e-04     1.1047e-02  8.7834e-04     2.9443e-04  2.3409e-05 
2.9903e-02     2.7939e-01  1.8640e-02     8.3546e-03  5.5741e-04     1.3117e-02  8.7591e-04     3.9224e-04  2.6193e-05 
3.3552e-02     2.5525e-01  1.4495e-02     8.5641e-03  4.8634e-04     1.3446e-02  7.6448e-04     4.5114e-04  2.5650e-05 
3.7646e-02     2.5625e-01  1.2705e-02     9.6466e-03  4.7829e-04     1.5146e-02  7.5210e-04     5.7017e-04  2.8314e-05 
4.2240e-02     2.9555e-01  1.0207e-02     1.2484e-02  4.3115e-04     1.9600e-02  6.7910e-04     8.2790e-04  2.8685e-05 
4.7394e-02     3.0762e-01  8.9266e-03     1.4579e-02  4.2306e-04     2.2890e-02  6.6725e-04     1.0848e-03  3.1623e-05 
5.3176e-02     3.2982e-01  1.6285e-02     1.7539e-02  8.6597e-04     2.7536e-02  1.3617e-03     1.4643e-03  7.2413e-05 
5.9665e-02     3.4692e-01  6.8656e-03     2.0699e-02  4.0964e-04     3.2498e-02  6.4943e-04     1.9390e-03  3.8748e-05 
6.6945e-02     3.6696e-01  1.5211e-02     2.4566e-02  1.0183e-03     3.8570e-02  1.6024e-03     2.5821e-03  1.0727e-04 
7.5114e-02     3.9783e-01  8.6055e-03     2.9883e-02  6.4639e-04     4.6917e-02  1.0232e-03     3.5241e-03  7.6853e-05 
8.4279e-02     4.2055e-01  1.1281e-02     3.5444e-02  9.5079e-04     5.5648e-02  1.5007e-03     4.6899e-03  1.2648e-04 
9.4563e-02     4.5809e-01  1.0691e-02     4.3318e-02  1.0110e-03     6.8011e-02  1.5985e-03     6.4313e-03  1.5116e-04 
1.0610e-01     4.7977e-01  8.3992e-03     5.0905e-02  8.9116e-04     7.9922e-02  1.4166e-03     8.4798e-03  1.5030e-04 
1.1905e-01     5.3481e-01  1.6888e-02     6.3668e-02  2.0105e-03     9.9960e-02  3.1687e-03     1.1900e-02  3.7722e-04 
1.3357e-01     5.9005e-01  1.3120e-02     7.8814e-02  1.7524e-03     1.2374e-01  2.7727e-03     1.6528e-02  3.7036e-04 
1.4987e-01     6.4820e-01  1.1562e-02     9.7147e-02  1.7329e-03     1.5252e-01  2.7533e-03     2.2859e-02  4.1265e-04 
1.6816e-01     7.0662e-01  1.3048e-02     1.1882e-01  2.1941e-03     1.8656e-01  3.4835e-03     3.1371e-02  5.8578e-04 
1.8868e-01     7.8987e-01  1.0369e-02     1.4903e-01  1.9564e-03     2.3398e-01  3.1394e-03     4.4147e-02  5.9233e-04 
2.1170e-01     8.7275e-01  1.3798e-02     1.8476e-01  2.9211e-03     2.9008e-01  4.6562e-03     6.1410e-02  9.8571e-04 
2.3753e-01     9.7113e-01  5.5484e-03     2.3067e-01  1.3179e-03     3.6216e-01  2.3000e-03     8.6025e-02  5.4632e-04 
2.6651e-01     1.0709e+00  8.1824e-03     2.8540e-01  2.1807e-03     4.4809e-01  3.6423e-03     1.1942e-01  9.7072e-04 
2.9903e-01     1.2063e+00  1.1997e-02     3.6071e-01  3.5874e-03     5.6633e-01  5.8471e-03     1.6935e-01  1.7485e-03 
3.3552e-01     1.3301e+00  1.2106e-02     4.4629e-01  4.0619e-03     7.0068e-01  6.6667e-03     2.3509e-01  2.2368e-03 
3.7646e-01     1.4427e+00  7.3601e-03     5.4313e-01  2.7708e-03     8.5273e-01  4.9513e-03     3.2102e-01  1.8640e-03 
4.2240e-01     1.5277e+00  1.1531e-02     6.4530e-01  4.8706e-03     1.0131e+00  8.1468e-03     4.2795e-01  3.4412e-03 
4.7394e-01     1.5303e+00  8.3715e-03     7.2524e-01  3.9676e-03     1.1387e+00  6.9837e-03     5.3965e-01  3.3098e-03 
5.3176e-01     1.4435e+00  7.3216e-03     7.6759e-01  3.8934e-03     1.2051e+00  6.9666e-03     6.4085e-01  3.7046e-03 
5.9665e-01     1.2476e+00  8.2927e-03     7.4441e-01  4.9478e-03     1.1687e+00  8.4172e-03     6.9733e-01  5.0221e-03 
6.6945e-01     9.8319e-01  5.3229e-03     6.5820e-01  3.5634e-03     1.0334e+00  6.2858e-03     6.9180e-01  4.2081e-03 
7.5114e-01     7.1581e-01  3.4238e-03     5.3767e-01  2.5718e-03     8.4416e-01  4.6672e-03     6.3408e-01  3.5057e-03 
8.4279e-01     4.9257e-01  5.7027e-03     4.1514e-01  4.8061e-03     6.5178e-01  7.7592e-03     5.4931e-01  6.5394e-03 
9.4563e-01     3.2152e-01  2.2337e-03     3.0404e-01  2.1122e-03     4.7735e-01  3.5707e-03     4.5140e-01  3.3765e-03 
1.0610e+00     2.1213e-01  1.7329e-03     2.2508e-01  1.8386e-03     3.5338e-01  3.0485e-03     3.7494e-01  3.2345e-03 
1.1905e+00     1.3895e-01  1.1042e-03     1.6542e-01  1.3145e-03     2.5971e-01  2.1859e-03     3.0917e-01  2.6022e-03 
1.3357e+00     9.5546e-02  2.7122e-03     1.2762e-01  3.6228e-03     2.0037e-01  5.7150e-03     2.6764e-01  7.6337e-03 
1.4987e+00     6.7313e-02  1.0085e-03     1.0088e-01  1.5114e-03     1.5839e-01  2.4133e-03     2.3738e-01  3.6168e-03 
1.6816e+00     4.7658e-02  6.4043e-04     8.0141e-02  1.0769e-03     1.2582e-01  1.7264e-03     2.1158e-01  2.9032e-03 
1.8868e+00     3.4725e-02  5.8475e-04     6.5519e-02  1.1033e-03     1.0287e-01  1.7555e-03     1.9408e-01  3.3123e-03 
2.1170e+00     2.5299e-02  3.7859e-04     5.3558e-02  8.0148e-04     8.4088e-02  1.2798e-03     1.7801e-01  2.7093e-03 
2.3753e+00     1.8968e-02  4.9027e-04     4.5055e-02  1.1645e-03     7.0738e-02  1.8389e-03     1.6803e-01  4.3678e-03 
2.6651e+00     1.3915e-02  1.8150e-04     3.7085e-02  4.8371e-04     5.8225e-02  7.7641e-04     1.5518e-01  2.0692e-03 
2.9903e+00     1.0244e-02  2.1958e-04     3.0634e-02  6.5662e-04     4.8096e-02  1.0395e-03     1.4382e-01  3.1085e-03 
3.3552e+00     7.2307e-03  2.2069e-04     2.4261e-02  7.4045e-04     3.8090e-02  1.1673e-03     1.2780e-01  3.9166e-03 
3.7646e+00     5.2756e-03  1.3584e-04     1.9861e-02  5.1139e-04     3.1182e-02  8.0754e-04     1.1739e-01  3.0401e-03 
4.2240e+00     3.8297e-03  2.0431e-04     1.6177e-02  8.6298e-04     2.5398e-02  1.3567e-03     1.0728e-01  5.7308e-03 
4.7394e+00     2.4701e-03  1.0694e-04     1.1707e-02  5.0681e-04     1.8380e-02  7.9734e-04     8.7110e-02  3.7789e-03 
5.3176e+00     1.6023e-03  8.1652e-05     8.5205e-03  4.3420e-04     1.3377e-02  6.8271e-04     7.1136e-02  3.6304e-03 
5.9665e+00     9.3789e-04  4.4855e-05     5.5959e-03  2.6763e-04     8.7858e-03  4.2089e-04     5.2420e-02  2.5112e-03 
6.6945e+00     5.7900e-04  7.5202e-05     3.8761e-03  5.0344e-04     6.0856e-03  7.9060e-04     4.0740e-02  5.2927e-03 
7.5114e+00     2.7661e-04  3.0096e-05     2.0777e-03  2.2606e-04     3.2621e-03  3.5504e-04     2.4503e-02  2.6668e-03 
8.4279e+00     1.0358e-04  1.5037e-05     8.7300e-04  1.2673e-04     1.3706e-03  1.9900e-04     1.1552e-02  1.6772e-03 
9.4563e+00     5.0776e-05  1.6593e-05     4.8015e-04  1.5691e-04     7.5385e-04  2.4636e-04     7.1286e-03  2.3296e-03 
1.0610e+01     1.4810e-05  5.1232e-06     1.5714e-04  5.4357e-05     2.4671e-04  8.5345e-05     2.6177e-03  9.0552e-04 
1.1905e+01     4.3999e-06  1.4054e-06     5.2380e-05  1.6731e-05     8.2238e-05  2.6270e-05     9.7902e-04  3.1274e-04 
1.3357e+01     1.3071e-06  2.1115e-06     1.7460e-05  2.8204e-05     2.7413e-05  4.4281e-05     3.6616e-04  5.9148e-04 
1.4987e+01     5.8250e-07  4.8337e-07     8.7300e-06  7.2443e-06     1.3706e-05  1.1374e-05     2.0542e-04  1.7046e-04 
1.6816e+01     5.1915e-07  1.2716e-07     8.7300e-06  2.1382e-06     1.3706e-05  3.3573e-06     2.3048e-04  5.6456e-05 
1.8868e+01     0.0000e+00  0.0000e+00     0.0000e+00  0.0000e+00     0.0000e+00  0.0000e+00     0.0000e+00  0.0000e+00 
2.1170e+01     0.0000e+00  0.0000e+00     0.0000e+00  0.0000e+00     0.0000e+00  0.0000e+00     0.0000e+00  0.0000e+00 
2.3753e+01     0.0000e+00  0.0000e+00     0.0000e+00  0.0000e+00     0.0000e+00  0.0000e+00     0.0000e+00  0.0000e+00 
2.6651e+01     0.0000e+00  0.0000e+00     0.0000e+00  0.0000e+00     0.0000e+00  0.0000e+00     0.0000e+00  0.0000e+00 
2.9903e+01     0.0000e+00  0.0000e+00     0.0000e+00  0.0000e+00     0.0000e+00  0.0000e+00     0.0000e+00  0.0000e+00 
3.3552e+01     0.0000e+00  0.0000e+00     0.0000e+00  0.0000e+00     0.0000e+00  0.0000e+00     0.0000e+00  0.0000e+00 
3.7646e+01     0.0000e+00  0.0000e+00     0.0000e+00  0.0000e+00     0.0000e+00  0.0000e+00     0.0000e+00  0.0000e+00 
4.2240e+01     0.0000e+00  0.0000e+00     0.0000e+00  0.0000e+00     0.0000e+00  0.0000e+00     0.0000e+00  0.0000e+00 
4.7394e+01     0.0000e+00  0.0000e+00     0.0000e+00  0.0000e+00     0.0000e+00  0.0000e+00     0.0000e+00  0.0000e+00 
5.3176e+01     0.0000e+00  0.0000e+00     0.0000e+00  0.0000e+00     0.0000e+00  0.0000e+00     0.0000e+00  0.0000e+00 
5.9665e+01     0.0000e+00  0.0000e+00     0.0000e+00  0.0000e+00     0.0000e+00  0.0000e+00     0.0000e+00  0.0000e+00 
6.6945e+01     0.0000e+00  0.0000e+00     0.0000e+00  0.0000e+00     0.0000e+00  0.0000e+00     0.0000e+00  0.0000e+00 
7.5114e+01     1.1622e-07  9.7714e-08     8.7300e-06  7.3396e-06     1.3706e-05  1.1524e-05     1.0295e-03  8.6558e-04 
8.4279e+01     0.0000e+00  0.0000e+00     0.0000e+00  0.0000e+00     0.0000e+00  0.0000e+00     0.0000e+00  0.0000e+00 
9.4563e+01     9.2320e-08  1.1149e-07     8.7300e-06  1.0543e-05     1.3706e-05  1.6552e-05     1.2961e-03  1.5652e-03 
1.0610e+02     0.0000e+00  0.0000e+00     0.0000e+00  0.0000e+00     0.0000e+00  0.0000e+00     0.0000e+00  0.0000e+00 
1.1905e+02     7.3332e-08  5.2715e-08     8.7300e-06  6.2756e-06     1.3706e-05  9.8529e-06     1.6317e-03  1.1730e-03 
1.3357e+02     0.0000e+00  0.0000e+00     0.0000e+00  0.0000e+00     0.0000e+00  0.0000e+00     0.0000e+00  0.0000e+00 
1.4987e+02     0.0000e+00  0.0000e+00     0.0000e+00  0.0000e+00     0.0000e+00  0.0000e+00     0.0000e+00  0.0000e+00 
1.6816e+02     0.0000e+00  0.0000e+00     0.0000e+00  0.0000e+00     0.0000e+00  0.0000e+00     0.0000e+00  0.0000e+00 
1.8868e+02     0.0000e+00  0.0000e+00     0.0000e+00  0.0000e+00     0.0000e+00  0.0000e+00     0.0000e+00  0.0000e+00 
2.1170e+02     4.1238e-08  1.6650e-07     8.7300e-06  3.5248e-05     1.3706e-05  5.5341e-05     2.9016e-03  1.1716e-02 
2.3753e+02     0.0000e+00  0.0000e+00     0.0000e+00  0.0000e+00     0.0000e+00  0.0000e+00     0.0000e+00  0.0000e+00 
2.6651e+02     0.0000e+00  0.0000e+00     0.0000e+00  0.0000e+00     0.0000e+00  0.0000e+00     0.0000e+00  0.0000e+00 
2.9903e+02     2.9194e-08  2.0986e-08     8.7300e-06  6.2756e-06     1.3706e-05  9.8529e-06     4.0986e-03  2.9464e-03 
3.3552e+02     0.0000e+00  0.0000e+00     0.0000e+00  0.0000e+00     0.0000e+00  0.0000e+00     0.0000e+00  0.0000e+00 
3.7646e+02     0.0000e+00  0.0000e+00     0.0000e+00  0.0000e+00     0.0000e+00  0.0000e+00     0.0000e+00  0.0000e+00 
4.2240e+02     0.0000e+00  0.0000e+00     0.0000e+00  0.0000e+00     0.0000e+00  0.0000e+00     0.0000e+00  0.0000e+00 
4.7394e+02     0.0000e+00  0.0000e+00     0.0000e+00  0.0000e+00     0.0000e+00  0.0000e+00     0.0000e+00  0.0000e+00 
5.3176e+02     0.0000e+00  0.0000e+00     0.0000e+00  0.0000e+00     0.0000e+00  0.0000e+00     0.0000e+00  0.0000e+00 
5.9665e+02     1.4632e-08  6.5432e-09     8.7300e-06  3.9040e-06     1.3706e-05  6.1295e-06     8.1779e-03  3.6572e-03 
6.6945e+02     0.0000e+00  0.0000e+00     0.0000e+00  0.0000e+00     0.0000e+00  0.0000e+00     0.0000e+00  0.0000e+00 
7.5114e+02     0.0000e+00  0.0000e+00     0.0000e+00  0.0000e+00     0.0000e+00  0.0000e+00     0.0000e+00  0.0000e+00 
8.4279e+02     0.0000e+00  0.0000e+00     0.0000e+00  0.0000e+00     0.0000e+00  0.0000e+00     0.0000e+00  0.0000e+00 
9.4563e+02     0.0000e+00  0.0000e+00     0.0000e+00  0.0000e+00     0.0000e+00  0.0000e+00     0.0000e+00  0.0000e+00 
1.0610e+03     0.0000e+00  0.0000e+00     0.0000e+00  0.0000e+00     0.0000e+00  0.0000e+00     0.0000e+00  0.0000e+00 
1.1905e+03     0.0000e+00  0.0000e+00     0.0000e+00  0.0000e+00     0.0000e+00  0.0000e+00     0.0000e+00  0.0000e+00 
1.3357e+03     0.0000e+00  0.0000e+00     0.0000e+00  0.0000e+00     0.0000e+00  0.0000e+00     0.0000e+00  0.0000e+00 
1.4987e+03     0.0000e+00  0.0000e+00     0.0000e+00  0.0000e+00     0.0000e+00  0.0000e+00     0.0000e+00  0.0000e+00 
1.6816e+03     0.0000e+00  0.0000e+00     0.0000e+00  0.0000e+00     0.0000e+00  0.0000e+00     0.0000e+00  0.0000e+00 
1.8868e+03     0.0000e+00  0.0000e+00     0.0000e+00  0.0000e+00     0.0000e+00  0.0000e+00     0.0000e+00  0.0000e+00 
2.1170e+03     0.0000e+00  0.0000e+00     0.0000e+00  0.0000e+00     0.0000e+00  0.0000e+00     0.0000e+00  0.0000e+00 
2.3753e+03     0.0000e+00  0.0000e+00     0.0000e+00  0.0000e+00     0.0000e+00  0.0000e+00     0.0000e+00  0.0000e+00 
2.6651e+03     0.0000e+00  0.0000e+00     0.0000e+00  0.0000e+00     0.0000e+00  0.0000e+00     0.0000e+00  0.0000e+00 
2.9903e+03     0.0000e+00  0.0000e+00     0.0000e+00  0.0000e+00     0.0000e+00  0.0000e+00     0.0000e+00  0.0000e+00 
3.3552e+03     0.0000e+00  0.0000e+00     0.0000e+00  0.0000e+00     0.0000e+00  0.0000e+00     0.0000e+00  0.0000e+00 
3.7646e+03     0.0000e+00  0.0000e+00     0.0000e+00  0.0000e+00     0.0000e+00  0.0000e+00     0.0000e+00  0.0000e+00 
4.2240e+03     0.0000e+00  0.0000e+00     0.0000e+00  0.0000e+00     0.0000e+00  0.0000e+00     0.0000e+00  0.0000e+00 
4.7394e+03     0.0000e+00  0.0000e+00     0.0000e+00  0.0000e+00     0.0000e+00  0.0000e+00     0.0000e+00  0.0000e+00 
5.3176e+03     0.0000e+00  0.0000e+00     0.0000e+00  0.0000e+00     0.0000e+00  0.0000e+00     0.0000e+00  0.0000e+00 
5.9665e+03     0.0000e+00  0.0000e+00     0.0000e+00  0.0000e+00     0.0000e+00  0.0000e+00     0.0000e+00  0.0000e+00 
6.6945e+03     0.0000e+00  0.0000e+00     0.0000e+00  0.0000e+00     0.0000e+00  0.0000e+00     0.0000e+00  0.0000e+00 
7.5114e+03     0.0000e+00  0.0000e+00     0.0000e+00  0.0000e+00     0.0000e+00  0.0000e+00     0.0000e+00  0.0000e+00 
8.4279e+03     0.0000e+00  0.0000e+00     0.0000e+00  0.0000e+00     0.0000e+00  0.0000e+00     0.0000e+00  0.0000e+00 
9.4563e+03     0.0000e+00  0.0000e+00     0.0000e+00  0.0000e+00     0.0000e+00  0.0000e+00     0.0000e+00  0.0000e+00 
