yF = 4.8265e+00 (std: 1.0355e-02) keV/um
yD = 6.2430e+00 (std: 1.3837e-01) keV/um
y (keV/um)     f(y)(std)                  yf(y)(std)                 d(y)(std)                  yd(y)(std)  
1.0610e-03     0.0000e+00  0.0000e+00     0.0000e+00  0.0000e+00     0.0000e+00  0.0000e+00     0.0000e+00  0.0000e+00 
1.1905e-03     0.0000e+00  0.0000e+00     0.0000e+00  0.0000e+00     0.0000e+00  0.0000e+00     0.0000e+00  0.0000e+00 
1.3357e-03     0.0000e+00  0.0000e+00     0.0000e+00  0.0000e+00     0.0000e+00  0.0000e+00     0.0000e+00  0.0000e+00 
1.4987e-03     0.0000e+00  0.0000e+00     0.0000e+00  0.0000e+00     0.0000e+00  0.0000e+00     0.0000e+00  0.0000e+00 
1.6816e-03     0.0000e+00  0.0000e+00     0.0000e+00  0.0000e+00     0.0000e+00  0.0000e+00     0.0000e+00  0.0000e+00 
1.8868e-03     0.0000e+00  0.0000e+00     0.0000e+00  0.0000e+00     0.0000e+00  0.0000e+00     0.0000e+00  0.0000e+00 
2.1170e-03     8.3218e-03  7.8430e-03     1.7617e-05  1.6604e-05     3.6501e-06  3.4401e-06     7.7272e-09  7.2826e-09 
2.3753e-03     0.0000e+00  0.0000e+00     0.0000e+00  0.0000e+00     0.0000e+00  0.0000e+00     0.0000e+00  0.0000e+00 
2.6651e-03     0.0000e+00  0.0000e+00     0.0000e+00  0.0000e+00     0.0000e+00  0.0000e+00     0.0000e+00  0.0000e+00 
2.9903e-03     0.0000e+00  0.0000e+00     0.0000e+00  0.0000e+00     0.0000e+00  0.0000e+00     0.0000e+00  0.0000e+00 
3.3552e-03     0.0000e+00  0.0000e+00     0.0000e+00  0.0000e+00     0.0000e+00  0.0000e+00     0.0000e+00  0.0000e+00 
3.7646e-03     0.0000e+00  0.0000e+00     0.0000e+00  0.0000e+00     0.0000e+00  0.0000e+00     0.0000e+00  0.0000e+00 
4.2240e-03     0.0000e+00  0.0000e+00     0.0000e+00  0.0000e+00     0.0000e+00  0.0000e+00     0.0000e+00  0.0000e+00 
4.7394e-03     0.0000e+00  0.0000e+00     0.0000e+00  0.0000e+00     0.0000e+00  0.0000e+00     0.0000e+00  0.0000e+00 
5.3176e-03     0.0000e+00  0.0000e+00     0.0000e+00  0.0000e+00     0.0000e+00  0.0000e+00     0.0000e+00  0.0000e+00 
5.9665e-03     1.4763e-03  2.9527e-03     8.8086e-06  1.7617e-05     1.8250e-06  3.6501e-06     1.0889e-08  2.1778e-08 
6.6945e-03     0.0000e+00  0.0000e+00     0.0000e+00  0.0000e+00     0.0000e+00  0.0000e+00     0.0000e+00  0.0000e+00 
7.5114e-03     0.0000e+00  0.0000e+00     0.0000e+00  0.0000e+00     0.0000e+00  0.0000e+00     0.0000e+00  0.0000e+00 
8.4279e-03     0.0000e+00  0.0000e+00     0.0000e+00  0.0000e+00     0.0000e+00  0.0000e+00     0.0000e+00  0.0000e+00 
9.4563e-03     0.0000e+00  0.0000e+00     0.0000e+00  0.0000e+00     0.0000e+00  0.0000e+00     0.0000e+00  0.0000e+00 
1.0610e-02     1.6604e-03  5.3043e-04     1.7617e-05  5.6280e-06     3.6501e-06  1.1661e-06     3.8728e-08  1.2372e-08 
1.1905e-02     4.4395e-03  2.4044e-03     5.2851e-05  2.8623e-05     1.0950e-05  5.9305e-06     1.3036e-07  7.0601e-08 
1.3357e-02     2.6378e-03  1.0568e-03     3.5234e-05  1.4116e-05     7.3001e-06  2.9247e-06     9.7510e-08  3.9066e-08 
1.4987e-02     1.7632e-03  2.2179e-03     2.6426e-05  3.3240e-05     5.4751e-06  6.8869e-06     8.2056e-08  1.0322e-07 
1.6816e-02     5.2382e-04  8.5820e-04     8.8086e-06  1.4431e-05     1.8250e-06  2.9900e-06     3.0690e-08  5.0280e-08 
1.8868e-02     9.3372e-04  5.3690e-04     1.7617e-05  1.0130e-05     3.6501e-06  2.0988e-06     6.8868e-08  3.9600e-08 
2.1170e-02     8.3218e-04  2.7652e-03     1.7617e-05  5.8540e-05     3.6501e-06  1.2129e-05     7.7272e-08  2.5677e-07 
2.3753e-02     1.1125e-03  8.2123e-04     2.6426e-05  1.9507e-05     5.4751e-06  4.0416e-06     1.3005e-07  9.6000e-08 
2.6651e-02     2.9746e-03  8.6658e-04     7.9277e-05  2.3096e-05     1.6425e-05  4.7853e-06     4.3776e-07  1.2753e-07 
2.9903e-02     2.9457e-03  9.4032e-04     8.8086e-05  2.8119e-05     1.8250e-05  5.8260e-06     5.4575e-07  1.7422e-07 
3.3552e-02     2.8879e-03  8.1231e-04     9.6894e-05  2.7255e-05     2.0075e-05  5.6470e-06     6.7357e-07  1.8947e-07 
3.7646e-02     3.5098e-03  1.6265e-03     1.3213e-04  6.1232e-05     2.7375e-05  1.2687e-05     1.0306e-06  4.7760e-07 
4.2240e-02     2.7110e-03  1.7170e-03     1.1451e-04  7.2525e-05     2.3725e-05  1.5026e-05     1.0022e-06  6.3471e-07 
4.7394e-02     3.5313e-03  1.1864e-03     1.6736e-04  5.6227e-05     3.4676e-05  1.1650e-05     1.6434e-06  5.5213e-07 
5.3176e-02     3.6443e-03  1.6273e-03     1.9379e-04  8.6532e-05     4.0151e-05  1.7929e-05     2.1351e-06  9.5338e-07 
5.9665e-02     3.5432e-03  3.4356e-03     2.1141e-04  2.0498e-04     4.3801e-05  4.2470e-05     2.6134e-06  2.5340e-06 
6.6945e-02     3.9474e-03  1.1812e-03     2.6426e-04  7.9075e-05     5.4751e-05  1.6384e-05     3.6653e-06  1.0968e-06 
7.5114e-02     4.4563e-03  2.6503e-03     3.3473e-04  1.9907e-04     6.9351e-05  4.1245e-05     5.2092e-06  3.0981e-06 
8.4279e-02     4.7033e-03  1.2950e-03     3.9639e-04  1.0914e-04     8.2126e-05  2.2614e-05     6.9215e-06  1.9059e-06 
9.4563e-02     5.2164e-03  1.0188e-03     4.9328e-04  9.6340e-05     1.0220e-04  1.9962e-05     9.6645e-06  1.8876e-06 
1.0610e-01     6.5586e-03  1.2899e-03     6.9588e-04  1.3686e-04     1.4418e-04  2.8358e-05     1.5297e-05  3.0088e-06 
1.1905e-01     5.3274e-03  9.9334e-04     6.3422e-04  1.1825e-04     1.3140e-04  2.4503e-05     1.5643e-05  2.9170e-06 
1.3357e-01     5.4735e-03  1.0049e-03     7.3111e-04  1.3423e-04     1.5148e-04  2.7814e-05     2.0233e-05  3.7151e-06 
1.4987e-01     6.1125e-03  1.0151e-03     9.1609e-04  1.5214e-04     1.8980e-04  3.1524e-05     2.8446e-05  4.7245e-06 
1.6816e-01     7.5431e-03  6.6522e-04     1.2684e-03  1.1186e-04     2.6280e-04  2.3183e-05     4.4193e-05  3.8985e-06 
1.8868e-01     8.7303e-03  1.2852e-03     1.6472e-03  2.4249e-04     3.4128e-04  5.0247e-05     6.4392e-05  9.4804e-06 
2.1170e-01     8.4466e-03  4.6521e-04     1.7881e-03  9.8485e-05     3.7048e-04  2.0420e-05     7.8431e-05  4.3230e-06 
2.3753e-01     9.6789e-03  1.0516e-03     2.2990e-03  2.4978e-04     4.7633e-04  5.1762e-05     1.1314e-04  1.2295e-05 
2.6651e-01     1.1370e-02  6.3652e-04     3.0301e-03  1.6964e-04     6.2781e-04  3.5174e-05     1.6732e-04  9.3743e-06 
2.9903e-01     1.1842e-02  7.3677e-04     3.5410e-03  2.2032e-04     7.3366e-04  4.5675e-05     2.1939e-04  1.3658e-05 
3.3552e-01     1.3074e-02  1.0863e-03     4.3867e-03  3.6448e-04     9.0887e-04  7.5542e-05     3.0494e-04  2.5346e-05 
3.7646e-01     1.3969e-02  5.1950e-04     5.2587e-03  1.9557e-04     1.0895e-03  4.0588e-05     4.1017e-04  1.5280e-05 
4.2240e-01     1.4681e-02  4.0790e-04     6.2012e-03  1.7229e-04     1.2848e-03  3.5804e-05     5.4270e-04  1.5123e-05 
4.7394e-01     1.8326e-02  6.2544e-04     8.6852e-03  2.9642e-04     1.7995e-03  6.1536e-05     8.5284e-04  2.9164e-05 
5.3176e-01     2.0458e-02  1.3024e-03     1.0879e-02  6.9259e-04     2.2539e-03  1.4358e-04     1.1986e-03  7.6350e-05 
5.9665e-01     2.3636e-02  1.0397e-03     1.4103e-02  6.2031e-04     2.9219e-03  1.2867e-04     1.7433e-03  7.6774e-05 
6.6945e-01     2.6737e-02  6.7533e-04     1.7899e-02  4.5210e-04     3.7085e-03  9.4007e-05     2.4826e-03  6.2933e-05 
7.5114e-01     3.0091e-02  8.5857e-04     2.2603e-02  6.4490e-04     4.6830e-03  1.3399e-04     3.5176e-03  1.0065e-04 
8.4279e-01     3.5316e-02  7.2043e-04     2.9764e-02  6.0717e-04     6.1668e-03  1.2649e-04     5.1973e-03  1.0661e-04 
9.4563e-01     4.0446e-02  6.6453e-04     3.8247e-02  6.2839e-04     7.9243e-03  1.3130e-04     7.4934e-03  1.2416e-04 
1.0610e+00     4.6218e-02  1.2847e-03     4.9037e-02  1.3630e-03     1.0160e-02  2.8325e-04     1.0780e-02  3.0053e-04 
1.1905e+00     5.2697e-02  9.6461e-04     6.2735e-02  1.1483e-03     1.2998e-02  2.3955e-04     1.5474e-02  2.8518e-04 
1.3357e+00     6.0690e-02  7.1058e-04     8.1065e-02  9.4915e-04     1.6796e-02  1.9993e-04     2.2435e-02  2.6705e-04 
1.4987e+00     6.9371e-02  6.8316e-04     1.0397e-01  1.0239e-03     2.1541e-02  2.1711e-04     3.2284e-02  3.2538e-04 
1.6816e+00     7.6389e-02  2.0431e-03     1.2846e-01  3.4356e-03     2.6614e-02  7.1410e-04     4.4754e-02  1.2008e-03 
1.8868e+00     8.6565e-02  1.3878e-03     1.6333e-01  2.6184e-03     3.3840e-02  5.4733e-04     6.3848e-02  1.0327e-03 
2.1170e+00     9.6657e-02  1.1616e-03     2.0462e-01  2.4591e-03     4.2396e-02  5.1755e-04     8.9751e-02  1.0956e-03 
2.3753e+00     1.0880e-01  7.8032e-04     2.5844e-01  1.8535e-03     5.3546e-02  4.0084e-04     1.2719e-01  9.5211e-04 
2.6651e+00     1.2444e-01  6.3439e-04     3.3164e-01  1.6907e-03     6.8712e-02  3.8006e-04     1.8313e-01  1.0129e-03 
2.9903e+00     1.4026e-01  1.3932e-03     4.1943e-01  4.1661e-03     8.6901e-02  8.8306e-04     2.5986e-01  2.6407e-03 
3.3552e+00     1.5930e-01  5.6671e-04     5.3447e-01  1.9014e-03     1.1074e-01  4.6005e-04     3.7154e-01  1.5436e-03 
3.7646e+00     1.8121e-01  8.7923e-04     6.8219e-01  3.3100e-03     1.4134e-01  7.4984e-04     5.3209e-01  2.8228e-03 
4.2240e+00     2.0575e-01  1.0337e-03     8.6908e-01  4.3662e-03     1.8006e-01  9.8367e-04     7.6058e-01  4.1550e-03 
4.7394e+00     2.1452e-01  1.2194e-03     1.0167e+00  5.7791e-03     2.1065e-01  1.2798e-03     9.9834e-01  6.0655e-03 
5.3176e+00     1.8659e-01  6.0595e-04     9.9223e-01  3.2222e-03     2.0558e-01  8.0015e-04     1.0932e+00  4.2549e-03 
5.9665e+00     1.3714e-01  8.1867e-04     8.1827e-01  4.8846e-03     1.6954e-01  1.0754e-03     1.0115e+00  6.4164e-03 
6.6945e+00     9.2582e-02  3.7355e-04     6.1979e-01  2.5008e-03     1.2841e-01  5.8682e-04     8.5966e-01  3.9285e-03 
7.5114e+00     5.8812e-02  3.3000e-04     4.4176e-01  2.4788e-03     9.1527e-02  5.4983e-04     6.8749e-01  4.1300e-03 
8.4279e+00     3.6188e-02  5.6707e-04     3.0499e-01  4.7792e-03     6.3190e-02  9.9944e-04     5.3256e-01  8.4232e-03 
9.4563e+00     2.1057e-02  4.8623e-04     1.9912e-01  4.5980e-03     4.1255e-02  9.5675e-04     3.9012e-01  9.0472e-03 
1.0610e+01     1.1300e-02  2.5227e-04     1.1989e-01  2.6766e-03     2.4841e-02  5.5711e-04     2.6356e-01  5.9110e-03 
1.1905e+01     5.5413e-03  8.7807e-05     6.5967e-02  1.0453e-03     1.3668e-02  2.1855e-04     1.6271e-01  2.6018e-03 
1.3357e+01     2.2929e-03  4.4833e-05     3.0627e-02  5.9885e-04     6.3456e-03  1.2482e-04     8.4761e-02  1.6672e-03 
1.4987e+01     8.7985e-04  2.5102e-05     1.3186e-02  3.7620e-04     2.7321e-03  7.8165e-05     4.0946e-02  1.1715e-03 
1.6816e+01     2.9439e-04  1.2747e-05     4.9504e-03  2.1435e-04     1.0257e-03  4.4465e-05     1.7247e-02  7.4772e-04 
1.8868e+01     8.3101e-05  1.6908e-05     1.5679e-03  3.1902e-04     3.2486e-04  6.6101e-05     6.1293e-03  1.2472e-03 
2.1170e+01     2.1221e-05  1.3354e-05     4.4924e-04  2.8270e-04     9.3077e-05  5.8573e-05     1.9704e-03  1.2400e-03 
2.3753e+01     1.4834e-06  8.4884e-07     3.5234e-05  2.0163e-05     7.3001e-06  4.1775e-06     1.7340e-04  9.9228e-05 
2.6651e+01     3.3051e-07  2.0460e-07     8.8086e-06  5.4529e-06     1.8250e-06  1.1298e-06     4.8640e-05  3.0110e-05 
2.9903e+01     0.0000e+00  0.0000e+00     0.0000e+00  0.0000e+00     0.0000e+00  0.0000e+00     0.0000e+00  0.0000e+00 
3.3552e+01     0.0000e+00  0.0000e+00     0.0000e+00  0.0000e+00     0.0000e+00  0.0000e+00     0.0000e+00  0.0000e+00 
3.7646e+01     0.0000e+00  0.0000e+00     0.0000e+00  0.0000e+00     0.0000e+00  0.0000e+00     0.0000e+00  0.0000e+00 
4.2240e+01     0.0000e+00  0.0000e+00     0.0000e+00  0.0000e+00     0.0000e+00  0.0000e+00     0.0000e+00  0.0000e+00 
4.7394e+01     0.0000e+00  0.0000e+00     0.0000e+00  0.0000e+00     0.0000e+00  0.0000e+00     0.0000e+00  0.0000e+00 
5.3176e+01     0.0000e+00  0.0000e+00     0.0000e+00  0.0000e+00     0.0000e+00  0.0000e+00     0.0000e+00  0.0000e+00 
5.9665e+01     0.0000e+00  0.0000e+00     0.0000e+00  0.0000e+00     0.0000e+00  0.0000e+00     0.0000e+00  0.0000e+00 
6.6945e+01     1.3158e-07  2.1557e-07     8.8086e-06  1.4431e-05     1.8250e-06  2.9900e-06     1.2218e-04  2.0017e-04 
7.5114e+01     0.0000e+00  0.0000e+00     0.0000e+00  0.0000e+00     0.0000e+00  0.0000e+00     0.0000e+00  0.0000e+00 
8.4279e+01     1.0452e-07  7.8716e-08     8.8086e-06  6.6341e-06     1.8250e-06  1.3745e-06     1.5381e-04  1.1584e-04 
9.4563e+01     0.0000e+00  0.0000e+00     0.0000e+00  0.0000e+00     0.0000e+00  0.0000e+00     0.0000e+00  0.0000e+00 
1.0610e+02     0.0000e+00  0.0000e+00     0.0000e+00  0.0000e+00     0.0000e+00  0.0000e+00     0.0000e+00  0.0000e+00 
1.1905e+02     7.3992e-08  5.0120e-08     8.8086e-06  5.9666e-06     1.8250e-06  1.2362e-06     2.1727e-04  1.4717e-04 
1.3357e+02     0.0000e+00  0.0000e+00     0.0000e+00  0.0000e+00     0.0000e+00  0.0000e+00     0.0000e+00  0.0000e+00 
1.4987e+02     0.0000e+00  0.0000e+00     0.0000e+00  0.0000e+00     0.0000e+00  0.0000e+00     0.0000e+00  0.0000e+00 
1.6816e+02     0.0000e+00  0.0000e+00     0.0000e+00  0.0000e+00     0.0000e+00  0.0000e+00     0.0000e+00  0.0000e+00 
1.8868e+02     4.6686e-08  2.4275e-08     8.8086e-06  4.5801e-06     1.8250e-06  9.4895e-07     3.4434e-04  1.7905e-04 
2.1170e+02     0.0000e+00  0.0000e+00     0.0000e+00  0.0000e+00     0.0000e+00  0.0000e+00     0.0000e+00  0.0000e+00 
2.3753e+02     3.7084e-08  2.1347e-08     8.8086e-06  5.0706e-06     1.8250e-06  1.0506e-06     4.3350e-04  2.4954e-04 
2.6651e+02     3.3051e-08  9.3473e-09     8.8086e-06  2.4912e-06     1.8250e-06  5.1616e-07     4.8640e-04  1.3756e-04 
2.9903e+02     0.0000e+00  0.0000e+00     0.0000e+00  0.0000e+00     0.0000e+00  0.0000e+00     0.0000e+00  0.0000e+00 
3.3552e+02     0.0000e+00  0.0000e+00     0.0000e+00  0.0000e+00     0.0000e+00  0.0000e+00     0.0000e+00  0.0000e+00 
3.7646e+02     0.0000e+00  0.0000e+00     0.0000e+00  0.0000e+00     0.0000e+00  0.0000e+00     0.0000e+00  0.0000e+00 
4.2240e+02     2.0854e-08  1.2004e-08     8.8086e-06  5.0706e-06     1.8250e-06  1.0506e-06     7.7089e-04  4.4376e-04 
4.7394e+02     0.0000e+00  0.0000e+00     0.0000e+00  0.0000e+00     0.0000e+00  0.0000e+00     0.0000e+00  0.0000e+00 
5.3176e+02     1.6565e-08  2.2336e-08     8.8086e-06  1.1877e-05     1.8250e-06  2.4609e-06     9.7049e-04  1.3086e-03 
5.9665e+02     4.4290e-08  2.1525e-08     2.6426e-05  1.2843e-05     5.4751e-06  2.6609e-06     3.2667e-03  1.5876e-03 
6.6945e+02     0.0000e+00  0.0000e+00     0.0000e+00  0.0000e+00     0.0000e+00  0.0000e+00     0.0000e+00  0.0000e+00 
7.5114e+02     0.0000e+00  0.0000e+00     0.0000e+00  0.0000e+00     0.0000e+00  0.0000e+00     0.0000e+00  0.0000e+00 
8.4279e+02     0.0000e+00  0.0000e+00     0.0000e+00  0.0000e+00     0.0000e+00  0.0000e+00     0.0000e+00  0.0000e+00 
9.4563e+02     0.0000e+00  0.0000e+00     0.0000e+00  0.0000e+00     0.0000e+00  0.0000e+00     0.0000e+00  0.0000e+00 
1.0610e+03     0.0000e+00  0.0000e+00     0.0000e+00  0.0000e+00     0.0000e+00  0.0000e+00     0.0000e+00  0.0000e+00 
1.1905e+03     0.0000e+00  0.0000e+00     0.0000e+00  0.0000e+00     0.0000e+00  0.0000e+00     0.0000e+00  0.0000e+00 
1.3357e+03     0.0000e+00  0.0000e+00     0.0000e+00  0.0000e+00     0.0000e+00  0.0000e+00     0.0000e+00  0.0000e+00 
1.4987e+03     0.0000e+00  0.0000e+00     0.0000e+00  0.0000e+00     0.0000e+00  0.0000e+00     0.0000e+00  0.0000e+00 
1.6816e+03     0.0000e+00  0.0000e+00     0.0000e+00  0.0000e+00     0.0000e+00  0.0000e+00     0.0000e+00  0.0000e+00 
1.8868e+03     0.0000e+00  0.0000e+00     0.0000e+00  0.0000e+00     0.0000e+00  0.0000e+00     0.0000e+00  0.0000e+00 
2.1170e+03     0.0000e+00  0.0000e+00     0.0000e+00  0.0000e+00     0.0000e+00  0.0000e+00     0.0000e+00  0.0000e+00 
2.3753e+03     0.0000e+00  0.0000e+00     0.0000e+00  0.0000e+00     0.0000e+00  0.0000e+00     0.0000e+00  0.0000e+00 
2.6651e+03     0.0000e+00  0.0000e+00     0.0000e+00  0.0000e+00     0.0000e+00  0.0000e+00     0.0000e+00  0.0000e+00 
2.9903e+03     0.0000e+00  0.0000e+00     0.0000e+00  0.0000e+00     0.0000e+00  0.0000e+00     0.0000e+00  0.0000e+00 
3.3552e+03     0.0000e+00  0.0000e+00     0.0000e+00  0.0000e+00     0.0000e+00  0.0000e+00     0.0000e+00  0.0000e+00 
3.7646e+03     0.0000e+00  0.0000e+00     0.0000e+00  0.0000e+00     0.0000e+00  0.0000e+00     0.0000e+00  0.0000e+00 
4.2240e+03     0.0000e+00  0.0000e+00     0.0000e+00  0.0000e+00     0.0000e+00  0.0000e+00     0.0000e+00  0.0000e+00 
4.7394e+03     0.0000e+00  0.0000e+00     0.0000e+00  0.0000e+00     0.0000e+00  0.0000e+00     0.0000e+00  0.0000e+00 
5.3176e+03     0.0000e+00  0.0000e+00     0.0000e+00  0.0000e+00     0.0000e+00  0.0000e+00     0.0000e+00  0.0000e+00 
5.9665e+03     0.0000e+00  0.0000e+00     0.0000e+00  0.0000e+00     0.0000e+00  0.0000e+00     0.0000e+00  0.0000e+00 
6.6945e+03     0.0000e+00  0.0000e+00     0.0000e+00  0.0000e+00     0.0000e+00  0.0000e+00     0.0000e+00  0.0000e+00 
7.5114e+03     0.0000e+00  0.0000e+00     0.0000e+00  0.0000e+00     0.0000e+00  0.0000e+00     0.0000e+00  0.0000e+00 
8.4279e+03     0.0000e+00  0.0000e+00     0.0000e+00  0.0000e+00     0.0000e+00  0.0000e+00     0.0000e+00  0.0000e+00 
9.4563e+03     0.0000e+00  0.0000e+00     0.0000e+00  0.0000e+00     0.0000e+00  0.0000e+00     0.0000e+00  0.0000e+00 
