yF = 6.7046e-01 (std: 2.4667e-03) keV/um
yD = 2.4120e+00 (std: 7.6145e-01) keV/um
y (keV/um)     f(y)(std)                  yf(y)(std)                 d(y)(std)                  yd(y)(std)  
1.0610e-03     0.0000e+00  0.0000e+00     0.0000e+00  0.0000e+00     0.0000e+00  0.0000e+00     0.0000e+00  0.0000e+00 
1.1905e-03     7.3315e-03  2.7428e-03     8.7279e-06  3.2652e-06     1.3018e-05  4.8703e-06     1.5497e-08  5.7980e-09 
1.3357e-03     0.0000e+00  0.0000e+00     0.0000e+00  0.0000e+00     0.0000e+00  0.0000e+00     0.0000e+00  0.0000e+00 
1.4987e-03     2.9118e-02  1.1084e-02     4.3639e-05  1.6612e-05     6.5088e-05  2.4779e-05     9.7549e-08  3.7136e-08 
1.6816e-03     1.5571e-02  9.4237e-03     2.6184e-05  1.5847e-05     3.9053e-05  2.3636e-05     6.5671e-08  3.9746e-08 
1.8868e-03     0.0000e+00  0.0000e+00     0.0000e+00  0.0000e+00     0.0000e+00  0.0000e+00     0.0000e+00  0.0000e+00 
2.1170e-03     8.2456e-03  5.3486e-03     1.7456e-05  1.1323e-05     2.6035e-05  1.6888e-05     5.5117e-08  3.5753e-08 
2.3753e-03     1.1023e-02  1.4368e-02     2.6184e-05  3.4128e-05     3.9053e-05  5.0903e-05     9.2763e-08  1.2091e-07 
2.6651e-03     9.8245e-03  5.0336e-03     2.6184e-05  1.3415e-05     3.9053e-05  2.0009e-05     1.0408e-07  5.3327e-08 
2.9903e-03     8.7561e-03  5.4124e-03     2.6184e-05  1.6185e-05     3.9053e-05  2.4140e-05     1.1678e-07  7.2187e-08 
3.3552e-03     1.8209e-02  6.0385e-03     6.1095e-05  2.0261e-05     9.1124e-05  3.0221e-05     3.0574e-07  1.0140e-07 
3.7646e-03     2.7821e-02  7.4930e-03     1.0473e-04  2.8208e-05     1.5621e-04  4.2076e-05     5.8808e-07  1.5840e-07 
4.2240e-03     1.2398e-02  5.3398e-03     5.2367e-05  2.2555e-05     7.8106e-05  3.3642e-05     3.2992e-07  1.4210e-07 
4.7394e-03     2.0257e-02  6.2281e-03     9.6007e-05  2.9517e-05     1.4319e-04  4.4028e-05     6.7865e-07  2.0866e-07 
5.3176e-03     1.4772e-02  4.1092e-02     7.8551e-05  2.1851e-04     1.1716e-04  3.2592e-04     6.2301e-07  1.7331e-06 
5.9665e-03     1.9017e-02  7.9406e-03     1.1346e-04  4.7378e-05     1.6923e-04  7.0667e-05     1.0097e-06  4.2163e-07 
6.6945e-03     1.3037e-02  5.6502e-03     8.7279e-05  3.7825e-05     1.3018e-04  5.6419e-05     8.7147e-07  3.7770e-07 
7.5114e-03     9.2957e-03  3.7669e-03     6.9823e-05  2.8294e-05     1.0414e-04  4.2203e-05     7.8224e-07  3.1700e-07 
8.4279e-03     1.0356e-03  4.1815e-03     8.7279e-06  3.5241e-05     1.3018e-05  5.2562e-05     1.0971e-07  4.4299e-07 
9.4563e-03     9.2298e-04  5.1467e-04     8.7279e-06  4.8668e-06     1.3018e-05  7.2590e-06     1.2310e-07  6.8643e-08 
1.0610e-02     0.0000e+00  0.0000e+00     0.0000e+00  0.0000e+00     0.0000e+00  0.0000e+00     0.0000e+00  0.0000e+00 
1.1905e-02     4.4355e-01  5.1510e-02     5.2804e-03  6.1321e-04     7.8757e-03  9.1507e-04     9.3758e-05  1.0894e-05 
1.3357e-02     3.3455e-01  1.8425e-02     4.4687e-03  2.4611e-04     6.6651e-03  3.6790e-04     8.9027e-05  4.9141e-06 
1.4987e-02     2.6788e-01  1.1154e-02     4.0148e-03  1.6717e-04     5.9881e-03  2.5030e-04     8.9745e-05  3.7513e-06 
1.6816e-02     2.3045e-01  3.1702e-02     3.8752e-03  5.3310e-04     5.7799e-03  7.9541e-04     9.7193e-05  1.3376e-05 
1.8868e-02     1.7763e-01  6.0186e-03     3.3515e-03  1.1356e-04     4.9988e-03  1.7037e-04     9.4316e-05  3.2144e-06 
2.1170e-02     1.3811e-01  1.5731e-02     2.9238e-03  3.3301e-04     4.3609e-03  4.9695e-04     9.2320e-05  1.0520e-05 
2.3753e-02     1.7086e-01  1.9765e-02     4.0585e-03  4.6948e-04     6.0532e-03  7.0059e-04     1.4378e-04  1.6641e-05 
2.6651e-02     2.3579e-01  3.1914e-02     6.2841e-03  8.5056e-04     9.3727e-03  1.2691e-03     2.4980e-04  3.3823e-05 
2.9903e-02     2.5393e-01  1.2446e-02     7.5933e-03  3.7217e-04     1.1325e-02  5.5665e-04     3.3867e-04  1.6646e-05 
3.3552e-02     2.1721e-01  1.1079e-02     7.2878e-03  3.7171e-04     1.0870e-02  5.5585e-04     3.6470e-04  1.8650e-05 
3.7646e-02     2.4529e-01  6.1725e-03     9.2341e-03  2.3237e-04     1.3773e-02  3.5026e-04     5.1849e-04  1.3186e-05 
4.2240e-02     2.6531e-01  6.9125e-03     1.1207e-02  2.9198e-04     1.6715e-02  4.3981e-04     7.0602e-04  1.8577e-05 
4.7394e-02     2.7495e-01  2.5582e-02     1.3031e-02  1.2124e-03     1.9435e-02  1.8097e-03     9.2111e-04  8.5770e-05 
5.3176e-02     2.7295e-01  1.3115e-02     1.4514e-02  6.9741e-04     2.1648e-02  1.0432e-03     1.1512e-03  5.5475e-05 
5.9665e-02     3.0222e-01  4.3072e-03     1.8032e-02  2.5699e-04     2.6895e-02  3.9586e-04     1.6047e-03  2.3619e-05 
6.6945e-02     3.2802e-01  8.2640e-03     2.1959e-02  5.5323e-04     3.2752e-02  8.3390e-04     2.1926e-03  5.5825e-05 
7.5114e-02     3.5521e-01  1.4780e-02     2.6681e-02  1.1102e-03     3.9795e-02  1.6623e-03     2.9892e-03  1.2486e-04 
8.4279e-02     3.8628e-01  9.7861e-03     3.2555e-02  8.2476e-04     4.8556e-02  1.2430e-03     4.0922e-03  1.0476e-04 
9.4563e-02     4.1220e-01  6.2428e-03     3.8979e-02  5.9034e-04     5.8137e-02  9.0610e-04     5.4976e-03  8.5683e-05 
1.0610e-01     4.3812e-01  1.1721e-02     4.6485e-02  1.2436e-03     6.9332e-02  1.8723e-03     7.3562e-03  1.9866e-04 
1.1905e-01     4.8725e-01  1.6478e-02     5.8006e-02  1.9617e-03     8.6516e-02  2.9431e-03     1.0299e-02  3.5037e-04 
1.3357e-01     5.2698e-01  1.2452e-02     7.0390e-02  1.6632e-03     1.0499e-01  2.5106e-03     1.4024e-02  3.3535e-04 
1.4987e-01     5.8195e-01  9.9066e-03     8.7218e-02  1.4847e-03     1.3009e-01  2.2656e-03     1.9496e-02  3.3955e-04 
1.6816e-01     6.3918e-01  1.1757e-02     1.0748e-01  1.9770e-03     1.6031e-01  3.0072e-03     2.6958e-02  5.0568e-04 
1.8868e-01     7.0155e-01  1.0072e-02     1.3237e-01  1.9003e-03     1.9743e-01  2.9260e-03     3.7250e-02  5.5206e-04 
2.1170e-01     7.7376e-01  6.1050e-03     1.6381e-01  1.2924e-03     2.4432e-01  2.1269e-03     5.1721e-02  4.5027e-04 
2.3753e-01     8.6327e-01  1.0579e-02     2.0505e-01  2.5129e-03     3.0584e-01  3.9132e-03     7.2646e-02  9.2950e-04 
2.6651e-01     9.6526e-01  2.1634e-02     2.5725e-01  5.7657e-03     3.8370e-01  8.7147e-03     1.0226e-01  2.3226e-03 
2.9903e-01     1.0665e+00  8.4786e-03     3.1893e-01  2.5354e-03     4.7568e-01  4.1669e-03     1.4224e-01  1.2460e-03 
3.3552e-01     1.1904e+00  7.9092e-03     3.9941e-01  2.6537e-03     5.9572e-01  4.5243e-03     1.9987e-01  1.5180e-03 
3.7646e-01     1.3076e+00  7.3084e-03     4.9226e-01  2.7513e-03     7.3421e-01  4.9128e-03     2.7640e-01  1.8495e-03 
4.2240e-01     1.4133e+00  7.1781e-03     5.9698e-01  3.0320e-03     8.9040e-01  5.5841e-03     3.7610e-01  2.3587e-03 
4.7394e-01     1.4717e+00  1.2178e-02     6.9747e-01  5.7716e-03     1.0403e+00  9.4208e-03     4.9303e-01  4.4649e-03 
5.3176e-01     1.4423e+00  9.6394e-03     7.6695e-01  5.1259e-03     1.1439e+00  8.7271e-03     6.0829e-01  4.6407e-03 
5.9665e-01     1.2959e+00  5.4319e-03     7.7322e-01  3.2410e-03     1.1533e+00  6.4319e-03     6.8809e-01  3.8376e-03 
6.6945e-01     1.0608e+00  3.9242e-03     7.1015e-01  2.6271e-03     1.0592e+00  5.5262e-03     7.0908e-01  3.6995e-03 
7.5114e-01     8.0482e-01  4.1720e-03     6.0453e-01  3.1337e-03     9.0166e-01  5.7315e-03     6.7727e-01  4.3051e-03 
8.4279e-01     5.5819e-01  3.3380e-03     4.7043e-01  2.8133e-03     7.0165e-01  4.9265e-03     5.9135e-01  4.1520e-03 
9.4563e-01     3.7195e-01  3.5277e-03     3.5173e-01  3.3359e-03     5.2460e-01  5.3367e-03     4.9607e-01  5.0465e-03 
1.0610e+00     2.4267e-01  2.5221e-03     2.5747e-01  2.6759e-03     3.8402e-01  4.2339e-03     4.0745e-01  4.4922e-03 
1.1905e+00     1.5999e-01  1.1859e-03     1.9047e-01  1.4118e-03     2.8408e-01  2.3508e-03     3.3820e-01  2.7986e-03 
1.3357e+00     1.0863e-01  1.6073e-03     1.4510e-01  2.1469e-03     2.1642e-01  3.2996e-03     2.8908e-01  4.4074e-03 
1.4987e+00     7.4414e-02  1.0238e-03     1.1153e-01  1.5344e-03     1.6634e-01  2.3689e-03     2.4930e-01  3.5503e-03 
1.6816e+00     5.3491e-02  8.5717e-04     8.9950e-02  1.4414e-03     1.3416e-01  2.2058e-03     2.2560e-01  3.7092e-03 
1.8868e+00     3.7899e-02  4.4795e-04     7.1508e-02  8.4518e-04     1.0665e-01  1.3203e-03     2.0123e-01  2.4910e-03 
2.1170e+00     2.8192e-02  4.3780e-04     5.9681e-02  9.2682e-04     8.9015e-02  1.4206e-03     1.8844e-01  3.0074e-03 
2.3753e+00     2.0055e-02  2.7262e-04     4.7637e-02  6.4757e-04     7.1050e-02  1.0006e-03     1.6877e-01  2.3767e-03 
2.6651e+00     1.5454e-02  3.6252e-04     4.1187e-02  9.6616e-04     6.1430e-02  1.4586e-03     1.6372e-01  3.8875e-03 
2.9903e+00     1.1076e-02  3.0850e-04     3.3122e-02  9.2252e-04     4.9402e-02  1.3879e-03     1.4773e-01  4.1503e-03 
3.3552e+00     8.2097e-03  3.7424e-04     2.7545e-02  1.2556e-03     4.1084e-02  1.8789e-03     1.3784e-01  6.3040e-03 
3.7646e+00     5.7891e-03  2.2200e-04     2.1794e-02  8.3574e-04     3.2505e-02  1.2522e-03     1.2237e-01  4.7141e-03 
4.2240e+00     3.9776e-03  1.6477e-04     1.6801e-02  6.9599e-04     2.5059e-02  1.0422e-03     1.0585e-01  4.4020e-03 
4.7394e+00     2.6335e-03  1.4118e-04     1.2481e-02  6.6912e-04     1.8615e-02  1.0003e-03     8.8224e-02  4.7410e-03 
5.3176e+00     1.6347e-03  8.0829e-05     8.6930e-03  4.2982e-04     1.2966e-02  6.4285e-04     6.8946e-02  3.4184e-03 
5.9665e+00     1.0269e-03  3.8153e-05     6.1270e-03  2.2764e-04     9.1384e-03  3.4119e-04     5.4524e-02  2.0357e-03 
6.6945e+00     6.3492e-04  5.7143e-05     4.2505e-03  3.8255e-04     6.3396e-03  5.7104e-04     4.2441e-02  3.8229e-03 
7.5114e+00     2.7771e-04  2.3613e-05     2.0860e-03  1.7737e-04     3.1112e-03  2.6479e-04     2.3370e-02  1.9889e-03 
8.4279e+00     1.2013e-04  2.5005e-05     1.0124e-03  2.1074e-04     1.5101e-03  3.1437e-04     1.2727e-02  2.6495e-03 
9.4563e+00     4.2457e-05  9.4848e-06     4.0148e-04  8.9691e-05     5.9881e-04  1.3379e-04     5.6625e-03  1.2652e-03 
1.0610e+01     1.3162e-05  3.3296e-06     1.3965e-04  3.5327e-05     2.0828e-04  5.2697e-05     2.2099e-03  5.5912e-04 
1.1905e+01     4.3989e-06  3.4197e-06     5.2367e-05  4.0711e-05     7.8106e-05  6.0721e-05     9.2983e-04  7.2287e-04 
1.3357e+01     1.9603e-06  1.1123e-06     2.6184e-05  1.4857e-05     3.9053e-05  2.2160e-05     5.2164e-04  2.9600e-04 
1.4987e+01     1.1647e-06  6.4136e-07     1.7456e-05  9.6121e-06     2.6035e-05  1.4337e-05     3.9020e-04  2.1487e-04 
1.6816e+01     5.1903e-07  4.3638e-07     8.7279e-06  7.3382e-06     1.3018e-05  1.0945e-05     2.1890e-04  1.8405e-04 
1.8868e+01     0.0000e+00  0.0000e+00     0.0000e+00  0.0000e+00     0.0000e+00  0.0000e+00     0.0000e+00  0.0000e+00 
2.1170e+01     0.0000e+00  0.0000e+00     0.0000e+00  0.0000e+00     0.0000e+00  0.0000e+00     0.0000e+00  0.0000e+00 
2.3753e+01     0.0000e+00  0.0000e+00     0.0000e+00  0.0000e+00     0.0000e+00  0.0000e+00     0.0000e+00  0.0000e+00 
2.6651e+01     0.0000e+00  0.0000e+00     0.0000e+00  0.0000e+00     0.0000e+00  0.0000e+00     0.0000e+00  0.0000e+00 
2.9903e+01     0.0000e+00  0.0000e+00     0.0000e+00  0.0000e+00     0.0000e+00  0.0000e+00     0.0000e+00  0.0000e+00 
3.3552e+01     0.0000e+00  0.0000e+00     0.0000e+00  0.0000e+00     0.0000e+00  0.0000e+00     0.0000e+00  0.0000e+00 
3.7646e+01     0.0000e+00  0.0000e+00     0.0000e+00  0.0000e+00     0.0000e+00  0.0000e+00     0.0000e+00  0.0000e+00 
4.2240e+01     0.0000e+00  0.0000e+00     0.0000e+00  0.0000e+00     0.0000e+00  0.0000e+00     0.0000e+00  0.0000e+00 
4.7394e+01     0.0000e+00  0.0000e+00     0.0000e+00  0.0000e+00     0.0000e+00  0.0000e+00     0.0000e+00  0.0000e+00 
5.3176e+01     1.6413e-07  1.0021e-07     8.7279e-06  5.3287e-06     1.3018e-05  7.9480e-06     6.9223e-04  4.2265e-04 
5.9665e+01     0.0000e+00  0.0000e+00     0.0000e+00  0.0000e+00     0.0000e+00  0.0000e+00     0.0000e+00  0.0000e+00 
6.6945e+01     1.3037e-07  4.7000e-08     8.7279e-06  3.1464e-06     1.3018e-05  4.6932e-06     8.7147e-04  3.1418e-04 
7.5114e+01     0.0000e+00  0.0000e+00     0.0000e+00  0.0000e+00     0.0000e+00  0.0000e+00     0.0000e+00  0.0000e+00 
8.4279e+01     0.0000e+00  0.0000e+00     0.0000e+00  0.0000e+00     0.0000e+00  0.0000e+00     0.0000e+00  0.0000e+00 
9.4563e+01     0.0000e+00  0.0000e+00     0.0000e+00  0.0000e+00     0.0000e+00  0.0000e+00     0.0000e+00  0.0000e+00 
1.0610e+02     0.0000e+00  0.0000e+00     0.0000e+00  0.0000e+00     0.0000e+00  0.0000e+00     0.0000e+00  0.0000e+00 
1.1905e+02     0.0000e+00  0.0000e+00     0.0000e+00  0.0000e+00     0.0000e+00  0.0000e+00     0.0000e+00  0.0000e+00 
1.3357e+02     1.3068e-07  7.6253e-07     1.7456e-05  1.0185e-04     2.6035e-05  1.5192e-04     3.4776e-03  2.0292e-02 
1.4987e+02     5.8236e-08  3.0281e-08     8.7279e-06  4.5383e-06     1.3018e-05  6.7690e-06     1.9510e-03  1.0145e-03 
1.6816e+02     5.1903e-08  2.3786e-08     8.7279e-06  3.9998e-06     1.3018e-05  5.9660e-06     2.1890e-03  1.0032e-03 
1.8868e+02     4.6258e-08  1.5769e-07     8.7279e-06  2.9752e-05     1.3018e-05  4.4376e-05     2.4561e-03  8.3727e-03 
2.1170e+02     4.1228e-08  1.4280e-08     8.7279e-06  3.0230e-06     1.3018e-05  4.5091e-06     2.7558e-03  9.5457e-04 
2.3753e+02     0.0000e+00  0.0000e+00     0.0000e+00  0.0000e+00     0.0000e+00  0.0000e+00     0.0000e+00  0.0000e+00 
2.6651e+02     0.0000e+00  0.0000e+00     0.0000e+00  0.0000e+00     0.0000e+00  0.0000e+00     0.0000e+00  0.0000e+00 
2.9903e+02     0.0000e+00  0.0000e+00     0.0000e+00  0.0000e+00     0.0000e+00  0.0000e+00     0.0000e+00  0.0000e+00 
3.3552e+02     0.0000e+00  0.0000e+00     0.0000e+00  0.0000e+00     0.0000e+00  0.0000e+00     0.0000e+00  0.0000e+00 
3.7646e+02     0.0000e+00  0.0000e+00     0.0000e+00  0.0000e+00     0.0000e+00  0.0000e+00     0.0000e+00  0.0000e+00 
4.2240e+02     2.0663e-08  4.4822e-08     8.7279e-06  1.8933e-05     1.3018e-05  2.8238e-05     5.4986e-03  1.1928e-02 
4.7394e+02     0.0000e+00  0.0000e+00     0.0000e+00  0.0000e+00     0.0000e+00  0.0000e+00     0.0000e+00  0.0000e+00 
5.3176e+02     0.0000e+00  0.0000e+00     0.0000e+00  0.0000e+00     0.0000e+00  0.0000e+00     0.0000e+00  0.0000e+00 
5.9665e+02     0.0000e+00  0.0000e+00     0.0000e+00  0.0000e+00     0.0000e+00  0.0000e+00     0.0000e+00  0.0000e+00 
6.6945e+02     1.3037e-08  6.5213e-09     8.7279e-06  4.3657e-06     1.3018e-05  6.5117e-06     8.7147e-03  4.3592e-03 
7.5114e+02     0.0000e+00  0.0000e+00     0.0000e+00  0.0000e+00     0.0000e+00  0.0000e+00     0.0000e+00  0.0000e+00 
8.4279e+02     0.0000e+00  0.0000e+00     0.0000e+00  0.0000e+00     0.0000e+00  0.0000e+00     0.0000e+00  0.0000e+00 
9.4563e+02     0.0000e+00  0.0000e+00     0.0000e+00  0.0000e+00     0.0000e+00  0.0000e+00     0.0000e+00  0.0000e+00 
1.0610e+03     0.0000e+00  0.0000e+00     0.0000e+00  0.0000e+00     0.0000e+00  0.0000e+00     0.0000e+00  0.0000e+00 
1.1905e+03     0.0000e+00  0.0000e+00     0.0000e+00  0.0000e+00     0.0000e+00  0.0000e+00     0.0000e+00  0.0000e+00 
1.3357e+03     0.0000e+00  0.0000e+00     0.0000e+00  0.0000e+00     0.0000e+00  0.0000e+00     0.0000e+00  0.0000e+00 
1.4987e+03     0.0000e+00  0.0000e+00     0.0000e+00  0.0000e+00     0.0000e+00  0.0000e+00     0.0000e+00  0.0000e+00 
1.6816e+03     0.0000e+00  0.0000e+00     0.0000e+00  0.0000e+00     0.0000e+00  0.0000e+00     0.0000e+00  0.0000e+00 
1.8868e+03     0.0000e+00  0.0000e+00     0.0000e+00  0.0000e+00     0.0000e+00  0.0000e+00     0.0000e+00  0.0000e+00 
2.1170e+03     0.0000e+00  0.0000e+00     0.0000e+00  0.0000e+00     0.0000e+00  0.0000e+00     0.0000e+00  0.0000e+00 
2.3753e+03     0.0000e+00  0.0000e+00     0.0000e+00  0.0000e+00     0.0000e+00  0.0000e+00     0.0000e+00  0.0000e+00 
2.6651e+03     0.0000e+00  0.0000e+00     0.0000e+00  0.0000e+00     0.0000e+00  0.0000e+00     0.0000e+00  0.0000e+00 
2.9903e+03     0.0000e+00  0.0000e+00     0.0000e+00  0.0000e+00     0.0000e+00  0.0000e+00     0.0000e+00  0.0000e+00 
3.3552e+03     0.0000e+00  0.0000e+00     0.0000e+00  0.0000e+00     0.0000e+00  0.0000e+00     0.0000e+00  0.0000e+00 
3.7646e+03     0.0000e+00  0.0000e+00     0.0000e+00  0.0000e+00     0.0000e+00  0.0000e+00     0.0000e+00  0.0000e+00 
4.2240e+03     0.0000e+00  0.0000e+00     0.0000e+00  0.0000e+00     0.0000e+00  0.0000e+00     0.0000e+00  0.0000e+00 
4.7394e+03     0.0000e+00  0.0000e+00     0.0000e+00  0.0000e+00     0.0000e+00  0.0000e+00     0.0000e+00  0.0000e+00 
5.3176e+03     0.0000e+00  0.0000e+00     0.0000e+00  0.0000e+00     0.0000e+00  0.0000e+00     0.0000e+00  0.0000e+00 
5.9665e+03     0.0000e+00  0.0000e+00     0.0000e+00  0.0000e+00     0.0000e+00  0.0000e+00     0.0000e+00  0.0000e+00 
6.6945e+03     0.0000e+00  0.0000e+00     0.0000e+00  0.0000e+00     0.0000e+00  0.0000e+00     0.0000e+00  0.0000e+00 
7.5114e+03     0.0000e+00  0.0000e+00     0.0000e+00  0.0000e+00     0.0000e+00  0.0000e+00     0.0000e+00  0.0000e+00 
8.4279e+03     0.0000e+00  0.0000e+00     0.0000e+00  0.0000e+00     0.0000e+00  0.0000e+00     0.0000e+00  0.0000e+00 
9.4563e+03     0.0000e+00  0.0000e+00     0.0000e+00  0.0000e+00     0.0000e+00  0.0000e+00     0.0000e+00  0.0000e+00 
