yF = 4.6980e-01 (std: 7.6906e-03) keV/um
yD = 4.2881e+00 (std: 9.1034e+00) keV/um
y (keV/um)     f(y)(std)                  yf(y)(std)                 d(y)(std)                  yd(y)(std)  
1.0610e-03     0.0000e+00  0.0000e+00     0.0000e+00  0.0000e+00     0.0000e+00  0.0000e+00     0.0000e+00  0.0000e+00 
1.1905e-03     0.0000e+00  0.0000e+00     0.0000e+00  0.0000e+00     0.0000e+00  0.0000e+00     0.0000e+00  0.0000e+00 
1.3357e-03     1.3035e-02  7.0107e-03     1.7411e-05  9.3644e-06     3.7061e-05  1.9942e-05     4.9504e-08  2.6637e-08 
1.4987e-03     6.9705e-02  5.7979e-02     1.0447e-04  8.6895e-05     2.2237e-04  1.8500e-04     3.3327e-07  2.7726e-07 
1.6816e-03     6.2125e-02  2.1871e-02     1.0447e-04  3.6778e-05     2.2237e-04  7.8369e-05     3.7393e-07  1.3178e-07 
1.8868e-03     4.6141e-02  5.0641e-02     8.7057e-05  9.5549e-05     1.8531e-04  2.0341e-04     3.4963e-07  3.8378e-07 
2.1170e-03     4.1123e-02  1.1485e-02     8.7057e-05  2.4314e-05     1.8531e-04  5.1842e-05     3.9229e-07  1.0975e-07 
2.3753e-03     2.5656e-02  8.2483e-03     6.0940e-05  1.9592e-05     1.2971e-04  4.1757e-05     3.0811e-07  9.9186e-08 
2.6651e-03     2.2866e-02  2.2989e-02     6.0940e-05  6.1268e-05     1.2971e-04  1.3043e-04     3.4571e-07  3.4762e-07 
2.9903e-03     4.3669e-02  1.3350e-02     1.3059e-04  3.9921e-05     2.7796e-04  8.5097e-05     8.3119e-07  2.5447e-07 
3.3552e-03     4.1515e-02  1.1857e-02     1.3929e-04  3.9784e-05     2.9649e-04  8.4821e-05     9.9479e-07  2.8459e-07 
3.7646e-03     2.5438e-02  2.1766e-02     9.5762e-05  8.1941e-05     2.0384e-04  1.7445e-04     7.6737e-07  6.5673e-07 
4.2240e-03     5.7709e-02  1.2409e-02     2.4376e-04  5.2415e-05     5.1886e-04  1.1189e-04     2.1916e-06  4.7263e-07 
4.7394e-03     4.0412e-02  1.4020e-02     1.9152e-04  6.6447e-05     4.0767e-04  1.4159e-04     1.9321e-06  6.7106e-07 
5.3176e-03     5.8937e-02  2.0865e-02     3.1340e-04  1.1095e-04     6.6710e-04  2.3642e-04     3.5474e-06  1.2572e-06 
5.9665e-03     5.9823e-02  1.2428e-02     3.5693e-04  7.4153e-05     7.5976e-04  1.5833e-04     4.5331e-06  9.4468e-07 
6.6945e-03     5.0716e-02  2.3663e-02     3.3952e-04  1.5841e-04     7.2270e-04  3.3740e-04     4.8381e-06  2.2588e-06 
7.5114e-03     5.5632e-02  9.6607e-03     4.1787e-04  7.2565e-05     8.8947e-04  1.5514e-04     6.6811e-06  1.1654e-06 
8.4279e-03     6.9208e-02  7.1881e-03     5.8328e-04  6.0581e-05     1.2416e-03  1.3054e-04     1.0464e-05  1.1002e-06 
9.4563e-03     7.6412e-02  1.7283e-02     7.2257e-04  1.6343e-04     1.5380e-03  3.4878e-04     1.4544e-05  3.2982e-06 
1.0610e-02     7.0564e-02  1.2288e-02     7.4869e-04  1.3038e-04     1.5936e-03  2.7874e-04     1.6909e-05  2.9575e-06 
1.1905e-02     7.7516e-02  9.8495e-03     9.2280e-04  1.1726e-04     1.9642e-03  2.5165e-04     2.3384e-05  2.9958e-06 
1.3357e-02     7.8862e-02  6.0372e-03     1.0534e-03  8.0640e-05     2.2422e-03  1.7553e-04     2.9950e-05  2.3446e-06 
1.4987e-02     1.0746e-01  2.4878e-02     1.6105e-03  3.7286e-04     3.4282e-03  7.9564e-04     5.1379e-05  1.1924e-05 
1.6816e-02     1.2373e-01  1.1098e-02     2.0807e-03  1.8663e-04     4.4288e-03  4.0381e-04     7.4475e-05  6.7904e-06 
1.8868e-02     1.3565e-01  2.9233e-02     2.5595e-03  5.5155e-04     5.4480e-03  1.1774e-03     1.0279e-04  2.2215e-05 
2.1170e-02     1.6038e-01  1.4784e-02     3.3952e-03  3.1297e-04     7.2270e-03  6.7661e-04     1.5299e-04  1.4324e-05 
2.3753e-02     1.5760e-01  1.0308e-02     3.7434e-03  2.4485e-04     7.9682e-03  5.3726e-04     1.8927e-04  1.2762e-05 
2.6651e-02     1.9011e-01  2.0154e-02     5.0667e-03  5.3713e-04     1.0785e-02  1.1569e-03     2.8743e-04  3.0832e-05 
2.9903e-02     2.1107e-01  1.7536e-02     6.3116e-03  5.2439e-04     1.3435e-02  1.1377e-03     4.0174e-04  3.4020e-05 
3.3552e-02     2.3274e-01  1.1026e-02     7.8090e-03  3.6994e-04     1.6622e-02  8.3313e-04     5.5770e-04  2.7953e-05 
3.7646e-02     2.5068e-01  1.6591e-02     9.4369e-03  6.2460e-04     2.0087e-02  1.3696e-03     7.5620e-04  5.1559e-05 
4.2240e-02     2.8689e-01  8.6038e-03     1.2118e-02  3.6342e-04     2.5795e-02  8.8131e-04     1.0896e-03  3.7226e-05 
4.7394e-02     3.2788e-01  1.1774e-02     1.5540e-02  5.5800e-04     3.3077e-02  1.3054e-03     1.5676e-03  6.1865e-05 
5.3176e-02     3.3774e-01  1.4032e-02     1.7960e-02  7.4618e-04     3.8229e-02  1.7071e-03     2.0329e-03  9.0780e-05 
5.9665e-02     3.8053e-01  1.3085e-02     2.2704e-02  7.8071e-04     4.8328e-02  1.8405e-03     2.8835e-03  1.0981e-04 
6.6945e-02     4.2706e-01  1.1472e-02     2.8589e-02  7.6801e-04     6.0855e-02  1.9144e-03     4.0739e-03  1.2816e-04 
7.5114e-02     4.6731e-01  1.2905e-02     3.5101e-02  9.6933e-04     7.4716e-02  2.3986e-03     5.6122e-03  1.8017e-04 
8.4279e-02     5.1844e-01  7.3446e-03     4.3694e-02  6.1899e-04     9.3005e-02  2.0135e-03     7.8384e-03  1.6969e-04 
9.4563e-02     5.7364e-01  9.3351e-03     5.4245e-02  8.8276e-04     1.1546e-01  2.6652e-03     1.0919e-02  2.5203e-04 
1.0610e-01     6.2186e-01  9.8427e-03     6.5980e-02  1.0443e-03     1.4044e-01  3.1980e-03     1.4901e-02  3.3931e-04 
1.1905e-01     6.9632e-01  1.6577e-02     8.2895e-02  1.9734e-03     1.7645e-01  5.0979e-03     2.1006e-02  6.0689e-04 
1.3357e-01     7.6340e-01  1.6694e-02     1.0197e-01  2.2299e-03     2.1705e-01  5.9290e-03     2.8992e-02  7.9196e-04 
1.4987e-01     8.6010e-01  1.1344e-02     1.2890e-01  1.7001e-03     2.7438e-01  5.7680e-03     4.1122e-02  8.6447e-04 
1.6816e-01     9.4435e-01  5.4068e-03     1.5880e-01  9.0920e-04     3.3802e-01  5.8620e-03     5.6841e-02  9.8575e-04 
1.8868e-01     1.0630e+00  1.7221e-02     2.0057e-01  3.2492e-03     4.2693e-01  9.8325e-03     8.0551e-02  1.8552e-03 
2.1170e-01     1.2009e+00  1.2721e-02     2.5422e-01  2.6930e-03     5.4113e-01  1.0551e-02     1.1456e-01  2.2337e-03 
2.3753e-01     1.3428e+00  1.2948e-02     3.1896e-01  3.0756e-03     6.7893e-01  1.2899e-02     1.6127e-01  3.0639e-03 
2.6651e-01     1.5154e+00  8.2871e-03     4.0386e-01  2.2086e-03     8.5966e-01  1.4837e-02     2.2911e-01  3.9543e-03 
2.9903e-01     1.7145e+00  1.0534e-02     5.1270e-01  3.1501e-03     1.0913e+00  1.9082e-02     3.2634e-01  5.7061e-03 
3.3552e-01     1.9789e+00  1.3898e-02     6.6396e-01  4.6631e-03     1.4133e+00  2.5175e-02     4.7419e-01  8.4468e-03 
3.7646e-01     2.2619e+00  8.3796e-03     8.5150e-01  3.1546e-03     1.8125e+00  3.0421e-02     6.8233e-01  1.1452e-02 
4.2240e-01     2.3567e+00  4.3614e-03     9.9548e-01  1.8422e-03     2.1189e+00  3.4908e-02     8.9503e-01  1.4745e-02 
4.7394e-01     2.0331e+00  1.2116e-02     9.6354e-01  5.7420e-03     2.0510e+00  3.5730e-02     9.7203e-01  1.6934e-02 
5.3176e-01     1.4509e+00  5.7634e-03     7.7151e-01  3.0648e-03     1.6422e+00  2.7663e-02     8.7328e-01  1.4710e-02 
5.9665e-01     9.1809e-01  8.2523e-03     5.4778e-01  4.9237e-03     1.1660e+00  2.1775e-02     6.9568e-01  1.2992e-02 
6.6945e-01     5.5787e-01  3.8153e-03     3.7346e-01  2.5542e-03     7.9495e-01  1.4103e-02     5.3218e-01  9.4415e-03 
7.5114e-01     3.5229e-01  3.7339e-03     2.6462e-01  2.8047e-03     5.6326e-01  1.0984e-02     4.2308e-01  8.2508e-03 
8.4279e-01     2.2445e-01  2.0914e-03     1.8917e-01  1.7626e-03     4.0265e-01  7.5844e-03     3.3935e-01  6.3921e-03 
9.4563e-01     1.4910e-01  1.8580e-03     1.4100e-01  1.7569e-03     3.0012e-01  6.1744e-03     2.8380e-01  5.8387e-03 
1.0610e+00     1.0023e-01  2.4951e-03     1.0635e-01  2.6473e-03     2.2637e-01  6.7442e-03     2.4018e-01  7.1557e-03 
1.1905e+00     7.0495e-02  8.1958e-04     8.3923e-02  9.7569e-04     1.7864e-01  3.5867e-03     2.1266e-01  4.2699e-03 
1.3357e+00     4.8360e-02  1.0668e-03     6.4596e-02  1.4250e-03     1.3750e-01  3.7771e-03     1.8366e-01  5.0452e-03 
1.4987e+00     3.3424e-02  4.6330e-04     5.0092e-02  6.9436e-04     1.0663e-01  2.2872e-03     1.5980e-01  3.4278e-03 
1.6816e+00     2.3607e-02  4.8211e-04     3.9698e-02  8.1071e-04     8.4500e-02  2.2116e-03     1.4209e-01  3.7191e-03 
1.8868e+00     1.5365e-02  3.0338e-04     2.8990e-02  5.7241e-04     6.1707e-02  1.5827e-03     1.1643e-01  2.9862e-03 
2.1170e+00     9.7214e-03  2.9827e-04     2.0580e-02  6.3143e-04     4.3806e-02  1.5234e-03     9.2738e-02  3.2250e-03 
2.3753e+00     6.0730e-03  2.4784e-04     1.4425e-02  5.8869e-04     3.0705e-02  1.3501e-03     7.2934e-02  3.2069e-03 
2.6651e+00     3.2469e-03  2.7120e-04     8.6534e-03  7.2280e-04     1.8419e-02  1.5678e-03     4.9090e-02  4.1784e-03 
2.9903e+00     1.5954e-03  7.5747e-05     4.7707e-03  2.2651e-04     1.0155e-02  5.1000e-04     3.0366e-02  1.5251e-03 
3.3552e+00     6.0196e-04  7.8351e-05     2.0197e-03  2.6288e-04     4.2991e-03  5.6397e-04     1.4424e-02  1.8922e-03 
3.7646e+00     2.5669e-04  3.8389e-05     9.6633e-04  1.4452e-04     2.0569e-03  3.0946e-04     7.7434e-03  1.1650e-03 
4.2240e+00     9.6868e-05  2.2554e-05     4.0917e-04  9.5267e-05     8.7094e-04  2.0328e-04     3.6788e-03  8.5866e-04 
4.7394e+00     2.3880e-05  9.6383e-06     1.1317e-04  4.5680e-05     2.4090e-04  9.7312e-05     1.1417e-03  4.6120e-04 
5.3176e+00     9.8228e-06  4.8083e-06     5.2234e-05  2.5569e-05     1.1118e-04  5.4456e-05     5.9124e-04  2.8958e-04 
5.9665e+00     0.0000e+00  0.0000e+00     0.0000e+00  0.0000e+00     0.0000e+00  0.0000e+00     0.0000e+00  0.0000e+00 
6.6945e+00     1.3004e-06  8.7010e-07     8.7057e-06  5.8249e-06     1.8531e-05  1.2402e-05     1.2405e-04  8.3028e-05 
7.5114e+00     0.0000e+00  0.0000e+00     0.0000e+00  0.0000e+00     0.0000e+00  0.0000e+00     0.0000e+00  0.0000e+00 
8.4279e+00     1.0330e-06  7.1673e-07     8.7057e-06  6.0405e-06     1.8531e-05  1.2861e-05     1.5617e-04  1.0839e-04 
9.4563e+00     9.2063e-07  2.7298e-06     8.7057e-06  2.5814e-05     1.8531e-05  5.4947e-05     1.7523e-04  5.1960e-04 
1.0610e+01     0.0000e+00  0.0000e+00     0.0000e+00  0.0000e+00     0.0000e+00  0.0000e+00     0.0000e+00  0.0000e+00 
1.1905e+01     0.0000e+00  0.0000e+00     0.0000e+00  0.0000e+00     0.0000e+00  0.0000e+00     0.0000e+00  0.0000e+00 
1.3357e+01     0.0000e+00  0.0000e+00     0.0000e+00  0.0000e+00     0.0000e+00  0.0000e+00     0.0000e+00  0.0000e+00 
1.4987e+01     0.0000e+00  0.0000e+00     0.0000e+00  0.0000e+00     0.0000e+00  0.0000e+00     0.0000e+00  0.0000e+00 
1.6816e+01     0.0000e+00  0.0000e+00     0.0000e+00  0.0000e+00     0.0000e+00  0.0000e+00     0.0000e+00  0.0000e+00 
1.8868e+01     0.0000e+00  0.0000e+00     0.0000e+00  0.0000e+00     0.0000e+00  0.0000e+00     0.0000e+00  0.0000e+00 
2.1170e+01     0.0000e+00  0.0000e+00     0.0000e+00  0.0000e+00     0.0000e+00  0.0000e+00     0.0000e+00  0.0000e+00 
2.3753e+01     0.0000e+00  0.0000e+00     0.0000e+00  0.0000e+00     0.0000e+00  0.0000e+00     0.0000e+00  0.0000e+00 
2.6651e+01     0.0000e+00  0.0000e+00     0.0000e+00  0.0000e+00     0.0000e+00  0.0000e+00     0.0000e+00  0.0000e+00 
2.9903e+01     2.9113e-07  2.4476e-07     8.7057e-06  7.3191e-06     1.8531e-05  1.5582e-05     5.5413e-04  4.6596e-04 
3.3552e+01     0.0000e+00  0.0000e+00     0.0000e+00  0.0000e+00     0.0000e+00  0.0000e+00     0.0000e+00  0.0000e+00 
3.7646e+01     0.0000e+00  0.0000e+00     0.0000e+00  0.0000e+00     0.0000e+00  0.0000e+00     0.0000e+00  0.0000e+00 
4.2240e+01     2.0610e-07  3.5697e-08     8.7057e-06  1.5078e-06     1.8531e-05  3.2238e-06     7.8273e-04  1.3617e-04 
4.7394e+01     0.0000e+00  0.0000e+00     0.0000e+00  0.0000e+00     0.0000e+00  0.0000e+00     0.0000e+00  0.0000e+00 
5.3176e+01     0.0000e+00  0.0000e+00     0.0000e+00  0.0000e+00     0.0000e+00  0.0000e+00     0.0000e+00  0.0000e+00 
5.9665e+01     1.4591e-07  8.0014e-08     8.7057e-06  4.7741e-06     1.8531e-05  1.0166e-05     1.1056e-03  6.0658e-04 
6.6945e+01     2.6008e-07  2.4939e-07     1.7411e-05  1.6696e-05     3.7061e-05  3.5543e-05     2.4811e-03  2.3794e-03 
7.5114e+01     0.0000e+00  0.0000e+00     0.0000e+00  0.0000e+00     0.0000e+00  0.0000e+00     0.0000e+00  0.0000e+00 
8.4279e+01     0.0000e+00  0.0000e+00     0.0000e+00  0.0000e+00     0.0000e+00  0.0000e+00     0.0000e+00  0.0000e+00 
9.4563e+01     0.0000e+00  0.0000e+00     0.0000e+00  0.0000e+00     0.0000e+00  0.0000e+00     0.0000e+00  0.0000e+00 
1.0610e+02     8.2051e-08  8.2053e-09     8.7057e-06  8.7059e-07     1.8531e-05  1.8778e-06     1.9661e-03  1.9923e-04 
1.1905e+02     7.3128e-08  8.0815e-08     8.7057e-06  9.6208e-06     1.8531e-05  2.0481e-05     2.2060e-03  2.4382e-03 
1.3357e+02     1.3035e-07  7.7092e-08     1.7411e-05  1.0297e-05     3.7061e-05  2.1927e-05     4.9504e-03  2.9289e-03 
1.4987e+02     5.8088e-08  9.5164e-08     8.7057e-06  1.4262e-05     1.8531e-05  3.0360e-05     2.7772e-03  4.5501e-03 
1.6816e+02     5.1771e-08  3.9447e-08     8.7057e-06  6.6334e-06     1.8531e-05  1.4123e-05     3.1161e-03  2.3749e-03 
1.8868e+02     1.3842e-07  5.3833e-07     2.6117e-05  1.0157e-04     5.5592e-05  2.1620e-04     1.0489e-02  4.0792e-02 
2.1170e+02     0.0000e+00  0.0000e+00     0.0000e+00  0.0000e+00     0.0000e+00  0.0000e+00     0.0000e+00  0.0000e+00 
2.3753e+02     3.6651e-08  2.1422e-08     8.7057e-06  5.0883e-06     1.8531e-05  1.0835e-05     4.4016e-03  2.5737e-03 
2.6651e+02     6.5330e-08  4.9087e-08     1.7411e-05  1.3082e-05     3.7061e-05  2.7853e-05     9.8773e-03  7.4233e-03 
2.9903e+02     2.9113e-08  1.4601e-07     8.7057e-06  4.3663e-05     1.8531e-05  9.2940e-05     5.5413e-03  2.7792e-02 
3.3552e+02     2.5947e-08  8.8444e-08     8.7057e-06  2.9675e-05     1.8531e-05  6.3166e-05     6.2174e-03  2.1193e-02 
3.7646e+02     0.0000e+00  0.0000e+00     0.0000e+00  0.0000e+00     0.0000e+00  0.0000e+00     0.0000e+00  0.0000e+00 
4.2240e+02     0.0000e+00  0.0000e+00     0.0000e+00  0.0000e+00     0.0000e+00  0.0000e+00     0.0000e+00  0.0000e+00 
4.7394e+02     0.0000e+00  0.0000e+00     0.0000e+00  0.0000e+00     0.0000e+00  0.0000e+00     0.0000e+00  0.0000e+00 
5.3176e+02     0.0000e+00  0.0000e+00     0.0000e+00  0.0000e+00     0.0000e+00  0.0000e+00     0.0000e+00  0.0000e+00 
5.9665e+02     1.4591e-08  1.7139e-07     8.7057e-06  1.0226e-04     1.8531e-05  2.1767e-04     1.1056e-02  1.2987e-01 
6.6945e+02     0.0000e+00  0.0000e+00     0.0000e+00  0.0000e+00     0.0000e+00  0.0000e+00     0.0000e+00  0.0000e+00 
7.5114e+02     0.0000e+00  0.0000e+00     0.0000e+00  0.0000e+00     0.0000e+00  0.0000e+00     0.0000e+00  0.0000e+00 
8.4279e+02     1.0330e-08  6.9114e-09     8.7057e-06  5.8249e-06     1.8531e-05  1.2402e-05     1.5617e-02  1.0453e-02 
9.4563e+02     0.0000e+00  0.0000e+00     0.0000e+00  0.0000e+00     0.0000e+00  0.0000e+00     0.0000e+00  0.0000e+00 
1.0610e+03     0.0000e+00  0.0000e+00     0.0000e+00  0.0000e+00     0.0000e+00  0.0000e+00     0.0000e+00  0.0000e+00 
1.1905e+03     0.0000e+00  0.0000e+00     0.0000e+00  0.0000e+00     0.0000e+00  0.0000e+00     0.0000e+00  0.0000e+00 
1.3357e+03     0.0000e+00  0.0000e+00     0.0000e+00  0.0000e+00     0.0000e+00  0.0000e+00     0.0000e+00  0.0000e+00 
1.4987e+03     0.0000e+00  0.0000e+00     0.0000e+00  0.0000e+00     0.0000e+00  0.0000e+00     0.0000e+00  0.0000e+00 
1.6816e+03     0.0000e+00  0.0000e+00     0.0000e+00  0.0000e+00     0.0000e+00  0.0000e+00     0.0000e+00  0.0000e+00 
1.8868e+03     0.0000e+00  0.0000e+00     0.0000e+00  0.0000e+00     0.0000e+00  0.0000e+00     0.0000e+00  0.0000e+00 
2.1170e+03     0.0000e+00  0.0000e+00     0.0000e+00  0.0000e+00     0.0000e+00  0.0000e+00     0.0000e+00  0.0000e+00 
2.3753e+03     0.0000e+00  0.0000e+00     0.0000e+00  0.0000e+00     0.0000e+00  0.0000e+00     0.0000e+00  0.0000e+00 
2.6651e+03     0.0000e+00  0.0000e+00     0.0000e+00  0.0000e+00     0.0000e+00  0.0000e+00     0.0000e+00  0.0000e+00 
2.9903e+03     0.0000e+00  0.0000e+00     0.0000e+00  0.0000e+00     0.0000e+00  0.0000e+00     0.0000e+00  0.0000e+00 
3.3552e+03     0.0000e+00  0.0000e+00     0.0000e+00  0.0000e+00     0.0000e+00  0.0000e+00     0.0000e+00  0.0000e+00 
3.7646e+03     0.0000e+00  0.0000e+00     0.0000e+00  0.0000e+00     0.0000e+00  0.0000e+00     0.0000e+00  0.0000e+00 
4.2240e+03     0.0000e+00  0.0000e+00     0.0000e+00  0.0000e+00     0.0000e+00  0.0000e+00     0.0000e+00  0.0000e+00 
4.7394e+03     0.0000e+00  0.0000e+00     0.0000e+00  0.0000e+00     0.0000e+00  0.0000e+00     0.0000e+00  0.0000e+00 
5.3176e+03     0.0000e+00  0.0000e+00     0.0000e+00  0.0000e+00     0.0000e+00  0.0000e+00     0.0000e+00  0.0000e+00 
5.9665e+03     0.0000e+00  0.0000e+00     0.0000e+00  0.0000e+00     0.0000e+00  0.0000e+00     0.0000e+00  0.0000e+00 
6.6945e+03     0.0000e+00  0.0000e+00     0.0000e+00  0.0000e+00     0.0000e+00  0.0000e+00     0.0000e+00  0.0000e+00 
7.5114e+03     0.0000e+00  0.0000e+00     0.0000e+00  0.0000e+00     0.0000e+00  0.0000e+00     0.0000e+00  0.0000e+00 
8.4279e+03     0.0000e+00  0.0000e+00     0.0000e+00  0.0000e+00     0.0000e+00  0.0000e+00     0.0000e+00  0.0000e+00 
9.4563e+03     0.0000e+00  0.0000e+00     0.0000e+00  0.0000e+00     0.0000e+00  0.0000e+00     0.0000e+00  0.0000e+00 
