yF = 5.4298e-01 (std: 1.3519e-03) keV/um
yD = 3.0290e+00 (std: 4.6134e-01) keV/um
y (keV/um)     f(y)(std)                  yf(y)(std)                 d(y)(std)                  yd(y)(std)  
1.0610e-03     0.0000e+00  0.0000e+00     0.0000e+00  0.0000e+00     0.0000e+00  0.0000e+00     0.0000e+00  0.0000e+00 
1.1905e-03     0.0000e+00  0.0000e+00     0.0000e+00  0.0000e+00     0.0000e+00  0.0000e+00     0.0000e+00  0.0000e+00 
1.3357e-03     0.0000e+00  0.0000e+00     0.0000e+00  0.0000e+00     0.0000e+00  0.0000e+00     0.0000e+00  0.0000e+00 
1.4987e-03     3.4855e-02  7.9365e-02     5.2238e-05  1.1895e-04     9.6207e-05  2.1906e-04     1.4419e-07  3.2831e-07 
1.6816e-03     5.1775e-02  2.0647e-02     8.7063e-05  3.4720e-05     1.6034e-04  6.3945e-05     2.6963e-07  1.0753e-07 
1.8868e-03     3.6915e-02  1.7168e-02     6.9651e-05  3.2393e-05     1.2828e-04  5.9658e-05     2.4203e-07  1.1256e-07 
2.1170e-03     2.4676e-02  1.0548e-02     5.2238e-05  2.2330e-05     9.6207e-05  4.1125e-05     2.0367e-07  8.7061e-08 
2.3753e-03     2.9323e-02  1.0679e-02     6.9651e-05  2.5365e-05     1.2828e-04  4.6716e-05     3.0469e-07  1.1096e-07 
2.6651e-03     9.8003e-03  5.5673e-03     2.6119e-05  1.4838e-05     4.8103e-05  2.7327e-05     1.2820e-07  7.2829e-08 
2.9903e-03     2.3292e-02  1.0517e-02     6.9651e-05  3.1449e-05     1.2828e-04  5.7921e-05     3.8359e-07  1.7320e-07 
3.3552e-03     3.6328e-02  9.5046e-03     1.2189e-04  3.1890e-05     2.2448e-04  5.8734e-05     7.5318e-07  1.9707e-07 
3.7646e-03     3.0065e-02  9.4090e-03     1.1318e-04  3.5421e-05     2.0845e-04  6.5237e-05     7.8472e-07  2.4559e-07 
4.2240e-03     1.8551e-02  1.1528e-02     7.8357e-05  4.8695e-05     1.4431e-04  8.9683e-05     6.0956e-07  3.7882e-07 
4.7394e-03     2.5718e-02  1.7438e-02     1.2189e-04  8.2644e-05     2.2448e-04  1.5221e-04     1.0639e-06  7.2136e-07 
5.3176e-03     3.2745e-02  1.2542e-02     1.7413e-04  6.6695e-05     3.2069e-04  1.2283e-04     1.7053e-06  6.5319e-07 
5.9665e-03     3.2103e-02  1.1300e-02     1.9154e-04  6.7423e-05     3.5276e-04  1.2418e-04     2.1047e-06  7.4090e-07 
6.6945e-03     3.5114e-02  2.1909e-02     2.3507e-04  1.4667e-04     4.3293e-04  2.7012e-04     2.8983e-06  1.8084e-06 
7.5114e-03     4.5204e-02  1.2125e-02     3.3955e-04  9.1076e-05     6.2534e-04  1.6774e-04     4.6972e-06  1.2600e-06 
8.4279e-03     4.1322e-02  9.6182e-03     3.4825e-04  8.1061e-05     6.4138e-04  1.4930e-04     5.4055e-06  1.2583e-06 
9.4563e-03     6.0766e-02  2.2921e-02     5.7462e-04  2.1675e-04     1.0583e-03  3.9919e-04     1.0007e-05  3.7749e-06 
1.0610e-02     4.9234e-02  6.2632e-03     5.2238e-04  6.6453e-05     9.6207e-04  1.2241e-04     1.0208e-05  1.2988e-06 
1.1905e-02     5.4119e-02  1.3002e-02     6.4427e-04  1.5479e-04     1.1866e-03  2.8509e-04     1.4126e-05  3.3939e-06 
1.3357e-02     6.2573e-02  1.5120e-02     8.3581e-04  2.0196e-04     1.5393e-03  3.7197e-04     2.0561e-05  4.9686e-06 
1.4987e-02     7.7262e-02  1.2192e-02     1.1579e-03  1.8272e-04     2.1326e-03  3.3657e-04     3.1961e-05  5.0442e-06 
1.6816e-02     9.3194e-02  1.8228e-02     1.5671e-03  3.0652e-04     2.8862e-03  5.6456e-04     4.8534e-05  9.4935e-06 
1.8868e-02     1.0106e-01  1.2025e-02     1.9067e-03  2.2689e-04     3.5115e-03  4.1795e-04     6.6255e-05  7.8858e-06 
2.1170e-02     1.1186e-01  2.0036e-02     2.3681e-03  4.2416e-04     4.3614e-03  7.8125e-04     9.2330e-05  1.6539e-05 
2.3753e-02     1.1509e-01  8.4441e-03     2.7338e-03  2.0057e-04     5.0348e-03  3.6961e-04     1.1959e-04  8.7793e-06 
2.6651e-02     1.4733e-01  8.8626e-03     3.9266e-03  2.3620e-04     7.2315e-03  4.3538e-04     1.9273e-04  1.1604e-05 
2.9903e-02     1.5431e-01  9.7647e-03     4.6144e-03  2.9200e-04     8.4983e-03  5.3818e-04     2.5413e-04  1.6093e-05 
3.3552e-02     1.7048e-01  1.0586e-02     5.7201e-03  3.5518e-04     1.0535e-02  6.5466e-04     3.5346e-04  2.1965e-05 
3.7646e-02     2.0097e-01  9.9651e-03     7.5658e-03  3.7515e-04     1.3934e-02  6.9177e-04     5.2456e-04  2.6043e-05 
4.2240e-02     2.1663e-01  7.9835e-03     9.1504e-03  3.3722e-04     1.6852e-02  6.2247e-04     7.1183e-04  2.6293e-05 
4.7394e-02     2.2761e-01  8.5027e-03     1.0787e-02  4.0297e-04     1.9867e-02  7.4380e-04     9.4155e-04  3.5251e-05 
5.3176e-02     2.5689e-01  8.1777e-03     1.3660e-02  4.3486e-04     2.5158e-02  8.0333e-04     1.3378e-03  4.2718e-05 
5.9665e-02     2.8878e-01  9.3087e-03     1.7230e-02  5.5541e-04     3.1732e-02  1.0259e-03     1.8933e-03  6.1212e-05 
6.6945e-02     3.2084e-01  8.6168e-03     2.1479e-02  5.7685e-04     3.9557e-02  1.0669e-03     2.6482e-03  7.1427e-05 
7.5114e-02     3.6106e-01  6.4277e-03     2.7120e-02  4.8281e-04     4.9947e-02  8.9784e-04     3.7517e-03  6.7440e-05 
8.4279e-02     3.8811e-01  1.1682e-02     3.2710e-02  9.8454e-04     6.0241e-02  1.8194e-03     5.0771e-03  1.5334e-04 
9.4563e-02     4.2674e-01  1.9614e-02     4.0354e-02  1.8548e-03     7.4320e-02  3.4209e-03     7.0279e-03  3.2349e-04 
1.0610e-01     4.5369e-01  1.0737e-02     4.8137e-02  1.1392e-03     8.8655e-02  2.1097e-03     9.4063e-03  2.2384e-04 
1.1905e-01     5.1442e-01  3.6143e-03     6.1240e-02  4.3027e-04     1.1279e-01  8.4071e-04     1.3427e-02  1.0008e-04 
1.3357e-01     5.7632e-01  5.9891e-03     7.6982e-02  7.9999e-04     1.4178e-01  1.5150e-03     1.8938e-02  2.0237e-04 
1.4987e-01     6.3884e-01  1.3346e-02     9.5744e-02  2.0001e-03     1.7633e-01  3.7097e-03     2.6427e-02  5.5598e-04 
1.6816e-01     7.0388e-01  7.6901e-03     1.1836e-01  1.2932e-03     2.1799e-01  2.4427e-03     3.6657e-02  4.1076e-04 
1.8868e-01     7.7555e-01  9.8122e-03     1.4633e-01  1.8513e-03     2.6949e-01  3.4750e-03     5.0847e-02  6.5565e-04 
2.1170e-01     8.7088e-01  1.2728e-02     1.8437e-01  2.6945e-03     3.3955e-01  5.0339e-03     7.1882e-02  1.0657e-03 
2.3753e-01     9.7942e-01  5.9489e-03     2.3264e-01  1.4130e-03     4.2846e-01  2.8125e-03     1.0177e-01  6.6806e-04 
2.6651e-01     1.0936e+00  1.0704e-02     2.9145e-01  2.8528e-03     5.3677e-01  5.4212e-03     1.4306e-01  1.4448e-03 
2.9903e-01     1.2408e+00  1.4487e-02     3.7103e-01  4.3322e-03     6.8332e-01  8.1579e-03     2.0434e-01  2.4395e-03 
3.3552e-01     1.4031e+00  1.1834e-02     4.7075e-01  3.9705e-03     8.6698e-01  7.6244e-03     2.9089e-01  2.5581e-03 
3.7646e-01     1.6114e+00  4.2690e-03     6.0661e-01  1.6071e-03     1.1172e+00  4.0617e-03     4.2058e-01  1.5291e-03 
4.2240e-01     1.8515e+00  8.7280e-03     7.8205e-01  3.6867e-03     1.4403e+00  7.6785e-03     6.0837e-01  3.2434e-03 
4.7394e-01     2.0355e+00  7.9738e-03     9.6467e-01  3.7791e-03     1.7766e+00  8.2466e-03     8.4201e-01  3.9083e-03 
5.3176e-01     1.8914e+00  1.7159e-02     1.0058e+00  9.1247e-03     1.8523e+00  1.7426e-02     9.8500e-01  9.2666e-03 
5.9665e-01     1.4306e+00  6.3094e-03     8.5357e-01  3.7645e-03     1.5720e+00  7.9615e-03     9.3794e-01  4.7502e-03 
6.6945e-01     9.2732e-01  5.7901e-03     6.2080e-01  3.8762e-03     1.1433e+00  7.6853e-03     7.6540e-01  5.1450e-03 
7.5114e-01     5.7265e-01  3.7535e-03     4.3014e-01  2.8194e-03     7.9218e-01  5.5544e-03     5.9504e-01  4.1721e-03 
8.4279e-01     3.5520e-01  3.7773e-03     2.9936e-01  3.1835e-03     5.5133e-01  6.0215e-03     4.6465e-01  5.0749e-03 
9.4563e-01     2.3065e-01  2.7698e-03     2.1811e-01  2.6192e-03     4.0170e-01  4.9263e-03     3.7985e-01  4.6584e-03 
1.0610e+00     1.4956e-01  1.9349e-03     1.5868e-01  2.0530e-03     2.9224e-01  3.8503e-03     3.1007e-01  4.0852e-03 
1.1905e+00     1.0060e-01  1.2731e-03     1.1976e-01  1.5156e-03     2.2057e-01  2.8448e-03     2.6258e-01  3.3866e-03 
1.3357e+00     6.8420e-02  5.1166e-04     9.1391e-02  6.8344e-04     1.6831e-01  1.3266e-03     2.2482e-01  1.7720e-03 
1.4987e+00     4.6898e-02  9.1289e-04     7.0286e-02  1.3682e-03     1.2945e-01  2.5403e-03     1.9400e-01  3.8071e-03 
1.6816e+00     3.2038e-02  4.5277e-04     5.3875e-02  7.6137e-04     9.9221e-02  1.4238e-03     1.6685e-01  2.3943e-03 
1.8868e+00     2.1392e-02  2.0467e-04     4.0363e-02  3.8617e-04     7.4336e-02  7.3490e-04     1.4025e-01  1.3866e-03 
2.1170e+00     1.3391e-02  5.4414e-04     2.8348e-02  1.1520e-03     5.2208e-02  2.1255e-03     1.1052e-01  4.4997e-03 
2.3753e+00     8.7272e-03  4.4760e-04     2.0730e-02  1.0632e-03     3.8178e-02  1.9604e-03     9.0684e-02  4.6565e-03 
2.6651e+00     4.6323e-03  1.3875e-04     1.2346e-02  3.6979e-04     2.2737e-02  6.8339e-04     6.0597e-02  1.8213e-03 
2.9903e+00     2.3787e-03  8.8880e-05     7.1131e-03  2.6578e-04     1.3100e-02  4.9057e-04     3.9174e-02  1.4670e-03 
3.3552e+00     9.5232e-04  7.8407e-05     3.1952e-03  2.6307e-04     5.8846e-03  4.8472e-04     1.9744e-02  1.6263e-03 
3.7646e+00     3.8853e-04  4.0421e-05     1.4627e-03  1.5217e-04     2.6938e-03  2.8033e-04     1.0141e-02  1.0553e-03 
4.2240e+00     1.2367e-04  2.9015e-05     5.2238e-04  1.2256e-04     9.6207e-04  2.2572e-04     4.0637e-03  9.5345e-04 
4.7394e+00     4.4089e-05  2.2550e-05     2.0895e-04  1.0687e-04     3.8483e-04  1.9683e-04     1.8238e-03  9.3285e-04 
5.3176e+00     8.1863e-06  7.9347e-06     4.3532e-05  4.2194e-05     8.0172e-05  7.7709e-05     4.2633e-04  4.1323e-04 
5.9665e+00     1.4592e-06  1.0990e-06     8.7063e-06  6.5570e-06     1.6034e-05  1.2076e-05     9.5670e-05  7.2052e-05 
6.6945e+00     2.6010e-06  1.6622e-06     1.7413e-05  1.1127e-05     3.2069e-05  2.0493e-05     2.1469e-04  1.3719e-04 
7.5114e+00     0.0000e+00  0.0000e+00     0.0000e+00  0.0000e+00     0.0000e+00  0.0000e+00     0.0000e+00  0.0000e+00 
8.4279e+00     1.0330e-06  5.9466e-07     8.7063e-06  5.0117e-06     1.6034e-05  9.2302e-06     1.3514e-04  7.7791e-05 
9.4563e+00     0.0000e+00  0.0000e+00     0.0000e+00  0.0000e+00     0.0000e+00  0.0000e+00     0.0000e+00  0.0000e+00 
1.0610e+01     0.0000e+00  0.0000e+00     0.0000e+00  0.0000e+00     0.0000e+00  0.0000e+00     0.0000e+00  0.0000e+00 
1.1905e+01     7.3134e-07  2.4252e-07     8.7063e-06  2.8871e-06     1.6034e-05  5.3173e-06     1.9089e-04  6.3301e-05 
1.3357e+01     6.5180e-07  2.3497e-07     8.7063e-06  3.1386e-06     1.6034e-05  5.7804e-06     2.1418e-04  7.7211e-05 
1.4987e+01     0.0000e+00  0.0000e+00     0.0000e+00  0.0000e+00     0.0000e+00  0.0000e+00     0.0000e+00  0.0000e+00 
1.6816e+01     5.1775e-07  3.6785e-07     8.7063e-06  6.1857e-06     1.6034e-05  1.1392e-05     2.6963e-04  1.9157e-04 
1.8868e+01     4.6144e-07  1.0318e-07     8.7063e-06  1.9467e-06     1.6034e-05  3.5855e-06     3.0253e-04  6.7649e-05 
2.1170e+01     0.0000e+00  0.0000e+00     0.0000e+00  0.0000e+00     0.0000e+00  0.0000e+00     0.0000e+00  0.0000e+00 
2.3753e+01     0.0000e+00  0.0000e+00     0.0000e+00  0.0000e+00     0.0000e+00  0.0000e+00     0.0000e+00  0.0000e+00 
2.6651e+01     0.0000e+00  0.0000e+00     0.0000e+00  0.0000e+00     0.0000e+00  0.0000e+00     0.0000e+00  0.0000e+00 
2.9903e+01     0.0000e+00  0.0000e+00     0.0000e+00  0.0000e+00     0.0000e+00  0.0000e+00     0.0000e+00  0.0000e+00 
3.3552e+01     5.1898e-07  2.6607e-07     1.7413e-05  8.9273e-06     3.2069e-05  1.6442e-05     1.0760e-03  5.5165e-04 
3.7646e+01     0.0000e+00  0.0000e+00     0.0000e+00  0.0000e+00     0.0000e+00  0.0000e+00     0.0000e+00  0.0000e+00 
4.2240e+01     2.0612e-07  2.3415e-07     8.7063e-06  9.8905e-06     1.6034e-05  1.8215e-05     6.7729e-04  7.6941e-04 
4.7394e+01     5.5111e-07  3.2146e-07     2.6119e-05  1.5235e-05     4.8103e-05  2.8058e-05     2.2798e-03  1.3298e-03 
5.3176e+01     0.0000e+00  0.0000e+00     0.0000e+00  0.0000e+00     0.0000e+00  0.0000e+00     0.0000e+00  0.0000e+00 
5.9665e+01     0.0000e+00  0.0000e+00     0.0000e+00  0.0000e+00     0.0000e+00  0.0000e+00     0.0000e+00  0.0000e+00 
6.6945e+01     0.0000e+00  0.0000e+00     0.0000e+00  0.0000e+00     0.0000e+00  0.0000e+00     0.0000e+00  0.0000e+00 
7.5114e+01     1.1591e-07  1.8990e-07     8.7063e-06  1.4264e-05     1.6034e-05  2.6270e-05     1.2044e-03  1.9732e-03 
8.4279e+01     0.0000e+00  0.0000e+00     0.0000e+00  0.0000e+00     0.0000e+00  0.0000e+00     0.0000e+00  0.0000e+00 
9.4563e+01     0.0000e+00  0.0000e+00     0.0000e+00  0.0000e+00     0.0000e+00  0.0000e+00     0.0000e+00  0.0000e+00 
1.0610e+02     8.2057e-08  2.7211e-08     8.7063e-06  2.8871e-06     1.6034e-05  5.3173e-06     1.7013e-03  5.6417e-04 
1.1905e+02     7.3134e-08  8.3081e-08     8.7063e-06  9.8905e-06     1.6034e-05  1.8215e-05     1.9089e-03  2.1685e-03 
1.3357e+02     6.5180e-08  5.9807e-08     8.7063e-06  7.9886e-06     1.6034e-05  1.4713e-05     2.1418e-03  1.9652e-03 
1.4987e+02     0.0000e+00  0.0000e+00     0.0000e+00  0.0000e+00     0.0000e+00  0.0000e+00     0.0000e+00  0.0000e+00 
1.6816e+02     1.0355e-07  6.1525e-08     1.7413e-05  1.0346e-05     3.2069e-05  1.9054e-05     5.3927e-03  3.2041e-03 
1.8868e+02     4.6144e-08  3.6434e-08     8.7063e-06  6.8743e-06     1.6034e-05  1.2660e-05     3.0253e-03  2.3887e-03 
2.1170e+02     4.1126e-08  2.2553e-08     8.7063e-06  4.7745e-06     1.6034e-05  8.7933e-06     3.3945e-03  1.8615e-03 
2.3753e+02     7.3307e-08  5.9357e-08     1.7413e-05  1.4099e-05     3.2069e-05  2.5967e-05     7.6173e-03  6.1679e-03 
2.6651e+02     3.2668e-08  8.0013e-09     8.7063e-06  2.1325e-06     1.6034e-05  3.9275e-06     4.2734e-03  1.0467e-03 
2.9903e+02     5.8230e-08  3.4711e-08     1.7413e-05  1.0380e-05     3.2069e-05  1.9116e-05     9.5897e-03  5.7164e-03 
3.3552e+02     0.0000e+00  0.0000e+00     0.0000e+00  0.0000e+00     0.0000e+00  0.0000e+00     0.0000e+00  0.0000e+00 
3.7646e+02     2.3127e-08  1.4316e-08     8.7063e-06  5.3896e-06     1.6034e-05  9.9261e-06     6.0363e-03  3.7368e-03 
4.2240e+02     2.0612e-08  8.2434e-09     8.7063e-06  3.4820e-06     1.6034e-05  6.4129e-06     6.7729e-03  2.7088e-03 
4.7394e+02     0.0000e+00  0.0000e+00     0.0000e+00  0.0000e+00     0.0000e+00  0.0000e+00     0.0000e+00  0.0000e+00 
5.3176e+02     0.0000e+00  0.0000e+00     0.0000e+00  0.0000e+00     0.0000e+00  0.0000e+00     0.0000e+00  0.0000e+00 
5.9665e+02     1.4592e-08  6.6870e-09     8.7063e-06  3.9898e-06     1.6034e-05  7.3482e-06     9.5670e-03  4.3843e-03 
6.6945e+02     0.0000e+00  0.0000e+00     0.0000e+00  0.0000e+00     0.0000e+00  0.0000e+00     0.0000e+00  0.0000e+00 
7.5114e+02     0.0000e+00  0.0000e+00     0.0000e+00  0.0000e+00     0.0000e+00  0.0000e+00     0.0000e+00  0.0000e+00 
8.4279e+02     0.0000e+00  0.0000e+00     0.0000e+00  0.0000e+00     0.0000e+00  0.0000e+00     0.0000e+00  0.0000e+00 
9.4563e+02     0.0000e+00  0.0000e+00     0.0000e+00  0.0000e+00     0.0000e+00  0.0000e+00     0.0000e+00  0.0000e+00 
1.0610e+03     0.0000e+00  0.0000e+00     0.0000e+00  0.0000e+00     0.0000e+00  0.0000e+00     0.0000e+00  0.0000e+00 
1.1905e+03     0.0000e+00  0.0000e+00     0.0000e+00  0.0000e+00     0.0000e+00  0.0000e+00     0.0000e+00  0.0000e+00 
1.3357e+03     0.0000e+00  0.0000e+00     0.0000e+00  0.0000e+00     0.0000e+00  0.0000e+00     0.0000e+00  0.0000e+00 
1.4987e+03     0.0000e+00  0.0000e+00     0.0000e+00  0.0000e+00     0.0000e+00  0.0000e+00     0.0000e+00  0.0000e+00 
1.6816e+03     0.0000e+00  0.0000e+00     0.0000e+00  0.0000e+00     0.0000e+00  0.0000e+00     0.0000e+00  0.0000e+00 
1.8868e+03     0.0000e+00  0.0000e+00     0.0000e+00  0.0000e+00     0.0000e+00  0.0000e+00     0.0000e+00  0.0000e+00 
2.1170e+03     0.0000e+00  0.0000e+00     0.0000e+00  0.0000e+00     0.0000e+00  0.0000e+00     0.0000e+00  0.0000e+00 
2.3753e+03     0.0000e+00  0.0000e+00     0.0000e+00  0.0000e+00     0.0000e+00  0.0000e+00     0.0000e+00  0.0000e+00 
2.6651e+03     0.0000e+00  0.0000e+00     0.0000e+00  0.0000e+00     0.0000e+00  0.0000e+00     0.0000e+00  0.0000e+00 
2.9903e+03     0.0000e+00  0.0000e+00     0.0000e+00  0.0000e+00     0.0000e+00  0.0000e+00     0.0000e+00  0.0000e+00 
3.3552e+03     0.0000e+00  0.0000e+00     0.0000e+00  0.0000e+00     0.0000e+00  0.0000e+00     0.0000e+00  0.0000e+00 
3.7646e+03     0.0000e+00  0.0000e+00     0.0000e+00  0.0000e+00     0.0000e+00  0.0000e+00     0.0000e+00  0.0000e+00 
4.2240e+03     0.0000e+00  0.0000e+00     0.0000e+00  0.0000e+00     0.0000e+00  0.0000e+00     0.0000e+00  0.0000e+00 
4.7394e+03     0.0000e+00  0.0000e+00     0.0000e+00  0.0000e+00     0.0000e+00  0.0000e+00     0.0000e+00  0.0000e+00 
5.3176e+03     0.0000e+00  0.0000e+00     0.0000e+00  0.0000e+00     0.0000e+00  0.0000e+00     0.0000e+00  0.0000e+00 
5.9665e+03     0.0000e+00  0.0000e+00     0.0000e+00  0.0000e+00     0.0000e+00  0.0000e+00     0.0000e+00  0.0000e+00 
6.6945e+03     0.0000e+00  0.0000e+00     0.0000e+00  0.0000e+00     0.0000e+00  0.0000e+00     0.0000e+00  0.0000e+00 
7.5114e+03     0.0000e+00  0.0000e+00     0.0000e+00  0.0000e+00     0.0000e+00  0.0000e+00     0.0000e+00  0.0000e+00 
8.4279e+03     0.0000e+00  0.0000e+00     0.0000e+00  0.0000e+00     0.0000e+00  0.0000e+00     0.0000e+00  0.0000e+00 
9.4563e+03     0.0000e+00  0.0000e+00     0.0000e+00  0.0000e+00     0.0000e+00  0.0000e+00     0.0000e+00  0.0000e+00 
