yF = 5.0484e-01 (std: 2.6580e-03) keV/um
yD = 3.6706e+00 (std: 1.5864e+00) keV/um
y (keV/um)     f(y)(std)                  yf(y)(std)                 d(y)(std)                  yd(y)(std)  
1.0610e-03     0.0000e+00  0.0000e+00     0.0000e+00  0.0000e+00     0.0000e+00  0.0000e+00     0.0000e+00  0.0000e+00 
1.1905e-03     0.0000e+00  0.0000e+00     0.0000e+00  0.0000e+00     0.0000e+00  0.0000e+00     0.0000e+00  0.0000e+00 
1.3357e-03     1.3035e-02  1.6733e-02     1.7412e-05  2.2351e-05     3.4490e-05  4.4273e-05     4.6069e-08  5.9137e-08 
1.4987e-03     6.3898e-02  2.4500e-02     9.5765e-05  3.6718e-05     1.8969e-04  7.2740e-05     2.8430e-07  1.0902e-07 
1.6816e-03     3.1063e-02  1.1533e-02     5.2235e-05  1.9394e-05     1.0347e-04  3.8420e-05     1.7399e-07  6.4607e-08 
1.8868e-03     5.0756e-02  4.6491e-02     9.5765e-05  8.7718e-05     1.8969e-04  1.7376e-04     3.5791e-07  3.2784e-07 
2.1170e-03     2.8787e-02  2.9906e-02     6.0941e-05  6.3311e-05     1.2071e-04  1.2541e-04     2.5555e-07  2.6549e-07 
2.3753e-03     2.9321e-02  1.1771e-02     6.9647e-05  2.7959e-05     1.3796e-04  5.5387e-05     3.2770e-07  1.3156e-07 
2.6651e-03     1.6333e-02  7.2058e-03     4.3529e-05  1.9204e-05     8.6225e-05  3.8044e-05     2.2980e-07  1.0139e-07 
2.9903e-03     3.2025e-02  9.2936e-03     9.5765e-05  2.7791e-05     1.8969e-04  5.5058e-05     5.6725e-07  1.6464e-07 
3.3552e-03     4.1516e-02  1.0688e-02     1.3929e-04  3.5860e-05     2.7592e-04  7.1048e-05     9.2577e-07  2.3838e-07 
3.7646e-03     3.9314e-02  2.1811e-02     1.4800e-04  8.2111e-05     2.9316e-04  1.6266e-04     1.1036e-06  6.1234e-07 
4.2240e-03     3.9160e-02  1.2886e-02     1.6541e-04  5.4429e-05     3.2765e-04  1.0783e-04     1.3840e-06  4.5546e-07 
4.7394e-03     2.9391e-02  1.1859e-02     1.3929e-04  5.6203e-05     2.7592e-04  1.1134e-04     1.3077e-06  5.2767e-07 
5.3176e-03     2.6195e-02  5.9420e-03     1.3929e-04  3.1597e-05     2.7592e-04  6.2606e-05     1.4672e-06  3.3292e-07 
5.9665e-03     2.3346e-02  1.0241e-02     1.3929e-04  6.1102e-05     2.7592e-04  1.2104e-04     1.6463e-06  7.2220e-07 
6.6945e-03     4.6816e-02  1.1810e-02     3.1341e-04  7.9062e-05     6.2082e-04  1.5664e-04     4.1561e-06  1.0487e-06 
7.5114e-03     5.0997e-02  2.8122e-02     3.8306e-04  2.1123e-04     7.5878e-04  4.1844e-04     5.6995e-06  3.1431e-06 
8.4279e-03     5.9913e-02  8.7349e-03     5.0494e-04  7.3617e-05     1.0002e-03  1.4592e-04     8.4296e-06  1.2298e-06 
9.4563e-03     5.7080e-02  5.9243e-03     5.3976e-04  5.6022e-05     1.0692e-03  1.1111e-04     1.0111e-05  1.0507e-06 
1.0610e-02     5.8257e-02  8.2549e-03     6.1812e-04  8.7585e-05     1.2244e-03  1.7361e-04     1.2991e-05  1.8420e-06 
1.1905e-02     7.3861e-02  8.7067e-03     8.7929e-04  1.0365e-04     1.7417e-03  2.0552e-04     2.0735e-05  2.4467e-06 
1.3357e-02     7.2998e-02  1.5143e-02     9.7506e-04  2.0227e-04     1.9314e-03  4.0079e-04     2.5799e-05  5.3534e-06 
1.4987e-02     9.0619e-02  1.1365e-02     1.3581e-03  1.7033e-04     2.6902e-03  3.3769e-04     4.0319e-05  5.0610e-06 
1.6816e-02     1.0613e-01  1.6248e-02     1.7847e-03  2.7322e-04     3.5352e-03  5.4152e-04     5.9448e-05  9.1062e-06 
1.8868e-02     1.1858e-01  1.2401e-02     2.2374e-03  2.3398e-04     4.4320e-03  4.6407e-04     8.3621e-05  8.7559e-06 
2.1170e-02     1.3077e-01  8.8612e-03     2.7685e-03  1.8759e-04     5.4839e-03  3.7271e-04     1.1609e-04  7.8902e-06 
2.3753e-02     1.4697e-01  2.0042e-02     3.4911e-03  4.7605e-04     6.9152e-03  9.4368e-04     1.6426e-04  2.2415e-05 
2.6651e-02     1.6104e-01  1.3404e-02     4.2920e-03  3.5725e-04     8.5018e-03  7.0906e-04     2.2658e-04  1.8897e-05 
2.9903e-02     1.7352e-01  1.9638e-02     5.1887e-03  5.8723e-04     1.0278e-02  1.1645e-03     3.0735e-04  3.4822e-05 
3.3552e-02     2.1796e-01  1.0304e-02     7.3129e-03  3.4573e-04     1.4486e-02  6.8907e-04     4.8603e-04  2.3120e-05 
3.7646e-02     2.2432e-01  1.1807e-02     8.4447e-03  4.4450e-04     1.6728e-02  8.8488e-04     6.2973e-04  3.3312e-05 
4.2240e-02     2.5166e-01  8.6192e-03     1.0630e-02  3.6407e-04     2.1056e-02  7.2964e-04     8.8940e-04  3.0820e-05 
4.7394e-02     2.7370e-01  1.9966e-02     1.2972e-02  9.4628e-04     2.5695e-02  1.8793e-03     1.2178e-03  8.9067e-05 
5.3176e-02     3.0435e-01  8.2933e-03     1.6184e-02  4.4101e-04     3.2058e-02  8.8972e-04     1.7047e-03  4.7312e-05 
5.9665e-02     3.3545e-01  1.3850e-02     2.0015e-02  8.2633e-04     3.9646e-02  1.6501e-03     2.3655e-03  9.8452e-05 
6.6945e-02     3.7115e-01  1.0519e-02     2.4847e-02  7.0423e-04     4.9217e-02  1.4188e-03     3.2948e-03  9.4983e-05 
7.5114e-02     4.0647e-01  8.1905e-03     3.0532e-02  6.1522e-04     6.0478e-02  1.2596e-03     4.5427e-03  9.4610e-05 
8.4279e-02     4.5183e-01  6.4160e-03     3.8080e-02  5.4074e-04     7.5429e-02  1.1424e-03     6.3571e-03  9.6277e-05 
9.4563e-02     4.9531e-01  1.1789e-02     4.6838e-02  1.1148e-03     9.2778e-02  2.2616e-03     8.7733e-03  2.1387e-04 
1.0610e-01     5.3876e-01  5.8448e-03     5.7163e-02  6.2014e-04     1.1323e-01  1.3654e-03     1.2014e-02  1.4487e-04 
1.1905e-01     5.9630e-01  7.7929e-03     7.0988e-02  9.2772e-04     1.4062e-01  1.9812e-03     1.6740e-02  2.3586e-04 
1.3357e-01     6.6533e-01  1.2347e-02     8.8870e-02  1.6492e-03     1.7604e-01  3.3958e-03     2.3514e-02  4.5358e-04 
1.4987e-01     7.3982e-01  1.3281e-02     1.1088e-01  1.9905e-03     2.1963e-01  4.1090e-03     3.2917e-02  6.1582e-04 
1.6816e-01     8.2022e-01  7.9064e-03     1.3793e-01  1.3295e-03     2.7321e-01  3.0008e-03     4.5943e-02  5.0461e-04 
1.8868e-01     9.0576e-01  1.7319e-02     1.7090e-01  3.2677e-03     3.3852e-01  6.7137e-03     6.3871e-02  1.2667e-03 
2.1170e-01     1.0214e+00  1.1577e-02     2.1623e-01  2.4509e-03     4.2831e-01  5.3530e-03     9.0674e-02  1.1332e-03 
2.3753e-01     1.1545e+00  5.4378e-03     2.7422e-01  1.2917e-03     5.4318e-01  3.8373e-03     1.2902e-01  9.1148e-04 
2.6651e-01     1.2998e+00  6.9865e-03     3.4642e-01  1.8620e-03     6.8619e-01  5.1630e-03     1.8288e-01  1.3760e-03 
2.9903e-01     1.4619e+00  5.0222e-03     4.3716e-01  1.5018e-03     8.6594e-01  5.4439e-03     2.5894e-01  1.6279e-03 
3.3552e-01     1.6749e+00  1.3325e-02     5.6196e-01  4.4708e-03     1.1132e+00  1.0620e-02     3.7349e-01  3.5631e-03 
3.7646e-01     1.9297e+00  9.9317e-03     7.2647e-01  3.7389e-03     1.4390e+00  1.0595e-02     5.4173e-01  3.9886e-03 
4.2240e-01     2.1719e+00  1.5072e-02     9.1740e-01  6.3665e-03     1.8172e+00  1.5830e-02     7.6759e-01  6.6864e-03 
4.7394e-01     2.1258e+00  7.4249e-03     1.0075e+00  3.5189e-03     1.9956e+00  1.2609e-02     9.4580e-01  5.9758e-03 
5.3176e-01     1.7030e+00  1.1816e-02     9.0559e-01  6.2833e-03     1.7938e+00  1.5624e-02     9.5390e-01  8.3082e-03 
5.9665e-01     1.1632e+00  3.4558e-03     6.9400e-01  2.0619e-03     1.3747e+00  8.3107e-03     8.2021e-01  4.9586e-03 
6.6945e-01     7.2016e-01  1.1329e-02     4.8211e-01  7.5840e-03     9.5499e-01  1.5842e-02     6.3932e-01  1.0605e-02 
7.5114e-01     4.4103e-01  1.8162e-03     3.3128e-01  1.3642e-03     6.5621e-01  4.3862e-03     4.9290e-01  3.2946e-03 
8.4279e-01     2.7965e-01  3.0531e-03     2.3569e-01  2.5731e-03     4.6686e-01  5.6587e-03     3.9346e-01  4.7691e-03 
9.4563e-01     1.8239e-01  1.5653e-03     1.7247e-01  1.4802e-03     3.4164e-01  3.4399e-03     3.2306e-01  3.2528e-03 
1.0610e+00     1.2228e-01  1.4806e-03     1.2973e-01  1.5710e-03     2.5698e-01  3.3933e-03     2.7266e-01  3.6003e-03 
1.1905e+00     8.1598e-02  1.5669e-03     9.7140e-02  1.8653e-03     1.9242e-01  3.8312e-03     2.2907e-01  4.5610e-03 
1.3357e+00     5.7955e-02  1.7017e-03     7.7413e-02  2.2730e-03     1.5334e-01  4.5742e-03     2.0482e-01  6.1099e-03 
1.4987e+00     4.0227e-02  6.1713e-04     6.0288e-02  9.2490e-04     1.1942e-01  1.9370e-03     1.7898e-01  2.9030e-03 
1.6816e+00     2.7284e-02  7.7789e-04     4.5880e-02  1.3081e-03     9.0881e-02  2.6349e-03     1.5282e-01  4.4309e-03 
1.8868e+00     1.7981e-02  2.6234e-04     3.3927e-02  4.9497e-04     6.7204e-02  1.0423e-03     1.2680e-01  1.9667e-03 
2.1170e+00     1.1523e-02  2.8305e-04     2.4394e-02  5.9921e-04     4.8320e-02  1.2139e-03     1.0229e-01  2.5698e-03 
2.3753e+00     7.0701e-03  1.8310e-04     1.6794e-02  4.3491e-04     3.3266e-02  8.7911e-04     7.9016e-02  2.0881e-03 
2.6651e+00     4.1322e-03  2.0937e-04     1.1013e-02  5.5801e-04     2.1815e-02  1.1113e-03     5.8140e-02  2.9617e-03 
2.9903e+00     2.0030e-03  1.7559e-04     5.9896e-03  5.2508e-04     1.1865e-02  1.0420e-03     3.5479e-02  3.1159e-03 
3.3552e+00     8.5626e-04  5.0790e-05     2.8729e-03  1.7041e-04     5.6908e-03  3.3889e-04     1.9094e-02  1.1370e-03 
3.7646e+00     3.4688e-04  9.4329e-05     1.3059e-03  3.5511e-04     2.5867e-03  7.0355e-04     9.7381e-03  2.6486e-03 
4.2240e+00     1.0099e-04  4.6857e-05     4.2659e-04  1.9792e-04     8.4500e-04  3.9208e-04     3.5693e-03  1.6561e-03 
4.7394e+00     4.0413e-05  2.3575e-05     1.9153e-04  1.1173e-04     3.7939e-04  2.2133e-04     1.7981e-03  1.0490e-03 
5.3176e+00     8.1858e-06  3.0944e-06     4.3529e-05  1.6455e-05     8.6225e-05  3.2598e-05     4.5851e-04  1.7335e-04 
5.9665e+00     1.4591e-06  7.5864e-07     8.7059e-06  4.5264e-06     1.7245e-05  8.9666e-06     1.0289e-04  5.3499e-05 
6.6945e+00     2.6009e-06  1.6291e-06     1.7412e-05  1.0906e-05     3.4490e-05  2.1603e-05     2.3089e-04  1.4462e-04 
7.5114e+00     0.0000e+00  0.0000e+00     0.0000e+00  0.0000e+00     0.0000e+00  0.0000e+00     0.0000e+00  0.0000e+00 
8.4279e+00     0.0000e+00  0.0000e+00     0.0000e+00  0.0000e+00     0.0000e+00  0.0000e+00     0.0000e+00  0.0000e+00 
9.4563e+00     9.2065e-07  1.0771e-06     8.7059e-06  1.0186e-05     1.7245e-05  2.0176e-05     1.6307e-04  1.9079e-04 
1.0610e+01     0.0000e+00  0.0000e+00     0.0000e+00  0.0000e+00     0.0000e+00  0.0000e+00     0.0000e+00  0.0000e+00 
1.1905e+01     1.4626e-06  3.9280e-07     1.7412e-05  4.6761e-06     3.4490e-05  9.2645e-06     4.1059e-04  1.1029e-04 
1.3357e+01     6.5177e-07  1.9326e-06     8.7059e-06  2.5814e-05     1.7245e-05  5.1133e-05     2.3035e-04  6.8300e-04 
1.4987e+01     0.0000e+00  0.0000e+00     0.0000e+00  0.0000e+00     0.0000e+00  0.0000e+00     0.0000e+00  0.0000e+00 
1.6816e+01     0.0000e+00  0.0000e+00     0.0000e+00  0.0000e+00     0.0000e+00  0.0000e+00     0.0000e+00  0.0000e+00 
1.8868e+01     4.6142e-07  1.7867e-07     8.7059e-06  3.3710e-06     1.7245e-05  6.6781e-06     3.2537e-04  1.2600e-04 
2.1170e+01     0.0000e+00  0.0000e+00     0.0000e+00  0.0000e+00     0.0000e+00  0.0000e+00     0.0000e+00  0.0000e+00 
2.3753e+01     0.0000e+00  0.0000e+00     0.0000e+00  0.0000e+00     0.0000e+00  0.0000e+00     0.0000e+00  0.0000e+00 
2.6651e+01     3.2666e-07  1.7913e-07     8.7059e-06  4.7741e-06     1.7245e-05  9.4571e-06     4.5960e-04  2.5204e-04 
2.9903e+01     5.8227e-07  2.7738e-07     1.7412e-05  8.2946e-06     3.4490e-05  1.6431e-05     1.0314e-03  4.9135e-04 
3.3552e+01     0.0000e+00  0.0000e+00     0.0000e+00  0.0000e+00     0.0000e+00  0.0000e+00     0.0000e+00  0.0000e+00 
3.7646e+01     0.0000e+00  0.0000e+00     0.0000e+00  0.0000e+00     0.0000e+00  0.0000e+00     0.0000e+00  0.0000e+00 
4.2240e+01     2.0611e-07  8.3214e-07     8.7059e-06  3.5149e-05     1.7245e-05  6.9625e-05     7.2842e-04  2.9409e-03 
4.7394e+01     0.0000e+00  0.0000e+00     0.0000e+00  0.0000e+00     0.0000e+00  0.0000e+00     0.0000e+00  0.0000e+00 
5.3176e+01     6.5487e-07  5.3060e-07     3.4824e-05  2.8215e-05     6.8980e-05  5.5892e-05     3.6681e-03  2.9721e-03 
5.9665e+01     1.4591e-07  6.8442e-08     8.7059e-06  4.0836e-06     1.7245e-05  8.0894e-06     1.0289e-03  4.8266e-04 
6.6945e+01     1.3004e-07  1.2132e-07     8.7059e-06  8.1217e-06     1.7245e-05  1.6088e-05     1.1545e-03  1.0770e-03 
7.5114e+01     1.1590e-07  5.7970e-08     8.7059e-06  4.3544e-06     1.7245e-05  8.6258e-06     1.2953e-03  6.4791e-04 
8.4279e+01     1.0330e-07  3.2659e-08     8.7059e-06  2.7525e-06     1.7245e-05  5.4530e-06     1.4534e-03  4.5957e-04 
9.4563e+01     0.0000e+00  0.0000e+00     0.0000e+00  0.0000e+00     0.0000e+00  0.0000e+00     0.0000e+00  0.0000e+00 
1.0610e+02     0.0000e+00  0.0000e+00     0.0000e+00  0.0000e+00     0.0000e+00  0.0000e+00     0.0000e+00  0.0000e+00 
1.1905e+02     1.4626e-07  8.4345e-08     1.7412e-05  1.0041e-05     3.4490e-05  1.9891e-05     4.1059e-03  2.3679e-03 
1.3357e+02     0.0000e+00  0.0000e+00     0.0000e+00  0.0000e+00     0.0000e+00  0.0000e+00     0.0000e+00  0.0000e+00 
1.4987e+02     0.0000e+00  0.0000e+00     0.0000e+00  0.0000e+00     0.0000e+00  0.0000e+00     0.0000e+00  0.0000e+00 
1.6816e+02     1.0354e-07  3.3470e-07     1.7412e-05  5.6283e-05     3.4490e-05  1.1149e-04     5.7998e-03  1.8747e-02 
1.8868e+02     9.2283e-08  1.7125e-07     1.7412e-05  3.2312e-05     3.4490e-05  6.4004e-05     6.5075e-03  1.2076e-02 
2.1170e+02     0.0000e+00  0.0000e+00     0.0000e+00  0.0000e+00     0.0000e+00  0.0000e+00     0.0000e+00  0.0000e+00 
2.3753e+02     7.3303e-08  4.2273e-08     1.7412e-05  1.0041e-05     3.4490e-05  1.9891e-05     8.1924e-03  4.7246e-03 
2.6651e+02     3.2666e-08  4.8155e-08     8.7059e-06  1.2834e-05     1.7245e-05  2.5422e-05     4.5960e-03  6.7754e-03 
2.9903e+02     0.0000e+00  0.0000e+00     0.0000e+00  0.0000e+00     0.0000e+00  0.0000e+00     0.0000e+00  0.0000e+00 
3.3552e+02     2.5947e-08  1.0047e-08     8.7059e-06  3.3710e-06     1.7245e-05  6.6781e-06     5.7860e-03  2.2406e-03 
3.7646e+02     2.3126e-08  1.1598e-07     8.7059e-06  4.3663e-05     1.7245e-05  8.6489e-05     6.4920e-03  3.2560e-02 
4.2240e+02     0.0000e+00  0.0000e+00     0.0000e+00  0.0000e+00     0.0000e+00  0.0000e+00     0.0000e+00  0.0000e+00 
4.7394e+02     1.8369e-08  5.8078e-09     8.7059e-06  2.7525e-06     1.7245e-05  5.4530e-06     8.1730e-03  2.5844e-03 
5.3176e+02     1.6372e-08  4.9106e-09     8.7059e-06  2.6113e-06     1.7245e-05  5.1734e-06     9.1703e-03  2.7510e-03 
5.9665e+02     1.4591e-08  9.5212e-09     8.7059e-06  5.6808e-06     1.7245e-05  1.1253e-05     1.0289e-02  6.7142e-03 
6.6945e+02     0.0000e+00  0.0000e+00     0.0000e+00  0.0000e+00     0.0000e+00  0.0000e+00     0.0000e+00  0.0000e+00 
7.5114e+02     0.0000e+00  0.0000e+00     0.0000e+00  0.0000e+00     0.0000e+00  0.0000e+00     0.0000e+00  0.0000e+00 
8.4279e+02     0.0000e+00  0.0000e+00     0.0000e+00  0.0000e+00     0.0000e+00  0.0000e+00     0.0000e+00  0.0000e+00 
9.4563e+02     0.0000e+00  0.0000e+00     0.0000e+00  0.0000e+00     0.0000e+00  0.0000e+00     0.0000e+00  0.0000e+00 
1.0610e+03     0.0000e+00  0.0000e+00     0.0000e+00  0.0000e+00     0.0000e+00  0.0000e+00     0.0000e+00  0.0000e+00 
1.1905e+03     0.0000e+00  0.0000e+00     0.0000e+00  0.0000e+00     0.0000e+00  0.0000e+00     0.0000e+00  0.0000e+00 
1.3357e+03     0.0000e+00  0.0000e+00     0.0000e+00  0.0000e+00     0.0000e+00  0.0000e+00     0.0000e+00  0.0000e+00 
1.4987e+03     0.0000e+00  0.0000e+00     0.0000e+00  0.0000e+00     0.0000e+00  0.0000e+00     0.0000e+00  0.0000e+00 
1.6816e+03     0.0000e+00  0.0000e+00     0.0000e+00  0.0000e+00     0.0000e+00  0.0000e+00     0.0000e+00  0.0000e+00 
1.8868e+03     0.0000e+00  0.0000e+00     0.0000e+00  0.0000e+00     0.0000e+00  0.0000e+00     0.0000e+00  0.0000e+00 
2.1170e+03     0.0000e+00  0.0000e+00     0.0000e+00  0.0000e+00     0.0000e+00  0.0000e+00     0.0000e+00  0.0000e+00 
2.3753e+03     0.0000e+00  0.0000e+00     0.0000e+00  0.0000e+00     0.0000e+00  0.0000e+00     0.0000e+00  0.0000e+00 
2.6651e+03     0.0000e+00  0.0000e+00     0.0000e+00  0.0000e+00     0.0000e+00  0.0000e+00     0.0000e+00  0.0000e+00 
2.9903e+03     0.0000e+00  0.0000e+00     0.0000e+00  0.0000e+00     0.0000e+00  0.0000e+00     0.0000e+00  0.0000e+00 
3.3552e+03     0.0000e+00  0.0000e+00     0.0000e+00  0.0000e+00     0.0000e+00  0.0000e+00     0.0000e+00  0.0000e+00 
3.7646e+03     0.0000e+00  0.0000e+00     0.0000e+00  0.0000e+00     0.0000e+00  0.0000e+00     0.0000e+00  0.0000e+00 
4.2240e+03     0.0000e+00  0.0000e+00     0.0000e+00  0.0000e+00     0.0000e+00  0.0000e+00     0.0000e+00  0.0000e+00 
4.7394e+03     0.0000e+00  0.0000e+00     0.0000e+00  0.0000e+00     0.0000e+00  0.0000e+00     0.0000e+00  0.0000e+00 
5.3176e+03     0.0000e+00  0.0000e+00     0.0000e+00  0.0000e+00     0.0000e+00  0.0000e+00     0.0000e+00  0.0000e+00 
5.9665e+03     0.0000e+00  0.0000e+00     0.0000e+00  0.0000e+00     0.0000e+00  0.0000e+00     0.0000e+00  0.0000e+00 
6.6945e+03     0.0000e+00  0.0000e+00     0.0000e+00  0.0000e+00     0.0000e+00  0.0000e+00     0.0000e+00  0.0000e+00 
7.5114e+03     0.0000e+00  0.0000e+00     0.0000e+00  0.0000e+00     0.0000e+00  0.0000e+00     0.0000e+00  0.0000e+00 
8.4279e+03     0.0000e+00  0.0000e+00     0.0000e+00  0.0000e+00     0.0000e+00  0.0000e+00     0.0000e+00  0.0000e+00 
9.4563e+03     0.0000e+00  0.0000e+00     0.0000e+00  0.0000e+00     0.0000e+00  0.0000e+00     0.0000e+00  0.0000e+00 
