yF = 4.9583e-01 (std: 1.6982e-03) keV/um
yD = 2.7214e+00 (std: 6.2388e-01) keV/um
y (keV/um)     f(y)(std)                  yf(y)(std)                 d(y)(std)                  yd(y)(std)  
1.0610e-03     0.0000e+00  0.0000e+00     0.0000e+00  0.0000e+00     0.0000e+00  0.0000e+00     0.0000e+00  0.0000e+00 
1.1905e-03     0.0000e+00  0.0000e+00     0.0000e+00  0.0000e+00     0.0000e+00  0.0000e+00     0.0000e+00  0.0000e+00 
1.3357e-03     6.5176e-03  4.4146e-03     8.7057e-06  5.8967e-06     1.7558e-05  1.1893e-05     2.3453e-08  1.5886e-08 
1.4987e-03     8.1323e-02  2.8553e-02     1.2188e-04  4.2793e-05     2.4581e-04  8.6310e-05     3.6840e-07  1.2935e-07 
1.6816e-03     4.6594e-02  3.0603e-02     7.8352e-05  5.1461e-05     1.5802e-04  1.0379e-04     2.6573e-07  1.7453e-07 
1.8868e-03     2.7685e-02  2.8153e-02     5.2234e-05  5.3118e-05     1.0535e-04  1.0713e-04     1.9877e-07  2.0213e-07 
2.1170e-03     6.1685e-02  2.6640e-02     1.3059e-04  5.6398e-05     2.6337e-04  1.1375e-04     5.5755e-07  2.4080e-07 
2.3753e-03     2.9321e-02  1.0255e-02     6.9646e-05  2.4359e-05     1.4046e-04  4.9129e-05     3.3364e-07  1.1670e-07 
2.6651e-03     2.9399e-02  1.1285e-02     7.8352e-05  3.0075e-05     1.5802e-04  6.0658e-05     4.2115e-07  1.6166e-07 
2.9903e-03     3.4936e-02  1.1030e-02     1.0447e-04  3.2984e-05     2.1070e-04  6.6528e-05     6.3005e-07  1.9894e-07 
3.3552e-03     4.4110e-02  1.2930e-02     1.4800e-04  4.3384e-05     2.9849e-04  8.7504e-05     1.0015e-06  2.9360e-07 
3.7646e-03     5.7813e-02  2.4302e-02     2.1764e-04  9.1486e-05     4.3895e-04  1.8452e-04     1.6525e-06  6.9463e-07 
4.2240e-03     3.9160e-02  4.1817e-02     1.6541e-04  1.7664e-04     3.3360e-04  3.5624e-04     1.4091e-06  1.5048e-06 
4.7394e-03     3.8575e-02  9.8961e-03     1.8282e-04  4.6901e-05     3.6872e-04  9.4600e-05     1.7475e-06  4.4834e-07 
5.3176e-03     4.0929e-02  1.4130e-02     2.1764e-04  7.5140e-05     4.3895e-04  1.5155e-04     2.3342e-06  8.0589e-07 
5.9665e-03     3.2100e-02  9.9116e-03     1.9153e-04  5.9137e-05     3.8628e-04  1.1928e-04     2.3047e-06  7.1166e-07 
6.6945e-03     5.5918e-02  1.2330e-02     3.7435e-04  8.2540e-05     7.5499e-04  1.6649e-04     5.0543e-06  1.1146e-06 
7.5114e-03     4.2883e-02  9.1804e-03     3.2211e-04  6.8958e-05     6.4964e-04  1.3909e-04     4.8797e-06  1.0448e-06 
8.4279e-03     6.7143e-02  1.2123e-02     5.6587e-04  1.0217e-04     1.1413e-03  2.0610e-04     9.6185e-06  1.7370e-06 
9.4563e-03     6.4444e-02  1.4132e-02     6.0940e-04  1.3364e-04     1.2291e-03  2.6956e-04     1.1622e-05  2.5490e-06 
1.0610e-02     6.8923e-02  6.0834e-03     7.3128e-04  6.4545e-05     1.4749e-03  1.3027e-04     1.5648e-05  1.3822e-06 
1.1905e-02     5.9234e-02  1.1888e-02     7.0517e-04  1.4153e-04     1.4222e-03  2.8547e-04     1.6931e-05  3.3985e-06 
1.3357e-02     9.0594e-02  1.9333e-02     1.2101e-03  2.5824e-04     2.4406e-03  5.2090e-04     3.2599e-05  6.9578e-06 
1.4987e-02     9.1198e-02  1.4110e-02     1.3668e-03  2.1147e-04     2.7566e-03  4.2661e-04     4.1314e-05  6.3936e-06 
1.6816e-02     1.2063e-01  1.6358e-02     2.0284e-03  2.7507e-04     4.0910e-03  5.5495e-04     6.8794e-05  9.3320e-06 
1.8868e-02     1.0520e-01  1.3166e-02     1.9849e-03  2.4841e-04     4.0032e-03  5.0119e-04     7.5532e-05  9.4563e-06 
2.1170e-02     1.3118e-01  2.3064e-02     2.7771e-03  4.8826e-04     5.6010e-03  9.8492e-04     1.1857e-04  2.0851e-05 
2.3753e-02     1.5833e-01  2.2825e-02     3.7609e-03  5.4217e-04     7.5850e-03  1.0938e-03     1.8017e-04  2.5980e-05 
2.6651e-02     1.7313e-01  8.2139e-03     4.6140e-03  2.1891e-04     9.3057e-03  4.4266e-04     2.4801e-04  1.1797e-05 
2.9903e-02     1.8399e-01  1.0470e-02     5.5020e-03  3.1310e-04     1.1097e-02  6.3261e-04     3.3183e-04  1.8917e-05 
3.3552e-02     2.2029e-01  8.9202e-03     7.3912e-03  2.9929e-04     1.4907e-02  6.0577e-04     5.0015e-04  2.0325e-05 
3.7646e-02     2.2247e-01  7.4964e-03     8.3749e-03  2.8221e-04     1.6891e-02  5.7210e-04     6.3587e-04  2.1537e-05 
4.2240e-02     2.5639e-01  7.3137e-03     1.0830e-02  3.0893e-04     2.1842e-02  6.2753e-04     9.2260e-04  2.6507e-05 
4.7394e-02     2.9041e-01  1.5726e-02     1.3764e-02  7.4530e-04     2.7759e-02  1.5062e-03     1.3156e-03  7.1382e-05 
5.3176e-02     3.1711e-01  1.3366e-02     1.6863e-02  7.1077e-04     3.4010e-02  1.4382e-03     1.8085e-03  7.6479e-05 
5.9665e-02     3.4449e-01  9.4018e-03     2.0554e-02  5.6096e-04     4.1454e-02  1.1402e-03     2.4734e-03  6.8032e-05 
6.6945e-02     3.7816e-01  1.1725e-02     2.5316e-02  7.8491e-04     5.1059e-02  1.5926e-03     3.4181e-03  1.0662e-04 
7.5114e-02     4.2049e-01  1.1571e-02     3.1584e-02  8.6911e-04     6.3700e-02  1.7664e-03     4.7848e-03  1.3268e-04 
8.4279e-02     4.6608e-01  1.0199e-02     3.9280e-02  8.5957e-04     7.9222e-02  1.7547e-03     6.6767e-03  1.4788e-04 
9.4563e-02     4.9889e-01  6.9796e-03     4.7176e-02  6.6000e-04     9.5147e-02  1.3704e-03     8.9973e-03  1.2959e-04 
1.0610e-01     5.6780e-01  1.2894e-02     6.0244e-02  1.3681e-03     1.2150e-01  2.7905e-03     1.2891e-02  2.9607e-04 
1.1905e-01     6.2115e-01  8.1006e-03     7.3947e-02  9.6435e-04     1.4914e-01  2.0109e-03     1.7754e-02  2.3939e-04 
1.3357e-01     6.8122e-01  9.2155e-03     9.0992e-02  1.2309e-03     1.8352e-01  2.5609e-03     2.4513e-02  3.4207e-04 
1.4987e-01     7.6345e-01  1.2440e-02     1.1442e-01  1.8644e-03     2.3076e-01  3.8422e-03     3.4585e-02  5.7584e-04 
1.6816e-01     8.4288e-01  8.9678e-03     1.4174e-01  1.5080e-03     2.8586e-01  3.1951e-03     4.8070e-02  5.3729e-04 
1.8868e-01     9.4478e-01  1.2169e-02     1.7826e-01  2.2961e-03     3.5952e-01  4.7916e-03     6.7833e-02  9.0407e-04 
2.1170e-01     1.0536e+00  6.4230e-03     2.2305e-01  1.3597e-03     4.4985e-01  3.1455e-03     9.5233e-02  6.6591e-04 
2.3753e-01     1.1876e+00  4.2810e-03     2.8210e-01  1.0169e-03     5.6895e-01  2.8290e-03     1.3514e-01  6.7196e-04 
2.6651e-01     1.3295e+00  1.5101e-02     3.5433e-01  4.0245e-03     7.1463e-01  8.4778e-03     1.9046e-01  2.2594e-03 
2.9903e-01     1.5295e+00  1.4983e-02     4.5737e-01  4.4806e-03     9.2244e-01  9.5729e-03     2.7584e-01  2.8626e-03 
3.3552e-01     1.7420e+00  1.4838e-02     5.8448e-01  4.9786e-03     1.1788e+00  1.0822e-02     3.9551e-01  3.6311e-03 
3.7646e-01     1.9899e+00  1.1610e-02     7.4913e-01  4.3706e-03     1.5109e+00  1.0221e-02     5.6878e-01  3.8479e-03 
4.2240e-01     2.2030e+00  1.6307e-02     9.3053e-01  6.8879e-03     1.8767e+00  1.5307e-02     7.9272e-01  6.4655e-03 
4.7394e-01     2.1348e+00  1.2888e-02     1.0118e+00  6.1081e-03     2.0406e+00  1.4163e-02     9.6710e-01  6.7125e-03 
5.3176e-01     1.6597e+00  9.6344e-03     8.8257e-01  5.1233e-03     1.7800e+00  1.1997e-02     9.4654e-01  6.3796e-03 
5.9665e-01     1.0977e+00  1.0061e-02     6.5493e-01  6.0027e-03     1.3209e+00  1.2924e-02     7.8811e-01  7.7111e-03 
6.6945e-01     6.8638e-01  6.0364e-03     4.5950e-01  4.0411e-03     9.2673e-01  8.7464e-03     6.2040e-01  5.8553e-03 
7.5114e-01     4.1983e-01  2.1761e-03     3.1535e-01  1.6345e-03     6.3600e-01  3.9512e-03     4.7772e-01  2.9679e-03 
8.4279e-01     2.6837e-01  2.7806e-03     2.2618e-01  2.3434e-03     4.5616e-01  4.9778e-03     3.8444e-01  4.1952e-03 
9.4563e-01     1.7623e-01  1.7349e-03     1.6665e-01  1.6406e-03     3.3609e-01  3.5033e-03     3.1782e-01  3.3128e-03 
1.0610e+00     1.1844e-01  8.7693e-04     1.2567e-01  9.3043e-04     2.5345e-01  2.0676e-03     2.6891e-01  2.1937e-03 
1.1905e+00     7.9769e-02  1.5602e-03     9.4962e-02  1.8573e-03     1.9152e-01  3.8029e-03     2.2800e-01  4.5272e-03 
1.3357e+00     5.5699e-02  6.1259e-04     7.4399e-02  8.1826e-04     1.5005e-01  1.7285e-03     2.0043e-01  2.3087e-03 
1.4987e+00     3.7949e-02  5.0032e-04     5.6875e-02  7.4984e-04     1.1471e-01  1.5625e-03     1.7191e-01  2.3417e-03 
1.6816e+00     2.6952e-02  9.1044e-04     4.5322e-02  1.5310e-03     9.1407e-02  3.1036e-03     1.5371e-01  5.2189e-03 
1.8868e+00     1.6689e-02  7.6448e-04     3.1489e-02  1.4424e-03     6.3507e-02  2.9172e-03     1.1982e-01  5.5041e-03 
2.1170e+00     1.1173e-02  4.8766e-04     2.3654e-02  1.0324e-03     4.7705e-02  2.0885e-03     1.0099e-01  4.4214e-03 
2.3753e+00     6.6558e-03  2.0212e-04     1.5810e-02  4.8009e-04     3.1885e-02  9.7440e-04     7.5737e-02  2.3145e-03 
2.6651e+00     3.8382e-03  2.6892e-04     1.0229e-02  7.1672e-04     2.0631e-02  1.4472e-03     5.4983e-02  3.8570e-03 
2.9903e+00     1.8429e-03  8.9017e-05     5.5107e-03  2.6619e-04     1.1114e-02  5.3820e-04     3.3235e-02  1.6094e-03 
3.3552e+00     7.7841e-04  6.0920e-05     2.6117e-03  2.0440e-04     5.2674e-03  4.1263e-04     1.7673e-02  1.3845e-03 
3.7646e+00     2.9600e-04  5.4398e-05     1.1143e-03  2.0479e-04     2.2474e-03  4.1309e-04     8.4606e-03  1.5551e-03 
4.2240e+00     1.0717e-04  2.2629e-05     4.5270e-04  9.5582e-05     9.1301e-04  1.9280e-04     3.8565e-03  8.1437e-04 
4.7394e+00     3.4901e-05  9.5105e-06     1.6541e-04  4.5074e-05     3.3360e-04  9.0913e-05     1.5811e-03  4.3087e-04 
5.3176e+00     4.9114e-06  1.7907e-06     2.6117e-05  9.5222e-06     5.2674e-05  1.9205e-05     2.8010e-04  1.0213e-04 
5.9665e+00     2.9182e-06  2.3478e-06     1.7411e-05  1.4008e-05     3.5116e-05  2.8252e-05     2.0952e-04  1.6856e-04 
6.6945e+00     0.0000e+00  0.0000e+00     0.0000e+00  0.0000e+00     0.0000e+00  0.0000e+00     0.0000e+00  0.0000e+00 
7.5114e+00     1.1590e-06  1.0157e-06     8.7057e-06  7.6290e-06     1.7558e-05  1.5386e-05     1.3188e-04  1.1557e-04 
8.4279e+00     0.0000e+00  0.0000e+00     0.0000e+00  0.0000e+00     0.0000e+00  0.0000e+00     0.0000e+00  0.0000e+00 
9.4563e+00     0.0000e+00  0.0000e+00     0.0000e+00  0.0000e+00     0.0000e+00  0.0000e+00     0.0000e+00  0.0000e+00 
1.0610e+01     0.0000e+00  0.0000e+00     0.0000e+00  0.0000e+00     0.0000e+00  0.0000e+00     0.0000e+00  0.0000e+00 
1.1905e+01     7.3129e-07  7.6873e-07     8.7057e-06  9.1516e-06     1.7558e-05  1.8457e-05     2.0902e-04  2.1973e-04 
1.3357e+01     0.0000e+00  0.0000e+00     0.0000e+00  0.0000e+00     0.0000e+00  0.0000e+00     0.0000e+00  0.0000e+00 
1.4987e+01     0.0000e+00  0.0000e+00     0.0000e+00  0.0000e+00     0.0000e+00  0.0000e+00     0.0000e+00  0.0000e+00 
1.6816e+01     0.0000e+00  0.0000e+00     0.0000e+00  0.0000e+00     0.0000e+00  0.0000e+00     0.0000e+00  0.0000e+00 
1.8868e+01     0.0000e+00  0.0000e+00     0.0000e+00  0.0000e+00     0.0000e+00  0.0000e+00     0.0000e+00  0.0000e+00 
2.1170e+01     0.0000e+00  0.0000e+00     0.0000e+00  0.0000e+00     0.0000e+00  0.0000e+00     0.0000e+00  0.0000e+00 
2.3753e+01     0.0000e+00  0.0000e+00     0.0000e+00  0.0000e+00     0.0000e+00  0.0000e+00     0.0000e+00  0.0000e+00 
2.6651e+01     0.0000e+00  0.0000e+00     0.0000e+00  0.0000e+00     0.0000e+00  0.0000e+00     0.0000e+00  0.0000e+00 
2.9903e+01     2.9113e-07  3.7731e-07     8.7057e-06  1.1283e-05     1.7558e-05  2.2756e-05     5.2504e-04  6.8047e-04 
3.3552e+01     0.0000e+00  0.0000e+00     0.0000e+00  0.0000e+00     0.0000e+00  0.0000e+00     0.0000e+00  0.0000e+00 
3.7646e+01     0.0000e+00  0.0000e+00     0.0000e+00  0.0000e+00     0.0000e+00  0.0000e+00     0.0000e+00  0.0000e+00 
4.2240e+01     0.0000e+00  0.0000e+00     0.0000e+00  0.0000e+00     0.0000e+00  0.0000e+00     0.0000e+00  0.0000e+00 
4.7394e+01     0.0000e+00  0.0000e+00     0.0000e+00  0.0000e+00     0.0000e+00  0.0000e+00     0.0000e+00  0.0000e+00 
5.3176e+01     3.2743e-07  1.1955e-07     1.7411e-05  6.3571e-06     3.5116e-05  1.2822e-05     1.8673e-03  6.8182e-04 
5.9665e+01     1.4591e-07  1.3851e-07     8.7057e-06  8.2642e-06     1.7558e-05  1.6668e-05     1.0476e-03  9.9447e-04 
6.6945e+01     1.3004e-07  9.1309e-08     8.7057e-06  6.1127e-06     1.7558e-05  1.2328e-05     1.1754e-03  8.2532e-04 
7.5114e+01     2.3180e-07  1.3245e-06     1.7411e-05  9.9489e-05     3.5116e-05  2.0065e-04     2.6377e-03  1.5072e-02 
8.4279e+01     0.0000e+00  0.0000e+00     0.0000e+00  0.0000e+00     0.0000e+00  0.0000e+00     0.0000e+00  0.0000e+00 
9.4563e+01     0.0000e+00  0.0000e+00     0.0000e+00  0.0000e+00     0.0000e+00  0.0000e+00     0.0000e+00  0.0000e+00 
1.0610e+02     8.2052e-08  1.6410e-07     8.7057e-06  1.7411e-05     1.7558e-05  3.5115e-05     1.8629e-03  3.7257e-03 
1.1905e+02     0.0000e+00  0.0000e+00     0.0000e+00  0.0000e+00     0.0000e+00  0.0000e+00     0.0000e+00  0.0000e+00 
1.3357e+02     0.0000e+00  0.0000e+00     0.0000e+00  0.0000e+00     0.0000e+00  0.0000e+00     0.0000e+00  0.0000e+00 
1.4987e+02     1.1618e-07  1.0280e-07     1.7411e-05  1.5407e-05     3.5116e-05  3.1074e-05     5.2629e-03  4.6570e-03 
1.6816e+02     5.1771e-08  3.5922e-08     8.7057e-06  6.0405e-06     1.7558e-05  1.2183e-05     2.9525e-03  2.0486e-03 
1.8868e+02     4.6141e-08  3.1253e-08     8.7057e-06  5.8967e-06     1.7558e-05  1.1893e-05     3.3128e-03  2.2439e-03 
2.1170e+02     0.0000e+00  0.0000e+00     0.0000e+00  0.0000e+00     0.0000e+00  0.0000e+00     0.0000e+00  0.0000e+00 
2.3753e+02     3.6651e-08  3.6121e-08     8.7057e-06  8.5799e-06     1.7558e-05  1.7304e-05     4.1706e-03  4.1103e-03 
2.6651e+02     9.7996e-08  5.4741e-08     2.6117e-05  1.4589e-05     5.2674e-05  2.9424e-05     1.4038e-02  7.8420e-03 
2.9903e+02     2.9113e-08  2.4476e-08     8.7057e-06  7.3191e-06     1.7558e-05  1.4761e-05     5.2504e-03  4.4141e-03 
3.3552e+02     0.0000e+00  0.0000e+00     0.0000e+00  0.0000e+00     0.0000e+00  0.0000e+00     0.0000e+00  0.0000e+00 
3.7646e+02     2.3125e-08  3.7885e-08     8.7057e-06  1.4262e-05     1.7558e-05  2.8765e-05     6.6099e-03  1.0829e-02 
4.2240e+02     0.0000e+00  0.0000e+00     0.0000e+00  0.0000e+00     0.0000e+00  0.0000e+00     0.0000e+00  0.0000e+00 
4.7394e+02     0.0000e+00  0.0000e+00     0.0000e+00  0.0000e+00     0.0000e+00  0.0000e+00     0.0000e+00  0.0000e+00 
5.3176e+02     0.0000e+00  0.0000e+00     0.0000e+00  0.0000e+00     0.0000e+00  0.0000e+00     0.0000e+00  0.0000e+00 
5.9665e+02     1.4591e-08  4.3766e-09     8.7057e-06  2.6113e-06     1.7558e-05  5.2669e-06     1.0476e-02  3.1425e-03 
6.6945e+02     0.0000e+00  0.0000e+00     0.0000e+00  0.0000e+00     0.0000e+00  0.0000e+00     0.0000e+00  0.0000e+00 
7.5114e+02     0.0000e+00  0.0000e+00     0.0000e+00  0.0000e+00     0.0000e+00  0.0000e+00     0.0000e+00  0.0000e+00 
8.4279e+02     0.0000e+00  0.0000e+00     0.0000e+00  0.0000e+00     0.0000e+00  0.0000e+00     0.0000e+00  0.0000e+00 
9.4563e+02     0.0000e+00  0.0000e+00     0.0000e+00  0.0000e+00     0.0000e+00  0.0000e+00     0.0000e+00  0.0000e+00 
1.0610e+03     0.0000e+00  0.0000e+00     0.0000e+00  0.0000e+00     0.0000e+00  0.0000e+00     0.0000e+00  0.0000e+00 
1.1905e+03     0.0000e+00  0.0000e+00     0.0000e+00  0.0000e+00     0.0000e+00  0.0000e+00     0.0000e+00  0.0000e+00 
1.3357e+03     0.0000e+00  0.0000e+00     0.0000e+00  0.0000e+00     0.0000e+00  0.0000e+00     0.0000e+00  0.0000e+00 
1.4987e+03     0.0000e+00  0.0000e+00     0.0000e+00  0.0000e+00     0.0000e+00  0.0000e+00     0.0000e+00  0.0000e+00 
1.6816e+03     0.0000e+00  0.0000e+00     0.0000e+00  0.0000e+00     0.0000e+00  0.0000e+00     0.0000e+00  0.0000e+00 
1.8868e+03     0.0000e+00  0.0000e+00     0.0000e+00  0.0000e+00     0.0000e+00  0.0000e+00     0.0000e+00  0.0000e+00 
2.1170e+03     0.0000e+00  0.0000e+00     0.0000e+00  0.0000e+00     0.0000e+00  0.0000e+00     0.0000e+00  0.0000e+00 
2.3753e+03     0.0000e+00  0.0000e+00     0.0000e+00  0.0000e+00     0.0000e+00  0.0000e+00     0.0000e+00  0.0000e+00 
2.6651e+03     0.0000e+00  0.0000e+00     0.0000e+00  0.0000e+00     0.0000e+00  0.0000e+00     0.0000e+00  0.0000e+00 
2.9903e+03     0.0000e+00  0.0000e+00     0.0000e+00  0.0000e+00     0.0000e+00  0.0000e+00     0.0000e+00  0.0000e+00 
3.3552e+03     0.0000e+00  0.0000e+00     0.0000e+00  0.0000e+00     0.0000e+00  0.0000e+00     0.0000e+00  0.0000e+00 
3.7646e+03     0.0000e+00  0.0000e+00     0.0000e+00  0.0000e+00     0.0000e+00  0.0000e+00     0.0000e+00  0.0000e+00 
4.2240e+03     0.0000e+00  0.0000e+00     0.0000e+00  0.0000e+00     0.0000e+00  0.0000e+00     0.0000e+00  0.0000e+00 
4.7394e+03     0.0000e+00  0.0000e+00     0.0000e+00  0.0000e+00     0.0000e+00  0.0000e+00     0.0000e+00  0.0000e+00 
5.3176e+03     0.0000e+00  0.0000e+00     0.0000e+00  0.0000e+00     0.0000e+00  0.0000e+00     0.0000e+00  0.0000e+00 
5.9665e+03     0.0000e+00  0.0000e+00     0.0000e+00  0.0000e+00     0.0000e+00  0.0000e+00     0.0000e+00  0.0000e+00 
6.6945e+03     0.0000e+00  0.0000e+00     0.0000e+00  0.0000e+00     0.0000e+00  0.0000e+00     0.0000e+00  0.0000e+00 
7.5114e+03     0.0000e+00  0.0000e+00     0.0000e+00  0.0000e+00     0.0000e+00  0.0000e+00     0.0000e+00  0.0000e+00 
8.4279e+03     0.0000e+00  0.0000e+00     0.0000e+00  0.0000e+00     0.0000e+00  0.0000e+00     0.0000e+00  0.0000e+00 
9.4563e+03     0.0000e+00  0.0000e+00     0.0000e+00  0.0000e+00     0.0000e+00  0.0000e+00     0.0000e+00  0.0000e+00 
