yF = 3.7374e+00 (std: 6.5214e-03) keV/um
yD = 4.4493e+00 (std: 3.6585e-02) keV/um
y (keV/um)     f(y)(std)                  yf(y)(std)                 d(y)(std)                  yd(y)(std)  
1.0610e-03     0.0000e+00  0.0000e+00     0.0000e+00  0.0000e+00     0.0000e+00  0.0000e+00     0.0000e+00  0.0000e+00 
1.1905e-03     0.0000e+00  0.0000e+00     0.0000e+00  0.0000e+00     0.0000e+00  0.0000e+00     0.0000e+00  0.0000e+00 
1.3357e-03     6.5683e-03  1.1376e-03     8.7735e-06  1.5195e-06     2.3475e-06  4.0660e-07     3.1356e-09  5.4311e-10 
1.4987e-03     5.8540e-03  4.5132e-03     8.7735e-06  6.7640e-06     2.3475e-06  1.8098e-06     3.5182e-09  2.7124e-09 
1.6816e-03     0.0000e+00  0.0000e+00     0.0000e+00  0.0000e+00     0.0000e+00  0.0000e+00     0.0000e+00  0.0000e+00 
1.8868e-03     4.6500e-03  4.6766e-03     8.7735e-06  8.8237e-06     2.3475e-06  2.3609e-06     4.4292e-09  4.4545e-09 
2.1170e-03     0.0000e+00  0.0000e+00     0.0000e+00  0.0000e+00     0.0000e+00  0.0000e+00     0.0000e+00  0.0000e+00 
2.3753e-03     1.1081e-02  6.5456e-03     2.6320e-05  1.5548e-05     7.0424e-06  4.1601e-06     1.6728e-08  9.8815e-09 
2.6651e-03     0.0000e+00  0.0000e+00     0.0000e+00  0.0000e+00     0.0000e+00  0.0000e+00     0.0000e+00  0.0000e+00 
2.9903e-03     0.0000e+00  0.0000e+00     0.0000e+00  0.0000e+00     0.0000e+00  0.0000e+00     0.0000e+00  0.0000e+00 
3.3552e-03     2.6149e-03  7.8433e-04     8.7735e-06  2.6316e-06     2.3475e-06  7.0413e-07     7.8763e-09  2.3625e-09 
3.7646e-03     2.3305e-03  1.2994e-03     8.7735e-06  4.8919e-06     2.3475e-06  1.3089e-06     8.8373e-09  4.9275e-09 
4.2240e-03     0.0000e+00  0.0000e+00     0.0000e+00  0.0000e+00     0.0000e+00  0.0000e+00     0.0000e+00  0.0000e+00 
4.7394e-03     1.8512e-03  8.4830e-04     8.7735e-06  4.0204e-06     2.3475e-06  1.0757e-06     1.1126e-08  5.0983e-09 
5.3176e-03     0.0000e+00  0.0000e+00     0.0000e+00  0.0000e+00     0.0000e+00  0.0000e+00     0.0000e+00  0.0000e+00 
5.9665e-03     2.9409e-03  2.3954e-03     1.7547e-05  1.4292e-05     4.6950e-06  3.8241e-06     2.8012e-08  2.2816e-08 
6.6945e-03     1.3105e-03  5.7118e-04     8.7735e-06  3.8238e-06     2.3475e-06  1.0231e-06     1.5715e-08  6.8493e-09 
7.5114e-03     1.1680e-03  4.8150e-04     8.7735e-06  3.6167e-06     2.3475e-06  9.6772e-07     1.7633e-08  7.2689e-09 
8.4279e-03     1.0410e-03  2.0819e-04     8.7735e-06  1.7546e-06     2.3475e-06  4.6948e-07     1.9784e-08  3.9568e-09 
9.4563e-03     4.6390e-03  1.7103e-03     4.3867e-05  1.6173e-05     1.1737e-05  4.3274e-06     1.1099e-07  4.0921e-08 
1.0610e-02     1.1577e-02  4.5043e-03     1.2283e-04  4.7791e-05     3.2865e-05  1.2787e-05     3.4870e-07  1.3568e-07 
1.1905e-02     4.4218e-03  1.6138e-03     5.2641e-05  1.9212e-05     1.4085e-05  5.1404e-06     1.6768e-07  6.1195e-08 
1.3357e-02     6.5683e-03  2.2637e-03     8.7735e-05  3.0237e-05     2.3475e-05  8.0905e-06     3.1356e-07  1.0807e-07 
1.4987e-02     7.6102e-03  2.2871e-03     1.1405e-04  3.4277e-05     3.0517e-05  9.1716e-06     4.5737e-07  1.3746e-07 
1.6816e-02     8.8695e-03  5.8277e-03     1.4915e-04  9.7997e-05     3.9907e-05  2.6221e-05     6.7107e-07  4.4093e-07 
1.8868e-02     3.2550e-03  1.4102e-03     6.1414e-05  2.6608e-05     1.6432e-05  7.1194e-06     3.1004e-07  1.3433e-07 
2.1170e-02     3.7299e-03  1.5694e-03     7.8961e-05  3.3225e-05     2.1127e-05  8.8900e-06     4.4726e-07  1.8820e-07 
2.3753e-02     2.5855e-03  1.1204e-03     6.1414e-05  2.6612e-05     1.6432e-05  7.1207e-06     3.9032e-07  1.6914e-07 
2.6651e-02     2.6335e-03  8.2263e-04     7.0188e-05  2.1924e-05     1.8780e-05  5.8663e-06     5.0051e-07  1.5634e-07 
2.9903e-02     3.8141e-03  9.1905e-04     1.1405e-04  2.7483e-05     3.0517e-05  7.3536e-06     9.1257e-07  2.1990e-07 
3.3552e-02     3.6608e-03  1.0780e-03     1.2283e-04  3.6168e-05     3.2865e-05  9.6776e-06     1.1027e-06  3.2470e-07 
3.7646e-02     3.2627e-03  1.0042e-03     1.2283e-04  3.7804e-05     3.2865e-05  1.0115e-05     1.2372e-06  3.8080e-07 
4.2240e-02     4.7773e-03  1.5090e-03     2.0179e-04  6.3740e-05     5.3992e-05  1.7055e-05     2.2806e-06  7.2039e-07 
4.7394e-02     4.8131e-03  1.2755e-03     2.2811e-04  6.0449e-05     6.1034e-05  1.6174e-05     2.8926e-06  7.6656e-07 
5.3176e-02     4.9496e-03  1.0783e-03     2.6320e-04  5.7342e-05     7.0424e-05  1.5343e-05     3.7449e-06  8.1590e-07 
5.9665e-02     3.3820e-03  1.3698e-03     2.0179e-04  8.1728e-05     5.3992e-05  2.1868e-05     3.2214e-06  1.3047e-06 
6.6945e-02     3.8006e-03  1.0762e-03     2.5443e-04  7.2050e-05     6.8077e-05  1.9278e-05     4.5574e-06  1.2906e-06 
7.5114e-02     5.1393e-03  1.5470e-03     3.8603e-04  1.1620e-04     1.0329e-04  3.1092e-05     7.7584e-06  2.3354e-06 
8.4279e-02     5.4132e-03  1.1484e-03     4.5622e-04  9.6785e-05     1.2207e-04  2.5897e-05     1.0288e-05  2.1826e-06 
9.4563e-02     5.0101e-03  8.3460e-04     4.7377e-04  7.8922e-05     1.2676e-04  2.1118e-05     1.1987e-05  1.9970e-06 
1.0610e-01     6.2844e-03  1.2422e-03     6.6678e-04  1.3180e-04     1.7841e-04  3.5267e-05     1.8929e-05  3.7418e-06 
1.1905e-01     6.6328e-03  7.7834e-04     7.8961e-04  9.2660e-05     2.1127e-04  2.4795e-05     2.5151e-05  2.9518e-06 
1.3357e-01     8.3417e-03  5.3856e-04     1.1142e-03  7.1937e-05     2.9813e-04  1.9255e-05     3.9822e-05  2.5720e-06 
1.4987e-01     8.3127e-03  1.1516e-03     1.2458e-03  1.7259e-04     3.3334e-04  4.6182e-05     4.9959e-05  6.9214e-06 
1.6816e-01     1.0278e-02  7.8978e-04     1.7284e-03  1.3281e-04     4.6245e-04  3.5544e-05     7.7766e-05  5.9770e-06 
1.8868e-01     9.1140e-03  9.6719e-04     1.7196e-03  1.8249e-04     4.6011e-04  4.8834e-05     8.6811e-05  9.2138e-06 
2.1170e-01     1.0941e-02  8.1517e-04     2.3162e-03  1.7257e-04     6.1973e-04  4.6187e-05     1.3120e-04  9.7777e-06 
2.3753e-01     1.2152e-02  1.3616e-03     2.8865e-03  3.2342e-04     7.7232e-04  8.6547e-05     1.8345e-04  2.0557e-05 
2.6651e-01     1.3398e-02  1.0041e-03     3.5708e-03  2.6761e-04     9.5542e-04  7.1622e-05     2.5463e-04  1.9088e-05 
2.9903e-01     1.5521e-02  1.3934e-03     4.6412e-03  4.1667e-04     1.2418e-03  1.1151e-04     3.7134e-04  3.3344e-05 
3.3552e-01     1.7860e-02  1.0431e-03     5.9923e-03  3.4997e-04     1.6033e-03  9.3682e-05     5.3795e-04  3.1432e-05 
3.7646e-01     1.8691e-02  1.3679e-03     7.0363e-03  5.1494e-04     1.8827e-03  1.3782e-04     7.0875e-04  5.1884e-05 
4.2240e-01     2.0459e-02  5.2595e-04     8.6418e-03  2.2216e-04     2.3123e-03  5.9579e-05     9.7669e-04  2.5166e-05 
4.7394e-01     2.4991e-02  6.1983e-04     1.1844e-02  2.9376e-04     3.1691e-03  7.8794e-05     1.5019e-03  3.7343e-05 
5.3176e-01     3.0061e-02  6.4889e-04     1.5985e-02  3.4506e-04     4.2771e-03  9.2627e-05     2.2744e-03  4.9256e-05 
5.9665e-01     3.4894e-02  7.5574e-04     2.0819e-02  4.5091e-04     5.5706e-03  1.2104e-04     3.3237e-03  7.2219e-05 
6.6945e-01     4.0286e-02  8.4534e-04     2.6970e-02  5.6591e-04     7.2162e-03  1.5194e-04     4.8309e-03  1.0172e-04 
7.5114e-01     4.7457e-02  9.6232e-04     3.5647e-02  7.2284e-04     9.5378e-03  1.9412e-04     7.1642e-03  1.4581e-04 
8.4279e-01     5.3278e-02  8.1237e-04     4.4903e-02  6.8466e-04     1.2014e-02  1.8439e-04     1.0126e-02  1.5540e-04 
9.4563e-01     6.1782e-02  1.1267e-03     5.8422e-02  1.0654e-03     1.5632e-02  2.8638e-04     1.4782e-02  2.7081e-04 
1.0610e+00     7.0030e-02  8.6913e-04     7.4302e-02  9.2216e-04     1.9881e-02  2.4917e-04     2.1094e-02  2.6437e-04 
1.1905e+00     7.7846e-02  9.5796e-04     9.2674e-02  1.1404e-03     2.4796e-02  3.0819e-04     2.9519e-02  3.6689e-04 
1.3357e+00     8.8757e-02  1.4691e-03     1.1856e-01  1.9624e-03     3.1721e-02  5.2797e-04     4.2371e-02  7.0523e-04 
1.4987e+00     9.9465e-02  8.6311e-04     1.4907e-01  1.2936e-03     3.9886e-02  3.5304e-04     5.9778e-02  5.2911e-04 
1.6816e+00     1.1275e-01  1.8220e-03     1.8959e-01  3.0638e-03     5.0729e-02  8.2454e-04     8.5305e-02  1.3865e-03 
1.8868e+00     1.2657e-01  1.2670e-03     2.3880e-01  2.3905e-03     6.3896e-02  6.4925e-04     1.2056e-01  1.2250e-03 
2.1170e+00     1.4371e-01  1.0317e-03     3.0423e-01  2.1842e-03     8.1401e-02  6.0143e-04     1.7233e-01  1.2732e-03 
2.3753e+00     1.6178e-01  9.6453e-04     3.8427e-01  2.2911e-03     1.0282e-01  6.3872e-04     2.4422e-01  1.5172e-03 
2.6651e+00     1.8424e-01  7.6003e-04     4.9103e-01  2.0256e-03     1.3138e-01  5.8847e-04     3.5016e-01  1.5684e-03 
2.9903e+00     2.1150e-01  7.8662e-04     6.3246e-01  2.3523e-03     1.6923e-01  6.9521e-04     5.0604e-01  2.0789e-03 
3.3552e+00     2.4712e-01  1.7359e-03     8.2914e-01  5.8241e-03     2.2185e-01  1.6057e-03     7.4436e-01  5.3875e-03 
3.7646e+00     2.8827e-01  7.3757e-04     1.0852e+00  2.7767e-03     2.9037e-01  8.9927e-04     1.0931e+00  3.3854e-03 
4.2240e+00     2.9488e-01  9.3981e-04     1.2456e+00  3.9697e-03     3.3327e-01  1.2109e-03     1.4077e+00  5.1150e-03 
4.7394e+00     2.3030e-01  1.6458e-03     1.0915e+00  7.8000e-03     2.9205e-01  2.1483e-03     1.3841e+00  1.0182e-02 
5.3176e+00     1.4129e-01  6.2065e-04     7.5131e-01  3.3004e-03     2.0103e-01  9.5019e-04     1.0690e+00  5.0528e-03 
5.9665e+00     7.2468e-02  5.1068e-04     4.3238e-01  3.0470e-03     1.1569e-01  8.3989e-04     6.9027e-01  5.0112e-03 
6.6945e+00     3.1306e-02  2.0581e-04     2.0958e-01  1.3778e-03     5.6077e-02  3.8142e-04     3.7541e-01  2.5534e-03 
7.5114e+00     1.0969e-02  1.2400e-04     8.2391e-02  9.3144e-04     2.2045e-02  2.5217e-04     1.6559e-01  1.8942e-03 
8.4279e+00     2.9408e-03  8.4648e-05     2.4785e-02  7.1340e-04     6.6316e-03  1.9123e-04     5.5891e-02  1.6117e-03 
9.4563e+00     6.1884e-04  3.4052e-05     5.8519e-03  3.2200e-04     1.5658e-03  8.6200e-05     1.4806e-02  8.1513e-04 
1.0610e+01     1.0502e-04  1.8145e-05     1.1142e-03  1.9252e-04     2.9813e-04  5.1514e-05     3.1632e-03  5.4657e-04 
1.1905e+01     1.4739e-05  4.2648e-06     1.7547e-04  5.0772e-05     4.6950e-05  1.3585e-05     5.5892e-04  1.6173e-04 
1.3357e+01     3.2841e-06  1.4188e-06     4.3867e-05  1.8951e-05     1.1737e-05  5.0708e-06     1.5678e-04  6.7732e-05 
1.4987e+01     1.1708e-06  5.4372e-07     1.7547e-05  8.1489e-06     4.6950e-06  2.1804e-06     7.0364e-05  3.2678e-05 
1.6816e+01     5.2174e-06  1.7171e-06     8.7735e-05  2.8874e-05     2.3475e-05  7.7259e-06     3.9475e-04  1.2992e-04 
1.8868e+01     1.8600e-06  8.8364e-07     3.5094e-05  1.6672e-05     9.3899e-06  4.4610e-06     1.7717e-04  8.4168e-05 
2.1170e+01     8.2886e-07  5.9784e-07     1.7547e-05  1.2656e-05     4.6950e-06  3.3864e-06     9.9392e-05  7.1690e-05 
2.3753e+01     1.8468e-06  9.8971e-07     4.3867e-05  2.3509e-05     1.1737e-05  6.2901e-06     2.7880e-04  1.4941e-04 
2.6651e+01     1.3168e-06  1.3831e-06     3.5094e-05  3.6861e-05     9.3899e-06  9.8627e-06     2.5025e-04  2.6285e-04 
2.9903e+01     5.8679e-07  3.2851e-07     1.7547e-05  9.8235e-06     4.6950e-06  2.6285e-06     1.4039e-04  7.8600e-05 
3.3552e+01     0.0000e+00  0.0000e+00     0.0000e+00  0.0000e+00     0.0000e+00  0.0000e+00     0.0000e+00  0.0000e+00 
3.7646e+01     6.9915e-07  4.1488e-07     2.6320e-05  1.5618e-05     7.0424e-06  4.1790e-06     2.6512e-04  1.5732e-04 
4.2240e+01     1.8694e-06  8.3274e-07     7.8961e-05  3.5175e-05     2.1127e-05  9.4116e-06     8.9241e-04  3.9754e-04 
4.7394e+01     1.8512e-07  1.9460e-07     8.7735e-06  9.2227e-06     2.3475e-06  2.4677e-06     1.1126e-04  1.1695e-04 
5.3176e+01     3.2998e-07  3.6395e-07     1.7547e-05  1.9354e-05     4.6950e-06  5.1784e-06     2.4966e-04  2.7537e-04 
5.9665e+01     5.8818e-07  2.7083e-07     3.5094e-05  1.6159e-05     9.3899e-06  4.3237e-06     5.6025e-04  2.5797e-04 
6.6945e+01     1.3105e-07  6.6856e-08     8.7735e-06  4.4757e-06     2.3475e-06  1.1975e-06     1.5715e-04  8.0170e-05 
7.5114e+01     0.0000e+00  0.0000e+00     0.0000e+00  0.0000e+00     0.0000e+00  0.0000e+00     0.0000e+00  0.0000e+00 
8.4279e+01     3.1230e-07  1.0612e-07     2.6320e-05  8.9433e-06     7.0424e-06  2.3929e-06     5.9353e-04  2.0168e-04 
9.4563e+01     3.7112e-07  1.5779e-07     3.5094e-05  1.4921e-05     9.3899e-06  3.9924e-06     8.8793e-04  3.7753e-04 
1.0610e+02     3.3076e-07  1.6914e-07     3.5094e-05  1.7946e-05     9.3899e-06  4.8019e-06     9.9628e-04  5.0948e-04 
1.1905e+02     3.6849e-07  2.5652e-07     4.3867e-05  3.0538e-05     1.1737e-05  8.1710e-06     1.3973e-03  9.7274e-04 
1.3357e+02     1.9705e-07  1.6247e-07     2.6320e-05  2.1701e-05     7.0424e-06  5.8066e-06     9.4068e-04  7.7560e-04 
1.4987e+02     2.3416e-07  8.0016e-08     3.5094e-05  1.1992e-05     9.3899e-06  3.2087e-06     1.4073e-03  4.8090e-04 
1.6816e+02     1.5652e-07  1.2176e-07     2.6320e-05  2.0475e-05     7.0424e-06  5.4785e-06     1.1842e-03  9.2126e-04 
1.8868e+02     9.3000e-08  7.1664e-08     1.7547e-05  1.3521e-05     4.6950e-06  3.6178e-06     8.8583e-04  6.8260e-04 
2.1170e+02     4.1443e-08  5.5879e-08     8.7735e-06  1.1829e-05     2.3475e-06  3.1652e-06     4.9696e-04  6.7006e-04 
2.3753e+02     0.0000e+00  0.0000e+00     0.0000e+00  0.0000e+00     0.0000e+00  0.0000e+00     0.0000e+00  0.0000e+00 
2.6651e+02     0.0000e+00  0.0000e+00     0.0000e+00  0.0000e+00     0.0000e+00  0.0000e+00     0.0000e+00  0.0000e+00 
2.9903e+02     0.0000e+00  0.0000e+00     0.0000e+00  0.0000e+00     0.0000e+00  0.0000e+00     0.0000e+00  0.0000e+00 
3.3552e+02     0.0000e+00  0.0000e+00     0.0000e+00  0.0000e+00     0.0000e+00  0.0000e+00     0.0000e+00  0.0000e+00 
3.7646e+02     0.0000e+00  0.0000e+00     0.0000e+00  0.0000e+00     0.0000e+00  0.0000e+00     0.0000e+00  0.0000e+00 
4.2240e+02     0.0000e+00  0.0000e+00     0.0000e+00  0.0000e+00     0.0000e+00  0.0000e+00     0.0000e+00  0.0000e+00 
4.7394e+02     0.0000e+00  0.0000e+00     0.0000e+00  0.0000e+00     0.0000e+00  0.0000e+00     0.0000e+00  0.0000e+00 
5.3176e+02     0.0000e+00  0.0000e+00     0.0000e+00  0.0000e+00     0.0000e+00  0.0000e+00     0.0000e+00  0.0000e+00 
5.9665e+02     0.0000e+00  0.0000e+00     0.0000e+00  0.0000e+00     0.0000e+00  0.0000e+00     0.0000e+00  0.0000e+00 
6.6945e+02     0.0000e+00  0.0000e+00     0.0000e+00  0.0000e+00     0.0000e+00  0.0000e+00     0.0000e+00  0.0000e+00 
7.5114e+02     0.0000e+00  0.0000e+00     0.0000e+00  0.0000e+00     0.0000e+00  0.0000e+00     0.0000e+00  0.0000e+00 
8.4279e+02     0.0000e+00  0.0000e+00     0.0000e+00  0.0000e+00     0.0000e+00  0.0000e+00     0.0000e+00  0.0000e+00 
9.4563e+02     0.0000e+00  0.0000e+00     0.0000e+00  0.0000e+00     0.0000e+00  0.0000e+00     0.0000e+00  0.0000e+00 
1.0610e+03     0.0000e+00  0.0000e+00     0.0000e+00  0.0000e+00     0.0000e+00  0.0000e+00     0.0000e+00  0.0000e+00 
1.1905e+03     0.0000e+00  0.0000e+00     0.0000e+00  0.0000e+00     0.0000e+00  0.0000e+00     0.0000e+00  0.0000e+00 
1.3357e+03     0.0000e+00  0.0000e+00     0.0000e+00  0.0000e+00     0.0000e+00  0.0000e+00     0.0000e+00  0.0000e+00 
1.4987e+03     0.0000e+00  0.0000e+00     0.0000e+00  0.0000e+00     0.0000e+00  0.0000e+00     0.0000e+00  0.0000e+00 
1.6816e+03     0.0000e+00  0.0000e+00     0.0000e+00  0.0000e+00     0.0000e+00  0.0000e+00     0.0000e+00  0.0000e+00 
1.8868e+03     0.0000e+00  0.0000e+00     0.0000e+00  0.0000e+00     0.0000e+00  0.0000e+00     0.0000e+00  0.0000e+00 
2.1170e+03     0.0000e+00  0.0000e+00     0.0000e+00  0.0000e+00     0.0000e+00  0.0000e+00     0.0000e+00  0.0000e+00 
2.3753e+03     0.0000e+00  0.0000e+00     0.0000e+00  0.0000e+00     0.0000e+00  0.0000e+00     0.0000e+00  0.0000e+00 
2.6651e+03     0.0000e+00  0.0000e+00     0.0000e+00  0.0000e+00     0.0000e+00  0.0000e+00     0.0000e+00  0.0000e+00 
2.9903e+03     0.0000e+00  0.0000e+00     0.0000e+00  0.0000e+00     0.0000e+00  0.0000e+00     0.0000e+00  0.0000e+00 
3.3552e+03     0.0000e+00  0.0000e+00     0.0000e+00  0.0000e+00     0.0000e+00  0.0000e+00     0.0000e+00  0.0000e+00 
3.7646e+03     0.0000e+00  0.0000e+00     0.0000e+00  0.0000e+00     0.0000e+00  0.0000e+00     0.0000e+00  0.0000e+00 
4.2240e+03     0.0000e+00  0.0000e+00     0.0000e+00  0.0000e+00     0.0000e+00  0.0000e+00     0.0000e+00  0.0000e+00 
4.7394e+03     0.0000e+00  0.0000e+00     0.0000e+00  0.0000e+00     0.0000e+00  0.0000e+00     0.0000e+00  0.0000e+00 
5.3176e+03     0.0000e+00  0.0000e+00     0.0000e+00  0.0000e+00     0.0000e+00  0.0000e+00     0.0000e+00  0.0000e+00 
5.9665e+03     0.0000e+00  0.0000e+00     0.0000e+00  0.0000e+00     0.0000e+00  0.0000e+00     0.0000e+00  0.0000e+00 
6.6945e+03     0.0000e+00  0.0000e+00     0.0000e+00  0.0000e+00     0.0000e+00  0.0000e+00     0.0000e+00  0.0000e+00 
7.5114e+03     0.0000e+00  0.0000e+00     0.0000e+00  0.0000e+00     0.0000e+00  0.0000e+00     0.0000e+00  0.0000e+00 
8.4279e+03     0.0000e+00  0.0000e+00     0.0000e+00  0.0000e+00     0.0000e+00  0.0000e+00     0.0000e+00  0.0000e+00 
9.4563e+03     0.0000e+00  0.0000e+00     0.0000e+00  0.0000e+00     0.0000e+00  0.0000e+00     0.0000e+00  0.0000e+00 
