yF = 5.6943e-01 (std: 1.3709e-03) keV/um
yD = 2.7148e+00 (std: 4.4040e-01) keV/um
y (keV/um)     f(y)(std)                  yf(y)(std)                 d(y)(std)                  yd(y)(std)  
1.0610e-03     0.0000e+00  0.0000e+00     0.0000e+00  0.0000e+00     0.0000e+00  0.0000e+00     0.0000e+00  0.0000e+00 
1.1905e-03     7.3135e-03  5.9172e-03     8.7065e-06  7.0442e-06     1.5290e-05  1.2371e-05     1.8202e-08  1.4727e-08 
1.3357e-03     0.0000e+00  0.0000e+00     0.0000e+00  0.0000e+00     0.0000e+00  0.0000e+00     0.0000e+00  0.0000e+00 
1.4987e-03     6.9712e-02  1.6697e-02     1.0448e-04  2.5024e-05     1.8348e-04  4.3948e-05     2.7498e-07  6.5866e-08 
1.6816e-03     3.1065e-02  5.8722e-02     5.2239e-05  9.8746e-05     9.1740e-05  1.7341e-04     1.5427e-07  2.9161e-07 
1.8868e-03     3.6916e-02  1.4555e-02     6.9652e-05  2.7462e-05     1.2232e-04  4.8228e-05     2.3079e-07  9.0995e-08 
2.1170e-03     2.8789e-02  3.3550e-02     6.0946e-05  7.1025e-05     1.0703e-04  1.2473e-04     2.2658e-07  2.6405e-07 
2.3753e-03     1.8327e-02  8.2631e-03     4.3533e-05  1.9627e-05     7.6450e-05  3.4469e-05     1.8159e-07  8.1875e-08 
2.6651e-03     2.6135e-02  6.9018e-03     6.9652e-05  1.8394e-05     1.2232e-04  3.2305e-05     3.2600e-07  8.6096e-08 
2.9903e-03     2.9116e-02  2.9731e-02     8.7065e-05  8.8905e-05     1.5290e-04  1.5613e-04     4.5722e-07  4.6688e-07 
3.3552e-03     2.5949e-02  2.3418e-02     8.7065e-05  7.8573e-05     1.5290e-04  1.3799e-04     5.1301e-07  4.6297e-07 
3.7646e-03     3.2378e-02  1.0816e-02     1.2189e-04  4.0717e-05     2.1406e-04  7.1506e-05     8.0585e-07  2.6919e-07 
4.2240e-03     3.0918e-02  9.2661e-03     1.3060e-04  3.9140e-05     2.2935e-04  6.8738e-05     9.6876e-07  2.9034e-07 
4.7394e-03     2.7556e-02  8.8344e-03     1.3060e-04  4.1869e-05     2.2935e-04  7.3531e-05     1.0870e-06  3.4849e-07 
5.3176e-03     2.9471e-02  1.2235e-02     1.5672e-04  6.5063e-05     2.7522e-04  1.1426e-04     1.4635e-06  6.0761e-07 
5.9665e-03     2.1889e-02  9.5745e-03     1.3060e-04  5.7126e-05     2.2935e-04  1.0032e-04     1.3684e-06  5.9858e-07 
6.6945e-03     3.2514e-02  9.6867e-03     2.1766e-04  6.4848e-05     3.8225e-04  1.1389e-04     2.5590e-06  7.6242e-07 
7.5114e-03     4.2887e-02  1.1910e-02     3.2214e-04  8.9461e-05     5.6573e-04  1.5711e-04     4.2494e-06  1.1801e-06 
8.4279e-03     4.2356e-02  8.0087e-03     3.5697e-04  6.7496e-05     6.2689e-04  1.1854e-04     5.2834e-06  9.9907e-07 
9.4563e-03     4.8798e-02  1.6213e-02     4.6145e-04  1.5332e-04     8.1037e-04  2.6926e-04     7.6631e-06  2.5462e-06 
1.0610e-02     4.0209e-02  2.0211e-02     4.2662e-04  2.1444e-04     7.4921e-04  3.7659e-04     7.9492e-06  3.9957e-06 
1.1905e-02     5.8508e-02  4.5067e-03     6.9652e-04  5.3651e-05     1.2232e-03  9.4265e-05     1.4562e-05  1.1222e-06 
1.3357e-02     5.0842e-02  6.4480e-03     6.7911e-04  8.6127e-05     1.1926e-03  1.5128e-04     1.5930e-05  2.0207e-06 
1.4987e-02     7.5521e-02  7.3803e-03     1.1319e-03  1.1061e-04     1.9877e-03  1.9431e-04     2.9790e-05  2.9121e-06 
1.6816e-02     8.9054e-02  1.0016e-02     1.4975e-03  1.6843e-04     2.6299e-03  2.9586e-04     4.4224e-05  4.9751e-06 
1.8868e-02     8.7214e-02  1.1264e-02     1.6455e-03  2.1252e-04     2.8898e-03  3.7328e-04     5.4524e-05  7.0430e-06 
2.1170e-02     1.0940e-01  1.2886e-02     2.3159e-03  2.7279e-04     4.0671e-03  4.7916e-04     8.6101e-05  1.0144e-05 
2.3753e-02     1.1766e-01  1.0707e-02     2.7948e-03  2.5432e-04     4.9081e-03  4.4679e-04     1.1658e-04  1.0613e-05 
2.6651e-02     1.1597e-01  6.9588e-03     3.0908e-03  1.8546e-04     5.4280e-03  3.2596e-04     1.4466e-04  8.6873e-06 
2.9903e-02     1.4441e-01  1.4254e-02     4.3184e-03  4.2624e-04     7.5838e-03  7.4877e-04     2.2678e-04  2.2391e-05 
3.3552e-02     1.5933e-01  1.1375e-02     5.3458e-03  3.8166e-04     9.3881e-03  6.7064e-04     3.1499e-04  2.2501e-05 
3.7646e-02     1.6675e-01  8.2478e-03     6.2774e-03  3.1050e-04     1.1024e-02  5.4593e-04     4.1501e-04  2.0552e-05 
4.2240e-02     1.8737e-01  8.5624e-03     7.9143e-03  3.6167e-04     1.3899e-02  6.3603e-04     5.8707e-04  2.6866e-05 
4.7394e-02     2.1384e-01  5.1958e-03     1.0134e-02  2.4625e-04     1.7798e-02  4.3457e-04     8.4349e-04  2.0596e-05 
5.3176e-02     2.3479e-01  6.9033e-03     1.2485e-02  3.6709e-04     2.1926e-02  6.4683e-04     1.1659e-03  3.4396e-05 
5.9665e-02     2.5493e-01  1.5439e-02     1.5210e-02  9.2115e-04     2.6712e-02  1.6190e-03     1.5937e-03  9.6595e-05 
6.6945e-02     2.8495e-01  9.5598e-03     1.9076e-02  6.3998e-04     3.3500e-02  1.1268e-03     2.2427e-03  7.5433e-05 
7.5114e-02     3.2177e-01  8.7051e-03     2.4169e-02  6.5387e-04     4.2445e-02  1.1528e-03     3.1882e-03  8.6593e-05 
8.4279e-02     3.4442e-01  6.1130e-03     2.9028e-02  5.1520e-04     5.0977e-02  9.1305e-04     4.2963e-03  7.6951e-05 
9.4563e-02     3.9352e-01  7.1132e-03     3.7212e-02  6.7264e-04     6.5350e-02  1.1917e-03     6.1796e-03  1.1269e-04 
1.0610e-01     4.2375e-01  8.1742e-03     4.4961e-02  8.6729e-04     7.8958e-02  1.5349e-03     8.3775e-03  1.6286e-04 
1.1905e-01     4.6931e-01  6.5759e-03     5.5870e-02  7.8284e-04     9.8116e-02  1.3949e-03     1.1680e-02  1.6606e-04 
1.3357e-01     5.1474e-01  1.1241e-02     6.8756e-02  1.5015e-03     1.2075e-01  2.6529e-03     1.6128e-02  3.5435e-04 
1.4987e-01     5.6751e-01  5.8635e-03     8.5054e-02  8.7877e-04     1.4937e-01  1.5846e-03     2.2386e-02  2.3749e-04 
1.6816e-01     6.3617e-01  1.5169e-02     1.0698e-01  2.5508e-03     1.8787e-01  4.5024e-03     3.1592e-02  7.5711e-04 
1.8868e-01     7.0058e-01  5.2041e-03     1.3218e-01  9.8189e-04     2.3213e-01  1.8126e-03     4.3798e-02  3.4200e-04 
2.1170e-01     7.9100e-01  7.4511e-03     1.6745e-01  1.5774e-03     2.9407e-01  2.8592e-03     6.2255e-02  6.0529e-04 
2.3753e-01     8.8524e-01  1.2486e-02     2.1027e-01  2.9657e-03     3.6927e-01  5.2836e-03     8.7713e-02  1.2550e-03 
2.6651e-01     9.9060e-01  4.6468e-03     2.6401e-01  1.2384e-03     4.6364e-01  2.4446e-03     1.2357e-01  6.5151e-04 
2.9903e-01     1.1146e+00  7.2151e-03     3.3330e-01  2.1576e-03     5.8532e-01  4.0425e-03     1.7503e-01  1.2089e-03 
3.3552e-01     1.2475e+00  1.9336e-02     4.1857e-01  6.4876e-03     7.3507e-01  1.1530e-02     2.4663e-01  3.8685e-03 
3.7646e-01     1.4408e+00  1.2017e-02     5.4242e-01  4.5237e-03     9.5257e-01  8.2687e-03     3.5860e-01  3.1128e-03 
4.2240e-01     1.6523e+00  1.5070e-02     6.9792e-01  6.3656e-03     1.2256e+00  1.1562e-02     5.1771e-01  4.8836e-03 
4.7394e-01     1.8791e+00  1.6202e-02     8.9056e-01  7.6785e-03     1.5640e+00  1.4000e-02     7.4121e-01  6.6353e-03 
5.3176e-01     1.9152e+00  1.2508e-02     1.0184e+00  6.6512e-03     1.7885e+00  1.2449e-02     9.5108e-01  6.6198e-03 
5.9665e-01     1.5789e+00  3.4316e-03     9.4204e-01  2.0474e-03     1.6544e+00  5.3657e-03     9.8708e-01  3.2015e-03 
6.6945e-01     1.0874e+00  4.9530e-03     7.2795e-01  3.3158e-03     1.2784e+00  6.5863e-03     8.5583e-01  4.4092e-03 
7.5114e-01     6.7524e-01  6.7481e-03     5.0720e-01  5.0688e-03     8.9072e-01  9.1561e-03     6.6905e-01  6.8775e-03 
8.4279e-01     4.1742e-01  5.3826e-03     3.5180e-01  4.5364e-03     6.1781e-01  8.1043e-03     5.2068e-01  6.8302e-03 
9.4563e-01     2.6386e-01  2.1908e-03     2.4951e-01  2.0717e-03     4.3818e-01  3.7881e-03     4.1436e-01  3.5821e-03 
1.0610e+00     1.7275e-01  2.0024e-03     1.8329e-01  2.1246e-03     3.2189e-01  3.8108e-03     3.4152e-01  4.0432e-03 
1.1905e+00     1.1416e-01  1.4896e-03     1.3590e-01  1.7733e-03     2.3866e-01  3.1668e-03     2.8412e-01  3.7699e-03 
1.3357e+00     7.7606e-02  8.0492e-04     1.0366e-01  1.0752e-03     1.8204e-01  1.9383e-03     2.4316e-01  2.5891e-03 
1.4987e+00     5.2772e-02  5.0354e-04     7.9090e-02  7.5466e-04     1.3889e-01  1.3668e-03     2.0816e-01  2.0485e-03 
1.6816e+00     3.6290e-02  8.8459e-04     6.1024e-02  1.4875e-03     1.0717e-01  2.6250e-03     1.8021e-01  4.4142e-03 
1.8868e+00     2.4056e-02  5.0454e-04     4.5387e-02  9.5195e-04     7.9707e-02  1.6827e-03     1.5039e-01  3.1749e-03 
2.1170e+00     1.5320e-02  4.8031e-04     3.2432e-02  1.0168e-03     5.6955e-02  1.7909e-03     1.2057e-01  3.7914e-03 
2.3753e+00     9.3322e-03  1.4587e-04     2.2167e-02  3.4649e-04     3.8928e-02  6.1567e-04     9.2467e-02  1.4624e-03 
2.6651e+00     5.4817e-03  1.9508e-04     1.4610e-02  5.1992e-04     2.5657e-02  9.1514e-04     6.8378e-02  2.4390e-03 
2.9903e+00     2.7194e-03  1.0135e-04     8.1319e-03  3.0307e-04     1.4281e-02  5.3335e-04     4.2705e-02  1.5949e-03 
3.3552e+00     1.1106e-03  5.9755e-05     3.7264e-03  2.0049e-04     6.5441e-03  3.5244e-04     2.1957e-02  1.1825e-03 
3.7646e+00     4.2323e-04  5.4415e-05     1.5933e-03  2.0485e-04     2.7981e-03  3.5981e-04     1.0534e-02  1.3545e-03 
4.2240e+00     1.5871e-04  3.8090e-05     6.7040e-04  1.6089e-04     1.1773e-03  2.8257e-04     4.9730e-03  1.1935e-03 
4.7394e+00     3.6741e-05  7.0590e-06     1.7413e-04  3.3455e-05     3.0580e-04  5.8757e-05     1.4493e-03  2.7847e-04 
5.3176e+00     9.8238e-06  3.9414e-06     5.2239e-05  2.0959e-05     9.1740e-05  3.6808e-05     4.8784e-04  1.9573e-04 
5.9665e+00     1.4592e-06  8.6569e-07     8.7065e-06  5.1651e-06     1.5290e-05  9.0708e-06     9.1228e-05  5.4121e-05 
6.6945e+00     0.0000e+00  0.0000e+00     0.0000e+00  0.0000e+00     0.0000e+00  0.0000e+00     0.0000e+00  0.0000e+00 
7.5114e+00     1.1591e-06  6.4631e-07     8.7065e-06  4.8546e-06     1.5290e-05  8.5256e-06     1.1485e-04  6.4039e-05 
8.4279e+00     1.0331e-06  7.1680e-07     8.7065e-06  6.0411e-06     1.5290e-05  1.0609e-05     1.2886e-04  8.9413e-05 
9.4563e+00     9.2072e-07  1.1119e-06     8.7065e-06  1.0514e-05     1.5290e-05  1.8464e-05     1.4459e-04  1.7460e-04 
1.0610e+01     0.0000e+00  0.0000e+00     0.0000e+00  0.0000e+00     0.0000e+00  0.0000e+00     0.0000e+00  0.0000e+00 
1.1905e+01     7.3135e-07  6.9427e-07     8.7065e-06  8.2651e-06     1.5290e-05  1.4515e-05     1.8202e-04  1.7279e-04 
1.3357e+01     0.0000e+00  0.0000e+00     0.0000e+00  0.0000e+00     0.0000e+00  0.0000e+00     0.0000e+00  0.0000e+00 
1.4987e+01     0.0000e+00  0.0000e+00     0.0000e+00  0.0000e+00     0.0000e+00  0.0000e+00     0.0000e+00  0.0000e+00 
1.6816e+01     0.0000e+00  0.0000e+00     0.0000e+00  0.0000e+00     0.0000e+00  0.0000e+00     0.0000e+00  0.0000e+00 
1.8868e+01     4.6145e-07  3.2018e-07     8.7065e-06  6.0411e-06     1.5290e-05  1.0609e-05     2.8849e-04  2.0017e-04 
2.1170e+01     8.2254e-07  5.8127e-07     1.7413e-05  1.2305e-05     3.0580e-05  2.1610e-05     6.4738e-04  4.5749e-04 
2.3753e+01     0.0000e+00  0.0000e+00     0.0000e+00  0.0000e+00     0.0000e+00  0.0000e+00     0.0000e+00  0.0000e+00 
2.6651e+01     3.2668e-07  1.5669e-07     8.7065e-06  4.1761e-06     1.5290e-05  7.3340e-06     4.0750e-04  1.9546e-04 
2.9903e+01     2.9116e-07  5.4127e-07     8.7065e-06  1.6186e-05     1.5290e-05  2.8425e-05     4.5722e-04  8.4999e-04 
3.3552e+01     2.5949e-07  2.6665e-07     8.7065e-06  8.9465e-06     1.5290e-05  1.5711e-05     5.1301e-04  5.2715e-04 
3.7646e+01     2.3127e-07  2.7059e-07     8.7065e-06  1.0187e-05     1.5290e-05  1.7889e-05     5.7561e-04  6.7346e-04 
4.2240e+01     0.0000e+00  0.0000e+00     0.0000e+00  0.0000e+00     0.0000e+00  0.0000e+00     0.0000e+00  0.0000e+00 
4.7394e+01     3.6741e-07  2.2540e-07     1.7413e-05  1.0683e-05     3.0580e-05  1.8760e-05     1.4493e-03  8.8912e-04 
5.3176e+01     1.6373e-07  9.7132e-08     8.7065e-06  5.1651e-06     1.5290e-05  9.0708e-06     8.1307e-04  4.8235e-04 
5.9665e+01     0.0000e+00  0.0000e+00     0.0000e+00  0.0000e+00     0.0000e+00  0.0000e+00     0.0000e+00  0.0000e+00 
6.6945e+01     1.3005e-07  1.0269e-07     8.7065e-06  6.8743e-06     1.5290e-05  1.2072e-05     1.0236e-03  8.0818e-04 
7.5114e+01     2.3182e-07  1.3499e-07     1.7413e-05  1.0140e-05     3.0580e-05  1.7807e-05     2.2970e-03  1.3376e-03 
8.4279e+01     2.0661e-07  8.5146e-08     1.7413e-05  7.1760e-06     3.0580e-05  1.2602e-05     2.5773e-03  1.0621e-03 
9.4563e+01     9.2072e-08  4.6052e-08     8.7065e-06  4.3548e-06     1.5290e-05  7.6478e-06     1.4459e-03  7.2319e-04 
1.0610e+02     8.2059e-08  9.3218e-08     8.7065e-06  9.8905e-06     1.5290e-05  1.7369e-05     1.6223e-03  1.8429e-03 
1.1905e+02     0.0000e+00  0.0000e+00     0.0000e+00  0.0000e+00     0.0000e+00  0.0000e+00     0.0000e+00  0.0000e+00 
1.3357e+02     6.5182e-08  6.1877e-08     8.7065e-06  8.2651e-06     1.5290e-05  1.4515e-05     2.0423e-03  1.9388e-03 
1.4987e+02     5.8093e-08  3.9829e-08     8.7065e-06  5.9692e-06     1.5290e-05  1.0483e-05     2.2915e-03  1.5711e-03 
1.6816e+02     5.1776e-08  1.0355e-08     8.7065e-06  1.7412e-06     1.5290e-05  3.0581e-06     2.5711e-03  5.1424e-04 
1.8868e+02     9.2290e-08  6.1471e-08     1.7413e-05  1.1598e-05     3.0580e-05  2.0368e-05     5.7698e-03  3.8430e-03 
2.1170e+02     0.0000e+00  0.0000e+00     0.0000e+00  0.0000e+00     0.0000e+00  0.0000e+00     0.0000e+00  0.0000e+00 
2.3753e+02     3.6654e-08  1.7194e-08     8.7065e-06  4.0840e-06     1.5290e-05  7.1722e-06     3.6318e-03  1.7036e-03 
2.6651e+02     0.0000e+00  0.0000e+00     0.0000e+00  0.0000e+00     0.0000e+00  0.0000e+00     0.0000e+00  0.0000e+00 
2.9903e+02     2.9116e-08  9.6548e-09     8.7065e-06  2.8871e-06     1.5290e-05  5.0703e-06     4.5722e-03  1.5162e-03 
3.3552e+02     2.5949e-08  1.6933e-08     8.7065e-06  5.6814e-06     1.5290e-05  9.9775e-06     5.1301e-03  3.3476e-03 
3.7646e+02     0.0000e+00  0.0000e+00     0.0000e+00  0.0000e+00     0.0000e+00  0.0000e+00     0.0000e+00  0.0000e+00 
4.2240e+02     0.0000e+00  0.0000e+00     0.0000e+00  0.0000e+00     0.0000e+00  0.0000e+00     0.0000e+00  0.0000e+00 
4.7394e+02     0.0000e+00  0.0000e+00     0.0000e+00  0.0000e+00     0.0000e+00  0.0000e+00     0.0000e+00  0.0000e+00 
5.3176e+02     1.6373e-08  1.0820e-08     8.7065e-06  5.7535e-06     1.5290e-05  1.0104e-05     8.1307e-03  5.3730e-03 
5.9665e+02     1.4592e-08  5.4589e-09     8.7065e-06  3.2570e-06     1.5290e-05  5.7200e-06     9.1228e-03  3.4128e-03 
6.6945e+02     0.0000e+00  0.0000e+00     0.0000e+00  0.0000e+00     0.0000e+00  0.0000e+00     0.0000e+00  0.0000e+00 
7.5114e+02     0.0000e+00  0.0000e+00     0.0000e+00  0.0000e+00     0.0000e+00  0.0000e+00     0.0000e+00  0.0000e+00 
8.4279e+02     0.0000e+00  0.0000e+00     0.0000e+00  0.0000e+00     0.0000e+00  0.0000e+00     0.0000e+00  0.0000e+00 
9.4563e+02     0.0000e+00  0.0000e+00     0.0000e+00  0.0000e+00     0.0000e+00  0.0000e+00     0.0000e+00  0.0000e+00 
1.0610e+03     0.0000e+00  0.0000e+00     0.0000e+00  0.0000e+00     0.0000e+00  0.0000e+00     0.0000e+00  0.0000e+00 
1.1905e+03     0.0000e+00  0.0000e+00     0.0000e+00  0.0000e+00     0.0000e+00  0.0000e+00     0.0000e+00  0.0000e+00 
1.3357e+03     0.0000e+00  0.0000e+00     0.0000e+00  0.0000e+00     0.0000e+00  0.0000e+00     0.0000e+00  0.0000e+00 
1.4987e+03     0.0000e+00  0.0000e+00     0.0000e+00  0.0000e+00     0.0000e+00  0.0000e+00     0.0000e+00  0.0000e+00 
1.6816e+03     0.0000e+00  0.0000e+00     0.0000e+00  0.0000e+00     0.0000e+00  0.0000e+00     0.0000e+00  0.0000e+00 
1.8868e+03     0.0000e+00  0.0000e+00     0.0000e+00  0.0000e+00     0.0000e+00  0.0000e+00     0.0000e+00  0.0000e+00 
2.1170e+03     0.0000e+00  0.0000e+00     0.0000e+00  0.0000e+00     0.0000e+00  0.0000e+00     0.0000e+00  0.0000e+00 
2.3753e+03     0.0000e+00  0.0000e+00     0.0000e+00  0.0000e+00     0.0000e+00  0.0000e+00     0.0000e+00  0.0000e+00 
2.6651e+03     0.0000e+00  0.0000e+00     0.0000e+00  0.0000e+00     0.0000e+00  0.0000e+00     0.0000e+00  0.0000e+00 
2.9903e+03     0.0000e+00  0.0000e+00     0.0000e+00  0.0000e+00     0.0000e+00  0.0000e+00     0.0000e+00  0.0000e+00 
3.3552e+03     0.0000e+00  0.0000e+00     0.0000e+00  0.0000e+00     0.0000e+00  0.0000e+00     0.0000e+00  0.0000e+00 
3.7646e+03     0.0000e+00  0.0000e+00     0.0000e+00  0.0000e+00     0.0000e+00  0.0000e+00     0.0000e+00  0.0000e+00 
4.2240e+03     0.0000e+00  0.0000e+00     0.0000e+00  0.0000e+00     0.0000e+00  0.0000e+00     0.0000e+00  0.0000e+00 
4.7394e+03     0.0000e+00  0.0000e+00     0.0000e+00  0.0000e+00     0.0000e+00  0.0000e+00     0.0000e+00  0.0000e+00 
5.3176e+03     0.0000e+00  0.0000e+00     0.0000e+00  0.0000e+00     0.0000e+00  0.0000e+00     0.0000e+00  0.0000e+00 
5.9665e+03     0.0000e+00  0.0000e+00     0.0000e+00  0.0000e+00     0.0000e+00  0.0000e+00     0.0000e+00  0.0000e+00 
6.6945e+03     0.0000e+00  0.0000e+00     0.0000e+00  0.0000e+00     0.0000e+00  0.0000e+00     0.0000e+00  0.0000e+00 
7.5114e+03     0.0000e+00  0.0000e+00     0.0000e+00  0.0000e+00     0.0000e+00  0.0000e+00     0.0000e+00  0.0000e+00 
8.4279e+03     0.0000e+00  0.0000e+00     0.0000e+00  0.0000e+00     0.0000e+00  0.0000e+00     0.0000e+00  0.0000e+00 
9.4563e+03     0.0000e+00  0.0000e+00     0.0000e+00  0.0000e+00     0.0000e+00  0.0000e+00     0.0000e+00  0.0000e+00 
