yF = 3.9851e-01 (std: 3.3003e-03) keV/um
yD = 1.8548e+00 (std: 2.4919e+00) keV/um
y (keV/um)     f(y)(std)                  yf(y)(std)                 d(y)(std)                  yd(y)(std)  
1.0610e-03     0.0000e+00  0.0000e+00     0.0000e+00  0.0000e+00     0.0000e+00  0.0000e+00     0.0000e+00  0.0000e+00 
1.1905e-03     7.3128e-03  7.2071e-03     8.7056e-06  8.5799e-06     2.1845e-05  2.1530e-05     2.6006e-08  2.5631e-08 
1.3357e-03     1.3035e-02  8.5272e-03     1.7411e-05  1.1390e-05     4.3691e-05  2.8584e-05     5.8359e-08  3.8180e-08 
1.4987e-03     1.5103e-01  3.5819e-02     2.2635e-04  5.3682e-05     5.6798e-04  1.3479e-04     8.5124e-07  2.0201e-07 
1.6816e-03     8.8010e-02  2.1093e-02     1.4800e-04  3.5470e-05     3.7137e-04  8.9059e-05     6.2449e-07  1.4976e-07 
1.8868e-03     9.6895e-02  2.2075e-02     1.8282e-04  4.1651e-05     4.5875e-04  1.0459e-04     8.6556e-07  1.9733e-07 
2.1170e-03     5.7572e-02  1.9823e-02     1.2188e-04  4.1965e-05     3.0583e-04  1.0533e-04     6.4745e-07  2.2299e-07 
2.3753e-03     4.7646e-02  2.0931e-02     1.1317e-04  4.9718e-05     2.8399e-04  1.2478e-04     6.7456e-07  2.9639e-07 
2.6651e-03     1.6332e-02  2.2930e-02     4.3528e-05  6.1111e-05     1.0923e-04  1.5335e-04     2.9110e-07  4.0870e-07 
2.9903e-03     5.2403e-02  1.1913e-02     1.5670e-04  3.5625e-05     3.9321e-04  8.9453e-05     1.1758e-06  2.6750e-07 
3.3552e-03     7.7840e-02  2.6320e-02     2.6117e-04  8.8310e-05     6.5536e-04  2.2166e-04     2.1989e-06  7.4373e-07 
3.7646e-03     7.4000e-02  1.7564e-02     2.7858e-04  6.6121e-05     6.9905e-04  1.6602e-04     2.6316e-06  6.2500e-07 
4.2240e-03     5.5647e-02  1.2780e-02     2.3505e-04  5.3982e-05     5.8982e-04  1.3555e-04     2.4914e-06  5.7255e-07 
4.7394e-03     5.3270e-02  1.4226e-02     2.5246e-04  6.7422e-05     6.3351e-04  1.6927e-04     3.0024e-06  8.0221e-07 
5.3176e-03     6.3848e-02  1.2154e-02     3.3952e-04  6.4628e-05     8.5197e-04  1.6233e-04     4.5304e-06  8.6319e-07 
5.9665e-03     7.1495e-02  1.4224e-02     4.2658e-04  8.4867e-05     1.0704e-03  2.1314e-04     6.3866e-06  1.2717e-06 
6.6945e-03     7.0222e-02  1.8305e-02     4.7010e-04  1.2255e-04     1.1796e-03  3.0766e-04     7.8971e-06  2.0596e-06 
7.5114e-03     9.8514e-02  1.4922e-02     7.3998e-04  1.1209e-04     1.8568e-03  2.8168e-04     1.3947e-05  2.1158e-06 
8.4279e-03     1.0743e-01  1.7804e-02     9.0538e-04  1.5005e-04     2.2719e-03  3.7700e-04     1.9147e-05  3.1773e-06 
9.4563e-03     8.9300e-02  1.5535e-02     8.4445e-04  1.4691e-04     2.1190e-03  3.6905e-04     2.0038e-05  3.4898e-06 
1.0610e-02     9.4358e-02  1.3856e-02     1.0011e-03  1.4701e-04     2.5122e-03  3.6949e-04     2.6655e-05  3.9204e-06 
1.1905e-02     1.2651e-01  1.5635e-02     1.5061e-03  1.8613e-04     3.7792e-03  4.6810e-04     4.4991e-05  5.5726e-06 
1.3357e-02     1.4273e-01  1.4583e-02     1.9065e-03  1.9479e-04     4.7841e-03  4.9040e-04     6.3903e-05  6.5504e-06 
1.4987e-02     1.5335e-01  1.0576e-02     2.2983e-03  1.5851e-04     5.7671e-03  4.0061e-04     8.6433e-05  6.0040e-06 
1.6816e-02     1.6877e-01  1.1104e-02     2.8380e-03  1.8673e-04     7.1216e-03  4.7226e-04     1.1976e-04  7.9414e-06 
1.8868e-02     1.9471e-01  1.2897e-02     3.6738e-03  2.4334e-04     9.2187e-03  6.1538e-04     1.7394e-04  1.1611e-05 
2.1170e-02     2.3111e-01  1.2994e-02     4.8926e-03  2.7509e-04     1.2277e-02  6.9773e-04     2.5990e-04  1.4771e-05 
2.3753e-02     2.3603e-01  1.5397e-02     5.6064e-03  3.6573e-04     1.4068e-02  9.2510e-04     3.3417e-04  2.1974e-05 
2.6651e-02     2.6491e-01  2.7649e-02     7.0603e-03  7.3688e-04     1.7717e-02  1.8549e-03     4.7217e-04  4.9436e-05 
2.9903e-02     2.8385e-01  1.1270e-02     8.4880e-03  3.3700e-04     2.1299e-02  8.6384e-04     6.3691e-04  2.5832e-05 
3.3552e-02     3.2304e-01  2.0397e-02     1.0839e-02  6.8437e-04     2.7197e-02  1.7320e-03     9.1253e-04  5.8113e-05 
3.7646e-02     3.5104e-01  1.4608e-02     1.3215e-02  5.4993e-04     3.3161e-02  1.4070e-03     1.2484e-03  5.2968e-05 
4.2240e-02     4.0334e-01  2.2865e-02     1.7037e-02  9.6581e-04     4.2751e-02  2.4492e-03     1.8058e-03  1.0346e-04 
4.7394e-02     4.4048e-01  1.9798e-02     2.0876e-02  9.3829e-04     5.2385e-02  2.3941e-03     2.4827e-03  1.1347e-04 
5.3176e-02     4.8655e-01  1.3074e-02     2.5873e-02  6.9523e-04     6.4924e-02  1.8255e-03     3.4524e-03  9.7075e-05 
5.9665e-02     5.3505e-01  1.3765e-02     3.1924e-02  8.2127e-04     8.0107e-02  2.1650e-03     4.7796e-03  1.2917e-04 
6.6945e-02     5.8792e-01  1.0703e-02     3.9358e-02  7.1650e-04     9.8762e-02  1.9752e-03     6.6117e-03  1.3223e-04 
7.5114e-02     6.5669e-01  7.3766e-03     4.9326e-02  5.5408e-04     1.2378e-01  1.7274e-03     9.2972e-03  1.2975e-04 
8.4279e-02     6.9373e-01  1.0806e-02     5.8467e-02  9.1070e-04     1.4671e-01  2.5882e-03     1.2365e-02  2.1813e-04 
9.4563e-02     7.9358e-01  1.8384e-02     7.5042e-02  1.7385e-03     1.8831e-01  4.6327e-03     1.7807e-02  4.3808e-04 
1.0610e-01     8.7704e-01  1.1095e-02     9.3054e-02  1.1772e-03     2.3350e-01  3.5307e-03     2.4775e-02  3.7461e-04 
1.1905e-01     9.4481e-01  1.4644e-02     1.1248e-01  1.7433e-03     2.8224e-01  4.9599e-03     3.3600e-02  5.9046e-04 
1.3357e-01     1.0676e+00  1.0612e-02     1.4260e-01  1.4175e-03     3.5783e-01  4.6296e-03     4.7796e-02  6.1839e-04 
1.4987e-01     1.1856e+00  9.9473e-03     1.7769e-01  1.4908e-03     4.4588e-01  5.2564e-03     6.6825e-02  7.8779e-04 
1.6816e-01     1.3397e+00  1.0117e-02     2.2528e-01  1.7012e-03     5.6529e-01  6.3356e-03     9.5058e-02  1.0654e-03 
1.8868e-01     1.5045e+00  1.0410e-02     2.8387e-01  1.9642e-03     7.1233e-01  7.6873e-03     1.3440e-01  1.4504e-03 
2.1170e-01     1.6893e+00  9.5349e-03     3.5763e-01  2.0185e-03     8.9740e-01  8.9938e-03     1.8998e-01  1.9040e-03 
2.3753e-01     1.9068e+00  1.0702e-02     4.5293e-01  2.5420e-03     1.1365e+00  1.1370e-02     2.6996e-01  2.7007e-03 
2.6651e-01     2.1955e+00  1.5608e-02     5.8512e-01  4.1598e-03     1.4683e+00  1.6025e-02     3.9131e-01  4.2710e-03 
2.9903e-01     2.5177e+00  1.8388e-02     7.5289e-01  5.4988e-03     1.8892e+00  2.0861e-02     5.6495e-01  6.2381e-03 
3.3552e-01     2.7596e+00  1.0407e-02     9.2590e-01  3.4917e-03     2.3234e+00  2.1142e-02     7.7954e-01  7.0936e-03 
3.7646e-01     2.6572e+00  6.4641e-03     1.0003e+00  2.4335e-03     2.5101e+00  2.1666e-02     9.4496e-01  8.1564e-03 
4.2240e-01     2.0755e+00  2.0740e-02     8.7667e-01  8.7603e-03     2.1999e+00  2.8551e-02     9.2921e-01  1.2060e-02 
4.7394e-01     1.3884e+00  9.1362e-03     6.5803e-01  4.3300e-03     1.6512e+00  1.7466e-02     7.8257e-01  8.2776e-03 
5.3176e-01     8.4885e-01  4.0006e-03     4.5139e-01  2.1274e-03     1.1327e+00  1.0793e-02     6.0232e-01  5.7393e-03 
5.9665e-01     5.2650e-01  3.8201e-03     3.1413e-01  2.2793e-03     7.8826e-01  8.6791e-03     4.7032e-01  5.1784e-03 
6.6945e-01     3.3235e-01  8.4208e-03     2.2249e-01  5.6373e-03     5.5830e-01  1.4882e-02     3.7375e-01  9.9630e-03 
7.5114e-01     2.1459e-01  3.3055e-03     1.6118e-01  2.4829e-03     4.0447e-01  7.0737e-03     3.0381e-01  5.3133e-03 
8.4279e-01     1.4472e-01  2.6865e-03     1.2197e-01  2.2642e-03     3.0605e-01  6.2213e-03     2.5794e-01  5.2432e-03 
9.4563e-01     9.9510e-02  9.9055e-04     9.4099e-02  9.3669e-04     2.3613e-01  3.0575e-03     2.2329e-01  2.8913e-03 
1.0610e+00     6.9776e-02  7.3063e-04     7.4033e-02  7.7521e-04     1.8577e-01  2.4801e-03     1.9711e-01  2.6314e-03 
1.1905e+00     4.8981e-02  6.3105e-04     5.8310e-02  7.5125e-04     1.4632e-01  2.2410e-03     1.7419e-01  2.6679e-03 
1.3357e+00     3.3865e-02  1.1257e-03     4.5234e-02  1.5037e-03     1.1351e-01  3.8885e-03     1.5162e-01  5.1940e-03 
1.4987e+00     2.3915e-02  6.1666e-04     3.5841e-02  9.2420e-04     8.9937e-02  2.4358e-03     1.3479e-01  3.6505e-03 
1.6816e+00     1.7079e-02  3.7850e-04     2.8720e-02  6.3648e-04     7.2068e-02  1.7050e-03     1.2119e-01  2.8671e-03 
1.8868e+00     1.0935e-02  2.3058e-04     2.0632e-02  4.3505e-04     5.1773e-02  1.1729e-03     9.7684e-02  2.2129e-03 
2.1170e+00     7.1430e-03  1.1726e-04     1.5122e-02  2.4825e-04     3.7945e-02  6.9771e-04     8.0330e-02  1.4770e-03 
2.3753e+00     4.0242e-03  1.5895e-04     9.5588e-03  3.7755e-04     2.3986e-02  9.6801e-04     5.6974e-02  2.2993e-03 
2.6651e+00     2.2408e-03  1.7760e-04     5.9721e-03  4.7332e-04     1.4986e-02  1.1942e-03     3.9939e-02  3.1827e-03 
2.9903e+00     1.0306e-03  1.2415e-04     3.0818e-03  3.7126e-04     7.7332e-03  9.3381e-04     2.3125e-02  2.7924e-03 
3.3552e+00     4.2034e-04  6.0799e-05     1.4103e-03  2.0399e-04     3.5389e-03  5.1272e-04     1.1874e-02  1.7203e-03 
3.7646e+00     1.1794e-04  2.1024e-05     4.4399e-04  7.9148e-05     1.1141e-03  1.9882e-04     4.1942e-03  7.4849e-04 
4.2240e+00     3.7098e-05  1.2689e-05     1.5670e-04  5.3600e-05     3.9321e-04  1.3454e-04     1.6609e-03  5.6829e-04 
4.7394e+00     1.1021e-05  1.0572e-05     5.2234e-05  5.0103e-05     1.3107e-04  1.2573e-04     6.2119e-04  5.9588e-04 
5.3176e+00     3.2742e-06  1.4197e-06     1.7411e-05  7.5495e-06     4.3691e-05  1.8948e-05     2.3233e-04  1.0076e-04 
5.9665e+00     2.9182e-06  1.6126e-06     1.7411e-05  9.6216e-06     4.3691e-05  2.4147e-05     2.6068e-04  1.4407e-04 
6.6945e+00     0.0000e+00  0.0000e+00     0.0000e+00  0.0000e+00     0.0000e+00  0.0000e+00     0.0000e+00  0.0000e+00 
7.5114e+00     0.0000e+00  0.0000e+00     0.0000e+00  0.0000e+00     0.0000e+00  0.0000e+00     0.0000e+00  0.0000e+00 
8.4279e+00     2.0659e-06  1.7064e-06     1.7411e-05  1.4382e-05     4.3691e-05  3.6090e-05     3.6822e-04  3.0417e-04 
9.4563e+00     0.0000e+00  0.0000e+00     0.0000e+00  0.0000e+00     0.0000e+00  0.0000e+00     0.0000e+00  0.0000e+00 
1.0610e+01     0.0000e+00  0.0000e+00     0.0000e+00  0.0000e+00     0.0000e+00  0.0000e+00     0.0000e+00  0.0000e+00 
1.1905e+01     0.0000e+00  0.0000e+00     0.0000e+00  0.0000e+00     0.0000e+00  0.0000e+00     0.0000e+00  0.0000e+00 
1.3357e+01     0.0000e+00  0.0000e+00     0.0000e+00  0.0000e+00     0.0000e+00  0.0000e+00     0.0000e+00  0.0000e+00 
1.4987e+01     0.0000e+00  0.0000e+00     0.0000e+00  0.0000e+00     0.0000e+00  0.0000e+00     0.0000e+00  0.0000e+00 
1.6816e+01     5.1770e-07  9.6243e-07     8.7056e-06  1.6184e-05     2.1845e-05  4.0611e-05     3.6735e-04  6.8292e-04 
1.8868e+01     0.0000e+00  0.0000e+00     0.0000e+00  0.0000e+00     0.0000e+00  0.0000e+00     0.0000e+00  0.0000e+00 
2.1170e+01     0.0000e+00  0.0000e+00     0.0000e+00  0.0000e+00     0.0000e+00  0.0000e+00     0.0000e+00  0.0000e+00 
2.3753e+01     0.0000e+00  0.0000e+00     0.0000e+00  0.0000e+00     0.0000e+00  0.0000e+00     0.0000e+00  0.0000e+00 
2.6651e+01     0.0000e+00  0.0000e+00     0.0000e+00  0.0000e+00     0.0000e+00  0.0000e+00     0.0000e+00  0.0000e+00 
2.9903e+01     0.0000e+00  0.0000e+00     0.0000e+00  0.0000e+00     0.0000e+00  0.0000e+00     0.0000e+00  0.0000e+00 
3.3552e+01     2.5947e-07  2.0004e-07     8.7056e-06  6.7118e-06     2.1845e-05  1.6843e-05     7.3295e-04  5.6512e-04 
3.7646e+01     0.0000e+00  0.0000e+00     0.0000e+00  0.0000e+00     0.0000e+00  0.0000e+00     0.0000e+00  0.0000e+00 
4.2240e+01     0.0000e+00  0.0000e+00     0.0000e+00  0.0000e+00     0.0000e+00  0.0000e+00     0.0000e+00  0.0000e+00 
4.7394e+01     1.8369e-07  1.8369e-08     8.7056e-06  8.7059e-07     2.1845e-05  2.1921e-06     1.0353e-03  1.0389e-04 
5.3176e+01     1.6371e-07  1.4784e-07     8.7056e-06  7.8616e-06     2.1845e-05  1.9728e-05     1.1617e-03  1.0491e-03 
5.9665e+01     1.4591e-07  1.7139e-06     8.7056e-06  1.0226e-04     2.1845e-05  2.5660e-04     1.3034e-03  1.5310e-02 
6.6945e+01     0.0000e+00  0.0000e+00     0.0000e+00  0.0000e+00     0.0000e+00  0.0000e+00     0.0000e+00  0.0000e+00 
7.5114e+01     2.3180e-07  1.3970e-07     1.7411e-05  1.0493e-05     4.3691e-05  2.6333e-05     3.2818e-03  1.9780e-03 
8.4279e+01     1.0330e-07  2.7326e-08     8.7056e-06  2.3030e-06     2.1845e-05  5.7819e-06     1.8411e-03  4.8729e-04 
9.4563e+01     0.0000e+00  0.0000e+00     0.0000e+00  0.0000e+00     0.0000e+00  0.0000e+00     0.0000e+00  0.0000e+00 
1.0610e+02     8.2050e-08  9.3209e-08     8.7056e-06  9.8895e-06     2.1845e-05  2.4817e-05     2.3178e-03  2.6331e-03 
1.1905e+02     7.3128e-08  5.1347e-08     8.7056e-06  6.1127e-06     2.1845e-05  1.5340e-05     2.6006e-03  1.8262e-03 
1.3357e+02     1.9552e-07  8.0738e-08     2.6117e-05  1.0784e-05     6.5536e-05  2.7067e-05     8.7538e-03  3.6154e-03 
1.4987e+02     0.0000e+00  0.0000e+00     0.0000e+00  0.0000e+00     0.0000e+00  0.0000e+00     0.0000e+00  0.0000e+00 
1.6816e+02     0.0000e+00  0.0000e+00     0.0000e+00  0.0000e+00     0.0000e+00  0.0000e+00     0.0000e+00  0.0000e+00 
1.8868e+02     4.6140e-08  5.4198e-07     8.7056e-06  1.0226e-04     2.1845e-05  2.5660e-04     4.1217e-03  4.8415e-02 
2.1170e+02     0.0000e+00  0.0000e+00     0.0000e+00  0.0000e+00     0.0000e+00  0.0000e+00     0.0000e+00  0.0000e+00 
2.3753e+02     0.0000e+00  0.0000e+00     0.0000e+00  0.0000e+00     0.0000e+00  0.0000e+00     0.0000e+00  0.0000e+00 
2.6651e+02     3.2665e-08  2.6761e-08     8.7056e-06  7.1323e-06     2.1845e-05  1.7898e-05     5.8221e-03  4.7701e-03 
2.9903e+02     0.0000e+00  0.0000e+00     0.0000e+00  0.0000e+00     0.0000e+00  0.0000e+00     0.0000e+00  0.0000e+00 
3.3552e+02     2.5947e-08  1.1007e-08     8.7056e-06  3.6930e-06     2.1845e-05  9.2687e-06     7.3295e-03  3.1098e-03 
3.7646e+02     0.0000e+00  0.0000e+00     0.0000e+00  0.0000e+00     0.0000e+00  0.0000e+00     0.0000e+00  0.0000e+00 
4.2240e+02     2.0610e-08  1.0337e-07     8.7056e-06  4.3663e-05     2.1845e-05  1.0956e-04     9.2273e-03  4.6279e-02 
4.7394e+02     0.0000e+00  0.0000e+00     0.0000e+00  0.0000e+00     0.0000e+00  0.0000e+00     0.0000e+00  0.0000e+00 
5.3176e+02     0.0000e+00  0.0000e+00     0.0000e+00  0.0000e+00     0.0000e+00  0.0000e+00     0.0000e+00  0.0000e+00 
5.9665e+02     0.0000e+00  0.0000e+00     0.0000e+00  0.0000e+00     0.0000e+00  0.0000e+00     0.0000e+00  0.0000e+00 
6.6945e+02     0.0000e+00  0.0000e+00     0.0000e+00  0.0000e+00     0.0000e+00  0.0000e+00     0.0000e+00  0.0000e+00 
7.5114e+02     0.0000e+00  0.0000e+00     0.0000e+00  0.0000e+00     0.0000e+00  0.0000e+00     0.0000e+00  0.0000e+00 
8.4279e+02     0.0000e+00  0.0000e+00     0.0000e+00  0.0000e+00     0.0000e+00  0.0000e+00     0.0000e+00  0.0000e+00 
9.4563e+02     0.0000e+00  0.0000e+00     0.0000e+00  0.0000e+00     0.0000e+00  0.0000e+00     0.0000e+00  0.0000e+00 
1.0610e+03     0.0000e+00  0.0000e+00     0.0000e+00  0.0000e+00     0.0000e+00  0.0000e+00     0.0000e+00  0.0000e+00 
1.1905e+03     0.0000e+00  0.0000e+00     0.0000e+00  0.0000e+00     0.0000e+00  0.0000e+00     0.0000e+00  0.0000e+00 
1.3357e+03     0.0000e+00  0.0000e+00     0.0000e+00  0.0000e+00     0.0000e+00  0.0000e+00     0.0000e+00  0.0000e+00 
1.4987e+03     0.0000e+00  0.0000e+00     0.0000e+00  0.0000e+00     0.0000e+00  0.0000e+00     0.0000e+00  0.0000e+00 
1.6816e+03     0.0000e+00  0.0000e+00     0.0000e+00  0.0000e+00     0.0000e+00  0.0000e+00     0.0000e+00  0.0000e+00 
1.8868e+03     0.0000e+00  0.0000e+00     0.0000e+00  0.0000e+00     0.0000e+00  0.0000e+00     0.0000e+00  0.0000e+00 
2.1170e+03     0.0000e+00  0.0000e+00     0.0000e+00  0.0000e+00     0.0000e+00  0.0000e+00     0.0000e+00  0.0000e+00 
2.3753e+03     0.0000e+00  0.0000e+00     0.0000e+00  0.0000e+00     0.0000e+00  0.0000e+00     0.0000e+00  0.0000e+00 
2.6651e+03     0.0000e+00  0.0000e+00     0.0000e+00  0.0000e+00     0.0000e+00  0.0000e+00     0.0000e+00  0.0000e+00 
2.9903e+03     0.0000e+00  0.0000e+00     0.0000e+00  0.0000e+00     0.0000e+00  0.0000e+00     0.0000e+00  0.0000e+00 
3.3552e+03     0.0000e+00  0.0000e+00     0.0000e+00  0.0000e+00     0.0000e+00  0.0000e+00     0.0000e+00  0.0000e+00 
3.7646e+03     0.0000e+00  0.0000e+00     0.0000e+00  0.0000e+00     0.0000e+00  0.0000e+00     0.0000e+00  0.0000e+00 
4.2240e+03     0.0000e+00  0.0000e+00     0.0000e+00  0.0000e+00     0.0000e+00  0.0000e+00     0.0000e+00  0.0000e+00 
4.7394e+03     0.0000e+00  0.0000e+00     0.0000e+00  0.0000e+00     0.0000e+00  0.0000e+00     0.0000e+00  0.0000e+00 
5.3176e+03     0.0000e+00  0.0000e+00     0.0000e+00  0.0000e+00     0.0000e+00  0.0000e+00     0.0000e+00  0.0000e+00 
5.9665e+03     0.0000e+00  0.0000e+00     0.0000e+00  0.0000e+00     0.0000e+00  0.0000e+00     0.0000e+00  0.0000e+00 
6.6945e+03     0.0000e+00  0.0000e+00     0.0000e+00  0.0000e+00     0.0000e+00  0.0000e+00     0.0000e+00  0.0000e+00 
7.5114e+03     0.0000e+00  0.0000e+00     0.0000e+00  0.0000e+00     0.0000e+00  0.0000e+00     0.0000e+00  0.0000e+00 
8.4279e+03     0.0000e+00  0.0000e+00     0.0000e+00  0.0000e+00     0.0000e+00  0.0000e+00     0.0000e+00  0.0000e+00 
9.4563e+03     0.0000e+00  0.0000e+00     0.0000e+00  0.0000e+00     0.0000e+00  0.0000e+00     0.0000e+00  0.0000e+00 
