yF = 2.9910e+00 (std: 8.1327e-03) keV/um
yD = 4.0005e+00 (std: 4.1318e-01) keV/um
y (keV/um)     f(y)(std)                  yf(y)(std)                 d(y)(std)                  yd(y)(std)  
1.0610e-03     0.0000e+00  0.0000e+00     0.0000e+00  0.0000e+00     0.0000e+00  0.0000e+00     0.0000e+00  0.0000e+00 
1.1905e-03     7.3545e-03  5.3489e-03     8.7554e-06  6.3678e-06     2.9273e-06  2.1290e-06     3.4848e-09  2.5345e-09 
1.3357e-03     0.0000e+00  0.0000e+00     0.0000e+00  0.0000e+00     0.0000e+00  0.0000e+00     0.0000e+00  0.0000e+00 
1.4987e-03     0.0000e+00  0.0000e+00     0.0000e+00  0.0000e+00     0.0000e+00  0.0000e+00     0.0000e+00  0.0000e+00 
1.6816e-03     1.0413e-02  1.1075e-02     1.7511e-05  1.8624e-05     5.8545e-06  6.2267e-06     9.8449e-09  1.0471e-08 
1.8868e-03     0.0000e+00  0.0000e+00     0.0000e+00  0.0000e+00     0.0000e+00  0.0000e+00     0.0000e+00  0.0000e+00 
2.1170e-03     0.0000e+00  0.0000e+00     0.0000e+00  0.0000e+00     0.0000e+00  0.0000e+00     0.0000e+00  0.0000e+00 
2.3753e-03     0.0000e+00  0.0000e+00     0.0000e+00  0.0000e+00     0.0000e+00  0.0000e+00     0.0000e+00  0.0000e+00 
2.6651e-03     0.0000e+00  0.0000e+00     0.0000e+00  0.0000e+00     0.0000e+00  0.0000e+00     0.0000e+00  0.0000e+00 
2.9903e-03     2.9279e-03  5.0713e-04     8.7554e-06  1.5165e-06     2.9273e-06  5.0708e-07     8.7534e-09  1.5163e-09 
3.3552e-03     0.0000e+00  0.0000e+00     0.0000e+00  0.0000e+00     0.0000e+00  0.0000e+00     0.0000e+00  0.0000e+00 
3.7646e-03     0.0000e+00  0.0000e+00     0.0000e+00  0.0000e+00     0.0000e+00  0.0000e+00     0.0000e+00  0.0000e+00 
4.2240e-03     0.0000e+00  0.0000e+00     0.0000e+00  0.0000e+00     0.0000e+00  0.0000e+00     0.0000e+00  0.0000e+00 
4.7394e-03     1.8474e-03  1.3125e-03     8.7554e-06  6.2206e-06     2.9273e-06  2.0798e-06     1.3873e-08  9.8569e-09 
5.3176e-03     1.6465e-03  8.7195e-04     8.7554e-06  4.6367e-06     2.9273e-06  1.5503e-06     1.5566e-08  8.2437e-09 
5.9665e-03     1.4674e-03  5.6824e-04     8.7554e-06  3.3904e-06     2.9273e-06  1.1336e-06     1.7465e-08  6.7634e-09 
6.6945e-03     0.0000e+00  0.0000e+00     0.0000e+00  0.0000e+00     0.0000e+00  0.0000e+00     0.0000e+00  0.0000e+00 
7.5114e-03     2.3312e-03  9.4910e-04     1.7511e-05  7.1290e-06     5.8545e-06  2.3835e-06     4.3975e-08  1.7904e-08 
8.4279e-03     3.1166e-03  1.6867e-03     2.6266e-05  1.4216e-05     8.7818e-06  4.7529e-06     7.4012e-08  4.0057e-08 
9.4563e-03     9.2588e-04  4.9034e-04     8.7554e-06  4.6367e-06     2.9273e-06  1.5503e-06     2.7681e-08  1.4660e-08 
1.0610e-02     3.3008e-03  1.0179e-03     3.5021e-05  1.0800e-05     1.1709e-05  3.6109e-06     1.2423e-07  3.8312e-08 
1.1905e-02     9.5609e-03  1.0123e-02     1.1382e-04  1.2051e-04     3.8054e-05  4.0292e-05     4.5303e-07  4.7966e-07 
1.3357e-02     3.2774e-03  1.4919e-03     4.3777e-05  1.9928e-05     1.4636e-05  6.6628e-06     1.9550e-07  8.8997e-08 
1.4987e-02     3.5051e-03  1.7411e-03     5.2532e-05  2.6094e-05     1.7564e-05  8.7242e-06     2.6323e-07  1.3075e-07 
1.6816e-02     3.1240e-03  1.6857e-03     5.2532e-05  2.8346e-05     1.7564e-05  9.4773e-06     2.9535e-07  1.5937e-07 
1.8868e-02     6.4966e-03  2.1937e-03     1.2258e-04  4.1390e-05     4.0982e-05  1.3839e-05     7.7323e-07  2.6111e-07 
2.1170e-02     6.6172e-03  1.7994e-03     1.4009e-04  3.8094e-05     4.6836e-05  1.2737e-05     9.9151e-07  2.6964e-07 
2.3753e-02     4.7918e-03  1.8115e-03     1.1382e-04  4.3029e-05     3.8054e-05  1.4386e-05     9.0390e-07  3.4172e-07 
2.6651e-02     4.2707e-03  1.4193e-03     1.1382e-04  3.7826e-05     3.8054e-05  1.2647e-05     1.0142e-06  3.3706e-07 
2.9903e-02     3.5135e-03  1.3628e-03     1.0506e-04  4.0751e-05     3.5127e-05  1.3625e-05     1.0504e-06  4.0743e-07 
3.3552e-02     4.6971e-03  1.3178e-03     1.5760e-04  4.4214e-05     5.2691e-05  1.4783e-05     1.7679e-06  4.9600e-07 
3.7646e-02     5.5817e-03  1.2690e-03     2.1013e-04  4.7773e-05     7.0254e-05  1.5973e-05     2.6448e-06  6.0134e-07 
4.2240e-02     4.3529e-03  1.4694e-03     1.8386e-04  6.2066e-05     6.1472e-05  2.0752e-05     2.5966e-06  8.7654e-07 
4.7394e-02     4.2490e-03  1.0653e-03     2.0137e-04  5.0490e-05     6.7327e-05  1.6882e-05     3.1909e-06  8.0009e-07 
5.3176e-02     4.9394e-03  2.3968e-03     2.6266e-04  1.2746e-04     8.7818e-05  4.2614e-05     4.6698e-06  2.2661e-06 
5.9665e-02     5.1360e-03  1.1034e-03     3.0644e-04  6.5834e-05     1.0245e-04  2.2013e-05     6.1129e-06  1.3134e-06 
6.6945e-02     7.3239e-03  1.5328e-03     4.9030e-04  1.0261e-04     1.6393e-04  3.4310e-05     1.0974e-05  2.2969e-06 
7.5114e-02     6.9937e-03  1.2431e-03     5.2532e-04  9.3372e-05     1.7564e-04  3.1222e-05     1.3193e-05  2.3452e-06 
8.4279e-02     6.7526e-03  7.8566e-04     5.6910e-04  6.6214e-05     1.9027e-04  2.2144e-05     1.6036e-05  1.8663e-06 
9.4563e-02     8.4255e-03  1.2682e-03     7.9674e-04  1.1993e-04     2.6638e-04  4.0102e-05     2.5190e-05  3.7922e-06 
1.0610e-01     8.0869e-03  3.3682e-03     8.5803e-04  3.5737e-04     2.8687e-04  1.1948e-04     3.0437e-05  1.2677e-05 
1.1905e-01     9.4874e-03  1.0711e-03     1.1294e-03  1.2751e-04     3.7762e-04  4.2644e-05     4.4954e-05  5.0767e-06 
1.3357e-01     1.1733e-02  1.0323e-03     1.5672e-03  1.3788e-04     5.2398e-04  4.6122e-05     6.9989e-05  6.1607e-06 
1.4987e-01     1.1684e-02  1.0633e-03     1.7511e-03  1.5937e-04     5.8545e-04  5.3306e-05     8.7742e-05  7.9890e-06 
1.6816e-01     1.3745e-02  1.5208e-03     2.3114e-03  2.5574e-04     7.7279e-04  8.5530e-05     1.2995e-04  1.4383e-05 
1.8868e-01     1.5592e-02  2.0270e-03     2.9418e-03  3.8245e-04     9.8356e-04  1.2790e-04     1.8557e-04  2.4131e-05 
2.1170e-01     1.7701e-02  1.8013e-03     3.7473e-03  3.8134e-04     1.2529e-03  1.2754e-04     2.6523e-04  2.7001e-05 
2.3753e-01     1.9904e-02  1.1195e-03     4.7279e-03  2.6591e-04     1.5807e-03  8.9008e-05     3.7547e-04  2.1142e-05 
2.6651e-01     2.2503e-02  1.5166e-03     5.9974e-03  4.0421e-04     2.0052e-03  1.3525e-04     5.3440e-04  3.6046e-05 
2.9903e-01     2.8254e-02  7.9351e-04     8.4489e-03  2.3728e-04     2.8248e-03  7.9704e-05     8.4471e-04  2.3834e-05 
3.3552e-01     3.1183e-02  1.9703e-03     1.0463e-02  6.6107e-04     3.4981e-03  2.2122e-04     1.1737e-03  7.4225e-05 
3.7646e-01     3.6467e-02  1.0372e-03     1.3728e-02  3.9046e-04     4.5899e-03  1.3114e-04     1.7279e-03  4.9369e-05 
4.2240e-01     4.1166e-02  1.0504e-03     1.7388e-02  4.4369e-04     5.8135e-03  1.4918e-04     2.4556e-03  6.3013e-05 
4.7394e-01     4.7755e-02  1.1666e-03     2.2633e-02  5.5289e-04     7.5669e-03  1.8599e-04     3.5862e-03  8.8149e-05 
5.3176e-01     5.7462e-02  9.4129e-04     3.0556e-02  5.0054e-04     1.0216e-02  1.6964e-04     5.4326e-03  9.0209e-05 
5.9665e-01     6.2527e-02  1.7974e-03     3.7307e-02  1.0724e-03     1.2473e-02  3.6014e-04     7.4420e-03  2.1488e-04 
6.6945e-01     7.2912e-02  2.1118e-03     4.8811e-02  1.4138e-03     1.6319e-02  4.7475e-04     1.0925e-02  3.1782e-04 
7.5114e-01     8.0323e-02  2.2912e-03     6.0333e-02  1.7210e-03     2.0172e-02  5.7800e-04     1.5152e-02  4.3416e-04 
8.4279e-01     8.9684e-02  1.2508e-03     7.5585e-02  1.0541e-03     2.5271e-02  3.5907e-04     2.1298e-02  3.0262e-04 
9.4563e-01     1.0168e-01  1.5906e-03     9.6151e-02  1.5041e-03     3.2147e-02  5.1042e-04     3.0399e-02  4.8267e-04 
1.0610e+00     1.1390e-01  2.1838e-03     1.2085e-01  2.3170e-03     4.0405e-02  7.8241e-04     4.2870e-02  8.3014e-04 
1.1905e+00     1.2861e-01  9.4216e-04     1.5311e-01  1.1216e-03     5.1189e-02  3.9999e-04     6.0939e-02  4.7618e-04 
1.3357e+00     1.4278e-01  7.1772e-04     1.9071e-01  9.5868e-04     6.3761e-02  3.6441e-04     8.5168e-02  4.8675e-04 
1.4987e+00     1.6269e-01  3.0031e-03     2.4383e-01  4.5008e-03     8.1521e-02  1.5210e-03     1.2218e-01  2.2796e-03 
1.6816e+00     1.8258e-01  8.1006e-04     3.0702e-01  1.3622e-03     1.0265e-01  5.3415e-04     1.7261e-01  8.9822e-04 
1.8868e+00     2.0683e-01  1.4751e-03     3.9024e-01  2.7832e-03     1.3047e-01  9.9586e-04     2.4617e-01  1.8790e-03 
2.1170e+00     2.3426e-01  3.4790e-03     4.9592e-01  7.3650e-03     1.6581e-01  2.5033e-03     3.5101e-01  5.2995e-03 
2.3753e+00     2.7131e-01  1.9136e-03     6.4445e-01  4.5455e-03     2.1546e-01  1.6287e-03     5.1179e-01  3.8688e-03 
2.6651e+00     3.1373e-01  2.2910e-03     8.3612e-01  6.1057e-03     2.7955e-01  2.1783e-03     7.4503e-01  5.8054e-03 
2.9903e+00     3.5914e-01  1.5782e-03     1.0740e+00  4.7194e-03     3.5906e-01  1.8555e-03     1.0737e+00  5.5485e-03 
3.3552e+00     3.5491e-01  9.7361e-04     1.1908e+00  3.2667e-03     3.9813e-01  1.5378e-03     1.3358e+00  5.1595e-03 
3.7646e+00     2.6662e-01  1.3745e-03     1.0037e+00  5.1746e-03     3.3558e-01  1.9559e-03     1.2633e+00  7.3633e-03 
4.2240e+00     1.6557e-01  1.6204e-03     6.9936e-01  6.8444e-03     2.3382e-01  2.3750e-03     9.8766e-01  1.0032e-02 
4.7394e+00     9.3307e-02  8.0281e-04     4.4222e-01  3.8048e-03     1.4785e-01  1.3341e-03     7.0071e-01  6.3228e-03 
5.3176e+00     4.7451e-02  4.0192e-04     2.5233e-01  2.1372e-03     8.4363e-02  7.5048e-04     4.4861e-01  3.9908e-03 
5.9665e+00     2.0836e-02  2.2734e-04     1.2432e-01  1.3564e-03     4.1564e-02  4.6738e-04     2.4799e-01  2.7886e-03 
6.6945e+00     7.5358e-03  2.3323e-04     5.0448e-02  1.5614e-03     1.6867e-02  5.2404e-04     1.1292e-01  3.5082e-03 
7.5114e+00     2.3872e-03  1.2238e-04     1.7931e-02  9.1921e-04     5.9950e-03  3.0776e-04     4.5031e-02  2.3117e-03 
8.4279e+00     6.0150e-04  3.6788e-05     5.0694e-03  3.1004e-04     1.6949e-03  1.0376e-04     1.4284e-02  8.7450e-04 
9.4563e+00     1.1388e-04  3.1707e-05     1.0769e-03  2.9983e-04     3.6005e-04  1.0025e-04     3.4047e-03  9.4798e-04 
1.0610e+01     1.8979e-05  6.8896e-06     2.0137e-04  7.3100e-05     6.7327e-05  2.4441e-05     7.1434e-04  2.5932e-04 
1.1905e+01     4.4127e-06  4.6210e-06     5.2532e-05  5.5012e-05     1.7564e-05  1.8393e-05     2.0909e-04  2.1896e-04 
1.3357e+01     1.9664e-06  6.1692e-07     2.6266e-05  8.2404e-06     8.7818e-06  2.7552e-06     1.1730e-04  3.6802e-05 
1.4987e+01     1.1684e-06  1.8100e-06     1.7511e-05  2.7127e-05     5.8545e-06  9.0696e-06     8.7742e-05  1.3593e-04 
1.6816e+01     5.2066e-07  2.3860e-07     8.7554e-06  4.0123e-06     2.9273e-06  1.3415e-06     4.9224e-05  2.2558e-05 
1.8868e+01     1.3921e-06  1.0833e-06     2.6266e-05  2.0439e-05     8.7818e-06  6.8335e-06     1.6569e-04  1.2893e-04 
2.1170e+01     4.1358e-07  5.5766e-07     8.7554e-06  1.1806e-05     2.9273e-06  3.9471e-06     6.1970e-05  8.3559e-05 
2.3753e+01     1.4744e-06  7.2277e-07     3.5021e-05  1.7168e-05     1.1709e-05  5.7400e-06     2.7812e-04  1.3634e-04 
2.6651e+01     6.5703e-07  5.2510e-07     1.7511e-05  1.3995e-05     5.8545e-06  4.6790e-06     1.5603e-04  1.2470e-04 
2.9903e+01     5.8558e-07  3.1027e-07     1.7511e-05  9.2781e-06     5.8545e-06  3.1021e-06     1.7507e-04  9.2762e-05 
3.3552e+01     1.3047e-06  4.4067e-07     4.3777e-05  1.4785e-05     1.4636e-05  4.9435e-06     4.9108e-04  1.6586e-04 
3.7646e+01     6.9771e-07  7.4493e-07     2.6266e-05  2.8044e-05     8.7818e-06  9.3761e-06     3.3060e-04  3.5297e-04 
4.2240e+01     6.2184e-07  1.3541e-06     2.6266e-05  5.7199e-05     8.7818e-06  1.9124e-05     3.7094e-04  8.0778e-04 
4.7394e+01     3.6948e-07  1.6049e-07     1.7511e-05  7.6062e-06     5.8545e-06  2.5431e-06     2.7747e-04  1.2053e-04 
5.3176e+01     3.2930e-07  1.8247e-07     1.7511e-05  9.7032e-06     5.8545e-06  3.2442e-06     3.1132e-04  1.7251e-04 
5.9665e+01     2.9348e-07  2.0085e-07     1.7511e-05  1.1983e-05     5.8545e-06  4.0066e-06     3.4931e-04  2.3905e-04 
6.6945e+01     2.6157e-07  2.2023e-07     1.7511e-05  1.4743e-05     5.8545e-06  4.9293e-06     3.9193e-04  3.2999e-04 
7.5114e+01     2.3312e-07  1.0952e-07     1.7511e-05  8.2263e-06     5.8545e-06  2.7504e-06     4.3975e-04  2.0659e-04 
8.4279e+01     3.1166e-07  1.6677e-07     2.6266e-05  1.4055e-05     8.7818e-06  4.6993e-06     7.4012e-04  3.9605e-04 
9.4563e+01     9.2588e-08  4.4411e-08     8.7554e-06  4.1997e-06     2.9273e-06  1.4041e-06     2.7681e-04  1.3278e-04 
1.0610e+02     1.6504e-07  9.4942e-08     1.7511e-05  1.0073e-05     5.8545e-06  3.3680e-06     6.2117e-04  3.5734e-04 
1.1905e+02     7.3545e-08  1.2797e-07     8.7554e-06  1.5235e-05     2.9273e-06  5.0936e-06     3.4848e-04  6.0637e-04 
1.3357e+02     6.5547e-08  4.3858e-08     8.7554e-06  5.8583e-06     2.9273e-06  1.9587e-06     3.9100e-04  2.6163e-04 
1.4987e+02     2.9210e-07  1.2523e-07     4.3777e-05  1.8768e-05     1.4636e-05  6.2750e-06     2.1936e-03  9.4045e-04 
1.6816e+02     5.2066e-08  8.0733e-08     8.7554e-06  1.3576e-05     2.9273e-06  4.5390e-06     4.9224e-04  7.6327e-04 
1.8868e+02     1.3921e-07  5.9844e-08     2.6266e-05  1.1291e-05     8.7818e-06  3.7751e-06     1.6569e-03  7.1228e-04 
2.1170e+02     2.4815e-07  9.2926e-07     5.2532e-05  1.9672e-04     1.7564e-05  6.5772e-05     3.7182e-03  1.3924e-02 
2.3753e+02     3.6860e-08  3.3287e-08     8.7554e-06  7.9067e-06     2.9273e-06  2.6435e-06     6.9531e-04  6.2792e-04 
2.6651e+02     0.0000e+00  0.0000e+00     0.0000e+00  0.0000e+00     0.0000e+00  0.0000e+00     0.0000e+00  0.0000e+00 
2.9903e+02     2.9279e-08  1.9591e-08     8.7554e-06  5.8583e-06     2.9273e-06  1.9587e-06     8.7534e-04  5.8571e-04 
3.3552e+02     2.6095e-08  1.3088e-07     8.7554e-06  4.3913e-05     2.9273e-06  1.4682e-05     9.8215e-04  4.9261e-03 
3.7646e+02     0.0000e+00  0.0000e+00     0.0000e+00  0.0000e+00     0.0000e+00  0.0000e+00     0.0000e+00  0.0000e+00 
4.2240e+02     2.0728e-08  3.6067e-08     8.7554e-06  1.5235e-05     2.9273e-06  5.0936e-06     1.2365e-03  2.1515e-03 
4.7394e+02     3.6948e-08  2.0585e-08     1.7511e-05  9.7558e-06     5.8545e-06  3.2618e-06     2.7747e-03  1.5459e-03 
5.3176e+02     0.0000e+00  0.0000e+00     0.0000e+00  0.0000e+00     0.0000e+00  0.0000e+00     0.0000e+00  0.0000e+00 
5.9665e+02     0.0000e+00  0.0000e+00     0.0000e+00  0.0000e+00     0.0000e+00  0.0000e+00     0.0000e+00  0.0000e+00 
6.6945e+02     0.0000e+00  0.0000e+00     0.0000e+00  0.0000e+00     0.0000e+00  0.0000e+00     0.0000e+00  0.0000e+00 
7.5114e+02     0.0000e+00  0.0000e+00     0.0000e+00  0.0000e+00     0.0000e+00  0.0000e+00     0.0000e+00  0.0000e+00 
8.4279e+02     0.0000e+00  0.0000e+00     0.0000e+00  0.0000e+00     0.0000e+00  0.0000e+00     0.0000e+00  0.0000e+00 
9.4563e+02     0.0000e+00  0.0000e+00     0.0000e+00  0.0000e+00     0.0000e+00  0.0000e+00     0.0000e+00  0.0000e+00 
1.0610e+03     0.0000e+00  0.0000e+00     0.0000e+00  0.0000e+00     0.0000e+00  0.0000e+00     0.0000e+00  0.0000e+00 
1.1905e+03     0.0000e+00  0.0000e+00     0.0000e+00  0.0000e+00     0.0000e+00  0.0000e+00     0.0000e+00  0.0000e+00 
1.3357e+03     0.0000e+00  0.0000e+00     0.0000e+00  0.0000e+00     0.0000e+00  0.0000e+00     0.0000e+00  0.0000e+00 
1.4987e+03     0.0000e+00  0.0000e+00     0.0000e+00  0.0000e+00     0.0000e+00  0.0000e+00     0.0000e+00  0.0000e+00 
1.6816e+03     0.0000e+00  0.0000e+00     0.0000e+00  0.0000e+00     0.0000e+00  0.0000e+00     0.0000e+00  0.0000e+00 
1.8868e+03     0.0000e+00  0.0000e+00     0.0000e+00  0.0000e+00     0.0000e+00  0.0000e+00     0.0000e+00  0.0000e+00 
2.1170e+03     0.0000e+00  0.0000e+00     0.0000e+00  0.0000e+00     0.0000e+00  0.0000e+00     0.0000e+00  0.0000e+00 
2.3753e+03     0.0000e+00  0.0000e+00     0.0000e+00  0.0000e+00     0.0000e+00  0.0000e+00     0.0000e+00  0.0000e+00 
2.6651e+03     0.0000e+00  0.0000e+00     0.0000e+00  0.0000e+00     0.0000e+00  0.0000e+00     0.0000e+00  0.0000e+00 
2.9903e+03     0.0000e+00  0.0000e+00     0.0000e+00  0.0000e+00     0.0000e+00  0.0000e+00     0.0000e+00  0.0000e+00 
3.3552e+03     0.0000e+00  0.0000e+00     0.0000e+00  0.0000e+00     0.0000e+00  0.0000e+00     0.0000e+00  0.0000e+00 
3.7646e+03     0.0000e+00  0.0000e+00     0.0000e+00  0.0000e+00     0.0000e+00  0.0000e+00     0.0000e+00  0.0000e+00 
4.2240e+03     0.0000e+00  0.0000e+00     0.0000e+00  0.0000e+00     0.0000e+00  0.0000e+00     0.0000e+00  0.0000e+00 
4.7394e+03     0.0000e+00  0.0000e+00     0.0000e+00  0.0000e+00     0.0000e+00  0.0000e+00     0.0000e+00  0.0000e+00 
5.3176e+03     0.0000e+00  0.0000e+00     0.0000e+00  0.0000e+00     0.0000e+00  0.0000e+00     0.0000e+00  0.0000e+00 
5.9665e+03     0.0000e+00  0.0000e+00     0.0000e+00  0.0000e+00     0.0000e+00  0.0000e+00     0.0000e+00  0.0000e+00 
6.6945e+03     0.0000e+00  0.0000e+00     0.0000e+00  0.0000e+00     0.0000e+00  0.0000e+00     0.0000e+00  0.0000e+00 
7.5114e+03     0.0000e+00  0.0000e+00     0.0000e+00  0.0000e+00     0.0000e+00  0.0000e+00     0.0000e+00  0.0000e+00 
8.4279e+03     0.0000e+00  0.0000e+00     0.0000e+00  0.0000e+00     0.0000e+00  0.0000e+00     0.0000e+00  0.0000e+00 
9.4563e+03     0.0000e+00  0.0000e+00     0.0000e+00  0.0000e+00     0.0000e+00  0.0000e+00     0.0000e+00  0.0000e+00 
