yF = 4.0213e-01 (std: 1.1873e-03) keV/um
yD = 2.3408e+00 (std: 6.7201e-01) keV/um
y (keV/um)     f(y)(std)                  yf(y)(std)                 d(y)(std)                  yd(y)(std)  
1.0610e-03     0.0000e+00  0.0000e+00     0.0000e+00  0.0000e+00     0.0000e+00  0.0000e+00     0.0000e+00  0.0000e+00 
1.1905e-03     0.0000e+00  0.0000e+00     0.0000e+00  0.0000e+00     0.0000e+00  0.0000e+00     0.0000e+00  0.0000e+00 
1.3357e-03     6.5174e-03  7.6557e-02     8.7055e-06  1.0226e-04     2.1648e-05  2.5429e-04     2.8916e-08  3.3967e-07 
1.4987e-03     9.2939e-02  2.9569e-02     1.3929e-04  4.4315e-05     3.4637e-04  1.1020e-04     5.1912e-07  1.6517e-07 
1.6816e-03     9.3186e-02  3.5377e-02     1.5670e-04  5.9489e-05     3.8967e-04  1.4794e-04     6.5526e-07  2.4877e-07 
1.8868e-03     7.8438e-02  4.4168e-02     1.4799e-04  8.3335e-05     3.6802e-04  2.0723e-04     6.9437e-07  3.9100e-07 
2.1170e-03     3.2898e-02  2.0277e-02     6.9644e-05  4.2925e-05     1.7319e-04  1.0675e-04     3.6663e-07  2.2598e-07 
2.3753e-03     3.6650e-02  3.7636e-02     8.7055e-05  8.9396e-05     2.1648e-04  2.2231e-04     5.1421e-07  5.2804e-07 
2.6651e-03     3.9197e-02  1.4746e-02     1.0447e-04  3.9300e-05     2.5978e-04  9.7732e-05     6.9235e-07  2.6047e-07 
2.9903e-03     5.2402e-02  1.4882e-02     1.5670e-04  4.4503e-05     3.8967e-04  1.1067e-04     1.1652e-06  3.3095e-07 
3.3552e-03     7.0055e-02  1.7882e-02     2.3505e-04  5.9998e-05     5.8450e-04  1.4921e-04     1.9611e-06  5.0063e-07 
3.7646e-03     9.0186e-02  6.4147e-02     3.3952e-04  2.4149e-04     8.4428e-04  6.0053e-04     3.1784e-06  2.2607e-06 
4.2240e-03     5.7708e-02  3.0066e-02     2.4375e-04  1.2700e-04     6.0615e-04  3.1581e-04     2.5604e-06  1.3340e-06 
4.7394e-03     4.7758e-02  1.3078e-02     2.2634e-04  6.1980e-05     5.6286e-04  1.5414e-04     2.6676e-06  7.3051e-07 
5.3176e-03     7.8581e-02  1.7183e-02     4.1787e-04  9.1372e-05     1.0391e-03  2.2724e-04     5.5257e-06  1.2084e-06 
5.9665e-03     5.8363e-02  1.1493e-02     3.4822e-04  6.8572e-05     8.6593e-04  1.7054e-04     5.1666e-06  1.0175e-06 
6.6945e-03     6.5020e-02  1.2223e-02     4.3528e-04  8.1825e-05     1.0824e-03  2.0350e-04     7.2463e-06  1.3624e-06 
7.5114e-03     9.5036e-02  2.3940e-02     7.1385e-04  1.7982e-04     1.7752e-03  4.4719e-04     1.3334e-05  3.3590e-06 
8.4279e-03     1.0846e-01  9.4454e-03     9.1408e-04  7.9605e-05     2.2731e-03  1.9807e-04     1.9157e-05  1.6693e-06 
9.4563e-03     9.7585e-02  1.4258e-02     9.2279e-04  1.3483e-04     2.2947e-03  3.3534e-04     2.1699e-05  3.1711e-06 
1.0610e-02     1.0831e-01  1.6533e-02     1.1491e-03  1.7542e-04     2.8576e-03  4.3630e-04     3.0319e-05  4.6292e-06 
1.1905e-02     1.1554e-01  1.1427e-02     1.3755e-03  1.3603e-04     3.4204e-03  3.3843e-04     4.0719e-05  4.0289e-06 
1.3357e-02     1.2970e-01  1.1892e-02     1.7324e-03  1.5885e-04     4.3080e-03  3.9522e-04     5.7544e-05  5.2791e-06 
1.4987e-02     1.4289e-01  2.5955e-02     2.1416e-03  3.8899e-04     5.3255e-03  9.6745e-04     7.9814e-05  1.4499e-05 
1.6816e-02     1.7136e-01  1.3002e-02     2.8815e-03  2.1863e-04     7.1656e-03  5.4409e-04     1.2050e-04  9.1493e-06 
1.8868e-02     1.8364e-01  1.8782e-02     3.4648e-03  3.5437e-04     8.6160e-03  8.8160e-04     1.6256e-04  1.6634e-05 
2.1170e-02     2.1466e-01  5.5025e-03     4.5443e-03  1.1649e-04     1.1300e-02  2.9159e-04     2.3923e-04  6.1729e-06 
2.3753e-02     2.4666e-01  7.8109e-03     5.8588e-03  1.8553e-04     1.4569e-02  4.6337e-04     3.4607e-04  1.1007e-05 
2.6651e-02     2.4564e-01  1.9539e-02     6.5466e-03  5.2074e-04     1.6280e-02  1.2958e-03     4.3387e-04  3.4536e-05 
2.9903e-02     3.0539e-01  1.2827e-02     9.1321e-03  3.8356e-04     2.2709e-02  9.5615e-04     6.7908e-04  2.8592e-05 
3.3552e-02     3.2874e-01  1.1312e-02     1.1030e-02  3.7955e-04     2.7428e-02  9.4731e-04     9.2028e-04  3.1784e-05 
3.7646e-02     3.5936e-01  2.1552e-02     1.3528e-02  8.1133e-04     3.3642e-02  2.0200e-03     1.2665e-03  7.6045e-05 
4.2240e-02     3.7757e-01  2.4685e-02     1.5949e-02  1.0427e-03     3.9660e-02  2.5955e-03     1.6752e-03  1.0963e-04 
4.7394e-02     4.5223e-01  1.6165e-02     2.1433e-02  7.6609e-04     5.3298e-02  1.9116e-03     2.5260e-03  9.0596e-05 
5.3176e-02     4.7525e-01  2.0591e-02     2.5272e-02  1.0950e-03     6.2845e-02  2.7292e-03     3.3419e-03  1.4513e-04 
5.9665e-02     5.2877e-01  1.0806e-02     3.1549e-02  6.4473e-04     7.8454e-02  1.6199e-03     4.6809e-03  9.6653e-05 
6.6945e-02     5.7569e-01  1.5873e-02     3.8539e-02  1.0626e-03     9.5837e-02  2.6576e-03     6.4158e-03  1.7791e-04 
7.5114e-02     6.2794e-01  7.9773e-03     4.7167e-02  5.9920e-04     1.1729e-01  1.5298e-03     8.8101e-03  1.1491e-04 
8.4279e-02     6.8928e-01  1.5849e-02     5.8092e-02  1.3357e-03     1.4446e-01  3.3489e-03     1.2175e-02  2.8224e-04 
9.4563e-02     7.8151e-01  3.2792e-02     7.3901e-02  3.1009e-03     1.8377e-01  7.7301e-03     1.7378e-02  7.3098e-04 
1.0610e-01     8.4700e-01  2.0572e-02     8.9867e-02  2.1827e-03     2.2348e-01  5.4678e-03     2.3711e-02  5.8014e-04 
1.1905e-01     9.4955e-01  1.7624e-02     1.1304e-01  2.0981e-03     2.8110e-01  5.2830e-03     3.3465e-02  6.2893e-04 
1.3357e-01     1.0537e+00  2.1018e-02     1.4075e-01  2.8075e-03     3.5001e-01  7.0575e-03     4.6752e-02  9.4269e-04 
1.4987e-01     1.1731e+00  2.5602e-02     1.7582e-01  3.8369e-03     4.3721e-01  9.6284e-03     6.5525e-02  1.4430e-03 
1.6816e-01     1.3110e+00  1.6489e-02     2.2045e-01  2.7728e-03     5.4820e-01  7.0826e-03     9.2185e-02  1.1910e-03 
1.8868e-01     1.4744e+00  9.4723e-03     2.7818e-01  1.7872e-03     6.9175e-01  4.8911e-03     1.3052e-01  9.2284e-04 
2.1170e-01     1.6680e+00  2.0183e-02     3.5312e-01  4.2728e-03     8.7812e-01  1.0937e-02     1.8590e-01  2.3153e-03 
2.3753e-01     1.8964e+00  1.0159e-02     4.5044e-01  2.4131e-03     1.1201e+00  6.8518e-03     2.6606e-01  1.6275e-03 
2.6651e-01     2.1526e+00  1.3664e-02     5.7369e-01  3.6415e-03     1.4266e+00  9.9871e-03     3.8021e-01  2.6617e-03 
2.9903e-01     2.4824e+00  1.2582e-02     7.4233e-01  3.7624e-03     1.8460e+00  1.0828e-02     5.5201e-01  3.2379e-03 
3.3552e-01     2.7321e+00  1.2946e-02     9.1667e-01  4.3436e-03     2.2795e+00  1.2726e-02     7.6483e-01  4.2700e-03 
3.7646e-01     2.6503e+00  7.6767e-03     9.9772e-01  2.8900e-03     2.4811e+00  1.0262e-02     9.3403e-01  3.8632e-03 
4.2240e-01     2.1086e+00  7.2421e-03     8.9068e-01  3.0590e-03     2.2149e+00  1.0031e-02     9.3556e-01  4.2372e-03 
4.7394e-01     1.4132e+00  1.0675e-02     6.6976e-01  5.0594e-03     1.6655e+00  1.3508e-02     7.8935e-01  6.4020e-03 
5.3176e-01     8.7379e-01  5.6456e-03     4.6465e-01  3.0022e-03     1.1555e+00  8.2081e-03     6.1443e-01  4.3648e-03 
5.9665e-01     5.3581e-01  4.9253e-03     3.1969e-01  2.9387e-03     7.9499e-01  7.6755e-03     4.7433e-01  4.5796e-03 
6.6945e-01     3.3775e-01  6.3777e-03     2.2611e-01  4.2696e-03     5.6227e-01  1.0746e-02     3.7641e-01  7.1942e-03 
7.5114e-01     2.2092e-01  1.3054e-03     1.6594e-01  9.8051e-04     4.1266e-01  2.7257e-03     3.0996e-01  2.0474e-03 
8.4279e-01     1.4772e-01  2.6199e-03     1.2450e-01  2.2080e-03     3.0959e-01  5.5663e-03     2.6092e-01  4.6912e-03 
9.4563e-01     1.0181e-01  1.5667e-03     9.6274e-02  1.4815e-03     2.3941e-01  3.7513e-03     2.2639e-01  3.5473e-03 
1.0610e+00     7.0103e-02  1.2924e-03     7.4380e-02  1.3713e-03     1.8496e-01  3.4534e-03     1.9625e-01  3.6641e-03 
1.1905e+00     4.9960e-02  8.6650e-04     5.9476e-02  1.0315e-03     1.4790e-01  2.6021e-03     1.7607e-01  3.0977e-03 
1.3357e+00     3.5305e-02  5.0185e-04     4.7158e-02  6.7033e-04     1.1727e-01  1.7025e-03     1.5664e-01  2.2741e-03 
1.4987e+00     2.4710e-02  3.1774e-04     3.7033e-02  4.7620e-04     9.2092e-02  1.2150e-03     1.3802e-01  1.8209e-03 
1.6816e+00     1.6991e-02  3.5913e-04     2.8572e-02  6.0391e-04     7.1050e-02  1.5163e-03     1.1948e-01  2.5498e-03 
1.8868e+00     1.1350e-02  4.7448e-04     2.1416e-02  8.9524e-04     5.3255e-02  2.2318e-03     1.0048e-01  4.2109e-03 
2.1170e+00     7.1429e-03  3.9079e-04     1.5122e-02  8.2730e-04     3.7603e-02  2.0603e-03     7.9606e-02  4.3616e-03 
2.3753e+00     4.0425e-03  3.6073e-04     9.6022e-03  8.5685e-04     2.3878e-02  2.1319e-03     5.6718e-02  5.0640e-03 
2.6651e+00     2.3028e-03  9.9149e-05     6.1374e-03  2.6425e-04     1.5262e-02  6.5865e-04     4.0675e-02  1.7554e-03 
2.9903e+00     1.1325e-03  2.3183e-04     3.3865e-03  6.9323e-04     8.4212e-03  1.7241e-03     2.5182e-02  5.1555e-03 
3.3552e+00     4.5406e-04  3.5363e-05     1.5235e-03  1.1865e-04     3.7885e-03  2.9526e-04     1.2711e-02  9.9067e-04 
3.7646e+00     1.5031e-04  2.2975e-05     5.6586e-04  8.6491e-05     1.4071e-03  2.1512e-04     5.2973e-03  8.0984e-04 
4.2240e+00     4.3281e-05  9.9599e-06     1.8282e-04  4.2070e-05     4.5461e-04  1.0463e-04     1.9203e-03  4.4193e-04 
4.7394e+00     1.4695e-05  4.9600e-06     6.9644e-05  2.3507e-05     1.7319e-04  5.8459e-05     8.2079e-04  2.7706e-04 
5.3176e+00     0.0000e+00  0.0000e+00     0.0000e+00  0.0000e+00     0.0000e+00  0.0000e+00     0.0000e+00  0.0000e+00 
5.9665e+00     0.0000e+00  0.0000e+00     0.0000e+00  0.0000e+00     0.0000e+00  0.0000e+00     0.0000e+00  0.0000e+00 
6.6945e+00     1.3004e-06  4.1116e-07     8.7055e-06  2.7525e-06     2.1648e-05  6.8450e-06     1.4493e-04  4.5824e-05 
7.5114e+00     0.0000e+00  0.0000e+00     0.0000e+00  0.0000e+00     0.0000e+00  0.0000e+00     0.0000e+00  0.0000e+00 
8.4279e+00     3.0988e-06  1.5806e-06     2.6117e-05  1.3321e-05     6.4945e-05  3.3127e-05     5.4735e-04  2.7919e-04 
9.4563e+00     0.0000e+00  0.0000e+00     0.0000e+00  0.0000e+00     0.0000e+00  0.0000e+00     0.0000e+00  0.0000e+00 
1.0610e+01     0.0000e+00  0.0000e+00     0.0000e+00  0.0000e+00     0.0000e+00  0.0000e+00     0.0000e+00  0.0000e+00 
1.1905e+01     0.0000e+00  0.0000e+00     0.0000e+00  0.0000e+00     0.0000e+00  0.0000e+00     0.0000e+00  0.0000e+00 
1.3357e+01     0.0000e+00  0.0000e+00     0.0000e+00  0.0000e+00     0.0000e+00  0.0000e+00     0.0000e+00  0.0000e+00 
1.4987e+01     5.8087e-07  3.8386e-07     8.7055e-06  5.7529e-06     2.1648e-05  1.4306e-05     3.2445e-04  2.1441e-04 
1.6816e+01     1.5531e-06  5.8778e-06     2.6117e-05  9.8840e-05     6.4945e-05  2.4579e-04     1.0921e-03  4.1332e-03 
1.8868e+01     0.0000e+00  0.0000e+00     0.0000e+00  0.0000e+00     0.0000e+00  0.0000e+00     0.0000e+00  0.0000e+00 
2.1170e+01     0.0000e+00  0.0000e+00     0.0000e+00  0.0000e+00     0.0000e+00  0.0000e+00     0.0000e+00  0.0000e+00 
2.3753e+01     0.0000e+00  0.0000e+00     0.0000e+00  0.0000e+00     0.0000e+00  0.0000e+00     0.0000e+00  0.0000e+00 
2.6651e+01     0.0000e+00  0.0000e+00     0.0000e+00  0.0000e+00     0.0000e+00  0.0000e+00     0.0000e+00  0.0000e+00 
2.9903e+01     0.0000e+00  0.0000e+00     0.0000e+00  0.0000e+00     0.0000e+00  0.0000e+00     0.0000e+00  0.0000e+00 
3.3552e+01     0.0000e+00  0.0000e+00     0.0000e+00  0.0000e+00     0.0000e+00  0.0000e+00     0.0000e+00  0.0000e+00 
3.7646e+01     0.0000e+00  0.0000e+00     0.0000e+00  0.0000e+00     0.0000e+00  0.0000e+00     0.0000e+00  0.0000e+00 
4.2240e+01     0.0000e+00  0.0000e+00     0.0000e+00  0.0000e+00     0.0000e+00  0.0000e+00     0.0000e+00  0.0000e+00 
4.7394e+01     3.6737e-07  1.3588e-07     1.7411e-05  6.4397e-06     4.3297e-05  1.6014e-05     2.0520e-03  7.5897e-04 
5.3176e+01     1.6371e-07  2.2074e-07     8.7055e-06  1.1738e-05     2.1648e-05  2.9190e-05     1.1512e-03  1.5522e-03 
5.9665e+01     2.9181e-07  2.9817e-07     1.7411e-05  1.7790e-05     4.3297e-05  4.4239e-05     2.5833e-03  2.6395e-03 
6.6945e+01     0.0000e+00  0.0000e+00     0.0000e+00  0.0000e+00     0.0000e+00  0.0000e+00     0.0000e+00  0.0000e+00 
7.5114e+01     1.1590e-07  3.4366e-07     8.7055e-06  2.5814e-05     2.1648e-05  6.4192e-05     1.6261e-03  4.8217e-03 
8.4279e+01     0.0000e+00  0.0000e+00     0.0000e+00  0.0000e+00     0.0000e+00  0.0000e+00     0.0000e+00  0.0000e+00 
9.4563e+01     0.0000e+00  0.0000e+00     0.0000e+00  0.0000e+00     0.0000e+00  0.0000e+00     0.0000e+00  0.0000e+00 
1.0610e+02     8.2050e-08  2.8418e-08     8.7055e-06  3.0151e-06     2.1648e-05  7.4981e-06     2.2969e-03  7.9556e-04 
1.1905e+02     0.0000e+00  0.0000e+00     0.0000e+00  0.0000e+00     0.0000e+00  0.0000e+00     0.0000e+00  0.0000e+00 
1.3357e+02     1.3035e-07  7.9683e-08     1.7411e-05  1.0644e-05     4.3297e-05  2.6468e-05     5.7833e-03  3.5354e-03 
1.4987e+02     1.7426e-07  9.0379e-08     2.6117e-05  1.3545e-05     6.4945e-05  3.3684e-05     9.7334e-03  5.0483e-03 
1.6816e+02     0.0000e+00  0.0000e+00     0.0000e+00  0.0000e+00     0.0000e+00  0.0000e+00     0.0000e+00  0.0000e+00 
1.8868e+02     0.0000e+00  0.0000e+00     0.0000e+00  0.0000e+00     0.0000e+00  0.0000e+00     0.0000e+00  0.0000e+00 
2.1170e+02     4.1122e-08  2.6149e-08     8.7055e-06  5.5358e-06     2.1648e-05  1.3766e-05     4.5829e-03  2.9143e-03 
2.3753e+02     3.6650e-08  4.7501e-08     8.7055e-06  1.1283e-05     2.1648e-05  2.8058e-05     5.1421e-03  6.6645e-03 
2.6651e+02     3.2664e-08  4.8155e-08     8.7055e-06  1.2834e-05     2.1648e-05  3.1915e-05     5.7696e-03  8.5057e-03 
2.9903e+02     0.0000e+00  0.0000e+00     0.0000e+00  0.0000e+00     0.0000e+00  0.0000e+00     0.0000e+00  0.0000e+00 
3.3552e+02     2.5946e-08  1.4229e-08     8.7055e-06  4.7741e-06     2.1648e-05  1.1872e-05     7.2635e-03  3.9833e-03 
3.7646e+02     0.0000e+00  0.0000e+00     0.0000e+00  0.0000e+00     0.0000e+00  0.0000e+00     0.0000e+00  0.0000e+00 
4.2240e+02     0.0000e+00  0.0000e+00     0.0000e+00  0.0000e+00     0.0000e+00  0.0000e+00     0.0000e+00  0.0000e+00 
4.7394e+02     0.0000e+00  0.0000e+00     0.0000e+00  0.0000e+00     0.0000e+00  0.0000e+00     0.0000e+00  0.0000e+00 
5.3176e+02     1.6371e-08  1.2926e-08     8.7055e-06  6.8736e-06     2.1648e-05  1.7093e-05     1.1512e-02  9.0894e-03 
5.9665e+02     0.0000e+00  0.0000e+00     0.0000e+00  0.0000e+00     0.0000e+00  0.0000e+00     0.0000e+00  0.0000e+00 
6.6945e+02     0.0000e+00  0.0000e+00     0.0000e+00  0.0000e+00     0.0000e+00  0.0000e+00     0.0000e+00  0.0000e+00 
7.5114e+02     0.0000e+00  0.0000e+00     0.0000e+00  0.0000e+00     0.0000e+00  0.0000e+00     0.0000e+00  0.0000e+00 
8.4279e+02     0.0000e+00  0.0000e+00     0.0000e+00  0.0000e+00     0.0000e+00  0.0000e+00     0.0000e+00  0.0000e+00 
9.4563e+02     0.0000e+00  0.0000e+00     0.0000e+00  0.0000e+00     0.0000e+00  0.0000e+00     0.0000e+00  0.0000e+00 
1.0610e+03     0.0000e+00  0.0000e+00     0.0000e+00  0.0000e+00     0.0000e+00  0.0000e+00     0.0000e+00  0.0000e+00 
1.1905e+03     0.0000e+00  0.0000e+00     0.0000e+00  0.0000e+00     0.0000e+00  0.0000e+00     0.0000e+00  0.0000e+00 
1.3357e+03     0.0000e+00  0.0000e+00     0.0000e+00  0.0000e+00     0.0000e+00  0.0000e+00     0.0000e+00  0.0000e+00 
1.4987e+03     0.0000e+00  0.0000e+00     0.0000e+00  0.0000e+00     0.0000e+00  0.0000e+00     0.0000e+00  0.0000e+00 
1.6816e+03     0.0000e+00  0.0000e+00     0.0000e+00  0.0000e+00     0.0000e+00  0.0000e+00     0.0000e+00  0.0000e+00 
1.8868e+03     0.0000e+00  0.0000e+00     0.0000e+00  0.0000e+00     0.0000e+00  0.0000e+00     0.0000e+00  0.0000e+00 
2.1170e+03     0.0000e+00  0.0000e+00     0.0000e+00  0.0000e+00     0.0000e+00  0.0000e+00     0.0000e+00  0.0000e+00 
2.3753e+03     0.0000e+00  0.0000e+00     0.0000e+00  0.0000e+00     0.0000e+00  0.0000e+00     0.0000e+00  0.0000e+00 
2.6651e+03     0.0000e+00  0.0000e+00     0.0000e+00  0.0000e+00     0.0000e+00  0.0000e+00     0.0000e+00  0.0000e+00 
2.9903e+03     0.0000e+00  0.0000e+00     0.0000e+00  0.0000e+00     0.0000e+00  0.0000e+00     0.0000e+00  0.0000e+00 
3.3552e+03     0.0000e+00  0.0000e+00     0.0000e+00  0.0000e+00     0.0000e+00  0.0000e+00     0.0000e+00  0.0000e+00 
3.7646e+03     0.0000e+00  0.0000e+00     0.0000e+00  0.0000e+00     0.0000e+00  0.0000e+00     0.0000e+00  0.0000e+00 
4.2240e+03     0.0000e+00  0.0000e+00     0.0000e+00  0.0000e+00     0.0000e+00  0.0000e+00     0.0000e+00  0.0000e+00 
4.7394e+03     0.0000e+00  0.0000e+00     0.0000e+00  0.0000e+00     0.0000e+00  0.0000e+00     0.0000e+00  0.0000e+00 
5.3176e+03     0.0000e+00  0.0000e+00     0.0000e+00  0.0000e+00     0.0000e+00  0.0000e+00     0.0000e+00  0.0000e+00 
5.9665e+03     0.0000e+00  0.0000e+00     0.0000e+00  0.0000e+00     0.0000e+00  0.0000e+00     0.0000e+00  0.0000e+00 
6.6945e+03     0.0000e+00  0.0000e+00     0.0000e+00  0.0000e+00     0.0000e+00  0.0000e+00     0.0000e+00  0.0000e+00 
7.5114e+03     0.0000e+00  0.0000e+00     0.0000e+00  0.0000e+00     0.0000e+00  0.0000e+00     0.0000e+00  0.0000e+00 
8.4279e+03     0.0000e+00  0.0000e+00     0.0000e+00  0.0000e+00     0.0000e+00  0.0000e+00     0.0000e+00  0.0000e+00 
9.4563e+03     0.0000e+00  0.0000e+00     0.0000e+00  0.0000e+00     0.0000e+00  0.0000e+00     0.0000e+00  0.0000e+00 
