yF = 3.3214e+00 (std: 8.7629e-03) keV/um
yD = 4.1195e+00 (std: 8.7764e-02) keV/um
y (keV/um)     f(y)(std)                  yf(y)(std)                 d(y)(std)                  yd(y)(std)  
1.0610e-03     8.2597e-03  1.8468e-03     8.7637e-06  1.9595e-06     2.6386e-06  5.9000e-07     2.7996e-09  6.2599e-10 
1.1905e-03     0.0000e+00  0.0000e+00     0.0000e+00  0.0000e+00     0.0000e+00  0.0000e+00     0.0000e+00  0.0000e+00 
1.3357e-03     0.0000e+00  0.0000e+00     0.0000e+00  0.0000e+00     0.0000e+00  0.0000e+00     0.0000e+00  0.0000e+00 
1.4987e-03     0.0000e+00  0.0000e+00     0.0000e+00  0.0000e+00     0.0000e+00  0.0000e+00     0.0000e+00  0.0000e+00 
1.6816e-03     5.2115e-03  3.4439e-03     8.7637e-06  5.7912e-06     2.6386e-06  1.7436e-06     4.4370e-09  2.9321e-09 
1.8868e-03     0.0000e+00  0.0000e+00     0.0000e+00  0.0000e+00     0.0000e+00  0.0000e+00     0.0000e+00  0.0000e+00 
2.1170e-03     0.0000e+00  0.0000e+00     0.0000e+00  0.0000e+00     0.0000e+00  0.0000e+00     0.0000e+00  0.0000e+00 
2.3753e-03     3.6895e-03  3.6361e-03     8.7637e-06  8.6369e-06     2.6386e-06  2.6004e-06     6.2674e-09  6.1768e-09 
2.6651e-03     0.0000e+00  0.0000e+00     0.0000e+00  0.0000e+00     0.0000e+00  0.0000e+00     0.0000e+00  0.0000e+00 
2.9903e-03     8.7920e-03  4.7740e-03     2.6291e-05  1.4276e-05     7.9157e-06  4.2983e-06     2.3671e-08  1.2853e-08 
3.3552e-03     0.0000e+00  0.0000e+00     0.0000e+00  0.0000e+00     0.0000e+00  0.0000e+00     0.0000e+00  0.0000e+00 
3.7646e-03     2.3279e-03  9.5965e-04     8.7637e-06  3.6127e-06     2.6386e-06  1.0877e-06     9.9332e-09  4.0949e-09 
4.2240e-03     2.0748e-03  1.5444e-03     8.7637e-06  6.5236e-06     2.6386e-06  1.9641e-06     1.1145e-08  8.2964e-09 
4.7394e-03     1.8491e-03  2.0435e-03     8.7637e-06  9.6848e-06     2.6386e-06  2.9159e-06     1.2505e-08  1.3820e-08 
5.3176e-03     1.6480e-03  1.0479e-03     8.7637e-06  5.5726e-06     2.6386e-06  1.6778e-06     1.4031e-08  8.9220e-09 
5.9665e-03     0.0000e+00  0.0000e+00     0.0000e+00  0.0000e+00     0.0000e+00  0.0000e+00     0.0000e+00  0.0000e+00 
6.6945e-03     1.3091e-03  3.7021e-04     8.7637e-06  2.4784e-06     2.6386e-06  7.4622e-07     1.7664e-08  4.9956e-09 
7.5114e-03     1.1667e-03  8.0953e-04     8.7637e-06  6.0807e-06     2.6386e-06  1.8308e-06     1.9819e-08  1.3752e-08 
8.4279e-03     3.1195e-03  1.9297e-03     2.6291e-05  1.6263e-05     7.9157e-06  4.8966e-06     6.6713e-08  4.1268e-08 
9.4563e-03     7.4141e-03  2.3740e-03     7.0109e-05  2.2449e-05     2.1109e-05  6.7593e-06     1.9961e-07  6.3917e-08 
1.0610e-02     9.9117e-03  4.6822e-03     1.0516e-04  4.9679e-05     3.1663e-05  1.4958e-05     3.3595e-07  1.5870e-07 
1.1905e-02     8.8338e-03  3.8099e-03     1.0516e-04  4.5355e-05     3.1663e-05  1.3656e-05     3.7694e-07  1.6257e-07 
1.3357e-02     1.9683e-03  1.0408e-03     2.6291e-05  1.3902e-05     7.9157e-06  4.1857e-06     1.0573e-07  5.5910e-08 
1.4987e-02     2.9237e-03  3.0053e-03     4.3818e-05  4.5041e-05     1.3193e-05  1.3561e-05     1.9772e-07  2.0324e-07 
1.6816e-02     4.6904e-03  1.5991e-03     7.8873e-05  2.6890e-05     2.3747e-05  8.0962e-06     3.9933e-07  1.3614e-07 
1.8868e-02     2.7869e-03  1.0144e-03     5.2582e-05  1.9139e-05     1.5831e-05  5.7625e-06     2.9870e-07  1.0873e-07 
2.1170e-02     4.1397e-03  1.7884e-03     8.7637e-05  3.7861e-05     2.6386e-05  1.1399e-05     5.5858e-07  2.4132e-07 
2.3753e-02     2.5826e-03  1.2467e-03     6.1346e-05  2.9613e-05     1.8470e-05  8.9161e-06     4.3872e-07  2.1178e-07 
2.6651e-02     4.2747e-03  2.3373e-03     1.1393e-04  6.2292e-05     3.4302e-05  1.8755e-05     9.1418e-07  4.9985e-07 
2.9903e-02     2.6376e-03  1.5347e-03     7.8873e-05  4.5892e-05     2.3747e-05  1.3818e-05     7.1012e-07  4.1319e-07 
3.3552e-02     3.6567e-03  1.2741e-03     1.2269e-04  4.2748e-05     3.6940e-05  1.2871e-05     1.2394e-06  4.3185e-07 
3.7646e-02     5.5870e-03  1.2883e-03     2.1033e-04  4.8498e-05     6.3326e-05  1.4603e-05     2.3840e-06  5.4974e-07 
4.2240e-02     4.3570e-03  1.1430e-03     1.8404e-04  4.8280e-05     5.5410e-05  1.4537e-05     2.3405e-06  6.1404e-07 
4.7394e-02     5.1776e-03  1.3908e-03     2.4538e-04  6.5913e-05     7.3880e-05  1.9846e-05     3.5014e-06  9.4058e-07 
5.3176e-02     4.1201e-03  1.0280e-03     2.1909e-04  5.4666e-05     6.5964e-05  1.6460e-05     3.5078e-06  8.7528e-07 
5.9665e-02     5.4346e-03  1.7945e-03     3.2426e-04  1.0707e-04     9.7627e-05  3.2238e-05     5.8249e-06  1.9235e-06 
6.6945e-02     4.4509e-03  9.6832e-04     2.9796e-04  6.4824e-05     8.9712e-05  1.9519e-05     6.0058e-06  1.3067e-06 
7.5114e-02     6.0669e-03  1.8384e-03     4.5571e-04  1.3809e-04     1.3721e-04  4.1577e-05     1.0306e-05  3.1230e-06 
8.4279e-02     5.6151e-03  1.0629e-03     4.7324e-04  8.9583e-05     1.4248e-04  2.6975e-05     1.2008e-05  2.2734e-06 
9.4563e-02     7.7848e-03  1.9212e-03     7.3615e-04  1.8167e-04     2.2164e-04  5.4702e-05     2.0959e-05  5.1727e-06 
1.0610e-01     8.5901e-03  1.0230e-03     9.1142e-04  1.0854e-04     2.7441e-04  3.2689e-05     2.9115e-05  3.4683e-06 
1.1905e-01     6.5517e-03  1.0119e-03     7.7997e-04  1.2047e-04     2.3483e-04  3.6276e-05     2.7956e-05  4.3186e-06 
1.3357e-01     8.0700e-03  6.9269e-04     1.0779e-03  9.2525e-05     3.2454e-04  2.7871e-05     4.3350e-05  3.7228e-06 
1.4987e-01     9.5313e-03  1.5810e-03     1.4285e-03  2.3695e-04     4.3009e-04  7.1350e-05     6.4458e-05  1.0693e-05 
1.6816e-01     9.3287e-03  1.3748e-03     1.5687e-03  2.3118e-04     4.7231e-04  6.9615e-05     7.9422e-05  1.1706e-05 
1.8868e-01     1.3656e-02  2.1685e-03     2.5765e-03  4.0915e-04     7.7574e-04  1.2320e-04     1.4636e-04  2.3246e-05 
2.1170e-01     1.4654e-02  7.6423e-04     3.1023e-03  1.6179e-04     9.3406e-04  4.8773e-05     1.9774e-04  1.0325e-05 
2.3753e-01     1.5717e-02  6.8480e-04     3.7333e-03  1.6266e-04     1.1240e-03  4.9064e-05     2.6699e-04  1.1654e-05 
2.6651e-01     1.9434e-02  8.2250e-04     5.1793e-03  2.1921e-04     1.5594e-03  6.6127e-05     4.1560e-04  1.7624e-05 
2.9903e-01     1.9899e-02  2.0146e-03     5.9505e-03  6.0243e-04     1.7916e-03  1.8144e-04     5.3575e-04  5.4257e-05 
3.3552e-01     2.3273e-02  1.6578e-03     7.8084e-03  5.5622e-04     2.3510e-03  1.6758e-04     7.8880e-04  5.6227e-05 
3.7646e-01     2.6724e-02  1.5106e-03     1.0061e-02  5.6867e-04     3.0291e-03  1.7140e-04     1.1403e-03  6.4526e-05 
4.2240e-01     3.1453e-02  1.4248e-03     1.3286e-02  6.0182e-04     4.0001e-03  1.8150e-04     1.6896e-03  7.6667e-05 
4.7394e-01     3.6058e-02  2.0650e-03     1.7089e-02  9.7869e-04     5.1452e-03  2.9498e-04     2.4385e-03  1.3980e-04 
5.3176e-01     4.1448e-02  1.1265e-03     2.2041e-02  5.9901e-04     6.6360e-03  1.8120e-04     3.5288e-03  9.6355e-05 
5.9665e-01     4.8206e-02  1.6690e-03     2.8762e-02  9.9584e-04     8.6598e-03  3.0070e-04     5.1669e-03  1.7941e-04 
6.6945e-01     5.4824e-02  1.0199e-03     3.6702e-02  6.8275e-04     1.1050e-02  2.0762e-04     7.3977e-03  1.3899e-04 
7.5114e-01     6.3995e-02  1.1168e-03     4.8069e-02  8.3884e-04     1.4473e-02  2.5543e-04     1.0871e-02  1.9186e-04 
8.4279e-01     7.1655e-02  1.6666e-03     6.0390e-02  1.4046e-03     1.8182e-02  4.2560e-04     1.5324e-02  3.5869e-04 
9.4563e-01     8.1694e-02  9.4621e-04     7.7252e-02  8.9476e-04     2.3259e-02  2.7630e-04     2.1994e-02  2.6127e-04 
1.0610e+00     9.0882e-02  2.8536e-03     9.6427e-02  3.0277e-03     2.9032e-02  9.1480e-04     3.0803e-02  9.7061e-04 
1.1905e+00     1.0252e-01  9.0061e-04     1.2205e-01  1.0721e-03     3.6747e-02  3.3705e-04     4.3747e-02  4.0125e-04 
1.3357e+00     1.1473e-01  1.2631e-03     1.5325e-01  1.6872e-03     4.6141e-02  5.2235e-04     6.1632e-02  6.9772e-04 
1.4987e+00     1.2779e-01  1.2102e-03     1.9152e-01  1.8138e-03     5.7663e-02  5.6690e-04     8.6421e-02  8.4962e-04 
1.6816e+00     1.4634e-01  2.3781e-03     2.4608e-01  3.9990e-03     7.4091e-02  1.2198e-03     1.2459e-01  2.0512e-03 
1.8868e+00     1.6365e-01  1.6542e-03     3.0876e-01  3.1211e-03     9.2962e-02  9.7118e-04     1.7540e-01  1.8324e-03 
2.1170e+00     1.8590e-01  1.3785e-03     3.9356e-01  2.9182e-03     1.1849e-01  9.3259e-04     2.5085e-01  1.9743e-03 
2.3753e+00     2.1161e-01  1.9637e-03     5.0264e-01  4.6645e-03     1.5134e-01  1.4600e-03     3.5947e-01  3.4680e-03 
2.6651e+00     2.4280e-01  1.7111e-03     6.4708e-01  4.5604e-03     1.9482e-01  1.4661e-03     5.1923e-01  3.9074e-03 
2.9903e+00     2.8274e-01  2.2591e-03     8.4547e-01  6.7554e-03     2.5456e-01  2.1419e-03     7.6121e-01  6.4051e-03 
3.3552e+00     3.2479e-01  1.7262e-03     1.0897e+00  5.7918e-03     3.2810e-01  1.9468e-03     1.1008e+00  6.5320e-03 
3.7646e+00     3.2237e-01  1.9847e-03     1.2136e+00  7.4716e-03     3.6539e-01  2.4474e-03     1.3755e+00  9.2135e-03 
4.2240e+00     2.4382e-01  1.1631e-03     1.0299e+00  4.9131e-03     3.1008e-01  1.6904e-03     1.3098e+00  7.1402e-03 
4.7394e+00     1.4783e-01  1.8899e-03     7.0062e-01  8.9567e-03     2.1094e-01  2.7535e-03     9.9974e-01  1.3050e-02 
5.3176e+00     8.0088e-02  1.0316e-03     4.2588e-01  5.4857e-03     1.2822e-01  1.6859e-03     6.8185e-01  8.9652e-03 
5.9665e+00     3.7709e-02  4.2858e-04     2.2499e-01  2.5571e-03     6.7740e-02  7.9037e-04     4.0417e-01  4.7157e-03 
6.6945e+00     1.5130e-02  1.1379e-04     1.0129e-01  7.6174e-04     3.0497e-02  2.4305e-04     2.0416e-01  1.6271e-03 
7.5114e+00     4.8186e-03  2.9204e-04     3.6194e-02  2.1936e-03     1.0897e-02  6.6108e-04     8.1854e-02  4.9656e-03 
8.4279e+00     1.2904e-03  3.6421e-05     1.0876e-02  3.0695e-04     3.2745e-03  9.2821e-05     2.7597e-02  7.8229e-04 
9.4563e+00     2.5301e-04  3.0956e-05     2.3925e-03  2.9273e-04     7.2033e-04  8.8155e-05     6.8116e-03  8.3362e-04 
1.0610e+01     5.2036e-05  7.0672e-06     5.5211e-04  7.4984e-05     1.6623e-04  2.2581e-05     1.7637e-03  2.3958e-04 
1.1905e+01     5.1531e-06  5.0165e-06     6.1346e-05  5.9720e-05     1.8470e-05  1.7981e-05     2.1988e-04  2.1406e-04 
1.3357e+01     1.3122e-06  9.8946e-07     1.7527e-05  1.3217e-05     5.2772e-06  3.9793e-06     7.0489e-05  5.3152e-05 
1.4987e+01     2.3390e-06  8.3079e-07     3.5055e-05  1.2451e-05     1.0554e-05  3.7489e-06     1.5818e-04  5.6185e-05 
1.6816e+01     3.1269e-06  1.1915e-06     5.2582e-05  2.0036e-05     1.5831e-05  6.0326e-06     2.6622e-04  1.0144e-04 
1.8868e+01     4.6448e-07  3.6237e-07     8.7637e-06  6.8370e-06     2.6386e-06  2.0585e-06     4.9784e-05  3.8839e-05 
2.1170e+01     0.0000e+00  0.0000e+00     0.0000e+00  0.0000e+00     0.0000e+00  0.0000e+00     0.0000e+00  0.0000e+00 
2.3753e+01     3.6895e-07  2.4990e-07     8.7637e-06  5.9360e-06     2.6386e-06  1.7872e-06     6.2674e-05  4.2452e-05 
2.6651e+01     3.2883e-07  1.5424e-07     8.7637e-06  4.1107e-06     2.6386e-06  1.2377e-06     7.0322e-05  3.2986e-05 
2.9903e+01     5.8613e-07  2.9317e-07     1.7527e-05  8.7666e-06     5.2772e-06  2.6395e-06     1.5780e-04  7.8930e-05 
3.3552e+01     1.8284e-06  7.6475e-07     6.1346e-05  2.5659e-05     1.8470e-05  7.7256e-06     6.1971e-04  2.5921e-04 
3.7646e+01     6.9837e-07  4.8586e-07     2.6291e-05  1.8291e-05     7.9157e-06  5.5071e-06     2.9800e-04  2.0732e-04 
4.2240e+01     6.2243e-07  2.6346e-07     2.6291e-05  1.1128e-05     7.9157e-06  3.3506e-06     3.3436e-04  1.4153e-04 
4.7394e+01     3.6983e-07  1.8017e-07     1.7527e-05  8.5389e-06     5.2772e-06  2.5709e-06     2.5010e-04  1.2185e-04 
5.3176e+01     4.9441e-07  3.2613e-07     2.6291e-05  1.7342e-05     7.9157e-06  5.2215e-06     4.2093e-04  2.7766e-04 
5.9665e+01     1.4688e-07  1.0191e-07     8.7637e-06  6.0807e-06     2.6386e-06  1.8308e-06     1.5743e-04  1.0923e-04 
6.6945e+01     1.3091e-07  1.6355e-07     8.7637e-06  1.0949e-05     2.6386e-06  3.2966e-06     1.7664e-04  2.2069e-04 
7.5114e+01     2.3334e-07  1.3335e-06     1.7527e-05  1.0016e-04     5.2772e-06  3.0157e-05     3.9639e-04  2.2652e-03 
8.4279e+01     2.0797e-07  1.9650e-07     1.7527e-05  1.6561e-05     5.2772e-06  4.9862e-06     4.4475e-04  4.2023e-04 
9.4563e+01     0.0000e+00  0.0000e+00     0.0000e+00  0.0000e+00     0.0000e+00  0.0000e+00     0.0000e+00  0.0000e+00 
1.0610e+02     2.4779e-07  1.5713e-07     2.6291e-05  1.6671e-05     7.9157e-06  5.0195e-06     8.3987e-04  5.3257e-04 
1.1905e+02     2.9446e-07  1.4246e-07     3.5055e-05  1.6960e-05     1.0554e-05  5.1064e-06     1.2565e-03  6.0790e-04 
1.3357e+02     2.6244e-07  1.1877e-07     3.5055e-05  1.5864e-05     1.0554e-05  4.7764e-06     1.4098e-03  6.3800e-04 
1.4987e+02     1.1695e-07  7.5011e-08     1.7527e-05  1.1242e-05     5.2772e-06  3.3848e-06     7.9090e-04  5.0728e-04 
1.6816e+02     2.6058e-07  1.3158e-07     4.3818e-05  2.2127e-05     1.3193e-05  6.6620e-06     2.2185e-03  1.1203e-03 
1.8868e+02     4.6448e-08  1.8753e-07     8.7637e-06  3.5383e-05     2.6386e-06  1.0653e-05     4.9784e-04  2.0100e-03 
2.1170e+02     8.2794e-08  7.0057e-08     1.7527e-05  1.4831e-05     5.2772e-06  4.4654e-06     1.1172e-03  9.4532e-04 
2.3753e+02     7.3790e-08  3.3332e-08     1.7527e-05  7.9174e-06     5.2772e-06  2.3838e-06     1.2535e-03  5.6623e-04 
2.6651e+02     6.5765e-08  6.3906e-08     1.7527e-05  1.7032e-05     5.2772e-06  5.1280e-06     1.4064e-03  1.3667e-03 
2.9903e+02     0.0000e+00  0.0000e+00     0.0000e+00  0.0000e+00     0.0000e+00  0.0000e+00     0.0000e+00  0.0000e+00 
3.3552e+02     2.6120e-08  3.3852e-08     8.7637e-06  1.1358e-05     2.6386e-06  3.4197e-06     8.8530e-04  1.1474e-03 
3.7646e+02     0.0000e+00  0.0000e+00     0.0000e+00  0.0000e+00     0.0000e+00  0.0000e+00     0.0000e+00  0.0000e+00 
4.2240e+02     0.0000e+00  0.0000e+00     0.0000e+00  0.0000e+00     0.0000e+00  0.0000e+00     0.0000e+00  0.0000e+00 
4.7394e+02     0.0000e+00  0.0000e+00     0.0000e+00  0.0000e+00     0.0000e+00  0.0000e+00     0.0000e+00  0.0000e+00 
5.3176e+02     0.0000e+00  0.0000e+00     0.0000e+00  0.0000e+00     0.0000e+00  0.0000e+00     0.0000e+00  0.0000e+00 
5.9665e+02     0.0000e+00  0.0000e+00     0.0000e+00  0.0000e+00     0.0000e+00  0.0000e+00     0.0000e+00  0.0000e+00 
6.6945e+02     0.0000e+00  0.0000e+00     0.0000e+00  0.0000e+00     0.0000e+00  0.0000e+00     0.0000e+00  0.0000e+00 
7.5114e+02     0.0000e+00  0.0000e+00     0.0000e+00  0.0000e+00     0.0000e+00  0.0000e+00     0.0000e+00  0.0000e+00 
8.4279e+02     0.0000e+00  0.0000e+00     0.0000e+00  0.0000e+00     0.0000e+00  0.0000e+00     0.0000e+00  0.0000e+00 
9.4563e+02     0.0000e+00  0.0000e+00     0.0000e+00  0.0000e+00     0.0000e+00  0.0000e+00     0.0000e+00  0.0000e+00 
1.0610e+03     0.0000e+00  0.0000e+00     0.0000e+00  0.0000e+00     0.0000e+00  0.0000e+00     0.0000e+00  0.0000e+00 
1.1905e+03     0.0000e+00  0.0000e+00     0.0000e+00  0.0000e+00     0.0000e+00  0.0000e+00     0.0000e+00  0.0000e+00 
1.3357e+03     0.0000e+00  0.0000e+00     0.0000e+00  0.0000e+00     0.0000e+00  0.0000e+00     0.0000e+00  0.0000e+00 
1.4987e+03     0.0000e+00  0.0000e+00     0.0000e+00  0.0000e+00     0.0000e+00  0.0000e+00     0.0000e+00  0.0000e+00 
1.6816e+03     0.0000e+00  0.0000e+00     0.0000e+00  0.0000e+00     0.0000e+00  0.0000e+00     0.0000e+00  0.0000e+00 
1.8868e+03     0.0000e+00  0.0000e+00     0.0000e+00  0.0000e+00     0.0000e+00  0.0000e+00     0.0000e+00  0.0000e+00 
2.1170e+03     0.0000e+00  0.0000e+00     0.0000e+00  0.0000e+00     0.0000e+00  0.0000e+00     0.0000e+00  0.0000e+00 
2.3753e+03     0.0000e+00  0.0000e+00     0.0000e+00  0.0000e+00     0.0000e+00  0.0000e+00     0.0000e+00  0.0000e+00 
2.6651e+03     0.0000e+00  0.0000e+00     0.0000e+00  0.0000e+00     0.0000e+00  0.0000e+00     0.0000e+00  0.0000e+00 
2.9903e+03     0.0000e+00  0.0000e+00     0.0000e+00  0.0000e+00     0.0000e+00  0.0000e+00     0.0000e+00  0.0000e+00 
3.3552e+03     0.0000e+00  0.0000e+00     0.0000e+00  0.0000e+00     0.0000e+00  0.0000e+00     0.0000e+00  0.0000e+00 
3.7646e+03     0.0000e+00  0.0000e+00     0.0000e+00  0.0000e+00     0.0000e+00  0.0000e+00     0.0000e+00  0.0000e+00 
4.2240e+03     0.0000e+00  0.0000e+00     0.0000e+00  0.0000e+00     0.0000e+00  0.0000e+00     0.0000e+00  0.0000e+00 
4.7394e+03     0.0000e+00  0.0000e+00     0.0000e+00  0.0000e+00     0.0000e+00  0.0000e+00     0.0000e+00  0.0000e+00 
5.3176e+03     0.0000e+00  0.0000e+00     0.0000e+00  0.0000e+00     0.0000e+00  0.0000e+00     0.0000e+00  0.0000e+00 
5.9665e+03     0.0000e+00  0.0000e+00     0.0000e+00  0.0000e+00     0.0000e+00  0.0000e+00     0.0000e+00  0.0000e+00 
6.6945e+03     0.0000e+00  0.0000e+00     0.0000e+00  0.0000e+00     0.0000e+00  0.0000e+00     0.0000e+00  0.0000e+00 
7.5114e+03     0.0000e+00  0.0000e+00     0.0000e+00  0.0000e+00     0.0000e+00  0.0000e+00     0.0000e+00  0.0000e+00 
8.4279e+03     0.0000e+00  0.0000e+00     0.0000e+00  0.0000e+00     0.0000e+00  0.0000e+00     0.0000e+00  0.0000e+00 
9.4563e+03     0.0000e+00  0.0000e+00     0.0000e+00  0.0000e+00     0.0000e+00  0.0000e+00     0.0000e+00  0.0000e+00 
