yF = 4.3331e-01 (std: 2.7835e-03) keV/um
yD = 1.6604e+00 (std: 1.3335e+00) keV/um
y (keV/um)     f(y)(std)                  yf(y)(std)                 d(y)(std)                  yd(y)(std)  
1.0610e-03     0.0000e+00  0.0000e+00     0.0000e+00  0.0000e+00     0.0000e+00  0.0000e+00     0.0000e+00  0.0000e+00 
1.1905e-03     0.0000e+00  0.0000e+00     0.0000e+00  0.0000e+00     0.0000e+00  0.0000e+00     0.0000e+00  0.0000e+00 
1.3357e-03     0.0000e+00  0.0000e+00     0.0000e+00  0.0000e+00     0.0000e+00  0.0000e+00     0.0000e+00  0.0000e+00 
1.4987e-03     9.8748e-02  2.2773e-02     1.4800e-04  3.4131e-05     3.4155e-04  7.8798e-05     5.1188e-07  1.1810e-07 
1.6816e-03     6.2124e-02  2.9464e-02     1.0447e-04  4.9546e-05     2.4109e-04  1.1435e-04     4.0542e-07  1.9230e-07 
1.8868e-03     4.6140e-02  1.7499e-02     8.7056e-05  3.3016e-05     2.0091e-04  7.6207e-05     3.7907e-07  1.4379e-07 
2.1170e-03     4.9347e-02  1.6289e-02     1.0447e-04  3.4484e-05     2.4109e-04  7.9599e-05     5.1039e-07  1.6851e-07 
2.3753e-03     5.4976e-02  1.4897e-02     1.3058e-04  3.5385e-05     3.0137e-04  8.1685e-05     7.1584e-07  1.9403e-07 
2.6651e-03     1.9599e-02  1.8786e-02     5.2234e-05  5.0067e-05     1.2055e-04  1.1555e-04     3.2127e-07  3.0796e-07 
2.9903e-03     4.9491e-02  2.7732e-02     1.4800e-04  8.2929e-05     3.4155e-04  1.9140e-04     1.0213e-06  5.7235e-07 
3.3552e-03     7.0056e-02  1.7167e-02     2.3505e-04  5.7597e-05     5.4246e-04  1.3297e-04     1.8201e-06  4.4614e-07 
3.7646e-03     5.5500e-02  1.2449e-02     2.0893e-04  4.6867e-05     4.8219e-04  1.0820e-04     1.8152e-06  4.0735e-07 
4.2240e-03     4.3281e-02  1.9390e-02     1.8282e-04  8.1901e-05     4.2191e-04  1.8903e-04     1.7821e-06  7.9847e-07 
4.7394e-03     5.5106e-02  1.7492e-02     2.6117e-04  8.2902e-05     6.0273e-04  1.9136e-04     2.8566e-06  9.0693e-07 
5.3176e-03     7.0396e-02  1.8836e-02     3.7434e-04  1.0016e-04     8.6392e-04  2.3123e-04     4.5940e-06  1.2296e-06 
5.9665e-03     5.6904e-02  1.4676e-02     3.3952e-04  8.7565e-05     7.8355e-04  2.0215e-04     4.6751e-06  1.2061e-06 
6.6945e-03     5.9819e-02  1.9134e-02     4.0046e-04  1.2809e-04     9.2419e-04  2.9567e-04     6.1870e-06  1.9794e-06 
7.5114e-03     7.4175e-02  1.4782e-02     5.5716e-04  1.1103e-04     1.2858e-03  2.5637e-04     9.6583e-06  1.9257e-06 
8.4279e-03     7.1274e-02  1.4247e-02     6.0069e-04  1.2007e-04     1.3863e-03  2.7725e-04     1.1683e-05  2.3366e-06 
9.4563e-03     8.8379e-02  1.6291e-02     8.3574e-04  1.5405e-04     1.9287e-03  3.5574e-04     1.8239e-05  3.3639e-06 
1.0610e-02     9.0255e-02  1.7203e-02     9.5762e-04  1.8252e-04     2.2100e-03  4.2147e-04     2.3449e-05  4.4718e-06 
1.1905e-02     1.0603e-01  2.0035e-02     1.2623e-03  2.3851e-04     2.9132e-03  5.5076e-04     3.4681e-05  6.5567e-06 
1.3357e-02     1.0298e-01  7.3617e-03     1.3755e-03  9.8332e-05     3.1744e-03  2.2785e-04     4.2401e-05  3.0434e-06 
1.4987e-02     1.3592e-01  1.6639e-02     2.0371e-03  2.4937e-04     4.7013e-03  5.7630e-04     7.0459e-05  8.6371e-06 
1.6816e-02     1.6411e-01  8.7596e-03     2.7597e-03  1.4730e-04     6.3689e-03  3.4240e-04     1.0710e-04  5.7577e-06 
1.8868e-02     1.6611e-01  1.0113e-02     3.1340e-03  1.9081e-04     7.2328e-03  4.4279e-04     1.3647e-04  8.3545e-06 
2.1170e-02     1.6449e-01  1.1205e-02     3.4822e-03  2.3721e-04     8.0364e-03  5.4988e-04     1.7013e-04  1.1641e-05 
2.3753e-02     1.9828e-01  2.0190e-02     4.7097e-03  4.7956e-04     1.0869e-02  1.1089e-03     2.5818e-04  2.6341e-05 
2.6651e-02     2.2408e-01  8.1394e-03     5.9721e-03  2.1693e-04     1.3782e-02  5.0840e-04     3.6732e-04  1.3549e-05 
2.9903e-02     2.4542e-01  8.9268e-03     7.3388e-03  2.6694e-04     1.6937e-02  6.2559e-04     5.0647e-04  1.8707e-05 
3.3552e-02     2.7322e-01  8.4020e-03     9.1670e-03  2.8190e-04     2.1156e-02  6.6463e-04     7.0982e-04  2.2300e-05 
3.7646e-02     2.9276e-01  6.0124e-03     1.1021e-02  2.2634e-04     2.5435e-02  5.4732e-04     9.5754e-04  2.0604e-05 
4.2240e-02     3.4914e-01  1.1598e-02     1.4747e-02  4.8990e-04     3.4034e-02  1.1515e-03     1.4376e-03  4.8641e-05 
4.7394e-02     3.6682e-01  8.4257e-03     1.7385e-02  3.9933e-04     4.0122e-02  9.5694e-04     1.9015e-03  4.5353e-05 
5.3176e-02     4.1288e-01  1.4844e-02     2.1956e-02  7.8936e-04     5.0670e-02  1.8506e-03     2.6944e-03  9.8406e-05 
5.9665e-02     4.5611e-01  1.7325e-02     2.7214e-02  1.0337e-03     6.2805e-02  2.4194e-03     3.7472e-03  1.4435e-04 
6.6945e-02     4.9468e-01  1.8915e-02     3.3116e-02  1.2662e-03     7.6427e-02  2.9632e-03     5.1164e-03  1.9837e-04 
7.5114e-02     5.3244e-01  1.4149e-02     3.9994e-02  1.0628e-03     9.2298e-02  2.5234e-03     6.9329e-03  1.8954e-04 
8.4279e-02     6.1078e-01  1.7133e-02     5.1476e-02  1.4440e-03     1.1880e-01  3.4187e-03     1.0012e-02  2.8813e-04 
9.4563e-02     6.5456e-01  1.1042e-02     6.1897e-02  1.0442e-03     1.4285e-01  2.5785e-03     1.3508e-02  2.4383e-04 
1.0610e-01     7.2508e-01  1.7977e-02     7.6932e-02  1.9074e-03     1.7754e-01  4.5472e-03     1.8838e-02  4.8246e-04 
1.1905e-01     8.0630e-01  1.3021e-02     9.5988e-02  1.5502e-03     2.2152e-01  3.8501e-03     2.6372e-02  4.5835e-04 
1.3357e-01     8.8781e-01  2.6474e-02     1.1859e-01  3.5362e-03     2.7368e-01  8.3482e-03     3.6556e-02  1.1151e-03 
1.4987e-01     1.0026e+00  6.9217e-03     1.5027e-01  1.0374e-03     3.4679e-01  3.2702e-03     5.1974e-02  4.9011e-04 
1.6816e-01     1.1188e+00  1.1102e-02     1.8813e-01  1.8670e-03     4.3417e-01  5.1325e-03     7.3009e-02  8.6308e-04 
1.8868e-01     1.2493e+00  8.4968e-03     2.3571e-01  1.6031e-03     5.4399e-01  5.0892e-03     1.0264e-01  9.6021e-04 
2.1170e-01     1.4124e+00  8.2496e-03     2.9899e-01  1.7464e-03     6.9003e-01  5.9911e-03     1.4608e-01  1.2683e-03 
2.3753e-01     1.5905e+00  1.3387e-02     3.7779e-01  3.1798e-03     8.7187e-01  9.2316e-03     2.0710e-01  2.1928e-03 
2.6651e-01     1.7953e+00  2.1516e-02     4.7846e-01  5.7344e-03     1.1042e+00  1.5015e-02     2.9429e-01  4.0017e-03 
2.9903e-01     2.0684e+00  1.1117e-02     6.1853e-01  3.3245e-03     1.4275e+00  1.1956e-02     4.2686e-01  3.5753e-03 
3.3552e-01     2.3759e+00  1.4348e-02     7.9716e-01  4.8139e-03     1.8397e+00  1.6220e-02     6.1726e-01  5.4421e-03 
3.7646e-01     2.5557e+00  2.3949e-02     9.6213e-01  9.0159e-03     2.2204e+00  2.5227e-02     8.3590e-01  9.4968e-03 
4.2240e-01     2.3376e+00  8.9700e-03     9.8739e-01  3.7889e-03     2.2787e+00  1.7051e-02     9.6253e-01  7.2022e-03 
4.7394e-01     1.7669e+00  7.6909e-03     8.3739e-01  3.6450e-03     1.9326e+00  1.4996e-02     9.1591e-01  7.1071e-03 
5.3176e-01     1.1394e+00  7.5892e-03     6.0589e-01  4.0357e-03     1.3983e+00  1.2939e-02     7.4357e-01  6.8807e-03 
5.9665e-01     6.9881e-01  2.6375e-03     4.1695e-01  1.5737e-03     9.6224e-01  7.1692e-03     5.7412e-01  4.2775e-03 
6.6945e-01     4.3210e-01  5.5233e-03     2.8927e-01  3.6976e-03     6.6759e-01  9.5503e-03     4.4692e-01  6.3935e-03 
7.5114e-01     2.7649e-01  2.3020e-03     2.0768e-01  1.7292e-03     4.7929e-01  5.0403e-03     3.6001e-01  3.7859e-03 
8.4279e-01     1.8176e-01  2.5863e-03     1.5318e-01  2.1797e-03     3.5352e-01  5.5192e-03     2.9795e-01  4.6516e-03 
9.4563e-01     1.2033e-01  1.7949e-03     1.1379e-01  1.6973e-03     2.6261e-01  4.2649e-03     2.4833e-01  4.0330e-03 
1.0610e+00     8.5529e-02  1.4949e-03     9.0747e-02  1.5861e-03     2.0943e-01  3.8999e-03     2.2221e-01  4.1378e-03 
1.1905e+00     6.0045e-02  9.8549e-04     7.1482e-02  1.1732e-03     1.6497e-01  2.9076e-03     1.9639e-01  3.4614e-03 
1.3357e+00     4.0988e-02  6.4321e-04     5.4750e-02  8.5916e-04     1.2635e-01  2.1425e-03     1.6877e-01  2.8618e-03 
1.4987e+00     2.7766e-02  5.6267e-04     4.1613e-02  8.4328e-04     9.6035e-02  2.0416e-03     1.4393e-01  3.0597e-03 
1.6816e+00     1.9776e-02  3.9743e-04     3.3255e-02  6.6830e-04     7.6748e-02  1.6192e-03     1.2906e-01  2.7228e-03 
1.8868e+00     1.2582e-02  5.2907e-04     2.3740e-02  9.9823e-04     5.4788e-02  2.3305e-03     1.0337e-01  4.3971e-03 
2.1170e+00     8.3479e-03  1.7396e-04     1.7672e-02  3.6826e-04     4.0785e-02  8.8935e-04     8.6341e-02  1.8827e-03 
2.3753e+00     4.9661e-03  2.1254e-04     1.1796e-02  5.0486e-04     2.7223e-02  1.1782e-03     6.4664e-02  2.7985e-03 
2.6651e+00     2.5871e-03  5.8545e-05     6.8948e-03  1.5603e-04     1.5912e-02  3.7432e-04     4.2408e-02  9.9760e-04 
2.9903e+00     1.4236e-03  1.7904e-04     4.2570e-03  5.3538e-04     9.8245e-03  1.2372e-03     2.9379e-02  3.6996e-03 
3.3552e+00     5.3191e-04  6.0245e-05     1.7847e-03  2.0214e-04     4.1187e-03  4.6724e-04     1.3819e-02  1.5677e-03 
3.7646e+00     2.4050e-04  2.9524e-05     9.0538e-04  1.1115e-04     2.0895e-03  2.5686e-04     7.8660e-03  9.6696e-04 
4.2240e+00     6.3891e-05  1.1669e-05     2.6987e-04  4.9288e-05     6.2282e-04  1.1382e-04     2.6308e-03  4.8077e-04 
4.7394e+00     1.6532e-05  6.2947e-06     7.8351e-05  2.9833e-05     1.8082e-04  6.8859e-05     8.5697e-04  3.2635e-04 
5.3176e+00     4.9114e-06  2.4707e-06     2.6117e-05  1.3138e-05     6.0273e-05  3.0323e-05     3.2051e-04  1.6125e-04 
5.9665e+00     1.4591e-06  1.7139e-05     8.7056e-06  1.0226e-04     2.0091e-05  2.3600e-04     1.1987e-04  1.4081e-03 
6.6945e+00     0.0000e+00  0.0000e+00     0.0000e+00  0.0000e+00     0.0000e+00  0.0000e+00     0.0000e+00  0.0000e+00 
7.5114e+00     0.0000e+00  0.0000e+00     0.0000e+00  0.0000e+00     0.0000e+00  0.0000e+00     0.0000e+00  0.0000e+00 
8.4279e+00     1.0330e-06  4.6193e-07     8.7056e-06  3.8931e-06     2.0091e-05  8.9855e-06     1.6933e-04  7.5728e-05 
9.4563e+00     0.0000e+00  0.0000e+00     0.0000e+00  0.0000e+00     0.0000e+00  0.0000e+00     0.0000e+00  0.0000e+00 
1.0610e+01     8.2050e-07  6.8982e-07     8.7056e-06  7.3191e-06     2.0091e-05  1.6892e-05     2.1317e-04  1.7922e-04 
1.1905e+01     7.3127e-07  4.4017e-07     8.7056e-06  5.2401e-06     2.0091e-05  1.2094e-05     2.3918e-04  1.4397e-04 
1.3357e+01     0.0000e+00  0.0000e+00     0.0000e+00  0.0000e+00     0.0000e+00  0.0000e+00     0.0000e+00  0.0000e+00 
1.4987e+01     0.0000e+00  0.0000e+00     0.0000e+00  0.0000e+00     0.0000e+00  0.0000e+00     0.0000e+00  0.0000e+00 
1.6816e+01     0.0000e+00  0.0000e+00     0.0000e+00  0.0000e+00     0.0000e+00  0.0000e+00     0.0000e+00  0.0000e+00 
1.8868e+01     1.3842e-06  9.0212e-07     2.6117e-05  1.7021e-05     6.0273e-05  3.9283e-05     1.1372e-03  7.4118e-04 
2.1170e+01     0.0000e+00  0.0000e+00     0.0000e+00  0.0000e+00     0.0000e+00  0.0000e+00     0.0000e+00  0.0000e+00 
2.3753e+01     0.0000e+00  0.0000e+00     0.0000e+00  0.0000e+00     0.0000e+00  0.0000e+00     0.0000e+00  0.0000e+00 
2.6651e+01     0.0000e+00  0.0000e+00     0.0000e+00  0.0000e+00     0.0000e+00  0.0000e+00     0.0000e+00  0.0000e+00 
2.9903e+01     5.8225e-07  1.1614e-06     1.7411e-05  3.4728e-05     4.0182e-05  8.0148e-05     1.2016e-03  2.3967e-03 
3.3552e+01     0.0000e+00  0.0000e+00     0.0000e+00  0.0000e+00     0.0000e+00  0.0000e+00     0.0000e+00  0.0000e+00 
3.7646e+01     0.0000e+00  0.0000e+00     0.0000e+00  0.0000e+00     0.0000e+00  0.0000e+00     0.0000e+00  0.0000e+00 
4.2240e+01     0.0000e+00  0.0000e+00     0.0000e+00  0.0000e+00     0.0000e+00  0.0000e+00     0.0000e+00  0.0000e+00 
4.7394e+01     0.0000e+00  0.0000e+00     0.0000e+00  0.0000e+00     0.0000e+00  0.0000e+00     0.0000e+00  0.0000e+00 
5.3176e+01     0.0000e+00  0.0000e+00     0.0000e+00  0.0000e+00     0.0000e+00  0.0000e+00     0.0000e+00  0.0000e+00 
5.9665e+01     2.9182e-07  1.6973e-06     1.7411e-05  1.0127e-04     4.0182e-05  2.3372e-04     2.3975e-03  1.3945e-02 
6.6945e+01     1.3004e-07  4.1116e-08     8.7056e-06  2.7525e-06     2.0091e-05  6.3536e-06     1.3450e-03  4.2534e-04 
7.5114e+01     2.3180e-07  2.2560e-07     1.7411e-05  1.6945e-05     4.0182e-05  3.9108e-05     3.0182e-03  2.9375e-03 
8.4279e+01     0.0000e+00  0.0000e+00     0.0000e+00  0.0000e+00     0.0000e+00  0.0000e+00     0.0000e+00  0.0000e+00 
9.4563e+01     0.0000e+00  0.0000e+00     0.0000e+00  0.0000e+00     0.0000e+00  0.0000e+00     0.0000e+00  0.0000e+00 
1.0610e+02     0.0000e+00  0.0000e+00     0.0000e+00  0.0000e+00     0.0000e+00  0.0000e+00     0.0000e+00  0.0000e+00 
1.1905e+02     2.1938e-07  1.0043e-07     2.6117e-05  1.1955e-05     6.0273e-05  2.7594e-05     7.1754e-03  3.2850e-03 
1.3357e+02     0.0000e+00  0.0000e+00     0.0000e+00  0.0000e+00     0.0000e+00  0.0000e+00     0.0000e+00  0.0000e+00 
1.4987e+02     0.0000e+00  0.0000e+00     0.0000e+00  0.0000e+00     0.0000e+00  0.0000e+00     0.0000e+00  0.0000e+00 
1.6816e+02     1.5531e-07  8.1322e-08     2.6117e-05  1.3675e-05     6.0273e-05  3.1562e-05     1.0135e-02  5.3074e-03 
1.8868e+02     4.6140e-08  5.4198e-07     8.7056e-06  1.0226e-04     2.0091e-05  2.3600e-04     3.7907e-03  4.4528e-02 
2.1170e+02     0.0000e+00  0.0000e+00     0.0000e+00  0.0000e+00     0.0000e+00  0.0000e+00     0.0000e+00  0.0000e+00 
2.3753e+02     3.6651e-08  1.0365e-08     8.7056e-06  2.4620e-06     2.0091e-05  5.6833e-06     4.7722e-03  1.3500e-03 
2.6651e+02     0.0000e+00  0.0000e+00     0.0000e+00  0.0000e+00     0.0000e+00  0.0000e+00     0.0000e+00  0.0000e+00 
2.9903e+02     2.9113e-08  2.6290e-08     8.7056e-06  7.8616e-06     2.0091e-05  1.8144e-05     6.0079e-03  5.4256e-03 
3.3552e+02     2.5947e-08  8.8444e-08     8.7056e-06  2.9675e-05     2.0091e-05  6.8485e-05     6.7410e-03  2.2978e-02 
3.7646e+02     0.0000e+00  0.0000e+00     0.0000e+00  0.0000e+00     0.0000e+00  0.0000e+00     0.0000e+00  0.0000e+00 
4.2240e+02     0.0000e+00  0.0000e+00     0.0000e+00  0.0000e+00     0.0000e+00  0.0000e+00     0.0000e+00  0.0000e+00 
4.7394e+02     0.0000e+00  0.0000e+00     0.0000e+00  0.0000e+00     0.0000e+00  0.0000e+00     0.0000e+00  0.0000e+00 
5.3176e+02     0.0000e+00  0.0000e+00     0.0000e+00  0.0000e+00     0.0000e+00  0.0000e+00     0.0000e+00  0.0000e+00 
5.9665e+02     0.0000e+00  0.0000e+00     0.0000e+00  0.0000e+00     0.0000e+00  0.0000e+00     0.0000e+00  0.0000e+00 
6.6945e+02     0.0000e+00  0.0000e+00     0.0000e+00  0.0000e+00     0.0000e+00  0.0000e+00     0.0000e+00  0.0000e+00 
7.5114e+02     0.0000e+00  0.0000e+00     0.0000e+00  0.0000e+00     0.0000e+00  0.0000e+00     0.0000e+00  0.0000e+00 
8.4279e+02     0.0000e+00  0.0000e+00     0.0000e+00  0.0000e+00     0.0000e+00  0.0000e+00     0.0000e+00  0.0000e+00 
9.4563e+02     0.0000e+00  0.0000e+00     0.0000e+00  0.0000e+00     0.0000e+00  0.0000e+00     0.0000e+00  0.0000e+00 
1.0610e+03     0.0000e+00  0.0000e+00     0.0000e+00  0.0000e+00     0.0000e+00  0.0000e+00     0.0000e+00  0.0000e+00 
1.1905e+03     0.0000e+00  0.0000e+00     0.0000e+00  0.0000e+00     0.0000e+00  0.0000e+00     0.0000e+00  0.0000e+00 
1.3357e+03     0.0000e+00  0.0000e+00     0.0000e+00  0.0000e+00     0.0000e+00  0.0000e+00     0.0000e+00  0.0000e+00 
1.4987e+03     0.0000e+00  0.0000e+00     0.0000e+00  0.0000e+00     0.0000e+00  0.0000e+00     0.0000e+00  0.0000e+00 
1.6816e+03     0.0000e+00  0.0000e+00     0.0000e+00  0.0000e+00     0.0000e+00  0.0000e+00     0.0000e+00  0.0000e+00 
1.8868e+03     0.0000e+00  0.0000e+00     0.0000e+00  0.0000e+00     0.0000e+00  0.0000e+00     0.0000e+00  0.0000e+00 
2.1170e+03     0.0000e+00  0.0000e+00     0.0000e+00  0.0000e+00     0.0000e+00  0.0000e+00     0.0000e+00  0.0000e+00 
2.3753e+03     0.0000e+00  0.0000e+00     0.0000e+00  0.0000e+00     0.0000e+00  0.0000e+00     0.0000e+00  0.0000e+00 
2.6651e+03     0.0000e+00  0.0000e+00     0.0000e+00  0.0000e+00     0.0000e+00  0.0000e+00     0.0000e+00  0.0000e+00 
2.9903e+03     0.0000e+00  0.0000e+00     0.0000e+00  0.0000e+00     0.0000e+00  0.0000e+00     0.0000e+00  0.0000e+00 
3.3552e+03     0.0000e+00  0.0000e+00     0.0000e+00  0.0000e+00     0.0000e+00  0.0000e+00     0.0000e+00  0.0000e+00 
3.7646e+03     0.0000e+00  0.0000e+00     0.0000e+00  0.0000e+00     0.0000e+00  0.0000e+00     0.0000e+00  0.0000e+00 
4.2240e+03     0.0000e+00  0.0000e+00     0.0000e+00  0.0000e+00     0.0000e+00  0.0000e+00     0.0000e+00  0.0000e+00 
4.7394e+03     0.0000e+00  0.0000e+00     0.0000e+00  0.0000e+00     0.0000e+00  0.0000e+00     0.0000e+00  0.0000e+00 
5.3176e+03     0.0000e+00  0.0000e+00     0.0000e+00  0.0000e+00     0.0000e+00  0.0000e+00     0.0000e+00  0.0000e+00 
5.9665e+03     0.0000e+00  0.0000e+00     0.0000e+00  0.0000e+00     0.0000e+00  0.0000e+00     0.0000e+00  0.0000e+00 
6.6945e+03     0.0000e+00  0.0000e+00     0.0000e+00  0.0000e+00     0.0000e+00  0.0000e+00     0.0000e+00  0.0000e+00 
7.5114e+03     0.0000e+00  0.0000e+00     0.0000e+00  0.0000e+00     0.0000e+00  0.0000e+00     0.0000e+00  0.0000e+00 
8.4279e+03     0.0000e+00  0.0000e+00     0.0000e+00  0.0000e+00     0.0000e+00  0.0000e+00     0.0000e+00  0.0000e+00 
9.4563e+03     0.0000e+00  0.0000e+00     0.0000e+00  0.0000e+00     0.0000e+00  0.0000e+00     0.0000e+00  0.0000e+00 
