yF = 6.1329e-01 (std: 2.0288e-03) keV/um
yD = 2.5562e+00 (std: 7.1862e-01) keV/um
y (keV/um)     f(y)(std)                  yf(y)(std)                 d(y)(std)                  yd(y)(std)  
1.0610e-03     0.0000e+00  0.0000e+00     0.0000e+00  0.0000e+00     0.0000e+00  0.0000e+00     0.0000e+00  0.0000e+00 
1.1905e-03     0.0000e+00  0.0000e+00     0.0000e+00  0.0000e+00     0.0000e+00  0.0000e+00     0.0000e+00  0.0000e+00 
1.3357e-03     0.0000e+00  0.0000e+00     0.0000e+00  0.0000e+00     0.0000e+00  0.0000e+00     0.0000e+00  0.0000e+00 
1.4987e-03     5.2288e-02  2.1876e-02     7.8364e-05  3.2786e-05     1.2778e-04  5.3461e-05     1.9150e-07  8.0123e-08 
1.6816e-03     4.1423e-02  3.4765e-02     6.9657e-05  5.8461e-05     1.1358e-04  9.5324e-05     1.9099e-07  1.6030e-07 
1.8868e-03     1.8459e-02  8.8522e-03     3.4829e-05  1.6702e-05     5.6790e-05  2.7234e-05     1.0715e-07  5.1385e-08 
2.1170e-03     2.8791e-02  4.4821e-02     6.0950e-05  9.4885e-05     9.9382e-05  1.5472e-04     2.1039e-07  3.2753e-07 
2.3753e-03     1.8328e-02  1.0679e-02     4.3536e-05  2.5366e-05     7.0987e-05  4.1361e-05     1.6862e-07  9.8244e-08 
2.6651e-03     1.3068e-02  1.1337e-02     3.4829e-05  3.0215e-05     5.6790e-05  4.9268e-05     1.5135e-07  1.3130e-07 
2.9903e-03     1.7471e-02  1.1306e-02     5.2243e-05  3.3810e-05     8.5185e-05  5.5130e-05     2.5473e-07  1.6486e-07 
3.3552e-03     2.0761e-02  6.4576e-03     6.9657e-05  2.1667e-05     1.1358e-04  3.5330e-05     3.8108e-07  1.1854e-07 
3.7646e-03     3.2381e-02  9.2875e-03     1.2190e-04  3.4964e-05     1.9876e-04  5.7014e-05     7.4827e-07  2.1464e-07 
4.2240e-03     1.6491e-02  6.5452e-03     6.9657e-05  2.7647e-05     1.1358e-04  4.5081e-05     4.7976e-07  1.9042e-07 
4.7394e-03     1.6535e-02  6.3028e-03     7.8364e-05  2.9871e-05     1.2778e-04  4.8709e-05     6.0558e-07  2.3085e-07 
5.3176e-03     2.2924e-02  6.3167e-03     1.2190e-04  3.3590e-05     1.9876e-04  5.4774e-05     1.0570e-06  2.9127e-07 
5.9665e-03     2.9187e-02  9.4641e-03     1.7414e-04  5.6468e-05     2.8395e-04  9.2079e-05     1.6942e-06  5.4939e-07 
6.6945e-03     4.1620e-02  7.3587e-03     2.7863e-04  4.9263e-05     4.5432e-04  8.0340e-05     3.0414e-06  5.3784e-07 
7.5114e-03     2.2025e-02  5.6313e-03     1.6544e-04  4.2299e-05     2.6975e-04  6.8976e-05     2.0262e-06  5.1811e-07 
8.4279e-03     2.7895e-02  5.4833e-03     2.3509e-04  4.6213e-05     3.8333e-04  7.5364e-05     3.2307e-06  6.3516e-07 
9.4563e-03     3.4069e-02  8.6616e-03     3.2216e-04  8.1906e-05     5.2531e-04  1.3356e-04     4.9674e-06  1.2630e-06 
1.0610e-02     4.8418e-02  1.8712e-02     5.1372e-04  1.9854e-04     8.3765e-04  3.2374e-04     8.8876e-06  3.4349e-06 
1.1905e-02     3.2913e-02  6.6338e-03     3.9182e-04  7.8974e-05     6.3889e-04  1.2879e-04     7.6058e-06  1.5332e-06 
1.3357e-02     4.7586e-02  7.8861e-03     6.3562e-04  1.0534e-04     1.0364e-03  1.7179e-04     1.3844e-05  2.2947e-06 
1.4987e-02     5.6354e-02  9.3571e-03     8.4459e-04  1.4024e-04     1.3772e-03  2.2871e-04     2.0640e-05  3.4277e-06 
1.6816e-02     6.9384e-02  8.7831e-03     1.1668e-03  1.4770e-04     1.9025e-03  2.4091e-04     3.1992e-05  4.0511e-06 
1.8868e-02     8.1683e-02  9.1535e-03     1.5412e-03  1.7271e-04     2.5130e-03  2.8173e-04     4.7414e-05  5.3156e-06 
2.1170e-02     8.3082e-02  9.5164e-03     1.7588e-03  2.0146e-04     2.8679e-03  3.2863e-04     6.0713e-05  6.9571e-06 
2.3753e-02     9.0176e-02  6.2981e-03     2.1420e-03  1.4960e-04     3.4926e-03  2.4420e-04     8.2959e-05  5.8006e-06 
2.6651e-02     9.4418e-02  9.7970e-03     2.5164e-03  2.6110e-04     4.1031e-03  4.2596e-04     1.0935e-04  1.1352e-05 
2.9903e-02     1.1239e-01  8.0618e-03     3.3610e-03  2.4108e-04     5.4802e-03  3.9350e-04     1.6388e-04  1.1767e-05 
3.3552e-02     1.2794e-01  1.2439e-02     4.2926e-03  4.1734e-04     6.9994e-03  6.8089e-04     2.3484e-04  2.2845e-05 
3.7646e-02     1.4155e-01  9.5371e-03     5.3288e-03  3.5903e-04     8.6889e-03  5.8613e-04     3.2710e-04  2.2065e-05 
4.2240e-02     1.7006e-01  2.3512e-02     7.1834e-03  9.9315e-04     1.1713e-02  1.6198e-03     4.9475e-04  6.8421e-05 
4.7394e-02     1.7527e-01  9.0822e-03     8.3066e-03  4.3044e-04     1.3544e-02  7.0328e-04     6.4192e-04  3.3331e-05 
5.3176e-02     2.0730e-01  7.2219e-03     1.1023e-02  3.8404e-04     1.7974e-02  6.2901e-04     9.5579e-04  3.3449e-05 
5.9665e-02     2.1832e-01  6.9289e-03     1.3026e-02  4.1341e-04     2.1239e-02  6.7774e-04     1.2672e-03  4.0437e-05 
6.6945e-02     2.5623e-01  1.7777e-02     1.7153e-02  1.1901e-03     2.7969e-02  1.9427e-03     1.8724e-03  1.3006e-04 
7.5114e-02     2.6870e-01  6.6370e-03     2.0183e-02  4.9853e-04     3.2910e-02  8.2014e-04     2.4720e-03  6.1604e-05 
8.4279e-02     3.0106e-01  1.0384e-02     2.5373e-02  8.7515e-04     4.1371e-02  1.4335e-03     3.4867e-03  1.2082e-04 
9.4563e-02     3.2909e-01  9.0196e-03     3.1119e-02  8.5291e-04     5.0742e-02  1.4008e-03     4.7983e-03  1.3246e-04 
1.0610e-01     3.6929e-01  1.1620e-02     3.9182e-02  1.2329e-03     6.3889e-02  2.0214e-03     6.7786e-03  2.1448e-04 
1.1905e-01     4.0110e-01  1.3120e-02     4.7750e-02  1.5619e-03     7.7859e-02  2.5598e-03     9.2689e-03  3.0474e-04 
1.3357e-01     4.4046e-01  1.2106e-02     5.8834e-02  1.6171e-03     9.5932e-02  2.6558e-03     1.2814e-02  3.5474e-04 
1.4987e-01     5.0045e-01  8.6251e-03     7.5003e-02  1.2927e-03     1.2230e-01  2.1462e-03     1.8329e-02  3.2166e-04 
1.6816e-01     5.4979e-01  8.2836e-03     9.2452e-02  1.3930e-03     1.5075e-01  2.3254e-03     2.5350e-02  3.9104e-04 
1.8868e-01     6.0325e-01  6.9642e-03     1.1382e-01  1.3140e-03     1.8559e-01  2.2287e-03     3.5016e-02  4.2051e-04 
2.1170e-01     6.7609e-01  1.0444e-02     1.4313e-01  2.2110e-03     2.3338e-01  3.6869e-03     4.9406e-02  7.8051e-04 
2.3753e-01     7.5088e-01  1.3299e-02     1.7836e-01  3.1590e-03     2.9082e-01  5.2399e-03     6.9079e-02  1.2446e-03 
2.6651e-01     8.4999e-01  6.5610e-03     2.2653e-01  1.7486e-03     3.6938e-01  3.1020e-03     9.8444e-02  8.2672e-04 
2.9903e-01     9.4702e-01  1.1184e-02     2.8319e-01  3.3445e-03     4.6176e-01  5.6633e-03     1.3808e-01  1.6935e-03 
3.3552e-01     1.0733e+00  7.9105e-03     3.6010e-01  2.6541e-03     5.8717e-01  4.7436e-03     1.9701e-01  1.5916e-03 
3.7646e-01     1.2062e+00  1.4881e-02     4.5409e-01  5.6020e-03     7.4043e-01  9.4570e-03     2.7874e-01  3.5602e-03 
4.2240e-01     1.3796e+00  1.0519e-02     5.8274e-01  4.4432e-03     9.5019e-01  7.8974e-03     4.0136e-01  3.3358e-03 
4.7394e-01     1.5936e+00  8.2281e-03     7.5524e-01  3.8996e-03     1.2315e+00  7.5515e-03     5.8363e-01  3.5789e-03 
5.3176e-01     1.7738e+00  6.0295e-03     9.4324e-01  3.2063e-03     1.5380e+00  7.2951e-03     8.1786e-01  3.8793e-03 
5.9665e-01     1.7111e+00  1.1427e-02     1.0210e+00  6.8181e-03     1.6647e+00  1.2407e-02     9.9326e-01  7.4024e-03 
6.6945e-01     1.3276e+00  1.1503e-02     8.8878e-01  7.7010e-03     1.4492e+00  1.3441e-02     9.7017e-01  8.9981e-03 
7.5114e-01     8.7276e-01  6.1039e-03     6.5556e-01  4.5848e-03     1.0689e+00  8.2699e-03     8.0291e-01  6.2119e-03 
8.4279e-01     5.3805e-01  3.4708e-03     4.5346e-01  2.9252e-03     7.3939e-01  5.3603e-03     6.2315e-01  4.5176e-03 
9.4563e-01     3.3683e-01  4.0856e-03     3.1852e-01  3.8635e-03     5.1936e-01  6.5297e-03     4.9112e-01  6.1746e-03 
1.0610e+00     2.1580e-01  2.6557e-03     2.2896e-01  2.8178e-03     3.7334e-01  4.7576e-03     3.9611e-01  5.0479e-03 
1.1905e+00     1.4170e-01  1.9643e-03     1.6869e-01  2.3384e-03     2.7506e-01  3.9200e-03     3.2745e-01  4.6666e-03 
1.3357e+00     9.3614e-02  1.3646e-03     1.2504e-01  1.8228e-03     2.0389e-01  3.0477e-03     2.7234e-01  4.0709e-03 
1.4987e+00     6.3018e-02  1.5247e-03     9.4446e-02  2.2851e-03     1.5400e-01  3.7606e-03     2.3080e-01  5.6361e-03 
1.6816e+00     4.2998e-02  8.1670e-04     7.2304e-02  1.3734e-03     1.1790e-01  2.2730e-03     1.9825e-01  3.8223e-03 
1.8868e+00     2.8151e-02  8.5357e-04     5.3114e-02  1.6105e-03     8.6605e-02  2.6416e-03     1.6340e-01  4.9841e-03 
2.1170e+00     1.8537e-02  6.9271e-04     3.9243e-02  1.4665e-03     6.3988e-02  2.4005e-03     1.3546e-01  5.0818e-03 
2.3753e+00     1.1345e-02  1.6586e-04     2.6949e-02  3.9396e-04     4.3941e-02  6.5862e-04     1.0437e-01  1.5644e-03 
2.6651e+00     6.5178e-03  1.5307e-04     1.7371e-02  4.0795e-04     2.8324e-02  6.7176e-04     7.5487e-02  1.7903e-03 
2.9903e+00     3.3776e-03  1.8032e-04     1.0100e-02  5.3923e-04     1.6469e-02  8.8093e-04     4.9248e-02  2.6343e-03 
3.3552e+00     1.4221e-03  9.0780e-05     4.7715e-03  3.0458e-04     7.7802e-03  4.9731e-04     2.6104e-02  1.6686e-03 
3.7646e+00     6.0829e-04  5.6796e-05     2.2900e-03  2.1382e-04     3.7339e-03  3.4886e-04     1.4057e-02  1.3133e-03 
4.2240e+00     1.9789e-04  2.7892e-05     8.3589e-04  1.1782e-04     1.3630e-03  1.9216e-04     5.7571e-03  8.1166e-04 
4.7394e+00     5.1442e-05  1.1530e-05     2.4380e-04  5.4647e-05     3.9753e-04  8.9114e-05     1.8840e-03  4.2234e-04 
5.3176e+00     8.1870e-06  4.2351e-06     4.3536e-05  2.2521e-05     7.0987e-05  3.6722e-05     3.7749e-04  1.9527e-04 
5.9665e+00     0.0000e+00  0.0000e+00     0.0000e+00  0.0000e+00     0.0000e+00  0.0000e+00     0.0000e+00  0.0000e+00 
6.6945e+00     0.0000e+00  0.0000e+00     0.0000e+00  0.0000e+00     0.0000e+00  0.0000e+00     0.0000e+00  0.0000e+00 
7.5114e+00     0.0000e+00  0.0000e+00     0.0000e+00  0.0000e+00     0.0000e+00  0.0000e+00     0.0000e+00  0.0000e+00 
8.4279e+00     0.0000e+00  0.0000e+00     0.0000e+00  0.0000e+00     0.0000e+00  0.0000e+00     0.0000e+00  0.0000e+00 
9.4563e+00     0.0000e+00  0.0000e+00     0.0000e+00  0.0000e+00     0.0000e+00  0.0000e+00     0.0000e+00  0.0000e+00 
1.0610e+01     8.2065e-07  6.6398e-07     8.7071e-06  7.0449e-06     1.4197e-05  1.1487e-05     1.5064e-04  1.2188e-04 
1.1905e+01     0.0000e+00  0.0000e+00     0.0000e+00  0.0000e+00     0.0000e+00  0.0000e+00     0.0000e+00  0.0000e+00 
1.3357e+01     0.0000e+00  0.0000e+00     0.0000e+00  0.0000e+00     0.0000e+00  0.0000e+00     0.0000e+00  0.0000e+00 
1.4987e+01     0.0000e+00  0.0000e+00     0.0000e+00  0.0000e+00     0.0000e+00  0.0000e+00     0.0000e+00  0.0000e+00 
1.6816e+01     0.0000e+00  0.0000e+00     0.0000e+00  0.0000e+00     0.0000e+00  0.0000e+00     0.0000e+00  0.0000e+00 
1.8868e+01     0.0000e+00  0.0000e+00     0.0000e+00  0.0000e+00     0.0000e+00  0.0000e+00     0.0000e+00  0.0000e+00 
2.1170e+01     4.1130e-07  2.0573e-07     8.7071e-06  4.3552e-06     1.4197e-05  7.1016e-06     3.0056e-04  1.5034e-04 
2.3753e+01     3.6657e-07  6.8148e-07     8.7071e-06  1.6187e-05     1.4197e-05  2.6394e-05     3.3723e-04  6.2695e-04 
2.6651e+01     3.2671e-07  2.0775e-07     8.7071e-06  5.5369e-06     1.4197e-05  9.0283e-06     3.7838e-04  2.4062e-04 
2.9903e+01     5.8235e-07  3.8527e-07     1.7414e-05  1.1521e-05     2.8395e-05  1.8786e-05     8.4910e-04  5.6175e-04 
3.3552e+01     2.5951e-07  2.0490e-07     8.7071e-06  6.8750e-06     1.4197e-05  1.1210e-05     4.7635e-04  3.7612e-04 
3.7646e+01     0.0000e+00  0.0000e+00     0.0000e+00  0.0000e+00     0.0000e+00  0.0000e+00     0.0000e+00  0.0000e+00 
4.2240e+01     0.0000e+00  0.0000e+00     0.0000e+00  0.0000e+00     0.0000e+00  0.0000e+00     0.0000e+00  0.0000e+00 
4.7394e+01     1.8372e-07  2.1581e-06     8.7071e-06  1.0228e-04     1.4197e-05  1.6677e-04     6.7287e-04  7.9040e-03 
5.3176e+01     0.0000e+00  0.0000e+00     0.0000e+00  0.0000e+00     0.0000e+00  0.0000e+00     0.0000e+00  0.0000e+00 
5.9665e+01     1.4593e-07  1.0614e-07     8.7071e-06  6.3327e-06     1.4197e-05  1.0326e-05     8.4709e-04  6.1609e-04 
6.6945e+01     3.9019e-07  3.3785e-07     2.6121e-05  2.2617e-05     4.2592e-05  3.6879e-05     2.8514e-03  2.4689e-03 
7.5114e+01     1.1592e-07  6.2488e-08     8.7071e-06  4.6937e-06     1.4197e-05  7.6535e-06     1.0664e-03  5.7488e-04 
8.4279e+01     0.0000e+00  0.0000e+00     0.0000e+00  0.0000e+00     0.0000e+00  0.0000e+00     0.0000e+00  0.0000e+00 
9.4563e+01     9.2078e-08  6.2370e-08     8.7071e-06  5.8979e-06     1.4197e-05  9.6170e-06     1.3425e-03  9.0941e-04 
1.0610e+02     3.2826e-07  2.8408e-07     3.4829e-05  3.0141e-05     5.6790e-05  4.9148e-05     6.0255e-03  5.2146e-03 
1.1905e+02     7.3140e-08  1.6354e-08     8.7071e-06  1.9469e-06     1.4197e-05  3.1749e-06     1.6902e-03  3.7796e-04 
1.3357e+02     1.3037e-07  1.2194e-07     1.7414e-05  1.6288e-05     2.8395e-05  2.6558e-05     3.7928e-03  3.5474e-03 
1.4987e+02     0.0000e+00  0.0000e+00     0.0000e+00  0.0000e+00     0.0000e+00  0.0000e+00     0.0000e+00  0.0000e+00 
1.6816e+02     1.0356e-07  7.8592e-08     1.7414e-05  1.3216e-05     2.8395e-05  2.1550e-05     4.7749e-03  3.6237e-03 
1.8868e+02     0.0000e+00  0.0000e+00     0.0000e+00  0.0000e+00     0.0000e+00  0.0000e+00     0.0000e+00  0.0000e+00 
2.1170e+02     0.0000e+00  0.0000e+00     0.0000e+00  0.0000e+00     0.0000e+00  0.0000e+00     0.0000e+00  0.0000e+00 
2.3753e+02     3.6657e-08  5.1843e-09     8.7071e-06  1.2314e-06     1.4197e-05  2.0084e-06     3.3723e-03  4.7707e-04 
2.6651e+02     3.2671e-08  1.1137e-07     8.7071e-06  2.9681e-05     1.4197e-05  4.8396e-05     3.7838e-03  1.2898e-02 
2.9903e+02     5.8235e-08  5.6117e-08     1.7414e-05  1.6781e-05     2.8395e-05  2.7362e-05     8.4910e-03  8.1823e-03 
3.3552e+02     2.5951e-08  1.7150e-08     8.7071e-06  5.7541e-06     1.4197e-05  9.3825e-06     4.7635e-03  3.1480e-03 
3.7646e+02     0.0000e+00  0.0000e+00     0.0000e+00  0.0000e+00     0.0000e+00  0.0000e+00     0.0000e+00  0.0000e+00 
4.2240e+02     0.0000e+00  0.0000e+00     0.0000e+00  0.0000e+00     0.0000e+00  0.0000e+00     0.0000e+00  0.0000e+00 
4.7394e+02     0.0000e+00  0.0000e+00     0.0000e+00  0.0000e+00     0.0000e+00  0.0000e+00     0.0000e+00  0.0000e+00 
5.3176e+02     0.0000e+00  0.0000e+00     0.0000e+00  0.0000e+00     0.0000e+00  0.0000e+00     0.0000e+00  0.0000e+00 
5.9665e+02     0.0000e+00  0.0000e+00     0.0000e+00  0.0000e+00     0.0000e+00  0.0000e+00     0.0000e+00  0.0000e+00 
6.6945e+02     1.3006e-08  8.9174e-09     8.7071e-06  5.9698e-06     1.4197e-05  9.7342e-06     9.5045e-03  6.5166e-03 
7.5114e+02     0.0000e+00  0.0000e+00     0.0000e+00  0.0000e+00     0.0000e+00  0.0000e+00     0.0000e+00  0.0000e+00 
8.4279e+02     0.0000e+00  0.0000e+00     0.0000e+00  0.0000e+00     0.0000e+00  0.0000e+00     0.0000e+00  0.0000e+00 
9.4563e+02     0.0000e+00  0.0000e+00     0.0000e+00  0.0000e+00     0.0000e+00  0.0000e+00     0.0000e+00  0.0000e+00 
1.0610e+03     0.0000e+00  0.0000e+00     0.0000e+00  0.0000e+00     0.0000e+00  0.0000e+00     0.0000e+00  0.0000e+00 
1.1905e+03     0.0000e+00  0.0000e+00     0.0000e+00  0.0000e+00     0.0000e+00  0.0000e+00     0.0000e+00  0.0000e+00 
1.3357e+03     0.0000e+00  0.0000e+00     0.0000e+00  0.0000e+00     0.0000e+00  0.0000e+00     0.0000e+00  0.0000e+00 
1.4987e+03     0.0000e+00  0.0000e+00     0.0000e+00  0.0000e+00     0.0000e+00  0.0000e+00     0.0000e+00  0.0000e+00 
1.6816e+03     0.0000e+00  0.0000e+00     0.0000e+00  0.0000e+00     0.0000e+00  0.0000e+00     0.0000e+00  0.0000e+00 
1.8868e+03     0.0000e+00  0.0000e+00     0.0000e+00  0.0000e+00     0.0000e+00  0.0000e+00     0.0000e+00  0.0000e+00 
2.1170e+03     0.0000e+00  0.0000e+00     0.0000e+00  0.0000e+00     0.0000e+00  0.0000e+00     0.0000e+00  0.0000e+00 
2.3753e+03     0.0000e+00  0.0000e+00     0.0000e+00  0.0000e+00     0.0000e+00  0.0000e+00     0.0000e+00  0.0000e+00 
2.6651e+03     0.0000e+00  0.0000e+00     0.0000e+00  0.0000e+00     0.0000e+00  0.0000e+00     0.0000e+00  0.0000e+00 
2.9903e+03     0.0000e+00  0.0000e+00     0.0000e+00  0.0000e+00     0.0000e+00  0.0000e+00     0.0000e+00  0.0000e+00 
3.3552e+03     0.0000e+00  0.0000e+00     0.0000e+00  0.0000e+00     0.0000e+00  0.0000e+00     0.0000e+00  0.0000e+00 
3.7646e+03     0.0000e+00  0.0000e+00     0.0000e+00  0.0000e+00     0.0000e+00  0.0000e+00     0.0000e+00  0.0000e+00 
4.2240e+03     0.0000e+00  0.0000e+00     0.0000e+00  0.0000e+00     0.0000e+00  0.0000e+00     0.0000e+00  0.0000e+00 
4.7394e+03     0.0000e+00  0.0000e+00     0.0000e+00  0.0000e+00     0.0000e+00  0.0000e+00     0.0000e+00  0.0000e+00 
5.3176e+03     0.0000e+00  0.0000e+00     0.0000e+00  0.0000e+00     0.0000e+00  0.0000e+00     0.0000e+00  0.0000e+00 
5.9665e+03     0.0000e+00  0.0000e+00     0.0000e+00  0.0000e+00     0.0000e+00  0.0000e+00     0.0000e+00  0.0000e+00 
6.6945e+03     0.0000e+00  0.0000e+00     0.0000e+00  0.0000e+00     0.0000e+00  0.0000e+00     0.0000e+00  0.0000e+00 
7.5114e+03     0.0000e+00  0.0000e+00     0.0000e+00  0.0000e+00     0.0000e+00  0.0000e+00     0.0000e+00  0.0000e+00 
8.4279e+03     0.0000e+00  0.0000e+00     0.0000e+00  0.0000e+00     0.0000e+00  0.0000e+00     0.0000e+00  0.0000e+00 
9.4563e+03     0.0000e+00  0.0000e+00     0.0000e+00  0.0000e+00     0.0000e+00  0.0000e+00     0.0000e+00  0.0000e+00 
