yF = 4.6459e-01 (std: 3.9772e-03) keV/um
yD = 5.4681e+00 (std: 6.2374e+00) keV/um
y (keV/um)     f(y)(std)                  yf(y)(std)                 d(y)(std)                  yd(y)(std)  
1.0610e-03     0.0000e+00  0.0000e+00     0.0000e+00  0.0000e+00     0.0000e+00  0.0000e+00     0.0000e+00  0.0000e+00 
1.1905e-03     0.0000e+00  0.0000e+00     0.0000e+00  0.0000e+00     0.0000e+00  0.0000e+00     0.0000e+00  0.0000e+00 
1.3357e-03     6.5176e-03  1.4137e-02     8.7057e-06  1.8883e-05     1.8738e-05  4.0645e-05     2.5029e-08  5.4291e-08 
1.4987e-03     6.9705e-02  2.0003e-02     1.0447e-04  2.9978e-05     2.2486e-04  6.4554e-05     3.3700e-07  9.6749e-08 
1.6816e-03     5.1771e-02  1.7264e-02     8.7057e-05  2.9031e-05     1.8738e-04  6.2508e-05     3.1510e-07  1.0511e-07 
1.8868e-03     2.7684e-02  1.1327e-02     5.2234e-05  2.1372e-05     1.1243e-04  4.6011e-05     2.1213e-07  8.6813e-08 
2.1170e-03     2.0562e-02  7.6050e-03     4.3529e-05  1.6100e-05     9.3692e-05  3.4663e-05     1.9834e-07  7.3381e-08 
2.3753e-03     1.8325e-02  1.0395e-02     4.3529e-05  2.4692e-05     9.3692e-05  5.3154e-05     2.2255e-07  1.2626e-07 
2.6651e-03     1.6333e-02  7.8110e-03     4.3529e-05  2.0817e-05     9.3692e-05  4.4815e-05     2.4970e-07  1.1944e-07 
2.9903e-03     5.2403e-02  1.4463e-02     1.5670e-04  4.3249e-05     3.3729e-04  9.3134e-05     1.0086e-06  2.7850e-07 
3.3552e-03     4.9299e-02  1.6178e-02     1.6541e-04  5.4282e-05     3.5603e-04  1.1688e-04     1.1945e-06  3.9215e-07 
3.7646e-03     3.9313e-02  1.3312e-02     1.4800e-04  5.0116e-05     3.1855e-04  1.0791e-04     1.1992e-06  4.0622e-07 
4.2240e-03     5.1526e-02  1.7565e-02     2.1764e-04  7.4195e-05     4.6846e-04  1.5975e-04     1.9787e-06  6.7477e-07 
4.7394e-03     4.0412e-02  1.2534e-02     1.9153e-04  5.9402e-05     4.1224e-04  1.2791e-04     1.9538e-06  6.0620e-07 
5.3176e-03     5.0751e-02  9.9969e-03     2.6988e-04  5.3160e-05     5.8089e-04  1.1453e-04     3.0890e-06  6.0903e-07 
5.9665e-03     6.2741e-02  1.4587e-02     3.7435e-04  8.7031e-05     8.0575e-04  1.8745e-04     4.8075e-06  1.1184e-06 
6.6945e-03     6.3721e-02  1.8165e-02     4.2658e-04  1.2161e-04     9.1818e-04  2.6187e-04     6.1467e-06  1.7531e-06 
7.5114e-03     6.3745e-02  1.4611e-02     4.7881e-04  1.0975e-04     1.0306e-03  2.3638e-04     7.7413e-06  1.7756e-06 
8.4279e-03     7.0242e-02  1.0927e-02     5.9199e-04  9.2089e-05     1.2742e-03  1.9851e-04     1.0739e-05  1.6731e-06 
9.4563e-03     6.4444e-02  1.0412e-02     6.0940e-04  9.8454e-05     1.3117e-03  2.1221e-04     1.2404e-05  2.0067e-06 
1.0610e-02     8.0410e-02  1.4380e-02     8.5316e-04  1.5258e-04     1.8364e-03  3.2878e-04     1.9484e-05  3.4884e-06 
1.1905e-02     8.1172e-02  1.5519e-02     9.6633e-04  1.8475e-04     2.0800e-03  3.9806e-04     2.4761e-05  4.7388e-06 
1.3357e-02     8.3425e-02  5.5644e-03     1.1143e-03  7.4325e-05     2.3985e-03  1.6129e-04     3.2038e-05  2.1544e-06 
1.4987e-02     1.1966e-01  8.7624e-03     1.7934e-03  1.3132e-04     3.8601e-03  2.8459e-04     5.7852e-05  4.2651e-06 
1.6816e-02     1.2839e-01  1.7406e-02     2.1590e-03  2.9269e-04     4.6471e-03  6.3126e-04     7.8145e-05  1.0615e-05 
1.8868e-02     1.2227e-01  1.0870e-02     2.3070e-03  2.0509e-04     4.9656e-03  4.4349e-04     9.3690e-05  8.3676e-06 
2.1170e-02     1.4722e-01  1.1839e-02     3.1166e-03  2.5063e-04     6.7083e-03  5.4252e-04     1.4201e-04  1.1485e-05 
2.3753e-02     1.7702e-01  1.5675e-02     4.2049e-03  3.7234e-04     9.0506e-03  8.0516e-04     2.1498e-04  1.9125e-05 
2.6651e-02     1.9697e-01  1.1524e-02     5.2495e-03  3.0712e-04     1.1299e-02  6.6809e-04     3.0114e-04  1.7805e-05 
2.9903e-02     2.1951e-01  3.9540e-03     6.5641e-03  1.1824e-04     1.4129e-02  2.8177e-04     4.2249e-04  8.4260e-06 
3.3552e-02     2.5168e-01  7.7373e-03     8.4445e-03  2.5960e-04     1.8176e-02  5.8003e-04     6.0985e-04  1.9461e-05 
3.7646e-02     2.6594e-01  8.0245e-03     1.0012e-02  3.0209e-04     2.1549e-02  6.7588e-04     8.1124e-04  2.5444e-05 
4.2240e-02     2.9164e-01  1.0478e-02     1.2319e-02  4.4258e-04     2.6515e-02  9.7928e-04     1.1200e-03  4.1364e-05 
4.7394e-02     3.3615e-01  1.2715e-02     1.5931e-02  6.0259e-04     3.4291e-02  1.3298e-03     1.6252e-03  6.3026e-05 
5.3176e-02     3.6213e-01  1.5083e-02     1.9257e-02  8.0207e-04     4.1449e-02  1.7625e-03     2.2041e-03  9.3722e-05 
5.9665e-02     4.0286e-01  8.8346e-03     2.4036e-02  5.2712e-04     5.1736e-02  1.2180e-03     3.0869e-03  7.2669e-05 
6.6945e-02     4.3226e-01  9.5648e-03     2.8938e-02  6.4031e-04     6.2286e-02  1.4778e-03     4.1698e-03  9.8929e-05 
7.5114e-02     4.6998e-01  9.3810e-03     3.5302e-02  7.0464e-04     7.5984e-02  1.6503e-03     5.7074e-03  1.2396e-04 
8.4279e-02     5.3332e-01  1.8404e-02     4.4948e-02  1.5511e-03     9.6746e-02  3.4397e-03     8.1536e-03  2.8990e-04 
9.4563e-02     5.8055e-01  1.7184e-02     5.4898e-02  1.6250e-03     1.1816e-01  3.6410e-03     1.1174e-02  3.4430e-04 
1.0610e-01     6.5452e-01  1.0592e-02     6.9445e-02  1.1238e-03     1.4948e-01  2.7365e-03     1.5859e-02  2.9034e-04 
1.1905e-01     7.0635e-01  1.4785e-02     8.4088e-02  1.7601e-03     1.8099e-01  4.0930e-03     2.1547e-02  4.8726e-04 
1.3357e-01     7.8341e-01  1.4081e-02     1.0464e-01  1.8808e-03     2.2523e-01  4.4840e-03     3.0085e-02  5.9894e-04 
1.4987e-01     8.8503e-01  1.4773e-02     1.3264e-01  2.2140e-03     2.8550e-01  5.3557e-03     4.2788e-02  8.0266e-04 
1.6816e-01     9.7837e-01  9.9942e-03     1.6452e-01  1.6806e-03     3.5412e-01  4.7196e-03     5.9548e-02  7.9365e-04 
1.8868e-01     1.0839e+00  1.3525e-02     2.0451e-01  2.5518e-03     4.4018e-01  6.6609e-03     8.3052e-02  1.2568e-03 
2.1170e-01     1.2262e+00  1.3446e-02     2.5958e-01  2.8465e-03     5.5872e-01  7.7726e-03     1.1828e-01  1.6455e-03 
2.3753e-01     1.3827e+00  2.0518e-02     3.2842e-01  4.8737e-03     7.0690e-01  1.2111e-02     1.6791e-01  2.8766e-03 
2.6651e-01     1.5549e+00  1.0391e-02     4.1441e-01  2.7693e-03     8.9198e-01  9.6868e-03     2.3772e-01  2.5817e-03 
2.9903e-01     1.7851e+00  1.6109e-02     5.3381e-01  4.8171e-03     1.1490e+00  1.4292e-02     3.4358e-01  4.2736e-03 
3.3552e-01     2.0441e+00  1.3526e-02     6.8585e-01  4.5383e-03     1.4762e+00  1.5973e-02     4.9531e-01  5.3591e-03 
3.7646e-01     2.3286e+00  1.4000e-02     8.7662e-01  5.2704e-03     1.8869e+00  1.9738e-02     7.1033e-01  7.4306e-03 
4.2240e-01     2.3707e+00  6.5341e-03     1.0014e+00  2.7600e-03     2.1553e+00  1.9383e-02     9.1040e-01  8.1875e-03 
4.7394e-01     1.9926e+00  9.3863e-03     9.4439e-01  4.4485e-03     2.0327e+00  1.9861e-02     9.6337e-01  9.4130e-03 
5.3176e-01     1.3944e+00  6.7849e-03     7.4150e-01  3.6080e-03     1.5960e+00  1.5716e-02     8.4870e-01  8.3570e-03 
5.9665e-01     8.7260e-01  6.4561e-03     5.2064e-01  3.8520e-03     1.1206e+00  1.2680e-02     6.6862e-01  7.5652e-03 
6.6945e-01     5.3557e-01  5.7806e-03     3.5854e-01  3.8698e-03     7.7172e-01  1.0631e-02     5.1663e-01  7.1171e-03 
7.5114e-01     3.3638e-01  2.8729e-03     2.5267e-01  2.1579e-03     5.4384e-01  6.5763e-03     4.0850e-01  4.9397e-03 
8.4279e-01     2.1685e-01  2.0063e-03     1.8276e-01  1.6909e-03     3.9337e-01  4.9584e-03     3.3153e-01  4.1789e-03 
9.4563e-01     1.4365e-01  2.0867e-03     1.3584e-01  1.9732e-03     2.9237e-01  4.9298e-03     2.7648e-01  4.6617e-03 
1.0610e+00     9.6172e-02  1.3531e-03     1.0204e-01  1.4357e-03     2.1963e-01  3.6172e-03     2.3303e-01  3.8379e-03 
1.1905e+00     6.8316e-02  8.9036e-04     8.1329e-02  1.0600e-03     1.7505e-01  2.7296e-03     2.0840e-01  3.2495e-03 
1.3357e+00     4.7467e-02  1.2068e-03     6.3404e-02  1.6120e-03     1.3647e-01  3.6611e-03     1.8229e-01  4.8903e-03 
1.4987e+00     3.2477e-02  1.6693e-03     4.8674e-02  2.5018e-03     1.0477e-01  5.4590e-03     1.5701e-01  8.1815e-03 
1.6816e+00     2.2670e-02  4.2039e-04     3.8122e-02  7.0692e-04     8.2055e-02  1.6759e-03     1.3798e-01  2.8182e-03 
1.8868e+00     1.5268e-02  4.3537e-04     2.8807e-02  8.2144e-04     6.2005e-02  1.8460e-03     1.1699e-01  3.4831e-03 
2.1170e+00     9.3185e-03  1.9620e-04     1.9727e-02  4.1536e-04     4.2461e-02  9.6510e-04     8.9890e-02  2.0431e-03 
2.3753e+00     5.8238e-03  1.9362e-04     1.3833e-02  4.5992e-04     2.9775e-02  1.0222e-03     7.0725e-02  2.4281e-03 
2.6651e+00     3.2567e-03  1.9885e-04     8.6796e-03  5.2997e-04     1.8682e-02  1.1519e-03     4.9790e-02  3.0699e-03 
2.9903e+00     1.5488e-03  1.2203e-04     4.6314e-03  3.6492e-04     9.9688e-03  7.9009e-04     2.9810e-02  2.3626e-03 
3.3552e+00     6.1235e-04  7.5474e-05     2.0545e-03  2.5323e-04     4.4222e-03  5.4637e-04     1.4838e-02  1.8332e-03 
3.7646e+00     2.3125e-04  5.5168e-05     8.7057e-04  2.0769e-04     1.8738e-03  4.4731e-04     7.0542e-03  1.6840e-03 
4.2240e+00     7.2136e-05  3.8481e-05     3.0470e-04  1.6254e-04     6.5584e-04  3.4990e-04     2.7702e-03  1.4780e-03 
4.7394e+00     2.2043e-05  7.7201e-06     1.0447e-04  3.6588e-05     2.2486e-04  7.8776e-05     1.0657e-03  3.7335e-04 
5.3176e+00     3.2743e-06  1.8798e-05     1.7411e-05  9.9963e-05     3.7477e-05  2.1516e-04     1.9929e-04  1.1442e-03 
5.9665e+00     1.4591e-06  1.2433e-06     8.7057e-06  7.4179e-06     1.8738e-05  1.5967e-05     1.1180e-04  9.5269e-05 
6.6945e+00     0.0000e+00  0.0000e+00     0.0000e+00  0.0000e+00     0.0000e+00  0.0000e+00     0.0000e+00  0.0000e+00 
7.5114e+00     2.3180e-06  9.1120e-07     1.7411e-05  6.8444e-06     3.7477e-05  1.4735e-05     2.8150e-04  1.1068e-04 
8.4279e+00     0.0000e+00  0.0000e+00     0.0000e+00  0.0000e+00     0.0000e+00  0.0000e+00     0.0000e+00  0.0000e+00 
9.4563e+00     0.0000e+00  0.0000e+00     0.0000e+00  0.0000e+00     0.0000e+00  0.0000e+00     0.0000e+00  0.0000e+00 
1.0610e+01     8.2051e-07  2.0096e-07     8.7057e-06  2.1322e-06     1.8738e-05  4.5923e-06     1.9882e-04  4.8724e-05 
1.1905e+01     0.0000e+00  0.0000e+00     0.0000e+00  0.0000e+00     0.0000e+00  0.0000e+00     0.0000e+00  0.0000e+00 
1.3357e+01     0.0000e+00  0.0000e+00     0.0000e+00  0.0000e+00     0.0000e+00  0.0000e+00     0.0000e+00  0.0000e+00 
1.4987e+01     0.0000e+00  0.0000e+00     0.0000e+00  0.0000e+00     0.0000e+00  0.0000e+00     0.0000e+00  0.0000e+00 
1.6816e+01     5.1771e-07  2.6918e-07     8.7057e-06  4.5264e-06     1.8738e-05  9.7441e-06     3.1510e-04  1.6386e-04 
1.8868e+01     0.0000e+00  0.0000e+00     0.0000e+00  0.0000e+00     0.0000e+00  0.0000e+00     0.0000e+00  0.0000e+00 
2.1170e+01     0.0000e+00  0.0000e+00     0.0000e+00  0.0000e+00     0.0000e+00  0.0000e+00     0.0000e+00  0.0000e+00 
2.3753e+01     0.0000e+00  0.0000e+00     0.0000e+00  0.0000e+00     0.0000e+00  0.0000e+00     0.0000e+00  0.0000e+00 
2.6651e+01     0.0000e+00  0.0000e+00     0.0000e+00  0.0000e+00     0.0000e+00  0.0000e+00     0.0000e+00  0.0000e+00 
2.9903e+01     0.0000e+00  0.0000e+00     0.0000e+00  0.0000e+00     0.0000e+00  0.0000e+00     0.0000e+00  0.0000e+00 
3.3552e+01     0.0000e+00  0.0000e+00     0.0000e+00  0.0000e+00     0.0000e+00  0.0000e+00     0.0000e+00  0.0000e+00 
3.7646e+01     0.0000e+00  0.0000e+00     0.0000e+00  0.0000e+00     0.0000e+00  0.0000e+00     0.0000e+00  0.0000e+00 
4.2240e+01     2.0610e-07  1.1864e-07     8.7057e-06  5.0112e-06     1.8738e-05  1.0787e-05     7.9150e-04  4.5566e-04 
4.7394e+01     0.0000e+00  0.0000e+00     0.0000e+00  0.0000e+00     0.0000e+00  0.0000e+00     0.0000e+00  0.0000e+00 
5.3176e+01     0.0000e+00  0.0000e+00     0.0000e+00  0.0000e+00     0.0000e+00  0.0000e+00     0.0000e+00  0.0000e+00 
5.9665e+01     2.9182e-07  2.5238e-07     1.7411e-05  1.5058e-05     3.7477e-05  3.2413e-05     2.2360e-03  1.9339e-03 
6.6945e+01     5.2017e-07  3.0259e-06     3.4823e-05  2.0257e-04     7.4953e-05  4.3601e-04     5.0178e-03  2.9189e-02 
7.5114e+01     0.0000e+00  0.0000e+00     0.0000e+00  0.0000e+00     0.0000e+00  0.0000e+00     0.0000e+00  0.0000e+00 
8.4279e+01     0.0000e+00  0.0000e+00     0.0000e+00  0.0000e+00     0.0000e+00  0.0000e+00     0.0000e+00  0.0000e+00 
9.4563e+01     9.2063e-08  6.5408e-08     8.7057e-06  6.1851e-06     1.8738e-05  1.3314e-05     1.7719e-03  1.2590e-03 
1.0610e+02     0.0000e+00  0.0000e+00     0.0000e+00  0.0000e+00     0.0000e+00  0.0000e+00     0.0000e+00  0.0000e+00 
1.1905e+02     7.3128e-08  5.5074e-08     8.7057e-06  6.5564e-06     1.8738e-05  1.4113e-05     2.2307e-03  1.6801e-03 
1.3357e+02     0.0000e+00  0.0000e+00     0.0000e+00  0.0000e+00     0.0000e+00  0.0000e+00     0.0000e+00  0.0000e+00 
1.4987e+02     5.8088e-08  2.2493e-08     8.7057e-06  3.3710e-06     1.8738e-05  7.2576e-06     2.8083e-03  1.0877e-03 
1.6816e+02     1.5531e-07  7.4387e-08     2.6117e-05  1.2509e-05     5.6215e-05  2.6928e-05     9.4530e-03  4.5282e-03 
1.8868e+02     4.6141e-08  4.1034e-08     8.7057e-06  7.7423e-06     1.8738e-05  1.6665e-05     3.5355e-03  3.1444e-03 
2.1170e+02     0.0000e+00  0.0000e+00     0.0000e+00  0.0000e+00     0.0000e+00  0.0000e+00     0.0000e+00  0.0000e+00 
2.3753e+02     3.6651e-08  2.4523e-08     8.7057e-06  5.8249e-06     1.8738e-05  1.2539e-05     4.4509e-03  2.9783e-03 
2.6651e+02     0.0000e+00  0.0000e+00     0.0000e+00  0.0000e+00     0.0000e+00  0.0000e+00     0.0000e+00  0.0000e+00 
2.9903e+02     2.9113e-08  2.2986e-08     8.7057e-06  6.8736e-06     1.8738e-05  1.4796e-05     5.6034e-03  4.4244e-03 
3.3552e+02     5.1894e-08  2.9464e-08     1.7411e-05  9.8859e-06     3.7477e-05  2.1281e-05     1.2574e-02  7.1402e-03 
3.7646e+02     2.3125e-08  2.4310e-08     8.7057e-06  9.1516e-06     1.8738e-05  1.9699e-05     7.0542e-03  7.4157e-03 
4.2240e+02     2.0610e-08  9.4448e-09     8.7057e-06  3.9894e-06     1.8738e-05  8.5884e-06     7.9150e-03  3.6277e-03 
4.7394e+02     0.0000e+00  0.0000e+00     0.0000e+00  0.0000e+00     0.0000e+00  0.0000e+00     0.0000e+00  0.0000e+00 
5.3176e+02     1.6371e-08  7.3210e-09     8.7057e-06  3.8931e-06     1.8738e-05  8.3810e-06     9.9644e-03  4.4567e-03 
5.9665e+02     1.4591e-08  1.0989e-08     8.7057e-06  6.5564e-06     1.8738e-05  1.4113e-05     1.1180e-02  8.4205e-03 
6.6945e+02     0.0000e+00  0.0000e+00     0.0000e+00  0.0000e+00     0.0000e+00  0.0000e+00     0.0000e+00  0.0000e+00 
7.5114e+02     0.0000e+00  0.0000e+00     0.0000e+00  0.0000e+00     0.0000e+00  0.0000e+00     0.0000e+00  0.0000e+00 
8.4279e+02     1.0330e-08  4.1706e-08     8.7057e-06  3.5149e-05     1.8738e-05  7.5656e-05     1.5792e-02  6.3762e-02 
9.4563e+02     0.0000e+00  0.0000e+00     0.0000e+00  0.0000e+00     0.0000e+00  0.0000e+00     0.0000e+00  0.0000e+00 
1.0610e+03     0.0000e+00  0.0000e+00     0.0000e+00  0.0000e+00     0.0000e+00  0.0000e+00     0.0000e+00  0.0000e+00 
1.1905e+03     0.0000e+00  0.0000e+00     0.0000e+00  0.0000e+00     0.0000e+00  0.0000e+00     0.0000e+00  0.0000e+00 
1.3357e+03     0.0000e+00  0.0000e+00     0.0000e+00  0.0000e+00     0.0000e+00  0.0000e+00     0.0000e+00  0.0000e+00 
1.4987e+03     0.0000e+00  0.0000e+00     0.0000e+00  0.0000e+00     0.0000e+00  0.0000e+00     0.0000e+00  0.0000e+00 
1.6816e+03     0.0000e+00  0.0000e+00     0.0000e+00  0.0000e+00     0.0000e+00  0.0000e+00     0.0000e+00  0.0000e+00 
1.8868e+03     0.0000e+00  0.0000e+00     0.0000e+00  0.0000e+00     0.0000e+00  0.0000e+00     0.0000e+00  0.0000e+00 
2.1170e+03     0.0000e+00  0.0000e+00     0.0000e+00  0.0000e+00     0.0000e+00  0.0000e+00     0.0000e+00  0.0000e+00 
2.3753e+03     0.0000e+00  0.0000e+00     0.0000e+00  0.0000e+00     0.0000e+00  0.0000e+00     0.0000e+00  0.0000e+00 
2.6651e+03     0.0000e+00  0.0000e+00     0.0000e+00  0.0000e+00     0.0000e+00  0.0000e+00     0.0000e+00  0.0000e+00 
2.9903e+03     0.0000e+00  0.0000e+00     0.0000e+00  0.0000e+00     0.0000e+00  0.0000e+00     0.0000e+00  0.0000e+00 
3.3552e+03     0.0000e+00  0.0000e+00     0.0000e+00  0.0000e+00     0.0000e+00  0.0000e+00     0.0000e+00  0.0000e+00 
3.7646e+03     0.0000e+00  0.0000e+00     0.0000e+00  0.0000e+00     0.0000e+00  0.0000e+00     0.0000e+00  0.0000e+00 
4.2240e+03     0.0000e+00  0.0000e+00     0.0000e+00  0.0000e+00     0.0000e+00  0.0000e+00     0.0000e+00  0.0000e+00 
4.7394e+03     0.0000e+00  0.0000e+00     0.0000e+00  0.0000e+00     0.0000e+00  0.0000e+00     0.0000e+00  0.0000e+00 
5.3176e+03     0.0000e+00  0.0000e+00     0.0000e+00  0.0000e+00     0.0000e+00  0.0000e+00     0.0000e+00  0.0000e+00 
5.9665e+03     0.0000e+00  0.0000e+00     0.0000e+00  0.0000e+00     0.0000e+00  0.0000e+00     0.0000e+00  0.0000e+00 
6.6945e+03     0.0000e+00  0.0000e+00     0.0000e+00  0.0000e+00     0.0000e+00  0.0000e+00     0.0000e+00  0.0000e+00 
7.5114e+03     0.0000e+00  0.0000e+00     0.0000e+00  0.0000e+00     0.0000e+00  0.0000e+00     0.0000e+00  0.0000e+00 
8.4279e+03     0.0000e+00  0.0000e+00     0.0000e+00  0.0000e+00     0.0000e+00  0.0000e+00     0.0000e+00  0.0000e+00 
9.4563e+03     0.0000e+00  0.0000e+00     0.0000e+00  0.0000e+00     0.0000e+00  0.0000e+00     0.0000e+00  0.0000e+00 
