yF = 5.8982e-01 (std: 4.8117e-03) keV/um
yD = 4.2263e+00 (std: 3.0929e+00) keV/um
y (keV/um)     f(y)(std)                  yf(y)(std)                 d(y)(std)                  yd(y)(std)  
1.0610e-03     0.0000e+00  0.0000e+00     0.0000e+00  0.0000e+00     0.0000e+00  0.0000e+00     0.0000e+00  0.0000e+00 
1.1905e-03     0.0000e+00  0.0000e+00     0.0000e+00  0.0000e+00     0.0000e+00  0.0000e+00     0.0000e+00  0.0000e+00 
1.3357e-03     0.0000e+00  0.0000e+00     0.0000e+00  0.0000e+00     0.0000e+00  0.0000e+00     0.0000e+00  0.0000e+00 
1.4987e-03     5.2286e-02  2.3011e-02     7.8362e-05  3.4486e-05     1.3286e-04  5.8479e-05     1.9912e-07  8.7644e-08 
1.6816e-03     1.5533e-02  1.0271e-02     2.6121e-05  1.7272e-05     4.4286e-05  2.9285e-05     7.4471e-08  4.9246e-08 
1.8868e-03     2.7688e-02  1.0577e-01     5.2241e-05  1.9956e-04     8.8572e-05  3.3835e-04     1.6711e-07  6.3839e-07 
2.1170e-03     8.2257e-03  3.3232e-02     1.7414e-05  7.0352e-05     2.9524e-05  1.1928e-04     6.2502e-08  2.5251e-07 
2.3753e-03     1.4662e-02  6.9852e-03     3.4827e-05  1.6592e-05     5.9048e-05  2.8135e-05     1.4026e-07  6.6829e-08 
2.6651e-03     2.6136e-02  3.5336e-02     6.9655e-05  9.4175e-05     1.1810e-04  1.5967e-04     3.1474e-07  4.2554e-07 
2.9903e-03     3.2028e-02  3.0769e-02     9.5776e-05  9.2008e-05     1.6238e-04  1.5600e-04     4.8558e-07  4.6649e-07 
3.3552e-03     3.1140e-02  3.8948e-02     1.0448e-04  1.3068e-04     1.7714e-04  2.2156e-04     5.9435e-07  7.4340e-07 
3.7646e-03     1.1564e-02  7.5194e-03     4.3534e-05  2.8307e-05     7.3810e-05  4.7997e-05     2.7786e-07  1.8069e-07 
4.2240e-03     3.0920e-02  1.2295e-02     1.3060e-04  5.1933e-05     2.2143e-04  8.8067e-05     9.3531e-07  3.7199e-07 
4.7394e-03     1.8371e-02  4.2686e-03     8.7069e-05  2.0231e-05     1.4762e-04  3.4321e-05     6.9962e-07  1.6266e-07 
5.3176e-03     4.2571e-02  1.1898e-02     2.2638e-04  6.3271e-05     3.8381e-04  1.0732e-04     2.0410e-06  5.7068e-07 
5.9665e-03     2.7727e-02  9.6145e-03     1.6543e-04  5.7365e-05     2.8048e-04  9.7286e-05     1.6735e-06  5.8046e-07 
6.6945e-03     3.9018e-02  7.1815e-03     2.6121e-04  4.8076e-05     4.4286e-04  8.1591e-05     2.9647e-06  5.4621e-07 
7.5114e-03     3.7093e-02  1.0184e-02     2.7862e-04  7.6495e-05     4.7238e-04  1.2975e-04     3.5482e-06  9.7460e-07 
8.4279e-03     3.0993e-02  9.0992e-03     2.6121e-04  7.6687e-05     4.4286e-04  1.3007e-04     3.7324e-06  1.0962e-06 
9.4563e-03     4.4196e-02  2.5650e-02     4.1793e-04  2.4255e-04     7.0857e-04  4.1127e-04     6.7005e-06  3.8891e-06 
1.0610e-02     4.5134e-02  1.2802e-02     4.7888e-04  1.3583e-04     8.1191e-04  2.3039e-04     8.6144e-06  2.4444e-06 
1.1905e-02     4.8271e-02  6.5741e-03     5.7465e-04  7.8263e-05     9.7429e-04  1.3293e-04     1.1599e-05  1.5825e-06 
1.3357e-02     5.0192e-02  5.6506e-03     6.7043e-04  7.5477e-05     1.1367e-03  1.2830e-04     1.5183e-05  1.7138e-06 
1.4987e-02     5.5772e-02  1.1543e-02     8.3586e-04  1.7300e-04     1.4171e-03  2.9354e-04     2.1239e-05  4.3994e-06 
1.6816e-02     7.0418e-02  1.5786e-02     1.1841e-03  2.6545e-04     2.0076e-03  4.5036e-04     3.3760e-05  7.5731e-06 
1.8868e-02     8.3987e-02  9.7501e-03     1.5847e-03  1.8396e-04     2.6867e-03  3.1266e-04     5.0691e-05  5.8993e-06 
2.1170e-02     9.5418e-02  6.5958e-03     2.0200e-03  1.3963e-04     3.4248e-03  2.3838e-04     7.2502e-05  5.0465e-06 
2.3753e-02     9.7504e-02  5.4794e-03     2.3160e-03  1.3015e-04     3.9267e-03  2.2298e-04     9.3271e-05  5.2964e-06 
2.6651e-02     1.2055e-01  1.8883e-02     3.2128e-03  5.0326e-04     5.4472e-03  8.5440e-04     1.4517e-04  2.2771e-05 
2.9903e-02     1.3539e-01  6.2204e-03     4.0487e-03  1.8601e-04     6.8643e-03  3.2030e-04     2.0527e-04  9.5781e-06 
3.3552e-02     1.4662e-01  8.8437e-03     4.9194e-03  2.9672e-04     8.3405e-03  5.0766e-04     2.7984e-04  1.7033e-05 
3.7646e-02     1.5704e-01  8.7644e-03     5.9120e-03  3.2994e-04     1.0023e-02  5.6535e-04     3.7734e-04  2.1283e-05 
4.2240e-02     1.7397e-01  4.3528e-03     7.3486e-03  1.8386e-04     1.2459e-02  3.2788e-04     5.2627e-04  1.3849e-05 
4.7394e-02     2.0153e-01  2.3707e-02     9.5514e-03  1.1236e-03     1.6194e-02  1.9095e-03     7.6749e-04  9.0500e-05 
5.3176e-02     2.2645e-01  1.3104e-02     1.2042e-02  6.9681e-04     2.0416e-02  1.1931e-03     1.0856e-03  6.3444e-05 
5.9665e-02     2.3816e-01  7.1202e-03     1.4210e-02  4.2482e-04     2.4092e-02  7.4660e-04     1.4374e-03  4.4546e-05 
6.6945e-02     2.6558e-01  6.4376e-03     1.7779e-02  4.3097e-04     3.0144e-02  7.7095e-04     2.0180e-03  5.1611e-05 
7.5114e-02     3.0926e-01  9.8776e-03     2.3230e-02  7.4194e-04     3.9385e-02  1.2983e-03     2.9583e-03  9.7520e-05 
8.4279e-02     3.2109e-01  9.8513e-03     2.7061e-02  8.3025e-04     4.5880e-02  1.4566e-03     3.8667e-03  1.2276e-04 
9.4563e-02     3.5753e-01  1.0666e-02     3.3809e-02  1.0086e-03     5.7321e-02  1.7728e-03     5.4204e-03  1.6764e-04 
1.0610e-01     4.0153e-01  7.3470e-03     4.2603e-02  7.7953e-04     7.2230e-02  1.4470e-03     7.6637e-03  1.5353e-04 
1.1905e-01     4.4248e-01  7.0412e-03     5.2677e-02  8.3824e-04     8.9310e-02  1.5971e-03     1.0632e-02  1.9013e-04 
1.3357e-01     4.8654e-01  6.9909e-03     6.4988e-02  9.3379e-04     1.1018e-01  1.8206e-03     1.4718e-02  2.4318e-04 
1.4987e-01     5.3733e-01  8.0654e-03     8.0530e-02  1.2088e-03     1.3653e-01  2.3325e-03     2.0462e-02  3.4958e-04 
1.6816e-01     5.9865e-01  8.0906e-03     1.0067e-01  1.3605e-03     1.7068e-01  2.6943e-03     2.8701e-02  4.5307e-04 
1.8868e-01     6.6336e-01  7.0364e-03     1.2516e-01  1.3276e-03     2.1220e-01  2.8396e-03     4.0038e-02  5.3577e-04 
2.1170e-01     7.3768e-01  7.1200e-03     1.5617e-01  1.5073e-03     2.6477e-01  3.3461e-03     5.6052e-02  7.0836e-04 
2.3753e-01     8.0896e-01  9.6926e-03     1.9215e-01  2.3023e-03     3.2578e-01  4.7223e-03     7.7383e-02  1.1217e-03 
2.6651e-01     9.1439e-01  9.0376e-03     2.4370e-01  2.4086e-03     4.1317e-01  5.2951e-03     1.1012e-01  1.4112e-03 
2.9903e-01     1.0349e+00  6.1348e-03     3.0946e-01  1.8345e-03     5.2467e-01  5.2910e-03     1.5689e-01  1.5822e-03 
3.3552e-01     1.1715e+00  5.9603e-03     3.9305e-01  1.9998e-03     6.6640e-01  6.4071e-03     2.2359e-01  2.1497e-03 
3.7646e-01     1.3352e+00  1.2781e-02     5.0266e-01  4.8114e-03     8.5222e-01  1.0718e-02     3.2083e-01  4.0350e-03 
4.2240e-01     1.5301e+00  9.4165e-03     6.4632e-01  3.9775e-03     1.0958e+00  1.1198e-02     4.6286e-01  4.7299e-03 
4.7394e-01     1.7617e+00  1.3574e-02     8.3495e-01  6.4332e-03     1.4156e+00  1.5885e-02     6.7090e-01  7.5284e-03 
5.3176e-01     1.8641e+00  4.0102e-03     9.9128e-01  2.1325e-03     1.6807e+00  1.4179e-02     8.9371e-01  7.5401e-03 
5.9665e-01     1.6642e+00  5.3687e-03     9.9293e-01  3.2032e-03     1.6835e+00  1.4768e-02     1.0044e+00  8.8115e-03 
6.6945e-01     1.1886e+00  6.1936e-03     7.9573e-01  4.1463e-03     1.3491e+00  1.3059e-02     9.0317e-01  8.7427e-03 
7.5114e-01     7.6076e-01  2.5069e-03     5.7143e-01  1.8831e-03     9.6883e-01  8.5241e-03     7.2772e-01  6.4028e-03 
8.4279e-01     4.7141e-01  3.8427e-03     3.9730e-01  3.2386e-03     6.7360e-01  7.7683e-03     5.6771e-01  6.5470e-03 
9.4563e-01     2.9282e-01  5.8757e-03     2.7690e-01  5.5562e-03     4.6946e-01  1.0169e-02     4.4393e-01  9.6161e-03 
1.0610e+00     1.8758e-01  3.2515e-03     1.9902e-01  3.4499e-03     3.3743e-01  6.4644e-03     3.5802e-01  6.8588e-03 
1.1905e+00     1.2482e-01  1.8379e-03     1.4860e-01  2.1880e-03     2.5194e-01  4.2409e-03     2.9993e-01  5.0487e-03 
1.3357e+00     8.4537e-02  2.1280e-03     1.1292e-01  2.8425e-03     1.9145e-01  5.0660e-03     2.5572e-01  6.7668e-03 
1.4987e+00     5.7166e-02  7.8143e-04     8.5676e-02  1.1711e-03     1.4526e-01  2.3123e-03     2.1770e-01  3.4655e-03 
1.6816e+00     3.8336e-02  1.1771e-03     6.4466e-02  1.9794e-03     1.0930e-01  3.4724e-03     1.8379e-01  5.8392e-03 
1.8868e+00     2.5284e-02  2.5944e-04     4.7705e-02  4.8951e-04     8.0881e-02  1.0603e-03     1.5260e-01  2.0005e-03 
2.1170e+00     1.6571e-02  3.8929e-04     3.5080e-02  8.2413e-04     5.9476e-02  1.4791e-03     1.2591e-01  3.1313e-03 
2.3753e+00     1.0183e-02  2.6417e-04     2.4188e-02  6.2749e-04     4.1009e-02  1.1152e-03     9.7408e-02  2.6490e-03 
2.6651e+00     5.7890e-03  2.4236e-04     1.5429e-02  6.4594e-04     2.6158e-02  1.1157e-03     6.9715e-02  2.9736e-03 
2.9903e+00     3.0718e-03  1.0097e-04     9.1857e-03  3.0192e-04     1.5574e-02  5.2742e-04     4.6571e-02  1.5772e-03 
3.3552e+00     1.2275e-03  1.0702e-04     4.1183e-03  3.5907e-04     6.9824e-03  6.1144e-04     2.3427e-02  2.0515e-03 
3.7646e+00     5.4120e-04  6.8861e-05     2.0374e-03  2.5923e-04     3.4543e-03  4.4042e-04     1.3004e-02  1.6580e-03 
4.2240e+00     1.7521e-04  2.1171e-05     7.4008e-04  8.9425e-05     1.2548e-03  1.5196e-04     5.3001e-03  6.4187e-04 
4.7394e+00     3.4906e-05  1.1532e-05     1.6543e-04  5.4654e-05     2.8048e-04  9.2690e-05     1.3293e-03  4.3929e-04 
5.3176e+00     8.1868e-06  3.9904e-06     4.3534e-05  2.1220e-05     7.3810e-05  3.5982e-05     3.9249e-04  1.9134e-04 
5.9665e+00     4.3779e-06  3.6246e-06     2.6121e-05  2.1626e-05     4.4286e-05  3.6668e-05     2.6423e-04  2.1878e-04 
6.6945e+00     0.0000e+00  0.0000e+00     0.0000e+00  0.0000e+00     0.0000e+00  0.0000e+00     0.0000e+00  0.0000e+00 
7.5114e+00     1.1592e-06  4.7788e-07     8.7069e-06  3.5896e-06     1.4762e-05  6.0871e-06     1.1088e-04  4.5722e-05 
8.4279e+00     1.0331e-06  5.6657e-07     8.7069e-06  4.7750e-06     1.4762e-05  8.0966e-06     1.2441e-04  6.8238e-05 
9.4563e+00     0.0000e+00  0.0000e+00     0.0000e+00  0.0000e+00     0.0000e+00  0.0000e+00     0.0000e+00  0.0000e+00 
1.0610e+01     0.0000e+00  0.0000e+00     0.0000e+00  0.0000e+00     0.0000e+00  0.0000e+00     0.0000e+00  0.0000e+00 
1.1905e+01     0.0000e+00  0.0000e+00     0.0000e+00  0.0000e+00     0.0000e+00  0.0000e+00     0.0000e+00  0.0000e+00 
1.3357e+01     6.5184e-07  1.5487e-06     8.7069e-06  2.0686e-05     1.4762e-05  3.5072e-05     1.9718e-04  4.6847e-04 
1.4987e+01     0.0000e+00  0.0000e+00     0.0000e+00  0.0000e+00     0.0000e+00  0.0000e+00     0.0000e+00  0.0000e+00 
1.6816e+01     0.0000e+00  0.0000e+00     0.0000e+00  0.0000e+00     0.0000e+00  0.0000e+00     0.0000e+00  0.0000e+00 
1.8868e+01     9.2294e-07  1.4324e-06     1.7414e-05  2.7027e-05     2.9524e-05  4.5823e-05     5.5705e-04  8.6458e-04 
2.1170e+01     4.1129e-07  3.6579e-07     8.7069e-06  7.7438e-06     1.4762e-05  1.3130e-05     3.1251e-04  2.7795e-04 
2.3753e+01     3.6656e-07  1.2496e-06     8.7069e-06  2.9681e-05     1.4762e-05  5.0322e-05     3.5064e-04  1.1953e-03 
2.6651e+01     6.5339e-07  3.0048e-07     1.7414e-05  8.0083e-06     2.9524e-05  1.3580e-05     7.8685e-04  3.6192e-04 
2.9903e+01     5.8234e-07  2.4921e-07     1.7414e-05  7.4522e-06     2.9524e-05  1.2637e-05     8.8286e-04  3.7789e-04 
3.3552e+01     0.0000e+00  0.0000e+00     0.0000e+00  0.0000e+00     0.0000e+00  0.0000e+00     0.0000e+00  0.0000e+00 
3.7646e+01     2.3128e-07  2.0570e-07     8.7069e-06  7.7438e-06     1.4762e-05  1.3130e-05     5.5573e-04  4.9428e-04 
4.2240e+01     0.0000e+00  0.0000e+00     0.0000e+00  0.0000e+00     0.0000e+00  0.0000e+00     0.0000e+00  0.0000e+00 
4.7394e+01     0.0000e+00  0.0000e+00     0.0000e+00  0.0000e+00     0.0000e+00  0.0000e+00     0.0000e+00  0.0000e+00 
5.3176e+01     1.6374e-07  2.3157e-08     8.7069e-06  1.2314e-06     1.4762e-05  2.0913e-06     7.8499e-04  1.1121e-04 
5.9665e+01     0.0000e+00  0.0000e+00     0.0000e+00  0.0000e+00     0.0000e+00  0.0000e+00     0.0000e+00  0.0000e+00 
6.6945e+01     1.3006e-07  7.4871e-08     8.7069e-06  5.0122e-06     1.4762e-05  8.4988e-06     9.8824e-04  5.6895e-04 
7.5114e+01     1.1592e-07  2.0171e-07     8.7069e-06  1.5151e-05     1.4762e-05  2.5688e-05     1.1088e-03  1.9295e-03 
8.4279e+01     1.0331e-07  1.9207e-07     8.7069e-06  1.6187e-05     1.4762e-05  2.7445e-05     1.2441e-03  2.3130e-03 
9.4563e+01     9.2075e-08  6.0087e-08     8.7069e-06  5.6820e-06     1.4762e-05  9.6342e-06     1.3959e-03  9.1103e-04 
1.0610e+02     8.2062e-08  5.2185e-08     8.7069e-06  5.5369e-06     1.4762e-05  9.3882e-06     1.5663e-03  9.9610e-04 
1.1905e+02     7.3138e-08  2.3126e-08     8.7069e-06  2.7531e-06     1.4762e-05  4.6692e-06     1.7574e-03  5.5585e-04 
1.3357e+02     0.0000e+00  0.0000e+00     0.0000e+00  0.0000e+00     0.0000e+00  0.0000e+00     0.0000e+00  0.0000e+00 
1.4987e+02     5.8096e-08  1.1619e-07     8.7069e-06  1.7414e-05     1.4762e-05  2.9525e-05     2.2124e-03  4.4250e-03 
1.6816e+02     5.1778e-08  3.8545e-08     8.7069e-06  6.4817e-06     1.4762e-05  1.0990e-05     2.4824e-03  1.8481e-03 
1.8868e+02     0.0000e+00  0.0000e+00     0.0000e+00  0.0000e+00     0.0000e+00  0.0000e+00     0.0000e+00  0.0000e+00 
2.1170e+02     1.2339e-07  6.9299e-08     2.6121e-05  1.4671e-05     4.4286e-05  2.4876e-05     9.3753e-03  5.2662e-03 
2.3753e+02     3.6656e-08  2.4225e-08     8.7069e-06  5.7541e-06     1.4762e-05  9.7565e-06     3.5064e-03  2.3175e-03 
2.6651e+02     9.8009e-08  6.3370e-08     2.6121e-05  1.6889e-05     4.4286e-05  2.8636e-05     1.1803e-02  7.6320e-03 
2.9903e+02     2.9117e-08  5.4132e-08     8.7069e-06  1.6187e-05     1.4762e-05  2.7445e-05     4.4143e-03  8.2069e-03 
3.3552e+02     2.5950e-08  1.1311e-08     8.7069e-06  3.7951e-06     1.4762e-05  6.4355e-06     4.9529e-03  2.1592e-03 
3.7646e+02     2.3128e-08  2.7169e-07     8.7069e-06  1.0228e-04     1.4762e-05  1.7341e-04     5.5573e-03  6.5282e-02 
4.2240e+02     0.0000e+00  0.0000e+00     0.0000e+00  0.0000e+00     0.0000e+00  0.0000e+00     0.0000e+00  0.0000e+00 
4.7394e+02     3.6743e-08  2.2710e-08     1.7414e-05  1.0763e-05     2.9524e-05  1.8250e-05     1.3992e-02  8.6493e-03 
5.3176e+02     0.0000e+00  0.0000e+00     0.0000e+00  0.0000e+00     0.0000e+00  0.0000e+00     0.0000e+00  0.0000e+00 
5.9665e+02     0.0000e+00  0.0000e+00     0.0000e+00  0.0000e+00     0.0000e+00  0.0000e+00     0.0000e+00  0.0000e+00 
6.6945e+02     0.0000e+00  0.0000e+00     0.0000e+00  0.0000e+00     0.0000e+00  0.0000e+00     0.0000e+00  0.0000e+00 
7.5114e+02     0.0000e+00  0.0000e+00     0.0000e+00  0.0000e+00     0.0000e+00  0.0000e+00     0.0000e+00  0.0000e+00 
8.4279e+02     1.0331e-08  9.3300e-09     8.7069e-06  7.8632e-06     1.4762e-05  1.3332e-05     1.2441e-02  1.1236e-02 
9.4563e+02     0.0000e+00  0.0000e+00     0.0000e+00  0.0000e+00     0.0000e+00  0.0000e+00     0.0000e+00  0.0000e+00 
1.0610e+03     0.0000e+00  0.0000e+00     0.0000e+00  0.0000e+00     0.0000e+00  0.0000e+00     0.0000e+00  0.0000e+00 
1.1905e+03     0.0000e+00  0.0000e+00     0.0000e+00  0.0000e+00     0.0000e+00  0.0000e+00     0.0000e+00  0.0000e+00 
1.3357e+03     0.0000e+00  0.0000e+00     0.0000e+00  0.0000e+00     0.0000e+00  0.0000e+00     0.0000e+00  0.0000e+00 
1.4987e+03     0.0000e+00  0.0000e+00     0.0000e+00  0.0000e+00     0.0000e+00  0.0000e+00     0.0000e+00  0.0000e+00 
1.6816e+03     0.0000e+00  0.0000e+00     0.0000e+00  0.0000e+00     0.0000e+00  0.0000e+00     0.0000e+00  0.0000e+00 
1.8868e+03     0.0000e+00  0.0000e+00     0.0000e+00  0.0000e+00     0.0000e+00  0.0000e+00     0.0000e+00  0.0000e+00 
2.1170e+03     0.0000e+00  0.0000e+00     0.0000e+00  0.0000e+00     0.0000e+00  0.0000e+00     0.0000e+00  0.0000e+00 
2.3753e+03     0.0000e+00  0.0000e+00     0.0000e+00  0.0000e+00     0.0000e+00  0.0000e+00     0.0000e+00  0.0000e+00 
2.6651e+03     0.0000e+00  0.0000e+00     0.0000e+00  0.0000e+00     0.0000e+00  0.0000e+00     0.0000e+00  0.0000e+00 
2.9903e+03     0.0000e+00  0.0000e+00     0.0000e+00  0.0000e+00     0.0000e+00  0.0000e+00     0.0000e+00  0.0000e+00 
3.3552e+03     0.0000e+00  0.0000e+00     0.0000e+00  0.0000e+00     0.0000e+00  0.0000e+00     0.0000e+00  0.0000e+00 
3.7646e+03     0.0000e+00  0.0000e+00     0.0000e+00  0.0000e+00     0.0000e+00  0.0000e+00     0.0000e+00  0.0000e+00 
4.2240e+03     0.0000e+00  0.0000e+00     0.0000e+00  0.0000e+00     0.0000e+00  0.0000e+00     0.0000e+00  0.0000e+00 
4.7394e+03     0.0000e+00  0.0000e+00     0.0000e+00  0.0000e+00     0.0000e+00  0.0000e+00     0.0000e+00  0.0000e+00 
5.3176e+03     0.0000e+00  0.0000e+00     0.0000e+00  0.0000e+00     0.0000e+00  0.0000e+00     0.0000e+00  0.0000e+00 
5.9665e+03     0.0000e+00  0.0000e+00     0.0000e+00  0.0000e+00     0.0000e+00  0.0000e+00     0.0000e+00  0.0000e+00 
6.6945e+03     0.0000e+00  0.0000e+00     0.0000e+00  0.0000e+00     0.0000e+00  0.0000e+00     0.0000e+00  0.0000e+00 
7.5114e+03     0.0000e+00  0.0000e+00     0.0000e+00  0.0000e+00     0.0000e+00  0.0000e+00     0.0000e+00  0.0000e+00 
8.4279e+03     0.0000e+00  0.0000e+00     0.0000e+00  0.0000e+00     0.0000e+00  0.0000e+00     0.0000e+00  0.0000e+00 
9.4563e+03     0.0000e+00  0.0000e+00     0.0000e+00  0.0000e+00     0.0000e+00  0.0000e+00     0.0000e+00  0.0000e+00 
