yF = 5.5279e-01 (std: 2.7137e-03) keV/um
yD = 3.4619e+00 (std: 2.8000e+00) keV/um
y (keV/um)     f(y)(std)                  yf(y)(std)                 d(y)(std)                  yd(y)(std)  
1.0610e-03     0.0000e+00  0.0000e+00     0.0000e+00  0.0000e+00     0.0000e+00  0.0000e+00     0.0000e+00  0.0000e+00 
1.1905e-03     0.0000e+00  0.0000e+00     0.0000e+00  0.0000e+00     0.0000e+00  0.0000e+00     0.0000e+00  0.0000e+00 
1.3357e-03     1.3036e-02  1.3936e-02     1.7413e-05  1.8615e-05     3.1500e-05  3.3675e-05     4.2076e-08  4.4980e-08 
1.4987e-03     5.8093e-02  5.7775e-02     8.7065e-05  8.6588e-05     1.5750e-04  1.5664e-04     2.3605e-07  2.3476e-07 
1.6816e-03     5.1775e-02  1.9742e-02     8.7065e-05  3.3198e-05     1.5750e-04  6.0061e-05     2.6485e-07  1.0100e-07 
1.8868e-03     4.1530e-02  1.4138e-02     7.8358e-05  2.6675e-05     1.4175e-04  4.8261e-05     2.6745e-07  9.1057e-08 
2.1170e-03     8.2253e-03  3.5824e-03     1.7413e-05  7.5839e-06     3.1500e-05  1.3720e-05     6.6686e-08  2.9046e-08 
2.3753e-03     3.2989e-02  9.8688e-03     7.8358e-05  2.3441e-05     1.4175e-04  4.2411e-05     3.3670e-07  1.0074e-07 
2.6651e-03     1.6334e-02  7.1565e-03     4.3532e-05  1.9073e-05     7.8750e-05  3.4505e-05     2.0988e-07  9.1961e-08 
2.9903e-03     2.3292e-02  8.1282e-03     6.9652e-05  2.4306e-05     1.2600e-04  4.3974e-05     3.7678e-07  1.3150e-07 
3.3552e-03     2.0759e-02  1.1323e-02     6.9652e-05  3.7990e-05     1.2600e-04  6.8727e-05     4.2276e-07  2.3059e-07 
3.7646e-03     5.7818e-02  1.1740e-02     2.1766e-04  4.4198e-05     3.9375e-04  7.9978e-05     1.4823e-06  3.0109e-07 
4.2240e-03     2.0612e-02  9.4217e-03     8.7065e-05  3.9797e-05     1.5750e-04  7.1997e-05     6.6528e-07  3.0411e-07 
4.7394e-03     2.2045e-02  2.0661e-02     1.0448e-04  9.7920e-05     1.8900e-04  1.7714e-04     8.9574e-07  8.3953e-07 
5.3176e-03     2.9471e-02  6.6583e-03     1.5672e-04  3.5406e-05     2.8350e-04  6.4066e-05     1.5076e-06  3.4068e-07 
5.9665e-03     3.2103e-02  9.7523e-03     1.9154e-04  5.8187e-05     3.4650e-04  1.0527e-04     2.0674e-06  6.2812e-07 
6.6945e-03     3.7716e-02  1.1872e-02     2.5249e-04  7.9476e-05     4.5675e-04  1.4379e-04     3.0577e-06  9.6261e-07 
7.5114e-03     4.5205e-02  7.6038e-03     3.3955e-04  5.7115e-05     6.1425e-04  1.0337e-04     4.6139e-06  7.7642e-07 
8.4279e-03     4.5454e-02  7.7212e-03     3.8309e-04  6.5073e-05     6.9300e-04  1.1777e-04     5.8406e-06  9.9253e-07 
9.4563e-03     4.8798e-02  2.1891e-02     4.6144e-04  2.0700e-04     8.3475e-04  3.7449e-04     7.8937e-06  3.5413e-06 
1.0610e-02     5.6620e-02  6.3735e-03     6.0075e-04  6.7624e-05     1.0868e-03  1.2245e-04     1.1531e-05  1.2992e-06 
1.1905e-02     5.4851e-02  1.2704e-02     6.5299e-04  1.5124e-04     1.1813e-03  2.7366e-04     1.4063e-05  3.2579e-06 
1.3357e-02     6.2574e-02  8.0406e-03     8.3582e-04  1.0740e-04     1.5120e-03  1.9443e-04     2.0196e-05  2.5971e-06 
1.4987e-02     7.1454e-02  1.0099e-02     1.0709e-03  1.5136e-04     1.9373e-03  2.7398e-04     2.9034e-05  4.1061e-06 
1.6816e-02     8.6983e-02  6.6633e-03     1.4627e-03  1.1205e-04     2.6460e-03  2.0311e-04     4.4495e-05  3.4155e-06 
1.8868e-02     8.8598e-02  1.5933e-02     1.6716e-03  3.0063e-04     3.0240e-03  5.4404e-04     5.7056e-05  1.0265e-05 
2.1170e-02     1.0652e-01  7.9206e-03     2.2550e-03  1.6768e-04     4.0793e-03  3.0399e-04     8.6358e-05  6.4355e-06 
2.3753e-02     1.2389e-01  6.7284e-03     2.9428e-03  1.5982e-04     5.3235e-03  2.9029e-04     1.2645e-04  6.8953e-06 
2.6651e-02     1.2643e-01  7.0034e-03     3.3694e-03  1.8665e-04     6.0953e-03  3.3898e-04     1.6245e-04  9.0342e-06 
2.9903e-02     1.5577e-01  7.7481e-03     4.6580e-03  2.3169e-04     8.4263e-03  4.2117e-04     2.5197e-04  1.2594e-05 
3.3552e-02     1.4843e-01  8.1370e-03     4.9801e-03  2.7301e-04     9.0091e-03  4.9586e-04     3.0227e-04  1.6637e-05 
3.7646e-02     1.8109e-01  1.0576e-02     6.8172e-03  3.9814e-04     1.2332e-02  7.2279e-04     4.6426e-04  2.7210e-05 
4.2240e-02     2.0612e-01  1.5342e-02     8.7065e-03  6.4802e-04     1.5750e-02  1.1748e-03     6.6528e-04  4.9624e-05 
4.7394e-02     2.2871e-01  1.8865e-02     1.0840e-02  8.9409e-04     1.9609e-02  1.6203e-03     9.2933e-04  7.6791e-05 
5.3176e-02     2.4969e-01  1.0034e-02     1.3277e-02  5.3355e-04     2.4019e-02  9.7237e-04     1.2772e-03  5.1707e-05 
5.9665e-02     2.6923e-01  1.1630e-02     1.6063e-02  6.9392e-04     2.9059e-02  1.2634e-03     1.7338e-03  7.5380e-05 
6.6945e-02     3.1837e-01  1.0818e-02     2.1313e-02  7.2422e-04     3.8556e-02  1.3237e-03     2.5812e-03  8.8617e-05 
7.5114e-02     3.5283e-01  5.4024e-03     2.6503e-02  4.0579e-04     4.7943e-02  7.7089e-04     3.6012e-03  5.7905e-05 
8.4279e-02     3.6787e-01  1.0440e-02     3.1004e-02  8.7985e-04     5.6086e-02  1.6153e-03     4.7269e-03  1.3614e-04 
9.4563e-02     4.1082e-01  1.3702e-02     3.8848e-02  1.2957e-03     7.0277e-02  2.3691e-03     6.6456e-03  2.2403e-04 
1.0610e-01     4.4533e-01  1.1391e-02     4.7250e-02  1.2086e-03     8.5476e-02  2.2263e-03     9.0691e-03  2.3621e-04 
1.1905e-01     4.9000e-01  1.5767e-02     5.8333e-02  1.8770e-03     1.0553e-01  3.4347e-03     1.2563e-02  4.0889e-04 
1.3357e-01     5.6023e-01  5.6652e-03     7.4832e-02  7.5672e-04     1.3537e-01  1.5217e-03     1.8082e-02  2.0326e-04 
1.4987e-01     6.1027e-01  1.2190e-02     9.1462e-02  1.8269e-03     1.6545e-01  3.4033e-03     2.4797e-02  5.1005e-04 
1.6816e-01     6.8395e-01  5.7731e-03     1.1501e-01  9.7080e-04     2.0806e-01  2.0316e-03     3.4987e-02  3.4163e-04 
1.8868e-01     7.5239e-01  7.1328e-03     1.4196e-01  1.3458e-03     2.5681e-01  2.7416e-03     4.8453e-02  5.1728e-04 
2.1170e-01     8.3257e-01  1.1465e-02     1.7625e-01  2.4271e-03     3.1884e-01  4.6614e-03     6.7499e-02  9.8681e-04 
2.3753e-01     9.3589e-01  7.0951e-03     2.2230e-01  1.6853e-03     4.0215e-01  3.6321e-03     9.5522e-02  8.6273e-04 
2.6651e-01     1.0592e+00  7.8393e-03     2.8230e-01  2.0893e-03     5.1068e-01  4.5354e-03     1.3610e-01  1.2087e-03 
2.9903e-01     1.1904e+00  3.9846e-03     3.5597e-01  1.1915e-03     6.4396e-01  3.8262e-03     1.9256e-01  1.1442e-03 
3.3552e-01     1.3563e+00  7.7695e-03     4.5508e-01  2.6068e-03     8.2324e-01  6.2106e-03     2.7621e-01  2.0838e-03 
3.7646e-01     1.5532e+00  9.2327e-03     5.8472e-01  3.4757e-03     1.0578e+00  8.1547e-03     3.9820e-01  3.0699e-03 
4.2240e-01     1.7669e+00  1.4955e-02     7.4631e-01  6.3171e-03     1.3501e+00  1.3211e-02     5.7027e-01  5.5801e-03 
4.7394e-01     1.9760e+00  1.6289e-02     9.3650e-01  7.7198e-03     1.6941e+00  1.6254e-02     8.0291e-01  7.7034e-03 
5.3176e-01     1.9118e+00  7.5534e-03     1.0166e+00  4.0166e-03     1.8391e+00  1.1589e-02     9.7796e-01  6.1627e-03 
5.9665e-01     1.4942e+00  8.7877e-03     8.9153e-01  5.2432e-03     1.6128e+00  1.2355e-02     9.6227e-01  7.3717e-03 
6.6945e-01     9.8483e-01  5.8291e-03     6.5930e-01  3.9023e-03     1.1927e+00  9.1715e-03     7.9844e-01  6.1398e-03 
7.5114e-01     6.0705e-01  6.2952e-03     4.5598e-01  4.7285e-03     8.2486e-01  9.4640e-03     6.1959e-01  7.1088e-03 
8.4279e-01     3.7702e-01  4.4810e-03     3.1775e-01  3.7766e-03     5.7482e-01  7.3917e-03     4.8445e-01  6.2296e-03 
9.4563e-01     2.3965e-01  1.3092e-03     2.2662e-01  1.2380e-03     4.0996e-01  3.0110e-03     3.8767e-01  2.8473e-03 
1.0610e+00     1.5795e-01  1.6117e-03     1.6759e-01  1.7101e-03     3.0317e-01  3.4329e-03     3.2167e-01  3.6424e-03 
1.1905e+00     1.0577e-01  1.0310e-03     1.2591e-01  1.2274e-03     2.2778e-01  2.4860e-03     2.7116e-01  2.9595e-03 
1.3357e+00     7.3114e-02  7.4684e-04     9.7661e-02  9.9758e-04     1.7667e-01  2.0022e-03     2.3598e-01  2.6744e-03 
1.4987e+00     4.8560e-02  8.6479e-04     7.2777e-02  1.2961e-03     1.3166e-01  2.4321e-03     1.9731e-01  3.6450e-03 
1.6816e+00     3.3380e-02  6.5532e-04     5.6131e-02  1.1020e-03     1.0154e-01  2.0549e-03     1.7075e-01  3.4554e-03 
1.8868e+00     2.2934e-02  5.8308e-04     4.3271e-02  1.1001e-03     7.8278e-02  2.0269e-03     1.4769e-01  3.8244e-03 
2.1170e+00     1.3765e-02  3.8776e-04     2.9141e-02  8.2089e-04     5.2716e-02  1.5074e-03     1.1160e-01  3.1911e-03 
2.3753e+00     8.4891e-03  2.9679e-04     2.0164e-02  7.0496e-04     3.6477e-02  1.2878e-03     8.6644e-02  3.0589e-03 
2.6651e+00     4.7663e-03  3.0496e-04     1.2703e-02  8.1277e-04     2.2979e-02  1.4746e-03     6.1243e-02  3.9301e-03 
2.9903e+00     2.3671e-03  2.0174e-04     7.0784e-03  6.0327e-04     1.2805e-02  1.0931e-03     3.8291e-02  3.2688e-03 
3.3552e+00     1.0587e-03  1.3726e-04     3.5522e-03  4.6055e-04     6.4260e-03  8.3373e-04     2.1561e-02  2.7973e-03 
3.7646e+00     4.5098e-04  2.7226e-05     1.6978e-03  1.0249e-04     3.0713e-03  1.8602e-04     1.1562e-02  7.0031e-04 
4.2240e+00     1.1955e-04  2.2472e-05     5.0498e-04  9.4923e-05     9.1351e-04  1.7177e-04     3.8586e-03  7.2557e-04 
4.7394e+00     3.8578e-05  1.3590e-05     1.8284e-04  6.4406e-05     3.3075e-04  1.1652e-04     1.5676e-03  5.5224e-04 
5.3176e+00     2.1285e-05  1.0936e-05     1.1318e-04  5.8156e-05     2.0475e-04  1.0521e-04     1.0888e-03  5.5947e-04 
5.9665e+00     4.3777e-06  2.4364e-06     2.6119e-05  1.4537e-05     4.7250e-05  2.6298e-05     2.8192e-04  1.5691e-04 
6.6945e+00     1.3005e-06  9.1318e-07     8.7065e-06  6.1133e-06     1.5750e-05  1.1059e-05     1.0544e-04  7.4036e-05 
7.5114e+00     0.0000e+00  0.0000e+00     0.0000e+00  0.0000e+00     0.0000e+00  0.0000e+00     0.0000e+00  0.0000e+00 
8.4279e+00     1.0331e-06  4.9551e-07     8.7065e-06  4.1761e-06     1.5750e-05  7.5550e-06     1.3274e-04  6.3673e-05 
9.4563e+00     0.0000e+00  0.0000e+00     0.0000e+00  0.0000e+00     0.0000e+00  0.0000e+00     0.0000e+00  0.0000e+00 
1.0610e+01     0.0000e+00  0.0000e+00     0.0000e+00  0.0000e+00     0.0000e+00  0.0000e+00     0.0000e+00  0.0000e+00 
1.1905e+01     7.3135e-07  5.9172e-07     8.7065e-06  7.0442e-06     1.5750e-05  1.2743e-05     1.8750e-04  1.5171e-04 
1.3357e+01     1.3036e-06  8.1220e-07     1.7413e-05  1.0849e-05     3.1500e-05  1.9626e-05     4.2076e-04  2.6215e-04 
1.4987e+01     0.0000e+00  0.0000e+00     0.0000e+00  0.0000e+00     0.0000e+00  0.0000e+00     0.0000e+00  0.0000e+00 
1.6816e+01     5.1775e-07  2.6920e-07     8.7065e-06  4.5269e-06     1.5750e-05  8.1895e-06     2.6485e-04  1.3771e-04 
1.8868e+01     0.0000e+00  0.0000e+00     0.0000e+00  0.0000e+00     0.0000e+00  0.0000e+00     0.0000e+00  0.0000e+00 
2.1170e+01     4.1127e-07  1.0073e-07     8.7065e-06  2.1325e-06     1.5750e-05  3.8584e-06     3.3343e-04  8.1682e-05 
2.3753e+01     0.0000e+00  0.0000e+00     0.0000e+00  0.0000e+00     0.0000e+00  0.0000e+00     0.0000e+00  0.0000e+00 
2.6651e+01     0.0000e+00  0.0000e+00     0.0000e+00  0.0000e+00     0.0000e+00  0.0000e+00     0.0000e+00  0.0000e+00 
2.9903e+01     2.9115e-07  6.3155e-07     8.7065e-06  1.8885e-05     1.5750e-05  3.4164e-05     4.7098e-04  1.0216e-03 
3.3552e+01     0.0000e+00  0.0000e+00     0.0000e+00  0.0000e+00     0.0000e+00  0.0000e+00     0.0000e+00  0.0000e+00 
3.7646e+01     2.3127e-07  5.4944e-07     8.7065e-06  2.0684e-05     1.5750e-05  3.7418e-05     5.9293e-04  1.4086e-03 
4.2240e+01     0.0000e+00  0.0000e+00     0.0000e+00  0.0000e+00     0.0000e+00  0.0000e+00     0.0000e+00  0.0000e+00 
4.7394e+01     1.8371e-07  4.8382e-07     8.7065e-06  2.2930e-05     1.5750e-05  4.1480e-05     7.4645e-04  1.9659e-03 
5.3176e+01     1.6373e-07  4.3314e-08     8.7065e-06  2.3033e-06     1.5750e-05  4.1673e-06     8.3753e-04  2.2160e-04 
5.9665e+01     1.4592e-07  1.1806e-07     8.7065e-06  7.0442e-06     1.5750e-05  1.2743e-05     9.3973e-04  7.6033e-04 
6.6945e+01     0.0000e+00  0.0000e+00     0.0000e+00  0.0000e+00     0.0000e+00  0.0000e+00     0.0000e+00  0.0000e+00 
7.5114e+01     2.3182e-07  2.1146e-07     1.7413e-05  1.5884e-05     3.1500e-05  2.8734e-05     2.3661e-03  2.1583e-03 
8.4279e+01     1.0331e-07  3.5214e-07     8.7065e-06  2.9678e-05     1.5750e-05  5.3687e-05     1.3274e-03  4.5247e-03 
9.4563e+01     0.0000e+00  0.0000e+00     0.0000e+00  0.0000e+00     0.0000e+00  0.0000e+00     0.0000e+00  0.0000e+00 
1.0610e+02     2.4618e-07  2.0203e-07     2.6119e-05  2.1435e-05     4.7250e-05  3.8777e-05     5.0133e-03  4.1143e-03 
1.1905e+02     0.0000e+00  0.0000e+00     0.0000e+00  0.0000e+00     0.0000e+00  0.0000e+00     0.0000e+00  0.0000e+00 
1.3357e+02     0.0000e+00  0.0000e+00     0.0000e+00  0.0000e+00     0.0000e+00  0.0000e+00     0.0000e+00  0.0000e+00 
1.4987e+02     0.0000e+00  0.0000e+00     0.0000e+00  0.0000e+00     0.0000e+00  0.0000e+00     0.0000e+00  0.0000e+00 
1.6816e+02     1.0355e-07  5.0118e-08     1.7413e-05  8.4277e-06     3.1500e-05  1.5247e-05     5.2970e-03  2.5638e-03 
1.8868e+02     4.6145e-08  3.3560e-08     8.7065e-06  6.3321e-06     1.5750e-05  1.1455e-05     2.9717e-03  2.1613e-03 
2.1170e+02     8.2253e-08  7.9770e-08     1.7413e-05  1.6887e-05     3.1500e-05  3.0549e-05     6.6686e-03  6.4673e-03 
2.3753e+02     3.6654e-08  8.9776e-09     8.7065e-06  2.1325e-06     1.5750e-05  3.8584e-06     3.7411e-03  9.1649e-04 
2.6651e+02     3.2668e-08  3.2196e-08     8.7065e-06  8.5807e-06     1.5750e-05  1.5523e-05     4.1976e-03  4.1370e-03 
2.9903e+02     2.9115e-08  1.3965e-08     8.7065e-06  4.1761e-06     1.5750e-05  7.5550e-06     4.7098e-03  2.2592e-03 
3.3552e+02     5.1898e-08  3.5111e-08     1.7413e-05  1.1781e-05     3.1500e-05  2.1312e-05     1.0569e-02  7.1505e-03 
3.7646e+02     0.0000e+00  0.0000e+00     0.0000e+00  0.0000e+00     0.0000e+00  0.0000e+00     0.0000e+00  0.0000e+00 
4.2240e+02     0.0000e+00  0.0000e+00     0.0000e+00  0.0000e+00     0.0000e+00  0.0000e+00     0.0000e+00  0.0000e+00 
4.7394e+02     0.0000e+00  0.0000e+00     0.0000e+00  0.0000e+00     0.0000e+00  0.0000e+00     0.0000e+00  0.0000e+00 
5.3176e+02     0.0000e+00  0.0000e+00     0.0000e+00  0.0000e+00     0.0000e+00  0.0000e+00     0.0000e+00  0.0000e+00 
5.9665e+02     1.4592e-08  5.0540e-09     8.7065e-06  3.0154e-06     1.5750e-05  5.4555e-06     9.3973e-03  3.2550e-03 
6.6945e+02     1.3005e-08  4.4331e-08     8.7065e-06  2.9678e-05     1.5750e-05  5.3687e-05     1.0544e-02  3.5941e-02 
7.5114e+02     0.0000e+00  0.0000e+00     0.0000e+00  0.0000e+00     0.0000e+00  0.0000e+00     0.0000e+00  0.0000e+00 
8.4279e+02     0.0000e+00  0.0000e+00     0.0000e+00  0.0000e+00     0.0000e+00  0.0000e+00     0.0000e+00  0.0000e+00 
9.4563e+02     0.0000e+00  0.0000e+00     0.0000e+00  0.0000e+00     0.0000e+00  0.0000e+00     0.0000e+00  0.0000e+00 
1.0610e+03     0.0000e+00  0.0000e+00     0.0000e+00  0.0000e+00     0.0000e+00  0.0000e+00     0.0000e+00  0.0000e+00 
1.1905e+03     0.0000e+00  0.0000e+00     0.0000e+00  0.0000e+00     0.0000e+00  0.0000e+00     0.0000e+00  0.0000e+00 
1.3357e+03     0.0000e+00  0.0000e+00     0.0000e+00  0.0000e+00     0.0000e+00  0.0000e+00     0.0000e+00  0.0000e+00 
1.4987e+03     0.0000e+00  0.0000e+00     0.0000e+00  0.0000e+00     0.0000e+00  0.0000e+00     0.0000e+00  0.0000e+00 
1.6816e+03     0.0000e+00  0.0000e+00     0.0000e+00  0.0000e+00     0.0000e+00  0.0000e+00     0.0000e+00  0.0000e+00 
1.8868e+03     0.0000e+00  0.0000e+00     0.0000e+00  0.0000e+00     0.0000e+00  0.0000e+00     0.0000e+00  0.0000e+00 
2.1170e+03     0.0000e+00  0.0000e+00     0.0000e+00  0.0000e+00     0.0000e+00  0.0000e+00     0.0000e+00  0.0000e+00 
2.3753e+03     0.0000e+00  0.0000e+00     0.0000e+00  0.0000e+00     0.0000e+00  0.0000e+00     0.0000e+00  0.0000e+00 
2.6651e+03     0.0000e+00  0.0000e+00     0.0000e+00  0.0000e+00     0.0000e+00  0.0000e+00     0.0000e+00  0.0000e+00 
2.9903e+03     0.0000e+00  0.0000e+00     0.0000e+00  0.0000e+00     0.0000e+00  0.0000e+00     0.0000e+00  0.0000e+00 
3.3552e+03     0.0000e+00  0.0000e+00     0.0000e+00  0.0000e+00     0.0000e+00  0.0000e+00     0.0000e+00  0.0000e+00 
3.7646e+03     0.0000e+00  0.0000e+00     0.0000e+00  0.0000e+00     0.0000e+00  0.0000e+00     0.0000e+00  0.0000e+00 
4.2240e+03     0.0000e+00  0.0000e+00     0.0000e+00  0.0000e+00     0.0000e+00  0.0000e+00     0.0000e+00  0.0000e+00 
4.7394e+03     0.0000e+00  0.0000e+00     0.0000e+00  0.0000e+00     0.0000e+00  0.0000e+00     0.0000e+00  0.0000e+00 
5.3176e+03     0.0000e+00  0.0000e+00     0.0000e+00  0.0000e+00     0.0000e+00  0.0000e+00     0.0000e+00  0.0000e+00 
5.9665e+03     0.0000e+00  0.0000e+00     0.0000e+00  0.0000e+00     0.0000e+00  0.0000e+00     0.0000e+00  0.0000e+00 
6.6945e+03     0.0000e+00  0.0000e+00     0.0000e+00  0.0000e+00     0.0000e+00  0.0000e+00     0.0000e+00  0.0000e+00 
7.5114e+03     0.0000e+00  0.0000e+00     0.0000e+00  0.0000e+00     0.0000e+00  0.0000e+00     0.0000e+00  0.0000e+00 
8.4279e+03     0.0000e+00  0.0000e+00     0.0000e+00  0.0000e+00     0.0000e+00  0.0000e+00     0.0000e+00  0.0000e+00 
9.4563e+03     0.0000e+00  0.0000e+00     0.0000e+00  0.0000e+00     0.0000e+00  0.0000e+00     0.0000e+00  0.0000e+00 
