yF = 4.1096e-01 (std: 3.2555e-03) keV/um
yD = 3.0105e+00 (std: 2.5981e+00) keV/um
y (keV/um)     f(y)(std)                  yf(y)(std)                 d(y)(std)                  yd(y)(std)  
1.0610e-03     0.0000e+00  0.0000e+00     0.0000e+00  0.0000e+00     0.0000e+00  0.0000e+00     0.0000e+00  0.0000e+00 
1.1905e-03     0.0000e+00  0.0000e+00     0.0000e+00  0.0000e+00     0.0000e+00  0.0000e+00     0.0000e+00  0.0000e+00 
1.3357e-03     1.9552e-02  1.1277e-02     2.6117e-05  1.5063e-05     6.3551e-05  3.6657e-05     8.4887e-08  4.8964e-08 
1.4987e-03     1.4522e-01  3.1434e-02     2.1764e-04  4.7111e-05     5.2959e-04  1.1471e-04     7.9370e-07  1.7192e-07 
1.6816e-03     8.2831e-02  2.0916e-02     1.3929e-04  3.5173e-05     3.3894e-04  8.5629e-05     5.6995e-07  1.4399e-07 
1.8868e-03     6.9210e-02  1.8992e-02     1.3058e-04  3.5833e-05     3.1775e-04  8.7230e-05     5.9953e-07  1.6458e-07 
2.1170e-03     4.1122e-02  4.7230e-02     8.7055e-05  9.9986e-05     2.1184e-04  2.4331e-04     4.4845e-07  5.1508e-07 
2.3753e-03     4.3980e-02  1.6579e-02     1.0447e-04  3.9380e-05     2.5420e-04  9.5847e-05     6.0381e-07  2.2767e-07 
2.6651e-03     2.9398e-02  1.2424e-02     7.8350e-05  3.3113e-05     1.9065e-04  8.0589e-05     5.0811e-07  2.1478e-07 
2.9903e-03     2.6201e-02  8.8808e-03     7.8350e-05  2.6557e-05     1.9065e-04  6.4639e-05     5.7011e-07  1.9329e-07 
3.3552e-03     7.7839e-02  2.3045e-02     2.6117e-04  7.7322e-05     6.3551e-04  1.8822e-04     2.1323e-06  6.3151e-07 
3.7646e-03     8.5561e-02  2.4310e-02     3.2210e-04  9.1518e-05     7.8379e-04  2.2278e-04     2.9507e-06  8.3869e-07 
4.2240e-03     6.1830e-02  1.4753e-02     2.6117e-04  6.2317e-05     6.3551e-04  1.5172e-04     2.6844e-06  6.4087e-07 
4.7394e-03     5.1432e-02  2.3013e-02     2.4375e-04  1.0907e-04     5.9314e-04  2.6544e-04     2.8111e-06  1.2580e-06 
5.3176e-03     6.5484e-02  1.4146e-02     3.4822e-04  7.5223e-05     8.4734e-04  1.8317e-04     4.5059e-06  9.7401e-07 
5.9665e-03     6.8576e-02  1.3133e-02     4.0916e-04  7.8359e-05     9.9563e-04  1.9084e-04     5.9404e-06  1.1386e-06 
6.6945e-03     7.0221e-02  1.5961e-02     4.7010e-04  1.0685e-04     1.1439e-03  2.6017e-04     7.6579e-06  1.7417e-06 
7.5114e-03     6.7221e-02  1.5680e-02     5.0492e-04  1.1778e-04     1.2286e-03  2.8675e-04     9.2288e-06  2.1539e-06 
8.4279e-03     8.4701e-02  1.9794e-02     7.1385e-04  1.6682e-04     1.7371e-03  4.0616e-04     1.4640e-05  3.4231e-06 
9.4563e-03     1.0311e-01  2.0803e-02     9.7502e-04  1.9672e-04     2.3726e-03  4.7906e-04     2.2436e-05  4.5301e-06 
1.0610e-02     1.0995e-01  1.5490e-02     1.1665e-03  1.6435e-04     2.8386e-03  4.0056e-04     3.0118e-05  4.2500e-06 
1.1905e-02     1.1481e-01  7.9328e-03     1.3668e-03  9.4437e-05     3.3258e-03  2.3130e-04     3.9593e-05  2.7536e-06 
1.3357e-02     1.2318e-01  1.0042e-02     1.6453e-03  1.3414e-04     4.0037e-03  3.2794e-04     5.3479e-05  4.3804e-06 
1.4987e-02     1.5277e-01  2.4585e-02     2.2896e-03  3.6845e-04     5.5713e-03  8.9767e-04     8.3498e-05  1.3453e-05 
1.6816e-02     1.6877e-01  9.0322e-03     2.8380e-03  1.5188e-04     6.9058e-03  3.7361e-04     1.1613e-04  6.2826e-06 
1.8868e-02     1.7995e-01  9.6543e-03     3.3952e-03  1.8215e-04     8.2616e-03  4.4805e-04     1.5588e-04  8.4537e-06 
2.1170e-02     1.9903e-01  1.3544e-02     4.2135e-03  2.8672e-04     1.0253e-02  7.0240e-04     2.1705e-04  1.4870e-05 
2.3753e-02     2.2870e-01  1.0269e-02     5.4322e-03  2.4392e-04     1.3219e-02  6.0271e-04     3.1398e-04  1.4316e-05 
2.6651e-02     2.5086e-01  1.3704e-02     6.6858e-03  3.6522e-04     1.6269e-02  8.9801e-04     4.3359e-04  2.3933e-05 
2.9903e-02     2.8879e-01  1.9860e-02     8.6359e-03  5.9387e-04     2.1014e-02  1.4546e-03     6.2839e-04  4.3499e-05 
3.3552e-02     2.9890e-01  1.6748e-02     1.0029e-02  5.6191e-04     2.4403e-02  1.3809e-03     8.1879e-04  4.6333e-05 
3.7646e-02     3.4271e-01  1.4787e-02     1.2902e-02  5.5668e-04     3.1394e-02  1.3772e-03     1.1819e-03  5.1848e-05 
4.2240e-02     3.7077e-01  1.8632e-02     1.5661e-02  7.8700e-04     3.8109e-02  1.9387e-03     1.6097e-03  8.1889e-05 
4.7394e-02     4.0723e-01  9.9849e-03     1.9300e-02  4.7322e-04     4.6964e-02  1.2101e-03     2.2258e-03  5.7352e-05 
5.3176e-02     4.4316e-01  7.9796e-03     2.3566e-02  4.2433e-04     5.7344e-02  1.1280e-03     3.0493e-03  5.9986e-05 
5.9665e-02     5.0440e-01  1.4199e-02     3.0095e-02  8.4719e-04     7.3232e-02  2.1416e-03     4.3694e-03  1.2778e-04 
6.6945e-02     5.5592e-01  1.1719e-02     3.7216e-02  7.8451e-04     9.0560e-02  2.0393e-03     6.0625e-03  1.3652e-04 
7.5114e-02     6.2226e-01  9.0630e-03     4.6740e-02  6.8076e-04     1.1373e-01  1.8857e-03     8.5430e-03  1.4164e-04 
8.4279e-02     6.4972e-01  1.7668e-02     5.4758e-02  1.4891e-03     1.3324e-01  3.7740e-03     1.1230e-02  3.1807e-04 
9.4563e-02     7.3676e-01  1.0033e-02     6.9670e-02  9.4874e-04     1.6953e-01  2.6708e-03     1.6031e-02  2.5256e-04 
1.0610e-01     8.2968e-01  1.2751e-02     8.8030e-02  1.3528e-03     2.1421e-01  3.7036e-03     2.2728e-02  3.9295e-04 
1.1905e-01     8.9902e-01  1.4813e-02     1.0703e-01  1.7634e-03     2.6043e-01  4.7612e-03     3.1004e-02  5.6681e-04 
1.3357e-01     1.0017e+00  1.4419e-02     1.3380e-01  1.9259e-03     3.2557e-01  5.3493e-03     4.3487e-02  7.1452e-04 
1.4987e-01     1.1358e+00  1.7515e-02     1.7022e-01  2.6250e-03     4.1420e-01  7.1811e-03     6.2077e-02  1.0762e-03 
1.6816e-01     1.2397e+00  1.0610e-02     2.0846e-01  1.7842e-03     5.0726e-01  5.9159e-03     8.5300e-02  9.9481e-04 
1.8868e-01     1.4045e+00  1.5394e-02     2.6500e-01  2.9044e-03     6.4483e-01  8.7203e-03     1.2166e-01  1.6453e-03 
2.1170e-01     1.5823e+00  9.5266e-03     3.3496e-01  2.0168e-03     8.1508e-01  8.1102e-03     1.7255e-01  1.7169e-03 
2.3753e-01     1.8019e+00  1.2985e-02     4.2801e-01  3.0842e-03     1.0415e+00  1.1153e-02     2.4739e-01  2.6493e-03 
2.6651e-01     2.0419e+00  1.1099e-02     5.4420e-01  2.9581e-03     1.3242e+00  1.2722e-02     3.5292e-01  3.3907e-03 
2.9903e-01     2.3388e+00  1.3875e-02     6.9937e-01  4.1491e-03     1.7018e+00  1.6843e-02     5.0890e-01  5.0366e-03 
3.3552e-01     2.6495e+00  2.2819e-02     8.8897e-01  7.6562e-03     2.1632e+00  2.5313e-02     7.2579e-01  8.4930e-03 
3.7646e-01     2.6649e+00  8.7448e-03     1.0032e+00  3.2921e-03     2.4412e+00  2.0932e-02     9.1902e-01  7.8802e-03 
4.2240e-01     2.1905e+00  8.9031e-03     9.2527e-01  3.7606e-03     2.2515e+00  2.0047e-02     9.5102e-01  8.4676e-03 
4.7394e-01     1.5153e+00  1.0933e-02     7.1817e-01  5.1816e-03     1.7476e+00  1.8725e-02     8.2823e-01  8.8745e-03 
5.3176e-01     9.3978e-01  8.8681e-03     4.9974e-01  4.7157e-03     1.2160e+00  1.4983e-02     6.4665e-01  7.9672e-03 
5.9665e-01     5.8134e-01  3.9663e-03     3.4685e-01  2.3665e-03     8.4402e-01  8.8242e-03     5.0358e-01  5.2649e-03 
6.6945e-01     3.6445e-01  3.6619e-03     2.4398e-01  2.4515e-03     5.9369e-01  7.5964e-03     3.9745e-01  5.0854e-03 
7.5114e-01     2.3548e-01  3.4146e-03     1.7688e-01  2.5648e-03     4.3041e-01  7.1118e-03     3.2330e-01  5.3419e-03 
8.4279e-01     1.5513e-01  2.0374e-03     1.3074e-01  1.7171e-03     3.1813e-01  4.8795e-03     2.6812e-01  4.1124e-03 
9.4563e-01     1.0808e-01  1.7766e-03     1.0220e-01  1.6800e-03     2.4870e-01  4.5380e-03     2.3517e-01  4.2912e-03 
1.0610e+00     7.3680e-02  1.0801e-03     7.8176e-02  1.1460e-03     1.9023e-01  3.1697e-03     2.0183e-01  3.3631e-03 
1.1905e+00     5.2000e-02  1.0286e-03     6.1905e-02  1.2246e-03     1.5064e-01  3.2098e-03     1.7933e-01  3.8212e-03 
1.3357e+00     3.6830e-02  1.0186e-03     4.9195e-02  1.3606e-03     1.1971e-01  3.4439e-03     1.5990e-01  4.6001e-03 
1.4987e+00     2.5366e-02  4.0589e-04     3.8017e-02  6.0831e-04     9.2509e-02  1.6517e-03     1.3864e-01  2.4754e-03 
1.6816e+00     1.7778e-02  3.8858e-04     2.9895e-02  6.5344e-04     7.2744e-02  1.6912e-03     1.2233e-01  2.8440e-03 
1.8868e+00     1.1696e-02  2.6693e-04     2.2068e-02  5.0364e-04     5.3700e-02  1.2973e-03     1.0132e-01  2.4476e-03 
2.1170e+00     7.3362e-03  3.6524e-04     1.5531e-02  7.7322e-04     3.7792e-02  1.9052e-03     8.0004e-02  4.0332e-03 
2.3753e+00     4.4933e-03  1.9073e-04     1.0673e-02  4.5304e-04     2.5971e-02  1.1214e-03     6.1689e-02  2.6637e-03 
2.6651e+00     2.2865e-03  1.3085e-04     6.0939e-03  3.4873e-04     1.4829e-02  8.5667e-04     3.9520e-02  2.2831e-03 
2.9903e+00     1.0772e-03  1.2158e-04     3.2210e-03  3.6356e-04     7.8379e-03  8.8686e-04     2.3438e-02  2.6520e-03 
3.3552e+00     4.8520e-04  8.9675e-05     1.6279e-03  3.0088e-04     3.9613e-03  7.3282e-04     1.3291e-02  2.4588e-03 
3.7646e+00     1.3412e-04  3.0030e-05     5.0492e-04  1.1305e-04     1.2286e-03  2.7526e-04     4.6254e-03  1.0363e-03 
4.2240e+00     5.1525e-05  1.8113e-05     2.1764e-04  7.6508e-05     5.2959e-04  1.8622e-04     2.2370e-03  7.8658e-04 
4.7394e+00     2.0205e-05  1.8928e-05     9.5761e-05  8.9706e-05     2.3302e-04  2.1829e-04     1.1044e-03  1.0346e-03 
5.3176e+00     1.6371e-06  1.1906e-06     8.7055e-06  6.3314e-06     2.1184e-05  1.5407e-05     1.1265e-04  8.1931e-05 
5.9665e+00     1.4591e-06  6.0150e-07     8.7055e-06  3.5888e-06     2.1184e-05  8.7345e-06     1.2639e-04  5.2115e-05 
6.6945e+00     0.0000e+00  0.0000e+00     0.0000e+00  0.0000e+00     0.0000e+00  0.0000e+00     0.0000e+00  0.0000e+00 
7.5114e+00     0.0000e+00  0.0000e+00     0.0000e+00  0.0000e+00     0.0000e+00  0.0000e+00     0.0000e+00  0.0000e+00 
8.4279e+00     2.0659e-06  7.2949e-07     1.7411e-05  6.1480e-06     4.2367e-05  1.4964e-05     3.5707e-04  1.2612e-04 
9.4563e+00     9.2061e-07  8.9005e-07     8.7055e-06  8.4165e-06     2.1184e-05  2.0481e-05     2.0032e-04  1.9367e-04 
1.0610e+01     0.0000e+00  0.0000e+00     0.0000e+00  0.0000e+00     0.0000e+00  0.0000e+00     0.0000e+00  0.0000e+00 
1.1905e+01     0.0000e+00  0.0000e+00     0.0000e+00  0.0000e+00     0.0000e+00  0.0000e+00     0.0000e+00  0.0000e+00 
1.3357e+01     6.5174e-07  4.3070e-07     8.7055e-06  5.7529e-06     2.1184e-05  1.4000e-05     2.8296e-04  1.8700e-04 
1.4987e+01     0.0000e+00  0.0000e+00     0.0000e+00  0.0000e+00     0.0000e+00  0.0000e+00     0.0000e+00  0.0000e+00 
1.6816e+01     0.0000e+00  0.0000e+00     0.0000e+00  0.0000e+00     0.0000e+00  0.0000e+00     0.0000e+00  0.0000e+00 
1.8868e+01     0.0000e+00  0.0000e+00     0.0000e+00  0.0000e+00     0.0000e+00  0.0000e+00     0.0000e+00  0.0000e+00 
2.1170e+01     0.0000e+00  0.0000e+00     0.0000e+00  0.0000e+00     0.0000e+00  0.0000e+00     0.0000e+00  0.0000e+00 
2.3753e+01     0.0000e+00  0.0000e+00     0.0000e+00  0.0000e+00     0.0000e+00  0.0000e+00     0.0000e+00  0.0000e+00 
2.6651e+01     0.0000e+00  0.0000e+00     0.0000e+00  0.0000e+00     0.0000e+00  0.0000e+00     0.0000e+00  0.0000e+00 
2.9903e+01     0.0000e+00  0.0000e+00     0.0000e+00  0.0000e+00     0.0000e+00  0.0000e+00     0.0000e+00  0.0000e+00 
3.3552e+01     0.0000e+00  0.0000e+00     0.0000e+00  0.0000e+00     0.0000e+00  0.0000e+00     0.0000e+00  0.0000e+00 
3.7646e+01     0.0000e+00  0.0000e+00     0.0000e+00  0.0000e+00     0.0000e+00  0.0000e+00     0.0000e+00  0.0000e+00 
4.2240e+01     2.0610e-07  9.2166e-08     8.7055e-06  3.8931e-06     2.1184e-05  9.4747e-06     8.9478e-04  4.0021e-04 
4.7394e+01     1.8369e-07  7.5724e-08     8.7055e-06  3.5888e-06     2.1184e-05  8.7345e-06     1.0040e-03  4.1396e-04 
5.3176e+01     0.0000e+00  0.0000e+00     0.0000e+00  0.0000e+00     0.0000e+00  0.0000e+00     0.0000e+00  0.0000e+00 
5.9665e+01     0.0000e+00  0.0000e+00     0.0000e+00  0.0000e+00     0.0000e+00  0.0000e+00     0.0000e+00  0.0000e+00 
6.6945e+01     1.3004e-07  8.9156e-08     8.7055e-06  5.9686e-06     2.1184e-05  1.4525e-05     1.4181e-03  9.7235e-04 
7.5114e+01     1.1590e-07  3.8433e-08     8.7055e-06  2.8868e-06     2.1184e-05  7.0266e-06     1.5912e-03  5.2780e-04 
8.4279e+01     2.0659e-07  5.4631e-08     1.7411e-05  4.6043e-06     4.2367e-05  1.1209e-05     3.5707e-03  9.4467e-04 
9.4563e+01     0.0000e+00  0.0000e+00     0.0000e+00  0.0000e+00     0.0000e+00  0.0000e+00     0.0000e+00  0.0000e+00 
1.0610e+02     1.6410e-07  1.5851e-07     1.7411e-05  1.6818e-05     4.2367e-05  4.0926e-05     4.4952e-03  4.3423e-03 
1.1905e+02     7.3127e-08  4.7111e-08     8.7055e-06  5.6085e-06     2.1184e-05  1.3648e-05     2.5218e-03  1.6248e-03 
1.3357e+02     0.0000e+00  0.0000e+00     0.0000e+00  0.0000e+00     0.0000e+00  0.0000e+00     0.0000e+00  0.0000e+00 
1.4987e+02     0.0000e+00  0.0000e+00     0.0000e+00  0.0000e+00     0.0000e+00  0.0000e+00     0.0000e+00  0.0000e+00 
1.6816e+02     0.0000e+00  0.0000e+00     0.0000e+00  0.0000e+00     0.0000e+00  0.0000e+00     0.0000e+00  0.0000e+00 
1.8868e+02     0.0000e+00  0.0000e+00     0.0000e+00  0.0000e+00     0.0000e+00  0.0000e+00     0.0000e+00  0.0000e+00 
2.1170e+02     1.2337e-07  4.7338e-07     2.6117e-05  1.0022e-04     6.3551e-05  2.4386e-04     1.3454e-02  5.1625e-02 
2.3753e+02     0.0000e+00  0.0000e+00     0.0000e+00  0.0000e+00     0.0000e+00  0.0000e+00     0.0000e+00  0.0000e+00 
2.6651e+02     0.0000e+00  0.0000e+00     0.0000e+00  0.0000e+00     0.0000e+00  0.0000e+00     0.0000e+00  0.0000e+00 
2.9903e+02     0.0000e+00  0.0000e+00     0.0000e+00  0.0000e+00     0.0000e+00  0.0000e+00     0.0000e+00  0.0000e+00 
3.3552e+02     0.0000e+00  0.0000e+00     0.0000e+00  0.0000e+00     0.0000e+00  0.0000e+00     0.0000e+00  0.0000e+00 
3.7646e+02     0.0000e+00  0.0000e+00     0.0000e+00  0.0000e+00     0.0000e+00  0.0000e+00     0.0000e+00  0.0000e+00 
4.2240e+02     0.0000e+00  0.0000e+00     0.0000e+00  0.0000e+00     0.0000e+00  0.0000e+00     0.0000e+00  0.0000e+00 
4.7394e+02     1.8369e-08  7.4165e-08     8.7055e-06  3.5149e-05     2.1184e-05  8.5531e-05     1.0040e-02  4.0536e-02 
5.3176e+02     3.2742e-08  1.2704e-08     1.7411e-05  6.7556e-06     4.2367e-05  1.6442e-05     2.2529e-02  8.7433e-03 
5.9665e+02     0.0000e+00  0.0000e+00     0.0000e+00  0.0000e+00     0.0000e+00  0.0000e+00     0.0000e+00  0.0000e+00 
6.6945e+02     0.0000e+00  0.0000e+00     0.0000e+00  0.0000e+00     0.0000e+00  0.0000e+00     0.0000e+00  0.0000e+00 
7.5114e+02     0.0000e+00  0.0000e+00     0.0000e+00  0.0000e+00     0.0000e+00  0.0000e+00     0.0000e+00  0.0000e+00 
8.4279e+02     0.0000e+00  0.0000e+00     0.0000e+00  0.0000e+00     0.0000e+00  0.0000e+00     0.0000e+00  0.0000e+00 
9.4563e+02     0.0000e+00  0.0000e+00     0.0000e+00  0.0000e+00     0.0000e+00  0.0000e+00     0.0000e+00  0.0000e+00 
1.0610e+03     0.0000e+00  0.0000e+00     0.0000e+00  0.0000e+00     0.0000e+00  0.0000e+00     0.0000e+00  0.0000e+00 
1.1905e+03     0.0000e+00  0.0000e+00     0.0000e+00  0.0000e+00     0.0000e+00  0.0000e+00     0.0000e+00  0.0000e+00 
1.3357e+03     0.0000e+00  0.0000e+00     0.0000e+00  0.0000e+00     0.0000e+00  0.0000e+00     0.0000e+00  0.0000e+00 
1.4987e+03     0.0000e+00  0.0000e+00     0.0000e+00  0.0000e+00     0.0000e+00  0.0000e+00     0.0000e+00  0.0000e+00 
1.6816e+03     0.0000e+00  0.0000e+00     0.0000e+00  0.0000e+00     0.0000e+00  0.0000e+00     0.0000e+00  0.0000e+00 
1.8868e+03     0.0000e+00  0.0000e+00     0.0000e+00  0.0000e+00     0.0000e+00  0.0000e+00     0.0000e+00  0.0000e+00 
2.1170e+03     0.0000e+00  0.0000e+00     0.0000e+00  0.0000e+00     0.0000e+00  0.0000e+00     0.0000e+00  0.0000e+00 
2.3753e+03     0.0000e+00  0.0000e+00     0.0000e+00  0.0000e+00     0.0000e+00  0.0000e+00     0.0000e+00  0.0000e+00 
2.6651e+03     0.0000e+00  0.0000e+00     0.0000e+00  0.0000e+00     0.0000e+00  0.0000e+00     0.0000e+00  0.0000e+00 
2.9903e+03     0.0000e+00  0.0000e+00     0.0000e+00  0.0000e+00     0.0000e+00  0.0000e+00     0.0000e+00  0.0000e+00 
3.3552e+03     0.0000e+00  0.0000e+00     0.0000e+00  0.0000e+00     0.0000e+00  0.0000e+00     0.0000e+00  0.0000e+00 
3.7646e+03     0.0000e+00  0.0000e+00     0.0000e+00  0.0000e+00     0.0000e+00  0.0000e+00     0.0000e+00  0.0000e+00 
4.2240e+03     0.0000e+00  0.0000e+00     0.0000e+00  0.0000e+00     0.0000e+00  0.0000e+00     0.0000e+00  0.0000e+00 
4.7394e+03     0.0000e+00  0.0000e+00     0.0000e+00  0.0000e+00     0.0000e+00  0.0000e+00     0.0000e+00  0.0000e+00 
5.3176e+03     0.0000e+00  0.0000e+00     0.0000e+00  0.0000e+00     0.0000e+00  0.0000e+00     0.0000e+00  0.0000e+00 
5.9665e+03     0.0000e+00  0.0000e+00     0.0000e+00  0.0000e+00     0.0000e+00  0.0000e+00     0.0000e+00  0.0000e+00 
6.6945e+03     0.0000e+00  0.0000e+00     0.0000e+00  0.0000e+00     0.0000e+00  0.0000e+00     0.0000e+00  0.0000e+00 
7.5114e+03     0.0000e+00  0.0000e+00     0.0000e+00  0.0000e+00     0.0000e+00  0.0000e+00     0.0000e+00  0.0000e+00 
8.4279e+03     0.0000e+00  0.0000e+00     0.0000e+00  0.0000e+00     0.0000e+00  0.0000e+00     0.0000e+00  0.0000e+00 
9.4563e+03     0.0000e+00  0.0000e+00     0.0000e+00  0.0000e+00     0.0000e+00  0.0000e+00     0.0000e+00  0.0000e+00 
