yF = 5.2524e-01 (std: 2.4894e-03) keV/um
yD = 3.9741e+00 (std: 2.9632e+00) keV/um
y (keV/um)     f(y)(std)                  yf(y)(std)                 d(y)(std)                  yd(y)(std)  
1.0610e-03     0.0000e+00  0.0000e+00     0.0000e+00  0.0000e+00     0.0000e+00  0.0000e+00     0.0000e+00  0.0000e+00 
1.1905e-03     0.0000e+00  0.0000e+00     0.0000e+00  0.0000e+00     0.0000e+00  0.0000e+00     0.0000e+00  0.0000e+00 
1.3357e-03     6.5177e-03  1.1288e-03     8.7059e-06  1.5078e-06     1.6575e-05  2.8718e-06     2.2140e-08  3.8360e-09 
1.4987e-03     8.1325e-02  2.8723e-02     1.2188e-04  4.3048e-05     2.3205e-04  8.1965e-05     3.4778e-07  1.2284e-07 
1.6816e-03     7.7658e-02  3.0274e-02     1.3059e-04  5.0908e-05     2.4863e-04  9.6931e-05     4.1809e-07  1.6300e-07 
1.8868e-03     2.7685e-02  4.9344e-02     5.2236e-05  9.3100e-05     9.9450e-05  1.7725e-04     1.8764e-07  3.3443e-07 
2.1170e-03     4.1124e-02  1.8412e-02     8.7059e-05  3.8978e-05     1.6575e-04  7.4214e-05     3.5089e-07  1.5711e-07 
2.3753e-03     2.9321e-02  3.7997e-02     6.9647e-05  9.0254e-05     1.3260e-04  1.7183e-04     3.1497e-07  4.0816e-07 
2.6651e-03     1.3066e-02  1.5128e-02     3.4824e-05  4.0317e-05     6.6300e-05  7.6760e-05     1.7670e-07  2.0458e-07 
2.9903e-03     4.0759e-02  2.3290e-02     1.2188e-04  6.9645e-05     2.3205e-04  1.3260e-04     6.9391e-07  3.9652e-07 
3.3552e-03     1.8163e-02  5.8903e-03     6.0941e-05  1.9763e-05     1.1603e-04  3.7631e-05     3.8929e-07  1.2626e-07 
3.7646e-03     3.4689e-02  1.4647e-02     1.3059e-04  5.5138e-05     2.4863e-04  1.0498e-04     9.3598e-07  3.9522e-07 
4.2240e-03     1.4428e-02  4.7818e-03     6.0941e-05  2.0198e-05     1.1603e-04  3.8459e-05     4.9009e-07  1.6245e-07 
4.7394e-03     4.0413e-02  1.0817e-02     1.9153e-04  5.1268e-05     3.6465e-04  9.7623e-05     1.7282e-06  4.6267e-07 
5.3176e-03     5.2390e-02  1.4934e-02     2.7859e-04  7.9412e-05     5.3040e-04  1.5121e-04     2.8205e-06  8.0409e-07 
5.9665e-03     2.9183e-02  1.8687e-02     1.7412e-04  1.1150e-04     3.3150e-04  2.1229e-04     1.9779e-06  1.2666e-06 
6.6945e-03     5.4619e-02  1.2783e-02     3.6565e-04  8.5574e-05     6.9615e-04  1.6296e-04     4.6604e-06  1.0909e-06 
7.5114e-03     3.7089e-02  1.2804e-02     2.7859e-04  9.6178e-05     5.3040e-04  1.8313e-04     3.9840e-06  1.3756e-06 
8.4279e-03     4.5451e-02  1.6202e-02     3.8306e-04  1.3655e-04     7.2930e-04  2.6000e-04     6.1465e-06  2.1912e-06 
9.4563e-03     5.8001e-02  1.6825e-02     5.4847e-04  1.5910e-04     1.0442e-03  3.0295e-04     9.8745e-06  2.8648e-06 
1.0610e-02     5.6617e-02  1.1710e-02     6.0071e-04  1.2424e-04     1.1437e-03  2.3661e-04     1.2135e-05  2.5104e-06 
1.1905e-02     6.9473e-02  1.8933e-02     8.2706e-04  2.2540e-04     1.5746e-03  4.2920e-04     1.8746e-05  5.1095e-06 
1.3357e-02     6.8436e-02  6.5063e-03     9.1412e-04  8.6907e-05     1.7404e-03  1.6567e-04     2.3247e-05  2.2129e-06 
1.4987e-02     8.1906e-02  1.3459e-02     1.2275e-03  2.0171e-04     2.3371e-03  3.8420e-04     3.5026e-05  5.7581e-06 
1.6816e-02     9.5778e-02  1.4663e-02     1.6106e-03  2.4656e-04     3.0664e-03  4.6965e-04     5.1564e-05  7.8976e-06 
1.8868e-02     1.0659e-01  1.4055e-02     2.0111e-03  2.6518e-04     3.8288e-03  5.0520e-04     7.2241e-05  9.5319e-06 
2.1170e-02     1.2090e-01  1.1224e-02     2.5595e-03  2.3761e-04     4.8731e-03  4.5298e-04     1.0316e-04  9.5895e-06 
2.3753e-02     1.3231e-01  1.2014e-02     3.1428e-03  2.8536e-04     5.9836e-03  5.4403e-04     1.4213e-04  1.2922e-05 
2.6651e-02     1.3752e-01  1.1574e-02     3.6652e-03  3.0845e-04     6.9781e-03  5.8819e-04     1.8598e-04  1.5676e-05 
2.9903e-02     1.4440e-01  1.7363e-02     4.3181e-03  5.1921e-04     8.2212e-03  9.8928e-04     2.4584e-04  2.9583e-05 
3.3552e-02     1.8267e-01  1.7849e-02     6.1290e-03  5.9888e-04     1.1669e-02  1.1415e-03     3.9151e-04  3.8301e-05 
3.7646e-02     2.0258e-01  7.7952e-03     7.6264e-03  2.9346e-04     1.4520e-02  5.6293e-04     5.4661e-04  2.1192e-05 
4.2240e-02     2.3496e-01  9.0198e-03     9.9247e-03  3.8099e-04     1.8896e-02  7.3088e-04     7.9814e-04  3.0872e-05 
4.7394e-02     2.6489e-01  6.1125e-03     1.2554e-02  2.8969e-04     2.3901e-02  5.6305e-04     1.1328e-03  2.6685e-05 
5.3176e-02     2.8962e-01  1.5798e-02     1.5401e-02  8.4006e-04     2.9321e-02  1.6054e-03     1.5592e-03  8.5370e-05 
5.9665e-02     3.1196e-01  8.7374e-03     1.8613e-02  5.2132e-04     3.5438e-02  1.0066e-03     2.1144e-03  6.0061e-05 
6.6945e-02     3.4774e-01  8.1262e-03     2.3280e-02  5.4401e-04     4.4322e-02  1.0568e-03     2.9671e-03  7.0749e-05 
7.5114e-02     3.7135e-01  9.3793e-03     2.7894e-02  7.0451e-04     5.3107e-02  1.3647e-03     3.9890e-03  1.0251e-04 
8.4279e-02     4.2332e-01  9.1453e-03     3.5677e-02  7.7075e-04     6.7925e-02  1.5023e-03     5.7246e-03  1.2661e-04 
9.4563e-02     4.4366e-01  1.2634e-02     4.1954e-02  1.1947e-03     7.9875e-02  2.3059e-03     7.5532e-03  2.1805e-04 
1.0610e-01     5.0643e-01  1.0274e-02     5.3733e-02  1.0901e-03     1.0230e-01  2.1313e-03     1.0854e-02  2.2613e-04 
1.1905e-01     5.5220e-01  8.4568e-03     6.5738e-02  1.0068e-03     1.2516e-01  2.0064e-03     1.4900e-02  2.3886e-04 
1.3357e-01     6.0537e-01  1.1481e-02     8.0861e-02  1.5335e-03     1.5395e-01  3.0095e-03     2.0563e-02  4.0198e-04 
1.4987e-01     6.8441e-01  1.2794e-02     1.0257e-01  1.9175e-03     1.9529e-01  3.7662e-03     2.9268e-02  5.6444e-04 
1.6816e-01     7.4469e-01  1.4928e-02     1.2523e-01  2.5102e-03     2.3842e-01  4.9110e-03     4.0092e-02  8.2582e-04 
1.8868e-01     8.2520e-01  6.1830e-03     1.5570e-01  1.1666e-03     2.9643e-01  2.6281e-03     5.5929e-02  4.9586e-04 
2.1170e-01     9.4026e-01  5.2805e-03     1.9905e-01  1.1179e-03     3.7897e-01  2.7849e-03     8.0228e-02  5.8957e-04 
2.3753e-01     1.0515e+00  1.0057e-02     2.4977e-01  2.3887e-03     4.7554e-01  5.0757e-03     1.1295e-01  1.2056e-03 
2.6651e-01     1.1795e+00  9.0261e-03     3.1434e-01  2.4056e-03     5.9848e-01  5.3871e-03     1.5950e-01  1.4357e-03 
2.9903e-01     1.3416e+00  1.1449e-02     4.0118e-01  3.4235e-03     7.6380e-01  7.4557e-03     2.2840e-01  2.2295e-03 
3.3552e-01     1.5159e+00  1.1394e-02     5.0862e-01  3.8229e-03     9.6835e-01  8.6045e-03     3.2490e-01  2.8870e-03 
3.7646e-01     1.7499e+00  5.3958e-03     6.5879e-01  2.0313e-03     1.2543e+00  7.0918e-03     4.7218e-01  2.6698e-03 
4.2240e-01     1.9917e+00  7.8009e-03     8.4128e-01  3.2950e-03     1.6017e+00  9.8479e-03     6.7655e-01  4.1597e-03 
4.7394e-01     2.1107e+00  6.4633e-03     1.0003e+00  3.0632e-03     1.9045e+00  1.0746e-02     9.0261e-01  5.0931e-03 
5.3176e-01     1.8319e+00  6.9182e-03     9.7416e-01  3.6788e-03     1.8547e+00  1.1239e-02     9.8626e-01  5.9767e-03 
5.9665e-01     1.3100e+00  6.0992e-03     7.8163e-01  3.6391e-03     1.4881e+00  9.8868e-03     8.8790e-01  5.8989e-03 
6.6945e-01     8.2929e-01  3.6467e-03     5.5517e-01  2.4413e-03     1.0570e+00  6.8336e-03     7.0759e-01  4.5748e-03 
7.5114e-01     5.0566e-01  4.5766e-03     3.7982e-01  3.4376e-03     7.2314e-01  7.3879e-03     5.4318e-01  5.5493e-03 
8.4279e-01     3.1980e-01  2.8838e-03     2.6953e-01  2.4304e-03     5.1315e-01  5.2275e-03     4.3248e-01  4.4057e-03 
9.4563e-01     2.0862e-01  2.2790e-03     1.9728e-01  2.1551e-03     3.7559e-01  4.4725e-03     3.5517e-01  4.2293e-03 
1.0610e+00     1.3577e-01  1.2260e-03     1.4406e-01  1.3008e-03     2.7427e-01  2.7969e-03     2.9100e-01  2.9676e-03 
1.1905e+00     9.1010e-02  1.1303e-03     1.0835e-01  1.3456e-03     2.0628e-01  2.7420e-03     2.4557e-01  3.2643e-03 
1.3357e+00     6.4271e-02  6.1720e-04     8.5849e-02  8.2442e-04     1.6345e-01  1.7504e-03     2.1832e-01  2.3380e-03 
1.4987e+00     4.3108e-02  9.2782e-04     6.4607e-02  1.3905e-03     1.2300e-01  2.7109e-03     1.8435e-01  4.0628e-03 
1.6816e+00     2.9500e-02  1.0925e-03     4.9606e-02  1.8372e-03     9.4445e-02  3.5263e-03     1.5882e-01  5.9298e-03 
1.8868e+00     1.9527e-02  4.3600e-04     3.6843e-02  8.2263e-04     7.0146e-02  1.6011e-03     1.3235e-01  3.0209e-03 
2.1170e+00     1.2341e-02  3.2031e-04     2.6126e-02  6.7809e-04     4.9742e-02  1.3124e-03     1.0530e-01  2.7782e-03 
2.3753e+00     7.8875e-03  2.1740e-04     1.8735e-02  5.1638e-04     3.5670e-02  9.9756e-04     8.4726e-02  2.3695e-03 
2.6651e+00     4.4491e-03  3.0614e-04     1.1857e-02  8.1590e-04     2.2575e-02  1.5571e-03     6.0166e-02  4.1498e-03 
2.9903e+00     2.1398e-03  4.1703e-05     6.3989e-03  1.2470e-04     1.2183e-02  2.4434e-04     3.6430e-02  7.3067e-04 
3.3552e+00     8.8221e-04  4.6224e-05     2.9600e-03  1.5509e-04     5.6355e-03  2.9648e-04     1.8908e-02  9.9475e-04 
3.7646e+00     3.5614e-04  2.5348e-05     1.3407e-03  9.5426e-05     2.5526e-03  1.8208e-04     9.6094e-03  6.8547e-04 
4.2240e+00     1.1542e-04  2.0320e-05     4.8753e-04  8.5829e-05     9.2820e-04  1.6347e-04     3.9207e-03  6.9048e-04 
4.7394e+00     2.9391e-05  9.7644e-06     1.3929e-04  4.6277e-05     2.6520e-04  8.8115e-05     1.2569e-03  4.1761e-04 
5.3176e+00     8.1859e-06  3.4825e-06     4.3530e-05  1.8519e-05     8.2875e-05  3.5260e-05     4.4070e-04  1.8750e-04 
5.9665e+00     2.9183e-06  1.2665e-06     1.7412e-05  7.5566e-06     3.3150e-05  1.4388e-05     1.9779e-04  8.5844e-05 
6.6945e+00     1.3005e-06  4.6878e-07     8.7059e-06  3.1382e-06     1.6575e-05  5.9754e-06     1.1096e-04  4.0002e-05 
7.5114e+00     0.0000e+00  0.0000e+00     0.0000e+00  0.0000e+00     0.0000e+00  0.0000e+00     0.0000e+00  0.0000e+00 
8.4279e+00     1.0330e-06  5.8534e-07     8.7059e-06  4.9332e-06     1.6575e-05  9.3926e-06     1.3969e-04  7.9159e-05 
9.4563e+00     1.8413e-06  1.3396e-06     1.7412e-05  1.2668e-05     3.3150e-05  2.4118e-05     3.1348e-04  2.2807e-04 
1.0610e+01     3.2821e-06  1.4901e-06     3.4824e-05  1.5810e-05     6.6300e-05  3.0102e-05     7.0345e-04  3.1938e-04 
1.1905e+01     1.4626e-06  7.7380e-07     1.7412e-05  9.2119e-06     3.3150e-05  1.7539e-05     3.9464e-04  2.0880e-04 
1.3357e+01     0.0000e+00  0.0000e+00     0.0000e+00  0.0000e+00     0.0000e+00  0.0000e+00     0.0000e+00  0.0000e+00 
1.4987e+01     0.0000e+00  0.0000e+00     0.0000e+00  0.0000e+00     0.0000e+00  0.0000e+00     0.0000e+00  0.0000e+00 
1.6816e+01     0.0000e+00  0.0000e+00     0.0000e+00  0.0000e+00     0.0000e+00  0.0000e+00     0.0000e+00  0.0000e+00 
1.8868e+01     4.6142e-07  1.8453e-07     8.7059e-06  3.4816e-06     1.6575e-05  6.6291e-06     3.1273e-04  1.2508e-04 
2.1170e+01     0.0000e+00  0.0000e+00     0.0000e+00  0.0000e+00     0.0000e+00  0.0000e+00     0.0000e+00  0.0000e+00 
2.3753e+01     0.0000e+00  0.0000e+00     0.0000e+00  0.0000e+00     0.0000e+00  0.0000e+00     0.0000e+00  0.0000e+00 
2.6651e+01     3.2666e-07  1.2220e-07     8.7059e-06  3.2567e-06     1.6575e-05  6.2009e-06     4.4175e-04  1.6526e-04 
2.9903e+01     0.0000e+00  0.0000e+00     0.0000e+00  0.0000e+00     0.0000e+00  0.0000e+00     0.0000e+00  0.0000e+00 
3.3552e+01     0.0000e+00  0.0000e+00     0.0000e+00  0.0000e+00     0.0000e+00  0.0000e+00     0.0000e+00  0.0000e+00 
3.7646e+01     0.0000e+00  0.0000e+00     0.0000e+00  0.0000e+00     0.0000e+00  0.0000e+00     0.0000e+00  0.0000e+00 
4.2240e+01     2.0611e-07  1.9228e-07     8.7059e-06  8.1217e-06     1.6575e-05  1.5463e-05     7.0012e-04  6.5315e-04 
4.7394e+01     0.0000e+00  0.0000e+00     0.0000e+00  0.0000e+00     0.0000e+00  0.0000e+00     0.0000e+00  0.0000e+00 
5.3176e+01     0.0000e+00  0.0000e+00     0.0000e+00  0.0000e+00     0.0000e+00  0.0000e+00     0.0000e+00  0.0000e+00 
5.9665e+01     2.9183e-07  1.7816e-07     1.7412e-05  1.0630e-05     3.3150e-05  2.0239e-05     1.9779e-03  1.2075e-03 
6.6945e+01     1.3005e-07  1.2345e-07     8.7059e-06  8.2642e-06     1.6575e-05  1.5734e-05     1.1096e-03  1.0533e-03 
7.5114e+01     0.0000e+00  0.0000e+00     0.0000e+00  0.0000e+00     0.0000e+00  0.0000e+00     0.0000e+00  0.0000e+00 
8.4279e+01     2.0660e-07  1.2237e-07     1.7412e-05  1.0313e-05     3.3150e-05  1.9635e-05     2.7939e-03  1.6548e-03 
9.4563e+01     9.2065e-08  5.2169e-08     8.7059e-06  4.9332e-06     1.6575e-05  9.3926e-06     1.5674e-03  8.8818e-04 
1.0610e+02     1.6411e-07  1.2891e-07     1.7412e-05  1.3677e-05     3.3150e-05  2.6040e-05     3.5173e-03  2.7629e-03 
1.1905e+02     0.0000e+00  0.0000e+00     0.0000e+00  0.0000e+00     0.0000e+00  0.0000e+00     0.0000e+00  0.0000e+00 
1.3357e+02     0.0000e+00  0.0000e+00     0.0000e+00  0.0000e+00     0.0000e+00  0.0000e+00     0.0000e+00  0.0000e+00 
1.4987e+02     5.8089e-08  4.6422e-08     8.7059e-06  6.9574e-06     1.6575e-05  1.3246e-05     2.4841e-03  1.9852e-03 
1.6816e+02     5.1772e-08  2.0704e-08     8.7059e-06  3.4816e-06     1.6575e-05  6.6291e-06     2.7872e-03  1.1147e-03 
1.8868e+02     9.2284e-08  6.4585e-08     1.7412e-05  1.2186e-05     3.3150e-05  2.3201e-05     6.2547e-03  4.3775e-03 
2.1170e+02     4.1124e-08  1.4017e-07     8.7059e-06  2.9675e-05     1.6575e-05  5.6497e-05     3.5089e-03  1.1960e-02 
2.3753e+02     0.0000e+00  0.0000e+00     0.0000e+00  0.0000e+00     0.0000e+00  0.0000e+00     0.0000e+00  0.0000e+00 
2.6651e+02     3.2666e-08  3.6099e-08     8.7059e-06  9.6208e-06     1.6575e-05  1.8317e-05     4.4175e-03  4.8817e-03 
2.9903e+02     0.0000e+00  0.0000e+00     0.0000e+00  0.0000e+00     0.0000e+00  0.0000e+00     0.0000e+00  0.0000e+00 
3.3552e+02     2.5947e-08  7.3378e-09     8.7059e-06  2.4620e-06     1.6575e-05  4.6880e-06     5.5613e-03  1.5729e-03 
3.7646e+02     0.0000e+00  0.0000e+00     0.0000e+00  0.0000e+00     0.0000e+00  0.0000e+00     0.0000e+00  0.0000e+00 
4.2240e+02     4.1222e-08  3.2685e-08     1.7412e-05  1.3806e-05     3.3150e-05  2.6286e-05     1.4002e-02  1.1103e-02 
4.7394e+02     1.8369e-08  4.3639e-08     8.7059e-06  2.0682e-05     1.6575e-05  3.9376e-05     7.8555e-03  1.8662e-02 
5.3176e+02     0.0000e+00  0.0000e+00     0.0000e+00  0.0000e+00     0.0000e+00  0.0000e+00     0.0000e+00  0.0000e+00 
5.9665e+02     0.0000e+00  0.0000e+00     0.0000e+00  0.0000e+00     0.0000e+00  0.0000e+00     0.0000e+00  0.0000e+00 
6.6945e+02     0.0000e+00  0.0000e+00     0.0000e+00  0.0000e+00     0.0000e+00  0.0000e+00     0.0000e+00  0.0000e+00 
7.5114e+02     0.0000e+00  0.0000e+00     0.0000e+00  0.0000e+00     0.0000e+00  0.0000e+00     0.0000e+00  0.0000e+00 
8.4279e+02     1.0330e-08  2.0659e-08     8.7059e-06  1.7411e-05     1.6575e-05  3.3148e-05     1.3969e-02  2.7937e-02 
9.4563e+02     0.0000e+00  0.0000e+00     0.0000e+00  0.0000e+00     0.0000e+00  0.0000e+00     0.0000e+00  0.0000e+00 
1.0610e+03     0.0000e+00  0.0000e+00     0.0000e+00  0.0000e+00     0.0000e+00  0.0000e+00     0.0000e+00  0.0000e+00 
1.1905e+03     0.0000e+00  0.0000e+00     0.0000e+00  0.0000e+00     0.0000e+00  0.0000e+00     0.0000e+00  0.0000e+00 
1.3357e+03     0.0000e+00  0.0000e+00     0.0000e+00  0.0000e+00     0.0000e+00  0.0000e+00     0.0000e+00  0.0000e+00 
1.4987e+03     0.0000e+00  0.0000e+00     0.0000e+00  0.0000e+00     0.0000e+00  0.0000e+00     0.0000e+00  0.0000e+00 
1.6816e+03     0.0000e+00  0.0000e+00     0.0000e+00  0.0000e+00     0.0000e+00  0.0000e+00     0.0000e+00  0.0000e+00 
1.8868e+03     0.0000e+00  0.0000e+00     0.0000e+00  0.0000e+00     0.0000e+00  0.0000e+00     0.0000e+00  0.0000e+00 
2.1170e+03     0.0000e+00  0.0000e+00     0.0000e+00  0.0000e+00     0.0000e+00  0.0000e+00     0.0000e+00  0.0000e+00 
2.3753e+03     0.0000e+00  0.0000e+00     0.0000e+00  0.0000e+00     0.0000e+00  0.0000e+00     0.0000e+00  0.0000e+00 
2.6651e+03     0.0000e+00  0.0000e+00     0.0000e+00  0.0000e+00     0.0000e+00  0.0000e+00     0.0000e+00  0.0000e+00 
2.9903e+03     0.0000e+00  0.0000e+00     0.0000e+00  0.0000e+00     0.0000e+00  0.0000e+00     0.0000e+00  0.0000e+00 
3.3552e+03     0.0000e+00  0.0000e+00     0.0000e+00  0.0000e+00     0.0000e+00  0.0000e+00     0.0000e+00  0.0000e+00 
3.7646e+03     0.0000e+00  0.0000e+00     0.0000e+00  0.0000e+00     0.0000e+00  0.0000e+00     0.0000e+00  0.0000e+00 
4.2240e+03     0.0000e+00  0.0000e+00     0.0000e+00  0.0000e+00     0.0000e+00  0.0000e+00     0.0000e+00  0.0000e+00 
4.7394e+03     0.0000e+00  0.0000e+00     0.0000e+00  0.0000e+00     0.0000e+00  0.0000e+00     0.0000e+00  0.0000e+00 
5.3176e+03     0.0000e+00  0.0000e+00     0.0000e+00  0.0000e+00     0.0000e+00  0.0000e+00     0.0000e+00  0.0000e+00 
5.9665e+03     0.0000e+00  0.0000e+00     0.0000e+00  0.0000e+00     0.0000e+00  0.0000e+00     0.0000e+00  0.0000e+00 
6.6945e+03     0.0000e+00  0.0000e+00     0.0000e+00  0.0000e+00     0.0000e+00  0.0000e+00     0.0000e+00  0.0000e+00 
7.5114e+03     0.0000e+00  0.0000e+00     0.0000e+00  0.0000e+00     0.0000e+00  0.0000e+00     0.0000e+00  0.0000e+00 
8.4279e+03     0.0000e+00  0.0000e+00     0.0000e+00  0.0000e+00     0.0000e+00  0.0000e+00     0.0000e+00  0.0000e+00 
9.4563e+03     0.0000e+00  0.0000e+00     0.0000e+00  0.0000e+00     0.0000e+00  0.0000e+00     0.0000e+00  0.0000e+00 
