yF = 6.6755e-01 (std: 3.9463e-03) keV/um
yD = 2.9197e+00 (std: 1.6238e+00) keV/um
y (keV/um)     f(y)(std)                  yf(y)(std)                 d(y)(std)                  yd(y)(std)  
1.0610e-03     0.0000e+00  0.0000e+00     0.0000e+00  0.0000e+00     0.0000e+00  0.0000e+00     0.0000e+00  0.0000e+00 
1.1905e-03     0.0000e+00  0.0000e+00     0.0000e+00  0.0000e+00     0.0000e+00  0.0000e+00     0.0000e+00  0.0000e+00 
1.3357e-03     0.0000e+00  0.0000e+00     0.0000e+00  0.0000e+00     0.0000e+00  0.0000e+00     0.0000e+00  0.0000e+00 
1.4987e-03     3.4862e-02  1.2656e-02     5.2247e-05  1.8967e-05     7.8267e-05  2.8417e-05     1.1730e-07  4.2588e-08 
1.6816e-03     3.6249e-02  1.6429e-02     6.0955e-05  2.7627e-05     9.1312e-05  4.1389e-05     1.5355e-07  6.9599e-08 
1.8868e-03     9.2305e-03  6.1741e-03     1.7416e-05  1.1649e-05     2.6089e-05  1.7451e-05     4.9224e-08  3.2926e-08 
2.1170e-03     2.4680e-02  7.9619e-03     5.2247e-05  1.6855e-05     7.8267e-05  2.5254e-05     1.6569e-07  5.3462e-08 
2.3753e-03     1.8330e-02  1.7470e-02     4.3540e-05  4.1496e-05     6.5223e-05  6.2162e-05     1.5492e-07  1.4765e-07 
2.6651e-03     6.5347e-03  4.5560e-03     1.7416e-05  1.2142e-05     2.6089e-05  1.8190e-05     6.9531e-08  4.8479e-08 
2.9903e-03     1.7472e-02  5.7131e-03     5.2247e-05  1.7084e-05     7.8267e-05  2.5596e-05     2.3404e-07  7.6542e-08 
3.3552e-03     2.3358e-02  1.3366e-02     7.8371e-05  4.4846e-05     1.1740e-04  6.7183e-05     3.9390e-07  2.2541e-07 
3.7646e-03     2.0818e-02  9.8315e-03     7.8371e-05  3.7012e-05     1.1740e-04  5.5448e-05     4.4197e-07  2.0874e-07 
4.2240e-03     1.6492e-02  7.8217e-03     6.9663e-05  3.3039e-05     1.0436e-04  4.9496e-05     4.4080e-07  2.0907e-07 
4.7394e-03     1.6536e-02  5.0402e-03     7.8371e-05  2.3887e-05     1.1740e-04  3.5790e-05     5.5640e-07  1.6962e-07 
5.3176e-03     2.9476e-02  7.8841e-03     1.5674e-04  4.1925e-05     2.3480e-04  6.2819e-05     1.2486e-06  3.3405e-07 
5.9665e-03     2.3352e-02  1.4240e-02     1.3933e-04  8.4961e-05     2.0871e-04  1.2728e-04     1.2453e-06  7.5940e-07 
6.6945e-03     2.2113e-02  5.7190e-03     1.4803e-04  3.8286e-05     2.2176e-04  5.7368e-05     1.4846e-06  3.8405e-07 
7.5114e-03     2.2027e-02  5.1104e-03     1.6545e-04  3.8386e-05     2.4785e-04  5.7521e-05     1.8617e-06  4.3206e-07 
8.4279e-03     1.6532e-02  4.1886e-03     1.3933e-04  3.5301e-05     2.0871e-04  5.2895e-05     1.7590e-06  4.4580e-07 
9.4563e-03     3.2230e-02  6.1829e-03     3.0478e-04  5.8467e-05     4.5656e-04  8.7626e-05     4.3173e-06  8.2862e-07 
1.0610e-02     3.3650e-02  6.2464e-03     3.5702e-04  6.6275e-05     5.3482e-04  9.9331e-05     5.6745e-06  1.0539e-06 
1.1905e-02     3.3648e-02  5.8594e-03     4.0056e-04  6.9754e-05     6.0005e-04  1.0455e-04     7.1434e-06  1.2447e-06 
1.3357e-02     4.1071e-02  1.2702e-02     5.4860e-04  1.6966e-04     8.2180e-04  2.5420e-04     1.0977e-05  3.3954e-06 
1.4987e-02     4.9387e-02  1.0346e-02     7.4017e-04  1.5506e-04     1.1088e-03  2.3237e-04     1.6618e-05  3.4826e-06 
1.6816e-02     4.6606e-02  3.4066e-03     7.8371e-04  5.7286e-05     1.1740e-03  8.6094e-05     1.9742e-05  1.4477e-06 
1.8868e-02     5.9998e-02  4.7200e-03     1.1320e-03  8.9055e-05     1.6958e-03  1.3378e-04     3.1996e-05  2.5241e-06 
2.1170e-02     5.9232e-02  4.8802e-03     1.2539e-03  1.0331e-04     1.8784e-03  1.5516e-04     3.9766e-05  3.2848e-06 
2.3753e-02     8.4685e-02  1.1709e-02     2.0115e-03  2.7812e-04     3.0133e-03  4.1701e-04     7.1575e-05  9.9052e-06 
2.6651e-02     7.7763e-02  7.4959e-03     2.0725e-03  1.9978e-04     3.1046e-03  2.9983e-04     8.2742e-05  7.9908e-06 
2.9903e-02     9.2894e-02  6.4000e-03     2.7778e-03  1.9138e-04     4.1612e-03  2.8775e-04     1.2443e-04  8.6045e-06 
3.3552e-02     1.0252e-01  1.1765e-02     3.4396e-03  3.9474e-04     5.1526e-03  5.9211e-04     1.7288e-04  1.9867e-05 
3.7646e-02     1.1912e-01  9.4177e-03     4.4846e-03  3.5454e-04     6.7179e-03  5.3258e-04     2.5290e-04  2.0050e-05 
4.2240e-02     1.2679e-01  9.7708e-03     5.3554e-03  4.1271e-04     8.0224e-03  6.2006e-04     3.3886e-04  2.6191e-05 
4.7394e-02     1.5728e-01  1.0728e-02     7.4540e-03  5.0842e-04     1.1166e-02  7.6447e-04     5.2920e-04  3.6231e-05 
5.3176e-02     1.6703e-01  1.1029e-02     8.8821e-03  5.8649e-04     1.3305e-02  8.8207e-04     7.0753e-04  4.6905e-05 
5.9665e-02     1.9426e-01  8.4325e-03     1.1590e-02  5.0312e-04     1.7362e-02  7.6064e-04     1.0359e-03  4.5384e-05 
6.6945e-02     2.1566e-01  8.2468e-03     1.4438e-02  5.5208e-04     2.1628e-02  8.3685e-04     1.4479e-03  5.6023e-05 
7.5114e-02     2.2966e-01  9.9358e-03     1.7250e-02  7.4632e-04     2.5841e-02  1.1284e-03     1.9410e-03  8.4757e-05 
8.4279e-02     2.5758e-01  8.4296e-03     2.1709e-02  7.1044e-04     3.2520e-02  1.0815e-03     2.7407e-03  9.1145e-05 
9.4563e-02     2.7525e-01  6.1579e-03     2.6028e-02  5.8231e-04     3.8990e-02  9.0224e-04     3.6870e-03  8.5318e-05 
1.0610e-01     3.0572e-01  6.7855e-03     3.2437e-02  7.1995e-04     4.8591e-02  1.1161e-03     5.1555e-03  1.1842e-04 
1.1905e-01     3.4598e-01  6.4701e-03     4.1188e-02  7.7025e-04     6.1701e-02  1.2101e-03     7.3453e-03  1.4406e-04 
1.3357e-01     3.8229e-01  1.1163e-02     5.1063e-02  1.4911e-03     7.6493e-02  2.2790e-03     1.0217e-02  3.0442e-04 
1.4987e-01     4.1218e-01  1.6301e-02     6.1774e-02  2.4431e-03     9.2538e-02  3.7004e-03     1.3869e-02  5.5458e-04 
1.6816e-01     4.6217e-01  6.8356e-03     7.7718e-02  1.1495e-03     1.1642e-01  1.8544e-03     1.9577e-02  3.1183e-04 
1.8868e-01     5.0929e-01  4.2398e-03     9.6092e-02  7.9995e-04     1.4395e-01  1.4697e-03     2.7159e-02  2.7731e-04 
2.1170e-01     5.6600e-01  6.6131e-03     1.1982e-01  1.4000e-03     1.7949e-01  2.3503e-03     3.7998e-02  4.9757e-04 
2.3753e-01     6.3004e-01  1.4333e-02     1.4965e-01  3.4045e-03     2.2418e-01  5.2694e-03     5.3250e-02  1.2516e-03 
2.6651e-01     7.0058e-01  6.6427e-03     1.8672e-01  1.7704e-03     2.7970e-01  3.1253e-03     7.4544e-02  8.3292e-04 
2.9903e-01     7.8997e-01  5.8995e-03     2.3623e-01  1.7641e-03     3.5387e-01  3.3705e-03     1.0582e-01  1.0079e-03 
3.3552e-01     8.9023e-01  5.6346e-03     2.9869e-01  1.8905e-03     4.4744e-01  3.8752e-03     1.5013e-01  1.3002e-03 
3.7646e-01     1.0032e+00  5.0584e-03     3.7767e-01  1.9043e-03     5.6575e-01  4.3958e-03     2.1298e-01  1.6549e-03 
4.2240e-01     1.1422e+00  9.3729e-03     4.8245e-01  3.9591e-03     7.2272e-01  7.3093e-03     3.0527e-01  3.0874e-03 
4.7394e-01     1.3049e+00  6.0626e-03     6.1845e-01  2.8733e-03     9.2645e-01  6.9657e-03     4.3908e-01  3.3013e-03 
5.3176e-01     1.4967e+00  5.8633e-03     7.9588e-01  3.1179e-03     1.1922e+00  8.4551e-03     6.3398e-01  4.4961e-03 
5.9665e-01     1.6403e+00  1.3102e-02     9.7867e-01  7.8170e-03     1.4660e+00  1.4568e-02     8.7472e-01  8.6922e-03 
6.6945e-01     1.5192e+00  3.4914e-03     1.0170e+00  2.3373e-03     1.5235e+00  9.6629e-03     1.0199e+00  6.4688e-03 
7.5114e-01     1.1166e+00  4.8737e-03     8.3869e-01  3.6608e-03     1.2564e+00  9.2323e-03     9.4371e-01  6.9348e-03 
8.4279e-01     7.2842e-01  9.9639e-03     6.1391e-01  8.3974e-03     9.1964e-01  1.3704e-02     7.7506e-01  1.1550e-02 
9.4563e-01     4.4640e-01  3.6411e-03     4.2212e-01  3.4432e-03     6.3235e-01  6.3701e-03     5.9796e-01  6.0237e-03 
1.0610e+00     2.7646e-01  1.7829e-03     2.9333e-01  1.8917e-03     4.3940e-01  3.8442e-03     4.6621e-01  4.0787e-03 
1.1905e+00     1.8099e-01  1.7997e-03     2.1547e-01  2.1424e-03     3.2277e-01  3.7338e-03     3.8425e-01  4.4450e-03 
1.3357e+00     1.1787e-01  1.4746e-03     1.5744e-01  1.9697e-03     2.3584e-01  3.2634e-03     3.1503e-01  4.3591e-03 
1.4987e+00     7.8485e-02  1.5164e-03     1.1763e-01  2.2727e-03     1.7621e-01  3.5603e-03     2.6408e-01  5.3359e-03 
1.6816e+00     5.2913e-02  5.7494e-04     8.8977e-02  9.6681e-04     1.3329e-01  1.6488e-03     2.2414e-01  2.7725e-03 
1.8868e+00     3.4679e-02  4.8218e-04     6.5431e-02  9.0976e-04     9.8016e-02  1.4809e-03     1.8493e-01  2.7941e-03 
2.1170e+00     2.2080e-02  5.8805e-04     4.6744e-02  1.2449e-03     7.0023e-02  1.9103e-03     1.4824e-01  4.0440e-03 
2.3753e+00     1.3916e-02  1.5526e-04     3.3055e-02  3.6879e-04     4.9517e-02  6.2521e-04     1.1762e-01  1.4851e-03 
2.6651e+00     8.6585e-03  3.2394e-04     2.3076e-02  8.6335e-04     3.4568e-02  1.3093e-03     9.2128e-02  3.4896e-03 
2.9903e+00     4.2690e-03  2.4141e-04     1.2766e-02  7.2189e-04     1.9123e-02  1.0873e-03     5.7185e-02  3.2514e-03 
3.3552e+00     1.8842e-03  1.9748e-04     6.3219e-03  6.6260e-04     9.4703e-03  9.9416e-04     3.1775e-02  3.3356e-03 
3.7646e+00     6.9856e-04  8.0149e-05     2.6298e-03  3.0173e-04     3.9394e-03  4.5259e-04     1.4830e-02  1.7038e-03 
4.2240e+00     3.0099e-04  5.4783e-05     1.2714e-03  2.3140e-04     1.9045e-03  3.4682e-04     8.0445e-03  1.4650e-03 
4.7394e+00     6.6145e-05  8.7953e-06     3.1348e-04  4.1684e-05     4.6960e-04  6.2504e-05     2.2256e-03  2.9623e-04 
5.3176e+00     2.1288e-05  6.5626e-06     1.1320e-04  3.4897e-05     1.6958e-04  5.2286e-05     9.0176e-04  2.7804e-04 
5.9665e+00     5.8379e-06  1.9893e-06     3.4832e-05  1.1869e-05     5.2178e-05  1.7783e-05     3.1132e-04  1.0610e-04 
6.6945e+00     3.9023e-06  2.3967e-06     2.6124e-05  1.6045e-05     3.9134e-05  2.4036e-05     2.6198e-04  1.6091e-04 
7.5114e+00     0.0000e+00  0.0000e+00     0.0000e+00  0.0000e+00     0.0000e+00  0.0000e+00     0.0000e+00  0.0000e+00 
8.4279e+00     0.0000e+00  0.0000e+00     0.0000e+00  0.0000e+00     0.0000e+00  0.0000e+00     0.0000e+00  0.0000e+00 
9.4563e+00     0.0000e+00  0.0000e+00     0.0000e+00  0.0000e+00     0.0000e+00  0.0000e+00     0.0000e+00  0.0000e+00 
1.0610e+01     0.0000e+00  0.0000e+00     0.0000e+00  0.0000e+00     0.0000e+00  0.0000e+00     0.0000e+00  0.0000e+00 
1.1905e+01     0.0000e+00  0.0000e+00     0.0000e+00  0.0000e+00     0.0000e+00  0.0000e+00     0.0000e+00  0.0000e+00 
1.3357e+01     6.5192e-07  2.6323e-06     8.7079e-06  3.5160e-05     1.3045e-05  5.2670e-05     1.7424e-04  7.0353e-04 
1.4987e+01     0.0000e+00  0.0000e+00     0.0000e+00  0.0000e+00     0.0000e+00  0.0000e+00     0.0000e+00  0.0000e+00 
1.6816e+01     5.1784e-07  3.6793e-07     8.7079e-06  6.1870e-06     1.3045e-05  9.2685e-06     2.1935e-04  1.5586e-04 
1.8868e+01     4.6152e-07  2.3148e-06     8.7079e-06  4.3676e-05     1.3045e-05  6.5427e-05     2.4612e-04  1.2345e-03 
2.1170e+01     8.2267e-07  1.1680e-06     1.7416e-05  2.4726e-05     2.6089e-05  3.7040e-05     5.5230e-04  7.8414e-04 
2.3753e+01     7.3320e-07  4.2758e-07     1.7416e-05  1.0156e-05     2.6089e-05  1.5215e-05     6.1969e-04  3.6141e-04 
2.6651e+01     0.0000e+00  0.0000e+00     0.0000e+00  0.0000e+00     0.0000e+00  0.0000e+00     0.0000e+00  0.0000e+00 
2.9903e+01     0.0000e+00  0.0000e+00     0.0000e+00  0.0000e+00     0.0000e+00  0.0000e+00     0.0000e+00  0.0000e+00 
3.3552e+01     2.5953e-07  2.3082e-07     8.7079e-06  7.7446e-06     1.3045e-05  1.1602e-05     4.3767e-04  3.8926e-04 
3.7646e+01     0.0000e+00  0.0000e+00     0.0000e+00  0.0000e+00     0.0000e+00  0.0000e+00     0.0000e+00  0.0000e+00 
4.2240e+01     0.0000e+00  0.0000e+00     0.0000e+00  0.0000e+00     0.0000e+00  0.0000e+00     0.0000e+00  0.0000e+00 
4.7394e+01     0.0000e+00  0.0000e+00     0.0000e+00  0.0000e+00     0.0000e+00  0.0000e+00     0.0000e+00  0.0000e+00 
5.3176e+01     3.2751e-07  1.1555e-07     1.7416e-05  6.1448e-06     2.6089e-05  9.2062e-06     1.3873e-03  4.8956e-04 
5.9665e+01     1.4595e-07  2.3911e-07     8.7079e-06  1.4267e-05     1.3045e-05  2.1372e-05     7.7830e-04  1.2751e-03 
6.6945e+01     2.6015e-07  1.1668e-07     1.7416e-05  7.8112e-06     2.6089e-05  1.1702e-05     1.7465e-03  7.8340e-04 
7.5114e+01     0.0000e+00  0.0000e+00     0.0000e+00  0.0000e+00     0.0000e+00  0.0000e+00     0.0000e+00  0.0000e+00 
8.4279e+01     0.0000e+00  0.0000e+00     0.0000e+00  0.0000e+00     0.0000e+00  0.0000e+00     0.0000e+00  0.0000e+00 
9.4563e+01     9.2086e-08  1.5950e-08     8.7079e-06  1.5083e-06     1.3045e-05  2.2607e-06     1.2335e-03  2.1378e-04 
1.0610e+02     2.4622e-07  5.2997e-07     2.6124e-05  5.6230e-05     3.9134e-05  8.4234e-05     4.1521e-03  8.9373e-03 
1.1905e+02     7.3147e-08  2.0687e-08     8.7079e-06  2.4627e-06     1.3045e-05  3.6900e-06     1.5529e-03  4.3928e-04 
1.3357e+02     0.0000e+00  0.0000e+00     0.0000e+00  0.0000e+00     0.0000e+00  0.0000e+00     0.0000e+00  0.0000e+00 
1.4987e+02     5.8103e-08  3.8877e-08     8.7079e-06  5.8266e-06     1.3045e-05  8.7287e-06     1.9550e-03  1.3082e-03 
1.6816e+02     0.0000e+00  0.0000e+00     0.0000e+00  0.0000e+00     0.0000e+00  0.0000e+00     0.0000e+00  0.0000e+00 
1.8868e+02     0.0000e+00  0.0000e+00     0.0000e+00  0.0000e+00     0.0000e+00  0.0000e+00     0.0000e+00  0.0000e+00 
2.1170e+02     0.0000e+00  0.0000e+00     0.0000e+00  0.0000e+00     0.0000e+00  0.0000e+00     0.0000e+00  0.0000e+00 
2.3753e+02     7.3320e-08  7.3227e-08     1.7416e-05  1.7394e-05     2.6089e-05  2.6056e-05     6.1969e-03  6.1892e-03 
2.6651e+02     3.2673e-08  3.2203e-08     8.7079e-06  8.5824e-06     1.3045e-05  1.2857e-05     3.4765e-03  3.4265e-03 
2.9903e+02     8.7361e-08  3.4061e-07     2.6124e-05  1.0185e-04     3.9134e-05  1.5258e-04     1.1702e-02  4.5626e-02 
3.3552e+02     2.5953e-08  1.6067e-08     8.7079e-06  5.3907e-06     1.3045e-05  8.0756e-06     4.3767e-03  2.7095e-03 
3.7646e+02     4.6262e-08  2.9107e-08     1.7416e-05  1.0958e-05     2.6089e-05  1.6416e-05     9.8215e-03  6.1798e-03 
4.2240e+02     2.0616e-08  8.7456e-09     8.7079e-06  3.6941e-06     1.3045e-05  5.5343e-06     5.5099e-03  2.3377e-03 
4.7394e+02     1.8374e-08  9.0037e-09     8.7079e-06  4.2672e-06     1.3045e-05  6.3927e-06     6.1823e-03  3.0297e-03 
5.3176e+02     0.0000e+00  0.0000e+00     0.0000e+00  0.0000e+00     0.0000e+00  0.0000e+00     0.0000e+00  0.0000e+00 
5.9665e+02     0.0000e+00  0.0000e+00     0.0000e+00  0.0000e+00     0.0000e+00  0.0000e+00     0.0000e+00  0.0000e+00 
6.6945e+02     0.0000e+00  0.0000e+00     0.0000e+00  0.0000e+00     0.0000e+00  0.0000e+00     0.0000e+00  0.0000e+00 
7.5114e+02     0.0000e+00  0.0000e+00     0.0000e+00  0.0000e+00     0.0000e+00  0.0000e+00     0.0000e+00  0.0000e+00 
8.4279e+02     0.0000e+00  0.0000e+00     0.0000e+00  0.0000e+00     0.0000e+00  0.0000e+00     0.0000e+00  0.0000e+00 
9.4563e+02     0.0000e+00  0.0000e+00     0.0000e+00  0.0000e+00     0.0000e+00  0.0000e+00     0.0000e+00  0.0000e+00 
1.0610e+03     0.0000e+00  0.0000e+00     0.0000e+00  0.0000e+00     0.0000e+00  0.0000e+00     0.0000e+00  0.0000e+00 
1.1905e+03     0.0000e+00  0.0000e+00     0.0000e+00  0.0000e+00     0.0000e+00  0.0000e+00     0.0000e+00  0.0000e+00 
1.3357e+03     0.0000e+00  0.0000e+00     0.0000e+00  0.0000e+00     0.0000e+00  0.0000e+00     0.0000e+00  0.0000e+00 
1.4987e+03     0.0000e+00  0.0000e+00     0.0000e+00  0.0000e+00     0.0000e+00  0.0000e+00     0.0000e+00  0.0000e+00 
1.6816e+03     0.0000e+00  0.0000e+00     0.0000e+00  0.0000e+00     0.0000e+00  0.0000e+00     0.0000e+00  0.0000e+00 
1.8868e+03     0.0000e+00  0.0000e+00     0.0000e+00  0.0000e+00     0.0000e+00  0.0000e+00     0.0000e+00  0.0000e+00 
2.1170e+03     0.0000e+00  0.0000e+00     0.0000e+00  0.0000e+00     0.0000e+00  0.0000e+00     0.0000e+00  0.0000e+00 
2.3753e+03     0.0000e+00  0.0000e+00     0.0000e+00  0.0000e+00     0.0000e+00  0.0000e+00     0.0000e+00  0.0000e+00 
2.6651e+03     0.0000e+00  0.0000e+00     0.0000e+00  0.0000e+00     0.0000e+00  0.0000e+00     0.0000e+00  0.0000e+00 
2.9903e+03     0.0000e+00  0.0000e+00     0.0000e+00  0.0000e+00     0.0000e+00  0.0000e+00     0.0000e+00  0.0000e+00 
3.3552e+03     0.0000e+00  0.0000e+00     0.0000e+00  0.0000e+00     0.0000e+00  0.0000e+00     0.0000e+00  0.0000e+00 
3.7646e+03     0.0000e+00  0.0000e+00     0.0000e+00  0.0000e+00     0.0000e+00  0.0000e+00     0.0000e+00  0.0000e+00 
4.2240e+03     0.0000e+00  0.0000e+00     0.0000e+00  0.0000e+00     0.0000e+00  0.0000e+00     0.0000e+00  0.0000e+00 
4.7394e+03     0.0000e+00  0.0000e+00     0.0000e+00  0.0000e+00     0.0000e+00  0.0000e+00     0.0000e+00  0.0000e+00 
5.3176e+03     0.0000e+00  0.0000e+00     0.0000e+00  0.0000e+00     0.0000e+00  0.0000e+00     0.0000e+00  0.0000e+00 
5.9665e+03     0.0000e+00  0.0000e+00     0.0000e+00  0.0000e+00     0.0000e+00  0.0000e+00     0.0000e+00  0.0000e+00 
6.6945e+03     0.0000e+00  0.0000e+00     0.0000e+00  0.0000e+00     0.0000e+00  0.0000e+00     0.0000e+00  0.0000e+00 
7.5114e+03     0.0000e+00  0.0000e+00     0.0000e+00  0.0000e+00     0.0000e+00  0.0000e+00     0.0000e+00  0.0000e+00 
8.4279e+03     0.0000e+00  0.0000e+00     0.0000e+00  0.0000e+00     0.0000e+00  0.0000e+00     0.0000e+00  0.0000e+00 
9.4563e+03     0.0000e+00  0.0000e+00     0.0000e+00  0.0000e+00     0.0000e+00  0.0000e+00     0.0000e+00  0.0000e+00 
