yF = 4.5572e-01 (std: 1.6226e-03) keV/um
yD = 4.3956e+00 (std: 1.2422e+00) keV/um
y (keV/um)     f(y)(std)                  yf(y)(std)                 d(y)(std)                  yd(y)(std)  
1.0610e-03     0.0000e+00  0.0000e+00     0.0000e+00  0.0000e+00     0.0000e+00  0.0000e+00     0.0000e+00  0.0000e+00 
1.1905e-03     0.0000e+00  0.0000e+00     0.0000e+00  0.0000e+00     0.0000e+00  0.0000e+00     0.0000e+00  0.0000e+00 
1.3357e-03     0.0000e+00  0.0000e+00     0.0000e+00  0.0000e+00     0.0000e+00  0.0000e+00     0.0000e+00  0.0000e+00 
1.4987e-03     1.1036e-01  2.9548e-02     1.6541e-04  4.4285e-05     3.6295e-04  9.7183e-05     5.4396e-07  1.4565e-07 
1.6816e-03     4.1416e-02  2.0239e-02     6.9644e-05  3.4034e-05     1.5282e-04  7.4683e-05     2.5698e-07  1.2559e-07 
1.8868e-03     3.6912e-02  2.9072e-02     6.9644e-05  5.4851e-05     1.5282e-04  1.2036e-04     2.8834e-07  2.2710e-07 
2.1170e-03     1.6449e-02  1.2798e-02     3.4822e-05  2.7093e-05     7.6411e-05  5.9451e-05     1.6176e-07  1.2586e-07 
2.3753e-03     1.8325e-02  1.0224e-02     4.3528e-05  2.4286e-05     9.5514e-05  5.3292e-05     2.2687e-07  1.2658e-07 
2.6651e-03     1.3066e-02  1.2158e-02     3.4822e-05  3.2404e-05     7.6411e-05  7.1104e-05     2.0365e-07  1.8950e-07 
2.9903e-03     4.6580e-02  1.7115e-02     1.3929e-04  5.1180e-05     3.0564e-04  1.1231e-04     9.1397e-07  3.3584e-07 
3.3552e-03     4.6704e-02  1.9014e-02     1.5670e-04  6.3795e-05     3.4385e-04  1.3999e-04     1.1537e-06  4.6970e-07 
3.7646e-03     4.8562e-02  3.0190e-02     1.8282e-04  1.1365e-04     4.0116e-04  2.4940e-04     1.5102e-06  9.3888e-07 
4.2240e-03     4.7403e-02  1.4236e-02     2.0023e-04  6.0133e-05     4.3936e-04  1.3196e-04     1.8558e-06  5.5739e-07 
4.7394e-03     4.9595e-02  1.2912e-02     2.3505e-04  6.1192e-05     5.1577e-04  1.3429e-04     2.4444e-06  6.3644e-07 
5.3176e-03     5.2387e-02  1.7007e-02     2.7858e-04  9.0436e-05     6.1129e-04  1.9846e-04     3.2506e-06  1.0553e-06 
5.9665e-03     6.8576e-02  1.7246e-02     4.0916e-04  1.0290e-04     8.9783e-04  2.2581e-04     5.3569e-06  1.3473e-06 
6.6945e-03     5.5917e-02  1.3406e-02     3.7434e-04  8.9746e-05     8.2142e-04  1.9695e-04     5.4990e-06  1.3185e-06 
7.5114e-03     7.5334e-02  9.5521e-03     5.6586e-04  7.1750e-05     1.2417e-03  1.5750e-04     9.3267e-06  1.1831e-06 
8.4279e-03     7.3339e-02  1.6969e-02     6.1809e-04  1.4302e-04     1.3563e-03  3.1386e-04     1.1431e-05  2.6452e-06 
9.4563e-03     7.0887e-02  1.4518e-02     6.7033e-04  1.3729e-04     1.4709e-03  3.0130e-04     1.3909e-05  2.8492e-06 
1.0610e-02     8.8614e-02  1.1422e-02     9.4020e-04  1.2118e-04     2.0631e-03  2.6602e-04     2.1890e-05  2.8225e-06 
1.1905e-02     9.7990e-02  7.9366e-03     1.1665e-03  9.4483e-05     2.5598e-03  2.0752e-04     3.0473e-05  2.4705e-06 
1.3357e-02     9.7762e-02  1.1267e-02     1.3058e-03  1.5050e-04     2.8654e-03  3.3041e-04     3.8274e-05  4.4133e-06 
1.4987e-02     1.2140e-01  1.2648e-02     1.8195e-03  1.8956e-04     3.9925e-03  4.1619e-04     5.9836e-05  6.2375e-06 
1.6816e-02     1.2425e-01  2.0678e-02     2.0893e-03  3.4772e-04     4.5847e-03  7.6318e-04     7.7095e-05  1.2834e-05 
1.8868e-02     1.4027e-01  1.6140e-02     2.6465e-03  3.0453e-04     5.8072e-03  6.6855e-04     1.0957e-04  1.2614e-05 
2.1170e-02     1.5544e-01  1.1712e-02     3.2907e-03  2.4794e-04     7.2208e-03  5.4466e-04     1.5286e-04  1.1530e-05 
2.3753e-02     1.7775e-01  1.2932e-02     4.2222e-03  3.0718e-04     9.2648e-03  6.7486e-04     2.2007e-04  1.6030e-05 
2.6651e-02     1.9435e-01  8.3041e-03     5.1798e-03  2.2132e-04     1.1366e-02  4.8732e-04     3.0292e-04  1.2988e-05 
2.9903e-02     2.3144e-01  2.3085e-02     6.9209e-03  6.9032e-04     1.5187e-02  1.5157e-03     4.5413e-04  4.5325e-05 
3.3552e-02     2.6362e-01  9.5456e-03     8.8448e-03  3.2027e-04     1.9408e-02  7.0617e-04     6.5119e-04  2.3693e-05 
3.7646e-02     2.8212e-01  1.1191e-02     1.0621e-02  4.2128e-04     2.3305e-02  9.2815e-04     8.7735e-04  3.4941e-05 
4.2240e-02     2.9905e-01  1.2107e-02     1.2632e-02  5.1139e-04     2.7718e-02  1.1265e-03     1.1708e-03  4.7582e-05 
4.7394e-02     3.4074e-01  2.6074e-02     1.6149e-02  1.2357e-03     3.5436e-02  2.7145e-03     1.6794e-03  1.2865e-04 
5.3176e-02     3.8603e-01  1.3147e-02     2.0528e-02  6.9913e-04     4.5044e-02  1.5425e-03     2.3953e-03  8.2023e-05 
5.9665e-02     4.0606e-01  1.0430e-02     2.4228e-02  6.2229e-04     5.3163e-02  1.3786e-03     3.1720e-03  8.2252e-05 
6.6945e-02     4.4773e-01  1.7589e-02     2.9973e-02  1.1775e-03     6.5771e-02  2.5944e-03     4.4030e-03  1.7368e-04 
7.5114e-02     4.8689e-01  1.5475e-02     3.6572e-02  1.1624e-03     8.0250e-02  2.5666e-03     6.0279e-03  1.9278e-04 
8.4279e-02     5.5541e-01  9.2686e-03     4.6810e-02  7.8115e-04     1.0272e-01  1.7527e-03     8.6567e-03  1.4771e-04 
9.4563e-02     6.1322e-01  1.2698e-02     5.7988e-02  1.2008e-03     1.2724e-01  2.6736e-03     1.2032e-02  2.5282e-04 
1.0610e-01     6.7371e-01  1.0454e-02     7.1481e-02  1.1092e-03     1.5685e-01  2.4971e-03     1.6642e-02  2.6495e-04 
1.1905e-01     7.2695e-01  1.0635e-02     8.6542e-02  1.2661e-03     1.8990e-01  2.8594e-03     2.2607e-02  3.4040e-04 
1.3357e-01     8.1527e-01  1.0363e-02     1.0890e-01  1.3842e-03     2.3896e-01  3.1543e-03     3.1918e-02  4.2133e-04 
1.4987e-01     8.9616e-01  1.1028e-02     1.3431e-01  1.6527e-03     2.9472e-01  3.7754e-03     4.4170e-02  5.6582e-04 
1.6816e-01     1.0071e+00  2.1099e-02     1.6935e-01  3.5479e-03     3.7160e-01  7.8969e-03     6.2489e-02  1.3279e-03 
1.8868e-01     1.1298e+00  1.0263e-02     2.1316e-01  1.9363e-03     4.6775e-01  4.5636e-03     8.8254e-02  8.6105e-04 
2.1170e-01     1.2810e+00  7.9312e-03     2.7120e-01  1.6790e-03     5.9509e-01  4.2501e-03     1.2598e-01  8.9975e-04 
2.3753e-01     1.4317e+00  1.2856e-02     3.4007e-01  3.0536e-03     7.4621e-01  7.2082e-03     1.7725e-01  1.7122e-03 
2.6651e-01     1.6274e+00  2.8521e-02     4.3372e-01  7.6013e-03     9.5172e-01  1.7020e-02     2.5365e-01  4.5361e-03 
2.9903e-01     1.8546e+00  1.1459e-02     5.5459e-01  3.4266e-03     1.2169e+00  8.6782e-03     3.6390e-01  2.5951e-03 
3.3552e-01     2.1345e+00  5.6720e-03     7.1617e-01  1.9031e-03     1.5715e+00  6.9819e-03     5.2727e-01  2.3426e-03 
3.7646e-01     2.3996e+00  5.7726e-03     9.0337e-01  2.1732e-03     1.9823e+00  8.5179e-03     7.4625e-01  3.2066e-03 
4.2240e-01     2.3674e+00  1.9496e-02     9.9998e-01  8.2351e-03     2.1943e+00  1.9687e-02     9.2685e-01  8.3157e-03 
4.7394e-01     1.9463e+00  7.9526e-03     9.2241e-01  3.7690e-03     2.0240e+00  1.0970e-02     9.5927e-01  5.1990e-03 
5.3176e-01     1.3189e+00  7.2999e-03     7.0135e-01  3.8818e-03     1.5390e+00  1.0128e-02     8.1837e-01  5.3858e-03 
5.9665e-01     8.2016e-01  4.7583e-03     4.8935e-01  2.8391e-03     1.0738e+00  7.3094e-03     6.4067e-01  4.3612e-03 
6.6945e-01     5.0704e-01  5.5511e-03     3.3944e-01  3.7162e-03     7.4483e-01  8.5749e-03     4.9863e-01  5.7405e-03 
7.5114e-01     3.1889e-01  2.3493e-03     2.3953e-01  1.7647e-03     5.2561e-01  4.3007e-03     3.9481e-01  3.2305e-03 
8.4279e-01     2.0822e-01  1.6817e-03     1.7549e-01  1.4173e-03     3.8507e-01  3.3989e-03     3.2454e-01  2.8645e-03 
9.4563e-01     1.3980e-01  2.4059e-03     1.3219e-01  2.2751e-03     2.9007e-01  5.0979e-03     2.7430e-01  4.8207e-03 
1.0610e+00     9.1502e-02  3.5476e-03     9.7084e-02  3.7640e-03     2.1303e-01  8.2942e-03     2.2603e-01  8.8003e-03 
1.1905e+00     6.5785e-02  1.1597e-03     7.8315e-02  1.3806e-03     1.7185e-01  3.0907e-03     2.0458e-01  3.6794e-03 
1.3357e+00     4.5459e-02  1.2769e-03     6.0721e-02  1.7057e-03     1.3324e-01  3.7727e-03     1.7797e-01  5.0393e-03 
1.4987e+00     3.1117e-02  7.6665e-04     4.6636e-02  1.1490e-03     1.0233e-01  2.5474e-03     1.5337e-01  3.8179e-03 
1.6816e+00     2.1604e-02  5.6296e-04     3.6328e-02  9.4667e-04     7.9716e-02  2.0966e-03     1.3405e-01  3.5256e-03 
1.8868e+00     1.4571e-02  4.8520e-04     2.7492e-02  9.1546e-04     6.0326e-02  2.0203e-03     1.1382e-01  3.8118e-03 
2.1170e+00     9.1456e-03  2.4749e-04     1.9361e-02  5.2394e-04     4.2484e-02  1.1596e-03     8.9939e-02  2.4549e-03 
2.3753e+00     5.5635e-03  4.2552e-04     1.3215e-02  1.0107e-03     2.8998e-02  2.2203e-03     6.8879e-02  5.2738e-03 
2.6651e+00     2.9659e-03  2.7275e-04     7.9046e-03  7.2693e-04     1.7345e-02  1.5963e-03     4.6227e-02  4.2544e-03 
2.9903e+00     1.4614e-03  1.7063e-04     4.3702e-03  5.1023e-04     9.5896e-03  1.1201e-03     2.8676e-02  3.3495e-03 
3.3552e+00     5.3969e-04  8.3464e-05     1.8108e-03  2.8004e-04     3.9734e-03  6.1465e-04     1.3331e-02  2.0623e-03 
3.7646e+00     2.3819e-04  5.9165e-05     8.9667e-04  2.2273e-04     1.9676e-03  4.8879e-04     7.4072e-03  1.8401e-03 
4.2240e+00     5.7708e-05  2.6042e-05     2.4376e-04  1.1000e-04     5.3488e-04  2.4138e-04     2.2593e-03  1.0196e-03 
4.7394e+00     1.8369e-05  1.9762e-05     8.7056e-05  9.3658e-05     1.9103e-04  2.0552e-04     9.0535e-04  9.7401e-04 
5.3176e+00     8.1855e-06  4.1168e-06     4.3528e-05  2.1892e-05     9.5514e-05  4.8039e-05     5.0791e-04  2.5545e-04 
5.9665e+00     4.3772e-06  9.6367e-06     2.6117e-05  5.7497e-05     5.7308e-05  1.2617e-04     3.4193e-04  7.5277e-04 
6.6945e+00     1.3004e-06  2.9076e-07     8.7056e-06  1.9465e-06     1.9103e-05  4.2718e-06     1.2788e-04  2.8598e-05 
7.5114e+00     0.0000e+00  0.0000e+00     0.0000e+00  0.0000e+00     0.0000e+00  0.0000e+00     0.0000e+00  0.0000e+00 
8.4279e+00     2.0659e-06  1.1004e-06     1.7411e-05  9.2738e-06     3.8205e-05  2.0350e-05     3.2199e-04  1.7151e-04 
9.4563e+00     0.0000e+00  0.0000e+00     0.0000e+00  0.0000e+00     0.0000e+00  0.0000e+00     0.0000e+00  0.0000e+00 
1.0610e+01     0.0000e+00  0.0000e+00     0.0000e+00  0.0000e+00     0.0000e+00  0.0000e+00     0.0000e+00  0.0000e+00 
1.1905e+01     0.0000e+00  0.0000e+00     0.0000e+00  0.0000e+00     0.0000e+00  0.0000e+00     0.0000e+00  0.0000e+00 
1.3357e+01     0.0000e+00  0.0000e+00     0.0000e+00  0.0000e+00     0.0000e+00  0.0000e+00     0.0000e+00  0.0000e+00 
1.4987e+01     0.0000e+00  0.0000e+00     0.0000e+00  0.0000e+00     0.0000e+00  0.0000e+00     0.0000e+00  0.0000e+00 
1.6816e+01     0.0000e+00  0.0000e+00     0.0000e+00  0.0000e+00     0.0000e+00  0.0000e+00     0.0000e+00  0.0000e+00 
1.8868e+01     4.6140e-07  4.4608e-07     8.7056e-06  8.4165e-06     1.9103e-05  1.8469e-05     3.6042e-04  3.4846e-04 
2.1170e+01     0.0000e+00  0.0000e+00     0.0000e+00  0.0000e+00     0.0000e+00  0.0000e+00     0.0000e+00  0.0000e+00 
2.3753e+01     3.6650e-07  1.8332e-07     8.7056e-06  4.3544e-06     1.9103e-05  9.5551e-06     4.5375e-04  2.2696e-04 
2.6651e+01     0.0000e+00  0.0000e+00     0.0000e+00  0.0000e+00     0.0000e+00  0.0000e+00     0.0000e+00  0.0000e+00 
2.9903e+01     0.0000e+00  0.0000e+00     0.0000e+00  0.0000e+00     0.0000e+00  0.0000e+00     0.0000e+00  0.0000e+00 
3.3552e+01     2.5946e-07  1.3491e-07     8.7056e-06  4.5264e-06     1.9103e-05  9.9327e-06     6.4094e-04  3.3326e-04 
3.7646e+01     0.0000e+00  0.0000e+00     0.0000e+00  0.0000e+00     0.0000e+00  0.0000e+00     0.0000e+00  0.0000e+00 
4.2240e+01     0.0000e+00  0.0000e+00     0.0000e+00  0.0000e+00     0.0000e+00  0.0000e+00     0.0000e+00  0.0000e+00 
4.7394e+01     0.0000e+00  0.0000e+00     0.0000e+00  0.0000e+00     0.0000e+00  0.0000e+00     0.0000e+00  0.0000e+00 
5.3176e+01     0.0000e+00  0.0000e+00     0.0000e+00  0.0000e+00     0.0000e+00  0.0000e+00     0.0000e+00  0.0000e+00 
5.9665e+01     0.0000e+00  0.0000e+00     0.0000e+00  0.0000e+00     0.0000e+00  0.0000e+00     0.0000e+00  0.0000e+00 
6.6945e+01     2.6008e-07  1.2150e-07     1.7411e-05  8.1340e-06     3.8205e-05  1.7849e-05     2.5577e-03  1.1949e-03 
7.5114e+01     0.0000e+00  0.0000e+00     0.0000e+00  0.0000e+00     0.0000e+00  0.0000e+00     0.0000e+00  0.0000e+00 
8.4279e+01     0.0000e+00  0.0000e+00     0.0000e+00  0.0000e+00     0.0000e+00  0.0000e+00     0.0000e+00  0.0000e+00 
9.4563e+01     0.0000e+00  0.0000e+00     0.0000e+00  0.0000e+00     0.0000e+00  0.0000e+00     0.0000e+00  0.0000e+00 
1.0610e+02     0.0000e+00  0.0000e+00     0.0000e+00  0.0000e+00     0.0000e+00  0.0000e+00     0.0000e+00  0.0000e+00 
1.1905e+02     0.0000e+00  0.0000e+00     0.0000e+00  0.0000e+00     0.0000e+00  0.0000e+00     0.0000e+00  0.0000e+00 
1.3357e+02     6.5174e-08  3.5133e-08     8.7056e-06  4.6928e-06     1.9103e-05  1.0298e-05     2.5516e-03  1.3755e-03 
1.4987e+02     5.8087e-08  5.0183e-08     8.7056e-06  7.5210e-06     1.9103e-05  1.6504e-05     2.8630e-03  2.4734e-03 
1.6816e+02     5.1770e-08  3.1162e-08     8.7056e-06  5.2401e-06     1.9103e-05  1.1499e-05     3.2123e-03  1.9336e-03 
1.8868e+02     9.2280e-08  6.8495e-08     1.7411e-05  1.2923e-05     3.8205e-05  2.8359e-05     7.2085e-03  5.3506e-03 
2.1170e+02     0.0000e+00  0.0000e+00     0.0000e+00  0.0000e+00     0.0000e+00  0.0000e+00     0.0000e+00  0.0000e+00 
2.3753e+02     3.6650e-08  5.1832e-09     8.7056e-06  1.2312e-06     1.9103e-05  2.7024e-06     4.5375e-03  6.4191e-04 
2.6651e+02     6.5329e-08  2.7512e-08     1.7411e-05  7.3323e-06     3.8205e-05  1.6090e-05     1.0182e-02  4.2882e-03 
2.9903e+02     2.9112e-08  5.0656e-08     8.7056e-06  1.5148e-05     1.9103e-05  3.3239e-05     5.7123e-03  9.9396e-03 
3.3552e+02     2.5946e-08  2.3075e-08     8.7056e-06  7.7423e-06     1.9103e-05  1.6989e-05     6.4094e-03  5.7002e-03 
3.7646e+02     2.3125e-08  1.6430e-08     8.7056e-06  6.1851e-06     1.9103e-05  1.3572e-05     7.1914e-03  5.1094e-03 
4.2240e+02     0.0000e+00  0.0000e+00     0.0000e+00  0.0000e+00     0.0000e+00  0.0000e+00     0.0000e+00  0.0000e+00 
4.7394e+02     3.6737e-08  2.9387e-08     1.7411e-05  1.3927e-05     3.8205e-05  3.0561e-05     1.8107e-02  1.4484e-02 
5.3176e+02     0.0000e+00  0.0000e+00     0.0000e+00  0.0000e+00     0.0000e+00  0.0000e+00     0.0000e+00  0.0000e+00 
5.9665e+02     0.0000e+00  0.0000e+00     0.0000e+00  0.0000e+00     0.0000e+00  0.0000e+00     0.0000e+00  0.0000e+00 
6.6945e+02     0.0000e+00  0.0000e+00     0.0000e+00  0.0000e+00     0.0000e+00  0.0000e+00     0.0000e+00  0.0000e+00 
7.5114e+02     1.1590e-08  7.6590e-09     8.7056e-06  5.7529e-06     1.9103e-05  1.2624e-05     1.4349e-02  9.4823e-03 
8.4279e+02     0.0000e+00  0.0000e+00     0.0000e+00  0.0000e+00     0.0000e+00  0.0000e+00     0.0000e+00  0.0000e+00 
9.4563e+02     0.0000e+00  0.0000e+00     0.0000e+00  0.0000e+00     0.0000e+00  0.0000e+00     0.0000e+00  0.0000e+00 
1.0610e+03     0.0000e+00  0.0000e+00     0.0000e+00  0.0000e+00     0.0000e+00  0.0000e+00     0.0000e+00  0.0000e+00 
1.1905e+03     0.0000e+00  0.0000e+00     0.0000e+00  0.0000e+00     0.0000e+00  0.0000e+00     0.0000e+00  0.0000e+00 
1.3357e+03     0.0000e+00  0.0000e+00     0.0000e+00  0.0000e+00     0.0000e+00  0.0000e+00     0.0000e+00  0.0000e+00 
1.4987e+03     0.0000e+00  0.0000e+00     0.0000e+00  0.0000e+00     0.0000e+00  0.0000e+00     0.0000e+00  0.0000e+00 
1.6816e+03     0.0000e+00  0.0000e+00     0.0000e+00  0.0000e+00     0.0000e+00  0.0000e+00     0.0000e+00  0.0000e+00 
1.8868e+03     0.0000e+00  0.0000e+00     0.0000e+00  0.0000e+00     0.0000e+00  0.0000e+00     0.0000e+00  0.0000e+00 
2.1170e+03     0.0000e+00  0.0000e+00     0.0000e+00  0.0000e+00     0.0000e+00  0.0000e+00     0.0000e+00  0.0000e+00 
2.3753e+03     0.0000e+00  0.0000e+00     0.0000e+00  0.0000e+00     0.0000e+00  0.0000e+00     0.0000e+00  0.0000e+00 
2.6651e+03     0.0000e+00  0.0000e+00     0.0000e+00  0.0000e+00     0.0000e+00  0.0000e+00     0.0000e+00  0.0000e+00 
2.9903e+03     0.0000e+00  0.0000e+00     0.0000e+00  0.0000e+00     0.0000e+00  0.0000e+00     0.0000e+00  0.0000e+00 
3.3552e+03     0.0000e+00  0.0000e+00     0.0000e+00  0.0000e+00     0.0000e+00  0.0000e+00     0.0000e+00  0.0000e+00 
3.7646e+03     0.0000e+00  0.0000e+00     0.0000e+00  0.0000e+00     0.0000e+00  0.0000e+00     0.0000e+00  0.0000e+00 
4.2240e+03     0.0000e+00  0.0000e+00     0.0000e+00  0.0000e+00     0.0000e+00  0.0000e+00     0.0000e+00  0.0000e+00 
4.7394e+03     0.0000e+00  0.0000e+00     0.0000e+00  0.0000e+00     0.0000e+00  0.0000e+00     0.0000e+00  0.0000e+00 
5.3176e+03     0.0000e+00  0.0000e+00     0.0000e+00  0.0000e+00     0.0000e+00  0.0000e+00     0.0000e+00  0.0000e+00 
5.9665e+03     0.0000e+00  0.0000e+00     0.0000e+00  0.0000e+00     0.0000e+00  0.0000e+00     0.0000e+00  0.0000e+00 
6.6945e+03     0.0000e+00  0.0000e+00     0.0000e+00  0.0000e+00     0.0000e+00  0.0000e+00     0.0000e+00  0.0000e+00 
7.5114e+03     0.0000e+00  0.0000e+00     0.0000e+00  0.0000e+00     0.0000e+00  0.0000e+00     0.0000e+00  0.0000e+00 
8.4279e+03     0.0000e+00  0.0000e+00     0.0000e+00  0.0000e+00     0.0000e+00  0.0000e+00     0.0000e+00  0.0000e+00 
9.4563e+03     0.0000e+00  0.0000e+00     0.0000e+00  0.0000e+00     0.0000e+00  0.0000e+00     0.0000e+00  0.0000e+00 
