yF = 4.3992e-01 (std: 1.3402e-03) keV/um
yD = 3.6310e+00 (std: 1.0509e+00) keV/um
y (keV/um)     f(y)(std)                  yf(y)(std)                 d(y)(std)                  yd(y)(std)  
1.0610e-03     0.0000e+00  0.0000e+00     0.0000e+00  0.0000e+00     0.0000e+00  0.0000e+00     0.0000e+00  0.0000e+00 
1.1905e-03     0.0000e+00  0.0000e+00     0.0000e+00  0.0000e+00     0.0000e+00  0.0000e+00     0.0000e+00  0.0000e+00 
1.3357e-03     6.5174e-03  5.5535e-03     8.7056e-06  7.4179e-06     1.9789e-05  1.6862e-05     2.6433e-08  2.2523e-08 
1.4987e-03     9.2939e-02  3.2793e-02     1.3929e-04  4.9147e-05     3.1663e-04  1.1172e-04     4.7453e-07  1.6744e-07 
1.6816e-03     9.3186e-02  3.3788e-02     1.5670e-04  5.6818e-05     3.5620e-04  1.2916e-04     5.9899e-07  2.1720e-07 
1.8868e-03     3.6912e-02  1.7385e-02     6.9644e-05  3.2802e-05     1.5831e-04  7.4566e-05     2.9870e-07  1.4069e-07 
2.1170e-03     3.7010e-02  2.6283e-02     7.8350e-05  5.5642e-05     1.7810e-04  1.2648e-04     3.7704e-07  2.6777e-07 
2.3753e-03     3.6650e-02  1.6012e-02     8.7056e-05  3.8032e-05     1.9789e-04  8.6456e-05     4.7005e-07  2.0536e-07 
2.6651e-03     2.6132e-02  1.2639e-02     6.9644e-05  3.3684e-05     1.5831e-04  7.6571e-05     4.2193e-07  2.0407e-07 
2.9903e-03     4.9491e-02  2.0747e-02     1.4799e-04  6.2041e-05     3.3642e-04  1.4103e-04     1.0060e-06  4.2173e-07 
3.3552e-03     5.1893e-02  3.2039e-02     1.7411e-04  1.0750e-04     3.9578e-04  2.4436e-04     1.3279e-06  8.1989e-07 
3.7646e-03     5.0874e-02  1.0646e-02     1.9152e-04  4.0077e-05     4.3536e-04  9.1112e-05     1.6390e-06  3.4300e-07 
4.2240e-03     5.9769e-02  1.4710e-02     2.5246e-04  6.2133e-05     5.7389e-04  1.4125e-04     2.4241e-06  5.9663e-07 
4.7394e-03     5.5106e-02  1.6204e-02     2.6117e-04  7.6795e-05     5.9367e-04  1.7458e-04     2.8136e-06  8.2739e-07 
5.3176e-03     4.7476e-02  1.6029e-02     2.5246e-04  8.5236e-05     5.7389e-04  1.9376e-04     3.0517e-06  1.0304e-06 
5.9665e-03     5.1068e-02  2.7833e-02     3.0469e-04  1.6607e-04     6.9262e-04  3.7750e-04     4.1325e-06  2.2524e-06 
6.6945e-03     5.0716e-02  1.1802e-02     3.3952e-04  7.9011e-05     7.7178e-04  1.7962e-04     5.1667e-06  1.2025e-06 
7.5114e-03     7.3016e-02  1.2919e-02     5.4845e-04  9.7039e-05     1.2467e-03  2.2062e-04     9.3646e-06  1.6572e-06 
8.4279e-03     7.1273e-02  9.4516e-03     6.0068e-04  7.9657e-05     1.3655e-03  1.8112e-04     1.1508e-05  1.5265e-06 
9.4563e-03     8.1935e-02  1.7499e-02     7.7479e-04  1.6548e-04     1.7612e-03  3.7620e-04     1.6655e-05  3.5574e-06 
1.0610e-02     9.8460e-02  2.0518e-02     1.0447e-03  2.1769e-04     2.3747e-03  4.9491e-04     2.5196e-05  5.2510e-06 
1.1905e-02     8.5558e-02  1.6117e-02     1.0185e-03  1.9187e-04     2.3153e-03  4.3621e-04     2.7563e-05  5.1929e-06 
1.3357e-02     1.1080e-01  8.8111e-03     1.4799e-03  1.1769e-04     3.3642e-03  2.6773e-04     4.4936e-05  3.5761e-06 
1.4987e-02     1.3302e-01  1.9966e-02     1.9936e-03  2.9923e-04     4.5317e-03  6.8033e-04     6.7918e-05  1.0196e-05 
1.6816e-02     1.5272e-01  1.3329e-02     2.5681e-03  2.2414e-04     5.8378e-03  5.0982e-04     9.8168e-05  8.5730e-06 
1.8868e-02     1.5918e-01  1.5370e-02     3.0034e-03  2.9000e-04     6.8273e-03  6.5955e-04     1.2881e-04  1.2444e-05 
2.1170e-02     1.7518e-01  2.0081e-02     3.7086e-03  4.2512e-04     8.4302e-03  9.6670e-04     1.7847e-04  2.0465e-05 
2.3753e-02     1.8838e-01  1.6561e-02     4.4747e-03  3.9337e-04     1.0172e-02  8.9474e-04     2.4161e-04  2.1253e-05 
2.6651e-02     2.1363e-01  1.3042e-02     5.6934e-03  3.4759e-04     1.2942e-02  7.9110e-04     3.4492e-04  2.1084e-05 
2.9903e-02     2.3639e-01  1.2729e-02     7.0689e-03  3.8064e-04     1.6069e-02  8.6665e-04     4.8051e-04  2.5916e-05 
3.3552e-02     2.6855e-01  2.1412e-02     9.0102e-03  7.1842e-04     2.0482e-02  1.6343e-03     6.8721e-04  5.4833e-05 
3.7646e-02     2.8097e-01  8.9998e-03     1.0577e-02  3.3881e-04     2.4044e-02  7.7364e-04     9.0515e-04  2.9124e-05 
4.2240e-02     3.4109e-01  9.1883e-03     1.4408e-02  3.8811e-04     3.2751e-02  8.8786e-04     1.3834e-03  3.7503e-05 
4.7394e-02     3.6388e-01  1.0941e-02     1.7246e-02  5.1855e-04     3.9202e-02  1.1848e-03     1.8579e-03  5.6151e-05 
5.3176e-02     4.2336e-01  1.4602e-02     2.2513e-02  7.7648e-04     5.1175e-02  1.7719e-03     2.7213e-03  9.4225e-05 
5.9665e-02     4.5363e-01  1.0099e-02     2.7066e-02  6.0257e-04     6.1524e-02  1.3825e-03     3.6709e-03  8.2487e-05 
6.6945e-02     4.7231e-01  7.9933e-03     3.1619e-02  5.3511e-04     7.1874e-02  1.2359e-03     4.8116e-03  8.2741e-05 
7.5114e-02     5.2143e-01  1.5356e-02     3.9166e-02  1.1535e-03     8.9031e-02  2.6360e-03     6.6875e-03  1.9800e-04 
8.4279e-02     5.8651e-01  1.1172e-02     4.9430e-02  9.4161e-04     1.1236e-01  2.1676e-03     9.4698e-03  1.8268e-04 
9.4563e-02     6.5152e-01  1.7460e-02     6.1609e-02  1.6511e-03     1.4005e-01  3.7773e-03     1.3243e-02  3.5719e-04 
1.0610e-01     7.0497e-01  8.6796e-03     7.4798e-02  9.2092e-04     1.7003e-01  2.1565e-03     1.8040e-02  2.2881e-04 
1.1905e-01     7.9452e-01  1.5091e-02     9.4586e-02  1.7966e-03     2.1501e-01  4.1361e-03     2.5596e-02  4.9239e-04 
1.3357e-01     8.6317e-01  1.2667e-02     1.1530e-01  1.6920e-03     2.6209e-01  3.9281e-03     3.5008e-02  5.2469e-04 
1.4987e-01     9.7348e-01  8.3010e-03     1.4590e-01  1.2441e-03     3.3165e-01  3.0031e-03     4.9704e-02  4.5007e-04 
1.6816e-01     1.0964e+00  1.3746e-02     1.8437e-01  2.3114e-03     4.1909e-01  5.4072e-03     7.0474e-02  9.0926e-04 
1.8868e-01     1.2229e+00  1.1724e-02     2.3073e-01  2.2121e-03     5.2449e-01  5.2763e-03     9.8960e-02  9.9552e-04 
2.1170e-01     1.3629e+00  1.3436e-02     2.8852e-01  2.8445e-03     6.5585e-01  6.7676e-03     1.3884e-01  1.4327e-03 
2.3753e-01     1.5382e+00  7.8713e-03     3.6538e-01  1.8697e-03     8.3057e-01  4.9463e-03     1.9729e-01  1.1749e-03 
2.6651e-01     1.7599e+00  2.1846e-02     4.6904e-01  5.8223e-03     1.0662e+00  1.3628e-02     2.8416e-01  3.6320e-03 
2.9903e-01     2.0101e+00  1.0512e-02     6.0108e-01  3.1435e-03     1.3664e+00  8.2697e-03     4.0859e-01  2.4729e-03 
3.3552e-01     2.3074e+00  1.7130e-02     7.7418e-01  5.7475e-03     1.7598e+00  1.4122e-02     5.9047e-01  4.7383e-03 
3.7646e-01     2.5160e+00  1.0758e-02     9.4716e-01  4.0499e-03     2.1531e+00  1.1304e-02     8.1054e-01  4.2554e-03 
4.2240e-01     2.3530e+00  1.0361e-02     9.9390e-01  4.3766e-03     2.2593e+00  1.2097e-02     9.5432e-01  5.1099e-03 
4.7394e-01     1.8147e+00  7.2975e-03     8.6005e-01  3.4586e-03     1.9550e+00  9.8631e-03     9.2656e-01  4.6745e-03 
5.3176e-01     1.1876e+00  1.3243e-02     6.3154e-01  7.0422e-03     1.4356e+00  1.6595e-02     7.6340e-01  8.8245e-03 
5.9665e-01     7.2714e-01  6.4890e-03     4.3385e-01  3.8717e-03     9.8621e-01  9.2996e-03     5.8842e-01  5.5486e-03 
6.6945e-01     4.4934e-01  2.6843e-03     3.0081e-01  1.7970e-03     6.8379e-01  4.5854e-03     4.5777e-01  3.0697e-03 
7.5114e-01     2.8836e-01  4.9685e-03     2.1659e-01  3.7320e-03     4.9235e-01  8.6150e-03     3.6983e-01  6.4710e-03 
8.4279e-01     1.8861e-01  1.2788e-03     1.5895e-01  1.0778e-03     3.6133e-01  2.6859e-03     3.0453e-01  2.2636e-03 
9.4563e-01     1.2696e-01  3.7363e-03     1.2006e-01  3.5332e-03     2.7291e-01  8.0744e-03     2.5807e-01  7.6354e-03 
1.0610e+00     8.5996e-02  1.6976e-03     9.1243e-02  1.8012e-03     2.0741e-01  4.1429e-03     2.2006e-01  4.3956e-03 
1.1905e+00     6.1807e-02  8.4311e-04     7.3579e-02  1.0037e-03     1.6726e-01  2.3378e-03     1.9912e-01  2.7831e-03 
1.3357e+00     4.3009e-02  5.0844e-04     5.7448e-02  6.7914e-04     1.3059e-01  1.5942e-03     1.7443e-01  2.1295e-03 
1.4987e+00     2.8660e-02  8.4446e-04     4.2953e-02  1.2656e-03     9.7640e-02  2.8923e-03     1.4633e-01  4.3347e-03 
1.6816e+00     2.0004e-02  6.3140e-04     3.3638e-02  1.0618e-03     7.6465e-02  2.4248e-03     1.2858e-01  4.0775e-03 
1.8868e+00     1.3358e-02  2.0119e-04     2.5203e-02  3.7959e-04     5.7290e-02  8.8034e-04     1.0809e-01  1.6610e-03 
2.1170e+00     8.6480e-03  2.4038e-04     1.8308e-02  5.0889e-04     4.1617e-02  1.1637e-03     8.8102e-02  2.4636e-03 
2.3753e+00     5.1457e-03  1.3217e-04     1.2223e-02  3.1395e-04     2.7784e-02  7.1866e-04     6.5995e-02  1.7070e-03 
2.6651e+00     2.7634e-03  2.1570e-04     7.3649e-03  5.7486e-04     1.6742e-02  1.3077e-03     4.4619e-02  3.4853e-03 
2.9903e+00     1.5022e-03  8.4101e-05     4.4921e-03  2.5149e-04     1.0211e-02  5.7252e-04     3.0535e-02  1.7120e-03 
3.3552e+00     5.2412e-04  3.9809e-05     1.7585e-03  1.3357e-04     3.9974e-03  3.0387e-04     1.3412e-02  1.0195e-03 
3.7646e+00     2.0581e-04  3.0996e-05     7.7479e-04  1.1669e-04     1.7612e-03  2.6531e-04     6.6303e-03  9.9877e-04 
4.2240e+00     5.3586e-05  1.1349e-05     2.2634e-04  4.7938e-05     5.1452e-04  1.0898e-04     2.1733e-03  4.6033e-04 
4.7394e+00     1.6532e-05  5.0617e-06     7.8350e-05  2.3989e-05     1.7810e-04  5.4535e-05     8.4409e-04  2.5846e-04 
5.3176e+00     4.9113e-06  3.5797e-06     2.6117e-05  1.9036e-05     5.9367e-05  4.3271e-05     3.1569e-04  2.3010e-04 
5.9665e+00     0.0000e+00  0.0000e+00     0.0000e+00  0.0000e+00     0.0000e+00  0.0000e+00     0.0000e+00  0.0000e+00 
6.6945e+00     0.0000e+00  0.0000e+00     0.0000e+00  0.0000e+00     0.0000e+00  0.0000e+00     0.0000e+00  0.0000e+00 
7.5114e+00     0.0000e+00  0.0000e+00     0.0000e+00  0.0000e+00     0.0000e+00  0.0000e+00     0.0000e+00  0.0000e+00 
8.4279e+00     2.0659e-06  1.5781e-06     1.7411e-05  1.3300e-05     3.9578e-05  3.0233e-05     3.3356e-04  2.5480e-04 
9.4563e+00     0.0000e+00  0.0000e+00     0.0000e+00  0.0000e+00     0.0000e+00  0.0000e+00     0.0000e+00  0.0000e+00 
1.0610e+01     0.0000e+00  0.0000e+00     0.0000e+00  0.0000e+00     0.0000e+00  0.0000e+00     0.0000e+00  0.0000e+00 
1.1905e+01     1.4625e-06  9.4945e-07     1.7411e-05  1.1303e-05     3.9578e-05  2.5694e-05     4.7117e-04  3.0588e-04 
1.3357e+01     0.0000e+00  0.0000e+00     0.0000e+00  0.0000e+00     0.0000e+00  0.0000e+00     0.0000e+00  0.0000e+00 
1.4987e+01     0.0000e+00  0.0000e+00     0.0000e+00  0.0000e+00     0.0000e+00  0.0000e+00     0.0000e+00  0.0000e+00 
1.6816e+01     0.0000e+00  0.0000e+00     0.0000e+00  0.0000e+00     0.0000e+00  0.0000e+00     0.0000e+00  0.0000e+00 
1.8868e+01     9.2280e-07  9.2129e-07     1.7411e-05  1.7383e-05     3.9578e-05  3.9514e-05     7.4675e-04  7.4554e-04 
2.1170e+01     0.0000e+00  0.0000e+00     0.0000e+00  0.0000e+00     0.0000e+00  0.0000e+00     0.0000e+00  0.0000e+00 
2.3753e+01     3.6650e-07  1.4798e-06     8.7056e-06  3.5149e-05     1.9789e-05  7.9900e-05     4.7005e-04  1.8979e-03 
2.6651e+01     0.0000e+00  0.0000e+00     0.0000e+00  0.0000e+00     0.0000e+00  0.0000e+00     0.0000e+00  0.0000e+00 
2.9903e+01     0.0000e+00  0.0000e+00     0.0000e+00  0.0000e+00     0.0000e+00  0.0000e+00     0.0000e+00  0.0000e+00 
3.3552e+01     2.5946e-07  7.3378e-08     8.7056e-06  2.4620e-06     1.9789e-05  5.5968e-06     6.6397e-04  1.8779e-04 
3.7646e+01     0.0000e+00  0.0000e+00     0.0000e+00  0.0000e+00     0.0000e+00  0.0000e+00     0.0000e+00  0.0000e+00 
4.2240e+01     0.0000e+00  0.0000e+00     0.0000e+00  0.0000e+00     0.0000e+00  0.0000e+00     0.0000e+00  0.0000e+00 
4.7394e+01     0.0000e+00  0.0000e+00     0.0000e+00  0.0000e+00     0.0000e+00  0.0000e+00     0.0000e+00  0.0000e+00 
5.3176e+01     1.6371e-07  1.2046e-07     8.7056e-06  6.4055e-06     1.9789e-05  1.4561e-05     1.0523e-03  7.7430e-04 
5.9665e+01     0.0000e+00  0.0000e+00     0.0000e+00  0.0000e+00     0.0000e+00  0.0000e+00     0.0000e+00  0.0000e+00 
6.6945e+01     2.6008e-07  1.9345e-07     1.7411e-05  1.2951e-05     3.9578e-05  2.9439e-05     2.6496e-03  1.9708e-03 
7.5114e+01     1.1590e-07  3.8433e-08     8.7056e-06  2.8868e-06     1.9789e-05  6.5625e-06     1.4864e-03  4.9293e-04 
8.4279e+01     0.0000e+00  0.0000e+00     0.0000e+00  0.0000e+00     0.0000e+00  0.0000e+00     0.0000e+00  0.0000e+00 
9.4563e+01     0.0000e+00  0.0000e+00     0.0000e+00  0.0000e+00     0.0000e+00  0.0000e+00     0.0000e+00  0.0000e+00 
1.0610e+02     0.0000e+00  0.0000e+00     0.0000e+00  0.0000e+00     0.0000e+00  0.0000e+00     0.0000e+00  0.0000e+00 
1.1905e+02     1.4625e-07  1.4098e-07     1.7411e-05  1.6783e-05     3.9578e-05  3.8151e-05     4.7117e-03  4.5418e-03 
1.3357e+02     6.5174e-08  1.3035e-07     8.7056e-06  1.7411e-05     1.9789e-05  3.9578e-05     2.6433e-03  5.2865e-03 
1.4987e+02     0.0000e+00  0.0000e+00     0.0000e+00  0.0000e+00     0.0000e+00  0.0000e+00     0.0000e+00  0.0000e+00 
1.6816e+02     1.5531e-07  6.6625e-08     2.6117e-05  1.1204e-05     5.9367e-05  2.5468e-05     9.9832e-03  4.2827e-03 
1.8868e+02     0.0000e+00  0.0000e+00     0.0000e+00  0.0000e+00     0.0000e+00  0.0000e+00     0.0000e+00  0.0000e+00 
2.1170e+02     0.0000e+00  0.0000e+00     0.0000e+00  0.0000e+00     0.0000e+00  0.0000e+00     0.0000e+00  0.0000e+00 
2.3753e+02     0.0000e+00  0.0000e+00     0.0000e+00  0.0000e+00     0.0000e+00  0.0000e+00     0.0000e+00  0.0000e+00 
2.6651e+02     0.0000e+00  0.0000e+00     0.0000e+00  0.0000e+00     0.0000e+00  0.0000e+00     0.0000e+00  0.0000e+00 
2.9903e+02     2.9112e-08  3.4062e-08     8.7056e-06  1.0186e-05     1.9789e-05  2.3154e-05     5.9176e-03  6.9237e-03 
3.3552e+02     5.1893e-08  2.4591e-08     1.7411e-05  8.2507e-06     3.9578e-05  1.8756e-05     1.3279e-02  6.2929e-03 
3.7646e+02     2.3125e-08  2.3258e-08     8.7056e-06  8.7557e-06     1.9789e-05  1.9903e-05     7.4498e-03  7.4927e-03 
4.2240e+02     0.0000e+00  0.0000e+00     0.0000e+00  0.0000e+00     0.0000e+00  0.0000e+00     0.0000e+00  0.0000e+00 
4.7394e+02     0.0000e+00  0.0000e+00     0.0000e+00  0.0000e+00     0.0000e+00  0.0000e+00     0.0000e+00  0.0000e+00 
5.3176e+02     0.0000e+00  0.0000e+00     0.0000e+00  0.0000e+00     0.0000e+00  0.0000e+00     0.0000e+00  0.0000e+00 
5.9665e+02     0.0000e+00  0.0000e+00     0.0000e+00  0.0000e+00     0.0000e+00  0.0000e+00     0.0000e+00  0.0000e+00 
6.6945e+02     0.0000e+00  0.0000e+00     0.0000e+00  0.0000e+00     0.0000e+00  0.0000e+00     0.0000e+00  0.0000e+00 
7.5114e+02     0.0000e+00  0.0000e+00     0.0000e+00  0.0000e+00     0.0000e+00  0.0000e+00     0.0000e+00  0.0000e+00 
8.4279e+02     1.0329e-08  5.9460e-09     8.7056e-06  5.0112e-06     1.9789e-05  1.1391e-05     1.6678e-02  9.6006e-03 
9.4563e+02     0.0000e+00  0.0000e+00     0.0000e+00  0.0000e+00     0.0000e+00  0.0000e+00     0.0000e+00  0.0000e+00 
1.0610e+03     0.0000e+00  0.0000e+00     0.0000e+00  0.0000e+00     0.0000e+00  0.0000e+00     0.0000e+00  0.0000e+00 
1.1905e+03     0.0000e+00  0.0000e+00     0.0000e+00  0.0000e+00     0.0000e+00  0.0000e+00     0.0000e+00  0.0000e+00 
1.3357e+03     0.0000e+00  0.0000e+00     0.0000e+00  0.0000e+00     0.0000e+00  0.0000e+00     0.0000e+00  0.0000e+00 
1.4987e+03     0.0000e+00  0.0000e+00     0.0000e+00  0.0000e+00     0.0000e+00  0.0000e+00     0.0000e+00  0.0000e+00 
1.6816e+03     0.0000e+00  0.0000e+00     0.0000e+00  0.0000e+00     0.0000e+00  0.0000e+00     0.0000e+00  0.0000e+00 
1.8868e+03     0.0000e+00  0.0000e+00     0.0000e+00  0.0000e+00     0.0000e+00  0.0000e+00     0.0000e+00  0.0000e+00 
2.1170e+03     0.0000e+00  0.0000e+00     0.0000e+00  0.0000e+00     0.0000e+00  0.0000e+00     0.0000e+00  0.0000e+00 
2.3753e+03     0.0000e+00  0.0000e+00     0.0000e+00  0.0000e+00     0.0000e+00  0.0000e+00     0.0000e+00  0.0000e+00 
2.6651e+03     0.0000e+00  0.0000e+00     0.0000e+00  0.0000e+00     0.0000e+00  0.0000e+00     0.0000e+00  0.0000e+00 
2.9903e+03     0.0000e+00  0.0000e+00     0.0000e+00  0.0000e+00     0.0000e+00  0.0000e+00     0.0000e+00  0.0000e+00 
3.3552e+03     0.0000e+00  0.0000e+00     0.0000e+00  0.0000e+00     0.0000e+00  0.0000e+00     0.0000e+00  0.0000e+00 
3.7646e+03     0.0000e+00  0.0000e+00     0.0000e+00  0.0000e+00     0.0000e+00  0.0000e+00     0.0000e+00  0.0000e+00 
4.2240e+03     0.0000e+00  0.0000e+00     0.0000e+00  0.0000e+00     0.0000e+00  0.0000e+00     0.0000e+00  0.0000e+00 
4.7394e+03     0.0000e+00  0.0000e+00     0.0000e+00  0.0000e+00     0.0000e+00  0.0000e+00     0.0000e+00  0.0000e+00 
5.3176e+03     0.0000e+00  0.0000e+00     0.0000e+00  0.0000e+00     0.0000e+00  0.0000e+00     0.0000e+00  0.0000e+00 
5.9665e+03     0.0000e+00  0.0000e+00     0.0000e+00  0.0000e+00     0.0000e+00  0.0000e+00     0.0000e+00  0.0000e+00 
6.6945e+03     0.0000e+00  0.0000e+00     0.0000e+00  0.0000e+00     0.0000e+00  0.0000e+00     0.0000e+00  0.0000e+00 
7.5114e+03     0.0000e+00  0.0000e+00     0.0000e+00  0.0000e+00     0.0000e+00  0.0000e+00     0.0000e+00  0.0000e+00 
8.4279e+03     0.0000e+00  0.0000e+00     0.0000e+00  0.0000e+00     0.0000e+00  0.0000e+00     0.0000e+00  0.0000e+00 
9.4563e+03     0.0000e+00  0.0000e+00     0.0000e+00  0.0000e+00     0.0000e+00  0.0000e+00     0.0000e+00  0.0000e+00 
