yF = 5.9320e-01 (std: 1.9813e-03) keV/um
yD = 4.1771e+00 (std: 7.9947e-01) keV/um
y (keV/um)     f(y)(std)                  yf(y)(std)                 d(y)(std)                  yd(y)(std)  
1.0610e-03     0.0000e+00  0.0000e+00     0.0000e+00  0.0000e+00     0.0000e+00  0.0000e+00     0.0000e+00  0.0000e+00 
1.1905e-03     0.0000e+00  0.0000e+00     0.0000e+00  0.0000e+00     0.0000e+00  0.0000e+00     0.0000e+00  0.0000e+00 
1.3357e-03     0.0000e+00  0.0000e+00     0.0000e+00  0.0000e+00     0.0000e+00  0.0000e+00     0.0000e+00  0.0000e+00 
1.4987e-03     2.9048e-02  1.6637e-02     4.3534e-05  2.4935e-05     7.3389e-05  4.2035e-05     1.0999e-07  6.2999e-08 
1.6816e-03     1.5533e-02  7.6768e-03     2.6120e-05  1.2909e-05     4.4033e-05  2.1763e-05     7.4046e-08  3.6596e-08 
1.8868e-03     2.7688e-02  1.6509e-02     5.2241e-05  3.1148e-05     8.8067e-05  5.2509e-05     1.6616e-07  9.9073e-08 
2.1170e-03     2.8790e-02  1.0200e-02     6.0948e-05  2.1594e-05     1.0274e-04  3.6404e-05     2.1751e-07  7.7067e-08 
2.3753e-03     1.4662e-02  9.4879e-03     3.4827e-05  2.2537e-05     5.8711e-05  3.7992e-05     1.3946e-07  9.0243e-08 
2.6651e-03     2.9402e-02  1.3797e-02     7.8361e-05  3.6772e-05     1.3210e-04  6.1990e-05     3.5207e-07  1.6521e-07 
2.9903e-03     3.4940e-02  1.3073e-02     1.0448e-04  3.9093e-05     1.7613e-04  6.5905e-05     5.2670e-07  1.9708e-07 
3.3552e-03     2.3355e-02  8.7872e-03     7.8361e-05  2.9483e-05     1.3210e-04  4.9703e-05     4.4322e-07  1.6677e-07 
3.7646e-03     2.5441e-02  7.5583e-03     9.5775e-05  2.8454e-05     1.6146e-04  4.7970e-05     6.0782e-07  1.8059e-07 
4.2240e-03     8.2452e-03  5.1576e-03     3.4827e-05  2.1785e-05     5.8711e-05  3.6726e-05     2.4799e-07  1.5513e-07 
4.7394e-03     2.9394e-02  8.8403e-03     1.3931e-04  4.1897e-05     2.3485e-04  7.0634e-05     1.1130e-06  3.3476e-07 
5.3176e-03     2.6198e-02  1.6523e-02     1.3931e-04  8.7861e-05     2.3485e-04  1.4812e-04     1.2488e-06  7.8763e-07 
5.9665e-03     2.1889e-02  4.8427e-03     1.3060e-04  2.8894e-05     2.2017e-04  4.8715e-05     1.3136e-06  2.9066e-07 
6.6945e-03     2.9914e-02  1.0382e-02     2.0026e-04  6.9504e-05     3.3759e-04  1.1717e-04     2.2600e-06  7.8442e-07 
7.5114e-03     3.4775e-02  9.5150e-03     2.6120e-04  7.1471e-05     4.4033e-04  1.2049e-04     3.3075e-06  9.0507e-07 
8.4279e-03     3.5125e-02  8.1734e-03     2.9603e-04  6.8884e-05     4.9905e-04  1.1614e-04     4.2059e-06  9.7878e-07 
9.4563e-03     3.5909e-02  8.8499e-03     3.3957e-04  8.3687e-05     5.7244e-04  1.4109e-04     5.4131e-06  1.3342e-06 
1.0610e-02     4.4313e-02  1.5582e-02     4.7017e-04  1.6532e-04     7.9260e-04  2.7871e-04     8.4096e-06  2.9572e-06 
1.1905e-02     4.4614e-02  2.1438e-02     5.3112e-04  2.5521e-04     8.9535e-04  4.3024e-04     1.0659e-05  5.1218e-06 
1.3357e-02     6.1273e-02  1.4719e-02     8.1844e-04  1.9661e-04     1.3797e-03  3.3147e-04     1.8429e-05  4.4276e-06 
1.4987e-02     6.4486e-02  8.0085e-03     9.6646e-04  1.2002e-04     1.6292e-03  2.0241e-04     2.4418e-05  3.0335e-06 
1.6816e-02     6.9900e-02  9.6225e-03     1.1754e-03  1.6181e-04     1.9815e-03  2.7286e-04     3.3321e-05  4.5884e-06 
1.8868e-02     8.8140e-02  9.2765e-03     1.6630e-03  1.7503e-04     2.8035e-03  2.9520e-04     5.2895e-05  5.5698e-06 
2.1170e-02     8.4724e-02  8.7621e-03     1.7936e-03  1.8549e-04     3.0236e-03  3.1286e-04     6.4010e-05  6.6233e-06 
2.3753e-02     9.5671e-02  6.6990e-03     2.2725e-03  1.5912e-04     3.8309e-03  2.6855e-04     9.0996e-05  6.3789e-06 
2.6651e-02     1.1434e-01  6.5750e-03     3.0474e-03  1.7523e-04     5.1372e-03  2.9590e-04     1.3691e-04  7.8862e-06 
2.9903e-02     1.3161e-01  1.3726e-02     3.9355e-03  4.1046e-04     6.6344e-03  6.9230e-04     1.9839e-04  2.0702e-05 
3.3552e-02     1.3520e-01  9.2431e-03     4.5363e-03  3.1013e-04     7.6471e-03  5.2343e-04     2.5658e-04  1.7562e-05 
3.7646e-02     1.6837e-01  1.0700e-02     6.3386e-03  4.0281e-04     1.0685e-02  6.7999e-04     4.0226e-04  2.5599e-05 
4.2240e-02     1.7995e-01  9.2645e-03     7.6011e-03  3.9133e-04     1.2814e-02  6.6108e-04     5.4125e-04  2.7924e-05 
4.7394e-02     2.0080e-01  9.1377e-03     9.5166e-03  4.3307e-04     1.6043e-02  7.3202e-04     7.6033e-04  3.4693e-05 
5.3176e-02     2.0745e-01  1.0934e-02     1.1032e-02  5.8144e-04     1.8597e-02  9.8215e-04     9.8891e-04  5.2227e-05 
5.9665e-02     2.3509e-01  1.2767e-02     1.4027e-02  7.6175e-04     2.3646e-02  1.2866e-03     1.4108e-03  7.6764e-05 
6.6945e-02     2.6779e-01  8.4357e-03     1.7927e-02  5.6473e-04     3.0222e-02  9.5735e-04     2.0232e-03  6.4090e-05 
7.5114e-02     2.9918e-01  1.2779e-02     2.2472e-02  9.5991e-04     3.7883e-02  1.6231e-03     2.8456e-03  1.2192e-04 
8.4279e-02     3.2336e-01  1.2632e-02     2.7252e-02  1.0646e-03     4.5942e-02  1.8013e-03     3.8719e-03  1.5181e-04 
9.4563e-02     3.5725e-01  1.4279e-02     3.3782e-02  1.3503e-03     5.6950e-02  2.2842e-03     5.3853e-03  2.1600e-04 
1.0610e-01     3.9710e-01  1.5702e-02     4.2132e-02  1.6660e-03     7.1026e-02  2.8186e-03     7.5359e-03  2.9905e-04 
1.1905e-01     4.3970e-01  1.8796e-02     5.2345e-02  2.2376e-03     8.8243e-02  3.7837e-03     1.0505e-02  4.5044e-04 
1.3357e-01     4.7402e-01  9.8315e-03     6.3316e-02  1.3132e-03     1.0674e-01  2.2423e-03     1.4257e-02  2.9952e-04 
1.4987e-01     5.3047e-01  7.6104e-03     7.9502e-02  1.1406e-03     1.3402e-01  1.9742e-03     2.0086e-02  2.9588e-04 
1.6816e-01     5.9461e-01  1.0526e-02     9.9989e-02  1.7700e-03     1.6856e-01  3.0365e-03     2.8345e-02  5.1062e-04 
1.8868e-01     6.5298e-01  6.7433e-03     1.2320e-01  1.2723e-03     2.0769e-01  2.2542e-03     3.9187e-02  4.2532e-04 
2.1170e-01     7.2982e-01  4.7306e-03     1.5450e-01  1.0015e-03     2.6046e-01  1.8992e-03     5.5139e-02  4.0206e-04 
2.3753e-01     8.0943e-01  1.2332e-02     1.9226e-01  2.9293e-03     3.2412e-01  5.0554e-03     7.6987e-02  1.2008e-03 
2.6651e-01     8.9076e-01  1.1853e-02     2.3740e-01  3.1589e-03     4.0021e-01  5.4904e-03     1.0666e-01  1.4633e-03 
2.9903e-01     1.0215e+00  1.5015e-02     3.0546e-01  4.4900e-03     5.1494e-01  7.7621e-03     1.5398e-01  2.3211e-03 
3.3552e-01     1.1492e+00  8.1492e-03     3.8559e-01  2.7342e-03     6.5002e-01  5.0950e-03     2.1810e-01  1.7095e-03 
3.7646e-01     1.3207e+00  7.7296e-03     4.9718e-01  2.9099e-03     8.3813e-01  5.6480e-03     3.1552e-01  2.1263e-03 
4.2240e-01     1.5111e+00  8.7292e-03     6.3826e-01  3.6872e-03     1.0760e+00  7.1799e-03     4.5449e-01  3.0328e-03 
4.7394e-01     1.7254e+00  8.2594e-03     8.1771e-01  3.9144e-03     1.3785e+00  8.0464e-03     6.5331e-01  3.8135e-03 
5.3176e-01     1.8553e+00  9.8928e-03     9.8661e-01  5.2606e-03     1.6632e+00  1.0465e-02     8.8443e-01  5.5647e-03 
5.9665e-01     1.6670e+00  8.4319e-03     9.9463e-01  5.0309e-03     1.6767e+00  1.0163e-02     1.0004e+00  6.0639e-03 
6.6945e-01     1.2172e+00  4.7006e-03     8.1487e-01  3.1468e-03     1.3737e+00  7.0138e-03     9.1962e-01  4.6954e-03 
7.5114e-01     7.7972e-01  3.5349e-03     5.8567e-01  2.6552e-03     9.8732e-01  5.5597e-03     7.4161e-01  4.1761e-03 
8.4279e-01     4.8023e-01  3.2132e-03     4.0474e-01  2.7080e-03     6.8230e-01  5.1024e-03     5.7503e-01  4.3002e-03 
9.4563e-01     2.9728e-01  3.3694e-03     2.8112e-01  3.1862e-03     4.7390e-01  5.5996e-03     4.4813e-01  5.2951e-03 
1.0610e+00     1.9350e-01  2.5193e-03     2.0531e-01  2.6730e-03     3.4610e-01  4.6520e-03     3.6722e-01  4.9359e-03 
1.1905e+00     1.2727e-01  1.1560e-03     1.5152e-01  1.3761e-03     2.5542e-01  2.4718e-03     3.0407e-01  2.9426e-03 
1.3357e+00     8.6095e-02  1.7153e-03     1.1500e-01  2.2911e-03     1.9386e-01  3.9163e-03     2.5895e-01  5.2311e-03 
1.4987e+00     5.7636e-02  1.0141e-03     8.6380e-02  1.5199e-03     1.4562e-01  2.6080e-03     2.1824e-01  3.9086e-03 
1.6816e+00     3.9144e-02  5.7112e-04     6.5824e-02  9.6038e-04     1.1096e-01  1.6609e-03     1.8660e-01  2.7929e-03 
1.8868e+00     2.5722e-02  3.9039e-04     4.8532e-02  7.3658e-04     8.1814e-02  1.2714e-03     1.5436e-01  2.3989e-03 
2.1170e+00     1.6641e-02  4.6862e-04     3.5228e-02  9.9206e-04     5.9386e-02  1.6841e-03     1.2572e-01  3.5653e-03 
2.3753e+00     1.0623e-02  6.1210e-04     2.5232e-02  1.4539e-03     4.2536e-02  2.4551e-03     1.0104e-01  5.8316e-03 
2.6651e+00     6.0046e-03  2.9072e-04     1.6003e-02  7.7481e-04     2.6978e-02  1.3093e-03     7.1900e-02  3.4894e-03 
2.9903e+00     3.0136e-03  1.3170e-04     9.0116e-03  3.9382e-04     1.5192e-02  6.6583e-04     4.5428e-02  1.9910e-03 
3.3552e+00     1.3027e-03  1.2613e-04     4.3708e-03  4.2319e-04     7.3683e-03  7.1382e-04     2.4722e-02  2.3950e-03 
3.7646e+00     5.2038e-04  3.4726e-05     1.9590e-03  1.3073e-04     3.3025e-03  2.2066e-04     1.2433e-02  8.3068e-04 
4.2240e+00     1.7109e-04  3.2425e-05     7.2267e-04  1.3696e-04     1.2183e-03  2.3092e-04     5.1459e-03  9.7541e-04 
4.7394e+00     6.7974e-05  1.5901e-05     3.2215e-04  7.5360e-05     5.4308e-04  1.2705e-04     2.5738e-03  6.0215e-04 
5.3176e+00     1.4736e-05  5.0350e-06     7.8361e-05  2.6774e-05     1.3210e-04  4.5138e-05     7.0246e-04  2.4003e-04 
5.9665e+00     0.0000e+00  0.0000e+00     0.0000e+00  0.0000e+00     0.0000e+00  0.0000e+00     0.0000e+00  0.0000e+00 
6.6945e+00     0.0000e+00  0.0000e+00     0.0000e+00  0.0000e+00     0.0000e+00  0.0000e+00     0.0000e+00  0.0000e+00 
7.5114e+00     1.1592e-06  4.3366e-07     8.7068e-06  3.2574e-06     1.4678e-05  5.4914e-06     1.1025e-04  4.1248e-05 
8.4279e+00     0.0000e+00  0.0000e+00     0.0000e+00  0.0000e+00     0.0000e+00  0.0000e+00     0.0000e+00  0.0000e+00 
9.4563e+00     0.0000e+00  0.0000e+00     0.0000e+00  0.0000e+00     0.0000e+00  0.0000e+00     0.0000e+00  0.0000e+00 
1.0610e+01     8.2062e-07  5.8306e-07     8.7068e-06  6.1864e-06     1.4678e-05  1.0429e-05     1.5573e-04  1.1065e-04 
1.1905e+01     0.0000e+00  0.0000e+00     0.0000e+00  0.0000e+00     0.0000e+00  0.0000e+00     0.0000e+00  0.0000e+00 
1.3357e+01     0.0000e+00  0.0000e+00     0.0000e+00  0.0000e+00     0.0000e+00  0.0000e+00     0.0000e+00  0.0000e+00 
1.4987e+01     0.0000e+00  0.0000e+00     0.0000e+00  0.0000e+00     0.0000e+00  0.0000e+00     0.0000e+00  0.0000e+00 
1.6816e+01     0.0000e+00  0.0000e+00     0.0000e+00  0.0000e+00     0.0000e+00  0.0000e+00     0.0000e+00  0.0000e+00 
1.8868e+01     0.0000e+00  0.0000e+00     0.0000e+00  0.0000e+00     0.0000e+00  0.0000e+00     0.0000e+00  0.0000e+00 
2.1170e+01     0.0000e+00  0.0000e+00     0.0000e+00  0.0000e+00     0.0000e+00  0.0000e+00     0.0000e+00  0.0000e+00 
2.3753e+01     7.3311e-07  1.1482e-06     1.7414e-05  2.7273e-05     2.9356e-05  4.5976e-05     6.9729e-04  1.0921e-03 
2.6651e+01     0.0000e+00  0.0000e+00     0.0000e+00  0.0000e+00     0.0000e+00  0.0000e+00     0.0000e+00  0.0000e+00 
2.9903e+01     0.0000e+00  0.0000e+00     0.0000e+00  0.0000e+00     0.0000e+00  0.0000e+00     0.0000e+00  0.0000e+00 
3.3552e+01     2.5950e-07  1.1605e-07     8.7068e-06  3.8938e-06     1.4678e-05  6.5644e-06     4.9247e-04  2.2025e-04 
3.7646e+01     4.6256e-07  2.6576e-07     1.7414e-05  1.0005e-05     2.9356e-05  1.6866e-05     1.1051e-03  6.3496e-04 
4.2240e+01     0.0000e+00  0.0000e+00     0.0000e+00  0.0000e+00     0.0000e+00  0.0000e+00     0.0000e+00  0.0000e+00 
4.7394e+01     0.0000e+00  0.0000e+00     0.0000e+00  0.0000e+00     0.0000e+00  0.0000e+00     0.0000e+00  0.0000e+00 
5.3176e+01     1.6373e-07  1.6375e-08     8.7068e-06  8.7077e-07     1.4678e-05  1.4687e-06     7.8051e-04  7.8103e-05 
5.9665e+01     1.4593e-07  8.0030e-08     8.7068e-06  4.7750e-06     1.4678e-05  8.0498e-06     8.7575e-04  4.8029e-04 
6.6945e+01     0.0000e+00  0.0000e+00     0.0000e+00  0.0000e+00     0.0000e+00  0.0000e+00     0.0000e+00  0.0000e+00 
7.5114e+01     1.1592e-07  2.0171e-07     8.7068e-06  1.5151e-05     1.4678e-05  2.5541e-05     1.1025e-03  1.9185e-03 
8.4279e+01     1.0331e-07  4.3827e-08     8.7068e-06  3.6937e-06     1.4678e-05  6.2270e-06     1.2370e-03  5.2481e-04 
9.4563e+01     0.0000e+00  0.0000e+00     0.0000e+00  0.0000e+00     0.0000e+00  0.0000e+00     0.0000e+00  0.0000e+00 
1.0610e+02     1.6412e-07  9.4447e-07     1.7414e-05  1.0021e-04     2.9356e-05  1.6893e-04     3.1147e-03  1.7924e-02 
1.1905e+02     7.3138e-08  3.2708e-08     8.7068e-06  3.8938e-06     1.4678e-05  6.5644e-06     1.7474e-03  7.8147e-04 
1.3357e+02     0.0000e+00  0.0000e+00     0.0000e+00  0.0000e+00     0.0000e+00  0.0000e+00     0.0000e+00  0.0000e+00 
1.4987e+02     5.8095e-08  3.8393e-08     8.7068e-06  5.7541e-06     1.4678e-05  9.7003e-06     2.1998e-03  1.4538e-03 
1.6816e+02     5.1777e-08  5.0061e-08     8.7068e-06  8.4182e-06     1.4678e-05  1.4191e-05     2.4682e-03  2.3864e-03 
1.8868e+02     4.6147e-08  3.3174e-08     8.7068e-06  6.2593e-06     1.4678e-05  1.0552e-05     2.7694e-03  1.9909e-03 
2.1170e+02     4.1128e-08  1.6449e-08     8.7068e-06  3.4823e-06     1.4678e-05  5.8707e-06     3.1073e-03  1.2428e-03 
2.3753e+02     0.0000e+00  0.0000e+00     0.0000e+00  0.0000e+00     0.0000e+00  0.0000e+00     0.0000e+00  0.0000e+00 
2.6651e+02     6.5339e-08  4.6014e-08     1.7414e-05  1.2263e-05     2.9356e-05  2.0674e-05     7.8237e-03  5.5098e-03 
2.9903e+02     2.9117e-08  5.8235e-08     8.7068e-06  1.7414e-05     1.4678e-05  2.9357e-05     4.3892e-03  8.7786e-03 
3.3552e+02     2.5950e-08  1.0698e-08     8.7068e-06  3.5896e-06     1.4678e-05  6.0514e-06     4.9247e-03  2.0304e-03 
3.7646e+02     0.0000e+00  0.0000e+00     0.0000e+00  0.0000e+00     0.0000e+00  0.0000e+00     0.0000e+00  0.0000e+00 
4.2240e+02     0.0000e+00  0.0000e+00     0.0000e+00  0.0000e+00     0.0000e+00  0.0000e+00     0.0000e+00  0.0000e+00 
4.7394e+02     3.6743e-08  1.5173e-08     1.7414e-05  7.1909e-06     2.9356e-05  1.2123e-05     1.3913e-02  5.7454e-03 
5.3176e+02     0.0000e+00  0.0000e+00     0.0000e+00  0.0000e+00     0.0000e+00  0.0000e+00     0.0000e+00  0.0000e+00 
5.9665e+02     0.0000e+00  0.0000e+00     0.0000e+00  0.0000e+00     0.0000e+00  0.0000e+00     0.0000e+00  0.0000e+00 
6.6945e+02     1.3006e-08  9.2409e-09     8.7068e-06  6.1864e-06     1.4678e-05  1.0429e-05     9.8261e-03  6.9817e-03 
7.5114e+02     1.1592e-08  3.2783e-09     8.7068e-06  2.4625e-06     1.4678e-05  4.1515e-06     1.1025e-02  3.1184e-03 
8.4279e+02     0.0000e+00  0.0000e+00     0.0000e+00  0.0000e+00     0.0000e+00  0.0000e+00     0.0000e+00  0.0000e+00 
9.4563e+02     0.0000e+00  0.0000e+00     0.0000e+00  0.0000e+00     0.0000e+00  0.0000e+00     0.0000e+00  0.0000e+00 
1.0610e+03     0.0000e+00  0.0000e+00     0.0000e+00  0.0000e+00     0.0000e+00  0.0000e+00     0.0000e+00  0.0000e+00 
1.1905e+03     0.0000e+00  0.0000e+00     0.0000e+00  0.0000e+00     0.0000e+00  0.0000e+00     0.0000e+00  0.0000e+00 
1.3357e+03     0.0000e+00  0.0000e+00     0.0000e+00  0.0000e+00     0.0000e+00  0.0000e+00     0.0000e+00  0.0000e+00 
1.4987e+03     0.0000e+00  0.0000e+00     0.0000e+00  0.0000e+00     0.0000e+00  0.0000e+00     0.0000e+00  0.0000e+00 
1.6816e+03     0.0000e+00  0.0000e+00     0.0000e+00  0.0000e+00     0.0000e+00  0.0000e+00     0.0000e+00  0.0000e+00 
1.8868e+03     0.0000e+00  0.0000e+00     0.0000e+00  0.0000e+00     0.0000e+00  0.0000e+00     0.0000e+00  0.0000e+00 
2.1170e+03     0.0000e+00  0.0000e+00     0.0000e+00  0.0000e+00     0.0000e+00  0.0000e+00     0.0000e+00  0.0000e+00 
2.3753e+03     0.0000e+00  0.0000e+00     0.0000e+00  0.0000e+00     0.0000e+00  0.0000e+00     0.0000e+00  0.0000e+00 
2.6651e+03     0.0000e+00  0.0000e+00     0.0000e+00  0.0000e+00     0.0000e+00  0.0000e+00     0.0000e+00  0.0000e+00 
2.9903e+03     0.0000e+00  0.0000e+00     0.0000e+00  0.0000e+00     0.0000e+00  0.0000e+00     0.0000e+00  0.0000e+00 
3.3552e+03     0.0000e+00  0.0000e+00     0.0000e+00  0.0000e+00     0.0000e+00  0.0000e+00     0.0000e+00  0.0000e+00 
3.7646e+03     0.0000e+00  0.0000e+00     0.0000e+00  0.0000e+00     0.0000e+00  0.0000e+00     0.0000e+00  0.0000e+00 
4.2240e+03     0.0000e+00  0.0000e+00     0.0000e+00  0.0000e+00     0.0000e+00  0.0000e+00     0.0000e+00  0.0000e+00 
4.7394e+03     0.0000e+00  0.0000e+00     0.0000e+00  0.0000e+00     0.0000e+00  0.0000e+00     0.0000e+00  0.0000e+00 
5.3176e+03     0.0000e+00  0.0000e+00     0.0000e+00  0.0000e+00     0.0000e+00  0.0000e+00     0.0000e+00  0.0000e+00 
5.9665e+03     0.0000e+00  0.0000e+00     0.0000e+00  0.0000e+00     0.0000e+00  0.0000e+00     0.0000e+00  0.0000e+00 
6.6945e+03     0.0000e+00  0.0000e+00     0.0000e+00  0.0000e+00     0.0000e+00  0.0000e+00     0.0000e+00  0.0000e+00 
7.5114e+03     0.0000e+00  0.0000e+00     0.0000e+00  0.0000e+00     0.0000e+00  0.0000e+00     0.0000e+00  0.0000e+00 
8.4279e+03     0.0000e+00  0.0000e+00     0.0000e+00  0.0000e+00     0.0000e+00  0.0000e+00     0.0000e+00  0.0000e+00 
9.4563e+03     0.0000e+00  0.0000e+00     0.0000e+00  0.0000e+00     0.0000e+00  0.0000e+00     0.0000e+00  0.0000e+00 
