yF = 5.0675e-01 (std: 2.6063e-03) keV/um
yD = 3.1748e+00 (std: 1.4551e+00) keV/um
y (keV/um)     f(y)(std)                  yf(y)(std)                 d(y)(std)                  yd(y)(std)  
1.0610e-03     0.0000e+00  0.0000e+00     0.0000e+00  0.0000e+00     0.0000e+00  0.0000e+00     0.0000e+00  0.0000e+00 
1.1905e-03     0.0000e+00  0.0000e+00     0.0000e+00  0.0000e+00     0.0000e+00  0.0000e+00     0.0000e+00  0.0000e+00 
1.3357e-03     6.5177e-03  2.3495e-03     8.7059e-06  3.1382e-06     1.7180e-05  6.1935e-06     2.2948e-08  8.2729e-09 
1.4987e-03     4.0662e-02  1.7815e-02     6.0941e-05  2.6699e-05     1.2026e-04  5.2690e-05     1.8023e-07  7.8968e-08 
1.6816e-03     5.1772e-02  1.9621e-02     8.7059e-05  3.2995e-05     1.7180e-04  6.5116e-05     2.8889e-07  1.0950e-07 
1.8868e-03     4.6142e-02  1.5308e-02     8.7059e-05  2.8882e-05     1.7180e-04  5.7002e-05     3.2414e-07  1.0755e-07 
2.1170e-03     2.4674e-02  1.1456e-02     5.2235e-05  2.4252e-05     1.0308e-04  4.7862e-05     2.1822e-07  1.0132e-07 
2.3753e-03     3.6652e-02  1.0596e-02     8.7059e-05  2.5170e-05     1.7180e-04  4.9677e-05     4.0807e-07  1.1800e-07 
2.6651e-03     2.2866e-02  1.0264e-02     6.0941e-05  2.7354e-05     1.2026e-04  5.3983e-05     3.2051e-07  1.4387e-07 
2.9903e-03     4.0759e-02  7.2046e-02     1.2188e-04  2.1544e-04     2.4052e-04  4.2515e-04     7.1923e-07  1.2713e-06 
3.3552e-03     2.5947e-02  9.1258e-03     8.7059e-05  3.0619e-05     1.7180e-04  6.0429e-05     5.7642e-07  2.0275e-07 
3.7646e-03     2.7751e-02  1.0853e-02     1.0447e-04  4.0859e-05     2.0616e-04  8.0636e-05     7.7610e-07  3.0356e-07 
4.2240e-03     5.5649e-02  1.6034e-02     2.3506e-04  6.7726e-05     4.6385e-04  1.3367e-04     1.9593e-06  5.6461e-07 
4.7394e-03     2.9391e-02  8.7170e-03     1.3929e-04  4.1313e-05     2.7488e-04  8.1538e-05     1.3027e-06  3.8644e-07 
5.3176e-03     4.7478e-02  1.5156e-02     2.5247e-04  8.0595e-05     4.9821e-04  1.5906e-04     2.6493e-06  8.4584e-07 
5.9665e-03     3.9396e-02  9.5889e-03     2.3506e-04  5.7212e-05     4.6385e-04  1.1292e-04     2.7676e-06  6.7377e-07 
6.6945e-03     3.3812e-02  1.1610e-02     2.2635e-04  7.7721e-05     4.4667e-04  1.5339e-04     2.9903e-06  1.0269e-06 
7.5114e-03     4.9838e-02  9.6781e-03     3.7435e-04  7.2695e-05     7.3873e-04  1.4350e-04     5.5489e-06  1.0779e-06 
8.4279e-03     6.8177e-02  8.6699e-03     5.7459e-04  7.3069e-05     1.1339e-03  1.4431e-04     9.5561e-06  1.2162e-06 
9.4563e-03     6.0763e-02  6.1439e-03     5.7459e-04  5.8099e-05     1.1339e-03  1.1480e-04     1.0722e-05  1.0856e-06 
1.0610e-02     6.5642e-02  1.3732e-02     6.9647e-04  1.4570e-04     1.3744e-03  2.8760e-04     1.4582e-05  3.0514e-06 
1.1905e-02     8.2636e-02  1.3637e-02     9.8376e-04  1.6234e-04     1.9413e-03  3.2051e-04     2.3111e-05  3.8156e-06 
1.3357e-02     7.1043e-02  1.2793e-02     9.4894e-04  1.7088e-04     1.8726e-03  3.3735e-04     2.5013e-05  4.5061e-06 
1.4987e-02     9.8170e-02  7.2820e-03     1.4713e-03  1.0914e-04     2.9034e-03  2.1588e-04     4.3513e-05  3.2354e-06 
1.6816e-02     1.0458e-01  1.5842e-02     1.7586e-03  2.6640e-04     3.4703e-03  5.2600e-04     5.8356e-05  8.8451e-06 
1.8868e-02     1.1628e-01  1.7083e-02     2.1939e-03  3.2232e-04     4.3293e-03  6.3644e-04     8.1684e-05  1.2008e-05 
2.1170e-02     1.3447e-01  8.3030e-03     2.8468e-03  1.7577e-04     5.6178e-03  3.4807e-04     1.1893e-04  7.3685e-06 
2.3753e-02     1.4441e-01  1.1371e-02     3.4301e-03  2.7010e-04     6.7688e-03  5.3413e-04     1.6078e-04  1.2687e-05 
2.6651e-02     1.6235e-01  8.4964e-03     4.3268e-03  2.2644e-04     8.5384e-03  4.4900e-04     2.2756e-04  1.1966e-05 
2.9903e-02     1.6362e-01  8.1180e-03     4.8927e-03  2.4275e-04     9.6550e-03  4.8161e-04     2.8872e-04  1.4402e-05 
3.3552e-02     2.0031e-01  8.4236e-03     6.7209e-03  2.8263e-04     1.3263e-02  5.6188e-04     4.4499e-04  1.8852e-05 
3.7646e-02     2.2293e-01  1.4347e-02     8.3925e-03  5.4012e-04     1.6561e-02  1.0693e-03     6.2347e-04  4.0253e-05 
4.2240e-02     2.4011e-01  9.4473e-03     1.0142e-02  3.9905e-04     2.0014e-02  7.9416e-04     8.4540e-04  3.3545e-05 
4.7394e-02     2.7003e-01  8.1639e-03     1.2798e-02  3.8692e-04     2.5254e-02  7.7449e-04     1.1969e-03  3.6706e-05 
5.3176e-02     3.0484e-01  7.9370e-03     1.6210e-02  4.2206e-04     3.1989e-02  8.4897e-04     1.7010e-03  4.5145e-05 
5.9665e-02     3.2057e-01  7.5227e-03     1.9127e-02  4.4884e-04     3.7744e-02  9.0675e-04     2.2520e-03  5.4101e-05 
6.6945e-02     3.6621e-01  6.4673e-03     2.4516e-02  4.3295e-04     4.8378e-02  8.8986e-04     3.2387e-03  5.9572e-05 
7.5114e-02     4.0091e-01  1.7712e-02     3.0114e-02  1.3304e-03     5.9425e-02  2.6431e-03     4.4636e-03  1.9853e-04 
8.4279e-02     4.4852e-01  6.7950e-03     3.7801e-02  5.7268e-04     7.4595e-02  1.1934e-03     6.2868e-03  1.0058e-04 
9.4563e-02     4.8583e-01  1.6082e-02     4.5941e-02  1.5207e-03     9.0658e-02  3.0369e-03     8.5728e-03  2.8718e-04 
1.0610e-01     5.4828e-01  1.0016e-02     5.8173e-02  1.0627e-03     1.1480e-01  2.1785e-03     1.2180e-02  2.3114e-04 
1.1905e-01     5.8621e-01  4.6208e-03     6.9786e-02  5.5009e-04     1.3771e-01  1.2961e-03     1.6394e-02  1.5430e-04 
1.3357e-01     6.5451e-01  1.1340e-02     8.7424e-02  1.5148e-03     1.7252e-01  3.1181e-03     2.3044e-02  4.1649e-04 
1.4987e-01     7.3349e-01  7.0031e-03     1.0993e-01  1.0496e-03     2.1693e-01  2.3526e-03     3.2512e-02  3.5258e-04 
1.6816e-01     8.1851e-01  1.0726e-02     1.3764e-01  1.8036e-03     2.7161e-01  3.8235e-03     4.5674e-02  6.4296e-04 
1.8868e-01     9.0396e-01  1.3656e-02     1.7056e-01  2.5765e-03     3.3657e-01  5.3710e-03     6.3503e-02  1.0134e-03 
2.1170e-01     1.0107e+00  2.5304e-02     2.1396e-01  5.3568e-03     4.2223e-01  1.0792e-02     8.9385e-02  2.2846e-03 
2.3753e-01     1.1377e+00  6.7568e-03     2.7024e-01  1.6049e-03     5.3328e-01  4.1896e-03     1.2667e-01  9.9517e-04 
2.6651e-01     1.2838e+00  1.3894e-02     3.4216e-01  3.7030e-03     6.7520e-01  8.0905e-03     1.7995e-01  2.1562e-03 
2.9903e-01     1.4512e+00  9.2317e-03     4.3394e-01  2.7606e-03     8.5633e-01  7.0052e-03     2.5607e-01  2.0948e-03 
3.3552e-01     1.6535e+00  1.4868e-02     5.5477e-01  4.9887e-03     1.0948e+00  1.1341e-02     3.6732e-01  3.8051e-03 
3.7646e-01     1.9009e+00  1.5439e-02     7.1561e-01  5.8122e-03     1.4121e+00  1.3576e-02     5.3162e-01  5.1107e-03 
4.2240e-01     2.1412e+00  1.3014e-02     9.0442e-01  5.4973e-03     1.7847e+00  1.4210e-02     7.5387e-01  6.0024e-03 
4.7394e-01     2.1356e+00  5.5569e-03     1.0122e+00  2.6336e-03     1.9973e+00  1.1512e-02     9.4661e-01  5.4561e-03 
5.3176e-01     1.7274e+00  1.0511e-02     9.1856e-01  5.5896e-03     1.8126e+00  1.4442e-02     9.6390e-01  7.6799e-03 
5.9665e-01     1.1736e+00  6.2311e-03     7.0022e-01  3.7178e-03     1.3818e+00  1.0214e-02     8.2444e-01  6.0943e-03 
6.6945e-01     7.3295e-01  2.7696e-03     4.9067e-01  1.8541e-03     9.6827e-01  6.1795e-03     6.4821e-01  4.1369e-03 
7.5114e-01     4.4884e-01  2.9367e-03     3.3714e-01  2.2059e-03     6.6530e-01  5.5368e-03     4.9973e-01  4.1589e-03 
8.4279e-01     2.8442e-01  2.1223e-03     2.3971e-01  1.7886e-03     4.7303e-01  4.2868e-03     3.9866e-01  3.6129e-03 
9.4563e-01     1.8640e-01  2.0703e-03     1.7627e-01  1.9578e-03     3.4784e-01  4.2575e-03     3.2893e-01  4.0260e-03 
1.0610e+00     1.2509e-01  1.4191e-03     1.3272e-01  1.5057e-03     2.6191e-01  3.2624e-03     2.7788e-01  3.4614e-03 
1.1905e+00     8.4011e-02  1.1664e-03     1.0001e-01  1.3886e-03     1.9736e-01  2.9222e-03     2.3495e-01  3.4788e-03 
1.3357e+00     5.7225e-02  8.2563e-04     7.6438e-02  1.1028e-03     1.5084e-01  2.3104e-03     2.0148e-01  3.0861e-03 
1.4987e+00     4.0163e-02  8.2902e-04     6.0192e-02  1.2425e-03     1.1878e-01  2.5268e-03     1.7802e-01  3.7869e-03 
1.6816e+00     2.7651e-02  3.9230e-04     4.6498e-02  6.5969e-04     9.1757e-02  1.3847e-03     1.5430e-01  2.3285e-03 
1.8868e+00     1.8244e-02  6.4326e-04     3.4423e-02  1.2137e-03     6.7929e-02  2.4204e-03     1.2817e-01  4.5667e-03 
2.1170e+00     1.1761e-02  4.4985e-04     2.4899e-02  9.5232e-04     4.9134e-02  1.8962e-03     1.0402e-01  4.0142e-03 
2.3753e+00     7.0884e-03  3.0300e-04     1.6837e-02  7.1973e-04     3.3226e-02  1.4305e-03     7.8921e-02  3.3979e-03 
2.6651e+00     3.9885e-03  2.2990e-04     1.0630e-02  6.1272e-04     2.0977e-02  1.2139e-03     5.5905e-02  3.2353e-03 
2.9903e+00     1.9506e-03  1.6215e-04     5.8329e-03  4.8488e-04     1.1510e-02  9.5867e-04     3.4420e-02  2.8667e-03 
3.3552e+00     8.4069e-04  1.1644e-04     2.8207e-03  3.9067e-04     5.5663e-03  7.7146e-04     1.8676e-02  2.5884e-03 
3.7646e+00     3.3532e-04  8.9589e-05     1.2624e-03  3.3727e-04     2.4911e-03  6.6567e-04     9.3779e-03  2.5060e-03 
4.2240e+00     9.8931e-05  3.6974e-05     4.1788e-04  1.5618e-04     8.2463e-04  3.0822e-04     3.4832e-03  1.3019e-03 
4.7394e+00     3.1228e-05  2.2422e-05     1.4800e-04  1.0626e-04     2.9206e-04  2.0970e-04     1.3842e-03  9.9385e-04 
5.3176e+00     1.6372e-05  5.5546e-06     8.7059e-05  2.9537e-05     1.7180e-04  5.8295e-05     9.1356e-04  3.0999e-04 
5.9665e+00     1.4591e-06  1.0736e-06     8.7059e-06  6.4055e-06     1.7180e-05  1.2641e-05     1.0250e-04  7.5421e-05 
6.6945e+00     1.3004e-06  1.1396e-06     8.7059e-06  7.6290e-06     1.7180e-05  1.5055e-05     1.1501e-04  1.0079e-04 
7.5114e+00     0.0000e+00  0.0000e+00     0.0000e+00  0.0000e+00     0.0000e+00  0.0000e+00     0.0000e+00  0.0000e+00 
8.4279e+00     0.0000e+00  0.0000e+00     0.0000e+00  0.0000e+00     0.0000e+00  0.0000e+00     0.0000e+00  0.0000e+00 
9.4563e+00     0.0000e+00  0.0000e+00     0.0000e+00  0.0000e+00     0.0000e+00  0.0000e+00     0.0000e+00  0.0000e+00 
1.0610e+01     0.0000e+00  0.0000e+00     0.0000e+00  0.0000e+00     0.0000e+00  0.0000e+00     0.0000e+00  0.0000e+00 
1.1905e+01     0.0000e+00  0.0000e+00     0.0000e+00  0.0000e+00     0.0000e+00  0.0000e+00     0.0000e+00  0.0000e+00 
1.3357e+01     2.6071e-06  3.7327e-06     3.4824e-05  4.9859e-05     6.8719e-05  9.8390e-05     9.1790e-04  1.3142e-03 
1.4987e+01     0.0000e+00  0.0000e+00     0.0000e+00  0.0000e+00     0.0000e+00  0.0000e+00     0.0000e+00  0.0000e+00 
1.6816e+01     5.1772e-07  1.7647e-06     8.7059e-06  2.9675e-05     1.7180e-05  5.8559e-05     2.8889e-04  9.8472e-04 
1.8868e+01     0.0000e+00  0.0000e+00     0.0000e+00  0.0000e+00     0.0000e+00  0.0000e+00     0.0000e+00  0.0000e+00 
2.1170e+01     0.0000e+00  0.0000e+00     0.0000e+00  0.0000e+00     0.0000e+00  0.0000e+00     0.0000e+00  0.0000e+00 
2.3753e+01     0.0000e+00  0.0000e+00     0.0000e+00  0.0000e+00     0.0000e+00  0.0000e+00     0.0000e+00  0.0000e+00 
2.6651e+01     3.2666e-07  4.6196e-08     8.7059e-06  1.2312e-06     1.7180e-05  2.4311e-06     4.5786e-04  6.4793e-05 
2.9903e+01     0.0000e+00  0.0000e+00     0.0000e+00  0.0000e+00     0.0000e+00  0.0000e+00     0.0000e+00  0.0000e+00 
3.3552e+01     0.0000e+00  0.0000e+00     0.0000e+00  0.0000e+00     0.0000e+00  0.0000e+00     0.0000e+00  0.0000e+00 
3.7646e+01     0.0000e+00  0.0000e+00     0.0000e+00  0.0000e+00     0.0000e+00  0.0000e+00     0.0000e+00  0.0000e+00 
4.2240e+01     4.1221e-07  2.2381e-07     1.7412e-05  9.4536e-06     3.4360e-05  1.8656e-05     1.4513e-03  7.8803e-04 
4.7394e+01     0.0000e+00  0.0000e+00     0.0000e+00  0.0000e+00     0.0000e+00  0.0000e+00     0.0000e+00  0.0000e+00 
5.3176e+01     0.0000e+00  0.0000e+00     0.0000e+00  0.0000e+00     0.0000e+00  0.0000e+00     0.0000e+00  0.0000e+00 
5.9665e+01     0.0000e+00  0.0000e+00     0.0000e+00  0.0000e+00     0.0000e+00  0.0000e+00     0.0000e+00  0.0000e+00 
6.6945e+01     0.0000e+00  0.0000e+00     0.0000e+00  0.0000e+00     0.0000e+00  0.0000e+00     0.0000e+00  0.0000e+00 
7.5114e+01     1.1590e-07  1.1657e-07     8.7059e-06  8.7557e-06     1.7180e-05  1.7278e-05     1.2904e-03  1.2978e-03 
8.4279e+01     2.0660e-07  2.3843e-07     1.7412e-05  2.0094e-05     3.4360e-05  3.9654e-05     2.8958e-03  3.3420e-03 
9.4563e+01     0.0000e+00  0.0000e+00     0.0000e+00  0.0000e+00     0.0000e+00  0.0000e+00     0.0000e+00  0.0000e+00 
1.0610e+02     1.6411e-07  1.6602e-07     1.7412e-05  1.7614e-05     3.4360e-05  3.4760e-05     3.6456e-03  3.6881e-03 
1.1905e+02     7.3130e-08  8.5899e-07     8.7059e-06  1.0226e-04     1.7180e-05  2.0180e-04     2.0452e-03  2.4023e-02 
1.3357e+02     0.0000e+00  0.0000e+00     0.0000e+00  0.0000e+00     0.0000e+00  0.0000e+00     0.0000e+00  0.0000e+00 
1.4987e+02     0.0000e+00  0.0000e+00     0.0000e+00  0.0000e+00     0.0000e+00  0.0000e+00     0.0000e+00  0.0000e+00 
1.6816e+02     5.1772e-08  2.1342e-08     8.7059e-06  3.5888e-06     1.7180e-05  7.0826e-06     2.8889e-03  1.1910e-03 
1.8868e+02     1.3843e-07  7.6581e-08     2.6118e-05  1.4449e-05     5.1539e-05  2.8515e-05     9.7243e-03  5.3800e-03 
2.1170e+02     4.1124e-08  4.9660e-08     8.7059e-06  1.0513e-05     1.7180e-05  2.0746e-05     3.6369e-03  4.3920e-03 
2.3753e+02     0.0000e+00  0.0000e+00     0.0000e+00  0.0000e+00     0.0000e+00  0.0000e+00     0.0000e+00  0.0000e+00 
2.6651e+02     6.5332e-08  3.9768e-08     1.7412e-05  1.0599e-05     3.4360e-05  2.0916e-05     9.1573e-03  5.5744e-03 
2.9903e+02     0.0000e+00  0.0000e+00     0.0000e+00  0.0000e+00     0.0000e+00  0.0000e+00     0.0000e+00  0.0000e+00 
3.3552e+02     0.0000e+00  0.0000e+00     0.0000e+00  0.0000e+00     0.0000e+00  0.0000e+00     0.0000e+00  0.0000e+00 
3.7646e+02     4.6251e-08  1.1116e-07     1.7412e-05  4.1848e-05     3.4360e-05  8.2582e-05     1.2935e-02  3.1089e-02 
4.2240e+02     4.1221e-08  1.6360e-08     1.7412e-05  6.9106e-06     3.4360e-05  1.3638e-05     1.4513e-02  5.7607e-03 
4.7394e+02     1.8369e-08  1.0242e-08     8.7059e-06  4.8542e-06     1.7180e-05  9.5794e-06     8.1421e-03  4.5400e-03 
5.3176e+02     0.0000e+00  0.0000e+00     0.0000e+00  0.0000e+00     0.0000e+00  0.0000e+00     0.0000e+00  0.0000e+00 
5.9665e+02     0.0000e+00  0.0000e+00     0.0000e+00  0.0000e+00     0.0000e+00  0.0000e+00     0.0000e+00  0.0000e+00 
6.6945e+02     0.0000e+00  0.0000e+00     0.0000e+00  0.0000e+00     0.0000e+00  0.0000e+00     0.0000e+00  0.0000e+00 
7.5114e+02     0.0000e+00  0.0000e+00     0.0000e+00  0.0000e+00     0.0000e+00  0.0000e+00     0.0000e+00  0.0000e+00 
8.4279e+02     0.0000e+00  0.0000e+00     0.0000e+00  0.0000e+00     0.0000e+00  0.0000e+00     0.0000e+00  0.0000e+00 
9.4563e+02     0.0000e+00  0.0000e+00     0.0000e+00  0.0000e+00     0.0000e+00  0.0000e+00     0.0000e+00  0.0000e+00 
1.0610e+03     0.0000e+00  0.0000e+00     0.0000e+00  0.0000e+00     0.0000e+00  0.0000e+00     0.0000e+00  0.0000e+00 
1.1905e+03     0.0000e+00  0.0000e+00     0.0000e+00  0.0000e+00     0.0000e+00  0.0000e+00     0.0000e+00  0.0000e+00 
1.3357e+03     0.0000e+00  0.0000e+00     0.0000e+00  0.0000e+00     0.0000e+00  0.0000e+00     0.0000e+00  0.0000e+00 
1.4987e+03     0.0000e+00  0.0000e+00     0.0000e+00  0.0000e+00     0.0000e+00  0.0000e+00     0.0000e+00  0.0000e+00 
1.6816e+03     0.0000e+00  0.0000e+00     0.0000e+00  0.0000e+00     0.0000e+00  0.0000e+00     0.0000e+00  0.0000e+00 
1.8868e+03     0.0000e+00  0.0000e+00     0.0000e+00  0.0000e+00     0.0000e+00  0.0000e+00     0.0000e+00  0.0000e+00 
2.1170e+03     0.0000e+00  0.0000e+00     0.0000e+00  0.0000e+00     0.0000e+00  0.0000e+00     0.0000e+00  0.0000e+00 
2.3753e+03     0.0000e+00  0.0000e+00     0.0000e+00  0.0000e+00     0.0000e+00  0.0000e+00     0.0000e+00  0.0000e+00 
2.6651e+03     0.0000e+00  0.0000e+00     0.0000e+00  0.0000e+00     0.0000e+00  0.0000e+00     0.0000e+00  0.0000e+00 
2.9903e+03     0.0000e+00  0.0000e+00     0.0000e+00  0.0000e+00     0.0000e+00  0.0000e+00     0.0000e+00  0.0000e+00 
3.3552e+03     0.0000e+00  0.0000e+00     0.0000e+00  0.0000e+00     0.0000e+00  0.0000e+00     0.0000e+00  0.0000e+00 
3.7646e+03     0.0000e+00  0.0000e+00     0.0000e+00  0.0000e+00     0.0000e+00  0.0000e+00     0.0000e+00  0.0000e+00 
4.2240e+03     0.0000e+00  0.0000e+00     0.0000e+00  0.0000e+00     0.0000e+00  0.0000e+00     0.0000e+00  0.0000e+00 
4.7394e+03     0.0000e+00  0.0000e+00     0.0000e+00  0.0000e+00     0.0000e+00  0.0000e+00     0.0000e+00  0.0000e+00 
5.3176e+03     0.0000e+00  0.0000e+00     0.0000e+00  0.0000e+00     0.0000e+00  0.0000e+00     0.0000e+00  0.0000e+00 
5.9665e+03     0.0000e+00  0.0000e+00     0.0000e+00  0.0000e+00     0.0000e+00  0.0000e+00     0.0000e+00  0.0000e+00 
6.6945e+03     0.0000e+00  0.0000e+00     0.0000e+00  0.0000e+00     0.0000e+00  0.0000e+00     0.0000e+00  0.0000e+00 
7.5114e+03     0.0000e+00  0.0000e+00     0.0000e+00  0.0000e+00     0.0000e+00  0.0000e+00     0.0000e+00  0.0000e+00 
8.4279e+03     0.0000e+00  0.0000e+00     0.0000e+00  0.0000e+00     0.0000e+00  0.0000e+00     0.0000e+00  0.0000e+00 
9.4563e+03     0.0000e+00  0.0000e+00     0.0000e+00  0.0000e+00     0.0000e+00  0.0000e+00     0.0000e+00  0.0000e+00 
