yF = 4.3577e-01 (std: 1.1241e-03) keV/um
yD = 3.1364e+00 (std: 9.9851e-01) keV/um
y (keV/um)     f(y)(std)                  yf(y)(std)                 d(y)(std)                  yd(y)(std)  
1.0610e-03     0.0000e+00  0.0000e+00     0.0000e+00  0.0000e+00     0.0000e+00  0.0000e+00     0.0000e+00  0.0000e+00 
1.1905e-03     0.0000e+00  0.0000e+00     0.0000e+00  0.0000e+00     0.0000e+00  0.0000e+00     0.0000e+00  0.0000e+00 
1.3357e-03     0.0000e+00  0.0000e+00     0.0000e+00  0.0000e+00     0.0000e+00  0.0000e+00     0.0000e+00  0.0000e+00 
1.4987e-03     1.0456e-01  2.9439e-02     1.5670e-04  4.4121e-05     3.5959e-04  1.0125e-04     5.3892e-07  1.5175e-07 
1.6816e-03     8.2831e-02  3.1137e-02     1.3929e-04  5.2360e-05     3.1963e-04  1.2016e-04     5.3749e-07  2.0205e-07 
1.8868e-03     4.6140e-02  1.6915e-02     8.7055e-05  3.1916e-05     1.9977e-04  7.3241e-05     3.7692e-07  1.3819e-07 
2.1170e-03     3.2898e-02  9.3959e-03     6.9644e-05  1.9891e-05     1.5982e-04  4.5647e-05     3.3833e-07  9.6635e-08 
2.3753e-03     4.7645e-02  3.8494e-02     1.1317e-04  9.1435e-05     2.5970e-04  2.0982e-04     6.1687e-07  4.9840e-07 
2.6651e-03     3.2664e-02  1.8116e-02     8.7055e-05  4.8283e-05     1.9977e-04  1.1080e-04     5.3242e-07  2.9529e-07 
2.9903e-03     4.6579e-02  1.2855e-02     1.3929e-04  3.8439e-05     3.1963e-04  8.8213e-05     9.5581e-07  2.6379e-07 
3.3552e-03     6.4866e-02  1.9472e-02     2.1764e-04  6.5331e-05     4.9943e-04  1.4993e-04     1.6757e-06  5.0303e-07 
3.7646e-03     3.9312e-02  1.0762e-02     1.4799e-04  4.0516e-05     3.3961e-04  9.2980e-05     1.2785e-06  3.5003e-07 
4.2240e-03     5.1525e-02  2.3778e-02     2.1764e-04  1.0044e-04     4.9943e-04  2.3048e-04     2.1096e-06  9.7354e-07 
4.7394e-03     6.4290e-02  1.6362e-02     3.0469e-04  7.7545e-05     6.9920e-04  1.7796e-04     3.3138e-06  8.4341e-07 
5.3176e-03     6.2210e-02  1.6155e-02     3.3081e-04  8.5908e-05     7.5913e-04  1.9715e-04     4.0368e-06  1.0484e-06 
5.9665e-03     6.7117e-02  1.1153e-02     4.0045e-04  6.6546e-05     9.1895e-04  1.5273e-04     5.4829e-06  9.1125e-07 
6.6945e-03     7.8024e-02  1.9964e-02     5.2233e-04  1.3365e-04     1.1986e-03  3.0671e-04     8.0242e-06  2.0533e-06 
7.5114e-03     8.1128e-02  1.0270e-02     6.0938e-04  7.7144e-05     1.3984e-03  1.7707e-04     1.0504e-05  1.3300e-06 
8.4279e-03     7.1273e-02  1.9019e-02     6.0068e-04  1.6029e-04     1.3784e-03  3.6785e-04     1.1617e-05  3.1002e-06 
9.4563e-03     8.5616e-02  1.0238e-02     8.0961e-04  9.6817e-05     1.8579e-03  2.2222e-04     1.7569e-05  2.1014e-06 
1.0610e-02     9.1895e-02  2.0950e-02     9.7502e-04  2.2228e-04     2.2374e-03  5.1012e-04     2.3739e-05  5.4124e-06 
1.1905e-02     1.0238e-01  1.1438e-02     1.2188e-03  1.3617e-04     2.7968e-03  3.1257e-04     3.3295e-05  3.7210e-06 
1.3357e-02     1.0037e-01  9.8691e-03     1.3406e-03  1.3183e-04     3.0765e-03  3.0261e-04     4.1094e-05  4.0421e-06 
1.4987e-02     1.3999e-01  2.0589e-02     2.0980e-03  3.0856e-04     4.8145e-03  7.0819e-04     7.2156e-05  1.0614e-05 
1.6816e-02     1.4754e-01  1.8371e-02     2.4811e-03  3.0893e-04     5.6935e-03  7.0908e-04     9.5741e-05  1.1924e-05 
1.8868e-02     1.5457e-01  1.0869e-02     2.9163e-03  2.0507e-04     6.6923e-03  4.7090e-04     1.2627e-04  8.8849e-06 
2.1170e-02     1.7436e-01  2.0401e-02     3.6911e-03  4.3188e-04     8.4703e-03  9.9132e-04     1.7932e-04  2.0986e-05 
2.3753e-02     2.0121e-01  1.8813e-02     4.7793e-03  4.4688e-04     1.0967e-02  1.0259e-03     2.6051e-04  2.4368e-05 
2.6651e-02     2.1885e-01  6.4962e-03     5.8327e-03  1.7313e-04     1.3385e-02  3.9880e-04     3.5672e-04  1.0628e-05 
2.9903e-02     2.4134e-01  2.1935e-02     7.2169e-03  6.5593e-04     1.6561e-02  1.5058e-03     4.9523e-04  4.5029e-05 
3.3552e-02     2.7944e-01  1.9337e-02     9.3758e-03  6.4878e-04     2.1515e-02  1.4898e-03     7.2189e-04  4.9987e-05 
3.7646e-02     2.9854e-01  6.2269e-03     1.1239e-02  2.3442e-04     2.5790e-02  5.4203e-04     9.7091e-04  2.0405e-05 
4.2240e-02     3.5037e-01  2.5727e-02     1.4799e-02  1.0867e-03     3.3961e-02  2.4952e-03     1.4345e-03  1.0540e-04 
4.7394e-02     3.5837e-01  2.5885e-02     1.6984e-02  1.2268e-03     3.8975e-02  2.8170e-03     1.8472e-03  1.3351e-04 
5.3176e-02     4.1680e-01  1.2733e-02     2.2164e-02  6.7711e-04     5.0862e-02  1.5593e-03     2.7046e-03  8.2920e-05 
5.9665e-02     4.4793e-01  1.0514e-02     2.6726e-02  6.2733e-04     6.1330e-02  1.4482e-03     3.6592e-03  8.6409e-05 
6.6945e-02     4.8583e-01  1.0143e-02     3.2524e-02  6.7902e-04     7.4635e-02  1.5700e-03     4.9964e-03  1.0511e-04 
7.5114e-02     5.2699e-01  6.7673e-03     3.9584e-02  5.0832e-04     9.0836e-02  1.1898e-03     6.8230e-03  8.9369e-05 
8.4279e-02     6.0871e-01  1.0696e-02     5.1301e-02  9.0146e-04     1.1773e-01  2.0908e-03     9.9218e-03  1.7621e-04 
9.4563e-02     6.5400e-01  1.3111e-02     6.1844e-02  1.2398e-03     1.4192e-01  2.8685e-03     1.3420e-02  2.7125e-04 
1.0610e-01     7.1982e-01  1.3209e-02     7.6373e-02  1.4015e-03     1.7526e-01  3.2477e-03     1.8595e-02  3.4459e-04 
1.1905e-01     8.0234e-01  1.4431e-02     9.5517e-02  1.7180e-03     2.1919e-01  3.9827e-03     2.6094e-02  4.7413e-04 
1.3357e-01     8.8167e-01  9.5814e-03     1.1777e-01  1.2798e-03     2.7025e-01  3.0185e-03     3.6098e-02  4.0319e-04 
1.4987e-01     9.8909e-01  1.3088e-02     1.4824e-01  1.9615e-03     3.4017e-01  4.5859e-03     5.0982e-02  6.8729e-04 
1.6816e-01     1.1112e+00  1.0103e-02     1.8685e-01  1.6989e-03     4.2879e-01  4.0524e-03     7.2105e-02  6.8144e-04 
1.8868e-01     1.2329e+00  8.9071e-03     2.3261e-01  1.6806e-03     5.3379e-01  4.0950e-03     1.0071e-01  7.7263e-04 
2.1170e-01     1.3986e+00  8.0524e-03     2.9607e-01  1.7047e-03     6.7942e-01  4.2866e-03     1.4383e-01  9.0746e-04 
2.3753e-01     1.5730e+00  1.0438e-02     3.7363e-01  2.4794e-03     8.5740e-01  6.1045e-03     2.0366e-01  1.4500e-03 
2.6651e-01     1.7836e+00  1.2927e-02     4.7535e-01  3.4453e-03     1.0908e+00  8.3921e-03     2.9072e-01  2.2366e-03 
2.9903e-01     2.0468e+00  9.6699e-03     6.1207e-01  2.8916e-03     1.4046e+00  7.5604e-03     4.2001e-01  2.2608e-03 
3.3552e-01     2.3558e+00  1.7946e-02     7.9041e-01  6.0212e-03     1.8138e+00  1.4588e-02     6.0857e-01  4.8946e-03 
3.7646e-01     2.5477e+00  1.4186e-02     9.5910e-01  5.3406e-03     2.2009e+00  1.3507e-02     8.2856e-01  5.0847e-03 
4.2240e-01     2.3482e+00  9.2553e-03     9.9189e-01  3.9094e-03     2.2762e+00  1.0722e-02     9.6144e-01  4.5288e-03 
4.7394e-01     1.7816e+00  4.7410e-03     8.4438e-01  2.2469e-03     1.9377e+00  7.1813e-03     9.1833e-01  3.4035e-03 
5.3176e-01     1.1495e+00  6.4168e-03     6.1128e-01  3.4122e-03     1.4028e+00  8.6260e-03     7.4593e-01  4.5870e-03 
5.9665e-01     7.1008e-01  5.0949e-03     4.2367e-01  3.0398e-03     9.7223e-01  7.4129e-03     5.8008e-01  4.4229e-03 
6.6945e-01     4.4074e-01  3.7798e-03     2.9506e-01  2.5304e-03     6.7709e-01  6.0637e-03     4.5328e-01  4.0593e-03 
7.5114e-01     2.7756e-01  2.0096e-03     2.0849e-01  1.5095e-03     4.7843e-01  3.6772e-03     3.5937e-01  2.7621e-03 
8.4279e-01     1.8468e-01  1.7833e-03     1.5565e-01  1.5030e-03     3.5717e-01  3.5699e-03     3.0102e-01  3.0087e-03 
9.4563e-01     1.2119e-01  1.5602e-03     1.1460e-01  1.4754e-03     2.6298e-01  3.4529e-03     2.4868e-01  3.2652e-03 
1.0610e+00     8.5610e-02  1.0769e-03     9.0833e-02  1.1426e-03     2.0844e-01  2.6765e-03     2.2116e-01  2.8398e-03 
1.1905e+00     6.0965e-02  6.5276e-04     7.2578e-02  7.7709e-04     1.6655e-01  1.8343e-03     1.9827e-01  2.1837e-03 
1.3357e+00     4.1144e-02  9.8873e-04     5.4958e-02  1.3207e-03     1.2612e-01  3.0481e-03     1.6846e-01  4.0714e-03 
1.4987e+00     2.8462e-02  1.2944e-03     4.2657e-02  1.9399e-03     9.7888e-02  4.4588e-03     1.4671e-01  6.6825e-03 
1.6816e+00     2.0076e-02  3.2465e-04     3.3760e-02  5.4593e-04     7.7471e-02  1.2686e-03     1.3027e-01  2.1333e-03 
1.8868e+00     1.2633e-02  3.6810e-04     2.3836e-02  6.9452e-04     5.4697e-02  1.6000e-03     1.0320e-01  3.0188e-03 
2.1170e+00     8.2080e-03  3.3597e-04     1.7376e-02  7.1124e-04     3.9874e-02  1.6354e-03     8.4414e-02  3.4621e-03 
2.3753e+00     5.0174e-03  2.1180e-04     1.1918e-02  5.0309e-04     2.7349e-02  1.1566e-03     6.4961e-02  2.7474e-03 
2.6651e+00     2.7111e-03  1.7603e-04     7.2256e-03  4.6915e-04     1.6581e-02  1.0774e-03     4.4191e-02  2.8715e-03 
2.9903e+00     1.3595e-03  4.3310e-05     4.0655e-03  1.2951e-04     9.3293e-03  2.9817e-04     2.7898e-02  8.9164e-04 
3.3552e+00     5.6563e-04  5.7281e-05     1.8978e-03  1.9219e-04     4.3550e-03  4.4118e-04     1.4612e-02  1.4802e-03 
3.7646e+00     1.9425e-04  5.4077e-05     7.3126e-04  2.0358e-04     1.6781e-03  4.6718e-04     6.3173e-03  1.7588e-03 
4.2240e+00     5.9768e-05  1.8057e-05     2.5246e-04  7.6273e-05     5.7934e-04  1.7504e-04     2.4471e-03  7.3934e-04 
4.7394e+00     1.6532e-05  5.3039e-06     7.8349e-05  2.5137e-05     1.7979e-04  5.7686e-05     8.5211e-04  2.7339e-04 
5.3176e+00     8.1855e-06  4.0333e-06     4.3527e-05  2.1448e-05     9.9886e-05  4.9218e-05     5.3116e-04  2.6172e-04 
5.9665e+00     2.9181e-06  1.6477e-06     1.7411e-05  9.8307e-06     3.9954e-05  2.2560e-05     2.3839e-04  1.3460e-04 
6.6945e+00     0.0000e+00  0.0000e+00     0.0000e+00  0.0000e+00     0.0000e+00  0.0000e+00     0.0000e+00  0.0000e+00 
7.5114e+00     0.0000e+00  0.0000e+00     0.0000e+00  0.0000e+00     0.0000e+00  0.0000e+00     0.0000e+00  0.0000e+00 
8.4279e+00     1.0329e-06  4.6193e-07     8.7055e-06  3.8931e-06     1.9977e-05  8.9338e-06     1.6837e-04  7.5294e-05 
9.4563e+00     0.0000e+00  0.0000e+00     0.0000e+00  0.0000e+00     0.0000e+00  0.0000e+00     0.0000e+00  0.0000e+00 
1.0610e+01     0.0000e+00  0.0000e+00     0.0000e+00  0.0000e+00     0.0000e+00  0.0000e+00     0.0000e+00  0.0000e+00 
1.1905e+01     7.3126e-07  4.3383e-07     8.7055e-06  5.1646e-06     1.9977e-05  1.1852e-05     2.3782e-04  1.4109e-04 
1.3357e+01     6.5174e-07  1.2116e-06     8.7055e-06  1.6184e-05     1.9977e-05  3.7139e-05     2.6684e-04  4.9607e-04 
1.4987e+01     0.0000e+00  0.0000e+00     0.0000e+00  0.0000e+00     0.0000e+00  0.0000e+00     0.0000e+00  0.0000e+00 
1.6816e+01     0.0000e+00  0.0000e+00     0.0000e+00  0.0000e+00     0.0000e+00  0.0000e+00     0.0000e+00  0.0000e+00 
1.8868e+01     9.2279e-07  2.8293e-07     1.7411e-05  5.3382e-06     3.9954e-05  1.2250e-05     7.5385e-04  2.3114e-04 
2.1170e+01     0.0000e+00  0.0000e+00     0.0000e+00  0.0000e+00     0.0000e+00  0.0000e+00     0.0000e+00  0.0000e+00 
2.3753e+01     0.0000e+00  0.0000e+00     0.0000e+00  0.0000e+00     0.0000e+00  0.0000e+00     0.0000e+00  0.0000e+00 
2.6651e+01     3.2664e-07  2.5484e-07     8.7055e-06  6.7918e-06     1.9977e-05  1.5586e-05     5.3242e-04  4.1538e-04 
2.9903e+01     2.9112e-07  9.9236e-07     8.7055e-06  2.9675e-05     1.9977e-05  6.8097e-05     5.9738e-04  2.0363e-03 
3.3552e+01     0.0000e+00  0.0000e+00     0.0000e+00  0.0000e+00     0.0000e+00  0.0000e+00     0.0000e+00  0.0000e+00 
3.7646e+01     0.0000e+00  0.0000e+00     0.0000e+00  0.0000e+00     0.0000e+00  0.0000e+00     0.0000e+00  0.0000e+00 
4.2240e+01     0.0000e+00  0.0000e+00     0.0000e+00  0.0000e+00     0.0000e+00  0.0000e+00     0.0000e+00  0.0000e+00 
4.7394e+01     1.8369e-07  3.9844e-07     8.7055e-06  1.8883e-05     1.9977e-05  4.3333e-05     9.4679e-04  2.0537e-03 
5.3176e+01     0.0000e+00  0.0000e+00     0.0000e+00  0.0000e+00     0.0000e+00  0.0000e+00     0.0000e+00  0.0000e+00 
5.9665e+01     4.3772e-07  1.8456e-07     2.6116e-05  1.1012e-05     5.9931e-05  2.5270e-05     3.5758e-03  1.5077e-03 
6.6945e+01     0.0000e+00  0.0000e+00     0.0000e+00  0.0000e+00     0.0000e+00  0.0000e+00     0.0000e+00  0.0000e+00 
7.5114e+01     1.1590e-07  6.2476e-08     8.7055e-06  4.6928e-06     1.9977e-05  1.0769e-05     1.5006e-03  8.0890e-04 
8.4279e+01     0.0000e+00  0.0000e+00     0.0000e+00  0.0000e+00     0.0000e+00  0.0000e+00     0.0000e+00  0.0000e+00 
9.4563e+01     9.2061e-08  1.0174e-07     8.7055e-06  9.6208e-06     1.9977e-05  2.2078e-05     1.8891e-03  2.0877e-03 
1.0610e+02     8.2049e-08  1.1547e-07     8.7055e-06  1.2252e-05     1.9977e-05  2.8115e-05     2.1196e-03  2.9830e-03 
1.1905e+02     0.0000e+00  0.0000e+00     0.0000e+00  0.0000e+00     0.0000e+00  0.0000e+00     0.0000e+00  0.0000e+00 
1.3357e+02     0.0000e+00  0.0000e+00     0.0000e+00  0.0000e+00     0.0000e+00  0.0000e+00     0.0000e+00  0.0000e+00 
1.4987e+02     5.8086e-08  5.5142e-08     8.7055e-06  8.2642e-06     1.9977e-05  1.8965e-05     2.9940e-03  2.8423e-03 
1.6816e+02     1.5531e-07  7.7929e-08     2.6116e-05  1.3104e-05     5.9931e-05  3.0072e-05     1.0078e-02  5.0569e-03 
1.8868e+02     4.6140e-08  2.1144e-08     8.7055e-06  3.9894e-06     1.9977e-05  9.1550e-06     3.7692e-03  1.7273e-03 
2.1170e+02     0.0000e+00  0.0000e+00     0.0000e+00  0.0000e+00     0.0000e+00  0.0000e+00     0.0000e+00  0.0000e+00 
2.3753e+02     0.0000e+00  0.0000e+00     0.0000e+00  0.0000e+00     0.0000e+00  0.0000e+00     0.0000e+00  0.0000e+00 
2.6651e+02     0.0000e+00  0.0000e+00     0.0000e+00  0.0000e+00     0.0000e+00  0.0000e+00     0.0000e+00  0.0000e+00 
2.9903e+02     2.9112e-08  1.7774e-08     8.7055e-06  5.3149e-06     1.9977e-05  1.2197e-05     5.9738e-03  3.6472e-03 
3.3552e+02     2.5946e-08  1.6931e-08     8.7055e-06  5.6808e-06     1.9977e-05  1.3036e-05     6.7027e-03  4.3740e-03 
3.7646e+02     2.3125e-08  1.1797e-08     8.7055e-06  4.4412e-06     1.9977e-05  1.0192e-05     7.5206e-03  3.8367e-03 
4.2240e+02     0.0000e+00  0.0000e+00     0.0000e+00  0.0000e+00     0.0000e+00  0.0000e+00     0.0000e+00  0.0000e+00 
4.7394e+02     0.0000e+00  0.0000e+00     0.0000e+00  0.0000e+00     0.0000e+00  0.0000e+00     0.0000e+00  0.0000e+00 
5.3176e+02     0.0000e+00  0.0000e+00     0.0000e+00  0.0000e+00     0.0000e+00  0.0000e+00     0.0000e+00  0.0000e+00 
5.9665e+02     0.0000e+00  0.0000e+00     0.0000e+00  0.0000e+00     0.0000e+00  0.0000e+00     0.0000e+00  0.0000e+00 
6.6945e+02     0.0000e+00  0.0000e+00     0.0000e+00  0.0000e+00     0.0000e+00  0.0000e+00     0.0000e+00  0.0000e+00 
7.5114e+02     1.1590e-08  8.5278e-09     8.7055e-06  6.4055e-06     1.9977e-05  1.4699e-05     1.5006e-02  1.1041e-02 
8.4279e+02     0.0000e+00  0.0000e+00     0.0000e+00  0.0000e+00     0.0000e+00  0.0000e+00     0.0000e+00  0.0000e+00 
9.4563e+02     0.0000e+00  0.0000e+00     0.0000e+00  0.0000e+00     0.0000e+00  0.0000e+00     0.0000e+00  0.0000e+00 
1.0610e+03     0.0000e+00  0.0000e+00     0.0000e+00  0.0000e+00     0.0000e+00  0.0000e+00     0.0000e+00  0.0000e+00 
1.1905e+03     0.0000e+00  0.0000e+00     0.0000e+00  0.0000e+00     0.0000e+00  0.0000e+00     0.0000e+00  0.0000e+00 
1.3357e+03     0.0000e+00  0.0000e+00     0.0000e+00  0.0000e+00     0.0000e+00  0.0000e+00     0.0000e+00  0.0000e+00 
1.4987e+03     0.0000e+00  0.0000e+00     0.0000e+00  0.0000e+00     0.0000e+00  0.0000e+00     0.0000e+00  0.0000e+00 
1.6816e+03     0.0000e+00  0.0000e+00     0.0000e+00  0.0000e+00     0.0000e+00  0.0000e+00     0.0000e+00  0.0000e+00 
1.8868e+03     0.0000e+00  0.0000e+00     0.0000e+00  0.0000e+00     0.0000e+00  0.0000e+00     0.0000e+00  0.0000e+00 
2.1170e+03     0.0000e+00  0.0000e+00     0.0000e+00  0.0000e+00     0.0000e+00  0.0000e+00     0.0000e+00  0.0000e+00 
2.3753e+03     0.0000e+00  0.0000e+00     0.0000e+00  0.0000e+00     0.0000e+00  0.0000e+00     0.0000e+00  0.0000e+00 
2.6651e+03     0.0000e+00  0.0000e+00     0.0000e+00  0.0000e+00     0.0000e+00  0.0000e+00     0.0000e+00  0.0000e+00 
2.9903e+03     0.0000e+00  0.0000e+00     0.0000e+00  0.0000e+00     0.0000e+00  0.0000e+00     0.0000e+00  0.0000e+00 
3.3552e+03     0.0000e+00  0.0000e+00     0.0000e+00  0.0000e+00     0.0000e+00  0.0000e+00     0.0000e+00  0.0000e+00 
3.7646e+03     0.0000e+00  0.0000e+00     0.0000e+00  0.0000e+00     0.0000e+00  0.0000e+00     0.0000e+00  0.0000e+00 
4.2240e+03     0.0000e+00  0.0000e+00     0.0000e+00  0.0000e+00     0.0000e+00  0.0000e+00     0.0000e+00  0.0000e+00 
4.7394e+03     0.0000e+00  0.0000e+00     0.0000e+00  0.0000e+00     0.0000e+00  0.0000e+00     0.0000e+00  0.0000e+00 
5.3176e+03     0.0000e+00  0.0000e+00     0.0000e+00  0.0000e+00     0.0000e+00  0.0000e+00     0.0000e+00  0.0000e+00 
5.9665e+03     0.0000e+00  0.0000e+00     0.0000e+00  0.0000e+00     0.0000e+00  0.0000e+00     0.0000e+00  0.0000e+00 
6.6945e+03     0.0000e+00  0.0000e+00     0.0000e+00  0.0000e+00     0.0000e+00  0.0000e+00     0.0000e+00  0.0000e+00 
7.5114e+03     0.0000e+00  0.0000e+00     0.0000e+00  0.0000e+00     0.0000e+00  0.0000e+00     0.0000e+00  0.0000e+00 
8.4279e+03     0.0000e+00  0.0000e+00     0.0000e+00  0.0000e+00     0.0000e+00  0.0000e+00     0.0000e+00  0.0000e+00 
9.4563e+03     0.0000e+00  0.0000e+00     0.0000e+00  0.0000e+00     0.0000e+00  0.0000e+00     0.0000e+00  0.0000e+00 
