yF = 5.8596e-01 (std: 3.9128e-03) keV/um
yD = 4.4861e+00 (std: 2.0822e+00) keV/um
y (keV/um)     f(y)(std)                  yf(y)(std)                 d(y)(std)                  yd(y)(std)  
1.0610e-03     8.2062e-03  1.1066e-02     8.7068e-06  1.1741e-05     1.4859e-05  2.0037e-05     1.5766e-08  2.1259e-08 
1.1905e-03     0.0000e+00  0.0000e+00     0.0000e+00  0.0000e+00     0.0000e+00  0.0000e+00     0.0000e+00  0.0000e+00 
1.3357e-03     0.0000e+00  0.0000e+00     0.0000e+00  0.0000e+00     0.0000e+00  0.0000e+00     0.0000e+00  0.0000e+00 
1.4987e-03     8.1333e-02  2.9693e-02     1.2190e-04  4.4501e-05     2.0803e-04  7.5959e-05     3.1177e-07  1.1384e-07 
1.6816e-03     5.1777e-03  5.5767e-03     8.7068e-06  9.3776e-06     1.4859e-05  1.6004e-05     2.4987e-08  2.6912e-08 
1.8868e-03     3.6917e-02  1.5898e-02     6.9654e-05  2.9996e-05     1.1887e-04  5.1198e-05     2.2428e-07  9.6599e-08 
2.1170e-03     1.6451e-02  9.7827e-03     3.4827e-05  2.0710e-05     5.9436e-05  3.5346e-05     1.2583e-07  7.4826e-08 
2.3753e-03     1.0997e-02  4.9228e-03     2.6120e-05  1.1693e-05     4.4577e-05  1.9958e-05     1.0588e-07  4.7405e-08 
2.6651e-03     1.6335e-02  7.0590e-03     4.3534e-05  1.8813e-05     7.4295e-05  3.2111e-05     1.9801e-07  8.5579e-08 
2.9903e-03     3.2028e-02  1.2606e-02     9.5775e-05  3.7697e-05     1.6345e-04  6.4342e-05     4.8877e-07  1.9240e-07 
3.3552e-03     2.8545e-02  9.6278e-03     9.5775e-05  3.2303e-05     1.6345e-04  5.5139e-05     5.4841e-07  1.8500e-07 
3.7646e-03     2.5441e-02  1.1894e-02     9.5775e-05  4.4775e-05     1.6345e-04  7.6421e-05     6.1532e-07  2.8770e-07 
4.2240e-03     2.0613e-02  1.2456e-02     8.7068e-05  5.2613e-05     1.4859e-04  8.9794e-05     6.2764e-07  3.7929e-07 
4.7394e-03     2.3883e-02  7.3783e-03     1.1319e-04  3.4968e-05     1.9317e-04  5.9691e-05     9.1549e-07  2.8290e-07 
5.3176e-03     3.9296e-02  1.0665e-02     2.0896e-04  5.6710e-05     3.5662e-04  9.6811e-05     1.8964e-06  5.1481e-07 
5.9665e-03     4.5238e-02  1.0391e-02     2.6991e-04  6.1998e-05     4.6063e-04  1.0585e-04     2.7483e-06  6.3155e-07 
6.6945e-03     2.6012e-02  7.2927e-03     1.7414e-04  4.8821e-05     2.9718e-04  8.3342e-05     1.9895e-06  5.5793e-07 
7.5114e-03     4.4048e-02  1.5932e-02     3.3086e-04  1.1967e-04     5.6464e-04  2.0427e-04     4.2412e-06  1.5343e-06 
8.4279e-03     3.4092e-02  1.1970e-02     2.8732e-04  1.0088e-04     4.9035e-04  1.7219e-04     4.1326e-06  1.4512e-06 
9.4563e-03     3.1305e-02  8.3340e-03     2.9603e-04  7.8808e-05     5.0521e-04  1.3454e-04     4.7774e-06  1.2722e-06 
1.0610e-02     4.3493e-02  9.3068e-03     4.6146e-04  9.8746e-05     7.8753e-04  1.6860e-04     8.3557e-06  1.7889e-06 
1.1905e-02     5.1928e-02  1.1514e-02     6.1818e-04  1.3707e-04     1.0550e-03  2.3403e-04     1.2559e-05  2.7860e-06 
1.3357e-02     4.8888e-02  7.9793e-03     6.5301e-04  1.0658e-04     1.1144e-03  1.8204e-04     1.4886e-05  2.4316e-06 
1.4987e-02     6.2162e-02  1.1274e-02     9.3163e-04  1.6897e-04     1.5899e-03  2.8856e-04     2.3828e-05  4.3247e-06 
1.6816e-02     6.3686e-02  1.4600e-02     1.0709e-03  2.4552e-04     1.8277e-03  4.1918e-04     3.0734e-05  7.0488e-06 
1.8868e-02     8.4448e-02  1.1818e-02     1.5933e-03  2.2298e-04     2.7192e-03  3.8097e-04     5.1305e-05  7.1881e-06 
2.1170e-02     9.8296e-02  1.0844e-02     2.0809e-03  2.2956e-04     3.5513e-03  3.9248e-04     7.5181e-05  8.3087e-06 
2.3753e-02     8.8340e-02  1.1910e-02     2.0983e-03  2.8290e-04     3.5810e-03  4.8339e-04     8.5060e-05  1.1482e-05 
2.6651e-02     1.1500e-01  1.0380e-02     3.0648e-03  2.7664e-04     5.2304e-03  4.7340e-04     1.3940e-04  1.2617e-05 
2.9903e-02     1.3452e-01  9.8788e-03     4.0225e-03  2.9541e-04     6.8649e-03  5.0622e-04     2.0528e-04  1.5138e-05 
3.3552e-02     1.4039e-01  1.0254e-02     4.7104e-03  3.4405e-04     8.0387e-03  5.8960e-04     2.6972e-04  1.9782e-05 
3.7646e-02     1.7022e-01  1.3793e-02     6.4082e-03  5.1925e-04     1.0936e-02  8.8916e-04     4.1171e-04  3.3473e-05 
4.2240e-02     1.7583e-01  1.1348e-02     7.4269e-03  4.7935e-04     1.2675e-02  8.2243e-04     5.3538e-04  3.4739e-05 
4.7394e-02     1.9914e-01  1.1707e-02     9.4382e-03  5.5484e-04     1.6107e-02  9.5298e-04     7.6338e-04  4.5165e-05 
5.3176e-02     2.3954e-01  1.7550e-02     1.2738e-02  9.3326e-04     2.1739e-02  1.5993e-03     1.1560e-03  8.5045e-05 
5.9665e-02     2.4881e-01  1.3421e-02     1.4845e-02  8.0077e-04     2.5335e-02  1.3770e-03     1.5116e-03  8.2160e-05 
6.6945e-02     2.6961e-01  1.1454e-02     1.8049e-02  7.6677e-04     3.0803e-02  1.3246e-03     2.0621e-03  8.8678e-05 
7.5114e-02     3.1239e-01  5.8014e-03     2.3465e-02  4.3576e-04     4.0045e-02  7.9029e-04     3.0079e-03  5.9361e-05 
8.4279e-02     3.2666e-01  4.9750e-03     2.7531e-02  4.1929e-04     4.6984e-02  7.8131e-04     3.9598e-03  6.5848e-05 
9.4563e-02     3.7078e-01  6.6234e-03     3.5062e-02  6.2633e-04     5.9837e-02  1.1411e-03     5.6584e-03  1.0791e-04 
1.0610e-01     4.0095e-01  7.7050e-03     4.2541e-02  8.1751e-04     7.2601e-02  1.4770e-03     7.7030e-03  1.5671e-04 
1.1905e-01     4.4307e-01  7.8183e-03     5.2746e-02  9.3075e-04     9.0016e-02  1.6983e-03     1.0716e-02  2.0218e-04 
1.3357e-01     4.9103e-01  1.5323e-02     6.5588e-02  2.0467e-03     1.1193e-01  3.5720e-03     1.4951e-02  4.7713e-04 
1.4987e-01     5.3936e-01  9.8846e-03     8.0834e-02  1.4814e-03     1.3795e-01  2.6908e-03     2.0675e-02  4.0327e-04 
1.6816e-01     6.0983e-01  9.9534e-03     1.0255e-01  1.6738e-03     1.7501e-01  3.0862e-03     2.9429e-02  5.1898e-04 
1.8868e-01     6.7203e-01  7.9762e-03     1.2680e-01  1.5049e-03     2.1639e-01  2.9469e-03     4.0828e-02  5.5601e-04 
2.1170e-01     7.5548e-01  5.1983e-03     1.5994e-01  1.1005e-03     2.7295e-01  2.6171e-03     5.7782e-02  5.5403e-04 
2.3753e-01     8.2314e-01  4.4444e-03     1.9552e-01  1.0557e-03     3.3367e-01  2.8654e-03     7.9258e-02  6.8061e-04 
2.6651e-01     9.2402e-01  7.3526e-03     2.4626e-01  1.9596e-03     4.2027e-01  4.3657e-03     1.1201e-01  1.1635e-03 
2.9903e-01     1.0507e+00  6.3898e-03     3.1420e-01  1.9108e-03     5.3622e-01  4.8430e-03     1.6035e-01  1.4482e-03 
3.3552e-01     1.1926e+00  1.3594e-02     4.0013e-01  4.5610e-03     6.8286e-01  9.0210e-03     2.2911e-01  3.0267e-03 
3.7646e-01     1.3512e+00  6.8483e-03     5.0868e-01  2.5781e-03     8.6811e-01  7.2775e-03     3.2681e-01  2.7397e-03 
4.2240e-01     1.5631e+00  5.4828e-03     6.6025e-01  2.3159e-03     1.1268e+00  8.4990e-03     4.7594e-01  3.5899e-03 
4.7394e-01     1.7841e+00  6.8408e-03     8.4554e-01  3.2421e-03     1.4430e+00  1.1111e-02     6.8389e-01  5.2660e-03 
5.3176e-01     1.8757e+00  6.7626e-03     9.9743e-01  3.5961e-03     1.7022e+00  1.2918e-02     9.0517e-01  6.8691e-03 
5.9665e-01     1.6450e+00  1.1251e-02     9.8150e-01  6.7128e-03     1.6750e+00  1.6011e-02     9.9940e-01  9.5528e-03 
6.6945e-01     1.1693e+00  5.1280e-03     7.8277e-01  3.4330e-03     1.3359e+00  1.0672e-02     8.9430e-01  7.1445e-03 
7.5114e-01     7.4424e-01  4.0556e-03     5.5903e-01  3.0463e-03     9.5404e-01  8.2227e-03     7.1661e-01  6.1764e-03 
8.4279e-01     4.5729e-01  4.1831e-03     3.8540e-01  3.5255e-03     6.5772e-01  7.4491e-03     5.5432e-01  6.2780e-03 
9.4563e-01     2.8634e-01  2.7023e-03     2.7077e-01  2.5553e-03     4.6210e-01  5.3422e-03     4.3697e-01  5.0517e-03 
1.0610e+00     1.8331e-01  2.7989e-03     1.9449e-01  2.9696e-03     3.3192e-01  5.5314e-03     3.5217e-01  5.8689e-03 
1.1905e+00     1.2359e-01  1.8292e-03     1.4713e-01  2.1776e-03     2.5109e-01  4.0770e-03     2.9891e-01  4.8536e-03 
1.3357e+00     8.3227e-02  2.0324e-03     1.1117e-01  2.7147e-03     1.8972e-01  4.8031e-03     2.5341e-01  6.4156e-03 
1.4987e+00     5.6323e-02  1.1152e-03     8.4413e-02  1.6714e-03     1.4406e-01  3.0102e-03     2.1590e-01  4.5114e-03 
1.6816e+00     3.8289e-02  7.5292e-04     6.4387e-02  1.2661e-03     1.0988e-01  2.2819e-03     1.8478e-01  3.8372e-03 
1.8868e+00     2.5016e-02  5.6990e-04     4.7200e-02  1.0753e-03     8.0551e-02  1.9123e-03     1.5198e-01  3.6080e-03 
2.1170e+00     1.6521e-02  6.2227e-04     3.4975e-02  1.3173e-03     5.9689e-02  2.2832e-03     1.2636e-01  4.8336e-03 
2.3753e+00     1.0161e-02  2.6718e-04     2.4135e-02  6.3464e-04     4.1189e-02  1.1175e-03     9.7837e-02  2.6543e-03 
2.6651e+00     5.5668e-03  1.1009e-04     1.4836e-02  2.9340e-04     2.5320e-02  5.2850e-04     6.7481e-02  1.4085e-03 
2.9903e+00     2.8214e-03  1.7244e-04     8.4369e-03  5.1565e-04     1.4398e-02  8.8525e-04     4.3056e-02  2.6472e-03 
3.3552e+00     1.2197e-03  7.2206e-05     4.0922e-03  2.4227e-04     6.9837e-03  4.1607e-04     2.3432e-02  1.3960e-03 
3.7646e+00     4.8338e-04  4.4986e-05     1.8197e-03  1.6935e-04     3.1055e-03  2.8976e-04     1.1691e-02  1.0908e-03 
4.2240e+00     1.6696e-04  1.8632e-05     7.0525e-04  7.8700e-05     1.2036e-03  1.3455e-04     5.0839e-03  5.6833e-04 
4.7394e+00     4.2254e-05  1.5661e-05     2.0026e-04  7.4223e-05     3.4176e-04  1.2669e-04     1.6197e-03  6.0042e-04 
5.3176e+00     1.1461e-05  3.6936e-06     6.0948e-05  1.9641e-05     1.0401e-04  3.3527e-05     5.5310e-04  1.7828e-04 
5.9665e+00     7.2964e-06  2.6100e-06     4.3534e-05  1.5573e-05     7.4295e-05  2.6581e-05     4.4328e-04  1.5859e-04 
6.6945e+00     0.0000e+00  0.0000e+00     0.0000e+00  0.0000e+00     0.0000e+00  0.0000e+00     0.0000e+00  0.0000e+00 
7.5114e+00     1.1592e-06  8.0435e-07     8.7068e-06  6.0417e-06     1.4859e-05  1.0311e-05     1.1161e-04  7.7452e-05 
8.4279e+00     1.0331e-06  6.7419e-07     8.7068e-06  5.6820e-06     1.4859e-05  9.6973e-06     1.2523e-04  8.1728e-05 
9.4563e+00     0.0000e+00  0.0000e+00     0.0000e+00  0.0000e+00     0.0000e+00  0.0000e+00     0.0000e+00  0.0000e+00 
1.0610e+01     0.0000e+00  0.0000e+00     0.0000e+00  0.0000e+00     0.0000e+00  0.0000e+00     0.0000e+00  0.0000e+00 
1.1905e+01     0.0000e+00  0.0000e+00     0.0000e+00  0.0000e+00     0.0000e+00  0.0000e+00     0.0000e+00  0.0000e+00 
1.3357e+01     0.0000e+00  0.0000e+00     0.0000e+00  0.0000e+00     0.0000e+00  0.0000e+00     0.0000e+00  0.0000e+00 
1.4987e+01     5.8095e-07  5.8433e-07     8.7068e-06  8.7574e-06     1.4859e-05  1.4946e-05     2.2269e-04  2.2399e-04 
1.6816e+01     0.0000e+00  0.0000e+00     0.0000e+00  0.0000e+00     0.0000e+00  0.0000e+00     0.0000e+00  0.0000e+00 
1.8868e+01     4.6147e-07  1.3684e-06     8.7068e-06  2.5819e-05     1.4859e-05  4.4063e-05     2.8036e-04  8.3136e-04 
2.1170e+01     4.1128e-07  1.7448e-07     8.7068e-06  3.6937e-06     1.4859e-05  6.3045e-06     3.1456e-04  1.3347e-04 
2.3753e+01     0.0000e+00  0.0000e+00     0.0000e+00  0.0000e+00     0.0000e+00  0.0000e+00     0.0000e+00  0.0000e+00 
2.6651e+01     3.2669e-07  3.2673e-08     8.7068e-06  8.7077e-07     1.4859e-05  1.4894e-06     3.9601e-04  3.9693e-05 
2.9903e+01     2.9117e-07  1.3967e-07     8.7068e-06  4.1765e-06     1.4859e-05  7.1283e-06     4.4433e-04  2.1316e-04 
3.3552e+01     0.0000e+00  0.0000e+00     0.0000e+00  0.0000e+00     0.0000e+00  0.0000e+00     0.0000e+00  0.0000e+00 
3.7646e+01     0.0000e+00  0.0000e+00     0.0000e+00  0.0000e+00     0.0000e+00  0.0000e+00     0.0000e+00  0.0000e+00 
4.2240e+01     0.0000e+00  0.0000e+00     0.0000e+00  0.0000e+00     0.0000e+00  0.0000e+00     0.0000e+00  0.0000e+00 
4.7394e+01     1.8371e-07  1.3837e-07     8.7068e-06  6.5577e-06     1.4859e-05  1.1192e-05     7.0422e-04  5.3042e-04 
5.3176e+01     3.2747e-07  1.0976e-06     1.7414e-05  5.8364e-05     2.9718e-05  9.9604e-05     1.5803e-03  5.2966e-03 
5.9665e+01     0.0000e+00  0.0000e+00     0.0000e+00  0.0000e+00     0.0000e+00  0.0000e+00     0.0000e+00  0.0000e+00 
6.6945e+01     2.6012e-07  1.2920e-07     1.7414e-05  8.6493e-06     2.9718e-05  1.4762e-05     1.9895e-03  9.8826e-04 
7.5114e+01     1.1592e-07  1.0636e-07     8.7068e-06  7.9894e-06     1.4859e-05  1.3635e-05     1.1161e-03  1.0242e-03 
8.4279e+01     2.0662e-07  1.1515e-07     1.7414e-05  9.7051e-06     2.9718e-05  1.6564e-05     2.5046e-03  1.3960e-03 
9.4563e+01     0.0000e+00  0.0000e+00     0.0000e+00  0.0000e+00     0.0000e+00  0.0000e+00     0.0000e+00  0.0000e+00 
1.0610e+02     1.6412e-07  3.8434e-07     1.7414e-05  4.0779e-05     2.9718e-05  6.9593e-05     3.1531e-03  7.3839e-03 
1.1905e+02     7.3137e-08  3.5841e-08     8.7068e-06  4.2668e-06     1.4859e-05  7.2823e-06     1.7689e-03  8.6694e-04 
1.3357e+02     0.0000e+00  0.0000e+00     0.0000e+00  0.0000e+00     0.0000e+00  0.0000e+00     0.0000e+00  0.0000e+00 
1.4987e+02     5.8095e-08  2.8469e-08     8.7068e-06  4.2668e-06     1.4859e-05  7.2823e-06     2.2269e-03  1.0914e-03 
1.6816e+02     5.1777e-08  2.6416e-08     8.7068e-06  4.4421e-06     1.4859e-05  7.5814e-06     2.4987e-03  1.2749e-03 
1.8868e+02     0.0000e+00  0.0000e+00     0.0000e+00  0.0000e+00     0.0000e+00  0.0000e+00     0.0000e+00  0.0000e+00 
2.1170e+02     8.2256e-08  7.4283e-08     1.7414e-05  1.5726e-05     2.9718e-05  2.6838e-05     6.2913e-03  5.6816e-03 
2.3753e+02     3.6656e-08  6.8148e-08     8.7068e-06  1.6187e-05     1.4859e-05  2.7625e-05     3.5295e-03  6.5619e-03 
2.6651e+02     9.8008e-08  5.8519e-08     2.6120e-05  1.5596e-05     4.4577e-05  2.6618e-05     1.1880e-02  7.0941e-03 
2.9903e+02     5.8233e-08  3.3687e-07     1.7414e-05  1.0073e-04     2.9718e-05  1.7191e-04     8.8867e-03  5.1407e-02 
3.3552e+02     2.5950e-08  1.6719e-08     8.7068e-06  5.6096e-06     1.4859e-05  9.5738e-06     4.9855e-03  3.2122e-03 
3.7646e+02     0.0000e+00  0.0000e+00     0.0000e+00  0.0000e+00     0.0000e+00  0.0000e+00     0.0000e+00  0.0000e+00 
4.2240e+02     0.0000e+00  0.0000e+00     0.0000e+00  0.0000e+00     0.0000e+00  0.0000e+00     0.0000e+00  0.0000e+00 
4.7394e+02     1.8371e-08  2.2955e-08     8.7068e-06  1.0879e-05     1.4859e-05  1.8566e-05     7.0422e-03  8.7993e-03 
5.3176e+02     0.0000e+00  0.0000e+00     0.0000e+00  0.0000e+00     0.0000e+00  0.0000e+00     0.0000e+00  0.0000e+00 
5.9665e+02     0.0000e+00  0.0000e+00     0.0000e+00  0.0000e+00     0.0000e+00  0.0000e+00     0.0000e+00  0.0000e+00 
6.6945e+02     1.3006e-08  6.1011e-09     8.7068e-06  4.0844e-06     1.4859e-05  6.9711e-06     9.9474e-03  4.6668e-03 
7.5114e+02     0.0000e+00  0.0000e+00     0.0000e+00  0.0000e+00     0.0000e+00  0.0000e+00     0.0000e+00  0.0000e+00 
8.4279e+02     1.0331e-08  7.2544e-09     8.7068e-06  6.1139e-06     1.4859e-05  1.0434e-05     1.2523e-02  8.7940e-03 
9.4563e+02     0.0000e+00  0.0000e+00     0.0000e+00  0.0000e+00     0.0000e+00  0.0000e+00     0.0000e+00  0.0000e+00 
1.0610e+03     0.0000e+00  0.0000e+00     0.0000e+00  0.0000e+00     0.0000e+00  0.0000e+00     0.0000e+00  0.0000e+00 
1.1905e+03     0.0000e+00  0.0000e+00     0.0000e+00  0.0000e+00     0.0000e+00  0.0000e+00     0.0000e+00  0.0000e+00 
1.3357e+03     0.0000e+00  0.0000e+00     0.0000e+00  0.0000e+00     0.0000e+00  0.0000e+00     0.0000e+00  0.0000e+00 
1.4987e+03     0.0000e+00  0.0000e+00     0.0000e+00  0.0000e+00     0.0000e+00  0.0000e+00     0.0000e+00  0.0000e+00 
1.6816e+03     0.0000e+00  0.0000e+00     0.0000e+00  0.0000e+00     0.0000e+00  0.0000e+00     0.0000e+00  0.0000e+00 
1.8868e+03     0.0000e+00  0.0000e+00     0.0000e+00  0.0000e+00     0.0000e+00  0.0000e+00     0.0000e+00  0.0000e+00 
2.1170e+03     0.0000e+00  0.0000e+00     0.0000e+00  0.0000e+00     0.0000e+00  0.0000e+00     0.0000e+00  0.0000e+00 
2.3753e+03     0.0000e+00  0.0000e+00     0.0000e+00  0.0000e+00     0.0000e+00  0.0000e+00     0.0000e+00  0.0000e+00 
2.6651e+03     0.0000e+00  0.0000e+00     0.0000e+00  0.0000e+00     0.0000e+00  0.0000e+00     0.0000e+00  0.0000e+00 
2.9903e+03     0.0000e+00  0.0000e+00     0.0000e+00  0.0000e+00     0.0000e+00  0.0000e+00     0.0000e+00  0.0000e+00 
3.3552e+03     0.0000e+00  0.0000e+00     0.0000e+00  0.0000e+00     0.0000e+00  0.0000e+00     0.0000e+00  0.0000e+00 
3.7646e+03     0.0000e+00  0.0000e+00     0.0000e+00  0.0000e+00     0.0000e+00  0.0000e+00     0.0000e+00  0.0000e+00 
4.2240e+03     0.0000e+00  0.0000e+00     0.0000e+00  0.0000e+00     0.0000e+00  0.0000e+00     0.0000e+00  0.0000e+00 
4.7394e+03     0.0000e+00  0.0000e+00     0.0000e+00  0.0000e+00     0.0000e+00  0.0000e+00     0.0000e+00  0.0000e+00 
5.3176e+03     0.0000e+00  0.0000e+00     0.0000e+00  0.0000e+00     0.0000e+00  0.0000e+00     0.0000e+00  0.0000e+00 
5.9665e+03     0.0000e+00  0.0000e+00     0.0000e+00  0.0000e+00     0.0000e+00  0.0000e+00     0.0000e+00  0.0000e+00 
6.6945e+03     0.0000e+00  0.0000e+00     0.0000e+00  0.0000e+00     0.0000e+00  0.0000e+00     0.0000e+00  0.0000e+00 
7.5114e+03     0.0000e+00  0.0000e+00     0.0000e+00  0.0000e+00     0.0000e+00  0.0000e+00     0.0000e+00  0.0000e+00 
8.4279e+03     0.0000e+00  0.0000e+00     0.0000e+00  0.0000e+00     0.0000e+00  0.0000e+00     0.0000e+00  0.0000e+00 
9.4563e+03     0.0000e+00  0.0000e+00     0.0000e+00  0.0000e+00     0.0000e+00  0.0000e+00     0.0000e+00  0.0000e+00 
