yF = 6.4781e-01 (std: 3.1385e-03) keV/um
yD = 4.3179e+00 (std: 3.0072e+00) keV/um
y (keV/um)     f(y)(std)                  yf(y)(std)                 d(y)(std)                  yd(y)(std)  
1.0610e-03     0.0000e+00  0.0000e+00     0.0000e+00  0.0000e+00     0.0000e+00  0.0000e+00     0.0000e+00  0.0000e+00 
1.1905e-03     0.0000e+00  0.0000e+00     0.0000e+00  0.0000e+00     0.0000e+00  0.0000e+00     0.0000e+00  0.0000e+00 
1.3357e-03     0.0000e+00  0.0000e+00     0.0000e+00  0.0000e+00     0.0000e+00  0.0000e+00     0.0000e+00  0.0000e+00 
1.4987e-03     3.4860e-02  6.4056e-02     5.2246e-05  9.6002e-05     8.0650e-05  1.4819e-04     1.2087e-07  2.2210e-07 
1.6816e-03     3.1069e-02  7.3391e-02     5.2246e-05  1.2341e-04     8.0650e-05  1.9051e-04     1.3562e-07  3.2036e-07 
1.8868e-03     2.3076e-02  1.1853e-02     4.3538e-05  2.2364e-05     6.7208e-05  3.4523e-05     1.2681e-07  6.5138e-08 
2.1170e-03     4.1132e-03  8.2260e-03     8.7076e-06  1.7414e-05     1.3442e-05  2.6882e-05     2.8456e-08  5.6909e-08 
2.3753e-03     1.4664e-02  4.7574e-03     3.4831e-05  1.1300e-05     5.3767e-05  1.7446e-05     1.2771e-07  4.1439e-08 
2.6651e-03     1.9603e-02  2.4870e-02     5.2246e-05  6.6282e-05     8.0650e-05  1.0232e-04     2.1494e-07  2.7269e-07 
2.9903e-03     1.7472e-02  2.3189e-02     5.2246e-05  6.9343e-05     8.0650e-05  1.0704e-04     2.4117e-07  3.2009e-07 
3.3552e-03     1.8167e-02  6.8092e-03     6.0953e-05  2.2846e-05     9.4091e-05  3.5270e-05     3.1570e-07  1.1834e-07 
3.7646e-03     3.2382e-02  9.8918e-03     1.2191e-04  3.7239e-05     1.8818e-04  5.7491e-05     7.0843e-07  2.1643e-07 
4.2240e-03     2.4738e-02  1.1331e-02     1.0449e-04  4.7860e-05     1.6130e-04  7.3884e-05     6.8132e-07  3.1208e-07 
4.7394e-03     1.4698e-02  4.5818e-03     6.9661e-05  2.1715e-05     1.0753e-04  3.3525e-05     5.0964e-07  1.5888e-07 
5.3176e-03     3.1112e-02  9.9054e-03     1.6545e-04  5.2674e-05     2.5539e-04  8.1320e-05     1.3581e-06  4.3243e-07 
5.9665e-03     2.6270e-02  8.7159e-03     1.5674e-04  5.2004e-05     2.4195e-04  8.0284e-05     1.4436e-06  4.7902e-07 
6.6945e-03     2.7315e-02  7.7767e-03     1.8286e-04  5.2061e-05     2.8227e-04  8.0376e-05     1.8897e-06  5.3808e-07 
7.5114e-03     2.8982e-02  1.5154e-02     2.1769e-04  1.1383e-04     3.3604e-04  1.7571e-04     2.5241e-06  1.3199e-06 
8.4279e-03     1.9631e-02  8.2358e-03     1.6545e-04  6.9410e-05     2.5539e-04  1.0715e-04     2.1524e-06  9.0307e-07 
9.4563e-03     3.4992e-02  8.6151e-03     3.3089e-04  8.1467e-05     5.1078e-04  1.2578e-04     4.8301e-06  1.1894e-06 
1.0610e-02     3.2007e-02  2.0526e-02     3.3960e-04  2.1778e-04     5.2422e-04  3.3619e-04     5.5621e-06  3.5670e-06 
1.1905e-02     3.5841e-02  6.0457e-03     4.2667e-04  7.1973e-05     6.5864e-04  1.1115e-04     7.8409e-06  1.3232e-06 
1.3357e-02     4.6285e-02  7.2908e-03     6.1824e-04  9.7385e-05     9.5436e-04  1.5040e-04     1.2748e-05  2.0089e-06 
1.4987e-02     4.0089e-02  9.1561e-03     6.0083e-04  1.3722e-04     9.2747e-04  2.1187e-04     1.3900e-05  3.1754e-06 
1.6816e-02     5.5925e-02  4.2325e-03     9.4042e-04  7.1173e-05     1.4517e-03  1.1009e-04     2.4412e-05  1.8513e-06 
1.8868e-02     5.4458e-02  2.1582e-02     1.0275e-03  4.0721e-04     1.5861e-03  6.2864e-04     2.9926e-05  1.1861e-05 
2.1170e-02     7.4860e-02  7.2696e-03     1.5848e-03  1.5390e-04     2.4464e-03  2.3786e-04     5.1790e-05  5.0355e-06 
2.3753e-02     7.1852e-02  7.7425e-03     1.7067e-03  1.8391e-04     2.6346e-03  2.8418e-04     6.2579e-05  6.7501e-06 
2.6651e-02     8.6582e-02  8.8386e-03     2.3075e-03  2.3556e-04     3.5620e-03  3.6403e-04     9.4933e-05  9.7020e-06 
2.9903e-02     1.0541e-01  1.0740e-02     3.1522e-03  3.2116e-04     4.8659e-03  4.9633e-04     1.4551e-04  1.4842e-05 
3.3552e-02     1.2224e-01  7.3938e-03     4.1013e-03  2.4808e-04     6.3310e-03  3.8417e-04     2.1242e-04  1.2890e-05 
3.7646e-02     1.2236e-01  1.2964e-02     4.6063e-03  4.8803e-04     7.1106e-03  7.5415e-04     2.6769e-04  2.8391e-05 
4.2240e-02     1.4204e-01  5.7660e-03     5.9996e-03  2.4355e-04     9.2613e-03  3.7863e-04     3.9119e-04  1.5993e-05 
4.7394e-02     1.5985e-01  9.1746e-03     7.5756e-03  4.3482e-04     1.1694e-02  6.7360e-04     5.5423e-04  3.1924e-05 
5.3176e-02     1.8487e-01  1.0117e-02     9.8309e-03  5.3798e-04     1.5176e-02  8.3371e-04     8.0698e-04  4.4334e-05 
5.9665e-02     2.0315e-01  8.9303e-03     1.2121e-02  5.3283e-04     1.8711e-02  8.2748e-04     1.1164e-03  4.9372e-05 
6.6945e-02     2.2151e-01  5.3445e-03     1.4829e-02  3.5779e-04     2.2891e-02  5.6332e-04     1.5324e-03  3.7712e-05 
7.5114e-02     2.4263e-01  7.7647e-03     1.8225e-02  5.8323e-04     2.8133e-02  9.1057e-04     2.1132e-03  6.8396e-05 
8.4279e-02     2.8268e-01  1.0082e-02     2.3824e-02  8.4967e-04     3.6776e-02  1.3236e-03     3.0995e-03  1.1156e-04 
9.4563e-02     3.0553e-01  4.1208e-03     2.8892e-02  3.8967e-04     4.4599e-02  6.3915e-04     4.2174e-03  6.0440e-05 
1.0610e-01     3.2861e-01  1.1741e-02     3.4865e-02  1.2457e-03     5.3820e-02  1.9405e-03     5.7104e-03  2.0589e-04 
1.1905e-01     3.5673e-01  5.7335e-03     4.2467e-02  6.8255e-04     6.5555e-02  1.1005e-03     7.8041e-03  1.3101e-04 
1.3357e-01     4.0744e-01  1.8754e-02     5.4423e-02  2.5051e-03     8.4010e-02  3.8884e-03     1.1222e-02  5.1938e-04 
1.4987e-01     4.4575e-01  9.3702e-03     6.6805e-02  1.4043e-03     1.0312e-01  2.2246e-03     1.5455e-02  3.3341e-04 
1.6816e-01     4.8634e-01  7.2904e-03     8.1782e-02  1.2259e-03     1.2624e-01  1.9888e-03     2.1229e-02  3.3444e-04 
1.8868e-01     5.3886e-01  1.3972e-02     1.0167e-01  2.6363e-03     1.5694e-01  4.1399e-03     2.9612e-02  7.8111e-04 
2.1170e-01     6.0226e-01  6.1784e-03     1.2750e-01  1.3080e-03     1.9681e-01  2.2329e-03     4.1665e-02  4.7270e-04 
2.3753e-01     6.7808e-01  9.2101e-03     1.6107e-01  2.1877e-03     2.4863e-01  3.5854e-03     5.9057e-02  8.5165e-04 
2.6651e-01     7.5512e-01  8.5755e-03     2.0125e-01  2.2855e-03     3.1066e-01  3.8356e-03     8.2796e-02  1.0222e-03 
2.9903e-01     8.3535e-01  9.0414e-03     2.4980e-01  2.7037e-03     3.8560e-01  4.5726e-03     1.1531e-01  1.3673e-03 
3.3552e-01     9.5210e-01  9.1349e-03     3.1945e-01  3.0649e-03     4.9312e-01  5.3002e-03     1.6545e-01  1.7783e-03 
3.7646e-01     1.0778e+00  7.1024e-03     4.0573e-01  2.6738e-03     6.2631e-01  5.1228e-03     2.3578e-01  1.9285e-03 
4.2240e-01     1.2203e+00  1.1302e-02     5.1544e-01  4.7739e-03     7.9566e-01  8.3166e-03     3.3608e-01  3.5129e-03 
4.7394e-01     1.4131e+00  8.6284e-03     6.6970e-01  4.0893e-03     1.0338e+00  8.0580e-03     4.8995e-01  3.8190e-03 
5.3176e-01     1.6098e+00  5.0565e-03     8.5601e-01  2.6889e-03     1.3214e+00  7.6297e-03     7.0267e-01  4.0572e-03 
5.9665e-01     1.6959e+00  1.0869e-02     1.0119e+00  6.4847e-03     1.5620e+00  1.2549e-02     9.3194e-01  7.4871e-03 
6.6945e-01     1.4624e+00  6.7022e-03     9.7902e-01  4.4868e-03     1.5113e+00  1.0079e-02     1.0117e+00  6.7471e-03 
7.5114e-01     1.0296e+00  1.0113e-02     7.7336e-01  7.5963e-03     1.1938e+00  1.3075e-02     8.9671e-01  9.8210e-03 
8.4279e-01     6.4856e-01  2.7278e-03     5.4660e-01  2.2990e-03     8.4376e-01  5.4133e-03     7.1111e-01  4.5623e-03 
9.4563e-01     3.9864e-01  2.5108e-03     3.7696e-01  2.3742e-03     5.8190e-01  4.6239e-03     5.5026e-01  4.3724e-03 
1.0610e+00     2.5265e-01  1.9727e-03     2.6806e-01  2.0931e-03     4.1380e-01  3.8024e-03     4.3905e-01  4.0344e-03 
1.1905e+00     1.6418e-01  8.4198e-04     1.9545e-01  1.0023e-03     3.0171e-01  2.1285e-03     3.5918e-01  2.5340e-03 
1.3357e+00     1.1025e-01  2.6328e-03     1.4726e-01  3.5166e-03     2.2732e-01  5.5391e-03     3.0364e-01  7.3988e-03 
1.4987e+00     7.1946e-02  1.2653e-03     1.0783e-01  1.8963e-03     1.6645e-01  3.0363e-03     2.4946e-01  4.5506e-03 
1.6816e+00     4.8613e-02  5.5414e-04     8.1747e-02  9.3183e-04     1.2619e-01  1.5630e-03     2.1220e-01  2.6283e-03 
1.8868e+00     3.2449e-02  7.0585e-04     6.1223e-02  1.3318e-03     9.4508e-02  2.1062e-03     1.7832e-01  3.9739e-03 
2.1170e+00     2.0463e-02  2.1017e-04     4.3320e-02  4.4494e-04     6.6872e-02  7.5940e-04     1.4157e-01  1.6077e-03 
2.3753e+00     1.2611e-02  4.1114e-04     2.9954e-02  9.7658e-04     4.6239e-02  1.5241e-03     1.0983e-01  3.6201e-03 
2.6651e+00     7.3513e-03  4.3734e-04     1.9592e-02  1.1656e-03     3.0244e-02  1.8052e-03     8.0603e-02  4.8111e-03 
2.9903e+00     3.8321e-03  3.7315e-04     1.1459e-02  1.1158e-03     1.7689e-02  1.7246e-03     5.2896e-02  5.1572e-03 
3.3552e+00     1.5883e-03  7.9732e-05     5.3291e-03  2.6752e-04     8.2263e-03  4.1487e-04     2.7601e-02  1.3920e-03 
3.7646e+00     5.9445e-04  3.9476e-05     2.2379e-03  1.4861e-04     3.4545e-03  2.3002e-04     1.3005e-02  8.6592e-04 
4.2240e+00     1.9790e-04  2.9395e-05     8.3593e-04  1.2416e-04     1.2904e-03  1.9177e-04     5.4506e-03  8.1003e-04 
4.7394e+00     7.1655e-05  2.0501e-05     3.3960e-04  9.7162e-05     5.2422e-04  1.5001e-04     2.4845e-03  7.1093e-04 
5.3176e+00     2.6200e-05  9.5295e-06     1.3932e-04  5.0674e-05     2.1507e-04  7.8231e-05     1.1436e-03  4.1600e-04 
5.9665e+00     5.8377e-06  3.0924e-06     3.4831e-05  1.8451e-05     5.3767e-05  2.8483e-05     3.2080e-04  1.6994e-04 
6.6945e+00     3.9021e-06  1.5777e-06     2.6123e-05  1.0562e-05     4.0325e-05  1.6305e-05     2.6996e-04  1.0915e-04 
7.5114e+00     0.0000e+00  0.0000e+00     0.0000e+00  0.0000e+00     0.0000e+00  0.0000e+00     0.0000e+00  0.0000e+00 
8.4279e+00     0.0000e+00  0.0000e+00     0.0000e+00  0.0000e+00     0.0000e+00  0.0000e+00     0.0000e+00  0.0000e+00 
9.4563e+00     0.0000e+00  0.0000e+00     0.0000e+00  0.0000e+00     0.0000e+00  0.0000e+00     0.0000e+00  0.0000e+00 
1.0610e+01     0.0000e+00  0.0000e+00     0.0000e+00  0.0000e+00     0.0000e+00  0.0000e+00     0.0000e+00  0.0000e+00 
1.1905e+01     7.3144e-07  1.1341e-06     8.7076e-06  1.3501e-05     1.3442e-05  2.0841e-05     1.6002e-04  2.4811e-04 
1.3357e+01     0.0000e+00  0.0000e+00     0.0000e+00  0.0000e+00     0.0000e+00  0.0000e+00     0.0000e+00  0.0000e+00 
1.4987e+01     1.7430e-06  4.8100e-07     2.6123e-05  7.2089e-06     4.0325e-05  1.1130e-05     6.0436e-04  1.6680e-04 
1.6816e+01     0.0000e+00  0.0000e+00     0.0000e+00  0.0000e+00     0.0000e+00  0.0000e+00     0.0000e+00  0.0000e+00 
1.8868e+01     4.6151e-07  1.7870e-07     8.7076e-06  3.3717e-06     1.3442e-05  5.2052e-06     2.5361e-04  9.8210e-05 
2.1170e+01     1.2340e-06  5.0879e-07     2.6123e-05  1.0771e-05     4.0325e-05  1.6628e-05     8.5367e-04  3.5201e-04 
2.3753e+01     0.0000e+00  0.0000e+00     0.0000e+00  0.0000e+00     0.0000e+00  0.0000e+00     0.0000e+00  0.0000e+00 
2.6651e+01     3.2672e-07  5.6848e-07     8.7076e-06  1.5151e-05     1.3442e-05  2.3388e-05     3.5824e-04  6.2332e-04 
2.9903e+01     2.9119e-07  3.5164e-07     8.7076e-06  1.0515e-05     1.3442e-05  1.6232e-05     4.0195e-04  4.8539e-04 
3.3552e+01     0.0000e+00  0.0000e+00     0.0000e+00  0.0000e+00     0.0000e+00  0.0000e+00     0.0000e+00  0.0000e+00 
3.7646e+01     2.3130e-07  1.6049e-07     8.7076e-06  6.0417e-06     1.3442e-05  9.3266e-06     5.0602e-04  3.5111e-04 
4.2240e+01     2.0615e-07  4.4715e-07     8.7076e-06  1.8887e-05     1.3442e-05  2.9156e-05     5.6777e-04  1.2315e-03 
4.7394e+01     1.8373e-07  7.1143e-08     8.7076e-06  3.3717e-06     1.3442e-05  5.2052e-06     6.3705e-04  2.4669e-04 
5.3176e+01     3.2750e-07  1.2482e-07     1.7415e-05  6.6372e-06     2.6883e-05  1.0246e-05     1.4296e-03  5.4487e-04 
5.9665e+01     0.0000e+00  0.0000e+00     0.0000e+00  0.0000e+00     0.0000e+00  0.0000e+00     0.0000e+00  0.0000e+00 
6.6945e+01     1.3007e-07  2.1309e-07     8.7076e-06  1.4265e-05     1.3442e-05  2.2021e-05     8.9985e-04  1.4742e-03 
7.5114e+01     0.0000e+00  0.0000e+00     0.0000e+00  0.0000e+00     0.0000e+00  0.0000e+00     0.0000e+00  0.0000e+00 
8.4279e+01     2.0664e-07  1.3952e-07     1.7415e-05  1.1759e-05     2.6883e-05  1.8152e-05     2.2657e-03  1.5298e-03 
9.4563e+01     9.2083e-08  5.1343e-08     8.7076e-06  4.8551e-06     1.3442e-05  7.4949e-06     1.2711e-03  7.0874e-04 
1.0610e+02     8.2069e-08  2.9584e-08     8.7076e-06  3.1389e-06     1.3442e-05  4.8458e-06     1.4262e-03  5.1414e-04 
1.1905e+02     0.0000e+00  0.0000e+00     0.0000e+00  0.0000e+00     0.0000e+00  0.0000e+00     0.0000e+00  0.0000e+00 
1.3357e+02     6.5190e-08  7.6270e-08     8.7076e-06  1.0188e-05     1.3442e-05  1.5726e-05     1.7954e-03  2.1006e-03 
1.4987e+02     5.8101e-08  3.6944e-08     8.7076e-06  5.5369e-06     1.3442e-05  8.5473e-06     2.0145e-03  1.2810e-03 
1.6816e+02     1.0356e-07  2.4643e-07     1.7415e-05  4.1439e-05     2.6883e-05  6.3967e-05     4.5207e-03  1.0757e-02 
1.8868e+02     4.6151e-08  4.7422e-08     8.7076e-06  8.9474e-06     1.3442e-05  1.3812e-05     2.5361e-03  2.6060e-03 
2.1170e+02     4.1132e-08  4.9670e-08     8.7076e-06  1.0515e-05     1.3442e-05  1.6232e-05     2.8456e-03  3.4363e-03 
2.3753e+02     3.6659e-08  4.1643e-08     8.7076e-06  9.8915e-06     1.3442e-05  1.5269e-05     3.1928e-03  3.6269e-03 
2.6651e+02     3.2672e-08  1.3469e-08     8.7076e-06  3.5896e-06     1.3442e-05  5.5414e-06     3.5824e-03  1.4769e-03 
2.9903e+02     2.9119e-08  3.3078e-08     8.7076e-06  9.8915e-06     1.3442e-05  1.5269e-05     4.0195e-03  4.5660e-03 
3.3552e+02     2.5953e-08  1.9095e-08     8.7076e-06  6.4068e-06     1.3442e-05  9.8901e-06     4.5099e-03  3.3183e-03 
3.7646e+02     2.3130e-08  4.0061e-09     8.7076e-06  1.5081e-06     1.3442e-05  2.3290e-06     5.0602e-03  8.7676e-04 
4.2240e+02     2.0615e-08  1.0101e-08     8.7076e-06  4.2668e-06     1.3442e-05  6.5868e-06     5.6777e-03  2.7822e-03 
4.7394e+02     1.8373e-08  4.8604e-09     8.7076e-06  2.3035e-06     1.3442e-05  3.5564e-06     6.3705e-03  1.6855e-03 
5.3176e+02     3.2750e-08  9.8232e-09     1.7415e-05  5.2236e-06     2.6883e-05  8.0646e-06     1.4296e-02  4.2884e-03 
5.9665e+02     0.0000e+00  0.0000e+00     0.0000e+00  0.0000e+00     0.0000e+00  0.0000e+00     0.0000e+00  0.0000e+00 
6.6945e+02     0.0000e+00  0.0000e+00     0.0000e+00  0.0000e+00     0.0000e+00  0.0000e+00     0.0000e+00  0.0000e+00 
7.5114e+02     1.1593e-08  3.9514e-08     8.7076e-06  2.9681e-05     1.3442e-05  4.5817e-05     1.0097e-02  3.4415e-02 
8.4279e+02     0.0000e+00  0.0000e+00     0.0000e+00  0.0000e+00     0.0000e+00  0.0000e+00     0.0000e+00  0.0000e+00 
9.4563e+02     0.0000e+00  0.0000e+00     0.0000e+00  0.0000e+00     0.0000e+00  0.0000e+00     0.0000e+00  0.0000e+00 
1.0610e+03     0.0000e+00  0.0000e+00     0.0000e+00  0.0000e+00     0.0000e+00  0.0000e+00     0.0000e+00  0.0000e+00 
1.1905e+03     0.0000e+00  0.0000e+00     0.0000e+00  0.0000e+00     0.0000e+00  0.0000e+00     0.0000e+00  0.0000e+00 
1.3357e+03     0.0000e+00  0.0000e+00     0.0000e+00  0.0000e+00     0.0000e+00  0.0000e+00     0.0000e+00  0.0000e+00 
1.4987e+03     0.0000e+00  0.0000e+00     0.0000e+00  0.0000e+00     0.0000e+00  0.0000e+00     0.0000e+00  0.0000e+00 
1.6816e+03     0.0000e+00  0.0000e+00     0.0000e+00  0.0000e+00     0.0000e+00  0.0000e+00     0.0000e+00  0.0000e+00 
1.8868e+03     0.0000e+00  0.0000e+00     0.0000e+00  0.0000e+00     0.0000e+00  0.0000e+00     0.0000e+00  0.0000e+00 
2.1170e+03     0.0000e+00  0.0000e+00     0.0000e+00  0.0000e+00     0.0000e+00  0.0000e+00     0.0000e+00  0.0000e+00 
2.3753e+03     0.0000e+00  0.0000e+00     0.0000e+00  0.0000e+00     0.0000e+00  0.0000e+00     0.0000e+00  0.0000e+00 
2.6651e+03     0.0000e+00  0.0000e+00     0.0000e+00  0.0000e+00     0.0000e+00  0.0000e+00     0.0000e+00  0.0000e+00 
2.9903e+03     0.0000e+00  0.0000e+00     0.0000e+00  0.0000e+00     0.0000e+00  0.0000e+00     0.0000e+00  0.0000e+00 
3.3552e+03     0.0000e+00  0.0000e+00     0.0000e+00  0.0000e+00     0.0000e+00  0.0000e+00     0.0000e+00  0.0000e+00 
3.7646e+03     0.0000e+00  0.0000e+00     0.0000e+00  0.0000e+00     0.0000e+00  0.0000e+00     0.0000e+00  0.0000e+00 
4.2240e+03     0.0000e+00  0.0000e+00     0.0000e+00  0.0000e+00     0.0000e+00  0.0000e+00     0.0000e+00  0.0000e+00 
4.7394e+03     0.0000e+00  0.0000e+00     0.0000e+00  0.0000e+00     0.0000e+00  0.0000e+00     0.0000e+00  0.0000e+00 
5.3176e+03     0.0000e+00  0.0000e+00     0.0000e+00  0.0000e+00     0.0000e+00  0.0000e+00     0.0000e+00  0.0000e+00 
5.9665e+03     0.0000e+00  0.0000e+00     0.0000e+00  0.0000e+00     0.0000e+00  0.0000e+00     0.0000e+00  0.0000e+00 
6.6945e+03     0.0000e+00  0.0000e+00     0.0000e+00  0.0000e+00     0.0000e+00  0.0000e+00     0.0000e+00  0.0000e+00 
7.5114e+03     0.0000e+00  0.0000e+00     0.0000e+00  0.0000e+00     0.0000e+00  0.0000e+00     0.0000e+00  0.0000e+00 
8.4279e+03     0.0000e+00  0.0000e+00     0.0000e+00  0.0000e+00     0.0000e+00  0.0000e+00     0.0000e+00  0.0000e+00 
9.4563e+03     0.0000e+00  0.0000e+00     0.0000e+00  0.0000e+00     0.0000e+00  0.0000e+00     0.0000e+00  0.0000e+00 
