yF = 4.8422e-01 (std: 2.4674e-03) keV/um
yD = 2.7949e+00 (std: 1.0627e+00) keV/um
y (keV/um)     f(y)(std)                  yf(y)(std)                 d(y)(std)                  yd(y)(std)  
1.0610e-03     0.0000e+00  0.0000e+00     0.0000e+00  0.0000e+00     0.0000e+00  0.0000e+00     0.0000e+00  0.0000e+00 
1.1905e-03     0.0000e+00  0.0000e+00     0.0000e+00  0.0000e+00     0.0000e+00  0.0000e+00     0.0000e+00  0.0000e+00 
1.3357e-03     6.5175e-03  3.1937e-03     8.7057e-06  4.2659e-06     1.7979e-05  8.8104e-06     2.4015e-08  1.1768e-08 
1.4987e-03     6.3896e-02  1.6983e-02     9.5762e-05  2.5452e-05     1.9777e-04  5.2573e-05     2.9640e-07  7.8792e-08 
1.6816e-03     6.2125e-02  2.0243e-02     1.0447e-04  3.4040e-05     2.1575e-04  7.0307e-05     3.6280e-07  1.1823e-07 
1.8868e-03     3.6912e-02  1.6279e-02     6.9645e-05  3.0714e-05     1.4383e-04  6.3435e-05     2.7138e-07  1.1969e-07 
2.1170e-03     4.5235e-02  1.9216e-02     9.5762e-05  4.0681e-05     1.9777e-04  8.4020e-05     4.1867e-07  1.7787e-07 
2.3753e-03     1.8325e-02  2.1500e-02     4.3528e-05  5.1068e-05     8.9894e-05  1.0547e-04     2.1353e-07  2.5051e-07 
2.6651e-03     1.3066e-02  5.0586e-03     3.4823e-05  1.3482e-05     7.1915e-05  2.7845e-05     1.9166e-07  7.4210e-08 
2.9903e-03     4.0758e-02  2.6397e-02     1.2188e-04  7.8935e-05     2.5170e-04  1.6302e-04     7.5268e-07  4.8748e-07 
3.3552e-03     3.3731e-02  1.2840e-02     1.1317e-04  4.3080e-05     2.3372e-04  8.8976e-05     7.8419e-07  2.9853e-07 
3.7646e-03     4.6250e-02  1.9021e-02     1.7411e-04  7.1606e-05     3.5958e-04  1.4789e-04     1.3537e-06  5.5675e-07 
4.2240e-03     6.8014e-02  2.6991e-02     2.8729e-04  1.1401e-04     5.9330e-04  2.3547e-04     2.5061e-06  9.9460e-07 
4.7394e-03     4.2248e-02  2.8387e-02     2.0023e-04  1.3453e-04     4.1351e-04  2.7785e-04     1.9598e-06  1.3168e-06 
5.3176e-03     5.5662e-02  1.3978e-02     2.9599e-04  7.4329e-05     6.1128e-04  1.5354e-04     3.2506e-06  8.1645e-07 
5.9665e-03     5.2527e-02  1.3692e-02     3.1340e-04  8.1695e-05     6.4724e-04  1.6875e-04     3.8617e-06  1.0068e-06 
6.6945e-03     4.4214e-02  1.5858e-02     2.9599e-04  1.0616e-04     6.1128e-04  2.1926e-04     4.0922e-06  1.4678e-06 
7.5114e-03     5.9109e-02  8.3619e-03     4.4399e-04  6.2809e-05     9.1692e-04  1.2980e-04     6.8873e-06  9.7495e-07 
8.4279e-03     6.5076e-02  1.0587e-02     5.4846e-04  8.9229e-05     1.1327e-03  1.8437e-04     9.5460e-06  1.5538e-06 
9.4563e-03     7.1809e-02  3.3428e-02     6.7904e-04  3.1610e-04     1.4023e-03  6.5285e-04     1.3261e-05  6.1735e-06 
1.0610e-02     6.5641e-02  1.3823e-02     6.9645e-04  1.4666e-04     1.4383e-03  3.0297e-04     1.5261e-05  3.2145e-06 
1.1905e-02     8.4097e-02  1.3468e-02     1.0012e-03  1.6034e-04     2.0676e-03  3.3129e-04     2.4614e-05  3.9439e-06 
1.3357e-02     8.7335e-02  1.8465e-02     1.1666e-03  2.4664e-04     2.4092e-03  5.0952e-04     3.2180e-05  6.8058e-06 
1.4987e-02     1.0281e-01  1.1956e-02     1.5409e-03  1.7918e-04     3.1822e-03  3.7040e-04     4.7693e-05  5.5512e-06 
1.6816e-02     1.2166e-01  1.3311e-02     2.0458e-03  2.2384e-04     4.2250e-03  4.6278e-04     7.1047e-05  7.7820e-06 
1.8868e-02     1.2550e-01  9.0794e-03     2.3679e-03  1.7131e-04     4.8902e-03  3.5466e-04     9.2268e-05  6.6916e-06 
2.1170e-02     1.3941e-01  1.5093e-02     2.9512e-03  3.1951e-04     6.0948e-03  6.6058e-04     1.2903e-04  1.3984e-05 
2.3753e-02     1.4440e-01  4.4973e-03     3.4300e-03  1.0683e-04     7.0837e-03  2.2355e-04     1.6826e-04  5.3099e-06 
2.6651e-02     1.7770e-01  1.1205e-02     4.7359e-03  2.9863e-04     9.7805e-03  6.1874e-04     2.6066e-04  1.6490e-05 
2.9903e-02     1.9651e-01  1.4321e-02     5.8763e-03  4.2826e-04     1.2136e-02  8.8659e-04     3.6290e-04  2.6512e-05 
3.3552e-02     2.0809e-01  1.1233e-02     6.9819e-03  3.7688e-04     1.4419e-02  7.8179e-04     4.8379e-04  2.6231e-05 
3.7646e-02     2.5091e-01  8.3806e-03     9.4456e-03  3.1550e-04     1.9507e-02  6.5910e-04     7.3436e-04  2.4812e-05 
4.2240e-02     2.5804e-01  9.3132e-03     1.0899e-02  3.9338e-04     2.2509e-02  8.2047e-04     9.5079e-04  3.4656e-05 
4.7394e-02     3.0364e-01  3.1730e-02     1.4390e-02  1.5038e-03     2.9719e-02  3.1093e-03     1.4085e-03  1.4736e-04 
5.3176e-02     3.2644e-01  2.0648e-02     1.7359e-02  1.0980e-03     3.5850e-02  2.2749e-03     1.9064e-03  1.2097e-04 
5.9665e-02     3.6638e-01  1.3223e-02     2.1860e-02  7.8892e-04     4.5145e-02  1.6454e-03     2.6936e-03  9.8175e-05 
6.6945e-02     3.9741e-01  1.4510e-02     2.6604e-02  9.7136e-04     5.4943e-02  2.0255e-03     3.6782e-03  1.3560e-04 
7.5114e-02     4.3938e-01  1.1163e-02     3.3003e-02  8.3852e-04     6.8158e-02  1.7662e-03     5.1196e-03  1.3266e-04 
8.4279e-02     4.8642e-01  1.2437e-02     4.0995e-02  1.0482e-03     8.4662e-02  2.2073e-03     7.1352e-03  1.8603e-04 
9.4563e-02     5.4740e-01  1.4255e-02     5.1764e-02  1.3479e-03     1.0690e-01  2.8366e-03     1.0109e-02  2.6823e-04 
1.0610e-01     5.8789e-01  1.1017e-02     6.2376e-02  1.1689e-03     1.2882e-01  2.5017e-03     1.3668e-02  2.6543e-04 
1.1905e-01     6.4199e-01  1.0344e-02     7.6427e-02  1.2315e-03     1.5784e-01  2.6674e-03     1.8790e-02  3.1754e-04 
1.3357e-01     7.1549e-01  1.5546e-02     9.5571e-02  2.0765e-03     1.9737e-01  4.4047e-03     2.6364e-02  5.8835e-04 
1.4987e-01     7.9760e-01  1.4294e-02     1.1954e-01  2.1422e-03     2.4687e-01  4.5994e-03     3.6998e-02  6.8932e-04 
1.6816e-01     8.8103e-01  1.2214e-02     1.4815e-01  2.0538e-03     3.0596e-01  4.5190e-03     5.1450e-02  7.5991e-04 
1.8868e-01     9.9890e-01  6.4797e-03     1.8847e-01  1.2226e-03     3.8922e-01  3.2107e-03     7.3438e-02  6.0578e-04 
2.1170e-01     1.1118e+00  1.0040e-02     2.3536e-01  2.1255e-03     4.8606e-01  5.0402e-03     1.0290e-01  1.0670e-03 
2.3753e-01     1.2522e+00  1.1314e-02     2.9745e-01  2.6875e-03     6.1428e-01  6.3720e-03     1.4591e-01  1.5135e-03 
2.6651e-01     1.4048e+00  1.2469e-02     3.7440e-01  3.3232e-03     7.7320e-01  7.9135e-03     2.0607e-01  2.1091e-03 
2.9903e-01     1.6008e+00  8.8749e-03     4.7871e-01  2.6539e-03     9.8862e-01  7.4442e-03     2.9563e-01  2.2261e-03 
3.3552e-01     1.8452e+00  8.7801e-03     6.1910e-01  2.9459e-03     1.2786e+00  8.9140e-03     4.2898e-01  2.9908e-03 
3.7646e-01     2.1009e+00  8.9062e-03     7.9092e-01  3.3528e-03     1.6334e+00  1.0827e-02     6.1491e-01  4.0759e-03 
4.2240e-01     2.2884e+00  1.7821e-02     9.6662e-01  7.5274e-03     1.9962e+00  1.8578e-02     8.4320e-01  7.8472e-03 
4.7394e-01     2.1029e+00  1.6448e-02     9.9662e-01  7.7954e-03     2.0582e+00  1.9214e-02     9.7545e-01  9.1062e-03 
5.3176e-01     1.5797e+00  9.5418e-03     8.4001e-01  5.0740e-03     1.7348e+00  1.3709e-02     9.2249e-01  7.2901e-03 
5.9665e-01     1.0240e+00  9.9210e-03     6.1095e-01  5.9194e-03     1.2617e+00  1.3812e-02     7.5281e-01  8.2411e-03 
6.6945e-01     6.2736e-01  4.4899e-03     4.1999e-01  3.0058e-03     8.6735e-01  7.6201e-03     5.8065e-01  5.1013e-03 
7.5114e-01     3.8821e-01  3.3876e-03     2.9160e-01  2.5446e-03     6.0220e-01  6.0854e-03     4.5233e-01  4.5709e-03 
8.4279e-01     2.4657e-01  1.8527e-03     2.0780e-01  1.5614e-03     4.2915e-01  3.8962e-03     3.6169e-01  3.2837e-03 
9.4563e-01     1.6202e-01  1.5340e-03     1.5321e-01  1.4506e-03     3.1641e-01  3.4021e-03     2.9920e-01  3.2171e-03 
1.0610e+00     1.1023e-01  2.2600e-03     1.1695e-01  2.3979e-03     2.4153e-01  5.1028e-03     2.5626e-01  5.4141e-03 
1.1905e+00     7.6111e-02  9.3953e-04     9.0608e-02  1.1185e-03     1.8712e-01  2.4989e-03     2.2277e-01  2.9749e-03 
1.3357e+00     5.1879e-02  1.0425e-03     6.9297e-02  1.3924e-03     1.4311e-01  2.9667e-03     1.9116e-01  3.9627e-03 
1.4987e+00     3.5962e-02  6.1636e-04     5.3897e-02  9.2376e-04     1.1131e-01  1.9903e-03     1.6682e-01  2.9828e-03 
1.6816e+00     2.5098e-02  1.1175e-03     4.2205e-02  1.8792e-03     8.7161e-02  3.9063e-03     1.4657e-01  6.5688e-03 
1.8868e+00     1.6223e-02  4.7252e-04     3.0609e-02  8.9153e-04     6.3214e-02  1.8691e-03     1.1927e-01  3.5267e-03 
2.1170e+00     1.0503e-02  1.9192e-04     2.2234e-02  4.0629e-04     4.5918e-02  8.7107e-04     9.7208e-02  1.8441e-03 
2.3753e+00     6.2636e-03  4.6018e-04     1.4878e-02  1.0931e-03     3.0726e-02  2.2628e-03     7.2983e-02  5.3749e-03 
2.6651e+00     3.5213e-03  2.8146e-04     9.3847e-03  7.5014e-04     1.9381e-02  1.5523e-03     5.1653e-02  4.1371e-03 
2.9903e+00     1.6798e-03  1.1703e-04     5.0232e-03  3.4995e-04     1.0374e-02  7.2464e-04     3.1021e-02  2.1669e-03 
3.3552e+00     6.7980e-04  7.4926e-05     2.2809e-03  2.5139e-04     4.7104e-03  5.1972e-04     1.5805e-02  1.7438e-03 
3.7646e+00     2.7750e-04  2.9534e-05     1.0447e-03  1.1118e-04     2.1575e-03  2.2988e-04     8.1220e-03  8.6540e-04 
4.2240e+00     8.0380e-05  1.5378e-05     3.3952e-04  6.4956e-05     7.0117e-04  1.3419e-04     2.9617e-03  5.6683e-04 
4.7394e+00     2.0206e-05  7.4182e-06     9.5762e-05  3.5157e-05     1.9777e-04  7.2614e-05     9.3729e-04  3.4414e-04 
5.3176e+00     6.5485e-06  3.1364e-06     3.4823e-05  1.6678e-05     7.1915e-05  3.4446e-05     3.8242e-04  1.8317e-04 
5.9665e+00     5.8364e-06  1.9857e-05     3.4823e-05  1.1848e-04     7.1915e-05  2.4468e-04     4.2908e-04  1.4599e-03 
6.6945e+00     0.0000e+00  0.0000e+00     0.0000e+00  0.0000e+00     0.0000e+00  0.0000e+00     0.0000e+00  0.0000e+00 
7.5114e+00     2.3180e-06  1.3058e-06     1.7411e-05  9.8081e-06     3.5958e-05  2.0256e-05     2.7009e-04  1.5215e-04 
8.4279e+00     0.0000e+00  0.0000e+00     0.0000e+00  0.0000e+00     0.0000e+00  0.0000e+00     0.0000e+00  0.0000e+00 
9.4563e+00     0.0000e+00  0.0000e+00     0.0000e+00  0.0000e+00     0.0000e+00  0.0000e+00     0.0000e+00  0.0000e+00 
1.0610e+01     1.6410e-06  1.8846e-06     1.7411e-05  1.9996e-05     3.5958e-05  4.1295e-05     3.8151e-04  4.3815e-04 
1.1905e+01     1.4626e-06  8.3858e-06     1.7411e-05  9.9830e-05     3.5958e-05  2.0617e-04     4.2807e-04  2.4544e-03 
1.3357e+01     0.0000e+00  0.0000e+00     0.0000e+00  0.0000e+00     0.0000e+00  0.0000e+00     0.0000e+00  0.0000e+00 
1.4987e+01     5.8087e-07  5.9688e-07     8.7057e-06  8.9456e-06     1.7979e-05  1.8475e-05     2.6945e-04  2.7688e-04 
1.6816e+01     0.0000e+00  0.0000e+00     0.0000e+00  0.0000e+00     0.0000e+00  0.0000e+00     0.0000e+00  0.0000e+00 
1.8868e+01     0.0000e+00  0.0000e+00     0.0000e+00  0.0000e+00     0.0000e+00  0.0000e+00     0.0000e+00  0.0000e+00 
2.1170e+01     0.0000e+00  0.0000e+00     0.0000e+00  0.0000e+00     0.0000e+00  0.0000e+00     0.0000e+00  0.0000e+00 
2.3753e+01     3.6651e-07  2.2998e-07     8.7057e-06  5.4626e-06     1.7979e-05  1.1282e-05     4.2705e-04  2.6798e-04 
2.6651e+01     3.2665e-07  7.0854e-07     8.7057e-06  1.8883e-05     1.7979e-05  3.8998e-05     4.7916e-04  1.0393e-03 
2.9903e+01     0.0000e+00  0.0000e+00     0.0000e+00  0.0000e+00     0.0000e+00  0.0000e+00     0.0000e+00  0.0000e+00 
3.3552e+01     0.0000e+00  0.0000e+00     0.0000e+00  0.0000e+00     0.0000e+00  0.0000e+00     0.0000e+00  0.0000e+00 
3.7646e+01     0.0000e+00  0.0000e+00     0.0000e+00  0.0000e+00     0.0000e+00  0.0000e+00     0.0000e+00  0.0000e+00 
4.2240e+01     4.1220e-07  1.8187e-07     1.7411e-05  7.6819e-06     3.5958e-05  1.5866e-05     1.5188e-03  6.7016e-04 
4.7394e+01     1.8369e-07  1.5443e-07     8.7057e-06  7.3191e-06     1.7979e-05  1.5116e-05     8.5208e-04  7.1638e-04 
5.3176e+01     1.6371e-07  6.6100e-07     8.7057e-06  3.5149e-05     1.7979e-05  7.2590e-05     9.5605e-04  3.8601e-03 
5.9665e+01     0.0000e+00  0.0000e+00     0.0000e+00  0.0000e+00     0.0000e+00  0.0000e+00     0.0000e+00  0.0000e+00 
6.6945e+01     2.6008e-07  1.3560e-07     1.7411e-05  9.0777e-06     3.5958e-05  1.8748e-05     2.4072e-03  1.2551e-03 
7.5114e+01     0.0000e+00  0.0000e+00     0.0000e+00  0.0000e+00     0.0000e+00  0.0000e+00     0.0000e+00  0.0000e+00 
8.4279e+01     1.0330e-07  6.5684e-08     8.7057e-06  5.5358e-06     1.7979e-05  1.1433e-05     1.5152e-03  9.6354e-04 
9.4563e+01     9.2062e-08  5.6205e-08     8.7057e-06  5.3149e-06     1.7979e-05  1.0977e-05     1.7001e-03  1.0380e-03 
1.0610e+02     0.0000e+00  0.0000e+00     0.0000e+00  0.0000e+00     0.0000e+00  0.0000e+00     0.0000e+00  0.0000e+00 
1.1905e+02     7.3128e-08  8.8310e-08     8.7057e-06  1.0513e-05     1.7979e-05  2.1712e-05     2.1403e-03  2.5847e-03 
1.3357e+02     6.5175e-08  1.3035e-07     8.7057e-06  1.7411e-05     1.7979e-05  3.5957e-05     2.4015e-03  4.8028e-03 
1.4987e+02     0.0000e+00  0.0000e+00     0.0000e+00  0.0000e+00     0.0000e+00  0.0000e+00     0.0000e+00  0.0000e+00 
1.6816e+02     1.5531e-07  5.8751e-07     2.6117e-05  9.8796e-05     5.3936e-05  2.0403e-04     9.0699e-03  3.4310e-02 
1.8868e+02     0.0000e+00  0.0000e+00     0.0000e+00  0.0000e+00     0.0000e+00  0.0000e+00     0.0000e+00  0.0000e+00 
2.1170e+02     4.1123e-08  1.1630e-08     8.7057e-06  2.4620e-06     1.7979e-05  5.0853e-06     3.8061e-03  1.0766e-03 
2.3753e+02     1.0995e-07  4.2187e-08     2.6117e-05  1.0021e-05     5.3936e-05  2.0697e-05     1.2812e-02  4.9161e-03 
2.6651e+02     6.5330e-08  5.9900e-08     1.7411e-05  1.5964e-05     3.5958e-05  3.2970e-05     9.5832e-03  8.7868e-03 
2.9903e+02     2.9113e-08  3.6373e-08     8.7057e-06  1.0877e-05     1.7979e-05  2.2463e-05     5.3763e-03  6.7172e-03 
3.3552e+02     0.0000e+00  0.0000e+00     0.0000e+00  0.0000e+00     0.0000e+00  0.0000e+00     0.0000e+00  0.0000e+00 
3.7646e+02     2.3125e-08  1.5473e-08     8.7057e-06  5.8249e-06     1.7979e-05  1.2030e-05     6.7683e-03  4.5287e-03 
4.2240e+02     0.0000e+00  0.0000e+00     0.0000e+00  0.0000e+00     0.0000e+00  0.0000e+00     0.0000e+00  0.0000e+00 
4.7394e+02     0.0000e+00  0.0000e+00     0.0000e+00  0.0000e+00     0.0000e+00  0.0000e+00     0.0000e+00  0.0000e+00 
5.3176e+02     1.6371e-08  1.9770e-08     8.7057e-06  1.0513e-05     1.7979e-05  2.1712e-05     9.5605e-03  1.1545e-02 
5.9665e+02     0.0000e+00  0.0000e+00     0.0000e+00  0.0000e+00     0.0000e+00  0.0000e+00     0.0000e+00  0.0000e+00 
6.6945e+02     0.0000e+00  0.0000e+00     0.0000e+00  0.0000e+00     0.0000e+00  0.0000e+00     0.0000e+00  0.0000e+00 
7.5114e+02     0.0000e+00  0.0000e+00     0.0000e+00  0.0000e+00     0.0000e+00  0.0000e+00     0.0000e+00  0.0000e+00 
8.4279e+02     0.0000e+00  0.0000e+00     0.0000e+00  0.0000e+00     0.0000e+00  0.0000e+00     0.0000e+00  0.0000e+00 
9.4563e+02     0.0000e+00  0.0000e+00     0.0000e+00  0.0000e+00     0.0000e+00  0.0000e+00     0.0000e+00  0.0000e+00 
1.0610e+03     0.0000e+00  0.0000e+00     0.0000e+00  0.0000e+00     0.0000e+00  0.0000e+00     0.0000e+00  0.0000e+00 
1.1905e+03     0.0000e+00  0.0000e+00     0.0000e+00  0.0000e+00     0.0000e+00  0.0000e+00     0.0000e+00  0.0000e+00 
1.3357e+03     0.0000e+00  0.0000e+00     0.0000e+00  0.0000e+00     0.0000e+00  0.0000e+00     0.0000e+00  0.0000e+00 
1.4987e+03     0.0000e+00  0.0000e+00     0.0000e+00  0.0000e+00     0.0000e+00  0.0000e+00     0.0000e+00  0.0000e+00 
1.6816e+03     0.0000e+00  0.0000e+00     0.0000e+00  0.0000e+00     0.0000e+00  0.0000e+00     0.0000e+00  0.0000e+00 
1.8868e+03     0.0000e+00  0.0000e+00     0.0000e+00  0.0000e+00     0.0000e+00  0.0000e+00     0.0000e+00  0.0000e+00 
2.1170e+03     0.0000e+00  0.0000e+00     0.0000e+00  0.0000e+00     0.0000e+00  0.0000e+00     0.0000e+00  0.0000e+00 
2.3753e+03     0.0000e+00  0.0000e+00     0.0000e+00  0.0000e+00     0.0000e+00  0.0000e+00     0.0000e+00  0.0000e+00 
2.6651e+03     0.0000e+00  0.0000e+00     0.0000e+00  0.0000e+00     0.0000e+00  0.0000e+00     0.0000e+00  0.0000e+00 
2.9903e+03     0.0000e+00  0.0000e+00     0.0000e+00  0.0000e+00     0.0000e+00  0.0000e+00     0.0000e+00  0.0000e+00 
3.3552e+03     0.0000e+00  0.0000e+00     0.0000e+00  0.0000e+00     0.0000e+00  0.0000e+00     0.0000e+00  0.0000e+00 
3.7646e+03     0.0000e+00  0.0000e+00     0.0000e+00  0.0000e+00     0.0000e+00  0.0000e+00     0.0000e+00  0.0000e+00 
4.2240e+03     0.0000e+00  0.0000e+00     0.0000e+00  0.0000e+00     0.0000e+00  0.0000e+00     0.0000e+00  0.0000e+00 
4.7394e+03     0.0000e+00  0.0000e+00     0.0000e+00  0.0000e+00     0.0000e+00  0.0000e+00     0.0000e+00  0.0000e+00 
5.3176e+03     0.0000e+00  0.0000e+00     0.0000e+00  0.0000e+00     0.0000e+00  0.0000e+00     0.0000e+00  0.0000e+00 
5.9665e+03     0.0000e+00  0.0000e+00     0.0000e+00  0.0000e+00     0.0000e+00  0.0000e+00     0.0000e+00  0.0000e+00 
6.6945e+03     0.0000e+00  0.0000e+00     0.0000e+00  0.0000e+00     0.0000e+00  0.0000e+00     0.0000e+00  0.0000e+00 
7.5114e+03     0.0000e+00  0.0000e+00     0.0000e+00  0.0000e+00     0.0000e+00  0.0000e+00     0.0000e+00  0.0000e+00 
8.4279e+03     0.0000e+00  0.0000e+00     0.0000e+00  0.0000e+00     0.0000e+00  0.0000e+00     0.0000e+00  0.0000e+00 
9.4563e+03     0.0000e+00  0.0000e+00     0.0000e+00  0.0000e+00     0.0000e+00  0.0000e+00     0.0000e+00  0.0000e+00 
