yF = 5.1874e-01 (std: 4.0248e-03) keV/um
yD = 4.4046e+00 (std: 3.0508e+00) keV/um
y (keV/um)     f(y)(std)                  yf(y)(std)                 d(y)(std)                  yd(y)(std)  
1.0610e-03     0.0000e+00  0.0000e+00     0.0000e+00  0.0000e+00     0.0000e+00  0.0000e+00     0.0000e+00  0.0000e+00 
1.1905e-03     0.0000e+00  0.0000e+00     0.0000e+00  0.0000e+00     0.0000e+00  0.0000e+00     0.0000e+00  0.0000e+00 
1.3357e-03     0.0000e+00  0.0000e+00     0.0000e+00  0.0000e+00     0.0000e+00  0.0000e+00     0.0000e+00  0.0000e+00 
1.4987e-03     6.9708e-02  2.5678e-02     1.0447e-04  3.8485e-05     2.0140e-04  7.4205e-05     3.0183e-07  1.1121e-07 
1.6816e-03     4.1418e-02  1.6018e-02     6.9648e-05  2.6936e-05     1.3426e-04  5.1936e-05     2.2578e-07  8.7335e-08 
1.8868e-03     3.6914e-02  1.1805e-02     6.9648e-05  2.2274e-05     1.3426e-04  4.2950e-05     2.5332e-07  8.1037e-08 
2.1170e-03     3.7012e-02  1.4593e-02     7.8354e-05  3.0893e-05     1.5105e-04  5.9565e-05     3.1976e-07  1.2610e-07 
2.3753e-03     1.8326e-02  6.7704e-03     4.3530e-05  1.6082e-05     8.3915e-05  3.1008e-05     1.9932e-07  7.3654e-08 
2.6651e-03     1.9600e-02  8.2021e-03     5.2236e-05  2.1860e-05     1.0070e-04  4.2147e-05     2.6837e-07  1.1233e-07 
2.9903e-03     3.7848e-02  1.4586e-02     1.1318e-04  4.3617e-05     2.1818e-04  8.4100e-05     6.5243e-07  2.5149e-07 
3.3552e-03     3.6327e-02  1.1384e-02     1.2188e-04  3.8196e-05     2.3496e-04  7.3655e-05     7.8834e-07  2.4713e-07 
3.7646e-03     3.9314e-02  1.5675e-02     1.4800e-04  5.9011e-05     2.8531e-04  1.1378e-04     1.0741e-06  4.2833e-07 
4.2240e-03     5.3589e-02  2.6101e-02     2.2636e-04  1.1025e-04     4.3636e-04  2.1256e-04     1.8432e-06  8.9784e-07 
4.7394e-03     4.4087e-02  9.6263e-03     2.0894e-04  4.5623e-05     4.0279e-04  8.8004e-05     1.9090e-06  4.1708e-07 
5.3176e-03     2.9469e-02  1.1301e-02     1.5671e-04  6.0094e-05     3.0209e-04  1.1587e-04     1.6064e-06  6.1615e-07 
5.9665e-03     3.3560e-02  1.0869e-02     2.0024e-04  6.4847e-05     3.8601e-04  1.2504e-04     2.3031e-06  7.4608e-07 
6.6945e-03     4.4216e-02  1.4488e-02     2.9600e-04  9.6991e-05     5.7062e-04  1.8703e-04     3.8200e-06  1.2521e-06 
7.5114e-03     5.7952e-02  7.9100e-03     4.3530e-04  5.9415e-05     8.3915e-04  1.1472e-04     6.3031e-06  8.6172e-07 
8.4279e-03     7.0244e-02  1.1755e-02     5.9201e-04  9.9068e-05     1.1412e-03  1.9118e-04     9.6183e-06  1.6113e-06 
9.4563e-03     3.9588e-02  7.0036e-03     3.7436e-04  6.6228e-05     7.2167e-04  1.2779e-04     6.8243e-06  1.2084e-06 
1.0610e-02     4.9232e-02  1.1568e-02     5.2236e-04  1.2274e-04     1.0070e-03  2.3674e-04     1.0684e-05  2.5119e-06 
1.1905e-02     5.9967e-02  8.9396e-03     7.1389e-04  1.0642e-04     1.3762e-03  2.0543e-04     1.6383e-05  2.4456e-06 
1.3357e-02     8.2776e-02  9.7611e-03     1.1057e-03  1.3038e-04     2.1314e-03  2.5189e-04     2.8470e-05  3.3645e-06 
1.4987e-02     8.8296e-02  1.4201e-02     1.3233e-03  2.1283e-04     2.5510e-03  4.1076e-04     3.8232e-05  6.1562e-06 
1.6816e-02     9.5779e-02  1.4478e-02     1.6106e-03  2.4346e-04     3.1048e-03  4.6996e-04     5.2211e-05  7.9027e-06 
1.8868e-02     1.1213e-01  7.1553e-03     2.1156e-03  1.3500e-04     4.0783e-03  2.6217e-04     7.6947e-05  4.9465e-06 
2.1170e-02     1.1762e-01  1.2708e-02     2.4899e-03  2.6904e-04     4.7999e-03  5.1997e-04     1.0161e-04  1.1008e-05 
2.3753e-02     1.3195e-01  5.1985e-03     3.1342e-03  1.2348e-04     6.0419e-03  2.4261e-04     1.4351e-04  5.7628e-06 
2.6651e-02     1.5908e-01  1.2788e-02     4.2398e-03  3.4083e-04     8.1733e-03  6.6008e-04     2.1783e-04  1.7592e-05 
2.9903e-02     1.7148e-01  1.0775e-02     5.1278e-03  3.2220e-04     9.8852e-03  6.2584e-04     2.9560e-04  1.8715e-05 
3.3552e-02     1.9928e-01  9.4911e-03     6.6862e-03  3.1845e-04     1.2889e-02  6.2197e-04     4.3246e-04  2.0868e-05 
3.7646e-02     2.1253e-01  9.3221e-03     8.0008e-03  3.5094e-04     1.5424e-02  6.8702e-04     5.8063e-04  2.5864e-05 
4.2240e-02     2.4733e-01  1.0895e-02     1.0447e-02  4.6021e-04     2.0140e-02  9.0081e-04     8.5068e-04  3.8050e-05 
4.7394e-02     2.5920e-01  2.0449e-02     1.2284e-02  9.6915e-04     2.3681e-02  1.8773e-03     1.1223e-03  8.8971e-05 
5.3176e-02     2.8553e-01  1.1622e-02     1.5183e-02  6.1799e-04     2.9269e-02  1.2128e-03     1.5564e-03  6.4491e-05 
5.9665e-02     3.1518e-01  1.3016e-02     1.8805e-02  7.7662e-04     3.6251e-02  1.5233e-03     2.1629e-03  9.0888e-05 
6.6945e-02     3.5464e-01  9.1835e-03     2.3741e-02  6.1479e-04     4.5767e-02  1.2372e-03     3.0639e-03  8.2825e-05 
7.5114e-02     3.8179e-01  1.2172e-02     2.8678e-02  9.1430e-04     5.5283e-02  1.8140e-03     4.1525e-03  1.3625e-04 
8.4279e-02     4.3438e-01  8.0420e-03     3.6609e-02  6.7778e-04     7.0572e-02  1.4167e-03     5.9478e-03  1.1940e-04 
9.4563e-02     4.6530e-01  8.2337e-03     4.4000e-02  7.7860e-04     8.4821e-02  1.6389e-03     8.0209e-03  1.5498e-04 
1.0610e-01     5.1924e-01  2.4796e-02     5.5092e-02  2.6309e-03     1.0620e-01  5.1382e-03     1.1268e-02  5.4517e-04 
1.1905e-01     5.6815e-01  7.9340e-03     6.7637e-02  9.4452e-04     1.3039e-01  2.0830e-03     1.5522e-02  2.4797e-04 
1.3357e-01     6.2421e-01  1.3072e-02     8.3377e-02  1.7460e-03     1.6073e-01  3.5895e-03     2.1469e-02  4.7946e-04 
1.4987e-01     6.9882e-01  6.3697e-03     1.0473e-01  9.5464e-04     2.0190e-01  2.4167e-03     3.0259e-02  3.6220e-04 
1.6816e-01     7.8197e-01  2.2356e-02     1.3150e-01  3.7594e-03     2.5349e-01  7.5093e-03     4.2626e-02  1.2628e-03 
1.8868e-01     8.6545e-01  8.6335e-03     1.6329e-01  1.6289e-03     3.1478e-01  3.9782e-03     5.9392e-02  7.5059e-04 
2.1170e-01     9.6992e-01  1.1194e-02     2.0533e-01  2.3697e-03     3.9583e-01  5.5046e-03     8.3796e-02  1.1653e-03 
2.3753e-01     1.0869e+00  1.4783e-02     2.5818e-01  3.5114e-03     4.9770e-01  7.7931e-03     1.1822e-01  1.8511e-03 
2.6651e-01     1.2343e+00  9.5626e-03     3.2896e-01  2.5486e-03     6.3414e-01  6.9531e-03     1.6901e-01  1.8531e-03 
2.9903e-01     1.3745e+00  1.3234e-02     4.1101e-01  3.9573e-03     7.9232e-01  9.7973e-03     2.3693e-01  2.9297e-03 
3.3552e-01     1.5720e+00  9.1640e-03     5.2745e-01  3.0747e-03     1.0168e+00  9.8676e-03     3.4116e-01  3.3108e-03 
3.7646e-01     1.8117e+00  1.2637e-02     6.8203e-01  4.7572e-03     1.3148e+00  1.3717e-02     4.9496e-01  5.1640e-03 
4.2240e-01     2.0567e+00  1.0483e-02     8.6874e-01  4.4280e-03     1.6747e+00  1.5547e-02     7.0739e-01  6.5669e-03 
4.7394e-01     2.1231e+00  7.0650e-03     1.0062e+00  3.3483e-03     1.9397e+00  1.6376e-02     9.1931e-01  7.7611e-03 
5.3176e-01     1.7960e+00  8.7805e-03     9.5508e-01  4.6691e-03     1.8411e+00  1.6884e-02     9.7905e-01  8.9784e-03 
5.9665e-01     1.2508e+00  5.1291e-03     7.4626e-01  3.0603e-03     1.4386e+00  1.2625e-02     8.5834e-01  7.5326e-03 
6.6945e-01     7.8645e-01  3.0516e-03     5.2649e-01  2.0429e-03     1.0149e+00  8.8045e-03     6.7945e-01  5.8942e-03 
7.5114e-01     4.8497e-01  4.5945e-03     3.6428e-01  3.4511e-03     7.0223e-01  8.5992e-03     5.2747e-01  6.4592e-03 
8.4279e-01     3.0392e-01  1.8289e-03     2.5614e-01  1.5414e-03     4.9377e-01  4.8483e-03     4.1615e-01  4.0861e-03 
9.4563e-01     1.9366e-01  1.6864e-03     1.8313e-01  1.5947e-03     3.5303e-01  4.1175e-03     3.3383e-01  3.8936e-03 
1.0610e+00     1.3218e-01  1.9507e-03     1.4025e-01  2.0697e-03     2.7036e-01  4.5077e-03     2.8685e-01  4.7827e-03 
1.1905e+00     8.7932e-02  6.8488e-04     1.0468e-01  8.1533e-04     2.0180e-01  2.2185e-03     2.4024e-01  2.6411e-03 
1.3357e+00     6.1541e-02  1.7136e-03     8.2202e-02  2.2889e-03     1.5846e-01  4.5805e-03     2.1167e-01  6.1183e-03 
1.4987e+00     4.2074e-02  9.5464e-04     6.3058e-02  1.4307e-03     1.2156e-01  2.9149e-03     1.8218e-01  4.3686e-03 
1.6816e+00     2.8356e-02  7.3309e-04     4.7683e-02  1.2327e-03     9.1920e-02  2.4811e-03     1.5457e-01  4.1722e-03 
1.8868e+00     1.8951e-02  3.1197e-04     3.5756e-02  5.8862e-04     6.8928e-02  1.2544e-03     1.3005e-01  2.3668e-03 
2.1170e+00     1.2202e-02  4.9885e-04     2.5831e-02  1.0561e-03     4.9795e-02  2.0721e-03     1.0542e-01  4.3867e-03 
2.3753e+00     7.6493e-03  4.3175e-04     1.8169e-02  1.0255e-03     3.5026e-02  1.9956e-03     8.3197e-02  4.7401e-03 
2.6651e+00     4.3642e-03  2.2970e-04     1.1631e-02  6.1219e-04     2.2422e-02  1.1929e-03     5.9758e-02  3.1792e-03 
2.9903e+00     1.9186e-03  1.2803e-04     5.7373e-03  3.8286e-04     1.1060e-02  7.4303e-04     3.3073e-02  2.2219e-03 
3.3552e+00     9.4450e-04  8.9923e-05     3.1690e-03  3.0171e-04     6.1090e-03  5.8355e-04     2.0497e-02  1.9579e-03 
3.7646e+00     3.5383e-04  5.8626e-05     1.3320e-03  2.2070e-04     2.5678e-03  4.2592e-04     9.6667e-03  1.6034e-03 
4.2240e+00     1.0306e-04  2.0676e-05     4.3530e-04  8.7333e-05     8.3915e-04  1.6848e-04     3.5445e-03  7.1166e-04 
4.7394e+00     3.3065e-05  1.6695e-05     1.5671e-04  7.9123e-05     3.0209e-04  1.5255e-04     1.4317e-03  7.2297e-04 
5.3176e+00     9.8232e-06  1.7548e-05     5.2236e-05  9.3313e-05     1.0070e-04  1.7989e-04     5.3547e-04  9.5657e-04 
5.9665e+00     2.9183e-06  2.3198e-06     1.7412e-05  1.3841e-05     3.3566e-05  2.6684e-05     2.0027e-04  1.5921e-04 
6.6945e+00     2.6009e-06  2.0743e-06     1.7412e-05  1.3886e-05     3.3566e-05  2.6770e-05     2.2471e-04  1.7921e-04 
7.5114e+00     0.0000e+00  0.0000e+00     0.0000e+00  0.0000e+00     0.0000e+00  0.0000e+00     0.0000e+00  0.0000e+00 
8.4279e+00     1.0330e-06  5.9466e-07     8.7060e-06  5.0117e-06     1.6783e-05  9.6622e-06     1.4144e-04  8.1432e-05 
9.4563e+00     0.0000e+00  0.0000e+00     0.0000e+00  0.0000e+00     0.0000e+00  0.0000e+00     0.0000e+00  0.0000e+00 
1.0610e+01     1.6411e-06  2.4589e-06     1.7412e-05  2.6089e-05     3.3566e-05  5.0293e-05     3.5614e-04  5.3361e-04 
1.1905e+01     0.0000e+00  0.0000e+00     0.0000e+00  0.0000e+00     0.0000e+00  0.0000e+00     0.0000e+00  0.0000e+00 
1.3357e+01     6.5178e-07  3.3252e-07     8.7060e-06  4.4416e-06     1.6783e-05  8.5633e-06     2.2418e-04  1.1438e-04 
1.4987e+01     5.8090e-07  2.3455e-06     8.7060e-06  3.5153e-05     1.6783e-05  6.7766e-05     2.5153e-04  1.0156e-03 
1.6816e+01     0.0000e+00  0.0000e+00     0.0000e+00  0.0000e+00     0.0000e+00  0.0000e+00     0.0000e+00  0.0000e+00 
1.8868e+01     4.6142e-07  1.3683e-06     8.7060e-06  2.5816e-05     1.6783e-05  4.9768e-05     3.1666e-04  9.3900e-04 
2.1170e+01     0.0000e+00  0.0000e+00     0.0000e+00  0.0000e+00     0.0000e+00  0.0000e+00     0.0000e+00  0.0000e+00 
2.3753e+01     0.0000e+00  0.0000e+00     0.0000e+00  0.0000e+00     0.0000e+00  0.0000e+00     0.0000e+00  0.0000e+00 
2.6651e+01     3.2666e-07  1.8215e-07     8.7060e-06  4.8546e-06     1.6783e-05  9.3594e-06     4.4729e-04  2.4944e-04 
2.9903e+01     0.0000e+00  0.0000e+00     0.0000e+00  0.0000e+00     0.0000e+00  0.0000e+00     0.0000e+00  0.0000e+00 
3.3552e+01     0.0000e+00  0.0000e+00     0.0000e+00  0.0000e+00     0.0000e+00  0.0000e+00     0.0000e+00  0.0000e+00 
3.7646e+01     0.0000e+00  0.0000e+00     0.0000e+00  0.0000e+00     0.0000e+00  0.0000e+00     0.0000e+00  0.0000e+00 
4.2240e+01     0.0000e+00  0.0000e+00     0.0000e+00  0.0000e+00     0.0000e+00  0.0000e+00     0.0000e+00  0.0000e+00 
4.7394e+01     5.5109e-07  2.7256e-07     2.6118e-05  1.2917e-05     5.0349e-05  2.4905e-05     2.3862e-03  1.1803e-03 
5.3176e+01     3.2744e-07  3.0559e-07     1.7412e-05  1.6250e-05     3.3566e-05  3.1327e-05     1.7849e-03  1.6658e-03 
5.9665e+01     0.0000e+00  0.0000e+00     0.0000e+00  0.0000e+00     0.0000e+00  0.0000e+00     0.0000e+00  0.0000e+00 
6.6945e+01     2.6009e-07  1.5852e-07     1.7412e-05  1.0612e-05     3.3566e-05  2.0459e-05     2.2471e-03  1.3696e-03 
7.5114e+01     0.0000e+00  0.0000e+00     0.0000e+00  0.0000e+00     0.0000e+00  0.0000e+00     0.0000e+00  0.0000e+00 
8.4279e+01     1.0330e-07  6.5690e-08     8.7060e-06  5.5363e-06     1.6783e-05  1.0673e-05     1.4144e-03  8.9954e-04 
9.4563e+01     0.0000e+00  0.0000e+00     0.0000e+00  0.0000e+00     0.0000e+00  0.0000e+00     0.0000e+00  0.0000e+00 
1.0610e+02     8.2054e-08  1.2097e-07     8.7060e-06  1.2835e-05     1.6783e-05  2.4743e-05     1.7807e-03  2.6253e-03 
1.1905e+02     7.3131e-08  5.1960e-08     8.7060e-06  6.1857e-06     1.6783e-05  1.1925e-05     1.9980e-03  1.4197e-03 
1.3357e+02     6.5178e-08  3.2602e-08     8.7060e-06  4.3548e-06     1.6783e-05  8.3959e-06     2.2418e-03  1.1215e-03 
1.4987e+02     0.0000e+00  0.0000e+00     0.0000e+00  0.0000e+00     0.0000e+00  0.0000e+00     0.0000e+00  0.0000e+00 
1.6816e+02     0.0000e+00  0.0000e+00     0.0000e+00  0.0000e+00     0.0000e+00  0.0000e+00     0.0000e+00  0.0000e+00 
1.8868e+02     9.2285e-08  8.2882e-08     1.7412e-05  1.5638e-05     3.3566e-05  3.0147e-05     6.3331e-03  5.6880e-03 
2.1170e+02     8.2249e-08  8.8236e-08     1.7412e-05  1.8679e-05     3.3566e-05  3.6010e-05     7.1059e-03  7.6233e-03 
2.3753e+02     7.3304e-08  3.5469e-08     1.7412e-05  8.4250e-06     3.3566e-05  1.6243e-05     7.9729e-03  3.8583e-03 
2.6651e+02     3.2666e-08  2.2667e-08     8.7060e-06  6.0411e-06     1.6783e-05  1.1646e-05     4.4729e-03  3.1039e-03 
2.9903e+02     0.0000e+00  0.0000e+00     0.0000e+00  0.0000e+00     0.0000e+00  0.0000e+00     0.0000e+00  0.0000e+00 
3.3552e+02     5.1896e-08  1.2682e-07     1.7412e-05  4.2552e-05     3.3566e-05  8.2030e-05     1.1262e-02  2.7523e-02 
3.7646e+02     4.6252e-08  2.6226e-08     1.7412e-05  9.8730e-06     3.3566e-05  1.9034e-05     1.2636e-02  7.1657e-03 
4.2240e+02     6.1833e-08  1.6618e-07     2.6118e-05  7.0193e-05     5.0349e-05  1.3532e-04     2.1267e-02  5.7157e-02 
4.7394e+02     0.0000e+00  0.0000e+00     0.0000e+00  0.0000e+00     0.0000e+00  0.0000e+00     0.0000e+00  0.0000e+00 
5.3176e+02     0.0000e+00  0.0000e+00     0.0000e+00  0.0000e+00     0.0000e+00  0.0000e+00     0.0000e+00  0.0000e+00 
5.9665e+02     0.0000e+00  0.0000e+00     0.0000e+00  0.0000e+00     0.0000e+00  0.0000e+00     0.0000e+00  0.0000e+00 
6.6945e+02     1.3005e-08  8.2699e-09     8.7060e-06  5.5363e-06     1.6783e-05  1.0673e-05     1.1235e-02  7.1453e-03 
7.5114e+02     0.0000e+00  0.0000e+00     0.0000e+00  0.0000e+00     0.0000e+00  0.0000e+00     0.0000e+00  0.0000e+00 
8.4279e+02     0.0000e+00  0.0000e+00     0.0000e+00  0.0000e+00     0.0000e+00  0.0000e+00     0.0000e+00  0.0000e+00 
9.4563e+02     0.0000e+00  0.0000e+00     0.0000e+00  0.0000e+00     0.0000e+00  0.0000e+00     0.0000e+00  0.0000e+00 
1.0610e+03     0.0000e+00  0.0000e+00     0.0000e+00  0.0000e+00     0.0000e+00  0.0000e+00     0.0000e+00  0.0000e+00 
1.1905e+03     0.0000e+00  0.0000e+00     0.0000e+00  0.0000e+00     0.0000e+00  0.0000e+00     0.0000e+00  0.0000e+00 
1.3357e+03     0.0000e+00  0.0000e+00     0.0000e+00  0.0000e+00     0.0000e+00  0.0000e+00     0.0000e+00  0.0000e+00 
1.4987e+03     0.0000e+00  0.0000e+00     0.0000e+00  0.0000e+00     0.0000e+00  0.0000e+00     0.0000e+00  0.0000e+00 
1.6816e+03     0.0000e+00  0.0000e+00     0.0000e+00  0.0000e+00     0.0000e+00  0.0000e+00     0.0000e+00  0.0000e+00 
1.8868e+03     0.0000e+00  0.0000e+00     0.0000e+00  0.0000e+00     0.0000e+00  0.0000e+00     0.0000e+00  0.0000e+00 
2.1170e+03     0.0000e+00  0.0000e+00     0.0000e+00  0.0000e+00     0.0000e+00  0.0000e+00     0.0000e+00  0.0000e+00 
2.3753e+03     0.0000e+00  0.0000e+00     0.0000e+00  0.0000e+00     0.0000e+00  0.0000e+00     0.0000e+00  0.0000e+00 
2.6651e+03     0.0000e+00  0.0000e+00     0.0000e+00  0.0000e+00     0.0000e+00  0.0000e+00     0.0000e+00  0.0000e+00 
2.9903e+03     0.0000e+00  0.0000e+00     0.0000e+00  0.0000e+00     0.0000e+00  0.0000e+00     0.0000e+00  0.0000e+00 
3.3552e+03     0.0000e+00  0.0000e+00     0.0000e+00  0.0000e+00     0.0000e+00  0.0000e+00     0.0000e+00  0.0000e+00 
3.7646e+03     0.0000e+00  0.0000e+00     0.0000e+00  0.0000e+00     0.0000e+00  0.0000e+00     0.0000e+00  0.0000e+00 
4.2240e+03     0.0000e+00  0.0000e+00     0.0000e+00  0.0000e+00     0.0000e+00  0.0000e+00     0.0000e+00  0.0000e+00 
4.7394e+03     0.0000e+00  0.0000e+00     0.0000e+00  0.0000e+00     0.0000e+00  0.0000e+00     0.0000e+00  0.0000e+00 
5.3176e+03     0.0000e+00  0.0000e+00     0.0000e+00  0.0000e+00     0.0000e+00  0.0000e+00     0.0000e+00  0.0000e+00 
5.9665e+03     0.0000e+00  0.0000e+00     0.0000e+00  0.0000e+00     0.0000e+00  0.0000e+00     0.0000e+00  0.0000e+00 
6.6945e+03     0.0000e+00  0.0000e+00     0.0000e+00  0.0000e+00     0.0000e+00  0.0000e+00     0.0000e+00  0.0000e+00 
7.5114e+03     0.0000e+00  0.0000e+00     0.0000e+00  0.0000e+00     0.0000e+00  0.0000e+00     0.0000e+00  0.0000e+00 
8.4279e+03     0.0000e+00  0.0000e+00     0.0000e+00  0.0000e+00     0.0000e+00  0.0000e+00     0.0000e+00  0.0000e+00 
9.4563e+03     0.0000e+00  0.0000e+00     0.0000e+00  0.0000e+00     0.0000e+00  0.0000e+00     0.0000e+00  0.0000e+00 
