yF = 4.2915e-01 (std: 1.2537e-03) keV/um
yD = 3.8672e+00 (std: 1.2573e+00) keV/um
y (keV/um)     f(y)(std)                  yf(y)(std)                 d(y)(std)                  yd(y)(std)  
1.0610e-03     0.0000e+00  0.0000e+00     0.0000e+00  0.0000e+00     0.0000e+00  0.0000e+00     0.0000e+00  0.0000e+00 
1.1905e-03     0.0000e+00  0.0000e+00     0.0000e+00  0.0000e+00     0.0000e+00  0.0000e+00     0.0000e+00  0.0000e+00 
1.3357e-03     1.3035e-02  2.0669e-02     1.7411e-05  2.7609e-05     4.0571e-05  6.4333e-05     5.4192e-08  8.5932e-08 
1.4987e-03     1.2198e-01  5.1718e-02     1.8282e-04  7.7510e-05     4.2599e-04  1.8062e-04     6.3844e-07  2.7069e-07 
1.6816e-03     7.2478e-02  2.6896e-02     1.2188e-04  4.5228e-05     2.8400e-04  1.0539e-04     4.7756e-07  1.7723e-07 
1.8868e-03     3.6912e-02  2.3880e-02     6.9644e-05  4.5056e-05     1.6228e-04  1.0499e-04     3.0619e-07  1.9809e-07 
2.1170e-03     3.2898e-02  1.8723e-02     6.9644e-05  3.9635e-05     1.6228e-04  9.2359e-05     3.4355e-07  1.9552e-07 
2.3753e-03     3.2985e-02  3.0365e-02     7.8350e-05  7.2126e-05     1.8257e-04  1.6807e-04     4.3366e-07  3.9921e-07 
2.6651e-03     3.9198e-02  1.3118e-02     1.0447e-04  3.4962e-05     2.4343e-04  8.1471e-05     6.4876e-07  2.1713e-07 
2.9903e-03     4.9491e-02  1.9994e-02     1.4799e-04  5.9787e-05     3.4485e-04  1.3932e-04     1.0312e-06  4.1661e-07 
3.3552e-03     5.1893e-02  1.7788e-02     1.7411e-04  5.9684e-05     4.0571e-04  1.3908e-04     1.3612e-06  4.6664e-07 
3.7646e-03     6.0124e-02  1.7254e-02     2.2634e-04  6.4956e-05     5.2742e-04  1.5137e-04     1.9855e-06  5.6984e-07 
4.2240e-03     4.1220e-02  1.4003e-02     1.7411e-04  5.9149e-05     4.0571e-04  1.3783e-04     1.7137e-06  5.8220e-07 
4.7394e-03     5.8780e-02  1.7105e-02     2.7858e-04  8.1065e-05     6.4913e-04  1.8890e-04     3.0765e-06  8.9528e-07 
5.3176e-03     4.5839e-02  2.3486e-02     2.4376e-04  1.2489e-04     5.6799e-04  2.9102e-04     3.0204e-06  1.5475e-06 
5.9665e-03     7.4413e-02  2.7901e-02     4.4398e-04  1.6647e-04     1.0346e-03  3.8792e-04     6.1727e-06  2.3145e-06 
6.6945e-03     6.6320e-02  1.0179e-02     4.4398e-04  6.8143e-05     1.0346e-03  1.5881e-04     6.9259e-06  1.0632e-06 
7.5114e-03     6.9539e-02  1.7296e-02     5.2233e-04  1.2992e-04     1.2171e-03  3.0275e-04     9.1423e-06  2.2741e-06 
8.4279e-03     7.8504e-02  1.8567e-02     6.6162e-04  1.5648e-04     1.5417e-03  3.6465e-04     1.2993e-05  3.0732e-06 
9.4563e-03     8.1014e-02  1.5949e-02     7.6609e-04  1.5082e-04     1.7851e-03  3.5146e-04     1.6881e-05  3.3235e-06 
1.0610e-02     9.5178e-02  2.4354e-02     1.0098e-03  2.5839e-04     2.3531e-03  6.0214e-04     2.4967e-05  6.3888e-06 
1.1905e-02     9.2140e-02  1.2855e-02     1.0969e-03  1.5304e-04     2.5560e-03  3.5668e-04     3.0428e-05  4.2462e-06 
1.3357e-02     9.3199e-02  2.2093e-02     1.2449e-03  2.9510e-04     2.9008e-03  6.8768e-04     3.8747e-05  9.1856e-06 
1.4987e-02     1.3534e-01  1.3662e-02     2.0284e-03  2.0476e-04     4.7265e-03  4.7732e-04     7.0837e-05  7.1536e-06 
1.6816e-02     1.4340e-01  1.6496e-02     2.4114e-03  2.7740e-04     5.6191e-03  6.4659e-04     9.4489e-05  1.0873e-05 
1.8868e-02     1.7764e-01  1.1083e-02     3.3516e-03  2.0911e-04     7.8099e-03  4.8779e-04     1.4735e-04  9.2035e-06 
2.1170e-02     1.8957e-01  9.1655e-03     4.0133e-03  1.9403e-04     9.3516e-03  4.5295e-04     1.9797e-04  9.5890e-06 
2.3753e-02     2.1660e-01  1.9579e-02     5.1450e-03  4.6507e-04     1.1989e-02  1.0843e-03     2.8477e-04  2.5755e-05 
2.6651e-02     2.2539e-01  1.0889e-02     6.0068e-03  2.9020e-04     1.3997e-02  6.7745e-04     3.7304e-04  1.8055e-05 
2.9903e-02     2.5561e-01  1.1193e-02     7.6435e-03  3.3471e-04     1.7811e-02  7.8168e-04     5.3260e-04  2.3375e-05 
3.3552e-02     2.7607e-01  9.5636e-03     9.2627e-03  3.2088e-04     2.1584e-02  7.5035e-04     7.2418e-04  2.5176e-05 
3.7646e-02     3.1033e-01  9.4590e-03     1.1683e-02  3.5610e-04     2.7223e-02  8.3356e-04     1.0248e-03  3.1380e-05 
4.2240e-02     3.5119e-01  1.5777e-02     1.4834e-02  6.6641e-04     3.4566e-02  1.5561e-03     1.4601e-03  6.5730e-05 
4.7394e-02     3.6829e-01  1.5084e-02     1.7455e-02  7.1489e-04     4.0672e-02  1.6701e-03     1.9276e-03  7.9150e-05 
5.3176e-02     4.3449e-01  2.2180e-02     2.3105e-02  1.1795e-03     5.3838e-02  2.7529e-03     2.8629e-03  1.4639e-04 
5.9665e-02     4.6165e-01  6.7669e-03     2.7544e-02  4.0375e-04     6.4183e-02  9.5931e-04     3.8295e-03  5.7237e-05 
6.6945e-02     4.9792e-01  2.4429e-02     3.3334e-02  1.6354e-03     7.7673e-02  3.8175e-03     5.1998e-03  2.5556e-04 
7.5114e-02     5.5817e-01  1.4636e-02     4.1926e-02  1.0994e-03     9.7695e-02  2.5775e-03     7.3382e-03  1.9361e-04 
8.4279e-02     6.1522e-01  6.2352e-03     5.1850e-02  5.2550e-04     1.2082e-01  1.2744e-03     1.0183e-02  1.0740e-04 
9.4563e-02     6.8227e-01  9.8982e-03     6.4517e-02  9.3600e-04     1.5034e-01  2.2248e-03     1.4216e-02  2.1039e-04 
1.0610e-01     7.4600e-01  8.3412e-03     7.9151e-02  8.8501e-04     1.8444e-01  2.1314e-03     1.9569e-02  2.2615e-04 
1.1905e-01     8.2970e-01  1.2029e-02     9.8773e-02  1.4321e-03     2.3016e-01  3.4040e-03     2.7400e-02  4.0524e-04 
1.3357e-01     9.1173e-01  7.0936e-03     1.2178e-01  9.4751e-04     2.8377e-01  2.3584e-03     3.7904e-02  3.1502e-04 
1.4987e-01     1.0271e+00  3.2400e-02     1.5394e-01  4.8559e-03     3.5871e-01  1.1363e-02     5.3760e-02  1.7031e-03 
1.6816e-01     1.1501e+00  1.2242e-02     1.9340e-01  2.0587e-03     4.5066e-01  4.9744e-03     7.5783e-02  8.3649e-04 
1.8868e-01     1.2889e+00  1.3762e-02     2.4318e-01  2.5967e-03     5.6665e-01  6.2730e-03     1.0691e-01  1.1836e-03 
2.1170e-01     1.4514e+00  6.8962e-03     3.0725e-01  1.4599e-03     7.1595e-01  3.9934e-03     1.5157e-01  8.4540e-04 
2.3753e-01     1.6261e+00  1.0868e-02     3.8626e-01  2.5815e-03     9.0004e-01  6.5650e-03     2.1379e-01  1.5594e-03 
2.6651e-01     1.8573e+00  9.2672e-03     4.9499e-01  2.4698e-03     1.1534e+00  6.6690e-03     3.0740e-01  1.7774e-03 
2.9903e-01     2.1274e+00  1.6078e-02     6.3617e-01  4.8078e-03     1.4824e+00  1.2011e-02     4.4328e-01  3.5916e-03 
3.3552e-01     2.4297e+00  8.7543e-03     8.1522e-01  2.9372e-03     1.8996e+00  8.8115e-03     6.3736e-01  2.9564e-03 
3.7646e-01     2.5906e+00  9.8934e-03     9.7524e-01  3.7245e-03     2.2725e+00  1.0927e-02     8.5550e-01  4.1135e-03 
4.2240e-01     2.3145e+00  7.0547e-03     9.7763e-01  2.9799e-03     2.2781e+00  9.6180e-03     9.6224e-01  4.0626e-03 
4.7394e-01     1.7083e+00  8.1156e-03     8.0961e-01  3.8463e-03     1.8865e+00  1.0521e-02     8.9409e-01  4.9865e-03 
5.3176e-01     1.0910e+00  8.7479e-03     5.8017e-01  4.6518e-03     1.3519e+00  1.1537e-02     7.1889e-01  6.1348e-03 
5.9665e-01     6.7074e-01  7.4324e-03     4.0019e-01  4.4346e-03     9.3252e-01  1.0686e-02     5.5639e-01  6.3760e-03 
6.6945e-01     4.1195e-01  4.1940e-03     2.7578e-01  2.8077e-03     6.4262e-01  6.8065e-03     4.3020e-01  4.5566e-03 
7.5114e-01     2.6762e-01  4.1441e-03     2.0102e-01  3.1128e-03     4.6841e-01  7.3812e-03     3.5184e-01  5.5443e-03 
8.4279e-01     1.7781e-01  2.1720e-03     1.4986e-01  1.8305e-03     3.4919e-01  4.3857e-03     2.9430e-01  3.6963e-03 
9.4563e-01     1.1903e-01  1.0866e-03     1.1255e-01  1.0275e-03     2.6227e-01  2.5138e-03     2.4801e-01  2.3771e-03 
1.0610e+00     8.2444e-02  1.2014e-03     8.7473e-02  1.2747e-03     2.0383e-01  3.0293e-03     2.1626e-01  3.2142e-03 
1.1905e+00     5.7434e-02  1.3321e-03     6.8373e-02  1.5858e-03     1.5932e-01  3.7244e-03     1.8967e-01  4.4338e-03 
1.3357e+00     3.9848e-02  1.1631e-03     5.3226e-02  1.5536e-03     1.2403e-01  3.6381e-03     1.6566e-01  4.8596e-03 
1.4987e+00     2.7934e-02  4.9547e-04     4.1865e-02  7.4256e-04     9.7553e-02  1.7536e-03     1.4620e-01  2.6282e-03 
1.6816e+00     1.9056e-02  8.6248e-04     3.2045e-02  1.4503e-03     7.4671e-02  3.3866e-03     1.2557e-01  5.6948e-03 
1.8868e+00     1.2444e-02  2.0238e-04     2.3479e-02  3.8184e-04     5.4710e-02  9.0400e-04     1.0322e-01  1.7056e-03 
2.1170e+00     8.0600e-03  3.9618e-04     1.7063e-02  8.3871e-04     3.9759e-02  1.9578e-03     8.4170e-02  4.1446e-03 
2.3753e+00     4.9075e-03  1.8054e-04     1.1657e-02  4.2884e-04     2.7162e-02  1.0024e-03     6.4518e-02  2.3810e-03 
2.6651e+00     2.6654e-03  1.1494e-04     7.1037e-03  3.0633e-04     1.6553e-02  7.1544e-04     4.4116e-02  1.9067e-03 
2.9903e+00     1.2751e-03  1.0474e-04     3.8130e-03  3.1321e-04     8.8850e-03  7.3029e-04     2.6569e-02  2.1838e-03 
3.3552e+00     5.1893e-04  4.8833e-05     1.7411e-03  1.6384e-04     4.0571e-03  3.8197e-04     1.3612e-02  1.2816e-03 
3.7646e+00     1.9425e-04  2.0617e-05     7.3127e-04  7.7614e-05     1.7040e-03  1.8092e-04     6.4148e-03  6.8110e-04 
4.2240e+00     6.3891e-05  5.4733e-05     2.6987e-04  2.3119e-04     6.2885e-04  5.3871e-04     2.6562e-03  2.2755e-03 
4.7394e+00     1.6532e-05  8.3278e-06     7.8350e-05  3.9469e-05     1.8257e-04  9.1970e-05     8.6526e-04  4.3588e-04 
5.3176e+00     3.2742e-06  7.2232e-07     1.7411e-05  3.8411e-06     4.0571e-05  8.9511e-06     2.1574e-04  4.7599e-05 
5.9665e+00     1.4591e-06  7.3180e-06     8.7056e-06  4.3663e-05     2.0285e-05  1.0174e-04     1.2103e-04  6.0704e-04 
6.6945e+00     0.0000e+00  0.0000e+00     0.0000e+00  0.0000e+00     0.0000e+00  0.0000e+00     0.0000e+00  0.0000e+00 
7.5114e+00     0.0000e+00  0.0000e+00     0.0000e+00  0.0000e+00     0.0000e+00  0.0000e+00     0.0000e+00  0.0000e+00 
8.4279e+00     1.0329e-06  1.9203e-06     8.7056e-06  1.6184e-05     2.0285e-05  3.7712e-05     1.7096e-04  3.1783e-04 
9.4563e+00     0.0000e+00  0.0000e+00     0.0000e+00  0.0000e+00     0.0000e+00  0.0000e+00     0.0000e+00  0.0000e+00 
1.0610e+01     0.0000e+00  0.0000e+00     0.0000e+00  0.0000e+00     0.0000e+00  0.0000e+00     0.0000e+00  0.0000e+00 
1.1905e+01     7.3127e-07  5.5074e-07     8.7056e-06  6.5564e-06     2.0285e-05  1.5278e-05     2.4149e-04  1.8187e-04 
1.3357e+01     0.0000e+00  0.0000e+00     0.0000e+00  0.0000e+00     0.0000e+00  0.0000e+00     0.0000e+00  0.0000e+00 
1.4987e+01     0.0000e+00  0.0000e+00     0.0000e+00  0.0000e+00     0.0000e+00  0.0000e+00     0.0000e+00  0.0000e+00 
1.6816e+01     0.0000e+00  0.0000e+00     0.0000e+00  0.0000e+00     0.0000e+00  0.0000e+00     0.0000e+00  0.0000e+00 
1.8868e+01     4.6140e-07  1.6633e-07     8.7056e-06  3.1382e-06     2.0285e-05  7.3129e-06     3.8274e-04  1.3798e-04 
2.1170e+01     0.0000e+00  0.0000e+00     0.0000e+00  0.0000e+00     0.0000e+00  0.0000e+00     0.0000e+00  0.0000e+00 
2.3753e+01     0.0000e+00  0.0000e+00     0.0000e+00  0.0000e+00     0.0000e+00  0.0000e+00     0.0000e+00  0.0000e+00 
2.6651e+01     3.2665e-07  2.5184e-07     8.7056e-06  6.7118e-06     2.0285e-05  1.5640e-05     5.4063e-04  4.1682e-04 
2.9903e+01     0.0000e+00  0.0000e+00     0.0000e+00  0.0000e+00     0.0000e+00  0.0000e+00     0.0000e+00  0.0000e+00 
3.3552e+01     0.0000e+00  0.0000e+00     0.0000e+00  0.0000e+00     0.0000e+00  0.0000e+00     0.0000e+00  0.0000e+00 
3.7646e+01     0.0000e+00  0.0000e+00     0.0000e+00  0.0000e+00     0.0000e+00  0.0000e+00     0.0000e+00  0.0000e+00 
4.2240e+01     0.0000e+00  0.0000e+00     0.0000e+00  0.0000e+00     0.0000e+00  0.0000e+00     0.0000e+00  0.0000e+00 
4.7394e+01     0.0000e+00  0.0000e+00     0.0000e+00  0.0000e+00     0.0000e+00  0.0000e+00     0.0000e+00  0.0000e+00 
5.3176e+01     0.0000e+00  0.0000e+00     0.0000e+00  0.0000e+00     0.0000e+00  0.0000e+00     0.0000e+00  0.0000e+00 
5.9665e+01     1.4591e-07  2.9181e-07     8.7056e-06  1.7411e-05     2.0285e-05  4.0570e-05     1.2103e-03  2.4206e-03 
6.6945e+01     2.6008e-07  4.8208e-08     1.7411e-05  3.2273e-06     4.0571e-05  7.5210e-06     2.7160e-03  5.0350e-04 
7.5114e+01     1.1590e-07  4.0141e-08     8.7056e-06  3.0151e-06     2.0285e-05  7.0261e-06     1.5237e-03  5.2775e-04 
8.4279e+01     1.0329e-07  5.9460e-08     8.7056e-06  5.0112e-06     2.0285e-05  1.1677e-05     1.7096e-03  9.8414e-04 
9.4563e+01     9.2061e-08  1.8412e-07     8.7056e-06  1.7411e-05     2.0285e-05  4.0570e-05     1.9182e-03  3.8364e-03 
1.0610e+02     8.2050e-08  3.1772e-08     8.7056e-06  3.3710e-06     2.0285e-05  7.8553e-06     2.1523e-03  8.3345e-04 
1.1905e+02     0.0000e+00  0.0000e+00     0.0000e+00  0.0000e+00     0.0000e+00  0.0000e+00     0.0000e+00  0.0000e+00 
1.3357e+02     0.0000e+00  0.0000e+00     0.0000e+00  0.0000e+00     0.0000e+00  0.0000e+00     0.0000e+00  0.0000e+00 
1.4987e+02     5.8087e-08  4.1270e-08     8.7056e-06  6.1851e-06     2.0285e-05  1.4413e-05     3.0402e-03  2.1600e-03 
1.6816e+02     5.1770e-08  1.2680e-08     8.7056e-06  2.1322e-06     2.0285e-05  4.9688e-06     3.4112e-03  8.3555e-04 
1.8868e+02     4.6140e-08  2.5303e-08     8.7056e-06  4.7741e-06     2.0285e-05  1.1125e-05     3.8274e-03  2.0989e-03 
2.1170e+02     4.1122e-08  1.5924e-08     8.7056e-06  3.3710e-06     2.0285e-05  7.8553e-06     4.2944e-03  1.6630e-03 
2.3753e+02     0.0000e+00  0.0000e+00     0.0000e+00  0.0000e+00     0.0000e+00  0.0000e+00     0.0000e+00  0.0000e+00 
2.6651e+02     0.0000e+00  0.0000e+00     0.0000e+00  0.0000e+00     0.0000e+00  0.0000e+00     0.0000e+00  0.0000e+00 
2.9903e+02     2.9112e-08  1.8512e-08     8.7056e-06  5.5358e-06     2.0285e-05  1.2899e-05     6.0660e-03  3.8573e-03 
3.3552e+02     2.5946e-08  2.0486e-08     8.7056e-06  6.8736e-06     2.0285e-05  1.6017e-05     6.8062e-03  5.3739e-03 
3.7646e+02     0.0000e+00  0.0000e+00     0.0000e+00  0.0000e+00     0.0000e+00  0.0000e+00     0.0000e+00  0.0000e+00 
4.2240e+02     0.0000e+00  0.0000e+00     0.0000e+00  0.0000e+00     0.0000e+00  0.0000e+00     0.0000e+00  0.0000e+00 
4.7394e+02     0.0000e+00  0.0000e+00     0.0000e+00  0.0000e+00     0.0000e+00  0.0000e+00     0.0000e+00  0.0000e+00 
5.3176e+02     0.0000e+00  0.0000e+00     0.0000e+00  0.0000e+00     0.0000e+00  0.0000e+00     0.0000e+00  0.0000e+00 
5.9665e+02     0.0000e+00  0.0000e+00     0.0000e+00  0.0000e+00     0.0000e+00  0.0000e+00     0.0000e+00  0.0000e+00 
6.6945e+02     1.3004e-08  1.1081e-08     8.7056e-06  7.4179e-06     2.0285e-05  1.7285e-05     1.3580e-02  1.1572e-02 
7.5114e+02     1.1590e-08  7.4666e-09     8.7056e-06  5.6085e-06     2.0285e-05  1.3069e-05     1.5237e-02  9.8165e-03 
8.4279e+02     0.0000e+00  0.0000e+00     0.0000e+00  0.0000e+00     0.0000e+00  0.0000e+00     0.0000e+00  0.0000e+00 
9.4563e+02     0.0000e+00  0.0000e+00     0.0000e+00  0.0000e+00     0.0000e+00  0.0000e+00     0.0000e+00  0.0000e+00 
1.0610e+03     0.0000e+00  0.0000e+00     0.0000e+00  0.0000e+00     0.0000e+00  0.0000e+00     0.0000e+00  0.0000e+00 
1.1905e+03     0.0000e+00  0.0000e+00     0.0000e+00  0.0000e+00     0.0000e+00  0.0000e+00     0.0000e+00  0.0000e+00 
1.3357e+03     0.0000e+00  0.0000e+00     0.0000e+00  0.0000e+00     0.0000e+00  0.0000e+00     0.0000e+00  0.0000e+00 
1.4987e+03     0.0000e+00  0.0000e+00     0.0000e+00  0.0000e+00     0.0000e+00  0.0000e+00     0.0000e+00  0.0000e+00 
1.6816e+03     0.0000e+00  0.0000e+00     0.0000e+00  0.0000e+00     0.0000e+00  0.0000e+00     0.0000e+00  0.0000e+00 
1.8868e+03     0.0000e+00  0.0000e+00     0.0000e+00  0.0000e+00     0.0000e+00  0.0000e+00     0.0000e+00  0.0000e+00 
2.1170e+03     0.0000e+00  0.0000e+00     0.0000e+00  0.0000e+00     0.0000e+00  0.0000e+00     0.0000e+00  0.0000e+00 
2.3753e+03     0.0000e+00  0.0000e+00     0.0000e+00  0.0000e+00     0.0000e+00  0.0000e+00     0.0000e+00  0.0000e+00 
2.6651e+03     0.0000e+00  0.0000e+00     0.0000e+00  0.0000e+00     0.0000e+00  0.0000e+00     0.0000e+00  0.0000e+00 
2.9903e+03     0.0000e+00  0.0000e+00     0.0000e+00  0.0000e+00     0.0000e+00  0.0000e+00     0.0000e+00  0.0000e+00 
3.3552e+03     0.0000e+00  0.0000e+00     0.0000e+00  0.0000e+00     0.0000e+00  0.0000e+00     0.0000e+00  0.0000e+00 
3.7646e+03     0.0000e+00  0.0000e+00     0.0000e+00  0.0000e+00     0.0000e+00  0.0000e+00     0.0000e+00  0.0000e+00 
4.2240e+03     0.0000e+00  0.0000e+00     0.0000e+00  0.0000e+00     0.0000e+00  0.0000e+00     0.0000e+00  0.0000e+00 
4.7394e+03     0.0000e+00  0.0000e+00     0.0000e+00  0.0000e+00     0.0000e+00  0.0000e+00     0.0000e+00  0.0000e+00 
5.3176e+03     0.0000e+00  0.0000e+00     0.0000e+00  0.0000e+00     0.0000e+00  0.0000e+00     0.0000e+00  0.0000e+00 
5.9665e+03     0.0000e+00  0.0000e+00     0.0000e+00  0.0000e+00     0.0000e+00  0.0000e+00     0.0000e+00  0.0000e+00 
6.6945e+03     0.0000e+00  0.0000e+00     0.0000e+00  0.0000e+00     0.0000e+00  0.0000e+00     0.0000e+00  0.0000e+00 
7.5114e+03     0.0000e+00  0.0000e+00     0.0000e+00  0.0000e+00     0.0000e+00  0.0000e+00     0.0000e+00  0.0000e+00 
8.4279e+03     0.0000e+00  0.0000e+00     0.0000e+00  0.0000e+00     0.0000e+00  0.0000e+00     0.0000e+00  0.0000e+00 
9.4563e+03     0.0000e+00  0.0000e+00     0.0000e+00  0.0000e+00     0.0000e+00  0.0000e+00     0.0000e+00  0.0000e+00 
