yF = 3.9145e-01 (std: 3.7971e-03) keV/um
yD = 2.6799e+00 (std: 2.8336e+00) keV/um
y (keV/um)     f(y)(std)                  yf(y)(std)                 d(y)(std)                  yd(y)(std)  
1.0610e-03     0.0000e+00  0.0000e+00     0.0000e+00  0.0000e+00     0.0000e+00  0.0000e+00     0.0000e+00  0.0000e+00 
1.1905e-03     0.0000e+00  0.0000e+00     0.0000e+00  0.0000e+00     0.0000e+00  0.0000e+00     0.0000e+00  0.0000e+00 
1.3357e-03     1.3035e-02  8.2012e-03     1.7411e-05  1.0955e-05     4.4478e-05  2.7988e-05     5.9411e-08  3.7385e-08 
1.4987e-03     8.1321e-02  1.2693e-01     1.2188e-04  1.9023e-04     3.1135e-04  4.8597e-04     4.6662e-07  7.2833e-07 
1.6816e-03     7.7654e-02  4.7464e-02     1.3058e-04  7.9816e-05     3.3359e-04  2.0392e-04     5.6096e-07  3.4291e-07 
1.8868e-03     5.9982e-02  4.6829e-02     1.1317e-04  8.8355e-05     2.8911e-04  2.2573e-04     5.4548e-07  4.2590e-07 
2.1170e-03     7.4020e-02  3.2260e-02     1.5670e-04  6.8294e-05     4.0030e-04  1.7451e-04     8.4744e-07  3.6943e-07 
2.3753e-03     2.5655e-02  1.6186e-02     6.0939e-05  3.8447e-05     1.5567e-04  9.8230e-05     3.6977e-07  2.3333e-07 
2.6651e-03     4.8997e-02  1.8417e-02     1.3058e-04  4.9085e-05     3.3359e-04  1.2543e-04     8.8905e-07  3.3430e-07 
2.9903e-03     5.2402e-02  1.3905e-02     1.5670e-04  4.1580e-05     4.0030e-04  1.0629e-04     1.1970e-06  3.1785e-07 
3.3552e-03     5.7082e-02  1.3474e-02     1.9152e-04  4.5207e-05     4.8926e-04  1.1558e-04     1.6416e-06  3.8781e-07 
3.7646e-03     8.3249e-02  1.9713e-02     3.1340e-04  7.4211e-05     8.0061e-04  1.8974e-04     3.0140e-06  7.1429e-07 
4.2240e-03     6.3891e-02  2.0055e-02     2.6987e-04  8.4710e-05     6.8941e-04  2.1651e-04     2.9121e-06  9.1451e-07 
4.7394e-03     6.9800e-02  2.2108e-02     3.3081e-04  1.0478e-04     8.4509e-04  2.6779e-04     4.0052e-06  1.2692e-06 
5.3176e-03     9.1677e-02  1.3156e-02     4.8751e-04  6.9959e-05     1.2454e-03  1.7913e-04     6.6226e-06  9.5253e-07 
5.9665e-03     7.1494e-02  1.4531e-02     4.2657e-04  8.6701e-05     1.0897e-03  2.2174e-04     6.5018e-06  1.3230e-06 
6.6945e-03     7.9324e-02  1.8756e-02     5.3104e-04  1.2557e-04     1.3566e-03  3.2104e-04     9.0817e-06  2.1492e-06 
7.5114e-03     1.0431e-01  1.8062e-02     7.8350e-04  1.3567e-04     2.0015e-03  3.4712e-04     1.5034e-05  2.6074e-06 
8.4279e-03     9.6063e-02  1.2560e-02     8.0961e-04  1.0585e-04     2.0682e-03  2.7116e-04     1.7431e-05  2.2853e-06 
9.4563e-03     9.6664e-02  1.3100e-02     9.1408e-04  1.2388e-04     2.3351e-03  3.1728e-04     2.2081e-05  3.0003e-06 
1.0610e-02     9.9280e-02  1.3558e-02     1.0534e-03  1.4385e-04     2.6909e-03  3.6841e-04     2.8551e-05  3.9089e-06 
1.1905e-02     1.2578e-01  8.8137e-03     1.4973e-03  1.0492e-04     3.8251e-03  2.7060e-04     4.5537e-05  3.2214e-06 
1.3357e-02     1.6880e-01  2.3097e-02     2.2547e-03  3.0852e-04     5.7599e-03  7.9012e-04     7.6937e-05  1.0554e-05 
1.4987e-02     1.5509e-01  7.2090e-03     2.3244e-03  1.0804e-04     5.9379e-03  2.8195e-04     8.8992e-05  4.2256e-06 
1.6816e-02     1.7809e-01  1.7482e-02     2.9947e-03  2.9398e-04     7.6503e-03  7.5466e-04     1.2865e-04  1.2690e-05 
1.8868e-02     1.8548e-01  1.4243e-02     3.4996e-03  2.6873e-04     8.9401e-03  6.9195e-04     1.6868e-04  1.3056e-05 
2.1170e-02     2.2535e-01  1.7553e-02     4.7706e-03  3.7160e-04     1.2187e-02  9.5661e-04     2.5800e-04  2.0251e-05 
2.3753e-02     2.6571e-01  2.0213e-02     6.3115e-03  4.8012e-04     1.6123e-02  1.2365e-03     3.8298e-04  2.9370e-05 
2.6651e-02     2.7471e-01  8.7670e-03     7.3213e-03  2.3365e-04     1.8703e-02  6.2386e-04     4.9846e-04  1.6627e-05 
2.9903e-02     3.0160e-01  1.6631e-02     9.0189e-03  4.9732e-04     2.3040e-02  1.2900e-03     6.8896e-04  3.8574e-05 
3.3552e-02     3.5728e-01  1.4564e-02     1.1987e-02  4.8867e-04     3.0623e-02  1.2832e-03     1.0275e-03  4.3054e-05 
3.7646e-02     3.7508e-01  1.5992e-02     1.4120e-02  6.0203e-04     3.6072e-02  1.5772e-03     1.3580e-03  5.9377e-05 
4.2240e-02     4.2106e-01  1.1168e-02     1.7785e-02  4.7175e-04     4.5435e-02  1.2832e-03     1.9191e-03  5.4202e-05 
4.7394e-02     4.6601e-01  1.1847e-02     2.2086e-02  5.6148e-04     5.6421e-02  1.5352e-03     2.6740e-03  7.2760e-05 
5.3176e-02     5.0177e-01  1.6219e-02     2.6682e-02  8.6248e-04     6.8163e-02  2.3004e-03     3.6247e-03  1.2233e-04 
5.9665e-02     5.5109e-01  1.7685e-02     3.2881e-02  1.0552e-03     8.3997e-02  2.8161e-03     5.0117e-03  1.6802e-04 
6.6945e-02     6.1275e-01  1.3181e-02     4.1020e-02  8.8242e-04     1.0479e-01  2.4728e-03     7.0152e-03  1.6554e-04 
7.5114e-02     6.7279e-01  2.8200e-02     5.0535e-02  2.1182e-03     1.2910e-01  5.5543e-03     9.6970e-03  4.1720e-04 
8.4279e-02     7.3969e-01  2.3441e-02     6.2340e-02  1.9756e-03     1.5925e-01  5.2779e-03     1.3422e-02  4.4482e-04 
9.4563e-02     8.1732e-01  1.8188e-02     7.7287e-02  1.7199e-03     1.9744e-01  4.7930e-03     1.8670e-02  4.5324e-04 
1.0610e-01     8.9975e-01  1.0713e-02     9.5465e-02  1.1366e-03     2.4387e-01  3.7453e-03     2.5875e-02  3.9738e-04 
1.1905e-01     1.0049e+00  7.6844e-03     1.1963e-01  9.1481e-04     3.0561e-01  3.7748e-03     3.6382e-02  4.4938e-04 
1.3357e-01     1.1122e+00  9.6240e-03     1.4856e-01  1.2855e-03     3.7951e-01  4.9332e-03     5.0692e-02  6.5894e-04 
1.4987e-01     1.2457e+00  1.5780e-02     1.8669e-01  2.3650e-03     4.7692e-01  7.6093e-03     7.1477e-02  1.1404e-03 
1.6816e-01     1.3798e+00  8.1720e-03     2.3203e-01  1.3742e-03     5.9274e-01  6.7366e-03     9.9674e-02  1.1328e-03 
1.8868e-01     1.5700e+00  1.2155e-02     2.9623e-01  2.2934e-03     7.5675e-01  9.3920e-03     1.4278e-01  1.7720e-03 
2.1170e-01     1.7717e+00  1.1899e-02     3.7508e-01  2.5190e-03     9.5817e-01  1.1305e-02     2.0284e-01  2.3932e-03 
2.3753e-01     2.0073e+00  7.5810e-03     4.7678e-01  1.8007e-03     1.2180e+00  1.2679e-02     2.8931e-01  3.0116e-03 
2.6651e-01     2.3091e+00  2.0725e-02     6.1541e-01  5.5234e-03     1.5721e+00  2.0776e-02     4.1899e-01  5.5372e-03 
2.9903e-01     2.6438e+00  1.4602e-02     7.9057e-01  4.3665e-03     2.0196e+00  2.2544e-02     6.0393e-01  6.7413e-03 
3.3552e-01     2.8392e+00  7.5977e-03     9.5260e-01  2.5492e-03     2.4335e+00  2.4487e-02     8.1650e-01  8.2159e-03 
3.7646e-01     2.6165e+00  5.9594e-03     9.8501e-01  2.2435e-03     2.5163e+00  2.5072e-02     9.4729e-01  9.4387e-03 
4.2240e-01     1.9852e+00  5.7257e-03     8.3854e-01  2.4185e-03     2.1421e+00  2.1678e-02     9.0483e-01  9.1567e-03 
4.7394e-01     1.2893e+00  1.4472e-02     6.1103e-01  6.8586e-03     1.5609e+00  2.3157e-02     7.3979e-01  1.0975e-02 
5.3176e-01     7.9314e-01  8.7112e-03     4.2176e-01  4.6323e-03     1.0774e+00  1.5788e-02     5.7295e-01  8.3956e-03 
5.9665e-01     4.9038e-01  7.4071e-03     2.9258e-01  4.4194e-03     7.4744e-01  1.3417e-02     4.4596e-01  8.0055e-03 
6.6945e-01     3.1046e-01  1.9348e-03     2.0784e-01  1.2952e-03     5.3094e-01  6.1215e-03     3.5544e-01  4.0980e-03 
7.5114e-01     2.0288e-01  1.9955e-03     1.5239e-01  1.4989e-03     3.8930e-01  5.3779e-03     2.9241e-01  4.0396e-03 
8.4279e-01     1.3635e-01  1.0141e-03     1.1491e-01  8.5470e-04     2.9356e-01  3.5883e-03     2.4741e-01  3.0242e-03 
9.4563e-01     9.5439e-02  1.4409e-03     9.0250e-02  1.3626e-03     2.3055e-01  4.1373e-03     2.1802e-01  3.9123e-03 
1.0610e+00     6.7018e-02  6.6969e-04     7.1107e-02  7.1055e-04     1.8165e-01  2.5297e-03     1.9273e-01  2.6841e-03 
1.1905e+00     4.7006e-02  6.6638e-04     5.5959e-02  7.9331e-04     1.4295e-01  2.4556e-03     1.7018e-01  2.9233e-03 
1.3357e+00     3.3369e-02  8.8694e-04     4.4572e-02  1.1847e-03     1.1386e-01  3.2217e-03     1.5209e-01  4.3033e-03 
1.4987e+00     2.2892e-02  5.6214e-04     3.4308e-02  8.4249e-04     8.7644e-02  2.3141e-03     1.3135e-01  3.4681e-03 
1.6816e+00     1.6318e-02  3.8581e-04     2.7440e-02  6.4877e-04     7.0098e-02  1.7914e-03     1.1788e-01  3.0124e-03 
1.8868e+00     1.0580e-02  3.7869e-04     1.9962e-02  7.1450e-04     5.0994e-02  1.8911e-03     9.6215e-02  3.5681e-03 
2.1170e+00     6.6741e-03  3.1739e-04     1.4129e-02  6.7192e-04     3.6094e-02  1.7518e-03     7.6411e-02  3.7086e-03 
2.3753e+00     3.9912e-03  2.2440e-04     9.4803e-03  5.3301e-04     2.4218e-02  1.3817e-03     5.7526e-02  3.2821e-03 
2.6651e+00     2.2408e-03  1.6369e-04     5.9720e-03  4.3625e-04     1.5256e-02  1.1242e-03     4.0659e-02  2.9962e-03 
2.9903e+00     1.0218e-03  9.5337e-05     3.0556e-03  2.8509e-04     7.8059e-03  7.3221e-04     2.3342e-02  2.1896e-03 
3.3552e+00     4.1773e-04  4.3001e-05     1.4016e-03  1.4428e-04     3.5805e-03  3.7021e-04     1.2013e-02  1.2421e-03 
3.7646e+00     1.2950e-04  2.5264e-05     4.8751e-04  9.5107e-05     1.2454e-03  2.4326e-04     4.6884e-03  9.1578e-04 
4.2240e+00     3.0915e-05  2.7422e-05     1.3058e-04  1.1583e-04     3.3359e-04  2.9591e-04     1.4091e-03  1.2499e-03 
4.7394e+00     2.7553e-05  9.1385e-06     1.3058e-04  4.3310e-05     3.3359e-04  1.1069e-04     1.5810e-03  5.2459e-04 
5.3176e+00     6.5484e-06  3.2772e-06     3.4822e-05  1.7427e-05     8.8957e-05  4.4527e-05     4.7304e-04  2.3678e-04 
5.9665e+00     5.8363e-06  2.7296e-06     3.4822e-05  1.6286e-05     8.8957e-05  4.1614e-05     5.3076e-04  2.4829e-04 
6.6945e+00     1.3004e-06  1.2816e-06     8.7055e-06  8.5799e-06     2.2239e-05  2.1919e-05     1.4888e-04  1.4674e-04 
7.5114e+00     0.0000e+00  0.0000e+00     0.0000e+00  0.0000e+00     0.0000e+00  0.0000e+00     0.0000e+00  0.0000e+00 
8.4279e+00     1.0329e-06  3.0984e-07     8.7055e-06  2.6113e-06     2.2239e-05  6.6743e-06     1.8743e-04  5.6250e-05 
9.4563e+00     0.0000e+00  0.0000e+00     0.0000e+00  0.0000e+00     0.0000e+00  0.0000e+00     0.0000e+00  0.0000e+00 
1.0610e+01     0.0000e+00  0.0000e+00     0.0000e+00  0.0000e+00     0.0000e+00  0.0000e+00     0.0000e+00  0.0000e+00 
1.1905e+01     7.3126e-07  6.3177e-07     8.7055e-06  7.5210e-06     2.2239e-05  1.9215e-05     2.6475e-04  2.2874e-04 
1.3357e+01     0.0000e+00  0.0000e+00     0.0000e+00  0.0000e+00     0.0000e+00  0.0000e+00     0.0000e+00  0.0000e+00 
1.4987e+01     0.0000e+00  0.0000e+00     0.0000e+00  0.0000e+00     0.0000e+00  0.0000e+00     0.0000e+00  0.0000e+00 
1.6816e+01     0.0000e+00  0.0000e+00     0.0000e+00  0.0000e+00     0.0000e+00  0.0000e+00     0.0000e+00  0.0000e+00 
1.8868e+01     0.0000e+00  0.0000e+00     0.0000e+00  0.0000e+00     0.0000e+00  0.0000e+00     0.0000e+00  0.0000e+00 
2.1170e+01     0.0000e+00  0.0000e+00     0.0000e+00  0.0000e+00     0.0000e+00  0.0000e+00     0.0000e+00  0.0000e+00 
2.3753e+01     0.0000e+00  0.0000e+00     0.0000e+00  0.0000e+00     0.0000e+00  0.0000e+00     0.0000e+00  0.0000e+00 
2.6651e+01     0.0000e+00  0.0000e+00     0.0000e+00  0.0000e+00     0.0000e+00  0.0000e+00     0.0000e+00  0.0000e+00 
2.9903e+01     0.0000e+00  0.0000e+00     0.0000e+00  0.0000e+00     0.0000e+00  0.0000e+00     0.0000e+00  0.0000e+00 
3.3552e+01     7.7839e-07  3.1975e-07     2.6117e-05  1.0728e-05     6.6717e-05  2.7414e-05     2.2385e-03  9.1981e-04 
3.7646e+01     0.0000e+00  0.0000e+00     0.0000e+00  0.0000e+00     0.0000e+00  0.0000e+00     0.0000e+00  0.0000e+00 
4.2240e+01     0.0000e+00  0.0000e+00     0.0000e+00  0.0000e+00     0.0000e+00  0.0000e+00     0.0000e+00  0.0000e+00 
4.7394e+01     3.6737e-07  8.5691e-07     1.7411e-05  4.0612e-05     4.4478e-05  1.0375e-04     2.1080e-03  4.9170e-03 
5.3176e+01     0.0000e+00  0.0000e+00     0.0000e+00  0.0000e+00     0.0000e+00  0.0000e+00     0.0000e+00  0.0000e+00 
5.9665e+01     4.3772e-07  2.8595e-07     2.6117e-05  1.7061e-05     6.6717e-05  4.3589e-05     3.9807e-03  2.6007e-03 
6.6945e+01     0.0000e+00  0.0000e+00     0.0000e+00  0.0000e+00     0.0000e+00  0.0000e+00     0.0000e+00  0.0000e+00 
7.5114e+01     2.3180e-07  8.5170e-08     1.7411e-05  6.3975e-06     4.4478e-05  1.6349e-05     3.3409e-03  1.2280e-03 
8.4279e+01     0.0000e+00  0.0000e+00     0.0000e+00  0.0000e+00     0.0000e+00  0.0000e+00     0.0000e+00  0.0000e+00 
9.4563e+01     0.0000e+00  0.0000e+00     0.0000e+00  0.0000e+00     0.0000e+00  0.0000e+00     0.0000e+00  0.0000e+00 
1.0610e+02     8.2049e-08  1.3442e-07     8.7055e-06  1.4262e-05     2.2239e-05  3.6435e-05     2.3596e-03  3.8658e-03 
1.1905e+02     7.3126e-08  3.0146e-08     8.7055e-06  3.5888e-06     2.2239e-05  9.1706e-06     2.6475e-03  1.0917e-03 
1.3357e+02     1.3035e-07  1.9199e-07     1.7411e-05  2.5645e-05     4.4478e-05  6.5514e-05     5.9411e-03  8.7509e-03 
1.4987e+02     5.8086e-08  2.5317e-08     8.7055e-06  3.7943e-06     2.2239e-05  9.6954e-06     3.3330e-03  1.4531e-03 
1.6816e+02     0.0000e+00  0.0000e+00     0.0000e+00  0.0000e+00     0.0000e+00  0.0000e+00     0.0000e+00  0.0000e+00 
1.8868e+02     0.0000e+00  0.0000e+00     0.0000e+00  0.0000e+00     0.0000e+00  0.0000e+00     0.0000e+00  0.0000e+00 
2.1170e+02     0.0000e+00  0.0000e+00     0.0000e+00  0.0000e+00     0.0000e+00  0.0000e+00     0.0000e+00  0.0000e+00 
2.3753e+02     0.0000e+00  0.0000e+00     0.0000e+00  0.0000e+00     0.0000e+00  0.0000e+00     0.0000e+00  0.0000e+00 
2.6651e+02     6.5329e-08  3.8261e-07     1.7411e-05  1.0197e-04     4.4478e-05  2.6050e-04     1.1854e-02  6.9426e-02 
2.9903e+02     0.0000e+00  0.0000e+00     0.0000e+00  0.0000e+00     0.0000e+00  0.0000e+00     0.0000e+00  0.0000e+00 
3.3552e+02     0.0000e+00  0.0000e+00     0.0000e+00  0.0000e+00     0.0000e+00  0.0000e+00     0.0000e+00  0.0000e+00 
3.7646e+02     4.6249e-08  1.1792e-07     1.7411e-05  4.4393e-05     4.4478e-05  1.1341e-04     1.6744e-02  4.2694e-02 
4.2240e+02     0.0000e+00  0.0000e+00     0.0000e+00  0.0000e+00     0.0000e+00  0.0000e+00     0.0000e+00  0.0000e+00 
4.7394e+02     0.0000e+00  0.0000e+00     0.0000e+00  0.0000e+00     0.0000e+00  0.0000e+00     0.0000e+00  0.0000e+00 
5.3176e+02     1.6371e-08  5.6701e-09     8.7055e-06  3.0151e-06     2.2239e-05  7.7055e-06     1.1826e-02  4.0975e-03 
5.9665e+02     0.0000e+00  0.0000e+00     0.0000e+00  0.0000e+00     0.0000e+00  0.0000e+00     0.0000e+00  0.0000e+00 
6.6945e+02     0.0000e+00  0.0000e+00     0.0000e+00  0.0000e+00     0.0000e+00  0.0000e+00     0.0000e+00  0.0000e+00 
7.5114e+02     0.0000e+00  0.0000e+00     0.0000e+00  0.0000e+00     0.0000e+00  0.0000e+00     0.0000e+00  0.0000e+00 
8.4279e+02     0.0000e+00  0.0000e+00     0.0000e+00  0.0000e+00     0.0000e+00  0.0000e+00     0.0000e+00  0.0000e+00 
9.4563e+02     0.0000e+00  0.0000e+00     0.0000e+00  0.0000e+00     0.0000e+00  0.0000e+00     0.0000e+00  0.0000e+00 
1.0610e+03     0.0000e+00  0.0000e+00     0.0000e+00  0.0000e+00     0.0000e+00  0.0000e+00     0.0000e+00  0.0000e+00 
1.1905e+03     0.0000e+00  0.0000e+00     0.0000e+00  0.0000e+00     0.0000e+00  0.0000e+00     0.0000e+00  0.0000e+00 
1.3357e+03     0.0000e+00  0.0000e+00     0.0000e+00  0.0000e+00     0.0000e+00  0.0000e+00     0.0000e+00  0.0000e+00 
1.4987e+03     0.0000e+00  0.0000e+00     0.0000e+00  0.0000e+00     0.0000e+00  0.0000e+00     0.0000e+00  0.0000e+00 
1.6816e+03     0.0000e+00  0.0000e+00     0.0000e+00  0.0000e+00     0.0000e+00  0.0000e+00     0.0000e+00  0.0000e+00 
1.8868e+03     0.0000e+00  0.0000e+00     0.0000e+00  0.0000e+00     0.0000e+00  0.0000e+00     0.0000e+00  0.0000e+00 
2.1170e+03     0.0000e+00  0.0000e+00     0.0000e+00  0.0000e+00     0.0000e+00  0.0000e+00     0.0000e+00  0.0000e+00 
2.3753e+03     0.0000e+00  0.0000e+00     0.0000e+00  0.0000e+00     0.0000e+00  0.0000e+00     0.0000e+00  0.0000e+00 
2.6651e+03     0.0000e+00  0.0000e+00     0.0000e+00  0.0000e+00     0.0000e+00  0.0000e+00     0.0000e+00  0.0000e+00 
2.9903e+03     0.0000e+00  0.0000e+00     0.0000e+00  0.0000e+00     0.0000e+00  0.0000e+00     0.0000e+00  0.0000e+00 
3.3552e+03     0.0000e+00  0.0000e+00     0.0000e+00  0.0000e+00     0.0000e+00  0.0000e+00     0.0000e+00  0.0000e+00 
3.7646e+03     0.0000e+00  0.0000e+00     0.0000e+00  0.0000e+00     0.0000e+00  0.0000e+00     0.0000e+00  0.0000e+00 
4.2240e+03     0.0000e+00  0.0000e+00     0.0000e+00  0.0000e+00     0.0000e+00  0.0000e+00     0.0000e+00  0.0000e+00 
4.7394e+03     0.0000e+00  0.0000e+00     0.0000e+00  0.0000e+00     0.0000e+00  0.0000e+00     0.0000e+00  0.0000e+00 
5.3176e+03     0.0000e+00  0.0000e+00     0.0000e+00  0.0000e+00     0.0000e+00  0.0000e+00     0.0000e+00  0.0000e+00 
5.9665e+03     0.0000e+00  0.0000e+00     0.0000e+00  0.0000e+00     0.0000e+00  0.0000e+00     0.0000e+00  0.0000e+00 
6.6945e+03     0.0000e+00  0.0000e+00     0.0000e+00  0.0000e+00     0.0000e+00  0.0000e+00     0.0000e+00  0.0000e+00 
7.5114e+03     0.0000e+00  0.0000e+00     0.0000e+00  0.0000e+00     0.0000e+00  0.0000e+00     0.0000e+00  0.0000e+00 
8.4279e+03     0.0000e+00  0.0000e+00     0.0000e+00  0.0000e+00     0.0000e+00  0.0000e+00     0.0000e+00  0.0000e+00 
9.4563e+03     0.0000e+00  0.0000e+00     0.0000e+00  0.0000e+00     0.0000e+00  0.0000e+00     0.0000e+00  0.0000e+00 
