yF = 3.6060e-01 (std: 1.2480e-03) keV/um
yD = 1.5532e+00 (std: 8.1729e-01) keV/um
y (keV/um)     f(y)(std)                  yf(y)(std)                 d(y)(std)                  yd(y)(std)  
1.0610e-03     0.0000e+00  0.0000e+00     0.0000e+00  0.0000e+00     0.0000e+00  0.0000e+00     0.0000e+00  0.0000e+00 
1.1905e-03     0.0000e+00  0.0000e+00     0.0000e+00  0.0000e+00     0.0000e+00  0.0000e+00     0.0000e+00  0.0000e+00 
1.3357e-03     6.5173e-03  1.7165e-02     8.7053e-06  2.2928e-05     2.4141e-05  6.3581e-05     3.2246e-08  8.4927e-08 
1.4987e-03     9.2936e-02  2.4298e-02     1.3928e-04  3.6416e-05     3.8626e-04  1.0099e-04     5.7889e-07  1.5136e-07 
1.6816e-03     9.3183e-02  2.3049e-02     1.5670e-04  3.8759e-05     4.3454e-04  1.0749e-04     7.3071e-07  1.8076e-07 
1.8868e-03     9.2277e-02  3.7011e-02     1.7411e-04  6.9832e-05     4.8282e-04  1.9366e-04     9.1097e-07  3.6539e-07 
2.1170e-03     7.4018e-02  2.0923e-02     1.5670e-04  4.4294e-05     4.3454e-04  1.2284e-04     9.1991e-07  2.6005e-07 
2.3753e-03     9.5288e-02  3.7530e-02     2.2634e-04  8.9144e-05     6.2766e-04  2.4722e-04     1.4909e-06  5.8722e-07 
2.6651e-03     1.6332e-02  1.0350e-02     4.3527e-05  2.7585e-05     1.2070e-04  7.6499e-05     3.2169e-07  2.0388e-07 
2.9903e-03     8.7335e-02  2.7854e-02     2.6116e-04  8.3293e-05     7.2423e-04  2.3100e-04     2.1657e-06  6.9075e-07 
3.3552e-03     9.5999e-02  2.0719e-02     3.2210e-04  6.9518e-05     8.9322e-04  1.9281e-04     2.9969e-06  6.4691e-07 
3.7646e-03     8.5559e-02  4.9906e-02     3.2210e-04  1.8787e-04     8.9322e-04  5.2101e-04     3.3626e-06  1.9614e-06 
4.2240e-03     5.9767e-02  1.6282e-02     2.5245e-04  6.8775e-05     7.0009e-04  1.9074e-04     2.9571e-06  8.0566e-07 
4.7394e-03     7.7146e-02  2.7065e-02     3.6562e-04  1.2827e-04     1.0139e-03  3.5572e-04     4.8053e-06  1.6859e-06 
5.3176e-03     8.6764e-02  1.7274e-02     4.6138e-04  9.1856e-05     1.2795e-03  2.5477e-04     6.8038e-06  1.3548e-06 
5.9665e-03     8.1706e-02  1.6958e-02     4.8750e-04  1.0118e-04     1.3519e-03  2.8063e-04     8.0661e-06  1.6744e-06 
6.6945e-03     1.0533e-01  1.7261e-02     7.0513e-04  1.1555e-04     1.9554e-03  3.2052e-04     1.3091e-05  2.1457e-06 
7.5114e-03     1.0315e-01  1.4494e-02     7.7477e-04  1.0887e-04     2.1485e-03  3.0200e-04     1.6139e-05  2.2685e-06 
8.4279e-03     1.3118e-01  1.3309e-02     1.1056e-03  1.1217e-04     3.0659e-03  3.1123e-04     2.5839e-05  2.6230e-06 
9.4563e-03     1.3533e-01  1.7456e-02     1.2797e-03  1.6507e-04     3.5487e-03  4.5792e-04     3.3558e-05  4.3302e-06 
1.0610e-02     1.4604e-01  1.9068e-02     1.5495e-03  2.0232e-04     4.2971e-03  5.6124e-04     4.5593e-05  5.9549e-06 
1.1905e-02     1.6087e-01  2.4807e-02     1.9152e-03  2.9531e-04     5.3110e-03  8.1915e-04     6.3226e-05  9.7518e-06 
1.3357e-02     1.7988e-01  1.0129e-02     2.4027e-03  1.3529e-04     6.6629e-03  3.7589e-04     8.8998e-05  5.0208e-06 
1.4987e-02     1.8123e-01  2.4413e-02     2.7161e-03  3.6588e-04     7.5320e-03  1.0150e-03     1.1288e-04  1.5211e-05 
1.6816e-02     2.1691e-01  4.3929e-02     3.6475e-03  7.3871e-04     1.0115e-02  2.0488e-03     1.7009e-04  3.4453e-05 
1.8868e-02     2.4638e-01  3.1834e-02     4.6486e-03  6.0063e-04     1.2891e-02  1.6662e-03     2.4323e-04  3.1438e-05 
2.1170e-02     2.6112e-01  1.7382e-02     5.5279e-03  3.6798e-04     1.5330e-02  1.0218e-03     3.2452e-04  2.1632e-05 
2.3753e-02     2.9979e-01  2.1159e-02     7.1209e-03  5.0260e-04     1.9747e-02  1.3954e-03     4.6906e-04  3.3146e-05 
2.6651e-02     3.1618e-01  1.5303e-02     8.4267e-03  4.0784e-04     2.3368e-02  1.1339e-03     6.2280e-04  3.0219e-05 
2.9903e-02     3.5865e-01  3.7203e-02     1.0725e-02  1.1125e-03     2.9742e-02  3.0868e-03     8.8937e-04  9.2305e-05 
3.3552e-02     4.0242e-01  1.6546e-02     1.3502e-02  5.5516e-04     3.7443e-02  1.5450e-03     1.2563e-03  5.1837e-05 
3.7646e-02     4.4398e-01  9.9951e-03     1.6714e-02  3.7628e-04     4.6351e-02  1.0557e-03     1.7449e-03  3.9744e-05 
4.2240e-02     4.8247e-01  1.7019e-02     2.0379e-02  7.1886e-04     5.6514e-02  2.0031e-03     2.3871e-03  8.4609e-05 
4.7394e-02     5.3286e-01  2.2761e-02     2.5254e-02  1.0787e-03     7.0033e-02  3.0012e-03     3.3191e-03  1.4224e-04 
5.3176e-02     5.9998e-01  2.5152e-02     3.1905e-02  1.3375e-03     8.8477e-02  3.7216e-03     4.7049e-03  1.9790e-04 
5.9665e-02     6.4037e-01  2.2567e-02     3.8208e-02  1.3465e-03     1.0595e-01  3.7518e-03     6.3218e-03  2.2385e-04 
6.6945e-02     7.0116e-01  2.1224e-02     4.6939e-02  1.4209e-03     1.3017e-01  3.9659e-03     8.7141e-03  2.6550e-04 
7.5114e-02     7.9527e-01  1.1785e-02     5.9736e-02  8.8520e-04     1.6566e-01  2.5208e-03     1.2443e-02  1.8935e-04 
8.4279e-02     8.6083e-01  1.1365e-02     7.2550e-02  9.5784e-04     2.0119e-01  2.7460e-03     1.6956e-02  2.3143e-04 
9.4563e-02     9.6367e-01  1.6589e-02     9.1127e-02  1.5687e-03     2.5271e-01  4.4371e-03     2.3897e-02  4.1959e-04 
1.0610e-01     1.0715e+00  1.4130e-02     1.1369e-01  1.4992e-03     3.1528e-01  4.2982e-03     3.3452e-02  4.5604e-04 
1.1905e-01     1.1867e+00  1.0230e-02     1.4127e-01  1.2179e-03     3.9176e-01  3.6393e-03     4.6638e-02  4.3325e-04 
1.3357e-01     1.3321e+00  2.8927e-02     1.7793e-01  3.8639e-03     4.9342e-01  1.0850e-02     6.5907e-02  1.4493e-03 
1.4987e-01     1.4777e+00  6.4024e-03     2.2146e-01  9.5953e-04     6.1415e-01  3.4055e-03     9.2043e-02  5.1039e-04 
1.6816e-01     1.6576e+00  1.0135e-02     2.7874e-01  1.7043e-03     7.7299e-01  5.4308e-03     1.2999e-01  9.1324e-04 
1.8868e-01     1.8555e+00  1.7928e-02     3.5009e-01  3.3826e-03     9.7085e-01  9.9641e-03     1.8318e-01  1.8800e-03 
2.1170e-01     2.1325e+00  9.7053e-03     4.5146e-01  2.0546e-03     1.2519e+00  7.1579e-03     2.6504e-01  1.5153e-03 
2.3753e-01     2.4158e+00  1.1233e-02     5.7384e-01  2.6681e-03     1.5913e+00  9.2235e-03     3.7799e-01  2.1909e-03 
2.6651e-01     2.7858e+00  1.4199e-02     7.4246e-01  3.7841e-03     2.0589e+00  1.2684e-02     5.4873e-01  3.3805e-03 
2.9903e-01     3.0671e+00  1.5629e-02     9.1716e-01  4.6734e-03     2.5434e+00  1.5666e-02     7.6056e-01  4.6848e-03 
3.3552e-01     2.9410e+00  1.0264e-02     9.8676e-01  3.4439e-03     2.7364e+00  1.3450e-02     9.1813e-01  4.5126e-03 
3.7646e-01     2.3377e+00  1.9114e-02     8.8006e-01  7.1955e-03     2.4405e+00  2.1668e-02     9.1876e-01  8.1571e-03 
4.2240e-01     1.5902e+00  1.0732e-02     6.7168e-01  4.5330e-03     1.8626e+00  1.4127e-02     7.8677e-01  5.9672e-03 
4.7394e-01     9.8236e-01  5.2628e-03     4.6558e-01  2.4942e-03     1.2911e+00  8.2346e-03     6.1190e-01  3.9026e-03 
5.3176e-01     6.0416e-01  2.3155e-03     3.2127e-01  1.2313e-03     8.9092e-01  4.6006e-03     4.7376e-01  2.4464e-03 
5.9665e-01     3.7948e-01  4.8262e-03     2.2642e-01  2.8796e-03     6.2788e-01  8.2758e-03     3.7463e-01  4.9377e-03 
6.6945e-01     2.4507e-01  3.7299e-03     1.6406e-01  2.4970e-03     4.5496e-01  7.1012e-03     3.0457e-01  4.7539e-03 
7.5114e-01     1.6441e-01  2.1254e-03     1.2349e-01  1.5965e-03     3.4246e-01  4.5832e-03     2.5724e-01  3.4426e-03 
8.4279e-01     1.1219e-01  2.6015e-03     9.4548e-02  2.1925e-03     2.6219e-01  6.1474e-03     2.2098e-01  5.1810e-03 
9.4563e-01     7.9548e-02  1.2284e-03     7.5223e-02  1.1616e-03     2.0860e-01  3.3011e-03     1.9726e-01  3.1216e-03 
1.0610e+00     5.6752e-02  9.3371e-04     6.0215e-02  9.9068e-04     1.6698e-01  2.8074e-03     1.7717e-01  2.9787e-03 
1.1905e+00     4.0438e-02  1.4305e-03     4.8140e-02  1.7030e-03     1.3350e-01  4.7452e-03     1.5893e-01  5.6490e-03 
1.3357e+00     2.8409e-02  8.5858e-04     3.7946e-02  1.1468e-03     1.0523e-01  3.2011e-03     1.4056e-01  4.2758e-03 
1.4987e+00     2.0167e-02  6.5560e-04     3.0225e-02  9.8255e-04     8.3817e-02  2.7401e-03     1.2562e-01  4.1067e-03 
1.6816e+00     1.3579e-02  3.1543e-04     2.2834e-02  5.3042e-04     6.3322e-02  1.4872e-03     1.0648e-01  2.5008e-03 
1.8868e+00     9.0755e-03  2.1703e-04     1.7123e-02  4.0948e-04     4.7485e-02  1.1474e-03     8.9594e-02  2.1649e-03 
2.1170e+00     5.8228e-03  3.6066e-04     1.2327e-02  7.6351e-04     3.4184e-02  2.1206e-03     7.2366e-02  4.4893e-03 
2.3753e+00     3.3461e-03  1.7538e-04     7.9479e-03  4.1657e-04     2.2041e-02  1.1577e-03     5.2353e-02  2.7500e-03 
2.6651e+00     1.8455e-03  1.7904e-04     4.9185e-03  4.7716e-04     1.3640e-02  1.3241e-03     3.6351e-02  3.5288e-03 
2.9903e+00     8.1221e-04  4.6406e-05     2.4288e-03  1.3877e-04     6.7353e-03  3.8553e-04     2.0141e-02  1.1529e-03 
3.3552e+00     3.6583e-04  5.0542e-05     1.2274e-03  1.6958e-04     3.4039e-03  4.7041e-04     1.1421e-02  1.5783e-03 
3.7646e+00     9.7121e-05  2.3771e-05     3.6562e-04  8.9489e-05     1.0139e-03  2.4819e-04     3.8170e-03  9.3433e-04 
4.2240e+00     2.8853e-05  7.5758e-06     1.2187e-04  3.2000e-05     3.3797e-04  8.8747e-05     1.4276e-03  3.7486e-04 
4.7394e+00     9.1841e-06  7.0873e-06     4.3527e-05  3.3589e-05     1.2070e-04  9.3148e-05     5.7206e-04  4.4146e-04 
5.3176e+00     4.9112e-06  6.4626e-06     2.6116e-05  3.4366e-05     7.2423e-05  9.5302e-05     3.8512e-04  5.0678e-04 
5.9665e+00     0.0000e+00  0.0000e+00     0.0000e+00  0.0000e+00     0.0000e+00  0.0000e+00     0.0000e+00  0.0000e+00 
6.6945e+00     0.0000e+00  0.0000e+00     0.0000e+00  0.0000e+00     0.0000e+00  0.0000e+00     0.0000e+00  0.0000e+00 
7.5114e+00     0.0000e+00  0.0000e+00     0.0000e+00  0.0000e+00     0.0000e+00  0.0000e+00     0.0000e+00  0.0000e+00 
8.4279e+00     0.0000e+00  0.0000e+00     0.0000e+00  0.0000e+00     0.0000e+00  0.0000e+00     0.0000e+00  0.0000e+00 
9.4563e+00     0.0000e+00  0.0000e+00     0.0000e+00  0.0000e+00     0.0000e+00  0.0000e+00     0.0000e+00  0.0000e+00 
1.0610e+01     0.0000e+00  0.0000e+00     0.0000e+00  0.0000e+00     0.0000e+00  0.0000e+00     0.0000e+00  0.0000e+00 
1.1905e+01     0.0000e+00  0.0000e+00     0.0000e+00  0.0000e+00     0.0000e+00  0.0000e+00     0.0000e+00  0.0000e+00 
1.3357e+01     0.0000e+00  0.0000e+00     0.0000e+00  0.0000e+00     0.0000e+00  0.0000e+00     0.0000e+00  0.0000e+00 
1.4987e+01     0.0000e+00  0.0000e+00     0.0000e+00  0.0000e+00     0.0000e+00  0.0000e+00     0.0000e+00  0.0000e+00 
1.6816e+01     0.0000e+00  0.0000e+00     0.0000e+00  0.0000e+00     0.0000e+00  0.0000e+00     0.0000e+00  0.0000e+00 
1.8868e+01     9.2277e-07  5.3614e-06     1.7411e-05  1.0116e-04     4.8282e-05  2.8052e-04     9.1097e-04  5.2928e-03 
2.1170e+01     4.1121e-07  4.8304e-06     8.7053e-06  1.0226e-04     2.4141e-05  2.8358e-04     5.1106e-04  6.0034e-03 
2.3753e+01     3.6649e-07  2.6346e-07     8.7053e-06  6.2580e-06     2.4141e-05  1.7354e-05     5.7342e-04  4.1222e-04 
2.6651e+01     0.0000e+00  0.0000e+00     0.0000e+00  0.0000e+00     0.0000e+00  0.0000e+00     0.0000e+00  0.0000e+00 
2.9903e+01     0.0000e+00  0.0000e+00     0.0000e+00  0.0000e+00     0.0000e+00  0.0000e+00     0.0000e+00  0.0000e+00 
3.3552e+01     0.0000e+00  0.0000e+00     0.0000e+00  0.0000e+00     0.0000e+00  0.0000e+00     0.0000e+00  0.0000e+00 
3.7646e+01     0.0000e+00  0.0000e+00     0.0000e+00  0.0000e+00     0.0000e+00  0.0000e+00     0.0000e+00  0.0000e+00 
4.2240e+01     2.0609e-07  1.5522e-07     8.7053e-06  6.5564e-06     2.4141e-05  1.8182e-05     1.0197e-03  7.6799e-04 
4.7394e+01     1.8368e-07  1.1986e-07     8.7053e-06  5.6808e-06     2.4141e-05  1.5754e-05     1.1441e-03  7.4663e-04 
5.3176e+01     0.0000e+00  0.0000e+00     0.0000e+00  0.0000e+00     0.0000e+00  0.0000e+00     0.0000e+00  0.0000e+00 
5.9665e+01     1.4590e-07  1.1520e-07     8.7053e-06  6.8736e-06     2.4141e-05  1.9062e-05     1.4404e-03  1.1373e-03 
6.6945e+01     2.6007e-07  1.2971e-07     1.7411e-05  8.6837e-06     4.8282e-05  2.4082e-05     3.2322e-03  1.6122e-03 
7.5114e+01     2.3179e-07  1.0471e-07     1.7411e-05  7.8651e-06     4.8282e-05  2.1812e-05     3.6266e-03  1.6384e-03 
8.4279e+01     1.0329e-07  9.6367e-08     8.7053e-06  8.1217e-06     2.4141e-05  2.2523e-05     2.0346e-03  1.8982e-03 
9.4563e+01     1.8412e-07  3.7084e-07     1.7411e-05  3.5068e-05     4.8282e-05  9.7248e-05     4.5657e-03  9.1960e-03 
1.0610e+02     8.2047e-08  5.1485e-08     8.7053e-06  5.4626e-06     2.4141e-05  1.5149e-05     2.5614e-03  1.6073e-03 
1.1905e+02     0.0000e+00  0.0000e+00     0.0000e+00  0.0000e+00     0.0000e+00  0.0000e+00     0.0000e+00  0.0000e+00 
1.3357e+02     6.5173e-08  1.2116e-07     8.7053e-06  1.6184e-05     2.4141e-05  4.4881e-05     3.2246e-03  5.9948e-03 
1.4987e+02     0.0000e+00  0.0000e+00     0.0000e+00  0.0000e+00     0.0000e+00  0.0000e+00     0.0000e+00  0.0000e+00 
1.6816e+02     0.0000e+00  0.0000e+00     0.0000e+00  0.0000e+00     0.0000e+00  0.0000e+00     0.0000e+00  0.0000e+00 
1.8868e+02     0.0000e+00  0.0000e+00     0.0000e+00  0.0000e+00     0.0000e+00  0.0000e+00     0.0000e+00  0.0000e+00 
2.1170e+02     4.1121e-08  6.7371e-08     8.7053e-06  1.4262e-05     2.4141e-05  3.9551e-05     5.1106e-03  8.3730e-03 
2.3753e+02     3.6649e-08  3.0027e-08     8.7053e-06  7.1323e-06     2.4141e-05  1.9779e-05     5.7342e-03  4.6981e-03 
2.6651e+02     0.0000e+00  0.0000e+00     0.0000e+00  0.0000e+00     0.0000e+00  0.0000e+00     0.0000e+00  0.0000e+00 
2.9903e+02     0.0000e+00  0.0000e+00     0.0000e+00  0.0000e+00     0.0000e+00  0.0000e+00     0.0000e+00  0.0000e+00 
3.3552e+02     0.0000e+00  0.0000e+00     0.0000e+00  0.0000e+00     0.0000e+00  0.0000e+00     0.0000e+00  0.0000e+00 
3.7646e+02     0.0000e+00  0.0000e+00     0.0000e+00  0.0000e+00     0.0000e+00  0.0000e+00     0.0000e+00  0.0000e+00 
4.2240e+02     2.0609e-08  3.1957e-08     8.7053e-06  1.3498e-05     2.4141e-05  3.7433e-05     1.0197e-02  1.5812e-02 
4.7394e+02     0.0000e+00  0.0000e+00     0.0000e+00  0.0000e+00     0.0000e+00  0.0000e+00     0.0000e+00  0.0000e+00 
5.3176e+02     0.0000e+00  0.0000e+00     0.0000e+00  0.0000e+00     0.0000e+00  0.0000e+00     0.0000e+00  0.0000e+00 
5.9665e+02     0.0000e+00  0.0000e+00     0.0000e+00  0.0000e+00     0.0000e+00  0.0000e+00     0.0000e+00  0.0000e+00 
6.6945e+02     0.0000e+00  0.0000e+00     0.0000e+00  0.0000e+00     0.0000e+00  0.0000e+00     0.0000e+00  0.0000e+00 
7.5114e+02     0.0000e+00  0.0000e+00     0.0000e+00  0.0000e+00     0.0000e+00  0.0000e+00     0.0000e+00  0.0000e+00 
8.4279e+02     0.0000e+00  0.0000e+00     0.0000e+00  0.0000e+00     0.0000e+00  0.0000e+00     0.0000e+00  0.0000e+00 
9.4563e+02     0.0000e+00  0.0000e+00     0.0000e+00  0.0000e+00     0.0000e+00  0.0000e+00     0.0000e+00  0.0000e+00 
1.0610e+03     0.0000e+00  0.0000e+00     0.0000e+00  0.0000e+00     0.0000e+00  0.0000e+00     0.0000e+00  0.0000e+00 
1.1905e+03     0.0000e+00  0.0000e+00     0.0000e+00  0.0000e+00     0.0000e+00  0.0000e+00     0.0000e+00  0.0000e+00 
1.3357e+03     0.0000e+00  0.0000e+00     0.0000e+00  0.0000e+00     0.0000e+00  0.0000e+00     0.0000e+00  0.0000e+00 
1.4987e+03     0.0000e+00  0.0000e+00     0.0000e+00  0.0000e+00     0.0000e+00  0.0000e+00     0.0000e+00  0.0000e+00 
1.6816e+03     0.0000e+00  0.0000e+00     0.0000e+00  0.0000e+00     0.0000e+00  0.0000e+00     0.0000e+00  0.0000e+00 
1.8868e+03     0.0000e+00  0.0000e+00     0.0000e+00  0.0000e+00     0.0000e+00  0.0000e+00     0.0000e+00  0.0000e+00 
2.1170e+03     0.0000e+00  0.0000e+00     0.0000e+00  0.0000e+00     0.0000e+00  0.0000e+00     0.0000e+00  0.0000e+00 
2.3753e+03     0.0000e+00  0.0000e+00     0.0000e+00  0.0000e+00     0.0000e+00  0.0000e+00     0.0000e+00  0.0000e+00 
2.6651e+03     0.0000e+00  0.0000e+00     0.0000e+00  0.0000e+00     0.0000e+00  0.0000e+00     0.0000e+00  0.0000e+00 
2.9903e+03     0.0000e+00  0.0000e+00     0.0000e+00  0.0000e+00     0.0000e+00  0.0000e+00     0.0000e+00  0.0000e+00 
3.3552e+03     0.0000e+00  0.0000e+00     0.0000e+00  0.0000e+00     0.0000e+00  0.0000e+00     0.0000e+00  0.0000e+00 
3.7646e+03     0.0000e+00  0.0000e+00     0.0000e+00  0.0000e+00     0.0000e+00  0.0000e+00     0.0000e+00  0.0000e+00 
4.2240e+03     0.0000e+00  0.0000e+00     0.0000e+00  0.0000e+00     0.0000e+00  0.0000e+00     0.0000e+00  0.0000e+00 
4.7394e+03     0.0000e+00  0.0000e+00     0.0000e+00  0.0000e+00     0.0000e+00  0.0000e+00     0.0000e+00  0.0000e+00 
5.3176e+03     0.0000e+00  0.0000e+00     0.0000e+00  0.0000e+00     0.0000e+00  0.0000e+00     0.0000e+00  0.0000e+00 
5.9665e+03     0.0000e+00  0.0000e+00     0.0000e+00  0.0000e+00     0.0000e+00  0.0000e+00     0.0000e+00  0.0000e+00 
6.6945e+03     0.0000e+00  0.0000e+00     0.0000e+00  0.0000e+00     0.0000e+00  0.0000e+00     0.0000e+00  0.0000e+00 
7.5114e+03     0.0000e+00  0.0000e+00     0.0000e+00  0.0000e+00     0.0000e+00  0.0000e+00     0.0000e+00  0.0000e+00 
8.4279e+03     0.0000e+00  0.0000e+00     0.0000e+00  0.0000e+00     0.0000e+00  0.0000e+00     0.0000e+00  0.0000e+00 
9.4563e+03     0.0000e+00  0.0000e+00     0.0000e+00  0.0000e+00     0.0000e+00  0.0000e+00     0.0000e+00  0.0000e+00 
