yF = 3.5404e-01 (std: 2.5495e-03) keV/um
yD = 2.1741e+00 (std: 2.2180e+00) keV/um
y (keV/um)     f(y)(std)                  yf(y)(std)                 d(y)(std)                  yd(y)(std)  
1.0610e-03     8.2048e-03  4.1858e-03     8.7054e-06  4.4412e-06     2.4589e-05  1.2546e-05     2.6089e-08  1.3311e-08 
1.1905e-03     0.0000e+00  0.0000e+00     0.0000e+00  0.0000e+00     0.0000e+00  0.0000e+00     0.0000e+00  0.0000e+00 
1.3357e-03     6.5173e-03  2.4381e-03     8.7054e-06  3.2567e-06     2.4589e-05  9.2005e-06     3.2844e-08  1.2289e-08 
1.4987e-03     1.0455e-01  4.7075e-02     1.5670e-04  7.0552e-05     4.4260e-04  1.9931e-04     6.6333e-07  2.9870e-07 
1.6816e-03     1.1907e-01  1.1309e-01     2.0022e-04  1.9018e-04     5.6555e-04  5.3718e-04     9.5101e-07  9.0332e-07 
1.8868e-03     1.0612e-01  3.4576e-02     2.0022e-04  6.5237e-05     5.6555e-04  1.8431e-04     1.0671e-06  3.4775e-07 
2.1170e-03     4.9346e-02  2.0256e-02     1.0446e-04  4.2881e-05     2.9507e-04  1.2114e-04     6.2466e-07  2.5645e-07 
2.3753e-03     8.4294e-02  2.4846e-02     2.0022e-04  5.9018e-05     5.6555e-04  1.6675e-04     1.3433e-06  3.9608e-07 
2.6651e-03     1.6332e-02  6.8035e-03     4.3527e-05  1.8132e-05     1.2294e-04  5.1223e-05     3.2766e-07  1.3652e-07 
2.9903e-03     8.1513e-02  2.0001e-02     2.4375e-04  5.9811e-05     6.8849e-04  1.6901e-04     2.0588e-06  5.0540e-07 
3.3552e-03     1.0119e-01  2.1176e-02     3.3951e-04  7.1050e-05     9.5897e-04  2.0081e-04     3.2175e-06  6.7374e-07 
3.7646e-03     7.3998e-02  1.8370e-02     2.7857e-04  6.9157e-05     7.8685e-04  1.9542e-04     2.9622e-06  7.3568e-07 
4.2240e-03     8.0377e-02  1.6403e-02     3.3951e-04  6.9285e-05     9.5897e-04  1.9582e-04     4.0506e-06  8.2714e-07 
4.7394e-03     9.0005e-02  2.1724e-02     4.2656e-04  1.0296e-04     1.2049e-03  2.9094e-04     5.7103e-06  1.3788e-06 
5.3176e-03     8.0217e-02  1.0821e-02     4.2656e-04  5.7542e-05     1.2049e-03  1.6276e-04     6.4070e-06  8.6551e-07 
5.9665e-03     8.4625e-02  1.4001e-02     5.0491e-04  8.3536e-05     1.4262e-03  2.3618e-04     8.5092e-06  1.4092e-06 
6.6945e-03     1.0533e-01  1.8039e-02     7.0514e-04  1.2076e-04     1.9917e-03  3.4141e-04     1.3334e-05  2.2856e-06 
7.5114e-03     1.1010e-01  9.2521e-03     8.2701e-04  6.9496e-05     2.3360e-03  1.9702e-04     1.7546e-05  1.4799e-06 
8.4279e-03     1.4358e-01  1.9388e-02     1.2100e-03  1.6340e-04     3.4179e-03  4.6220e-04     2.8805e-05  3.8954e-06 
9.4563e-03     1.3349e-01  1.3052e-02     1.2623e-03  1.2342e-04     3.5654e-03  3.4955e-04     3.3715e-05  3.3054e-06 
1.0610e-02     1.4440e-01  1.9127e-02     1.5321e-03  2.0294e-04     4.3277e-03  5.7406e-04     4.5917e-05  6.0908e-06 
1.1905e-02     1.8501e-01  2.9569e-02     2.2025e-03  3.5201e-04     6.2210e-03  9.9528e-04     7.4059e-05  1.1848e-05 
1.3357e-02     1.8900e-01  2.6407e-02     2.5246e-03  3.5272e-04     7.1308e-03  9.9762e-04     9.5248e-05  1.3326e-05 
1.4987e-02     2.1434e-01  1.5493e-02     3.2123e-03  2.3219e-04     9.0733e-03  6.5909e-04     1.3598e-04  9.8779e-06 
1.6816e-02     2.2002e-01  1.2571e-02     3.6998e-03  2.1140e-04     1.0450e-02  6.0183e-04     1.7573e-04  1.0120e-05 
1.8868e-02     2.3992e-01  2.2436e-02     4.5268e-03  4.2331e-04     1.2786e-02  1.1992e-03     2.4125e-04  2.2627e-05 
2.1170e-02     2.6318e-01  8.5627e-03     5.5714e-03  1.8127e-04     1.5737e-02  5.2441e-04     3.3315e-04  1.1102e-05 
2.3753e-02     3.1152e-01  2.2976e-02     7.3996e-03  5.4575e-04     2.0901e-02  1.5488e-03     4.9645e-04  3.6790e-05 
2.6651e-02     3.3840e-01  2.4812e-02     9.0188e-03  6.6127e-04     2.5474e-02  1.8768e-03     6.7892e-04  5.0019e-05 
2.9903e-02     3.9970e-01  2.6862e-02     1.1952e-02  8.0327e-04     3.3761e-02  2.2819e-03     1.0096e-03  6.8235e-05 
3.3552e-02     4.0242e-01  2.9377e-02     1.3502e-02  9.8567e-04     3.8137e-02  2.7976e-03     1.2796e-03  9.3866e-05 
3.7646e-02     4.5694e-01  1.1044e-02     1.7202e-02  4.1577e-04     4.8588e-02  1.2254e-03     1.8291e-03  4.6131e-05 
4.2240e-02     5.1462e-01  1.3089e-02     2.1737e-02  5.5286e-04     6.1399e-02  1.6230e-03     2.5935e-03  6.8554e-05 
4.7394e-02     5.5215e-01  2.1606e-02     2.6168e-02  1.0240e-03     7.3914e-02  2.9409e-03     3.5031e-03  1.3938e-04 
5.3176e-02     6.1849e-01  2.1418e-02     3.2889e-02  1.1390e-03     9.2897e-02  3.2859e-03     4.9399e-03  1.7473e-04 
5.9665e-02     6.7306e-01  2.2236e-02     4.0158e-02  1.3267e-03     1.1343e-01  3.8353e-03     6.7677e-03  2.2883e-04 
6.6945e-02     7.2912e-01  2.1573e-02     4.8811e-02  1.4442e-03     1.3787e-01  4.1983e-03     9.2298e-03  2.8105e-04 
7.5114e-02     8.0710e-01  1.1902e-02     6.0624e-02  8.9402e-04     1.7124e-01  2.8102e-03     1.2862e-02  2.1109e-04 
8.4279e-02     9.0546e-01  1.3724e-02     7.6311e-02  1.1566e-03     2.1555e-01  3.6170e-03     1.8166e-02  3.0484e-04 
9.4563e-02     1.0034e+00  2.2640e-02     9.4889e-02  2.1409e-03     2.6802e-01  6.3477e-03     2.5345e-02  6.0025e-04 
1.0610e-01     1.1218e+00  1.1741e-02     1.1902e-01  1.2457e-03     3.3618e-01  4.2710e-03     3.5669e-02  4.5316e-04 
1.1905e-01     1.2371e+00  8.1340e-03     1.4728e-01  9.6833e-04     4.1600e-01  4.0565e-03     4.9523e-02  4.8292e-04 
1.3357e-01     1.3984e+00  2.2244e-02     1.8679e-01  2.9712e-03     5.2761e-01  9.2123e-03     7.0474e-02  1.2305e-03 
1.4987e-01     1.5418e+00  1.6941e-02     2.3107e-01  2.5389e-03     6.5266e-01  8.5743e-03     9.7816e-02  1.2850e-03 
1.6816e-01     1.7353e+00  2.3104e-02     2.9180e-01  3.8851e-03     8.2422e-01  1.2476e-02     1.3860e-01  2.0980e-03 
1.8868e-01     1.9541e+00  1.3015e-02     3.6870e-01  2.4556e-03     1.0414e+00  1.0215e-02     1.9649e-01  1.9274e-03 
2.1170e-01     2.2131e+00  2.1865e-02     4.6851e-01  4.6289e-03     1.3234e+00  1.6179e-02     2.8015e-01  3.4251e-03 
2.3753e-01     2.5361e+00  1.4438e-02     6.0240e-01  3.4294e-03     1.7015e+00  1.5620e-02     4.0417e-01  3.7101e-03 
2.6651e-01     2.9040e+00  3.1884e-02     7.7394e-01  8.4976e-03     2.1861e+00  2.8704e-02     5.8261e-01  7.6501e-03 
2.9903e-01     3.1376e+00  1.3241e-02     9.3825e-01  3.9596e-03     2.6501e+00  2.2120e-02     7.9248e-01  6.6147e-03 
3.3552e-01     2.9228e+00  1.4150e-02     9.8064e-01  4.7477e-03     2.7699e+00  2.4036e-02     9.2936e-01  8.0645e-03 
3.7646e-01     2.2535e+00  1.0424e-02     8.4834e-01  3.9243e-03     2.3962e+00  2.0509e-02     9.0207e-01  7.7209e-03 
4.2240e-01     1.4937e+00  4.1971e-03     6.3093e-01  1.7728e-03     1.7821e+00  1.3776e-02     7.5276e-01  5.8189e-03 
4.7394e-01     9.1485e-01  5.4527e-03     4.3358e-01  2.5842e-03     1.2247e+00  1.1448e-02     5.8042e-01  5.4257e-03 
5.3176e-01     5.6143e-01  4.5811e-03     2.9855e-01  2.4360e-03     8.4328e-01  9.1773e-03     4.4843e-01  4.8802e-03 
5.9665e-01     3.5585e-01  2.2724e-03     2.1232e-01  1.3558e-03     5.9970e-01  5.7721e-03     3.5781e-01  3.4439e-03 
6.6945e-01     2.3320e-01  3.3332e-03     1.5611e-01  2.2314e-03     4.4095e-01  7.0575e-03     2.9520e-01  4.7246e-03 
7.5114e-01     1.5531e-01  1.2720e-03     1.1666e-01  9.5545e-04     3.2952e-01  3.5936e-03     2.4751e-01  2.6993e-03 
8.4279e-01     1.0760e-01  2.0944e-03     9.0684e-02  1.7652e-03     2.5614e-01  5.3161e-03     2.1587e-01  4.4803e-03 
9.4563e-01     7.6704e-02  9.2528e-04     7.2533e-02  8.7497e-04     2.0488e-01  2.8783e-03     1.9374e-01  2.7218e-03 
1.0610e+00     5.4045e-02  1.1330e-03     5.7342e-02  1.2021e-03     1.6197e-01  3.5901e-03     1.7185e-01  3.8092e-03 
1.1905e+00     3.8713e-02  1.1246e-03     4.6086e-02  1.3388e-03     1.3017e-01  3.8961e-03     1.5497e-01  4.6382e-03 
1.3357e+00     2.7875e-02  6.9492e-04     3.7233e-02  9.2822e-04     1.0517e-01  2.7290e-03     1.4047e-01  3.6452e-03 
1.4987e+00     1.8948e-02  5.4866e-04     2.8397e-02  8.2228e-04     8.0209e-02  2.3933e-03     1.2021e-01  3.5869e-03 
1.6816e+00     1.3098e-02  3.4501e-04     2.2025e-02  5.8016e-04     6.2210e-02  1.6988e-03     1.0461e-01  2.8568e-03 
1.8868e+00     8.5127e-03  1.7706e-04     1.6061e-02  3.3407e-04     4.5367e-02  9.9855e-04     8.5596e-02  1.8840e-03 
2.1170e+00     5.5144e-03  2.8374e-04     1.1674e-02  6.0068e-04     3.2974e-02  1.7132e-03     6.9805e-02  3.6268e-03 
2.3753e+00     3.2178e-03  1.7056e-04     7.6433e-03  4.0513e-04     2.1589e-02  1.1548e-03     5.1281e-02  2.7431e-03 
2.6651e+00     1.7998e-03  1.3599e-04     4.7967e-03  3.6242e-04     1.3549e-02  1.0283e-03     3.6109e-02  2.7406e-03 
2.9903e+00     8.5880e-04  5.7624e-05     2.5681e-03  1.7231e-04     7.2537e-03  4.8951e-04     2.1691e-02  1.4638e-03 
3.3552e+00     3.6324e-04  4.8169e-05     1.2188e-03  1.6162e-04     3.4425e-03  4.5717e-04     1.1550e-02  1.5339e-03 
3.7646e+00     1.3875e-04  3.4872e-05     5.2232e-04  1.3128e-04     1.4753e-03  3.7096e-04     5.5541e-03  1.3965e-03 
4.2240e+00     3.0914e-05  9.3174e-06     1.3058e-04  3.9356e-05     3.6883e-04  1.1120e-04     1.5579e-03  4.6969e-04 
4.7394e+00     1.6531e-05  4.1359e-05     7.8348e-05  1.9601e-04     2.2130e-04  5.5366e-04     1.0488e-03  2.6240e-03 
5.3176e+00     1.6371e-06  9.4238e-07     8.7054e-06  5.0112e-06     2.4589e-05  1.4156e-05     1.3076e-04  7.5275e-05 
5.9665e+00     0.0000e+00  0.0000e+00     0.0000e+00  0.0000e+00     0.0000e+00  0.0000e+00     0.0000e+00  0.0000e+00 
6.6945e+00     0.0000e+00  0.0000e+00     0.0000e+00  0.0000e+00     0.0000e+00  0.0000e+00     0.0000e+00  0.0000e+00 
7.5114e+00     0.0000e+00  0.0000e+00     0.0000e+00  0.0000e+00     0.0000e+00  0.0000e+00     0.0000e+00  0.0000e+00 
8.4279e+00     0.0000e+00  0.0000e+00     0.0000e+00  0.0000e+00     0.0000e+00  0.0000e+00     0.0000e+00  0.0000e+00 
9.4563e+00     9.2059e-07  9.4600e-07     8.7054e-06  8.9456e-06     2.4589e-05  2.5268e-05     2.3252e-04  2.3894e-04 
1.0610e+01     8.2048e-07  6.6385e-07     8.7054e-06  7.0435e-06     2.4589e-05  1.9896e-05     2.6089e-04  2.1110e-04 
1.1905e+01     0.0000e+00  0.0000e+00     0.0000e+00  0.0000e+00     0.0000e+00  0.0000e+00     0.0000e+00  0.0000e+00 
1.3357e+01     0.0000e+00  0.0000e+00     0.0000e+00  0.0000e+00     0.0000e+00  0.0000e+00     0.0000e+00  0.0000e+00 
1.4987e+01     0.0000e+00  0.0000e+00     0.0000e+00  0.0000e+00     0.0000e+00  0.0000e+00     0.0000e+00  0.0000e+00 
1.6816e+01     0.0000e+00  0.0000e+00     0.0000e+00  0.0000e+00     0.0000e+00  0.0000e+00     0.0000e+00  0.0000e+00 
1.8868e+01     0.0000e+00  0.0000e+00     0.0000e+00  0.0000e+00     0.0000e+00  0.0000e+00     0.0000e+00  0.0000e+00 
2.1170e+01     4.1121e-07  1.8390e-07     8.7054e-06  3.8931e-06     2.4589e-05  1.0998e-05     5.2055e-04  2.3282e-04 
2.3753e+01     0.0000e+00  0.0000e+00     0.0000e+00  0.0000e+00     0.0000e+00  0.0000e+00     0.0000e+00  0.0000e+00 
2.6651e+01     3.2664e-07  8.0005e-08     8.7054e-06  2.1322e-06     2.4589e-05  6.0253e-06     6.5533e-04  1.6058e-04 
2.9903e+01     2.9112e-07  2.0441e-07     8.7054e-06  6.1127e-06     2.4589e-05  1.7267e-05     7.3529e-04  5.1633e-04 
3.3552e+01     0.0000e+00  0.0000e+00     0.0000e+00  0.0000e+00     0.0000e+00  0.0000e+00     0.0000e+00  0.0000e+00 
3.7646e+01     0.0000e+00  0.0000e+00     0.0000e+00  0.0000e+00     0.0000e+00  0.0000e+00     0.0000e+00  0.0000e+00 
4.2240e+01     2.0610e-07  6.8344e-08     8.7054e-06  2.8868e-06     2.4589e-05  8.1559e-06     1.0386e-03  3.4450e-04 
4.7394e+01     1.8368e-07  6.0911e-08     8.7054e-06  2.8868e-06     2.4589e-05  8.1559e-06     1.1654e-03  3.8654e-04 
5.3176e+01     0.0000e+00  0.0000e+00     0.0000e+00  0.0000e+00     0.0000e+00  0.0000e+00     0.0000e+00  0.0000e+00 
5.9665e+01     0.0000e+00  0.0000e+00     0.0000e+00  0.0000e+00     0.0000e+00  0.0000e+00     0.0000e+00  0.0000e+00 
6.6945e+01     2.6007e-07  1.5643e-07     1.7411e-05  1.0473e-05     4.9178e-05  2.9583e-05     3.2922e-03  1.9804e-03 
7.5114e+01     0.0000e+00  0.0000e+00     0.0000e+00  0.0000e+00     0.0000e+00  0.0000e+00     0.0000e+00  0.0000e+00 
8.4279e+01     0.0000e+00  0.0000e+00     0.0000e+00  0.0000e+00     0.0000e+00  0.0000e+00     0.0000e+00  0.0000e+00 
9.4563e+01     0.0000e+00  0.0000e+00     0.0000e+00  0.0000e+00     0.0000e+00  0.0000e+00     0.0000e+00  0.0000e+00 
1.0610e+02     8.2048e-08  5.5910e-07     8.7054e-06  5.9321e-05     2.4589e-05  1.6756e-04     2.6089e-03  1.7778e-02 
1.1905e+02     7.3125e-08  1.3595e-07     8.7054e-06  1.6184e-05     2.4589e-05  4.5713e-05     2.9272e-03  5.4420e-03 
1.3357e+02     1.3035e-07  6.9230e-08     1.7411e-05  9.2473e-06     4.9178e-05  2.6122e-05     6.5689e-03  3.4892e-03 
1.4987e+02     0.0000e+00  0.0000e+00     0.0000e+00  0.0000e+00     0.0000e+00  0.0000e+00     0.0000e+00  0.0000e+00 
1.6816e+02     0.0000e+00  0.0000e+00     0.0000e+00  0.0000e+00     0.0000e+00  0.0000e+00     0.0000e+00  0.0000e+00 
1.8868e+02     4.6139e-08  3.2782e-08     8.7054e-06  6.1851e-06     2.4589e-05  1.7471e-05     4.6394e-03  3.2964e-03 
2.1170e+02     0.0000e+00  0.0000e+00     0.0000e+00  0.0000e+00     0.0000e+00  0.0000e+00     0.0000e+00  0.0000e+00 
2.3753e+02     0.0000e+00  0.0000e+00     0.0000e+00  0.0000e+00     0.0000e+00  0.0000e+00     0.0000e+00  0.0000e+00 
2.6651e+02     3.2664e-08  1.5322e-08     8.7054e-06  4.0836e-06     2.4589e-05  1.1536e-05     6.5533e-03  3.0744e-03 
2.9903e+02     0.0000e+00  0.0000e+00     0.0000e+00  0.0000e+00     0.0000e+00  0.0000e+00     0.0000e+00  0.0000e+00 
3.3552e+02     2.5946e-08  1.7680e-07     8.7054e-06  5.9321e-05     2.4589e-05  1.6756e-04     8.2501e-03  5.6219e-02 
3.7646e+02     4.6249e-08  2.1921e-08     1.7411e-05  8.2523e-06     4.9178e-05  2.3312e-05     1.8514e-02  8.7760e-03 
4.2240e+02     0.0000e+00  0.0000e+00     0.0000e+00  0.0000e+00     0.0000e+00  0.0000e+00     0.0000e+00  0.0000e+00 
4.7394e+02     0.0000e+00  0.0000e+00     0.0000e+00  0.0000e+00     0.0000e+00  0.0000e+00     0.0000e+00  0.0000e+00 
5.3176e+02     0.0000e+00  0.0000e+00     0.0000e+00  0.0000e+00     0.0000e+00  0.0000e+00     0.0000e+00  0.0000e+00 
5.9665e+02     0.0000e+00  0.0000e+00     0.0000e+00  0.0000e+00     0.0000e+00  0.0000e+00     0.0000e+00  0.0000e+00 
6.6945e+02     0.0000e+00  0.0000e+00     0.0000e+00  0.0000e+00     0.0000e+00  0.0000e+00     0.0000e+00  0.0000e+00 
7.5114e+02     0.0000e+00  0.0000e+00     0.0000e+00  0.0000e+00     0.0000e+00  0.0000e+00     0.0000e+00  0.0000e+00 
8.4279e+02     0.0000e+00  0.0000e+00     0.0000e+00  0.0000e+00     0.0000e+00  0.0000e+00     0.0000e+00  0.0000e+00 
9.4563e+02     0.0000e+00  0.0000e+00     0.0000e+00  0.0000e+00     0.0000e+00  0.0000e+00     0.0000e+00  0.0000e+00 
1.0610e+03     0.0000e+00  0.0000e+00     0.0000e+00  0.0000e+00     0.0000e+00  0.0000e+00     0.0000e+00  0.0000e+00 
1.1905e+03     0.0000e+00  0.0000e+00     0.0000e+00  0.0000e+00     0.0000e+00  0.0000e+00     0.0000e+00  0.0000e+00 
1.3357e+03     0.0000e+00  0.0000e+00     0.0000e+00  0.0000e+00     0.0000e+00  0.0000e+00     0.0000e+00  0.0000e+00 
1.4987e+03     0.0000e+00  0.0000e+00     0.0000e+00  0.0000e+00     0.0000e+00  0.0000e+00     0.0000e+00  0.0000e+00 
1.6816e+03     0.0000e+00  0.0000e+00     0.0000e+00  0.0000e+00     0.0000e+00  0.0000e+00     0.0000e+00  0.0000e+00 
1.8868e+03     0.0000e+00  0.0000e+00     0.0000e+00  0.0000e+00     0.0000e+00  0.0000e+00     0.0000e+00  0.0000e+00 
2.1170e+03     0.0000e+00  0.0000e+00     0.0000e+00  0.0000e+00     0.0000e+00  0.0000e+00     0.0000e+00  0.0000e+00 
2.3753e+03     0.0000e+00  0.0000e+00     0.0000e+00  0.0000e+00     0.0000e+00  0.0000e+00     0.0000e+00  0.0000e+00 
2.6651e+03     0.0000e+00  0.0000e+00     0.0000e+00  0.0000e+00     0.0000e+00  0.0000e+00     0.0000e+00  0.0000e+00 
2.9903e+03     0.0000e+00  0.0000e+00     0.0000e+00  0.0000e+00     0.0000e+00  0.0000e+00     0.0000e+00  0.0000e+00 
3.3552e+03     0.0000e+00  0.0000e+00     0.0000e+00  0.0000e+00     0.0000e+00  0.0000e+00     0.0000e+00  0.0000e+00 
3.7646e+03     0.0000e+00  0.0000e+00     0.0000e+00  0.0000e+00     0.0000e+00  0.0000e+00     0.0000e+00  0.0000e+00 
4.2240e+03     0.0000e+00  0.0000e+00     0.0000e+00  0.0000e+00     0.0000e+00  0.0000e+00     0.0000e+00  0.0000e+00 
4.7394e+03     0.0000e+00  0.0000e+00     0.0000e+00  0.0000e+00     0.0000e+00  0.0000e+00     0.0000e+00  0.0000e+00 
5.3176e+03     0.0000e+00  0.0000e+00     0.0000e+00  0.0000e+00     0.0000e+00  0.0000e+00     0.0000e+00  0.0000e+00 
5.9665e+03     0.0000e+00  0.0000e+00     0.0000e+00  0.0000e+00     0.0000e+00  0.0000e+00     0.0000e+00  0.0000e+00 
6.6945e+03     0.0000e+00  0.0000e+00     0.0000e+00  0.0000e+00     0.0000e+00  0.0000e+00     0.0000e+00  0.0000e+00 
7.5114e+03     0.0000e+00  0.0000e+00     0.0000e+00  0.0000e+00     0.0000e+00  0.0000e+00     0.0000e+00  0.0000e+00 
8.4279e+03     0.0000e+00  0.0000e+00     0.0000e+00  0.0000e+00     0.0000e+00  0.0000e+00     0.0000e+00  0.0000e+00 
9.4563e+03     0.0000e+00  0.0000e+00     0.0000e+00  0.0000e+00     0.0000e+00  0.0000e+00     0.0000e+00  0.0000e+00 
