yF = 3.5659e-01 (std: 2.6973e-03) keV/um
yD = 1.6777e+00 (std: 2.1867e+00) keV/um
y (keV/um)     f(y)(std)                  yf(y)(std)                 d(y)(std)                  yd(y)(std)  
1.0610e-03     8.2047e-03  4.1040e-03     8.7053e-06  4.3544e-06     2.4413e-05  1.2212e-05     2.5902e-08  1.2958e-08 
1.1905e-03     0.0000e+00  0.0000e+00     0.0000e+00  0.0000e+00     0.0000e+00  0.0000e+00     0.0000e+00  0.0000e+00 
1.3357e-03     0.0000e+00  0.0000e+00     0.0000e+00  0.0000e+00     0.0000e+00  0.0000e+00     0.0000e+00  0.0000e+00 
1.4987e-03     8.7128e-02  2.7934e-02     1.3058e-04  4.1865e-05     3.6619e-04  1.1744e-04     5.4881e-07  1.7600e-07 
1.6816e-03     1.1389e-01  5.3007e-02     1.9152e-04  8.9136e-05     5.3708e-04  2.5000e-04     9.0314e-07  4.2040e-07 
1.8868e-03     5.0753e-02  1.4740e-02     9.5758e-05  2.7810e-05     2.6854e-04  7.8016e-05     5.0667e-07  1.4720e-07 
2.1170e-03     7.4018e-02  2.0509e-02     1.5670e-04  4.3418e-05     4.3943e-04  1.2180e-04     9.3026e-07  2.5786e-07 
2.3753e-03     6.9634e-02  1.5700e-02     1.6540e-04  3.7293e-05     4.6384e-04  1.0464e-04     1.1018e-06  2.4856e-07 
2.6651e-03     1.9598e-02  1.0238e-02     5.2232e-05  2.7285e-05     1.4648e-04  7.6525e-05     3.9038e-07  2.0395e-07 
2.9903e-03     7.5690e-02  2.4295e-02     2.2634e-04  7.2649e-05     6.3473e-04  2.0379e-04     1.8980e-06  6.0940e-07 
3.3552e-03     9.3404e-02  3.1212e-02     3.1339e-04  1.0472e-04     8.7885e-04  2.9375e-04     2.9487e-06  9.8559e-07 
3.7646e-03     9.4809e-02  2.7119e-02     3.5692e-04  1.0209e-04     1.0009e-03  2.8640e-04     3.7681e-06  1.0782e-06 
4.2240e-03     8.2438e-02  2.0091e-02     3.4821e-04  8.4865e-05     9.7650e-04  2.3810e-04     4.1247e-06  1.0057e-06 
4.7394e-03     8.2657e-02  1.7227e-02     3.9174e-04  8.1647e-05     1.0986e-03  2.2912e-04     5.2065e-06  1.0859e-06 
5.3176e-03     8.8401e-02  1.5778e-02     4.7009e-04  8.3904e-05     1.3183e-03  2.3551e-04     7.0101e-06  1.2523e-06 
5.9665e-03     7.5870e-02  1.7201e-02     4.5268e-04  1.0263e-04     1.2695e-03  2.8796e-04     7.5742e-06  1.7181e-06 
6.6945e-03     1.0403e-01  1.4026e-02     6.9642e-04  9.3899e-05     1.9530e-03  2.6374e-04     1.3074e-05  1.7656e-06 
7.5114e-03     1.1590e-01  3.4137e-02     8.7053e-04  2.5641e-04     2.4413e-03  7.1930e-04     1.8337e-05  5.4030e-06 
8.4279e-03     1.4048e-01  1.1563e-02     1.1839e-03  9.7450e-05     3.3201e-03  2.7443e-04     2.7982e-05  2.3129e-06 
9.4563e-03     1.1968e-01  1.8715e-02     1.1317e-03  1.7698e-04     3.1736e-03  4.9688e-04     3.0011e-05  4.6986e-06 
1.0610e-02     1.2963e-01  1.9028e-02     1.3754e-03  2.0189e-04     3.8572e-03  5.6692e-04     4.0925e-05  6.0151e-06 
1.1905e-02     1.7769e-01  1.8550e-02     2.1154e-03  2.2084e-04     5.9323e-03  6.2093e-04     7.0622e-05  7.3919e-06 
1.3357e-02     1.8770e-01  2.4416e-02     2.5071e-03  3.2613e-04     7.0308e-03  9.1613e-04     9.3913e-05  1.2237e-05 
1.4987e-02     2.0911e-01  1.6497e-02     3.1339e-03  2.4725e-04     8.7885e-03  6.9654e-04     1.3172e-04  1.0439e-05 
1.6816e-02     2.2468e-01  1.7979e-02     3.7781e-03  3.0234e-04     1.0595e-02  8.5164e-04     1.7817e-04  1.4321e-05 
1.8868e-02     2.4776e-01  1.1817e-02     4.6748e-03  2.2296e-04     1.3110e-02  6.3307e-04     2.4735e-04  1.1945e-05 
2.1170e-02     2.7222e-01  1.2779e-02     5.7629e-03  2.7053e-04     1.6161e-02  7.6845e-04     3.4213e-04  1.6268e-05 
2.3753e-02     3.0859e-01  1.5433e-02     7.3299e-03  3.6659e-04     2.0555e-02  1.0397e-03     4.8825e-04  2.4697e-05 
2.6651e-02     3.1945e-01  2.1424e-02     8.5138e-03  5.7098e-04     2.3876e-02  1.6114e-03     6.3631e-04  4.2945e-05 
2.9903e-02     3.8573e-01  9.1082e-03     1.1535e-02  2.7237e-04     3.2347e-02  8.0204e-04     9.6727e-04  2.3984e-05 
3.3552e-02     4.0268e-01  1.1677e-02     1.3511e-02  3.9179e-04     3.7888e-02  1.1355e-03     1.2712e-03  3.8097e-05 
3.7646e-02     4.6156e-01  1.5153e-02     1.7376e-02  5.7044e-04     4.8728e-02  1.6416e-03     1.8344e-03  6.1801e-05 
4.2240e-02     5.0225e-01  1.6228e-02     2.1215e-02  6.8546e-04     5.9493e-02  1.9742e-03     2.5130e-03  8.3391e-05 
4.7394e-02     5.4700e-01  2.8690e-02     2.5924e-02  1.3597e-03     7.2701e-02  3.8526e-03     3.4455e-03  1.8259e-04 
5.3176e-02     6.0719e-01  1.4828e-02     3.2288e-02  7.8850e-04     9.0546e-02  2.3149e-03     4.8149e-03  1.2310e-04 
5.9665e-02     6.4358e-01  2.1991e-02     3.8399e-02  1.3121e-03     1.0768e-01  3.7687e-03     6.4250e-03  2.2486e-04 
6.6945e-02     7.3627e-01  1.4190e-02     4.9289e-02  9.4997e-04     1.3822e-01  2.8619e-03     9.2534e-03  1.9159e-04 
7.5114e-02     8.0582e-01  2.2690e-02     6.0528e-02  1.7043e-03     1.6974e-01  4.9489e-03     1.2750e-02  3.7173e-04 
8.4279e-02     8.8862e-01  9.8518e-03     7.4892e-02  8.3030e-04     2.1002e-01  2.8187e-03     1.7700e-02  2.3756e-04 
9.4563e-02     9.9110e-01  2.2243e-02     9.3721e-02  2.1034e-03     2.6283e-01  6.2246e-03     2.4853e-02  5.8861e-04 
1.0610e-01     1.0956e+00  1.1311e-02     1.1624e-01  1.2001e-03     3.2598e-01  4.1720e-03     3.4587e-02  4.4266e-04 
1.1905e-01     1.2104e+00  2.0094e-02     1.4410e-01  2.3922e-03     4.0410e-01  7.3720e-03     4.8107e-02  8.7761e-04 
1.3357e-01     1.3512e+00  1.5892e-02     1.8048e-01  2.1227e-03     5.0612e-01  7.0775e-03     6.7604e-02  9.4536e-04 
1.4987e-01     1.5146e+00  1.8742e-02     2.2700e-01  2.8090e-03     6.3658e-01  9.2323e-03     9.5406e-02  1.3837e-03 
1.6816e-01     1.6986e+00  1.7586e-02     2.8564e-01  2.9573e-03     8.0103e-01  1.0271e-02     1.3470e-01  1.7271e-03 
1.8868e-01     1.9257e+00  1.3099e-02     3.6333e-01  2.4715e-03     1.0189e+00  1.0365e-02     1.9224e-01  1.9556e-03 
2.1170e-01     2.1804e+00  1.5042e-02     4.6158e-01  3.1843e-03     1.2944e+00  1.3252e-02     2.7403e-01  2.8054e-03 
2.3753e-01     2.4897e+00  1.7487e-02     5.9138e-01  4.1538e-03     1.6584e+00  1.7119e-02     3.9393e-01  4.0662e-03 
2.6651e-01     2.8472e+00  2.8832e-02     7.5882e-01  7.6842e-03     2.1280e+00  2.6897e-02     5.6713e-01  7.1684e-03 
2.9903e-01     3.1040e+00  1.0155e-02     9.2820e-01  3.0367e-03     2.6030e+00  2.1452e-02     7.7838e-01  6.4148e-03 
3.3552e-01     2.9408e+00  1.2509e-02     9.8669e-01  4.1971e-03     2.7670e+00  2.4012e-02     9.2838e-01  8.0566e-03 
3.7646e-01     2.2913e+00  2.6155e-02     8.6257e-01  9.8462e-03     2.4189e+00  3.3124e-02     9.1063e-01  1.2470e-02 
4.2240e-01     1.5321e+00  1.2240e-02     6.4714e-01  5.1700e-03     1.8148e+00  1.9966e-02     7.6656e-01  8.4335e-03 
4.7394e-01     9.3959e-01  1.2149e-02     4.4530e-01  5.7578e-03     1.2488e+00  1.8707e-02     5.9184e-01  8.8658e-03 
5.3176e-01     5.8070e-01  7.4898e-03     3.0879e-01  3.9828e-03     8.6596e-01  1.2948e-02     4.6049e-01  6.8853e-03 
5.9665e-01     3.6506e-01  2.8723e-03     2.1782e-01  1.7138e-03     6.1083e-01  6.6667e-03     3.6445e-01  3.9777e-03 
6.6945e-01     2.3916e-01  3.5139e-03     1.6011e-01  2.3524e-03     4.4900e-01  7.4198e-03     3.0058e-01  4.9672e-03 
7.5114e-01     1.5864e-01  1.7748e-03     1.1916e-01  1.3331e-03     3.3416e-01  4.5127e-03     2.5100e-01  3.3897e-03 
8.4279e-01     1.0957e-01  1.6708e-03     9.2346e-02  1.4082e-03     2.5897e-01  4.4081e-03     2.1826e-01  3.7151e-03 
9.4563e-01     7.7606e-02  1.1369e-03     7.3386e-02  1.0751e-03     2.0580e-01  3.3931e-03     1.9461e-01  3.2086e-03 
1.0610e+00     5.6047e-02  9.6980e-04     5.9466e-02  1.0290e-03     1.6676e-01  3.1492e-03     1.7694e-01  3.3414e-03 
1.1905e+00     3.9012e-02  1.1914e-03     4.6443e-02  1.4184e-03     1.3024e-01  4.0977e-03     1.5505e-01  4.8782e-03 
1.3357e+00     2.7861e-02  8.7358e-04     3.7215e-02  1.1669e-03     1.0436e-01  3.3662e-03     1.3940e-01  4.4963e-03 
1.4987e+00     1.9790e-02  4.6163e-04     2.9659e-02  6.9185e-04     8.3174e-02  2.0396e-03     1.2465e-01  3.0568e-03 
1.6816e+00     1.3408e-02  2.4920e-04     2.2547e-02  4.1906e-04     6.3229e-02  1.2688e-03     1.0632e-01  2.1336e-03 
1.8868e+00     8.5818e-03  3.3305e-04     1.6192e-02  6.2838e-04     4.5407e-02  1.7954e-03     8.5673e-02  3.3874e-03 
2.1170e+00     5.6583e-03  2.9957e-04     1.1979e-02  6.3419e-04     3.3592e-02  1.7965e-03     7.1113e-02  3.8032e-03 
2.3753e+00     3.2251e-03  2.5946e-04     7.6607e-03  6.1629e-04     2.1483e-02  1.7359e-03     5.1029e-02  4.1233e-03 
2.6651e+00     1.7932e-03  2.0688e-04     4.7792e-03  5.5135e-04     1.3403e-02  1.5495e-03     3.5720e-02  4.1296e-03 
2.9903e+00     8.2095e-04  9.8808e-05     2.4549e-03  2.9547e-04     6.8844e-03  8.3023e-04     2.0586e-02  2.4826e-03 
3.3552e+00     3.2173e-04  5.4146e-05     1.0795e-03  1.8167e-04     3.0272e-03  5.0999e-04     1.0157e-02  1.7111e-03 
3.7646e+00     1.1562e-04  1.8521e-05     4.3527e-04  6.9724e-05     1.2206e-03  1.9575e-04     4.5952e-03  7.3691e-04 
4.2240e+00     3.0914e-05  2.9715e-05     1.3058e-04  1.2551e-04     3.6619e-04  3.5199e-04     1.5468e-03  1.4868e-03 
4.7394e+00     1.1021e-05  3.7099e-06     5.2232e-05  1.7583e-05     1.4648e-04  4.9320e-05     6.9420e-04  2.3374e-04 
5.3176e+00     1.6371e-06  1.2187e-06     8.7053e-06  6.4804e-06     2.4413e-05  1.8174e-05     1.2982e-04  9.6644e-05 
5.9665e+00     4.3771e-06  3.1206e-06     2.6116e-05  1.8619e-05     7.3238e-05  5.2216e-05     4.3697e-04  3.1155e-04 
6.6945e+00     0.0000e+00  0.0000e+00     0.0000e+00  0.0000e+00     0.0000e+00  0.0000e+00     0.0000e+00  0.0000e+00 
7.5114e+00     0.0000e+00  0.0000e+00     0.0000e+00  0.0000e+00     0.0000e+00  0.0000e+00     0.0000e+00  0.0000e+00 
8.4279e+00     0.0000e+00  0.0000e+00     0.0000e+00  0.0000e+00     0.0000e+00  0.0000e+00     0.0000e+00  0.0000e+00 
9.4563e+00     0.0000e+00  0.0000e+00     0.0000e+00  0.0000e+00     0.0000e+00  0.0000e+00     0.0000e+00  0.0000e+00 
1.0610e+01     0.0000e+00  0.0000e+00     0.0000e+00  0.0000e+00     0.0000e+00  0.0000e+00     0.0000e+00  0.0000e+00 
1.1905e+01     0.0000e+00  0.0000e+00     0.0000e+00  0.0000e+00     0.0000e+00  0.0000e+00     0.0000e+00  0.0000e+00 
1.3357e+01     0.0000e+00  0.0000e+00     0.0000e+00  0.0000e+00     0.0000e+00  0.0000e+00     0.0000e+00  0.0000e+00 
1.4987e+01     5.8085e-07  1.0799e-06     8.7053e-06  1.6184e-05     2.4413e-05  4.5386e-05     3.6588e-04  6.8020e-04 
1.6816e+01     0.0000e+00  0.0000e+00     0.0000e+00  0.0000e+00     0.0000e+00  0.0000e+00     0.0000e+00  0.0000e+00 
1.8868e+01     0.0000e+00  0.0000e+00     0.0000e+00  0.0000e+00     0.0000e+00  0.0000e+00     0.0000e+00  0.0000e+00 
2.1170e+01     4.1121e-07  4.8304e-06     8.7053e-06  1.0226e-04     2.4413e-05  2.8677e-04     5.1681e-04  6.0709e-03 
2.3753e+01     7.3298e-07  4.2723e-07     1.7411e-05  1.0148e-05     4.8825e-05  2.8461e-05     1.1597e-03  6.7603e-04 
2.6651e+01     0.0000e+00  0.0000e+00     0.0000e+00  0.0000e+00     0.0000e+00  0.0000e+00     0.0000e+00  0.0000e+00 
2.9903e+01     2.9112e-07  2.2445e-07     8.7053e-06  6.7118e-06     2.4413e-05  1.8823e-05     7.3002e-04  5.6287e-04 
3.3552e+01     5.1891e-07  1.8089e-07     1.7411e-05  6.0692e-06     4.8825e-05  1.7024e-05     1.6382e-03  5.7119e-04 
3.7646e+01     0.0000e+00  0.0000e+00     0.0000e+00  0.0000e+00     0.0000e+00  0.0000e+00     0.0000e+00  0.0000e+00 
4.2240e+01     0.0000e+00  0.0000e+00     0.0000e+00  0.0000e+00     0.0000e+00  0.0000e+00     0.0000e+00  0.0000e+00 
4.7394e+01     3.6736e-07  1.7554e-07     1.7411e-05  8.3196e-06     4.8825e-05  2.3334e-05     2.3140e-03  1.1059e-03 
5.3176e+01     0.0000e+00  0.0000e+00     0.0000e+00  0.0000e+00     0.0000e+00  0.0000e+00     0.0000e+00  0.0000e+00 
5.9665e+01     1.4590e-07  5.0535e-08     8.7053e-06  3.0151e-06     2.4413e-05  8.4575e-06     1.4566e-03  5.0462e-04 
6.6945e+01     0.0000e+00  0.0000e+00     0.0000e+00  0.0000e+00     0.0000e+00  0.0000e+00     0.0000e+00  0.0000e+00 
7.5114e+01     0.0000e+00  0.0000e+00     0.0000e+00  0.0000e+00     0.0000e+00  0.0000e+00     0.0000e+00  0.0000e+00 
8.4279e+01     1.0329e-07  1.2134e-06     8.7053e-06  1.0226e-04     2.4413e-05  2.8677e-04     2.0575e-03  2.4169e-02 
9.4563e+01     9.2059e-08  9.2065e-09     8.7053e-06  8.7059e-07     2.4413e-05  2.4484e-06     2.3085e-03  2.3153e-04 
1.0610e+02     1.6409e-07  6.6114e-08     1.7411e-05  7.0147e-06     4.8825e-05  1.9675e-05     5.1804e-03  2.0876e-03 
1.1905e+02     0.0000e+00  0.0000e+00     0.0000e+00  0.0000e+00     0.0000e+00  0.0000e+00     0.0000e+00  0.0000e+00 
1.3357e+02     1.3035e-07  1.0964e-07     1.7411e-05  1.4644e-05     4.8825e-05  4.1069e-05     6.5217e-03  5.4858e-03 
1.4987e+02     0.0000e+00  0.0000e+00     0.0000e+00  0.0000e+00     0.0000e+00  0.0000e+00     0.0000e+00  0.0000e+00 
1.6816e+02     5.1768e-08  1.6368e-08     8.7053e-06  2.7525e-06     2.4413e-05  7.7211e-06     4.1052e-03  1.2984e-03 
1.8868e+02     4.6139e-08  2.8169e-08     8.7053e-06  5.3149e-06     2.4413e-05  1.4906e-05     4.6061e-03  2.8124e-03 
2.1170e+02     0.0000e+00  0.0000e+00     0.0000e+00  0.0000e+00     0.0000e+00  0.0000e+00     0.0000e+00  0.0000e+00 
2.3753e+02     0.0000e+00  0.0000e+00     0.0000e+00  0.0000e+00     0.0000e+00  0.0000e+00     0.0000e+00  0.0000e+00 
2.6651e+02     0.0000e+00  0.0000e+00     0.0000e+00  0.0000e+00     0.0000e+00  0.0000e+00     0.0000e+00  0.0000e+00 
2.9903e+02     0.0000e+00  0.0000e+00     0.0000e+00  0.0000e+00     0.0000e+00  0.0000e+00     0.0000e+00  0.0000e+00 
3.3552e+02     2.5946e-08  1.7680e-07     8.7053e-06  5.9321e-05     2.4413e-05  1.6636e-04     8.1909e-03  5.5816e-02 
3.7646e+02     2.3124e-08  1.6046e-08     8.7053e-06  6.0405e-06     2.4413e-05  1.6941e-05     9.1904e-03  6.3775e-03 
4.2240e+02     0.0000e+00  0.0000e+00     0.0000e+00  0.0000e+00     0.0000e+00  0.0000e+00     0.0000e+00  0.0000e+00 
4.7394e+02     0.0000e+00  0.0000e+00     0.0000e+00  0.0000e+00     0.0000e+00  0.0000e+00     0.0000e+00  0.0000e+00 
5.3176e+02     0.0000e+00  0.0000e+00     0.0000e+00  0.0000e+00     0.0000e+00  0.0000e+00     0.0000e+00  0.0000e+00 
5.9665e+02     0.0000e+00  0.0000e+00     0.0000e+00  0.0000e+00     0.0000e+00  0.0000e+00     0.0000e+00  0.0000e+00 
6.6945e+02     0.0000e+00  0.0000e+00     0.0000e+00  0.0000e+00     0.0000e+00  0.0000e+00     0.0000e+00  0.0000e+00 
7.5114e+02     0.0000e+00  0.0000e+00     0.0000e+00  0.0000e+00     0.0000e+00  0.0000e+00     0.0000e+00  0.0000e+00 
8.4279e+02     0.0000e+00  0.0000e+00     0.0000e+00  0.0000e+00     0.0000e+00  0.0000e+00     0.0000e+00  0.0000e+00 
9.4563e+02     0.0000e+00  0.0000e+00     0.0000e+00  0.0000e+00     0.0000e+00  0.0000e+00     0.0000e+00  0.0000e+00 
1.0610e+03     0.0000e+00  0.0000e+00     0.0000e+00  0.0000e+00     0.0000e+00  0.0000e+00     0.0000e+00  0.0000e+00 
1.1905e+03     0.0000e+00  0.0000e+00     0.0000e+00  0.0000e+00     0.0000e+00  0.0000e+00     0.0000e+00  0.0000e+00 
1.3357e+03     0.0000e+00  0.0000e+00     0.0000e+00  0.0000e+00     0.0000e+00  0.0000e+00     0.0000e+00  0.0000e+00 
1.4987e+03     0.0000e+00  0.0000e+00     0.0000e+00  0.0000e+00     0.0000e+00  0.0000e+00     0.0000e+00  0.0000e+00 
1.6816e+03     0.0000e+00  0.0000e+00     0.0000e+00  0.0000e+00     0.0000e+00  0.0000e+00     0.0000e+00  0.0000e+00 
1.8868e+03     0.0000e+00  0.0000e+00     0.0000e+00  0.0000e+00     0.0000e+00  0.0000e+00     0.0000e+00  0.0000e+00 
2.1170e+03     0.0000e+00  0.0000e+00     0.0000e+00  0.0000e+00     0.0000e+00  0.0000e+00     0.0000e+00  0.0000e+00 
2.3753e+03     0.0000e+00  0.0000e+00     0.0000e+00  0.0000e+00     0.0000e+00  0.0000e+00     0.0000e+00  0.0000e+00 
2.6651e+03     0.0000e+00  0.0000e+00     0.0000e+00  0.0000e+00     0.0000e+00  0.0000e+00     0.0000e+00  0.0000e+00 
2.9903e+03     0.0000e+00  0.0000e+00     0.0000e+00  0.0000e+00     0.0000e+00  0.0000e+00     0.0000e+00  0.0000e+00 
3.3552e+03     0.0000e+00  0.0000e+00     0.0000e+00  0.0000e+00     0.0000e+00  0.0000e+00     0.0000e+00  0.0000e+00 
3.7646e+03     0.0000e+00  0.0000e+00     0.0000e+00  0.0000e+00     0.0000e+00  0.0000e+00     0.0000e+00  0.0000e+00 
4.2240e+03     0.0000e+00  0.0000e+00     0.0000e+00  0.0000e+00     0.0000e+00  0.0000e+00     0.0000e+00  0.0000e+00 
4.7394e+03     0.0000e+00  0.0000e+00     0.0000e+00  0.0000e+00     0.0000e+00  0.0000e+00     0.0000e+00  0.0000e+00 
5.3176e+03     0.0000e+00  0.0000e+00     0.0000e+00  0.0000e+00     0.0000e+00  0.0000e+00     0.0000e+00  0.0000e+00 
5.9665e+03     0.0000e+00  0.0000e+00     0.0000e+00  0.0000e+00     0.0000e+00  0.0000e+00     0.0000e+00  0.0000e+00 
6.6945e+03     0.0000e+00  0.0000e+00     0.0000e+00  0.0000e+00     0.0000e+00  0.0000e+00     0.0000e+00  0.0000e+00 
7.5114e+03     0.0000e+00  0.0000e+00     0.0000e+00  0.0000e+00     0.0000e+00  0.0000e+00     0.0000e+00  0.0000e+00 
8.4279e+03     0.0000e+00  0.0000e+00     0.0000e+00  0.0000e+00     0.0000e+00  0.0000e+00     0.0000e+00  0.0000e+00 
9.4563e+03     0.0000e+00  0.0000e+00     0.0000e+00  0.0000e+00     0.0000e+00  0.0000e+00     0.0000e+00  0.0000e+00 
