yF = 3.8859e-01 (std: 1.0434e-03) keV/um
yD = 2.4939e+00 (std: 5.1110e-01) keV/um
y (keV/um)     f(y)(std)                  yf(y)(std)                 d(y)(std)                  yd(y)(std)  
1.0610e-03     0.0000e+00  0.0000e+00     0.0000e+00  0.0000e+00     0.0000e+00  0.0000e+00     0.0000e+00  0.0000e+00 
1.1905e-03     0.0000e+00  0.0000e+00     0.0000e+00  0.0000e+00     0.0000e+00  0.0000e+00     0.0000e+00  0.0000e+00 
1.3357e-03     1.9552e-02  7.5531e-03     2.6116e-05  1.0089e-05     6.7208e-05  2.5964e-05     8.9771e-08  3.4680e-08 
1.4987e-03     1.1036e-01  7.6595e-02     1.6540e-04  1.1479e-04     4.2565e-04  2.9541e-04     6.3793e-07  4.4274e-07 
1.6816e-03     1.0872e-01  4.9080e-02     1.8281e-04  8.2532e-05     4.7045e-04  2.1239e-04     7.9111e-07  3.5716e-07 
1.8868e-03     6.4595e-02  1.7626e-02     1.2188e-04  3.3255e-05     3.1364e-04  8.5583e-05     5.9176e-07  1.6148e-07 
2.1170e-03     4.5234e-02  1.7888e-02     9.5760e-05  3.7868e-05     2.4643e-04  9.7452e-05     5.2169e-07  2.0631e-07 
2.3753e-03     2.5655e-02  4.0151e-02     6.0938e-05  9.5370e-05     1.5682e-04  2.4543e-04     3.7249e-07  5.8296e-07 
2.6651e-03     4.5730e-02  1.4981e-02     1.2188e-04  3.9927e-05     3.1364e-04  1.0275e-04     8.3588e-07  2.7385e-07 
2.9903e-03     5.2401e-02  1.2080e-02     1.5670e-04  3.6123e-05     4.0325e-04  9.2964e-05     1.2058e-06  2.7799e-07 
3.3552e-03     8.5622e-02  2.2582e-02     2.8728e-04  7.5768e-05     7.3928e-04  1.9499e-04     2.4805e-06  6.5423e-07 
3.7646e-03     9.4810e-02  2.3187e-02     3.5692e-04  8.7290e-05     9.1851e-04  2.2465e-04     3.4578e-06  8.4570e-07 
4.2240e-03     7.2134e-02  1.5313e-02     3.0469e-04  6.4682e-05     7.8409e-04  1.6647e-04     3.3120e-06  7.0314e-07 
4.7394e-03     6.2452e-02  1.9745e-02     2.9598e-04  9.3578e-05     7.6169e-04  2.4082e-04     3.6099e-06  1.1413e-06 
5.3176e-03     7.3669e-02  1.8746e-02     3.9174e-04  9.9684e-05     1.0081e-03  2.5654e-04     5.3608e-06  1.3642e-06 
5.9665e-03     9.1920e-02  1.8987e-02     5.4844e-04  1.1328e-04     1.4114e-03  2.9155e-04     8.4209e-06  1.7395e-06 
6.6945e-03     8.9726e-02  2.7356e-02     6.0067e-04  1.8313e-04     1.5458e-03  4.7129e-04     1.0348e-05  3.1551e-06 
7.5114e-03     9.2717e-02  1.8887e-02     6.9643e-04  1.4187e-04     1.7922e-03  3.6512e-04     1.3462e-05  2.7425e-06 
8.4279e-03     9.7095e-02  1.1813e-02     8.1831e-04  9.9555e-05     2.1058e-03  2.5626e-04     1.7748e-05  2.1597e-06 
9.4563e-03     1.2428e-01  1.4994e-02     1.1752e-03  1.4179e-04     3.0243e-03  3.6497e-04     2.8599e-05  3.4512e-06 
1.0610e-02     1.0666e-01  1.3324e-02     1.1317e-03  1.4137e-04     2.9123e-03  3.6389e-04     3.0900e-05  3.8609e-06 
1.1905e-02     1.3090e-01  9.1956e-03     1.5583e-03  1.0947e-04     4.0101e-03  2.8192e-04     4.7739e-05  3.3562e-06 
1.3357e-02     1.6750e-01  2.0315e-02     2.2373e-03  2.7135e-04     5.7575e-03  6.9847e-04     7.6904e-05  9.3296e-06 
1.4987e-02     1.6729e-01  2.0092e-02     2.5072e-03  3.0113e-04     6.4519e-03  7.7512e-04     9.6696e-05  1.1617e-05 
1.6816e-02     1.8326e-01  1.5000e-02     3.0817e-03  2.5223e-04     7.9305e-03  6.4945e-04     1.3336e-04  1.0921e-05 
1.8868e-02     2.0255e-01  2.4323e-02     3.8217e-03  4.5892e-04     9.8347e-03  1.1813e-03     1.8556e-04  2.2288e-05 
2.1170e-02     2.2823e-01  1.1460e-02     4.8315e-03  2.4261e-04     1.2433e-02  6.2522e-04     2.6321e-04  1.3236e-05 
2.3753e-02     2.5472e-01  1.8965e-02     6.0503e-03  4.5047e-04     1.5570e-02  1.1600e-03     3.6983e-04  2.7553e-05 
2.6651e-02     2.9626e-01  2.7961e-02     7.8958e-03  7.4519e-04     2.0319e-02  1.9184e-03     5.4153e-04  5.1129e-05 
2.9903e-02     3.0946e-01  1.6083e-02     9.2539e-03  4.8095e-04     2.3814e-02  1.2393e-03     7.1212e-04  3.7060e-05 
3.3552e-02     3.4871e-01  3.3068e-02     1.1700e-02  1.1095e-03     3.0109e-02  2.8563e-03     1.0102e-03  9.5835e-05 
3.7646e-02     3.6722e-01  6.6738e-03     1.3824e-02  2.5124e-04     3.5575e-02  6.5356e-04     1.3393e-03  2.4604e-05 
4.2240e-02     4.2394e-01  1.4570e-02     1.7907e-02  6.1543e-04     4.6082e-02  1.5886e-03     1.9465e-03  6.7100e-05 
4.7394e-02     4.6031e-01  1.2268e-02     2.1816e-02  5.8142e-04     5.6141e-02  1.5038e-03     2.6607e-03  7.1271e-05 
5.3176e-02     5.1159e-01  1.2232e-02     2.7204e-02  6.5046e-04     7.0008e-02  1.6844e-03     3.7228e-03  8.9572e-05 
5.9665e-02     5.8493e-01  1.3921e-02     3.4900e-02  8.3057e-04     8.9812e-02  2.1510e-03     5.3586e-03  1.2834e-04 
6.6945e-02     6.1157e-01  1.3935e-02     4.0942e-02  9.3285e-04     1.0536e-01  2.4172e-03     7.0533e-03  1.6182e-04 
7.5114e-02     6.7637e-01  3.2449e-02     5.0805e-02  2.4373e-03     1.3074e-01  6.2821e-03     9.8205e-03  4.7187e-04 
8.4279e-02     7.5951e-01  1.9892e-02     6.4011e-02  1.6764e-03     1.6473e-01  4.3368e-03     1.3883e-02  3.6550e-04 
9.4563e-02     8.2449e-01  1.2287e-02     7.7966e-02  1.1619e-03     2.0064e-01  3.0381e-03     1.8973e-02  2.8729e-04 
1.0610e-01     9.1599e-01  1.2569e-02     9.7187e-02  1.3336e-03     2.5010e-01  3.4969e-03     2.6536e-02  3.7102e-04 
1.1905e-01     1.0201e+00  1.3432e-02     1.2144e-01  1.5991e-03     3.1252e-01  4.1998e-03     3.7204e-02  4.9997e-04 
1.3357e-01     1.1384e+00  8.5304e-03     1.5206e-01  1.1394e-03     3.9131e-01  3.1148e-03     5.2268e-02  4.1605e-04 
1.4987e-01     1.2645e+00  8.8236e-03     1.8951e-01  1.3224e-03     4.8768e-01  3.6463e-03     7.3090e-02  5.4648e-04 
1.6816e-01     1.4174e+00  1.0650e-02     2.3835e-01  1.7908e-03     6.1336e-01  4.8939e-03     1.0314e-01  8.2296e-04 
1.8868e-01     1.5774e+00  1.0269e-02     2.9761e-01  1.9375e-03     7.6588e-01  5.3935e-03     1.4450e-01  1.0176e-03 
2.1170e-01     1.7927e+00  9.2560e-03     3.7952e-01  1.9595e-03     9.7666e-01  5.6837e-03     2.0676e-01  1.2032e-03 
2.3753e-01     2.0426e+00  2.0591e-02     4.8519e-01  4.8909e-03     1.2486e+00  1.3025e-02     2.9658e-01  3.0938e-03 
2.6651e-01     2.3489e+00  1.8004e-02     6.2602e-01  4.7983e-03     1.6110e+00  1.3084e-02     4.2936e-01  3.4870e-03 
2.9903e-01     2.6878e+00  1.7894e-02     8.0374e-01  5.3508e-03     2.0683e+00  1.4847e-02     6.1850e-01  4.4399e-03 
3.3552e-01     2.8580e+00  8.8066e-03     9.5890e-01  2.9548e-03     2.4676e+00  1.0086e-02     8.2794e-01  3.3839e-03 
3.7646e-01     2.6043e+00  1.3452e-02     9.8041e-01  5.0643e-03     2.5230e+00  1.4688e-02     9.4981e-01  5.5295e-03 
4.2240e-01     1.9453e+00  4.9242e-03     8.2169e-01  2.0800e-03     2.1145e+00  7.8029e-03     8.9317e-01  3.2959e-03 
4.7394e-01     1.2608e+00  6.4337e-03     5.9751e-01  3.0492e-03     1.5376e+00  8.8666e-03     7.2874e-01  4.2022e-03 
5.3176e-01     7.7108e-01  3.9004e-03     4.1003e-01  2.0741e-03     1.0552e+00  6.0428e-03     5.6111e-01  3.2134e-03 
5.9665e-01     4.7825e-01  2.7319e-03     2.8535e-01  1.6300e-03     7.3431e-01  4.6349e-03     4.3813e-01  2.7654e-03 
6.6945e-01     3.0565e-01  3.4550e-03     2.0462e-01  2.3130e-03     5.2657e-01  6.1178e-03     3.5251e-01  4.0956e-03 
7.5114e-01     1.9836e-01  1.5697e-03     1.4899e-01  1.1791e-03     3.8342e-01  3.2042e-03     2.8800e-01  2.4068e-03 
8.4279e-01     1.3478e-01  1.2094e-03     1.1359e-01  1.0192e-03     2.9231e-01  2.7378e-03     2.4635e-01  2.3074e-03 
9.4563e-01     9.4932e-02  1.7037e-03     8.9770e-02  1.6111e-03     2.3102e-01  4.1921e-03     2.1845e-01  3.9642e-03 
1.0610e+00     6.5901e-02  1.4485e-03     6.9922e-02  1.5369e-03     1.7994e-01  3.9844e-03     1.9092e-01  4.2275e-03 
1.1905e+00     4.6179e-02  1.2158e-03     5.4975e-02  1.4474e-03     1.4147e-01  3.7440e-03     1.6842e-01  4.4572e-03 
1.3357e+00     3.3656e-02  5.6430e-04     4.4955e-02  7.5375e-04     1.1569e-01  1.9644e-03     1.5453e-01  2.6239e-03 
1.4987e+00     2.3008e-02  6.9890e-04     3.4482e-02  1.0475e-03     8.8737e-02  2.7060e-03     1.3299e-01  4.0556e-03 
1.6816e+00     1.5748e-02  2.5881e-04     2.6482e-02  4.3521e-04     6.8149e-02  1.1348e-03     1.1460e-01  1.9083e-03 
1.8868e+00     1.0294e-02  1.6832e-04     1.9422e-02  3.1758e-04     4.9980e-02  8.2820e-04     9.4301e-02  1.5626e-03 
2.1170e+00     6.4890e-03  2.8008e-04     1.3737e-02  5.9293e-04     3.5351e-02  1.5288e-03     7.4838e-02  3.2364e-03 
2.3753e+00     3.8556e-03  1.3795e-04     9.1581e-03  3.2768e-04     2.3567e-02  8.4561e-04     5.5980e-02  2.0086e-03 
2.6651e+00     2.0905e-03  1.3622e-04     5.5715e-03  3.6304e-04     1.4338e-02  9.3505e-04     3.8212e-02  2.4920e-03 
2.9903e+00     1.0597e-03  1.1384e-04     3.1688e-03  3.4042e-04     8.1545e-03  8.7632e-04     2.4385e-02  2.6205e-03 
3.3552e+00     3.5287e-04  7.3100e-05     1.1839e-03  2.4527e-04     3.0467e-03  6.3122e-04     1.0222e-02  2.1179e-03 
3.7646e+00     1.6418e-04  3.0098e-05     6.1809e-04  1.1331e-04     1.5906e-03  2.9161e-04     5.9879e-03  1.0978e-03 
4.2240e+00     4.3280e-05  1.0333e-05     1.8281e-04  4.3645e-05     4.7045e-04  1.1232e-04     1.9872e-03  4.7445e-04 
4.7394e+00     2.2042e-05  7.2144e-06     1.0447e-04  3.4191e-05     2.6883e-04  8.7991e-05     1.2741e-03  4.1702e-04 
5.3176e+00     0.0000e+00  0.0000e+00     0.0000e+00  0.0000e+00     0.0000e+00  0.0000e+00     0.0000e+00  0.0000e+00 
5.9665e+00     0.0000e+00  0.0000e+00     0.0000e+00  0.0000e+00     0.0000e+00  0.0000e+00     0.0000e+00  0.0000e+00 
6.6945e+00     1.3004e-06  6.5044e-07     8.7054e-06  4.3544e-06     2.2403e-05  1.1206e-05     1.4997e-04  7.5017e-05 
7.5114e+00     0.0000e+00  0.0000e+00     0.0000e+00  0.0000e+00     0.0000e+00  0.0000e+00     0.0000e+00  0.0000e+00 
8.4279e+00     0.0000e+00  0.0000e+00     0.0000e+00  0.0000e+00     0.0000e+00  0.0000e+00     0.0000e+00  0.0000e+00 
9.4563e+00     0.0000e+00  0.0000e+00     0.0000e+00  0.0000e+00     0.0000e+00  0.0000e+00     0.0000e+00  0.0000e+00 
1.0610e+01     0.0000e+00  0.0000e+00     0.0000e+00  0.0000e+00     0.0000e+00  0.0000e+00     0.0000e+00  0.0000e+00 
1.1905e+01     0.0000e+00  0.0000e+00     0.0000e+00  0.0000e+00     0.0000e+00  0.0000e+00     0.0000e+00  0.0000e+00 
1.3357e+01     0.0000e+00  0.0000e+00     0.0000e+00  0.0000e+00     0.0000e+00  0.0000e+00     0.0000e+00  0.0000e+00 
1.4987e+01     0.0000e+00  0.0000e+00     0.0000e+00  0.0000e+00     0.0000e+00  0.0000e+00     0.0000e+00  0.0000e+00 
1.6816e+01     0.0000e+00  0.0000e+00     0.0000e+00  0.0000e+00     0.0000e+00  0.0000e+00     0.0000e+00  0.0000e+00 
1.8868e+01     0.0000e+00  0.0000e+00     0.0000e+00  0.0000e+00     0.0000e+00  0.0000e+00     0.0000e+00  0.0000e+00 
2.1170e+01     0.0000e+00  0.0000e+00     0.0000e+00  0.0000e+00     0.0000e+00  0.0000e+00     0.0000e+00  0.0000e+00 
2.3753e+01     0.0000e+00  0.0000e+00     0.0000e+00  0.0000e+00     0.0000e+00  0.0000e+00     0.0000e+00  0.0000e+00 
2.6651e+01     3.2664e-07  3.8370e-06     8.7054e-06  1.0226e-04     2.2403e-05  2.6316e-04     5.9706e-04  7.0135e-03 
2.9903e+01     0.0000e+00  0.0000e+00     0.0000e+00  0.0000e+00     0.0000e+00  0.0000e+00     0.0000e+00  0.0000e+00 
3.3552e+01     2.5946e-07  5.6281e-07     8.7054e-06  1.8883e-05     2.2403e-05  4.8595e-05     7.5165e-04  1.6305e-03 
3.7646e+01     0.0000e+00  0.0000e+00     0.0000e+00  0.0000e+00     0.0000e+00  0.0000e+00     0.0000e+00  0.0000e+00 
4.2240e+01     2.0610e-07  6.5164e-08     8.7054e-06  2.7525e-06     2.2403e-05  7.0835e-06     9.4627e-04  2.9921e-04 
4.7394e+01     1.8368e-07  5.1948e-08     8.7054e-06  2.4620e-06     2.2403e-05  6.3360e-06     1.0617e-03  3.0029e-04 
5.3176e+01     0.0000e+00  0.0000e+00     0.0000e+00  0.0000e+00     0.0000e+00  0.0000e+00     0.0000e+00  0.0000e+00 
5.9665e+01     2.9181e-07  1.6127e-07     1.7411e-05  9.6220e-06     4.4805e-05  2.4762e-05     2.6733e-03  1.4774e-03 
6.6945e+01     1.3004e-07  1.2816e-07     8.7054e-06  8.5799e-06     2.2403e-05  2.2080e-05     1.4997e-03  1.4781e-03 
7.5114e+01     1.1590e-07  1.0013e-07     8.7054e-06  7.5210e-06     2.2403e-05  1.9355e-05     1.6827e-03  1.4538e-03 
8.4279e+01     0.0000e+00  0.0000e+00     0.0000e+00  0.0000e+00     0.0000e+00  0.0000e+00     0.0000e+00  0.0000e+00 
9.4563e+01     9.2060e-08  4.9626e-08     8.7054e-06  4.6928e-06     2.2403e-05  1.2077e-05     2.1184e-03  1.1420e-03 
1.0610e+02     8.2049e-08  7.6547e-08     8.7054e-06  8.1217e-06     2.2403e-05  2.0900e-05     2.3769e-03  2.2176e-03 
1.1905e+02     7.3126e-08  6.5035e-08     8.7054e-06  7.7423e-06     2.2403e-05  1.9924e-05     2.6670e-03  2.3719e-03 
1.3357e+02     6.5173e-08  4.1988e-08     8.7054e-06  5.6085e-06     2.2403e-05  1.4433e-05     2.9924e-03  1.9279e-03 
1.4987e+02     0.0000e+00  0.0000e+00     0.0000e+00  0.0000e+00     0.0000e+00  0.0000e+00     0.0000e+00  0.0000e+00 
1.6816e+02     0.0000e+00  0.0000e+00     0.0000e+00  0.0000e+00     0.0000e+00  0.0000e+00     0.0000e+00  0.0000e+00 
1.8868e+02     0.0000e+00  0.0000e+00     0.0000e+00  0.0000e+00     0.0000e+00  0.0000e+00     0.0000e+00  0.0000e+00 
2.1170e+02     4.1122e-08  7.1553e-08     8.7054e-06  1.5148e-05     2.2403e-05  3.8981e-05     4.7426e-03  8.2523e-03 
2.3753e+02     3.6650e-08  4.4260e-08     8.7054e-06  1.0513e-05     2.2403e-05  2.7054e-05     5.3213e-03  6.4262e-03 
2.6651e+02     6.5328e-08  3.0964e-08     1.7411e-05  8.2523e-06     4.4805e-05  2.1237e-05     1.1941e-02  5.6599e-03 
2.9903e+02     2.9112e-08  1.8512e-08     8.7054e-06  5.5358e-06     2.2403e-05  1.4246e-05     6.6991e-03  4.2600e-03 
3.3552e+02     2.5946e-08  2.2109e-08     8.7054e-06  7.4179e-06     2.2403e-05  1.9089e-05     7.5165e-03  6.4049e-03 
3.7646e+02     0.0000e+00  0.0000e+00     0.0000e+00  0.0000e+00     0.0000e+00  0.0000e+00     0.0000e+00  0.0000e+00 
4.2240e+02     0.0000e+00  0.0000e+00     0.0000e+00  0.0000e+00     0.0000e+00  0.0000e+00     0.0000e+00  0.0000e+00 
4.7394e+02     1.8368e-08  8.6163e-09     8.7054e-06  4.0836e-06     2.2403e-05  1.0509e-05     1.0617e-02  4.9805e-03 
5.3176e+02     0.0000e+00  0.0000e+00     0.0000e+00  0.0000e+00     0.0000e+00  0.0000e+00     0.0000e+00  0.0000e+00 
5.9665e+02     0.0000e+00  0.0000e+00     0.0000e+00  0.0000e+00     0.0000e+00  0.0000e+00     0.0000e+00  0.0000e+00 
6.6945e+02     0.0000e+00  0.0000e+00     0.0000e+00  0.0000e+00     0.0000e+00  0.0000e+00     0.0000e+00  0.0000e+00 
7.5114e+02     0.0000e+00  0.0000e+00     0.0000e+00  0.0000e+00     0.0000e+00  0.0000e+00     0.0000e+00  0.0000e+00 
8.4279e+02     0.0000e+00  0.0000e+00     0.0000e+00  0.0000e+00     0.0000e+00  0.0000e+00     0.0000e+00  0.0000e+00 
9.4563e+02     0.0000e+00  0.0000e+00     0.0000e+00  0.0000e+00     0.0000e+00  0.0000e+00     0.0000e+00  0.0000e+00 
1.0610e+03     0.0000e+00  0.0000e+00     0.0000e+00  0.0000e+00     0.0000e+00  0.0000e+00     0.0000e+00  0.0000e+00 
1.1905e+03     0.0000e+00  0.0000e+00     0.0000e+00  0.0000e+00     0.0000e+00  0.0000e+00     0.0000e+00  0.0000e+00 
1.3357e+03     0.0000e+00  0.0000e+00     0.0000e+00  0.0000e+00     0.0000e+00  0.0000e+00     0.0000e+00  0.0000e+00 
1.4987e+03     0.0000e+00  0.0000e+00     0.0000e+00  0.0000e+00     0.0000e+00  0.0000e+00     0.0000e+00  0.0000e+00 
1.6816e+03     0.0000e+00  0.0000e+00     0.0000e+00  0.0000e+00     0.0000e+00  0.0000e+00     0.0000e+00  0.0000e+00 
1.8868e+03     0.0000e+00  0.0000e+00     0.0000e+00  0.0000e+00     0.0000e+00  0.0000e+00     0.0000e+00  0.0000e+00 
2.1170e+03     0.0000e+00  0.0000e+00     0.0000e+00  0.0000e+00     0.0000e+00  0.0000e+00     0.0000e+00  0.0000e+00 
2.3753e+03     0.0000e+00  0.0000e+00     0.0000e+00  0.0000e+00     0.0000e+00  0.0000e+00     0.0000e+00  0.0000e+00 
2.6651e+03     0.0000e+00  0.0000e+00     0.0000e+00  0.0000e+00     0.0000e+00  0.0000e+00     0.0000e+00  0.0000e+00 
2.9903e+03     0.0000e+00  0.0000e+00     0.0000e+00  0.0000e+00     0.0000e+00  0.0000e+00     0.0000e+00  0.0000e+00 
3.3552e+03     0.0000e+00  0.0000e+00     0.0000e+00  0.0000e+00     0.0000e+00  0.0000e+00     0.0000e+00  0.0000e+00 
3.7646e+03     0.0000e+00  0.0000e+00     0.0000e+00  0.0000e+00     0.0000e+00  0.0000e+00     0.0000e+00  0.0000e+00 
4.2240e+03     0.0000e+00  0.0000e+00     0.0000e+00  0.0000e+00     0.0000e+00  0.0000e+00     0.0000e+00  0.0000e+00 
4.7394e+03     0.0000e+00  0.0000e+00     0.0000e+00  0.0000e+00     0.0000e+00  0.0000e+00     0.0000e+00  0.0000e+00 
5.3176e+03     0.0000e+00  0.0000e+00     0.0000e+00  0.0000e+00     0.0000e+00  0.0000e+00     0.0000e+00  0.0000e+00 
5.9665e+03     0.0000e+00  0.0000e+00     0.0000e+00  0.0000e+00     0.0000e+00  0.0000e+00     0.0000e+00  0.0000e+00 
6.6945e+03     0.0000e+00  0.0000e+00     0.0000e+00  0.0000e+00     0.0000e+00  0.0000e+00     0.0000e+00  0.0000e+00 
7.5114e+03     0.0000e+00  0.0000e+00     0.0000e+00  0.0000e+00     0.0000e+00  0.0000e+00     0.0000e+00  0.0000e+00 
8.4279e+03     0.0000e+00  0.0000e+00     0.0000e+00  0.0000e+00     0.0000e+00  0.0000e+00     0.0000e+00  0.0000e+00 
9.4563e+03     0.0000e+00  0.0000e+00     0.0000e+00  0.0000e+00     0.0000e+00  0.0000e+00     0.0000e+00  0.0000e+00 
