yF = 3.9604e-01 (std: 1.0392e-03) keV/um
yD = 2.4323e+00 (std: 5.5409e-01) keV/um
y (keV/um)     f(y)(std)                  yf(y)(std)                 d(y)(std)                  yd(y)(std)  
1.0610e-03     0.0000e+00  0.0000e+00     0.0000e+00  0.0000e+00     0.0000e+00  0.0000e+00     0.0000e+00  0.0000e+00 
1.1905e-03     7.3126e-03  5.4436e-03     8.7054e-06  6.4804e-06     2.1981e-05  1.6363e-05     2.6168e-08  1.9480e-08 
1.3357e-03     2.6069e-02  4.0747e-02     3.4822e-05  5.4427e-05     8.7924e-05  1.3743e-04     1.1744e-07  1.8357e-07 
1.4987e-03     1.6845e-01  5.3626e-02     2.5246e-04  8.0371e-05     6.3745e-04  2.0294e-04     9.5535e-07  3.0415e-07 
1.6816e-03     8.8007e-02  4.7744e-02     1.4799e-04  8.0285e-05     3.7368e-04  2.0272e-04     6.2837e-07  3.4089e-07 
1.8868e-03     9.6892e-02  2.6949e-02     1.8281e-04  5.0846e-05     4.6160e-04  1.2839e-04     8.7094e-07  2.4224e-07 
2.1170e-03     6.1682e-02  2.1551e-02     1.3058e-04  4.5624e-05     3.2971e-04  1.1520e-04     6.9800e-07  2.4388e-07 
2.3753e-03     4.7645e-02  1.0637e-02     1.1317e-04  2.5266e-05     2.8575e-04  6.3800e-05     6.7875e-07  1.5154e-07 
2.6651e-03     3.9197e-02  1.5029e-02     1.0446e-04  4.0054e-05     2.6377e-04  1.0114e-04     7.0299e-07  2.6955e-07 
2.9903e-03     4.6579e-02  1.4505e-02     1.3929e-04  4.3375e-05     3.5170e-04  1.0953e-04     1.0517e-06  3.2752e-07 
3.3552e-03     7.2649e-02  6.1639e-02     2.4375e-04  2.0681e-04     6.1547e-04  5.2220e-04     2.0650e-06  1.7521e-06 
3.7646e-03     8.7873e-02  3.2951e-02     3.3081e-04  1.2405e-04     8.3528e-04  3.1322e-04     3.1445e-06  1.1792e-06 
4.2240e-03     5.9768e-02  1.5454e-02     2.5246e-04  6.5279e-05     6.3745e-04  1.6484e-04     2.6926e-06  6.9626e-07 
4.7394e-03     5.6942e-02  1.1309e-02     2.6987e-04  5.3597e-05     6.8141e-04  1.3534e-04     3.2294e-06  6.4144e-07 
5.3176e-03     6.7120e-02  2.0704e-02     3.5692e-04  1.1010e-04     9.0122e-04  2.7800e-04     4.7924e-06  1.4783e-06 
5.9665e-03     7.1493e-02  1.9054e-02     4.2656e-04  1.1368e-04     1.0771e-03  2.8707e-04     6.4263e-06  1.7128e-06 
6.6945e-03     6.8920e-02  3.1871e-02     4.6139e-04  2.1336e-04     1.1650e-03  5.3874e-04     7.7991e-06  3.6066e-06 
7.5114e-03     8.9240e-02  1.2320e-02     6.7032e-04  9.2542e-05     1.6925e-03  2.3371e-04     1.2713e-05  1.7555e-06 
8.4279e-03     1.0742e-01  1.5728e-02     9.0536e-04  1.3256e-04     2.2860e-03  3.3476e-04     1.9266e-05  2.8213e-06 
9.4563e-03     9.3901e-02  1.6357e-02     8.8795e-04  1.5468e-04     2.2421e-03  3.9060e-04     2.1202e-05  3.6936e-06 
1.0610e-02     1.1569e-01  1.3974e-02     1.2275e-03  1.4826e-04     3.0993e-03  3.7445e-04     3.2884e-05  3.9729e-06 
1.1905e-02     1.2578e-01  1.1908e-02     1.4973e-03  1.4176e-04     3.7807e-03  3.5808e-04     4.5009e-05  4.2628e-06 
1.3357e-02     1.3491e-01  1.6333e-02     1.8020e-03  2.1817e-04     4.5501e-03  5.5100e-04     6.0777e-05  7.3599e-06 
1.4987e-02     1.6438e-01  2.5543e-02     2.4636e-03  3.8282e-04     6.2206e-03  9.6675e-04     9.3229e-05  1.4489e-05 
1.6816e-02     1.8119e-01  1.6643e-02     3.0469e-03  2.7986e-04     7.6933e-03  7.0693e-04     1.2937e-04  1.1888e-05 
1.8868e-02     1.8779e-01  1.1316e-02     3.5431e-03  2.1351e-04     8.9463e-03  5.3961e-04     1.6880e-04  1.0181e-05 
2.1170e-02     2.2493e-01  1.5312e-02     4.7619e-03  3.2416e-04     1.2024e-02  8.1910e-04     2.5454e-04  1.7340e-05 
2.3753e-02     2.5215e-01  1.3972e-02     5.9893e-03  3.3188e-04     1.5123e-02  8.3893e-04     3.5922e-04  1.9927e-05 
2.6651e-02     2.5772e-01  3.3808e-02     6.8686e-03  9.0102e-04     1.7343e-02  2.2755e-03     4.6221e-04  6.0646e-05 
2.9903e-02     2.8093e-01  1.8134e-02     8.4007e-03  5.4227e-04     2.1212e-02  1.3704e-03     6.3430e-04  4.0978e-05 
3.3552e-02     3.3756e-01  1.7138e-02     1.1326e-02  5.7501e-04     2.8597e-02  1.4538e-03     9.5950e-04  4.8779e-05 
3.7646e-02     3.6444e-01  8.0633e-03     1.3720e-02  3.0355e-04     3.4642e-02  7.7184e-04     1.3041e-03  2.9057e-05 
4.2240e-02     3.9673e-01  2.1816e-02     1.6758e-02  9.2151e-04     4.2313e-02  2.3295e-03     1.7873e-03  9.8395e-05 
4.7394e-02     4.5755e-01  1.2887e-02     2.1685e-02  6.1077e-04     5.4755e-02  1.5489e-03     2.5950e-03  7.3406e-05 
5.3176e-02     4.8016e-01  1.6799e-02     2.5533e-02  8.9330e-04     6.4470e-02  2.2619e-03     3.4283e-03  1.2028e-04 
5.9665e-02     5.4773e-01  2.3367e-02     3.2680e-02  1.3942e-03     8.2517e-02  3.5270e-03     4.9234e-03  2.1044e-04 
6.6945e-02     6.1144e-01  3.0991e-02     4.0933e-02  2.0747e-03     1.0335e-01  5.2455e-03     6.9191e-03  3.5116e-04 
7.5114e-02     6.4241e-01  1.1754e-02     4.8254e-02  8.8286e-04     1.2184e-01  2.2520e-03     9.1519e-03  1.6916e-04 
8.4279e-02     7.1220e-01  8.6283e-03     6.0024e-02  7.2719e-04     1.5156e-01  1.8787e-03     1.2773e-02  1.5834e-04 
9.4563e-02     7.8711e-01  1.6006e-02     7.4431e-02  1.5136e-03     1.8794e-01  3.8534e-03     1.7772e-02  3.6439e-04 
1.0610e-01     8.8103e-01  9.3495e-03     9.3479e-02  9.9199e-04     2.3603e-01  2.5802e-03     2.5043e-02  2.7376e-04 
1.1905e-01     9.7520e-01  1.1614e-02     1.1610e-01  1.3826e-03     2.9314e-01  3.5749e-03     3.4897e-02  4.2558e-04 
1.3357e-01     1.0896e+00  9.3887e-03     1.4554e-01  1.2541e-03     3.6748e-01  3.3101e-03     4.9085e-02  4.4214e-04 
1.4987e-01     1.2314e+00  7.8521e-03     1.8455e-01  1.1768e-03     4.6598e-01  3.2132e-03     6.9836e-02  4.8156e-04 
1.6816e-01     1.3353e+00  1.3502e-02     2.2455e-01  2.2705e-03     5.6698e-01  5.9229e-03     9.5342e-02  9.9598e-04 
1.8868e-01     1.5207e+00  9.4924e-03     2.8692e-01  1.7910e-03     7.2447e-01  4.9055e-03     1.3669e-01  9.2556e-04 
2.1170e-01     1.7197e+00  1.9643e-02     3.6406e-01  4.1583e-03     9.1925e-01  1.0773e-02     1.9460e-01  2.2807e-03 
2.3753e-01     1.9491e+00  1.4871e-02     4.6296e-01  3.5322e-03     1.1690e+00  9.4315e-03     2.7767e-01  2.2403e-03 
2.6651e-01     2.2368e+00  1.3649e-02     5.9615e-01  3.6377e-03     1.5053e+00  9.9983e-03     4.0117e-01  2.6647e-03 
2.9903e-01     2.5509e+00  1.0366e-02     7.6279e-01  3.0998e-03     1.9260e+00  9.3167e-03     5.7595e-01  2.7860e-03 
3.3552e-01     2.7942e+00  1.4607e-02     9.3753e-01  4.9010e-03     2.3672e+00  1.3846e-02     7.9426e-01  4.6458e-03 
3.7646e-01     2.6434e+00  1.7931e-02     9.9515e-01  6.7505e-03     2.5127e+00  1.8276e-02     9.4595e-01  6.8801e-03 
4.2240e-01     2.0465e+00  7.6908e-03     8.6445e-01  3.2486e-03     2.1827e+00  1.0004e-02     9.2197e-01  4.2258e-03 
4.7394e-01     1.3496e+00  1.1819e-02     6.3965e-01  5.6015e-03     1.6151e+00  1.4765e-02     7.6545e-01  6.9977e-03 
5.3176e-01     8.3088e-01  4.9456e-03     4.4183e-01  2.6299e-03     1.1156e+00  7.2570e-03     5.9325e-01  3.8590e-03 
5.9665e-01     5.1452e-01  2.6727e-03     3.0699e-01  1.5947e-03     7.7514e-01  4.5110e-03     4.6249e-01  2.6915e-03 
6.6945e-01     3.2286e-01  2.6625e-03     2.1614e-01  1.7824e-03     5.4574e-01  4.7230e-03     3.6535e-01  3.1618e-03 
7.5114e-01     2.1137e-01  1.5976e-03     1.5877e-01  1.2000e-03     4.0089e-01  3.2074e-03     3.0112e-01  2.4092e-03 
8.4279e-01     1.4308e-01  1.4964e-03     1.2059e-01  1.2611e-03     3.0448e-01  3.2830e-03     2.5661e-01  2.7669e-03 
9.4563e-01     9.7556e-02  2.4167e-03     9.2251e-02  2.2853e-03     2.3293e-01  5.8027e-03     2.2027e-01  5.4871e-03 
1.0610e+00     6.8420e-02  1.0785e-03     7.2594e-02  1.1443e-03     1.8330e-01  2.9291e-03     1.9448e-01  3.1078e-03 
1.1905e+00     4.8373e-02  5.1583e-04     5.7586e-02  6.1408e-04     1.4540e-01  1.5968e-03     1.7310e-01  1.9009e-03 
1.3357e+00     3.3851e-02  7.7780e-04     4.5216e-02  1.0389e-03     1.1417e-01  2.6403e-03     1.5250e-01  3.5268e-03 
1.4987e+00     2.3856e-02  4.4224e-04     3.5753e-02  6.6279e-04     9.0276e-02  1.6902e-03     1.3530e-01  2.5331e-03 
1.6816e+00     1.6452e-02  2.5992e-04     2.7666e-02  4.3708e-04     6.9856e-02  1.1187e-03     1.1747e-01  1.8813e-03 
1.8868e+00     1.0686e-02  2.9703e-04     2.0162e-02  5.6042e-04     5.0908e-02  1.4214e-03     9.6052e-02  2.6818e-03 
2.1170e+00     6.8837e-03  1.8716e-04     1.4573e-02  3.9623e-04     3.6796e-02  1.0051e-03     7.7897e-02  2.1278e-03 
2.3753e+00     3.9985e-03  1.6141e-04     9.4976e-03  3.8340e-04     2.3981e-02  9.7011e-04     5.6963e-02  2.3043e-03 
2.6651e+00     2.1264e-03  1.1675e-04     5.6672e-03  3.1116e-04     1.4310e-02  7.8656e-04     3.8137e-02  2.0963e-03 
2.9903e+00     1.0364e-03  6.5781e-05     3.0991e-03  1.9671e-04     7.8252e-03  4.9710e-04     2.3400e-02  1.4865e-03 
3.3552e+00     4.2551e-04  7.2995e-05     1.4277e-03  2.4491e-04     3.6049e-03  6.1848e-04     1.2095e-02  2.0751e-03 
3.7646e+00     1.2256e-04  2.3536e-05     4.6139e-04  8.8604e-05     1.1650e-03  2.2375e-04     4.3857e-03  8.4231e-04 
4.2240e+00     5.7707e-05  1.8507e-05     2.4375e-04  7.8173e-05     6.1547e-04  1.9739e-04     2.5997e-03  8.3378e-04 
4.7394e+00     1.1021e-05  4.5870e-06     5.2232e-05  2.1739e-05     1.3189e-04  5.4892e-05     6.2505e-04  2.6015e-04 
5.3176e+00     4.9112e-06  2.1552e-06     2.6116e-05  1.1460e-05     6.5943e-05  2.8938e-05     3.5066e-04  1.5388e-04 
5.9665e+00     1.4590e-06  2.0635e-07     8.7054e-06  1.2312e-06     2.1981e-05  3.1092e-06     1.3115e-04  1.8551e-05 
6.6945e+00     1.3004e-06  1.2572e-06     8.7054e-06  8.4165e-06     2.1981e-05  2.1252e-05     1.4715e-04  1.4227e-04 
7.5114e+00     0.0000e+00  0.0000e+00     0.0000e+00  0.0000e+00     0.0000e+00  0.0000e+00     0.0000e+00  0.0000e+00 
8.4279e+00     1.0329e-06  7.4253e-07     8.7054e-06  6.2580e-06     2.1981e-05  1.5801e-05     1.8525e-04  1.3317e-04 
9.4563e+00     0.0000e+00  0.0000e+00     0.0000e+00  0.0000e+00     0.0000e+00  0.0000e+00     0.0000e+00  0.0000e+00 
1.0610e+01     0.0000e+00  0.0000e+00     0.0000e+00  0.0000e+00     0.0000e+00  0.0000e+00     0.0000e+00  0.0000e+00 
1.1905e+01     0.0000e+00  0.0000e+00     0.0000e+00  0.0000e+00     0.0000e+00  0.0000e+00     0.0000e+00  0.0000e+00 
1.3357e+01     0.0000e+00  0.0000e+00     0.0000e+00  0.0000e+00     0.0000e+00  0.0000e+00     0.0000e+00  0.0000e+00 
1.4987e+01     5.8086e-07  5.4191e-07     8.7054e-06  8.1217e-06     2.1981e-05  2.0507e-05     3.2943e-04  3.0734e-04 
1.6816e+01     0.0000e+00  0.0000e+00     0.0000e+00  0.0000e+00     0.0000e+00  0.0000e+00     0.0000e+00  0.0000e+00 
1.8868e+01     0.0000e+00  0.0000e+00     0.0000e+00  0.0000e+00     0.0000e+00  0.0000e+00     0.0000e+00  0.0000e+00 
2.1170e+01     0.0000e+00  0.0000e+00     0.0000e+00  0.0000e+00     0.0000e+00  0.0000e+00     0.0000e+00  0.0000e+00 
2.3753e+01     0.0000e+00  0.0000e+00     0.0000e+00  0.0000e+00     0.0000e+00  0.0000e+00     0.0000e+00  0.0000e+00 
2.6651e+01     0.0000e+00  0.0000e+00     0.0000e+00  0.0000e+00     0.0000e+00  0.0000e+00     0.0000e+00  0.0000e+00 
2.9903e+01     0.0000e+00  0.0000e+00     0.0000e+00  0.0000e+00     0.0000e+00  0.0000e+00     0.0000e+00  0.0000e+00 
3.3552e+01     2.5946e-07  2.1257e-07     8.7054e-06  7.1323e-06     2.1981e-05  1.8009e-05     7.3751e-04  6.0424e-04 
3.7646e+01     0.0000e+00  0.0000e+00     0.0000e+00  0.0000e+00     0.0000e+00  0.0000e+00     0.0000e+00  0.0000e+00 
4.2240e+01     2.0610e-07  8.4964e-08     8.7054e-06  3.5888e-06     2.1981e-05  9.0620e-06     9.2847e-04  3.8277e-04 
4.7394e+01     0.0000e+00  0.0000e+00     0.0000e+00  0.0000e+00     0.0000e+00  0.0000e+00     0.0000e+00  0.0000e+00 
5.3176e+01     3.2742e-07  1.6723e-07     1.7411e-05  8.8926e-06     4.3962e-05  2.2454e-05     2.3377e-03  1.1940e-03 
5.9665e+01     1.4590e-07  1.3612e-07     8.7054e-06  8.1217e-06     2.1981e-05  2.0507e-05     1.3115e-03  1.2236e-03 
6.6945e+01     1.3004e-07  1.0145e-07     8.7054e-06  6.7918e-06     2.1981e-05  1.7149e-05     1.4715e-03  1.1481e-03 
7.5114e+01     1.1590e-07  2.8387e-08     8.7054e-06  2.1322e-06     2.1981e-05  5.3842e-06     1.6511e-03  4.0443e-04 
8.4279e+01     0.0000e+00  0.0000e+00     0.0000e+00  0.0000e+00     0.0000e+00  0.0000e+00     0.0000e+00  0.0000e+00 
9.4563e+01     9.2060e-08  1.0458e-07     8.7054e-06  9.8895e-06     2.1981e-05  2.4971e-05     2.0786e-03  2.3613e-03 
1.0610e+02     0.0000e+00  0.0000e+00     0.0000e+00  0.0000e+00     0.0000e+00  0.0000e+00     0.0000e+00  0.0000e+00 
1.1905e+02     0.0000e+00  0.0000e+00     0.0000e+00  0.0000e+00     0.0000e+00  0.0000e+00     0.0000e+00  0.0000e+00 
1.3357e+02     1.3035e-07  6.2315e-08     1.7411e-05  8.3236e-06     4.3962e-05  2.1017e-05     5.8721e-03  2.8074e-03 
1.4987e+02     0.0000e+00  0.0000e+00     0.0000e+00  0.0000e+00     0.0000e+00  0.0000e+00     0.0000e+00  0.0000e+00 
1.6816e+02     0.0000e+00  0.0000e+00     0.0000e+00  0.0000e+00     0.0000e+00  0.0000e+00     0.0000e+00  0.0000e+00 
1.8868e+02     0.0000e+00  0.0000e+00     0.0000e+00  0.0000e+00     0.0000e+00  0.0000e+00     0.0000e+00  0.0000e+00 
2.1170e+02     4.1122e-08  2.2551e-08     8.7054e-06  4.7741e-06     2.1981e-05  1.2055e-05     4.6534e-03  2.5519e-03 
2.3753e+02     3.6650e-08  7.9499e-08     8.7054e-06  1.8883e-05     2.1981e-05  4.7680e-05     5.2212e-03  1.1326e-02 
2.6651e+02     3.2664e-08  1.9942e-08     8.7054e-06  5.3149e-06     2.1981e-05  1.3420e-05     5.8582e-03  3.5766e-03 
2.9903e+02     2.9112e-08  2.0927e-08     8.7054e-06  6.2580e-06     2.1981e-05  1.5801e-05     6.5730e-03  4.7252e-03 
3.3552e+02     0.0000e+00  0.0000e+00     0.0000e+00  0.0000e+00     0.0000e+00  0.0000e+00     0.0000e+00  0.0000e+00 
3.7646e+02     0.0000e+00  0.0000e+00     0.0000e+00  0.0000e+00     0.0000e+00  0.0000e+00     0.0000e+00  0.0000e+00 
4.2240e+02     2.0610e-08  9.4448e-09     8.7054e-06  3.9894e-06     2.1981e-05  1.0073e-05     9.2847e-03  4.2550e-03 
4.7394e+02     1.8368e-08  1.1371e-08     8.7054e-06  5.3890e-06     2.1981e-05  1.3607e-05     1.0418e-02  6.4490e-03 
5.3176e+02     0.0000e+00  0.0000e+00     0.0000e+00  0.0000e+00     0.0000e+00  0.0000e+00     0.0000e+00  0.0000e+00 
5.9665e+02     0.0000e+00  0.0000e+00     0.0000e+00  0.0000e+00     0.0000e+00  0.0000e+00     0.0000e+00  0.0000e+00 
6.6945e+02     0.0000e+00  0.0000e+00     0.0000e+00  0.0000e+00     0.0000e+00  0.0000e+00     0.0000e+00  0.0000e+00 
7.5114e+02     0.0000e+00  0.0000e+00     0.0000e+00  0.0000e+00     0.0000e+00  0.0000e+00     0.0000e+00  0.0000e+00 
8.4279e+02     0.0000e+00  0.0000e+00     0.0000e+00  0.0000e+00     0.0000e+00  0.0000e+00     0.0000e+00  0.0000e+00 
9.4563e+02     0.0000e+00  0.0000e+00     0.0000e+00  0.0000e+00     0.0000e+00  0.0000e+00     0.0000e+00  0.0000e+00 
1.0610e+03     0.0000e+00  0.0000e+00     0.0000e+00  0.0000e+00     0.0000e+00  0.0000e+00     0.0000e+00  0.0000e+00 
1.1905e+03     0.0000e+00  0.0000e+00     0.0000e+00  0.0000e+00     0.0000e+00  0.0000e+00     0.0000e+00  0.0000e+00 
1.3357e+03     0.0000e+00  0.0000e+00     0.0000e+00  0.0000e+00     0.0000e+00  0.0000e+00     0.0000e+00  0.0000e+00 
1.4987e+03     0.0000e+00  0.0000e+00     0.0000e+00  0.0000e+00     0.0000e+00  0.0000e+00     0.0000e+00  0.0000e+00 
1.6816e+03     0.0000e+00  0.0000e+00     0.0000e+00  0.0000e+00     0.0000e+00  0.0000e+00     0.0000e+00  0.0000e+00 
1.8868e+03     0.0000e+00  0.0000e+00     0.0000e+00  0.0000e+00     0.0000e+00  0.0000e+00     0.0000e+00  0.0000e+00 
2.1170e+03     0.0000e+00  0.0000e+00     0.0000e+00  0.0000e+00     0.0000e+00  0.0000e+00     0.0000e+00  0.0000e+00 
2.3753e+03     0.0000e+00  0.0000e+00     0.0000e+00  0.0000e+00     0.0000e+00  0.0000e+00     0.0000e+00  0.0000e+00 
2.6651e+03     0.0000e+00  0.0000e+00     0.0000e+00  0.0000e+00     0.0000e+00  0.0000e+00     0.0000e+00  0.0000e+00 
2.9903e+03     0.0000e+00  0.0000e+00     0.0000e+00  0.0000e+00     0.0000e+00  0.0000e+00     0.0000e+00  0.0000e+00 
3.3552e+03     0.0000e+00  0.0000e+00     0.0000e+00  0.0000e+00     0.0000e+00  0.0000e+00     0.0000e+00  0.0000e+00 
3.7646e+03     0.0000e+00  0.0000e+00     0.0000e+00  0.0000e+00     0.0000e+00  0.0000e+00     0.0000e+00  0.0000e+00 
4.2240e+03     0.0000e+00  0.0000e+00     0.0000e+00  0.0000e+00     0.0000e+00  0.0000e+00     0.0000e+00  0.0000e+00 
4.7394e+03     0.0000e+00  0.0000e+00     0.0000e+00  0.0000e+00     0.0000e+00  0.0000e+00     0.0000e+00  0.0000e+00 
5.3176e+03     0.0000e+00  0.0000e+00     0.0000e+00  0.0000e+00     0.0000e+00  0.0000e+00     0.0000e+00  0.0000e+00 
5.9665e+03     0.0000e+00  0.0000e+00     0.0000e+00  0.0000e+00     0.0000e+00  0.0000e+00     0.0000e+00  0.0000e+00 
6.6945e+03     0.0000e+00  0.0000e+00     0.0000e+00  0.0000e+00     0.0000e+00  0.0000e+00     0.0000e+00  0.0000e+00 
7.5114e+03     0.0000e+00  0.0000e+00     0.0000e+00  0.0000e+00     0.0000e+00  0.0000e+00     0.0000e+00  0.0000e+00 
8.4279e+03     0.0000e+00  0.0000e+00     0.0000e+00  0.0000e+00     0.0000e+00  0.0000e+00     0.0000e+00  0.0000e+00 
9.4563e+03     0.0000e+00  0.0000e+00     0.0000e+00  0.0000e+00     0.0000e+00  0.0000e+00     0.0000e+00  0.0000e+00 
