yF = 3.9844e-01 (std: 1.2354e-03) keV/um
yD = 3.0631e+00 (std: 8.5523e-01) keV/um
y (keV/um)     f(y)(std)                  yf(y)(std)                 d(y)(std)                  yd(y)(std)  
1.0610e-03     0.0000e+00  0.0000e+00     0.0000e+00  0.0000e+00     0.0000e+00  0.0000e+00     0.0000e+00  0.0000e+00 
1.1905e-03     0.0000e+00  0.0000e+00     0.0000e+00  0.0000e+00     0.0000e+00  0.0000e+00     0.0000e+00  0.0000e+00 
1.3357e-03     1.9552e-02  4.2191e-02     2.6117e-05  5.6356e-05     6.5547e-05  1.4144e-04     8.7553e-08  1.8893e-07 
1.4987e-03     8.1321e-02  2.8032e-02     1.2188e-04  4.2012e-05     3.0588e-04  1.0545e-04     4.5843e-07  1.5803e-07 
1.6816e-03     9.3186e-02  5.0791e-02     1.5670e-04  8.5409e-05     3.9328e-04  2.1436e-04     6.6133e-07  3.6046e-07 
1.8868e-03     6.9210e-02  2.4398e-02     1.3058e-04  4.6033e-05     3.2773e-04  1.1554e-04     6.1836e-07  2.1799e-07 
2.1170e-03     4.1122e-02  1.3598e-02     8.7055e-05  2.8787e-05     2.1849e-04  7.2251e-05     4.6254e-07  1.5295e-07 
2.3753e-03     1.8325e-02  7.9100e-03     4.3528e-05  1.8789e-05     1.0924e-04  4.7156e-05     2.5949e-07  1.1201e-07 
2.6651e-03     3.5931e-02  1.3071e-02     9.5761e-05  3.4835e-05     2.4034e-04  8.7430e-05     6.4053e-07  2.3301e-07 
2.9903e-03     3.7846e-02  2.2290e-02     1.1317e-04  6.6655e-05     2.8404e-04  1.6729e-04     8.4936e-07  5.0025e-07 
3.3552e-03     6.4866e-02  2.2457e-02     2.1764e-04  7.5347e-05     5.4622e-04  1.8911e-04     1.8327e-06  6.3450e-07 
3.7646e-03     6.0124e-02  2.1009e-02     2.2634e-04  7.9092e-05     5.6807e-04  1.9851e-04     2.1386e-06  7.4731e-07 
4.2240e-03     5.1525e-02  2.3303e-02     2.1764e-04  9.8429e-05     5.4622e-04  2.4704e-04     2.3072e-06  1.0435e-06 
4.7394e-03     6.4290e-02  1.8052e-02     3.0469e-04  8.5553e-05     7.6471e-04  2.1473e-04     3.6242e-06  1.0177e-06 
5.3176e-03     6.7121e-02  1.5187e-02     3.5693e-04  8.0759e-05     8.9580e-04  2.0271e-04     4.7636e-06  1.0779e-06 
5.9665e-03     7.8790e-02  2.0177e-02     4.7010e-04  1.2039e-04     1.1798e-03  3.0217e-04     7.0395e-06  1.8029e-06 
6.6945e-03     8.5826e-02  1.2877e-02     5.7457e-04  8.6205e-05     1.4420e-03  2.1640e-04     9.6537e-06  1.4487e-06 
7.5114e-03     9.3878e-02  1.2794e-02     7.0515e-04  9.6103e-05     1.7698e-03  2.4126e-04     1.3293e-05  1.8122e-06 
8.4279e-03     1.0329e-01  1.0893e-02     8.7055e-04  9.1807e-05     2.1849e-03  2.3051e-04     1.8414e-05  1.9427e-06 
9.4563e-03     9.6664e-02  1.5170e-02     9.1408e-04  1.4345e-04     2.2941e-03  3.6009e-04     2.1694e-05  3.4051e-06 
1.0610e-02     1.0584e-01  2.6273e-02     1.1230e-03  2.7876e-04     2.8185e-03  6.9968e-04     2.9905e-05  7.4237e-06 
1.1905e-02     1.1335e-01  2.3807e-02     1.3494e-03  2.8341e-04     3.3866e-03  7.1138e-04     4.0316e-05  8.4687e-06 
1.3357e-02     1.4208e-01  2.0609e-02     1.8978e-03  2.7528e-04     4.7631e-03  6.9104e-04     6.3622e-05  9.2304e-06 
1.4987e-02     1.4754e-01  2.0021e-02     2.2112e-03  3.0006e-04     5.5496e-03  7.5327e-04     8.3173e-05  1.1289e-05 
1.6816e-02     1.7705e-01  1.1571e-02     2.9773e-03  1.9457e-04     7.4723e-03  4.8888e-04     1.2565e-04  8.2210e-06 
1.8868e-02     2.0348e-01  1.1887e-02     3.8391e-03  2.2428e-04     9.6353e-03  5.6368e-04     1.8180e-04  1.0635e-05 
2.1170e-02     2.2453e-01  1.5244e-02     4.7532e-03  3.2272e-04     1.1929e-02  8.1080e-04     2.5255e-04  1.7165e-05 
2.3753e-02     2.4666e-01  1.9088e-02     5.8588e-03  4.5339e-04     1.4704e-02  1.1388e-03     3.4927e-04  2.7050e-05 
2.6651e-02     2.6850e-01  1.6803e-02     7.1560e-03  4.4782e-04     1.7960e-02  1.1253e-03     4.7865e-04  2.9991e-05 
2.9903e-02     3.0451e-01  1.1703e-02     9.1060e-03  3.4997e-04     2.2854e-02  8.8119e-04     6.8341e-04  2.6351e-05 
3.3552e-02     3.3082e-01  2.0130e-02     1.1100e-02  6.7539e-04     2.7857e-02  1.6973e-03     9.3467e-04  5.6947e-05 
3.7646e-02     3.6028e-01  1.6622e-02     1.3563e-02  6.2575e-04     3.4041e-02  1.5740e-03     1.2815e-03  5.9256e-05 
4.2240e-02     3.9015e-01  1.6370e-02     1.6480e-02  6.9148e-04     4.1360e-02  1.7402e-03     1.7470e-03  7.3504e-05 
4.7394e-02     4.5444e-01  1.8437e-02     2.1538e-02  8.7381e-04     5.4054e-02  2.1994e-03     2.5618e-03  1.0424e-04 
5.3176e-02     4.8949e-01  2.0728e-02     2.6030e-02  1.1023e-03     6.5328e-02  2.7738e-03     3.4739e-03  1.4750e-04 
5.9665e-02     5.3227e-01  1.7601e-02     3.1758e-02  1.0502e-03     7.9705e-02  2.6473e-03     4.7556e-03  1.5795e-04 
6.6945e-02     5.9064e-01  1.2043e-02     3.9541e-02  8.0623e-04     9.9238e-02  2.0467e-03     6.6435e-03  1.3702e-04 
7.5114e-02     6.3489e-01  1.3035e-02     4.7689e-02  9.7913e-04     1.1969e-01  2.4853e-03     8.9902e-03  1.8668e-04 
8.4279e-02     7.1201e-01  5.2162e-03     6.0007e-02  4.3961e-04     1.5060e-01  1.1981e-03     1.2693e-02  1.0097e-04 
9.4563e-02     7.8445e-01  2.4483e-02     7.4180e-02  2.3151e-03     1.8617e-01  5.8391e-03     1.7605e-02  5.5216e-04 
1.0610e-01     8.7005e-01  1.8082e-02     9.2314e-02  1.9185e-03     2.3169e-01  4.8682e-03     2.4582e-02  5.1653e-04 
1.1905e-01     9.7193e-01  1.5335e-02     1.1571e-01  1.8256e-03     2.9039e-01  4.6694e-03     3.4570e-02  5.5588e-04 
1.3357e-01     1.0874e+00  2.0440e-02     1.4524e-01  2.7302e-03     3.6453e-01  6.9449e-03     4.8691e-02  9.2765e-04 
1.4987e-01     1.2052e+00  1.3367e-02     1.8062e-01  2.0034e-03     4.5332e-01  5.2208e-03     6.7940e-02  7.8244e-04 
1.6816e-01     1.3434e+00  1.3673e-02     2.2591e-01  2.2993e-03     5.6698e-01  6.0325e-03     9.5342e-02  1.0144e-03 
1.8868e-01     1.4959e+00  1.1054e-02     2.8224e-01  2.0857e-03     7.0836e-01  5.6767e-03     1.3365e-01  1.0711e-03 
2.1170e-01     1.7018e+00  1.0842e-02     3.6028e-01  2.2952e-03     9.0421e-01  6.4064e-03     1.9142e-01  1.3562e-03 
2.3753e-01     1.9444e+00  4.0655e-03     4.6186e-01  9.6568e-04     1.1591e+00  4.3349e-03     2.7533e-01  1.0297e-03 
2.6651e-01     2.2139e+00  7.0898e-03     5.9004e-01  1.8895e-03     1.4809e+00  6.6009e-03     3.9467e-01  1.7592e-03 
2.9903e-01     2.5384e+00  1.1439e-02     7.5906e-01  3.4207e-03     1.9051e+00  1.0421e-02     5.6968e-01  3.1162e-03 
3.3552e-01     2.7789e+00  2.6183e-02     9.3237e-01  8.7850e-03     2.3400e+00  2.3211e-02     7.8513e-01  7.7879e-03 
3.7646e-01     2.6452e+00  1.4163e-02     9.9581e-01  5.3320e-03     2.4992e+00  1.5464e-02     9.4087e-01  5.8215e-03 
4.2240e-01     2.0570e+00  8.8915e-03     8.6885e-01  3.7557e-03     2.1806e+00  1.1600e-02     9.2108e-01  4.8998e-03 
4.7394e-01     1.3666e+00  9.4742e-03     6.4769e-01  4.4902e-03     1.6256e+00  1.2345e-02     7.7041e-01  5.8508e-03 
5.3176e-01     8.4326e-01  5.6368e-03     4.4841e-01  2.9975e-03     1.1254e+00  8.2928e-03     5.9845e-01  4.4098e-03 
5.9665e-01     5.1904e-01  4.4000e-03     3.0968e-01  2.6253e-03     7.7723e-01  7.0157e-03     4.6373e-01  4.1859e-03 
6.6945e-01     3.2714e-01  4.8733e-03     2.1901e-01  3.2625e-03     5.4965e-01  8.3635e-03     3.6797e-01  5.5990e-03 
7.5114e-01     2.1374e-01  1.7697e-03     1.6055e-01  1.3293e-03     4.0294e-01  3.5625e-03     3.0266e-01  2.6759e-03 
8.4279e-01     1.4316e-01  4.5275e-03     1.2065e-01  3.8157e-03     3.0280e-01  9.6225e-03     2.5520e-01  8.1097e-03 
9.4563e-01     9.7705e-02  1.6848e-03     9.2392e-02  1.5932e-03     2.3188e-01  4.0627e-03     2.1927e-01  3.8418e-03 
1.0610e+00     6.9316e-02  8.7049e-04     7.3544e-02  9.2359e-04     1.8458e-01  2.3876e-03     1.9584e-01  2.5333e-03 
1.1905e+00     4.8417e-02  6.5745e-04     5.7639e-02  7.8267e-04     1.4466e-01  2.0149e-03     1.7222e-01  2.3987e-03 
1.3357e+00     3.5018e-02  1.4020e-03     4.6775e-02  1.8727e-03     1.1739e-01  4.7142e-03     1.5681e-01  6.2969e-03 
1.4987e+00     2.4240e-02  6.4802e-04     3.6328e-02  9.7119e-04     9.1175e-02  2.4538e-03     1.3665e-01  3.6776e-03 
1.6816e+00     1.6981e-02  4.3735e-04     2.8554e-02  7.3545e-04     7.1664e-02  1.8591e-03     1.2051e-01  3.1263e-03 
1.8868e+00     1.0824e-02  3.2540e-04     2.0423e-02  6.1396e-04     5.1257e-02  1.5491e-03     9.6711e-02  2.9227e-03 
2.1170e+00     6.9209e-03  4.9005e-04     1.4651e-02  1.0374e-03     3.6772e-02  2.6062e-03     7.7845e-02  5.5173e-03 
2.3753e+00     3.8776e-03  2.6490e-04     9.2105e-03  6.2921e-04     2.3116e-02  1.5808e-03     5.4908e-02  3.7548e-03 
2.6651e+00     2.2996e-03  1.7517e-04     6.1287e-03  4.6684e-04     1.5382e-02  1.1726e-03     4.0994e-02  3.1252e-03 
2.9903e+00     1.1063e-03  7.4659e-05     3.3081e-03  2.2326e-04     8.3026e-03  5.6091e-04     2.4827e-02  1.6773e-03 
3.3552e+00     4.0995e-04  4.8968e-05     1.3755e-03  1.6430e-04     3.4521e-03  4.1248e-04     1.1583e-02  1.3840e-03 
3.7646e+00     1.2487e-04  2.2302e-05     4.7010e-04  8.3959e-05     1.1798e-03  2.1075e-04     4.4416e-03  7.9339e-04 
4.2240e+00     5.9769e-05  1.3073e-05     2.5246e-04  5.5221e-05     6.3362e-04  1.3861e-04     2.6764e-03  5.8547e-04 
4.7394e+00     1.8369e-05  6.9500e-06     8.7055e-05  3.2938e-05     2.1849e-04  8.2670e-05     1.0355e-03  3.9180e-04 
5.3176e+00     4.9113e-06  8.8907e-06     2.6117e-05  4.7277e-05     6.5547e-05  1.1866e-04     3.4855e-04  6.3097e-04 
5.9665e+00     2.9181e-06  1.7999e-06     1.7411e-05  1.0739e-05     4.3698e-05  2.6953e-05     2.6072e-04  1.6081e-04 
6.6945e+00     1.3004e-06  1.1565e-06     8.7055e-06  7.7423e-06     2.1849e-05  1.9431e-05     1.4627e-04  1.3008e-04 
7.5114e+00     1.1590e-06  1.1422e-06     8.7055e-06  8.5799e-06     2.1849e-05  2.1534e-05     1.6411e-04  1.6175e-04 
8.4279e+00     1.0329e-06  1.1734e-06     8.7055e-06  9.8895e-06     2.1849e-05  2.4820e-05     1.8414e-04  2.0918e-04 
9.4563e+00     0.0000e+00  0.0000e+00     0.0000e+00  0.0000e+00     0.0000e+00  0.0000e+00     0.0000e+00  0.0000e+00 
1.0610e+01     0.0000e+00  0.0000e+00     0.0000e+00  0.0000e+00     0.0000e+00  0.0000e+00     0.0000e+00  0.0000e+00 
1.1905e+01     0.0000e+00  0.0000e+00     0.0000e+00  0.0000e+00     0.0000e+00  0.0000e+00     0.0000e+00  0.0000e+00 
1.3357e+01     0.0000e+00  0.0000e+00     0.0000e+00  0.0000e+00     0.0000e+00  0.0000e+00     0.0000e+00  0.0000e+00 
1.4987e+01     0.0000e+00  0.0000e+00     0.0000e+00  0.0000e+00     0.0000e+00  0.0000e+00     0.0000e+00  0.0000e+00 
1.6816e+01     5.1770e-07  3.7651e-07     8.7055e-06  6.3314e-06     2.1849e-05  1.5891e-05     3.6741e-04  2.6721e-04 
1.8868e+01     0.0000e+00  0.0000e+00     0.0000e+00  0.0000e+00     0.0000e+00  0.0000e+00     0.0000e+00  0.0000e+00 
2.1170e+01     0.0000e+00  0.0000e+00     0.0000e+00  0.0000e+00     0.0000e+00  0.0000e+00     0.0000e+00  0.0000e+00 
2.3753e+01     0.0000e+00  0.0000e+00     0.0000e+00  0.0000e+00     0.0000e+00  0.0000e+00     0.0000e+00  0.0000e+00 
2.6651e+01     0.0000e+00  0.0000e+00     0.0000e+00  0.0000e+00     0.0000e+00  0.0000e+00     0.0000e+00  0.0000e+00 
2.9903e+01     0.0000e+00  0.0000e+00     0.0000e+00  0.0000e+00     0.0000e+00  0.0000e+00     0.0000e+00  0.0000e+00 
3.3552e+01     2.5946e-07  2.4631e-07     8.7055e-06  8.2642e-06     2.1849e-05  2.0741e-05     7.3307e-04  6.9592e-04 
3.7646e+01     2.3125e-07  1.5854e-07     8.7055e-06  5.9686e-06     2.1849e-05  1.4980e-05     8.2252e-04  5.6393e-04 
4.2240e+01     0.0000e+00  0.0000e+00     0.0000e+00  0.0000e+00     0.0000e+00  0.0000e+00     0.0000e+00  0.0000e+00 
4.7394e+01     1.8369e-07  9.5507e-08     8.7055e-06  4.5264e-06     2.1849e-05  1.1360e-05     1.0355e-03  5.3841e-04 
5.3176e+01     0.0000e+00  0.0000e+00     0.0000e+00  0.0000e+00     0.0000e+00  0.0000e+00     0.0000e+00  0.0000e+00 
5.9665e+01     2.9181e-07  1.6989e-07     1.7411e-05  1.0136e-05     4.3698e-05  2.5440e-05     2.6072e-03  1.5179e-03 
6.6945e+01     1.3004e-07  1.0145e-07     8.7055e-06  6.7918e-06     2.1849e-05  1.7046e-05     1.4627e-03  1.1411e-03 
7.5114e+01     1.1590e-07  4.4879e-08     8.7055e-06  3.3710e-06     2.1849e-05  8.4608e-06     1.6411e-03  6.3552e-04 
8.4279e+01     1.0329e-07  7.1673e-08     8.7055e-06  6.0405e-06     2.1849e-05  1.5160e-05     1.8414e-03  1.2777e-03 
9.4563e+01     0.0000e+00  0.0000e+00     0.0000e+00  0.0000e+00     0.0000e+00  0.0000e+00     0.0000e+00  0.0000e+00 
1.0610e+02     2.4615e-07  2.0934e-07     2.6117e-05  2.2211e-05     6.5547e-05  5.5746e-05     6.9546e-03  5.9147e-03 
1.1905e+02     0.0000e+00  0.0000e+00     0.0000e+00  0.0000e+00     0.0000e+00  0.0000e+00     0.0000e+00  0.0000e+00 
1.3357e+02     1.9552e-07  9.9435e-08     2.6117e-05  1.3282e-05     6.5547e-05  3.3335e-05     8.7553e-03  4.4527e-03 
1.4987e+02     0.0000e+00  0.0000e+00     0.0000e+00  0.0000e+00     0.0000e+00  0.0000e+00     0.0000e+00  0.0000e+00 
1.6816e+02     0.0000e+00  0.0000e+00     0.0000e+00  0.0000e+00     0.0000e+00  0.0000e+00     0.0000e+00  0.0000e+00 
1.8868e+02     0.0000e+00  0.0000e+00     0.0000e+00  0.0000e+00     0.0000e+00  0.0000e+00     0.0000e+00  0.0000e+00 
2.1170e+02     0.0000e+00  0.0000e+00     0.0000e+00  0.0000e+00     0.0000e+00  0.0000e+00     0.0000e+00  0.0000e+00 
2.3753e+02     7.3300e-08  3.2341e-08     1.7411e-05  7.6819e-06     4.3698e-05  1.9280e-05     1.0380e-02  4.5797e-03 
2.6651e+02     3.2665e-08  2.0771e-08     8.7055e-06  5.5358e-06     2.1849e-05  1.3894e-05     5.8230e-03  3.7028e-03 
2.9903e+02     0.0000e+00  0.0000e+00     0.0000e+00  0.0000e+00     0.0000e+00  0.0000e+00     0.0000e+00  0.0000e+00 
3.3552e+02     0.0000e+00  0.0000e+00     0.0000e+00  0.0000e+00     0.0000e+00  0.0000e+00     0.0000e+00  0.0000e+00 
3.7646e+02     0.0000e+00  0.0000e+00     0.0000e+00  0.0000e+00     0.0000e+00  0.0000e+00     0.0000e+00  0.0000e+00 
4.2240e+02     2.0610e-08  1.4816e-08     8.7055e-06  6.2580e-06     2.1849e-05  1.5706e-05     9.2289e-03  6.6342e-03 
4.7394e+02     1.8369e-08  1.8369e-09     8.7055e-06  8.7059e-07     2.1849e-05  2.1860e-06     1.0355e-02  1.0360e-03 
5.3176e+02     1.6371e-08  1.7631e-08     8.7055e-06  9.3758e-06     2.1849e-05  2.3531e-05     1.1618e-02  1.2513e-02 
5.9665e+02     0.0000e+00  0.0000e+00     0.0000e+00  0.0000e+00     0.0000e+00  0.0000e+00     0.0000e+00  0.0000e+00 
6.6945e+02     0.0000e+00  0.0000e+00     0.0000e+00  0.0000e+00     0.0000e+00  0.0000e+00     0.0000e+00  0.0000e+00 
7.5114e+02     0.0000e+00  0.0000e+00     0.0000e+00  0.0000e+00     0.0000e+00  0.0000e+00     0.0000e+00  0.0000e+00 
8.4279e+02     0.0000e+00  0.0000e+00     0.0000e+00  0.0000e+00     0.0000e+00  0.0000e+00     0.0000e+00  0.0000e+00 
9.4563e+02     0.0000e+00  0.0000e+00     0.0000e+00  0.0000e+00     0.0000e+00  0.0000e+00     0.0000e+00  0.0000e+00 
1.0610e+03     0.0000e+00  0.0000e+00     0.0000e+00  0.0000e+00     0.0000e+00  0.0000e+00     0.0000e+00  0.0000e+00 
1.1905e+03     0.0000e+00  0.0000e+00     0.0000e+00  0.0000e+00     0.0000e+00  0.0000e+00     0.0000e+00  0.0000e+00 
1.3357e+03     0.0000e+00  0.0000e+00     0.0000e+00  0.0000e+00     0.0000e+00  0.0000e+00     0.0000e+00  0.0000e+00 
1.4987e+03     0.0000e+00  0.0000e+00     0.0000e+00  0.0000e+00     0.0000e+00  0.0000e+00     0.0000e+00  0.0000e+00 
1.6816e+03     0.0000e+00  0.0000e+00     0.0000e+00  0.0000e+00     0.0000e+00  0.0000e+00     0.0000e+00  0.0000e+00 
1.8868e+03     0.0000e+00  0.0000e+00     0.0000e+00  0.0000e+00     0.0000e+00  0.0000e+00     0.0000e+00  0.0000e+00 
2.1170e+03     0.0000e+00  0.0000e+00     0.0000e+00  0.0000e+00     0.0000e+00  0.0000e+00     0.0000e+00  0.0000e+00 
2.3753e+03     0.0000e+00  0.0000e+00     0.0000e+00  0.0000e+00     0.0000e+00  0.0000e+00     0.0000e+00  0.0000e+00 
2.6651e+03     0.0000e+00  0.0000e+00     0.0000e+00  0.0000e+00     0.0000e+00  0.0000e+00     0.0000e+00  0.0000e+00 
2.9903e+03     0.0000e+00  0.0000e+00     0.0000e+00  0.0000e+00     0.0000e+00  0.0000e+00     0.0000e+00  0.0000e+00 
3.3552e+03     0.0000e+00  0.0000e+00     0.0000e+00  0.0000e+00     0.0000e+00  0.0000e+00     0.0000e+00  0.0000e+00 
3.7646e+03     0.0000e+00  0.0000e+00     0.0000e+00  0.0000e+00     0.0000e+00  0.0000e+00     0.0000e+00  0.0000e+00 
4.2240e+03     0.0000e+00  0.0000e+00     0.0000e+00  0.0000e+00     0.0000e+00  0.0000e+00     0.0000e+00  0.0000e+00 
4.7394e+03     0.0000e+00  0.0000e+00     0.0000e+00  0.0000e+00     0.0000e+00  0.0000e+00     0.0000e+00  0.0000e+00 
5.3176e+03     0.0000e+00  0.0000e+00     0.0000e+00  0.0000e+00     0.0000e+00  0.0000e+00     0.0000e+00  0.0000e+00 
5.9665e+03     0.0000e+00  0.0000e+00     0.0000e+00  0.0000e+00     0.0000e+00  0.0000e+00     0.0000e+00  0.0000e+00 
6.6945e+03     0.0000e+00  0.0000e+00     0.0000e+00  0.0000e+00     0.0000e+00  0.0000e+00     0.0000e+00  0.0000e+00 
7.5114e+03     0.0000e+00  0.0000e+00     0.0000e+00  0.0000e+00     0.0000e+00  0.0000e+00     0.0000e+00  0.0000e+00 
8.4279e+03     0.0000e+00  0.0000e+00     0.0000e+00  0.0000e+00     0.0000e+00  0.0000e+00     0.0000e+00  0.0000e+00 
9.4563e+03     0.0000e+00  0.0000e+00     0.0000e+00  0.0000e+00     0.0000e+00  0.0000e+00     0.0000e+00  0.0000e+00 
