yF = 3.7969e-01 (std: 1.3440e-03) keV/um
yD = 4.9251e+00 (std: 1.2751e+00) keV/um
y (keV/um)     f(y)(std)                  yf(y)(std)                 d(y)(std)                  yd(y)(std)  
1.0610e-03     0.0000e+00  0.0000e+00     0.0000e+00  0.0000e+00     0.0000e+00  0.0000e+00     0.0000e+00  0.0000e+00 
1.1905e-03     0.0000e+00  0.0000e+00     0.0000e+00  0.0000e+00     0.0000e+00  0.0000e+00     0.0000e+00  0.0000e+00 
1.3357e-03     0.0000e+00  0.0000e+00     0.0000e+00  0.0000e+00     0.0000e+00  0.0000e+00     0.0000e+00  0.0000e+00 
1.4987e-03     9.8747e-02  2.8344e-02     1.4799e-04  4.2480e-05     3.8977e-04  1.1189e-04     5.8415e-07  1.6769e-07 
1.6816e-03     8.8008e-02  2.2946e-02     1.4799e-04  3.8586e-05     3.8977e-04  1.0163e-04     6.5543e-07  1.7091e-07 
1.8868e-03     6.9210e-02  2.5183e-02     1.3058e-04  4.7514e-05     3.4391e-04  1.2514e-04     6.4889e-07  2.3612e-07 
2.1170e-03     6.5795e-02  1.5572e-02     1.3929e-04  3.2965e-05     3.6684e-04  8.6830e-05     7.7660e-07  1.8382e-07 
2.3753e-03     6.9635e-02  2.2079e-02     1.6540e-04  5.2445e-05     4.3562e-04  1.3813e-04     1.0347e-06  3.2810e-07 
2.6651e-03     5.8796e-02  2.2489e-02     1.5670e-04  5.9936e-05     4.1270e-04  1.5786e-04     1.0999e-06  4.2072e-07 
2.9903e-03     6.4047e-02  1.9046e-02     1.9152e-04  5.6953e-05     5.0441e-04  1.5001e-04     1.5083e-06  4.4857e-07 
3.3552e-03     6.2271e-02  1.9969e-02     2.0893e-04  6.6999e-05     5.5026e-04  1.7646e-04     1.8462e-06  5.9208e-07 
3.7646e-03     9.9436e-02  2.3317e-02     3.7434e-04  8.7778e-05     9.8589e-04  2.3121e-04     3.7115e-06  8.7040e-07 
4.2240e-03     6.1830e-02  4.6347e-02     2.6117e-04  1.9577e-04     6.8783e-04  5.1560e-04     2.9054e-06  2.1779e-06 
4.7394e-03     9.1843e-02  3.5369e-02     4.3528e-04  1.6763e-04     1.1464e-03  4.4150e-04     5.4331e-06  2.0924e-06 
5.3176e-03     7.8581e-02  1.3877e-02     4.1786e-04  7.3795e-05     1.1005e-03  1.9439e-04     5.8522e-06  1.0337e-06 
5.9665e-03     8.0249e-02  1.2184e-02     4.7880e-04  7.2693e-05     1.2610e-03  1.9150e-04     7.5239e-06  1.1426e-06 
6.6945e-03     9.7529e-02  1.5061e-02     6.5291e-04  1.0083e-04     1.7196e-03  2.6562e-04     1.1512e-05  1.7782e-06 
7.5114e-03     1.0547e-01  2.1347e-02     7.9220e-04  1.6035e-04     2.0864e-03  4.2237e-04     1.5672e-05  3.1726e-06 
8.4279e-03     9.8129e-02  5.6910e-02     8.2702e-04  4.7963e-04     2.1781e-03  1.2632e-03     1.8357e-05  1.0646e-05 
9.4563e-03     1.2612e-01  2.2529e-02     1.1927e-03  2.1304e-04     3.1411e-03  5.6120e-04     2.9703e-05  5.3068e-06 
1.0610e-02     1.2882e-01  2.1404e-02     1.3668e-03  2.2710e-04     3.5996e-03  5.9824e-04     3.8192e-05  6.3474e-06 
1.1905e-02     1.5357e-01  9.4612e-03     1.8282e-03  1.1263e-04     4.8148e-03  2.9713e-04     5.7319e-05  3.5372e-06 
1.3357e-02     1.5251e-01  2.0564e-02     2.0371e-03  2.7468e-04     5.3651e-03  7.2366e-04     7.1663e-05  9.6662e-06 
1.4987e-02     1.7426e-01  1.7426e-02     2.6117e-03  2.6116e-04     6.8783e-03  6.8826e-04     1.0309e-04  1.0315e-05 
1.6816e-02     2.0035e-01  1.2241e-02     3.3690e-03  2.0584e-04     8.8730e-03  5.4303e-04     1.4921e-04  9.1316e-06 
1.8868e-02     2.0532e-01  2.0852e-02     3.8739e-03  3.9342e-04     1.0203e-02  1.0368e-03     1.9250e-04  1.9562e-05 
2.1170e-02     2.5002e-01  1.8577e-02     5.2929e-03  3.9327e-04     1.3940e-02  1.0369e-03     2.9511e-04  2.1952e-05 
2.3753e-02     2.6718e-01  1.4732e-02     6.3463e-03  3.4993e-04     1.6714e-02  9.2351e-04     3.9701e-04  2.1936e-05 
2.6651e-02     2.9561e-01  9.4627e-03     7.8785e-03  2.5219e-04     2.0749e-02  6.6825e-04     5.5300e-04  1.7810e-05 
2.9903e-02     3.2140e-01  2.3265e-02     9.6109e-03  6.9571e-04     2.5312e-02  1.8345e-03     7.5692e-04  5.4857e-05 
3.3552e-02     3.5962e-01  1.0518e-02     1.2066e-02  3.5290e-04     3.1778e-02  9.3622e-04     1.0662e-03  3.1412e-05 
3.7646e-02     4.0769e-01  1.6104e-02     1.5348e-02  6.0624e-04     4.0421e-02  1.6031e-03     1.5217e-03  6.0349e-05 
4.2240e-02     4.4950e-01  1.9163e-02     1.8987e-02  8.0945e-04     5.0005e-02  2.1392e-03     2.1122e-03  9.0358e-05 
4.7394e-02     4.9944e-01  1.2579e-02     2.3670e-02  5.9618e-04     6.2340e-02  1.5856e-03     2.9545e-03  7.5147e-05 
5.3176e-02     5.3042e-01  1.3400e-02     2.8206e-02  7.1257e-04     7.4285e-02  1.8950e-03     3.9502e-03  1.0077e-04 
5.9665e-02     6.0595e-01  1.5879e-02     3.6154e-02  9.4740e-04     9.5218e-02  2.5178e-03     5.6812e-03  1.5023e-04 
6.6945e-02     6.5657e-01  8.1655e-03     4.3954e-02  5.4664e-04     1.1576e-01  1.4969e-03     7.7497e-03  1.0021e-04 
7.5114e-02     7.0408e-01  1.3841e-02     5.2886e-02  1.0397e-03     1.3929e-01  2.7822e-03     1.0462e-02  2.0898e-04 
8.4279e-02     7.8173e-01  1.7068e-02     6.5883e-02  1.4385e-03     1.7352e-01  3.8379e-03     1.4624e-02  3.2345e-04 
9.4563e-02     8.7762e-01  1.1820e-02     8.2990e-02  1.1178e-03     2.1857e-01  3.0438e-03     2.0668e-02  2.8783e-04 
1.0610e-01     9.7458e-01  1.1962e-02     1.0340e-01  1.2692e-03     2.7233e-01  3.4788e-03     2.8895e-02  3.6910e-04 
1.1905e-01     1.0586e+00  1.8070e-02     1.2602e-01  2.1512e-03     3.3190e-01  5.7861e-03     3.9512e-02  6.8882e-04 
1.3357e-01     1.2021e+00  1.3003e-02     1.6057e-01  1.7368e-03     4.2290e-01  4.8129e-03     5.6488e-02  6.4288e-04 
1.4987e-01     1.3428e+00  9.1539e-03     2.0125e-01  1.3719e-03     5.3002e-01  4.0712e-03     7.9435e-02  6.1016e-04 
1.6816e-01     1.5019e+00  8.6357e-03     2.5256e-01  1.4522e-03     6.6518e-01  4.4912e-03     1.1186e-01  7.5523e-04 
1.8868e-01     1.6770e+00  2.1074e-02     3.1641e-01  3.9762e-03     8.3333e-01  1.0880e-02     1.5723e-01  2.0527e-03 
2.1170e-01     1.9222e+00  1.1957e-02     4.0694e-01  2.5313e-03     1.0718e+00  7.6705e-03     2.2689e-01  1.6238e-03 
2.3753e-01     2.1654e+00  1.7059e-02     5.1435e-01  4.0521e-03     1.3546e+00  1.1700e-02     3.2177e-01  2.7790e-03 
2.6651e-01     2.5003e+00  1.8913e-02     6.6636e-01  5.0407e-03     1.7550e+00  1.4657e-02     4.6773e-01  3.9063e-03 
2.9903e-01     2.8106e+00  1.1184e-02     8.4046e-01  3.3443e-03     2.2135e+00  1.1788e-02     6.6191e-01  3.5251e-03 
3.3552e-01     2.9340e+00  2.2477e-02     9.8443e-01  7.5416e-03     2.5927e+00  2.1880e-02     8.6990e-01  7.3411e-03 
3.7646e-01     2.5394e+00  7.8656e-03     9.5599e-01  2.9611e-03     2.5178e+00  1.1842e-02     9.4784e-01  4.4582e-03 
4.2240e-01     1.8160e+00  1.5846e-02     7.6706e-01  6.6932e-03     2.0202e+00  1.9023e-02     8.5332e-01  8.0353e-03 
4.7394e-01     1.1522e+00  6.6281e-03     5.4606e-01  3.1413e-03     1.4382e+00  9.7139e-03     6.8159e-01  4.6037e-03 
5.3176e-01     7.0482e-01  4.5912e-03     3.7480e-01  2.4414e-03     9.8710e-01  7.3179e-03     5.2491e-01  3.8914e-03 
5.9665e-01     4.3753e-01  3.6133e-03     2.6105e-01  2.1559e-03     6.8753e-01  6.1775e-03     4.1021e-01  3.6858e-03 
6.6945e-01     2.7969e-01  4.6524e-03     1.8724e-01  3.1146e-03     4.9313e-01  8.3865e-03     3.3012e-01  5.6144e-03 
7.5114e-01     1.8746e-01  1.5840e-03     1.4081e-01  1.1898e-03     3.7085e-01  3.3974e-03     2.7856e-01  2.5519e-03 
8.4279e-01     1.2579e-01  2.2602e-03     1.0602e-01  1.9049e-03     2.7921e-01  5.1133e-03     2.3532e-01  4.3095e-03 
9.4563e-01     8.9124e-02  2.0997e-03     8.4278e-02  1.9855e-03     2.2196e-01  5.2879e-03     2.0989e-01  5.0004e-03 
1.0610e+00     6.1676e-02  1.8366e-03     6.5439e-02  1.9487e-03     1.7235e-01  5.1683e-03     1.8286e-01  5.4836e-03 
1.1905e+00     4.4973e-02  1.2332e-03     5.3539e-02  1.4680e-03     1.4100e-01  3.8984e-03     1.6786e-01  4.6410e-03 
1.3357e+00     3.1362e-02  8.7276e-04     4.1891e-02  1.1658e-03     1.1033e-01  3.0950e-03     1.4737e-01  4.1341e-03 
1.4987e+00     2.1289e-02  3.2507e-04     3.1906e-02  4.8718e-04     8.4030e-02  1.3171e-03     1.2594e-01  1.9740e-03 
1.6816e+00     1.5122e-02  1.0365e-03     2.5429e-02  1.7429e-03     6.6972e-02  4.5965e-03     1.1262e-01  7.7294e-03 
1.8868e+00     9.8278e-03  2.2551e-04     1.8543e-02  4.2548e-04     4.8836e-02  1.1338e-03     9.2142e-02  2.1393e-03 
2.1170e+00     6.3410e-03  1.7440e-04     1.3424e-02  3.6920e-04     3.5354e-02  9.8038e-04     7.4845e-02  2.0755e-03 
2.3753e+00     3.5074e-03  2.2607e-04     8.3312e-03  5.3699e-04     2.1942e-02  1.4164e-03     5.2118e-02  3.3644e-03 
2.6651e+00     1.9337e-03  1.0637e-04     5.1537e-03  2.8350e-04     1.3573e-02  7.4820e-04     3.6174e-02  1.9940e-03 
2.9903e+00     9.4323e-04  9.7900e-05     2.8206e-03  2.9275e-04     7.4285e-03  7.7147e-04     2.2214e-02  2.3069e-03 
3.3552e+00     3.1136e-04  4.4970e-05     1.0447e-03  1.5088e-04     2.7513e-03  3.9750e-04     9.2312e-03  1.3337e-03 
3.7646e+00     1.0869e-04  2.2768e-05     4.0916e-04  8.5714e-05     1.0776e-03  2.2578e-04     4.0567e-03  8.4996e-04 
4.2240e+00     4.3281e-05  1.0937e-05     1.8282e-04  4.6198e-05     4.8148e-04  1.2168e-04     2.0337e-03  5.1399e-04 
4.7394e+00     1.1021e-05  5.3286e-06     5.2233e-05  2.5254e-05     1.3757e-04  6.6513e-05     6.5197e-04  3.1523e-04 
5.3176e+00     1.6371e-06  2.4135e-06     8.7055e-06  1.2834e-05     2.2928e-05  3.3801e-05     1.2192e-04  1.7974e-04 
5.9665e+00     0.0000e+00  0.0000e+00     0.0000e+00  0.0000e+00     0.0000e+00  0.0000e+00     0.0000e+00  0.0000e+00 
6.6945e+00     0.0000e+00  0.0000e+00     0.0000e+00  0.0000e+00     0.0000e+00  0.0000e+00     0.0000e+00  0.0000e+00 
7.5114e+00     1.1590e-06  5.5592e-07     8.7055e-06  4.1757e-06     2.2928e-05  1.0998e-05     1.7222e-04  8.2609e-05 
8.4279e+00     0.0000e+00  0.0000e+00     0.0000e+00  0.0000e+00     0.0000e+00  0.0000e+00     0.0000e+00  0.0000e+00 
9.4563e+00     0.0000e+00  0.0000e+00     0.0000e+00  0.0000e+00     0.0000e+00  0.0000e+00     0.0000e+00  0.0000e+00 
1.0610e+01     0.0000e+00  0.0000e+00     0.0000e+00  0.0000e+00     0.0000e+00  0.0000e+00     0.0000e+00  0.0000e+00 
1.1905e+01     7.3126e-07  4.4645e-07     8.7055e-06  5.3149e-06     2.2928e-05  1.3998e-05     2.7295e-04  1.6664e-04 
1.3357e+01     0.0000e+00  0.0000e+00     0.0000e+00  0.0000e+00     0.0000e+00  0.0000e+00     0.0000e+00  0.0000e+00 
1.4987e+01     0.0000e+00  0.0000e+00     0.0000e+00  0.0000e+00     0.0000e+00  0.0000e+00     0.0000e+00  0.0000e+00 
1.6816e+01     0.0000e+00  0.0000e+00     0.0000e+00  0.0000e+00     0.0000e+00  0.0000e+00     0.0000e+00  0.0000e+00 
1.8868e+01     0.0000e+00  0.0000e+00     0.0000e+00  0.0000e+00     0.0000e+00  0.0000e+00     0.0000e+00  0.0000e+00 
2.1170e+01     0.0000e+00  0.0000e+00     0.0000e+00  0.0000e+00     0.0000e+00  0.0000e+00     0.0000e+00  0.0000e+00 
2.3753e+01     0.0000e+00  0.0000e+00     0.0000e+00  0.0000e+00     0.0000e+00  0.0000e+00     0.0000e+00  0.0000e+00 
2.6651e+01     0.0000e+00  0.0000e+00     0.0000e+00  0.0000e+00     0.0000e+00  0.0000e+00     0.0000e+00  0.0000e+00 
2.9903e+01     0.0000e+00  0.0000e+00     0.0000e+00  0.0000e+00     0.0000e+00  0.0000e+00     0.0000e+00  0.0000e+00 
3.3552e+01     0.0000e+00  0.0000e+00     0.0000e+00  0.0000e+00     0.0000e+00  0.0000e+00     0.0000e+00  0.0000e+00 
3.7646e+01     2.3125e-07  1.3104e-07     8.7055e-06  4.9332e-06     2.2928e-05  1.2993e-05     8.6313e-04  4.8913e-04 
4.2240e+01     0.0000e+00  0.0000e+00     0.0000e+00  0.0000e+00     0.0000e+00  0.0000e+00     0.0000e+00  0.0000e+00 
4.7394e+01     0.0000e+00  0.0000e+00     0.0000e+00  0.0000e+00     0.0000e+00  0.0000e+00     0.0000e+00  0.0000e+00 
5.3176e+01     0.0000e+00  0.0000e+00     0.0000e+00  0.0000e+00     0.0000e+00  0.0000e+00     0.0000e+00  0.0000e+00 
5.9665e+01     0.0000e+00  0.0000e+00     0.0000e+00  0.0000e+00     0.0000e+00  0.0000e+00     0.0000e+00  0.0000e+00 
6.6945e+01     1.3004e-07  6.0999e-08     8.7055e-06  4.0836e-06     2.2928e-05  1.0755e-05     1.5349e-03  7.2001e-04 
7.5114e+01     4.6359e-07  1.8723e-07     3.4822e-05  1.4064e-05     9.1710e-05  3.7041e-05     6.8887e-03  2.7823e-03 
8.4279e+01     1.0329e-07  6.6546e-08     8.7055e-06  5.6085e-06     2.2928e-05  1.4771e-05     1.9323e-03  1.2449e-03 
9.4563e+01     0.0000e+00  0.0000e+00     0.0000e+00  0.0000e+00     0.0000e+00  0.0000e+00     0.0000e+00  0.0000e+00 
1.0610e+02     8.2049e-08  7.5285e-08     8.7055e-06  7.9878e-06     2.2928e-05  2.1038e-05     2.4326e-03  2.2321e-03 
1.1905e+02     7.3126e-08  6.7098e-08     8.7055e-06  7.9878e-06     2.2928e-05  2.1038e-05     2.7295e-03  2.5045e-03 
1.3357e+02     6.5174e-08  4.6851e-08     8.7055e-06  6.2580e-06     2.2928e-05  1.6482e-05     3.0625e-03  2.2015e-03 
1.4987e+02     5.8086e-08  2.9054e-08     8.7055e-06  4.3544e-06     2.2928e-05  1.1468e-05     3.4362e-03  1.7188e-03 
1.6816e+02     5.1770e-08  9.6243e-08     8.7055e-06  1.6184e-05     2.2928e-05  4.2624e-05     3.8555e-03  7.1676e-03 
1.8868e+02     4.6140e-08  3.3557e-08     8.7055e-06  6.3314e-06     2.2928e-05  1.6675e-05     4.3259e-03  3.1462e-03 
2.1170e+02     0.0000e+00  0.0000e+00     0.0000e+00  0.0000e+00     0.0000e+00  0.0000e+00     0.0000e+00  0.0000e+00 
2.3753e+02     0.0000e+00  0.0000e+00     0.0000e+00  0.0000e+00     0.0000e+00  0.0000e+00     0.0000e+00  0.0000e+00 
2.6651e+02     0.0000e+00  0.0000e+00     0.0000e+00  0.0000e+00     0.0000e+00  0.0000e+00     0.0000e+00  0.0000e+00 
2.9903e+02     0.0000e+00  0.0000e+00     0.0000e+00  0.0000e+00     0.0000e+00  0.0000e+00     0.0000e+00  0.0000e+00 
3.3552e+02     0.0000e+00  0.0000e+00     0.0000e+00  0.0000e+00     0.0000e+00  0.0000e+00     0.0000e+00  0.0000e+00 
3.7646e+02     4.6249e-08  2.6501e-08     1.7411e-05  9.9766e-06     4.5855e-05  2.6276e-05     1.7263e-02  9.8918e-03 
4.2240e+02     2.0610e-08  8.7430e-09     8.7055e-06  3.6930e-06     2.2928e-05  9.7265e-06     9.6845e-03  4.1084e-03 
4.7394e+02     1.8369e-08  1.7759e-08     8.7055e-06  8.4165e-06     2.2928e-05  2.2167e-05     1.0866e-02  1.0506e-02 
5.3176e+02     0.0000e+00  0.0000e+00     0.0000e+00  0.0000e+00     0.0000e+00  0.0000e+00     0.0000e+00  0.0000e+00 
5.9665e+02     1.4591e-08  1.3612e-08     8.7055e-06  8.1217e-06     2.2928e-05  2.1390e-05     1.3680e-02  1.2762e-02 
6.6945e+02     1.3004e-08  5.8153e-09     8.7055e-06  3.8931e-06     2.2928e-05  1.0253e-05     1.5349e-02  6.8642e-03 
7.5114e+02     0.0000e+00  0.0000e+00     0.0000e+00  0.0000e+00     0.0000e+00  0.0000e+00     0.0000e+00  0.0000e+00 
8.4279e+02     0.0000e+00  0.0000e+00     0.0000e+00  0.0000e+00     0.0000e+00  0.0000e+00     0.0000e+00  0.0000e+00 
9.4563e+02     0.0000e+00  0.0000e+00     0.0000e+00  0.0000e+00     0.0000e+00  0.0000e+00     0.0000e+00  0.0000e+00 
1.0610e+03     0.0000e+00  0.0000e+00     0.0000e+00  0.0000e+00     0.0000e+00  0.0000e+00     0.0000e+00  0.0000e+00 
1.1905e+03     0.0000e+00  0.0000e+00     0.0000e+00  0.0000e+00     0.0000e+00  0.0000e+00     0.0000e+00  0.0000e+00 
1.3357e+03     0.0000e+00  0.0000e+00     0.0000e+00  0.0000e+00     0.0000e+00  0.0000e+00     0.0000e+00  0.0000e+00 
1.4987e+03     0.0000e+00  0.0000e+00     0.0000e+00  0.0000e+00     0.0000e+00  0.0000e+00     0.0000e+00  0.0000e+00 
1.6816e+03     0.0000e+00  0.0000e+00     0.0000e+00  0.0000e+00     0.0000e+00  0.0000e+00     0.0000e+00  0.0000e+00 
1.8868e+03     0.0000e+00  0.0000e+00     0.0000e+00  0.0000e+00     0.0000e+00  0.0000e+00     0.0000e+00  0.0000e+00 
2.1170e+03     0.0000e+00  0.0000e+00     0.0000e+00  0.0000e+00     0.0000e+00  0.0000e+00     0.0000e+00  0.0000e+00 
2.3753e+03     0.0000e+00  0.0000e+00     0.0000e+00  0.0000e+00     0.0000e+00  0.0000e+00     0.0000e+00  0.0000e+00 
2.6651e+03     0.0000e+00  0.0000e+00     0.0000e+00  0.0000e+00     0.0000e+00  0.0000e+00     0.0000e+00  0.0000e+00 
2.9903e+03     0.0000e+00  0.0000e+00     0.0000e+00  0.0000e+00     0.0000e+00  0.0000e+00     0.0000e+00  0.0000e+00 
3.3552e+03     0.0000e+00  0.0000e+00     0.0000e+00  0.0000e+00     0.0000e+00  0.0000e+00     0.0000e+00  0.0000e+00 
3.7646e+03     0.0000e+00  0.0000e+00     0.0000e+00  0.0000e+00     0.0000e+00  0.0000e+00     0.0000e+00  0.0000e+00 
4.2240e+03     0.0000e+00  0.0000e+00     0.0000e+00  0.0000e+00     0.0000e+00  0.0000e+00     0.0000e+00  0.0000e+00 
4.7394e+03     0.0000e+00  0.0000e+00     0.0000e+00  0.0000e+00     0.0000e+00  0.0000e+00     0.0000e+00  0.0000e+00 
5.3176e+03     0.0000e+00  0.0000e+00     0.0000e+00  0.0000e+00     0.0000e+00  0.0000e+00     0.0000e+00  0.0000e+00 
5.9665e+03     0.0000e+00  0.0000e+00     0.0000e+00  0.0000e+00     0.0000e+00  0.0000e+00     0.0000e+00  0.0000e+00 
6.6945e+03     0.0000e+00  0.0000e+00     0.0000e+00  0.0000e+00     0.0000e+00  0.0000e+00     0.0000e+00  0.0000e+00 
7.5114e+03     0.0000e+00  0.0000e+00     0.0000e+00  0.0000e+00     0.0000e+00  0.0000e+00     0.0000e+00  0.0000e+00 
8.4279e+03     0.0000e+00  0.0000e+00     0.0000e+00  0.0000e+00     0.0000e+00  0.0000e+00     0.0000e+00  0.0000e+00 
9.4563e+03     0.0000e+00  0.0000e+00     0.0000e+00  0.0000e+00     0.0000e+00  0.0000e+00     0.0000e+00  0.0000e+00 
