yF = 1.8879e+00 (std: 4.5180e-03) keV/um
yD = 3.3870e+00 (std: 3.8455e-01) keV/um
y (keV/um)     f(y)(std)                  yf(y)(std)                 d(y)(std)                  yd(y)(std)  
1.0610e-03     0.0000e+00  0.0000e+00     0.0000e+00  0.0000e+00     0.0000e+00  0.0000e+00     0.0000e+00  0.0000e+00 
1.1905e-03     0.0000e+00  0.0000e+00     0.0000e+00  0.0000e+00     0.0000e+00  0.0000e+00     0.0000e+00  0.0000e+00 
1.3357e-03     0.0000e+00  0.0000e+00     0.0000e+00  0.0000e+00     0.0000e+00  0.0000e+00     0.0000e+00  0.0000e+00 
1.4987e-03     1.1651e-02  7.2009e-03     1.7462e-05  1.0792e-05     9.2495e-06  5.7165e-06     1.3862e-08  8.5674e-09 
1.6816e-03     5.1921e-03  1.7698e-02     8.7310e-06  2.9761e-05     4.6247e-06  1.5764e-05     7.7769e-09  2.6509e-08 
1.8868e-03     4.6275e-03  3.8399e-03     8.7310e-06  7.2450e-06     4.6247e-06  3.8377e-06     8.7258e-09  7.2408e-09 
2.1170e-03     8.2485e-03  8.0101e-03     1.7462e-05  1.6957e-05     9.2495e-06  8.9822e-06     1.9581e-08  1.9015e-08 
2.3753e-03     3.6757e-03  2.0495e-03     8.7310e-06  4.8683e-06     4.6247e-06  2.5787e-06     1.0985e-08  6.1253e-09 
2.6651e-03     6.5520e-03  5.3493e-03     1.7462e-05  1.4257e-05     9.2495e-06  7.5517e-06     2.4651e-08  2.0126e-08 
2.9903e-03     0.0000e+00  0.0000e+00     0.0000e+00  0.0000e+00     0.0000e+00  0.0000e+00     0.0000e+00  0.0000e+00 
3.3552e-03     2.6022e-03  1.8056e-03     8.7310e-06  6.0581e-06     4.6247e-06  3.2090e-06     1.5517e-08  1.0767e-08 
3.7646e-03     4.6385e-03  2.5733e-03     1.7462e-05  9.6876e-06     9.2495e-06  5.1315e-06     3.4821e-08  1.9318e-08 
4.2240e-03     4.1340e-03  2.2720e-03     1.7462e-05  9.5969e-06     9.2495e-06  5.0835e-06     3.9069e-08  2.1472e-08 
4.7394e-03     1.8422e-03  5.5259e-04     8.7310e-06  2.6189e-06     4.6247e-06  1.3873e-06     2.1918e-08  6.5747e-09 
5.3176e-03     3.2838e-03  8.1355e-03     1.7462e-05  4.3262e-05     9.2495e-06  2.2915e-05     4.9186e-08  1.2186e-07 
5.9665e-03     5.8533e-03  3.1666e-03     3.4924e-05  1.8893e-05     1.8499e-05  1.0008e-05     1.1037e-07  5.9712e-08 
6.6945e-03     5.2168e-03  2.2413e-03     3.4924e-05  1.5004e-05     1.8499e-05  7.9478e-06     1.2384e-07  5.3207e-08 
7.5114e-03     4.6495e-03  2.3634e-03     3.4924e-05  1.7752e-05     1.8499e-05  9.4033e-06     1.3895e-07  7.0632e-08 
8.4279e-03     4.1438e-03  2.4862e-03     3.4924e-05  2.0953e-05     1.8499e-05  1.1099e-05     1.5591e-07  9.3540e-08 
9.4563e-03     4.6165e-03  1.1363e-02     4.3655e-05  1.0746e-04     2.3124e-05  5.6919e-05     2.1866e-07  5.3824e-07 
1.0610e-02     8.2289e-03  7.4066e-03     8.7310e-05  7.8585e-05     4.6247e-05  4.1626e-05     4.9069e-07  4.4165e-07 
1.1905e-02     5.1338e-03  1.4537e-03     6.1117e-05  1.7305e-05     3.2373e-05  9.1669e-06     3.8539e-07  1.0913e-07 
1.3357e-02     5.2292e-03  5.0546e-03     6.9848e-05  6.7515e-05     3.6998e-05  3.5763e-05     4.9419e-07  4.7769e-07 
1.4987e-02     8.1559e-03  3.4855e-03     1.2223e-04  5.2238e-05     6.4746e-05  2.7671e-05     9.7037e-07  4.1470e-07 
1.6816e-02     8.3074e-03  2.7563e-03     1.3970e-04  4.6349e-05     7.3996e-05  2.4551e-05     1.2443e-06  4.1285e-07 
1.8868e-02     3.7020e-03  1.5100e-03     6.9848e-05  2.8491e-05     3.6998e-05  1.5092e-05     6.9807e-07  2.8475e-07 
2.1170e-02     9.0733e-03  3.2558e-03     1.9208e-04  6.8926e-05     1.0174e-04  3.6510e-05     2.1539e-06  7.7292e-07 
2.3753e-02     8.4542e-03  4.0247e-03     2.0081e-04  9.5599e-05     1.0637e-04  5.0639e-05     2.5266e-06  1.2028e-06 
2.6651e-02     5.5692e-03  2.5577e-03     1.4843e-04  6.8167e-05     7.8621e-05  3.6108e-05     2.0953e-06  9.6233e-07 
2.9903e-02     7.2993e-03  2.1594e-03     2.1827e-04  6.4572e-05     1.1562e-04  3.4205e-05     3.4574e-06  1.0228e-06 
3.3552e-02     9.1078e-03  2.4864e-03     3.0558e-04  8.3422e-05     1.6187e-04  4.4190e-05     5.4309e-06  1.4827e-06 
3.7646e-02     6.9577e-03  1.1645e-03     2.6193e-04  4.3837e-05     1.3874e-04  2.3223e-05     5.2231e-06  8.7425e-07 
4.2240e-02     1.0748e-02  1.8847e-03     4.5401e-04  7.9607e-05     2.4049e-04  4.2171e-05     1.0158e-05  1.7813e-06 
4.7394e-02     1.2711e-02  1.3415e-03     6.0244e-04  6.3577e-05     3.1911e-04  3.3685e-05     1.5124e-05  1.5965e-06 
5.3176e-02     1.1822e-02  1.9502e-03     6.2863e-04  1.0370e-04     3.3298e-04  5.4937e-05     1.7707e-05  2.9213e-06 
5.9665e-02     1.3609e-02  3.9950e-03     8.1198e-04  2.3836e-04     4.3010e-04  1.2626e-04     2.5662e-05  7.5334e-06 
6.6945e-02     1.7868e-02  2.1721e-03     1.1961e-03  1.4541e-04     6.3359e-04  7.7037e-05     4.2416e-05  5.1573e-06 
7.5114e-02     1.8714e-02  1.3208e-03     1.4057e-03  9.9209e-05     7.4458e-04  5.2581e-05     5.5928e-05  3.9495e-06 
8.4279e-02     2.0823e-02  3.4281e-03     1.7549e-03  2.8891e-04     9.2957e-04  1.5305e-04     7.8344e-05  1.2899e-05 
9.4563e-02     2.2898e-02  1.4537e-03     2.1653e-03  1.3747e-04     1.1469e-03  7.2867e-05     1.0846e-04  6.8905e-06 
1.0610e-01     2.5345e-02  2.8747e-03     2.6891e-03  3.0501e-04     1.4244e-03  1.6160e-04     1.5113e-04  1.7146e-05 
1.1905e-01     2.9483e-02  1.4518e-03     3.5099e-03  1.7284e-04     1.8591e-03  9.1658e-05     2.2133e-04  1.0912e-05 
1.3357e-01     3.2486e-02  3.8700e-03     4.3393e-03  5.1692e-04     2.2985e-03  2.7387e-04     3.0702e-04  3.6581e-05 
1.4987e-01     3.8391e-02  2.6213e-03     5.7537e-03  3.9285e-04     3.0477e-03  2.0822e-04     4.5676e-04  3.1206e-05 
1.6816e-01     4.6625e-02  2.7191e-03     7.8404e-03  4.5725e-04     4.1530e-03  2.4240e-04     6.9837e-04  4.0762e-05 
1.8868e-01     5.3540e-02  3.8282e-03     1.0102e-02  7.2229e-04     5.3508e-03  3.8281e-04     1.0096e-03  7.2227e-05 
2.1170e-01     5.9637e-02  1.6229e-03     1.2625e-02  3.4357e-04     6.6874e-03  1.8269e-04     1.4157e-03  3.8675e-05 
2.3753e-01     7.1419e-02  1.5143e-03     1.6964e-02  3.5970e-04     8.9859e-03  1.9174e-04     2.1344e-03  4.5544e-05 
2.6651e-01     7.8460e-02  1.2412e-03     2.0911e-02  3.3079e-04     1.1076e-02  1.7721e-04     2.9520e-03  4.7229e-05 
2.9903e-01     9.4366e-02  5.6637e-03     2.8219e-02  1.6936e-03     1.4947e-02  8.9781e-04     4.4697e-03  2.6848e-04 
3.3552e-01     1.0188e-01  3.1662e-03     3.4182e-02  1.0623e-03     1.8106e-02  5.6437e-04     6.0749e-03  1.8936e-04 
3.7646e-01     1.1457e-01  2.8926e-03     4.3131e-02  1.0889e-03     2.2846e-02  5.7939e-04     8.6007e-03  2.1812e-04 
4.2240e-01     1.2813e-01  2.4168e-03     5.4123e-02  1.0209e-03     2.8669e-02  5.4508e-04     1.2110e-02  2.3024e-04 
4.7394e-01     1.4082e-01  2.7948e-03     6.6740e-02  1.3245e-03     3.5352e-02  7.0668e-04     1.6754e-02  3.3492e-04 
5.3176e-01     1.5657e-01  2.9448e-03     8.3259e-02  1.5659e-03     4.4102e-02  8.3616e-04     2.3452e-02  4.4464e-04 
5.9665e-01     1.7283e-01  1.8612e-03     1.0312e-01  1.1105e-03     5.4623e-02  6.0256e-04     3.2591e-02  3.5952e-04 
6.6945e-01     1.9185e-01  2.0830e-03     1.2843e-01  1.3944e-03     6.8030e-02  7.5635e-04     4.5543e-02  5.0634e-04 
7.5114e-01     2.1399e-01  2.5854e-03     1.6074e-01  1.9420e-03     8.5142e-02  1.0486e-03     6.3953e-02  7.8767e-04 
8.4279e-01     2.4052e-01  5.7764e-03     2.0271e-01  4.8683e-03     1.0737e-01  2.5915e-03     9.0493e-02  2.1841e-03 
9.4563e-01     2.7140e-01  3.3072e-03     2.5665e-01  3.1274e-03     1.3594e-01  1.6882e-03     1.2855e-01  1.5964e-03 
1.0610e+00     3.0459e-01  2.9324e-03     3.2318e-01  3.1113e-03     1.7119e-01  1.6982e-03     1.8163e-01  1.8018e-03 
1.1905e+00     3.4817e-01  3.2904e-03     4.1449e-01  3.9171e-03     2.1955e-01  2.1403e-03     2.6137e-01  2.5480e-03 
1.3357e+00     3.9463e-01  3.7081e-03     5.2712e-01  4.9530e-03     2.7921e-01  2.7073e-03     3.7295e-01  3.6163e-03 
1.4987e+00     4.5765e-01  2.3581e-03     6.8589e-01  3.5341e-03     3.6331e-01  2.0641e-03     5.4450e-01  3.0934e-03 
1.6816e+00     5.2807e-01  2.6062e-03     8.8799e-01  4.3825e-03     4.7036e-01  2.5799e-03     7.9096e-01  4.3384e-03 
1.8868e+00     5.7275e-01  4.4863e-03     1.0806e+00  8.4645e-03     5.7241e-01  4.6882e-03     1.0800e+00  8.8456e-03 
2.1170e+00     5.0181e-01  1.9641e-03     1.0623e+00  4.1581e-03     5.6271e-01  2.5816e-03     1.1912e+00  5.4651e-03 
2.3753e+00     3.5258e-01  1.6085e-03     8.3748e-01  3.8207e-03     4.4361e-01  2.2854e-03     1.0537e+00  5.4284e-03 
2.6651e+00     2.2461e-01  6.4613e-04     5.9861e-01  1.7220e-03     3.1708e-01  1.1865e-03     8.4507e-01  3.1623e-03 
2.9903e+00     1.3562e-01  9.9560e-04     4.0555e-01  2.9772e-03     2.1482e-01  1.6587e-03     6.4238e-01  4.9600e-03 
3.3552e+00     7.9716e-02  1.6499e-03     2.6746e-01  5.5359e-03     1.4167e-01  2.9519e-03     4.7535e-01  9.9041e-03 
3.7646e+00     4.4819e-02  2.8286e-04     1.6873e-01  1.0649e-03     8.9373e-02  6.0324e-04     3.3645e-01  2.2710e-03 
4.2240e+00     2.3045e-02  4.1226e-04     9.7342e-02  1.7414e-03     5.1561e-02  9.3062e-04     2.1779e-01  3.9309e-03 
4.7394e+00     1.0154e-02  2.1603e-04     4.8125e-02  1.0238e-03     2.5492e-02  5.4574e-04     1.2081e-01  2.5865e-03 
5.3176e+00     4.0785e-03  9.7305e-05     2.1688e-02  5.1743e-04     1.1488e-02  2.7546e-04     6.1088e-02  1.4648e-03 
5.9665e+00     1.3111e-03  5.6060e-05     7.8230e-03  3.3448e-04     4.1438e-03  1.7745e-04     2.4724e-02  1.0588e-03 
6.6945e+00     3.5996e-04  3.6199e-05     2.4098e-03  2.4234e-04     1.2764e-03  1.2840e-04     8.5451e-03  8.5958e-04 
7.5114e+00     7.4392e-05  1.0368e-05     5.5878e-04  7.7882e-05     2.9598e-04  4.1259e-05     2.2232e-03  3.0991e-04 
8.4279e+00     1.2432e-05  4.7846e-06     1.0477e-04  4.0324e-05     5.5497e-05  2.1360e-05     4.6772e-04  1.8002e-04 
9.4563e+00     4.6165e-06  2.0068e-06     4.3655e-05  1.8976e-05     2.3124e-05  1.0052e-05     2.1866e-04  9.5053e-05 
1.0610e+01     3.2916e-06  2.4173e-06     3.4924e-05  2.5648e-05     1.8499e-05  1.3586e-05     1.9628e-04  1.4415e-04 
1.1905e+01     7.3341e-07  5.4594e-07     8.7310e-06  6.4993e-06     4.6247e-06  3.4427e-06     5.5056e-05  4.0984e-05 
1.3357e+01     0.0000e+00  0.0000e+00     0.0000e+00  0.0000e+00     0.0000e+00  0.0000e+00     0.0000e+00  0.0000e+00 
1.4987e+01     5.8256e-07  4.3366e-07     8.7310e-06  6.4993e-06     4.6247e-06  3.4427e-06     6.9312e-05  5.1596e-05 
1.6816e+01     1.0384e-06  5.3710e-07     1.7462e-05  9.0318e-06     9.2495e-06  4.7841e-06     1.5554e-04  8.0449e-05 
1.8868e+01     1.8510e-06  2.7649e-06     3.4924e-05  5.2168e-05     1.8499e-05  2.7633e-05     3.4903e-04  5.2137e-04 
2.1170e+01     1.2373e-06  4.3356e-07     2.6193e-05  9.1785e-06     1.3874e-05  4.8619e-06     2.9372e-04  1.0293e-04 
2.3753e+01     7.3515e-07  3.2760e-07     1.7462e-05  7.7815e-06     9.2495e-06  4.1219e-06     2.1970e-04  9.7907e-05 
2.6651e+01     3.2760e-07  2.0556e-07     8.7310e-06  5.4785e-06     4.6247e-06  2.9020e-06     1.2326e-04  7.7341e-05 
2.9903e+01     1.1679e-06  3.3266e-06     3.4924e-05  9.9476e-05     1.8499e-05  5.2692e-05     5.5318e-04  1.5757e-03 
3.3552e+01     2.6022e-07  1.6108e-07     8.7310e-06  5.4047e-06     4.6247e-06  2.8629e-06     1.5517e-04  9.6055e-05 
3.7646e+01     2.3192e-07  1.3556e-07     8.7310e-06  5.1031e-06     4.6247e-06  2.7031e-06     1.7410e-04  1.0176e-04 
4.2240e+01     2.0670e-07  1.6934e-07     8.7310e-06  7.1530e-06     4.6247e-06  3.7889e-06     1.9535e-04  1.6004e-04 
4.7394e+01     7.3689e-07  4.5128e-07     3.4924e-05  2.1388e-05     1.8499e-05  1.1329e-05     8.7673e-04  5.3692e-04 
5.3176e+01     3.2838e-07  2.7013e-07     1.7462e-05  1.4365e-05     9.2495e-06  7.6089e-06     4.9186e-04  4.0461e-04 
5.9665e+01     5.8533e-07  2.2436e-07     3.4924e-05  1.3386e-05     1.8499e-05  7.0908e-06     1.1037e-03  4.2307e-04 
6.6945e+01     3.9126e-07  2.5333e-07     2.6193e-05  1.6959e-05     1.3874e-05  8.9833e-06     9.2881e-04  6.0139e-04 
7.5114e+01     3.4871e-07  5.6749e-07     2.6193e-05  4.2626e-05     1.3874e-05  2.2579e-05     1.0421e-03  1.6960e-03 
8.4279e+01     2.0719e-07  1.1360e-07     1.7462e-05  9.5738e-06     9.2495e-06  5.0712e-06     7.7954e-04  4.2740e-04 
9.4563e+01     9.2330e-08  1.0204e-07     8.7310e-06  9.6488e-06     4.6247e-06  5.1109e-06     4.3733e-04  4.8330e-04 
1.0610e+02     1.6458e-07  5.7647e-08     1.7462e-05  6.1164e-06     9.2495e-06  3.2399e-06     9.8138e-04  3.4376e-04 
1.1905e+02     1.4668e-07  1.2970e-07     1.7462e-05  1.5441e-05     9.2495e-06  8.1788e-06     1.1011e-03  9.7366e-04 
1.3357e+02     1.9609e-07  1.4614e-07     2.6193e-05  1.9521e-05     1.3874e-05  1.0340e-05     1.8532e-03  1.3811e-03 
1.4987e+02     1.7477e-07  9.4405e-08     2.6193e-05  1.4149e-05     1.3874e-05  7.4945e-06     2.0794e-03  1.1232e-03 
1.6816e+02     2.0768e-07  2.3809e-07     3.4924e-05  4.0037e-05     1.8499e-05  2.1207e-05     3.1108e-03  3.5662e-03 
1.8868e+02     0.0000e+00  0.0000e+00     0.0000e+00  0.0000e+00     0.0000e+00  0.0000e+00     0.0000e+00  0.0000e+00 
2.1170e+02     1.6497e-07  1.2609e-07     3.4924e-05  2.6693e-05     1.8499e-05  1.4139e-05     3.9162e-03  2.9933e-03 
2.3753e+02     7.3515e-08  1.4043e-07     1.7462e-05  3.3357e-05     9.2495e-06  1.7669e-05     2.1970e-03  4.1969e-03 
2.6651e+02     3.2760e-08  1.0863e-08     8.7310e-06  2.8952e-06     4.6247e-06  1.5336e-06     1.2326e-03  4.0873e-04 
2.9903e+02     5.8395e-08  2.7395e-08     1.7462e-05  8.1919e-06     9.2495e-06  4.3393e-06     2.7659e-03  1.2976e-03 
3.3552e+02     7.8067e-08  5.2140e-08     2.6193e-05  1.7494e-05     1.3874e-05  9.2666e-06     4.6551e-03  3.1091e-03 
3.7646e+02     4.6385e-08  2.7010e-08     1.7462e-05  1.0168e-05     9.2495e-06  5.3861e-06     3.4821e-03  2.0276e-03 
4.2240e+02     4.1340e-08  6.7704e-08     1.7462e-05  2.8598e-05     9.2495e-06  1.5148e-05     3.9069e-03  6.3985e-03 
4.7394e+02     1.8422e-08  7.5945e-09     8.7310e-06  3.5993e-06     4.6247e-06  1.9066e-06     2.1918e-03  9.0358e-04 
5.3176e+02     0.0000e+00  0.0000e+00     0.0000e+00  0.0000e+00     0.0000e+00  0.0000e+00     0.0000e+00  0.0000e+00 
5.9665e+02     0.0000e+00  0.0000e+00     0.0000e+00  0.0000e+00     0.0000e+00  0.0000e+00     0.0000e+00  0.0000e+00 
6.6945e+02     0.0000e+00  0.0000e+00     0.0000e+00  0.0000e+00     0.0000e+00  0.0000e+00     0.0000e+00  0.0000e+00 
7.5114e+02     0.0000e+00  0.0000e+00     0.0000e+00  0.0000e+00     0.0000e+00  0.0000e+00     0.0000e+00  0.0000e+00 
8.4279e+02     0.0000e+00  0.0000e+00     0.0000e+00  0.0000e+00     0.0000e+00  0.0000e+00     0.0000e+00  0.0000e+00 
9.4563e+02     0.0000e+00  0.0000e+00     0.0000e+00  0.0000e+00     0.0000e+00  0.0000e+00     0.0000e+00  0.0000e+00 
1.0610e+03     0.0000e+00  0.0000e+00     0.0000e+00  0.0000e+00     0.0000e+00  0.0000e+00     0.0000e+00  0.0000e+00 
1.1905e+03     0.0000e+00  0.0000e+00     0.0000e+00  0.0000e+00     0.0000e+00  0.0000e+00     0.0000e+00  0.0000e+00 
1.3357e+03     0.0000e+00  0.0000e+00     0.0000e+00  0.0000e+00     0.0000e+00  0.0000e+00     0.0000e+00  0.0000e+00 
1.4987e+03     0.0000e+00  0.0000e+00     0.0000e+00  0.0000e+00     0.0000e+00  0.0000e+00     0.0000e+00  0.0000e+00 
1.6816e+03     0.0000e+00  0.0000e+00     0.0000e+00  0.0000e+00     0.0000e+00  0.0000e+00     0.0000e+00  0.0000e+00 
1.8868e+03     0.0000e+00  0.0000e+00     0.0000e+00  0.0000e+00     0.0000e+00  0.0000e+00     0.0000e+00  0.0000e+00 
2.1170e+03     0.0000e+00  0.0000e+00     0.0000e+00  0.0000e+00     0.0000e+00  0.0000e+00     0.0000e+00  0.0000e+00 
2.3753e+03     0.0000e+00  0.0000e+00     0.0000e+00  0.0000e+00     0.0000e+00  0.0000e+00     0.0000e+00  0.0000e+00 
2.6651e+03     0.0000e+00  0.0000e+00     0.0000e+00  0.0000e+00     0.0000e+00  0.0000e+00     0.0000e+00  0.0000e+00 
2.9903e+03     0.0000e+00  0.0000e+00     0.0000e+00  0.0000e+00     0.0000e+00  0.0000e+00     0.0000e+00  0.0000e+00 
3.3552e+03     0.0000e+00  0.0000e+00     0.0000e+00  0.0000e+00     0.0000e+00  0.0000e+00     0.0000e+00  0.0000e+00 
3.7646e+03     0.0000e+00  0.0000e+00     0.0000e+00  0.0000e+00     0.0000e+00  0.0000e+00     0.0000e+00  0.0000e+00 
4.2240e+03     0.0000e+00  0.0000e+00     0.0000e+00  0.0000e+00     0.0000e+00  0.0000e+00     0.0000e+00  0.0000e+00 
4.7394e+03     0.0000e+00  0.0000e+00     0.0000e+00  0.0000e+00     0.0000e+00  0.0000e+00     0.0000e+00  0.0000e+00 
5.3176e+03     0.0000e+00  0.0000e+00     0.0000e+00  0.0000e+00     0.0000e+00  0.0000e+00     0.0000e+00  0.0000e+00 
5.9665e+03     0.0000e+00  0.0000e+00     0.0000e+00  0.0000e+00     0.0000e+00  0.0000e+00     0.0000e+00  0.0000e+00 
6.6945e+03     0.0000e+00  0.0000e+00     0.0000e+00  0.0000e+00     0.0000e+00  0.0000e+00     0.0000e+00  0.0000e+00 
7.5114e+03     0.0000e+00  0.0000e+00     0.0000e+00  0.0000e+00     0.0000e+00  0.0000e+00     0.0000e+00  0.0000e+00 
8.4279e+03     0.0000e+00  0.0000e+00     0.0000e+00  0.0000e+00     0.0000e+00  0.0000e+00     0.0000e+00  0.0000e+00 
9.4563e+03     0.0000e+00  0.0000e+00     0.0000e+00  0.0000e+00     0.0000e+00  0.0000e+00     0.0000e+00  0.0000e+00 
