yF = 3.7741e-01 (std: 1.3513e-03) keV/um
yD = 4.9971e+00 (std: 1.5733e+00) keV/um
y (keV/um)     f(y)(std)                  yf(y)(std)                 d(y)(std)                  yd(y)(std)  
1.0610e-03     0.0000e+00  0.0000e+00     0.0000e+00  0.0000e+00     0.0000e+00  0.0000e+00     0.0000e+00  0.0000e+00 
1.1905e-03     0.0000e+00  0.0000e+00     0.0000e+00  0.0000e+00     0.0000e+00  0.0000e+00     0.0000e+00  0.0000e+00 
1.3357e-03     1.3035e-02  1.7398e-02     1.7411e-05  2.3240e-05     4.6132e-05  6.1576e-05     6.1620e-08  8.2250e-08 
1.4987e-03     1.2198e-01  3.7520e-02     1.8281e-04  5.6231e-05     4.8438e-04  1.4900e-04     7.2595e-07  2.2331e-07 
1.6816e-03     8.2830e-02  3.0119e-02     1.3929e-04  5.0647e-05     3.6905e-04  1.3420e-04     6.2060e-07  2.2567e-07 
1.8868e-03     9.6892e-02  2.8650e-02     1.8281e-04  5.4055e-05     4.8438e-04  1.4324e-04     9.1392e-07  2.7026e-07 
2.1170e-03     6.9906e-02  3.8034e-02     1.4799e-04  8.0519e-05     3.9212e-04  2.1335e-04     8.3012e-07  4.5166e-07 
2.3753e-03     4.7644e-02  1.8478e-02     1.1317e-04  4.3891e-05     2.9986e-04  1.1630e-04     7.1225e-07  2.7624e-07 
2.6651e-03     5.5528e-02  1.6859e-02     1.4799e-04  4.4932e-05     3.9212e-04  1.1906e-04     1.0451e-06  3.1731e-07 
2.9903e-03     5.8223e-02  2.6798e-02     1.7411e-04  8.0135e-05     4.6132e-04  2.1233e-04     1.3795e-06  6.3495e-07 
3.3552e-03     6.2270e-02  1.6009e-02     2.0893e-04  5.3714e-05     5.5358e-04  1.4234e-04     1.8574e-06  4.7757e-07 
3.7646e-03     7.8622e-02  2.4010e-02     2.9598e-04  9.0389e-05     7.8424e-04  2.3951e-04     2.9524e-06  9.0167e-07 
4.2240e-03     8.0377e-02  1.6753e-02     3.3951e-04  7.0762e-05     8.9957e-04  1.8752e-04     3.7997e-06  7.9208e-07 
4.7394e-03     9.0004e-02  3.7221e-02     4.2656e-04  1.7640e-04     1.1302e-03  4.6742e-04     5.3566e-06  2.2153e-06 
5.3176e-03     7.0394e-02  1.5078e-02     3.7433e-04  8.0180e-05     9.9183e-04  2.1248e-04     5.2742e-06  1.1299e-06 
5.9665e-03     8.6083e-02  1.9489e-02     5.1362e-04  1.1628e-04     1.3609e-03  3.0813e-04     8.1197e-06  1.8385e-06 
6.6945e-03     9.2326e-02  1.1801e-02     6.1808e-04  7.8999e-05     1.6377e-03  2.0940e-04     1.0963e-05  1.4018e-06 
7.5114e-03     8.9240e-02  1.9314e-02     6.7031e-04  1.4507e-04     1.7761e-03  3.8444e-04     1.3341e-05  2.8877e-06 
8.4279e-03     8.3667e-02  1.0554e-02     7.0513e-04  8.8947e-05     1.8683e-03  2.3577e-04     1.5746e-05  1.9871e-06 
9.4563e-03     1.3072e-01  1.2027e-02     1.2362e-03  1.1373e-04     3.2754e-03  3.0158e-04     3.0973e-05  2.8518e-06 
1.0610e-02     1.2882e-01  1.1293e-02     1.3667e-03  1.1982e-04     3.6213e-03  3.1774e-04     3.8423e-05  3.3713e-06 
1.1905e-02     1.5576e-01  5.7648e-02     1.8542e-03  6.8629e-04     4.9130e-03  1.8185e-03     5.8488e-05  2.1649e-05 
1.3357e-02     1.6424e-01  1.8598e-02     2.1937e-03  2.4841e-04     5.8126e-03  6.5853e-04     7.7641e-05  8.7963e-06 
1.4987e-02     1.7368e-01  1.3726e-02     2.6029e-03  2.0571e-04     6.8967e-03  5.4561e-04     1.0336e-04  8.1772e-06 
1.6816e-02     2.0604e-01  1.6135e-02     3.4647e-03  2.7132e-04     9.1802e-03  7.1964e-04     1.5437e-04  1.2101e-05 
1.8868e-02     2.1962e-01  9.9545e-03     4.1437e-03  1.8782e-04     1.0979e-02  4.9920e-04     2.0716e-04  9.4188e-06 
2.1170e-02     2.4632e-01  1.2176e-02     5.2145e-03  2.5777e-04     1.3816e-02  6.8478e-04     2.9249e-04  1.4497e-05 
2.3753e-02     2.7817e-01  1.2945e-02     6.6074e-03  3.0748e-04     1.7507e-02  8.1712e-04     4.1584e-04  1.9409e-05 
2.6651e-02     2.9561e-01  2.7649e-02     7.8783e-03  7.3688e-04     2.0875e-02  1.9539e-03     5.5634e-04  5.2074e-05 
2.9903e-02     3.2809e-01  2.6721e-02     9.8109e-03  7.9906e-04     2.5995e-02  2.1193e-03     7.7734e-04  6.3373e-05 
3.3552e-02     3.6402e-01  1.0394e-02     1.2214e-02  3.4875e-04     3.2361e-02  9.3129e-04     1.0858e-03  3.1247e-05 
3.7646e-02     4.1022e-01  6.2548e-03     1.5443e-02  2.3547e-04     4.0919e-02  6.4088e-04     1.5404e-03  2.4126e-05 
4.2240e-02     4.6639e-01  1.1285e-02     1.9700e-02  4.7669e-04     5.2198e-02  1.2768e-03     2.2048e-03  5.3931e-05 
4.7394e-02     4.9006e-01  9.6981e-03     2.3226e-02  4.5963e-04     6.1540e-02  1.2376e-03     2.9166e-03  5.8655e-05 
5.3176e-02     5.4187e-01  1.3276e-02     2.8815e-02  7.0597e-04     7.6348e-02  1.8904e-03     4.0599e-03  1.0053e-04 
5.9665e-02     6.0506e-01  8.5160e-03     3.6101e-02  5.0811e-04     9.5654e-02  1.3892e-03     5.7072e-03  8.2885e-05 
6.6945e-02     6.5708e-01  1.8451e-02     4.3988e-02  1.2352e-03     1.1655e-01  3.2994e-03     7.8026e-03  2.2088e-04 
7.5114e-02     7.2516e-01  1.3074e-02     5.4469e-02  9.8200e-04     1.4432e-01  2.6528e-03     1.0841e-02  1.9926e-04 
8.4279e-02     7.8585e-01  1.3851e-02     6.6230e-02  1.1673e-03     1.7549e-01  3.1561e-03     1.4790e-02  2.6600e-04 
9.4563e-02     8.8616e-01  1.0254e-02     8.3798e-02  9.6962e-04     2.2203e-01  2.6893e-03     2.0996e-02  2.5431e-04 
1.0610e-01     9.8769e-01  1.3311e-02     1.0479e-01  1.4123e-03     2.7767e-01  3.8719e-03     2.9461e-02  4.1081e-04 
1.1905e-01     1.0958e+00  1.5698e-02     1.3045e-01  1.8688e-03     3.4564e-01  5.1039e-03     4.1148e-02  6.0761e-04 
1.3357e-01     1.2254e+00  3.2442e-02     1.6368e-01  4.3334e-03     4.3369e-01  1.1587e-02     5.7929e-02  1.5476e-03 
1.4987e-01     1.3638e+00  1.4739e-02     2.0439e-01  2.2089e-03     5.4156e-01  6.1657e-03     8.1165e-02  9.2406e-04 
1.6816e-01     1.5188e+00  8.9311e-03     2.5540e-01  1.5018e-03     6.7671e-01  4.6589e-03     1.1379e-01  7.8344e-04 
1.8868e-01     1.7004e+00  1.0286e-02     3.2083e-01  1.9407e-03     8.5007e-01  5.9754e-03     1.6039e-01  1.1274e-03 
2.1170e-01     1.9404e+00  1.5160e-02     4.1079e-01  3.2094e-03     1.0884e+00  9.3542e-03     2.3042e-01  1.9803e-03 
2.3753e-01     2.1927e+00  1.8966e-02     5.2084e-01  4.5049e-03     1.3800e+00  1.2919e-02     3.2780e-01  3.0686e-03 
2.6651e-01     2.5463e+00  1.0210e-02     6.7863e-01  2.7212e-03     1.7981e+00  9.6662e-03     4.7922e-01  2.5762e-03 
2.9903e-01     2.8540e+00  1.5159e-02     8.5344e-01  4.5330e-03     2.2613e+00  1.4485e-02     6.7620e-01  4.3314e-03 
3.3552e-01     2.9401e+00  1.1357e-02     9.8647e-01  3.8105e-03     2.6138e+00  1.3767e-02     8.7698e-01  4.6190e-03 
3.7646e-01     2.5136e+00  1.5226e-02     9.4626e-01  5.7319e-03     2.5072e+00  1.7642e-02     9.4388e-01  6.6416e-03 
4.2240e-01     1.7877e+00  1.1710e-02     7.5512e-01  4.9462e-03     2.0008e+00  1.4936e-02     8.4512e-01  6.3088e-03 
4.7394e-01     1.1239e+00  6.3392e-03     5.3267e-01  3.0044e-03     1.4114e+00  9.4290e-03     6.6890e-01  4.4687e-03 
5.3176e-01     6.8772e-01  8.0845e-03     3.6570e-01  4.2991e-03     9.6898e-01  1.1908e-02     5.1527e-01  6.3320e-03 
5.9665e-01     4.2805e-01  6.8503e-03     2.5540e-01  4.0872e-03     6.7671e-01  1.1097e-02     4.0376e-01  6.6212e-03 
6.6945e-01     2.7556e-01  1.7792e-03     1.8447e-01  1.1911e-03     4.8879e-01  3.6087e-03     3.2722e-01  2.4159e-03 
7.5114e-01     1.8303e-01  2.1074e-03     1.3748e-01  1.5829e-03     3.6428e-01  4.3923e-03     2.7362e-01  3.2993e-03 
8.4279e-01     1.2432e-01  1.7047e-03     1.0478e-01  1.4367e-03     2.7762e-01  3.9344e-03     2.3398e-01  3.3159e-03 
9.4563e-01     8.7429e-02  1.1948e-03     8.2675e-02  1.1298e-03     2.1906e-01  3.0946e-03     2.0715e-01  2.9264e-03 
1.0610e+00     6.0650e-02  1.1339e-03     6.4350e-02  1.2030e-03     1.7050e-01  3.2456e-03     1.8091e-01  3.4436e-03 
1.1905e+00     4.3509e-02  8.8465e-04     5.1797e-02  1.0532e-03     1.3724e-01  2.8334e-03     1.6338e-01  3.3731e-03 
1.3357e+00     3.1707e-02  6.7552e-04     4.2352e-02  9.0231e-04     1.1222e-01  2.4243e-03     1.4989e-01  3.2382e-03 
1.4987e+00     2.1555e-02  6.3833e-04     3.2306e-02  9.5667e-04     8.5598e-02  2.5533e-03     1.2829e-01  3.8266e-03 
1.6816e+00     1.4801e-02  1.1426e-03     2.4889e-02  1.9214e-03     6.5945e-02  5.0966e-03     1.1089e-01  8.5703e-03 
1.8868e+00     9.8460e-03  3.2341e-04     1.8577e-02  6.1019e-04     4.9223e-02  1.6264e-03     9.2872e-02  3.0686e-03 
2.1170e+00     6.1106e-03  2.2897e-04     1.2936e-02  4.8474e-04     3.4276e-02  1.2902e-03     7.2562e-02  2.7314e-03 
2.3753e+00     3.5770e-03  1.6253e-04     8.4964e-03  3.8605e-04     2.2512e-02  1.0261e-03     5.3474e-02  2.4372e-03 
2.6651e+00     1.9337e-03  1.0182e-04     5.1536e-03  2.7135e-04     1.3655e-02  7.2064e-04     3.6392e-02  1.9206e-03 
2.9903e+00     9.4322e-04  5.7433e-05     2.8205e-03  1.7174e-04     7.4734e-03  4.5584e-04     2.2348e-02  1.3631e-03 
3.3552e+00     3.1913e-04  3.1052e-05     1.0708e-03  1.0419e-04     2.8371e-03  2.7624e-04     9.5191e-03  9.2686e-04 
3.7646e+00     1.0868e-04  2.1853e-05     4.0915e-04  8.2269e-05     1.0841e-03  2.1802e-04     4.0812e-03  8.2074e-04 
4.2240e+00     3.7097e-05  9.7496e-06     1.5670e-04  4.1182e-05     4.1519e-04  1.0913e-04     1.7537e-03  4.6095e-04 
4.7394e+00     1.4695e-05  7.3385e-06     6.9643e-05  3.4780e-05     1.8453e-04  9.2156e-05     8.7454e-04  4.3676e-04 
5.3176e+00     1.6371e-06  1.3764e-06     8.7053e-06  7.3191e-06     2.3066e-05  1.9393e-05     1.2266e-04  1.0312e-04 
5.9665e+00     0.0000e+00  0.0000e+00     0.0000e+00  0.0000e+00     0.0000e+00  0.0000e+00     0.0000e+00  0.0000e+00 
6.6945e+00     1.3004e-06  2.2523e-07     8.7053e-06  1.5078e-06     2.3066e-05  3.9960e-06     1.5442e-04  2.6752e-05 
7.5114e+00     0.0000e+00  0.0000e+00     0.0000e+00  0.0000e+00     0.0000e+00  0.0000e+00     0.0000e+00  0.0000e+00 
8.4279e+00     0.0000e+00  0.0000e+00     0.0000e+00  0.0000e+00     0.0000e+00  0.0000e+00     0.0000e+00  0.0000e+00 
9.4563e+00     0.0000e+00  0.0000e+00     0.0000e+00  0.0000e+00     0.0000e+00  0.0000e+00     0.0000e+00  0.0000e+00 
1.0610e+01     0.0000e+00  0.0000e+00     0.0000e+00  0.0000e+00     0.0000e+00  0.0000e+00     0.0000e+00  0.0000e+00 
1.1905e+01     7.3125e-07  7.6873e-07     8.7053e-06  9.1516e-06     2.3066e-05  2.4248e-05     2.7459e-04  2.8867e-04 
1.3357e+01     0.0000e+00  0.0000e+00     0.0000e+00  0.0000e+00     0.0000e+00  0.0000e+00     0.0000e+00  0.0000e+00 
1.4987e+01     0.0000e+00  0.0000e+00     0.0000e+00  0.0000e+00     0.0000e+00  0.0000e+00     0.0000e+00  0.0000e+00 
1.6816e+01     0.0000e+00  0.0000e+00     0.0000e+00  0.0000e+00     0.0000e+00  0.0000e+00     0.0000e+00  0.0000e+00 
1.8868e+01     0.0000e+00  0.0000e+00     0.0000e+00  0.0000e+00     0.0000e+00  0.0000e+00     0.0000e+00  0.0000e+00 
2.1170e+01     0.0000e+00  0.0000e+00     0.0000e+00  0.0000e+00     0.0000e+00  0.0000e+00     0.0000e+00  0.0000e+00 
2.3753e+01     0.0000e+00  0.0000e+00     0.0000e+00  0.0000e+00     0.0000e+00  0.0000e+00     0.0000e+00  0.0000e+00 
2.6651e+01     0.0000e+00  0.0000e+00     0.0000e+00  0.0000e+00     0.0000e+00  0.0000e+00     0.0000e+00  0.0000e+00 
2.9903e+01     0.0000e+00  0.0000e+00     0.0000e+00  0.0000e+00     0.0000e+00  0.0000e+00     0.0000e+00  0.0000e+00 
3.3552e+01     7.7837e-07  7.4767e-07     2.6116e-05  2.5086e-05     6.9198e-05  6.6469e-05     2.3217e-03  2.2302e-03 
3.7646e+01     0.0000e+00  0.0000e+00     0.0000e+00  0.0000e+00     0.0000e+00  0.0000e+00     0.0000e+00  0.0000e+00 
4.2240e+01     0.0000e+00  0.0000e+00     0.0000e+00  0.0000e+00     0.0000e+00  0.0000e+00     0.0000e+00  0.0000e+00 
4.7394e+01     0.0000e+00  0.0000e+00     0.0000e+00  0.0000e+00     0.0000e+00  0.0000e+00     0.0000e+00  0.0000e+00 
5.3176e+01     0.0000e+00  0.0000e+00     0.0000e+00  0.0000e+00     0.0000e+00  0.0000e+00     0.0000e+00  0.0000e+00 
5.9665e+01     0.0000e+00  0.0000e+00     0.0000e+00  0.0000e+00     0.0000e+00  0.0000e+00     0.0000e+00  0.0000e+00 
6.6945e+01     2.6007e-07  6.4499e-07     1.7411e-05  4.3179e-05     4.6132e-05  1.1441e-04     3.0883e-03  7.6590e-03 
7.5114e+01     3.4769e-07  1.7833e-07     2.6116e-05  1.3395e-05     6.9198e-05  3.5493e-05     5.1977e-03  2.6660e-03 
8.4279e+01     0.0000e+00  0.0000e+00     0.0000e+00  0.0000e+00     0.0000e+00  0.0000e+00     0.0000e+00  0.0000e+00 
9.4563e+01     9.2059e-08  9.9149e-08     8.7053e-06  9.3758e-06     2.3066e-05  2.4842e-05     2.1812e-03  2.3492e-03 
1.0610e+02     1.6410e-07  1.8256e-07     1.7411e-05  1.9370e-05     4.6132e-05  5.1322e-05     4.8946e-03  5.4454e-03 
1.1905e+02     7.3125e-08  6.0682e-08     8.7053e-06  7.2240e-06     2.3066e-05  1.9141e-05     2.7459e-03  2.2787e-03 
1.3357e+02     6.5173e-08  2.0607e-08     8.7053e-06  2.7525e-06     2.3066e-05  7.2936e-06     3.0810e-03  9.7422e-04 
1.4987e+02     1.1617e-07  8.4755e-08     1.7411e-05  1.2702e-05     4.6132e-05  3.3657e-05     6.9138e-03  5.0442e-03 
1.6816e+02     0.0000e+00  0.0000e+00     0.0000e+00  0.0000e+00     0.0000e+00  0.0000e+00     0.0000e+00  0.0000e+00 
1.8868e+02     9.2278e-08  3.4057e-08     1.7411e-05  6.4259e-06     4.6132e-05  1.7027e-05     8.7040e-03  3.2126e-03 
2.1170e+02     0.0000e+00  0.0000e+00     0.0000e+00  0.0000e+00     0.0000e+00  0.0000e+00     0.0000e+00  0.0000e+00 
2.3753e+02     0.0000e+00  0.0000e+00     0.0000e+00  0.0000e+00     0.0000e+00  0.0000e+00     0.0000e+00  0.0000e+00 
2.6651e+02     0.0000e+00  0.0000e+00     0.0000e+00  0.0000e+00     0.0000e+00  0.0000e+00     0.0000e+00  0.0000e+00 
2.9903e+02     0.0000e+00  0.0000e+00     0.0000e+00  0.0000e+00     0.0000e+00  0.0000e+00     0.0000e+00  0.0000e+00 
3.3552e+02     0.0000e+00  0.0000e+00     0.0000e+00  0.0000e+00     0.0000e+00  0.0000e+00     0.0000e+00  0.0000e+00 
3.7646e+02     2.3124e-08  1.9442e-08     8.7053e-06  7.3191e-06     2.3066e-05  1.9393e-05     8.6834e-03  7.3007e-03 
4.2240e+02     2.0609e-08  1.4471e-08     8.7053e-06  6.1127e-06     2.3066e-05  1.6197e-05     9.7429e-03  6.8413e-03 
4.7394e+02     1.8368e-08  1.0409e-08     8.7053e-06  4.9332e-06     2.3066e-05  1.3071e-05     1.0932e-02  6.1950e-03 
5.3176e+02     0.0000e+00  0.0000e+00     0.0000e+00  0.0000e+00     0.0000e+00  0.0000e+00     0.0000e+00  0.0000e+00 
5.9665e+02     1.4590e-08  6.5249e-09     8.7053e-06  3.8931e-06     2.3066e-05  1.0315e-05     1.3762e-02  6.1547e-03 
6.6945e+02     0.0000e+00  0.0000e+00     0.0000e+00  0.0000e+00     0.0000e+00  0.0000e+00     0.0000e+00  0.0000e+00 
7.5114e+02     1.1590e-08  1.0813e-08     8.7053e-06  8.1217e-06     2.3066e-05  2.1520e-05     1.7326e-02  1.6164e-02 
8.4279e+02     0.0000e+00  0.0000e+00     0.0000e+00  0.0000e+00     0.0000e+00  0.0000e+00     0.0000e+00  0.0000e+00 
9.4563e+02     0.0000e+00  0.0000e+00     0.0000e+00  0.0000e+00     0.0000e+00  0.0000e+00     0.0000e+00  0.0000e+00 
1.0610e+03     0.0000e+00  0.0000e+00     0.0000e+00  0.0000e+00     0.0000e+00  0.0000e+00     0.0000e+00  0.0000e+00 
1.1905e+03     0.0000e+00  0.0000e+00     0.0000e+00  0.0000e+00     0.0000e+00  0.0000e+00     0.0000e+00  0.0000e+00 
1.3357e+03     0.0000e+00  0.0000e+00     0.0000e+00  0.0000e+00     0.0000e+00  0.0000e+00     0.0000e+00  0.0000e+00 
1.4987e+03     0.0000e+00  0.0000e+00     0.0000e+00  0.0000e+00     0.0000e+00  0.0000e+00     0.0000e+00  0.0000e+00 
1.6816e+03     0.0000e+00  0.0000e+00     0.0000e+00  0.0000e+00     0.0000e+00  0.0000e+00     0.0000e+00  0.0000e+00 
1.8868e+03     0.0000e+00  0.0000e+00     0.0000e+00  0.0000e+00     0.0000e+00  0.0000e+00     0.0000e+00  0.0000e+00 
2.1170e+03     0.0000e+00  0.0000e+00     0.0000e+00  0.0000e+00     0.0000e+00  0.0000e+00     0.0000e+00  0.0000e+00 
2.3753e+03     0.0000e+00  0.0000e+00     0.0000e+00  0.0000e+00     0.0000e+00  0.0000e+00     0.0000e+00  0.0000e+00 
2.6651e+03     0.0000e+00  0.0000e+00     0.0000e+00  0.0000e+00     0.0000e+00  0.0000e+00     0.0000e+00  0.0000e+00 
2.9903e+03     0.0000e+00  0.0000e+00     0.0000e+00  0.0000e+00     0.0000e+00  0.0000e+00     0.0000e+00  0.0000e+00 
3.3552e+03     0.0000e+00  0.0000e+00     0.0000e+00  0.0000e+00     0.0000e+00  0.0000e+00     0.0000e+00  0.0000e+00 
3.7646e+03     0.0000e+00  0.0000e+00     0.0000e+00  0.0000e+00     0.0000e+00  0.0000e+00     0.0000e+00  0.0000e+00 
4.2240e+03     0.0000e+00  0.0000e+00     0.0000e+00  0.0000e+00     0.0000e+00  0.0000e+00     0.0000e+00  0.0000e+00 
4.7394e+03     0.0000e+00  0.0000e+00     0.0000e+00  0.0000e+00     0.0000e+00  0.0000e+00     0.0000e+00  0.0000e+00 
5.3176e+03     0.0000e+00  0.0000e+00     0.0000e+00  0.0000e+00     0.0000e+00  0.0000e+00     0.0000e+00  0.0000e+00 
5.9665e+03     0.0000e+00  0.0000e+00     0.0000e+00  0.0000e+00     0.0000e+00  0.0000e+00     0.0000e+00  0.0000e+00 
6.6945e+03     0.0000e+00  0.0000e+00     0.0000e+00  0.0000e+00     0.0000e+00  0.0000e+00     0.0000e+00  0.0000e+00 
7.5114e+03     0.0000e+00  0.0000e+00     0.0000e+00  0.0000e+00     0.0000e+00  0.0000e+00     0.0000e+00  0.0000e+00 
8.4279e+03     0.0000e+00  0.0000e+00     0.0000e+00  0.0000e+00     0.0000e+00  0.0000e+00     0.0000e+00  0.0000e+00 
9.4563e+03     0.0000e+00  0.0000e+00     0.0000e+00  0.0000e+00     0.0000e+00  0.0000e+00     0.0000e+00  0.0000e+00 
