yF = 2.0041e+00 (std: 4.7713e-03) keV/um
yD = 3.5542e+00 (std: 4.3895e-01) keV/um
y (keV/um)     f(y)(std)                  yf(y)(std)                 d(y)(std)                  yd(y)(std)  
1.0610e-03     0.0000e+00  0.0000e+00     0.0000e+00  0.0000e+00     0.0000e+00  0.0000e+00     0.0000e+00  0.0000e+00 
1.1905e-03     0.0000e+00  0.0000e+00     0.0000e+00  0.0000e+00     0.0000e+00  0.0000e+00     0.0000e+00  0.0000e+00 
1.3357e-03     0.0000e+00  0.0000e+00     0.0000e+00  0.0000e+00     0.0000e+00  0.0000e+00     0.0000e+00  0.0000e+00 
1.4987e-03     0.0000e+00  0.0000e+00     0.0000e+00  0.0000e+00     0.0000e+00  0.0000e+00     0.0000e+00  0.0000e+00 
1.6816e-03     0.0000e+00  0.0000e+00     0.0000e+00  0.0000e+00     0.0000e+00  0.0000e+00     0.0000e+00  0.0000e+00 
1.8868e-03     0.0000e+00  0.0000e+00     0.0000e+00  0.0000e+00     0.0000e+00  0.0000e+00     0.0000e+00  0.0000e+00 
2.1170e-03     0.0000e+00  0.0000e+00     0.0000e+00  0.0000e+00     0.0000e+00  0.0000e+00     0.0000e+00  0.0000e+00 
2.3753e-03     0.0000e+00  0.0000e+00     0.0000e+00  0.0000e+00     0.0000e+00  0.0000e+00     0.0000e+00  0.0000e+00 
2.6651e-03     0.0000e+00  0.0000e+00     0.0000e+00  0.0000e+00     0.0000e+00  0.0000e+00     0.0000e+00  0.0000e+00 
2.9903e-03     2.9206e-03  3.7853e-03     8.7335e-06  1.1319e-05     4.3577e-06  5.6479e-06     1.3031e-08  1.6889e-08 
3.3552e-03     0.0000e+00  0.0000e+00     0.0000e+00  0.0000e+00     0.0000e+00  0.0000e+00     0.0000e+00  0.0000e+00 
3.7646e-03     0.0000e+00  0.0000e+00     0.0000e+00  0.0000e+00     0.0000e+00  0.0000e+00     0.0000e+00  0.0000e+00 
4.2240e-03     2.0676e-03  1.2623e-03     8.7335e-06  5.3320e-06     4.3577e-06  2.6605e-06     1.8407e-08  1.1238e-08 
4.7394e-03     0.0000e+00  0.0000e+00     0.0000e+00  0.0000e+00     0.0000e+00  0.0000e+00     0.0000e+00  0.0000e+00 
5.3176e-03     6.5694e-03  3.0261e-03     3.4934e-05  1.6092e-05     1.7431e-05  8.0295e-06     9.2691e-08  4.2698e-08 
5.9665e-03     4.3913e-03  2.1408e-03     2.6200e-05  1.2773e-05     1.3073e-05  6.3734e-06     7.8001e-08  3.8027e-08 
6.6945e-03     2.6091e-03  1.3032e-03     1.7467e-05  8.7241e-06     8.7155e-06  4.3531e-06     5.8346e-08  2.9142e-08 
7.5114e-03     4.6508e-03  7.2587e-03     3.4934e-05  5.4523e-05     1.7431e-05  2.7205e-05     1.3093e-07  2.0435e-07 
8.4279e-03     3.1088e-03  1.1558e-03     2.6200e-05  9.7406e-06     1.3073e-05  4.8603e-06     1.1018e-07  4.0962e-08 
9.4563e-03     5.5414e-03  2.8122e-03     5.2401e-05  2.6592e-05     2.6146e-05  1.3269e-05     2.4725e-07  1.2547e-07 
1.0610e-02     1.6463e-03  9.0932e-04     1.7467e-05  9.6480e-06     8.7155e-06  4.8141e-06     9.2472e-08  5.1078e-08 
1.1905e-02     2.9345e-03  1.0265e-03     3.4934e-05  1.2220e-05     1.7431e-05  6.0974e-06     2.0751e-07  7.2587e-08 
1.3357e-02     2.6153e-03  4.0028e-03     3.4934e-05  5.3467e-05     1.7431e-05  2.6678e-05     2.3283e-07  3.5635e-07 
1.4987e-02     4.6619e-03  2.5907e-03     6.9868e-05  3.8827e-05     3.4862e-05  1.9374e-05     5.2248e-07  2.9036e-07 
1.6816e-02     2.0774e-03  3.3071e-03     3.4934e-05  5.5611e-05     1.7431e-05  2.7748e-05     2.9312e-07  4.6661e-07 
1.8868e-02     4.6288e-03  1.6174e-03     8.7335e-05  3.0516e-05     4.3577e-05  1.5227e-05     8.2220e-07  2.8730e-07 
2.1170e-02     8.2508e-03  5.9035e-03     1.7467e-04  1.2498e-04     8.7155e-05  6.2360e-05     1.8451e-06  1.3201e-06 
2.3753e-02     5.5152e-03  1.3369e-03     1.3100e-04  3.1756e-05     6.5366e-05  1.5846e-05     1.5526e-06  3.7639e-07 
2.6651e-02     8.1924e-03  1.9770e-03     2.1834e-04  5.2689e-05     1.0894e-04  2.6291e-05     2.9035e-06  7.0069e-07 
2.9903e-02     6.1332e-03  1.9419e-03     1.8340e-04  5.8069e-05     9.1512e-05  2.8975e-05     2.7365e-06  8.6646e-07 
3.3552e-02     7.2883e-03  2.0741e-03     2.4454e-04  6.9589e-05     1.2202e-04  3.4724e-05     4.0939e-06  1.1651e-06 
3.7646e-02     8.3516e-03  2.5658e-03     3.1441e-04  9.6594e-05     1.5688e-04  4.8199e-05     5.9058e-06  1.8145e-06 
4.2240e-02     9.9245e-03  3.8978e-03     4.1921e-04  1.6464e-04     2.0917e-04  8.2153e-05     8.8353e-06  3.4701e-06 
4.7394e-02     9.7666e-03  1.8827e-03     4.6287e-04  8.9227e-05     2.3096e-04  4.4525e-05     1.0946e-05  2.1102e-06 
5.3176e-02     1.3960e-02  2.3916e-03     7.4235e-04  1.2717e-04     3.7041e-04  6.3462e-05     1.9697e-05  3.3747e-06 
5.9665e-02     1.2003e-02  1.8193e-03     7.1615e-04  1.0855e-04     3.5733e-04  5.4169e-05     2.1320e-05  3.2320e-06 
6.6945e-02     1.4350e-02  1.1218e-03     9.6068e-04  7.5096e-05     4.7935e-04  3.7488e-05     3.2090e-05  2.5096e-06 
7.5114e-02     1.7789e-02  1.7027e-03     1.3362e-03  1.2789e-04     6.6673e-04  6.3834e-05     5.0081e-05  4.7948e-06 
8.4279e-02     1.5855e-02  2.0851e-03     1.3362e-03  1.7573e-04     6.6673e-04  8.7696e-05     5.6192e-05  7.3909e-06 
9.4563e-02     2.1519e-02  2.2888e-03     2.0349e-03  2.1644e-04     1.0154e-03  1.0802e-04     9.6014e-05  1.0215e-05 
1.0610e-01     2.3706e-02  1.6352e-03     2.5152e-03  1.7350e-04     1.2550e-03  8.6623e-05     1.3316e-04  9.1908e-06 
1.1905e-01     2.3696e-02  2.6924e-03     2.8209e-03  3.2053e-04     1.4075e-03  1.5997e-04     1.6756e-04  1.9044e-05 
1.3357e-01     2.7069e-02  1.4270e-03     3.6157e-03  1.9061e-04     1.8041e-03  9.5204e-05     2.4098e-04  1.2717e-05 
1.4987e-01     3.3857e-02  3.6203e-03     5.0742e-03  5.4259e-04     2.5318e-03  2.7080e-04     3.7945e-04  4.0585e-05 
1.6816e-01     3.9679e-02  2.4948e-03     6.6724e-03  4.1953e-04     3.3293e-03  2.0948e-04     5.5985e-04  3.5226e-05 
1.8868e-01     4.5270e-02  1.4983e-03     8.5414e-03  2.8269e-04     4.2619e-03  1.4142e-04     8.0412e-04  2.6682e-05 
2.1170e-01     5.2434e-02  3.0086e-03     1.1100e-02  6.3692e-04     5.5387e-03  3.1808e-04     1.1725e-03  6.7337e-05 
2.3753e-01     6.0814e-02  3.4631e-03     1.4445e-02  8.2260e-04     7.2077e-03  4.1081e-04     1.7120e-03  9.7579e-05 
2.6651e-01     6.8717e-02  2.4716e-03     1.8314e-02  6.5870e-04     9.1382e-03  3.2939e-04     2.4354e-03  8.7787e-05 
2.9903e-01     7.9089e-02  1.3442e-03     2.3650e-02  4.0195e-04     1.1801e-02  2.0252e-04     3.5288e-03  6.0560e-05 
3.3552e-01     8.9698e-02  2.5569e-03     3.0096e-02  8.5789e-04     1.5017e-02  4.2955e-04     5.0384e-03  1.4412e-04 
3.7646e-01     9.9547e-02  2.6918e-03     3.7475e-02  1.0134e-03     1.8699e-02  5.0760e-04     7.0394e-03  1.9109e-04 
4.2240e-01     1.1182e-01  4.5542e-03     4.7231e-02  1.9237e-03     2.3567e-02  9.6148e-04     9.9544e-03  4.0612e-04 
4.7394e-01     1.2374e-01  2.3726e-03     5.8645e-02  1.1244e-03     2.9262e-02  5.6537e-04     1.3868e-02  2.6795e-04 
5.3176e-01     1.3735e-01  1.3438e-03     7.3038e-02  7.1458e-04     3.6444e-02  3.6696e-04     1.9379e-02  1.9513e-04 
5.9665e-01     1.5462e-01  3.2136e-03     9.2252e-02  1.9174e-03     4.6031e-02  9.6296e-04     2.7464e-02  5.7455e-04 
6.6945e-01     1.7077e-01  1.5439e-03     1.1432e-01  1.0336e-03     5.7043e-02  5.3330e-04     3.8187e-02  3.5702e-04 
7.5114e-01     1.9029e-01  1.4496e-03     1.4293e-01  1.0889e-03     7.1319e-02  5.6923e-04     5.3570e-02  4.2757e-04 
8.4279e-01     2.1422e-01  1.6598e-03     1.8054e-01  1.3989e-03     9.0083e-02  7.3020e-04     7.5921e-02  6.1541e-04 
9.4563e-01     2.3696e-01  3.8974e-03     2.2408e-01  3.6855e-03     1.1181e-01  1.8581e-03     1.0573e-01  1.7571e-03 
1.0610e+00     2.6827e-01  2.1026e-03     2.8464e-01  2.2309e-03     1.4203e-01  1.1634e-03     1.5069e-01  1.2343e-03 
1.1905e+00     3.0133e-01  1.6429e-03     3.5872e-01  1.9559e-03     1.7899e-01  1.0649e-03     2.1308e-01  1.2677e-03 
1.3357e+00     3.4589e-01  2.1497e-03     4.6201e-01  2.8714e-03     2.3053e-01  1.5343e-03     3.0792e-01  2.0494e-03 
1.4987e+00     3.9845e-01  3.9731e-03     5.9717e-01  5.9546e-03     2.9797e-01  3.0547e-03     4.4657e-01  4.5781e-03 
1.6816e+00     4.5469e-01  3.5945e-03     7.6460e-01  6.0445e-03     3.8151e-01  3.1498e-03     6.4154e-01  5.2967e-03 
1.8868e+00     5.2375e-01  1.9350e-03     9.8820e-01  3.6508e-03     4.9308e-01  2.1671e-03     9.3033e-01  4.0889e-03 
2.1170e+00     5.2662e-01  2.5453e-03     1.1149e+00  5.3885e-03     5.5628e-01  2.9971e-03     1.1776e+00  6.3449e-03 
2.3753e+00     4.1665e-01  2.7508e-03     9.8968e-01  6.5340e-03     4.9382e-01  3.4657e-03     1.1730e+00  8.2322e-03 
2.6651e+00     2.7438e-01  1.1857e-03     7.3126e-01  3.1601e-03     3.6487e-01  1.8002e-03     9.7244e-01  4.7978e-03 
2.9903e+00     1.6912e-01  8.9890e-04     5.0571e-01  2.6880e-03     2.5233e-01  1.4696e-03     7.5456e-01  4.3946e-03 
3.3552e+00     1.0006e-01  7.6093e-04     3.3572e-01  2.5531e-03     1.6751e-01  1.3349e-03     5.6203e-01  4.4787e-03 
3.7646e+00     5.7315e-02  5.1198e-04     2.1577e-01  1.9274e-03     1.0766e-01  9.9529e-04     4.0531e-01  3.7469e-03 
4.2240e+00     2.9964e-02  3.8831e-04     1.2657e-01  1.6402e-03     6.3152e-02  8.3210e-04     2.6675e-01  3.5147e-03 
4.7394e+00     1.3898e-02  2.3266e-04     6.5868e-02  1.1026e-03     3.2866e-02  5.5572e-04     1.5576e-01  2.6337e-03 
5.3176e+00     5.6924e-03  1.3621e-04     3.0270e-02  7.2434e-04     1.5104e-02  3.6321e-04     8.0317e-02  1.9314e-03 
5.9665e+00     1.8970e-03  4.6721e-05     1.1319e-02  2.7876e-04     5.6476e-03  1.3974e-04     3.3696e-02  8.3377e-04 
6.6945e+00     5.9228e-04  3.7941e-05     3.9650e-03  2.5400e-04     1.9784e-03  1.2682e-04     1.3244e-02  8.4902e-04 
7.5114e+00     1.4766e-04  2.5688e-05     1.1092e-03  1.9295e-04     5.5343e-04  9.6287e-05     4.1570e-03  7.2325e-04 
8.4279e+00     2.0725e-05  7.4805e-06     1.7467e-04  6.3044e-05     8.7155e-05  3.1458e-05     7.3453e-04  2.6512e-04 
9.4563e+00     8.3121e-06  4.4610e-06     7.8601e-05  4.2184e-05     3.9220e-05  2.1049e-05     3.7087e-04  1.9904e-04 
1.0610e+01     2.4694e-06  9.2441e-06     2.6200e-05  9.8081e-05     1.3073e-05  4.8939e-05     1.3871e-04  5.1925e-04 
1.1905e+01     2.2008e-06  2.8391e-06     2.6200e-05  3.3799e-05     1.3073e-05  1.6865e-05     1.5563e-04  2.0077e-04 
1.3357e+01     6.5384e-07  3.5856e-07     8.7335e-06  4.7894e-06     4.3577e-06  2.3898e-06     5.8208e-05  3.1921e-05 
1.4987e+01     5.8273e-07  2.9147e-07     8.7335e-06  4.3684e-06     4.3577e-06  2.1797e-06     6.5310e-05  3.2667e-05 
1.6816e+01     2.0774e-06  2.0934e-06     3.4934e-05  3.5202e-05     1.7431e-05  1.7565e-05     2.9312e-04  2.9537e-04 
1.8868e+01     4.6288e-07  2.7461e-07     8.7335e-06  5.1812e-06     4.3577e-06  2.5853e-06     8.2220e-05  4.8778e-05 
2.1170e+01     1.2376e-06  4.4988e-07     2.6200e-05  9.5239e-06     1.3073e-05  4.7522e-06     2.7676e-04  1.0060e-04 
2.3753e+01     7.3536e-07  7.9187e-07     1.7467e-05  1.8809e-05     8.7155e-06  9.3853e-06     2.0702e-04  2.2293e-04 
2.6651e+01     1.3108e-06  5.5467e-07     3.4934e-05  1.4783e-05     1.7431e-05  7.3761e-06     4.6456e-04  1.9658e-04 
2.9903e+01     8.7617e-07  3.3695e-06     2.6200e-05  1.0076e-04     1.3073e-05  5.0275e-05     3.9093e-04  1.5034e-03 
3.3552e+01     7.8089e-07  3.5032e-07     2.6200e-05  1.1754e-05     1.3073e-05  5.8650e-06     4.3863e-04  1.9678e-04 
3.7646e+01     9.2796e-07  3.7577e-07     3.4934e-05  1.4146e-05     1.7431e-05  7.0586e-06     6.5621e-04  2.6573e-04 
4.2240e+01     6.2028e-07  3.4268e-07     2.6200e-05  1.4475e-05     1.3073e-05  7.2225e-06     5.5221e-04  3.0508e-04 
4.7394e+01     3.6855e-07  2.8849e-07     1.7467e-05  1.3672e-05     8.7155e-06  6.8222e-06     4.1306e-04  3.2333e-04 
5.3176e+01     8.2118e-07  2.9106e-07     4.3667e-05  1.5477e-05     2.1789e-05  7.7229e-06     1.1586e-03  4.1067e-04 
5.9665e+01     2.9275e-07  1.6679e-07     1.7467e-05  9.9513e-06     8.7155e-06  4.9654e-06     5.2001e-04  2.9626e-04 
6.6945e+01     3.9137e-07  1.4610e-06     2.6200e-05  9.7805e-05     1.3073e-05  4.8802e-05     8.7519e-04  3.2670e-03 
7.5114e+01     4.6508e-07  1.3439e-06     3.4934e-05  1.0095e-04     1.7431e-05  5.0370e-05     1.3093e-03  3.7835e-03 
8.4279e+01     1.0363e-07  1.0648e-07     8.7335e-06  8.9744e-06     4.3577e-06  4.4779e-06     3.6727e-04  3.7739e-04 
9.4563e+01     1.8471e-07  1.3535e-07     1.7467e-05  1.2799e-05     8.7155e-06  6.3863e-06     8.2416e-04  6.0390e-04 
1.0610e+02     8.2313e-08  3.3235e-07     8.7335e-06  3.5262e-05     4.3577e-06  1.7595e-05     4.6236e-04  1.8668e-03 
1.1905e+02     1.4672e-07  3.6052e-07     1.7467e-05  4.2919e-05     8.7155e-06  2.1415e-05     1.0376e-03  2.5494e-03 
1.3357e+02     6.5384e-08  5.2254e-08     8.7335e-06  6.9798e-06     4.3577e-06  3.4827e-06     5.8208e-04  4.6519e-04 
1.4987e+02     1.1655e-07  5.9359e-08     1.7467e-05  8.8962e-06     8.7155e-06  4.4390e-06     1.3062e-03  6.6528e-04 
1.6816e+02     5.1936e-08  3.5608e-08     8.7335e-06  5.9878e-06     4.3577e-06  2.9877e-06     7.3279e-04  5.0241e-04 
1.8868e+02     9.2576e-08  5.7017e-08     1.7467e-05  1.0758e-05     8.7155e-06  5.3678e-06     1.6444e-03  1.0128e-03 
2.1170e+02     8.2508e-08  1.6415e-07     1.7467e-05  3.4751e-05     8.7155e-06  1.7340e-05     1.8451e-03  3.6708e-03 
2.3753e+02     7.3536e-08  2.4292e-07     1.7467e-05  5.7700e-05     8.7155e-06  2.8790e-05     2.0702e-03  6.8386e-03 
2.6651e+02     6.5539e-08  3.4364e-08     1.7467e-05  9.1585e-06     8.7155e-06  4.5699e-06     2.3228e-03  1.2179e-03 
2.9903e+02     2.9206e-08  1.7580e-08     8.7335e-06  5.2569e-06     4.3577e-06  2.6231e-06     1.3031e-03  7.8438e-04 
3.3552e+02     2.6030e-08  1.3055e-07     8.7335e-06  4.3803e-05     4.3577e-06  2.1856e-05     1.4621e-03  7.3333e-03 
3.7646e+02     6.9597e-08  4.4260e-08     2.6200e-05  1.6662e-05     1.3073e-05  8.3138e-06     4.9215e-03  3.1298e-03 
4.2240e+02     2.0676e-08  9.9175e-09     8.7335e-06  4.1891e-06     4.3577e-06  2.0903e-06     1.8407e-03  8.8292e-04 
4.7394e+02     1.8428e-08  1.7493e-08     8.7335e-06  8.2908e-06     4.3577e-06  4.1368e-06     2.0653e-03  1.9606e-03 
5.3176e+02     1.6424e-08  1.0717e-08     8.7335e-06  5.6991e-06     4.3577e-06  2.8437e-06     2.3173e-03  1.5122e-03 
5.9665e+02     1.4638e-08  1.2473e-08     8.7335e-06  7.4418e-06     4.3577e-06  3.7132e-06     2.6000e-03  2.2155e-03 
6.6945e+02     0.0000e+00  0.0000e+00     0.0000e+00  0.0000e+00     0.0000e+00  0.0000e+00     0.0000e+00  0.0000e+00 
7.5114e+02     0.0000e+00  0.0000e+00     0.0000e+00  0.0000e+00     0.0000e+00  0.0000e+00     0.0000e+00  0.0000e+00 
8.4279e+02     0.0000e+00  0.0000e+00     0.0000e+00  0.0000e+00     0.0000e+00  0.0000e+00     0.0000e+00  0.0000e+00 
9.4563e+02     0.0000e+00  0.0000e+00     0.0000e+00  0.0000e+00     0.0000e+00  0.0000e+00     0.0000e+00  0.0000e+00 
1.0610e+03     0.0000e+00  0.0000e+00     0.0000e+00  0.0000e+00     0.0000e+00  0.0000e+00     0.0000e+00  0.0000e+00 
1.1905e+03     0.0000e+00  0.0000e+00     0.0000e+00  0.0000e+00     0.0000e+00  0.0000e+00     0.0000e+00  0.0000e+00 
1.3357e+03     0.0000e+00  0.0000e+00     0.0000e+00  0.0000e+00     0.0000e+00  0.0000e+00     0.0000e+00  0.0000e+00 
1.4987e+03     0.0000e+00  0.0000e+00     0.0000e+00  0.0000e+00     0.0000e+00  0.0000e+00     0.0000e+00  0.0000e+00 
1.6816e+03     0.0000e+00  0.0000e+00     0.0000e+00  0.0000e+00     0.0000e+00  0.0000e+00     0.0000e+00  0.0000e+00 
1.8868e+03     0.0000e+00  0.0000e+00     0.0000e+00  0.0000e+00     0.0000e+00  0.0000e+00     0.0000e+00  0.0000e+00 
2.1170e+03     0.0000e+00  0.0000e+00     0.0000e+00  0.0000e+00     0.0000e+00  0.0000e+00     0.0000e+00  0.0000e+00 
2.3753e+03     0.0000e+00  0.0000e+00     0.0000e+00  0.0000e+00     0.0000e+00  0.0000e+00     0.0000e+00  0.0000e+00 
2.6651e+03     0.0000e+00  0.0000e+00     0.0000e+00  0.0000e+00     0.0000e+00  0.0000e+00     0.0000e+00  0.0000e+00 
2.9903e+03     0.0000e+00  0.0000e+00     0.0000e+00  0.0000e+00     0.0000e+00  0.0000e+00     0.0000e+00  0.0000e+00 
3.3552e+03     0.0000e+00  0.0000e+00     0.0000e+00  0.0000e+00     0.0000e+00  0.0000e+00     0.0000e+00  0.0000e+00 
3.7646e+03     0.0000e+00  0.0000e+00     0.0000e+00  0.0000e+00     0.0000e+00  0.0000e+00     0.0000e+00  0.0000e+00 
4.2240e+03     0.0000e+00  0.0000e+00     0.0000e+00  0.0000e+00     0.0000e+00  0.0000e+00     0.0000e+00  0.0000e+00 
4.7394e+03     0.0000e+00  0.0000e+00     0.0000e+00  0.0000e+00     0.0000e+00  0.0000e+00     0.0000e+00  0.0000e+00 
5.3176e+03     0.0000e+00  0.0000e+00     0.0000e+00  0.0000e+00     0.0000e+00  0.0000e+00     0.0000e+00  0.0000e+00 
5.9665e+03     0.0000e+00  0.0000e+00     0.0000e+00  0.0000e+00     0.0000e+00  0.0000e+00     0.0000e+00  0.0000e+00 
6.6945e+03     0.0000e+00  0.0000e+00     0.0000e+00  0.0000e+00     0.0000e+00  0.0000e+00     0.0000e+00  0.0000e+00 
7.5114e+03     0.0000e+00  0.0000e+00     0.0000e+00  0.0000e+00     0.0000e+00  0.0000e+00     0.0000e+00  0.0000e+00 
8.4279e+03     0.0000e+00  0.0000e+00     0.0000e+00  0.0000e+00     0.0000e+00  0.0000e+00     0.0000e+00  0.0000e+00 
9.4563e+03     0.0000e+00  0.0000e+00     0.0000e+00  0.0000e+00     0.0000e+00  0.0000e+00     0.0000e+00  0.0000e+00 
