yF = 3.8562e-01 (std: 2.0816e-03) keV/um
yD = 3.7333e+00 (std: 9.2695e-01) keV/um
y (keV/um)     f(y)(std)                  yf(y)(std)                 d(y)(std)                  yd(y)(std)  
1.0610e-03     0.0000e+00  0.0000e+00     0.0000e+00  0.0000e+00     0.0000e+00  0.0000e+00     0.0000e+00  0.0000e+00 
1.1905e-03     0.0000e+00  0.0000e+00     0.0000e+00  0.0000e+00     0.0000e+00  0.0000e+00     0.0000e+00  0.0000e+00 
1.3357e-03     1.3035e-02  7.2808e-03     1.7411e-05  9.7252e-06     4.5150e-05  2.5221e-05     6.0309e-08  3.3688e-08 
1.4987e-03     1.0455e-01  4.2872e-02     1.5670e-04  6.4253e-05     4.0635e-04  1.6664e-04     6.0901e-07  2.4974e-07 
1.6816e-03     9.8362e-02  6.8079e-02     1.6540e-04  1.1448e-04     4.2893e-04  2.9688e-04     7.2128e-07  4.9923e-07 
1.8868e-03     5.5367e-02  1.9584e-02     1.0447e-04  3.6950e-05     2.7090e-04  9.5831e-05     5.1113e-07  1.8081e-07 
2.1170e-03     6.9907e-02  2.8149e-02     1.4799e-04  5.9591e-05     3.8378e-04  1.5455e-04     8.1245e-07  3.2717e-07 
2.3753e-03     4.0315e-02  1.4274e-02     9.5760e-05  3.3904e-05     2.4833e-04  8.7931e-05     5.8985e-07  2.0886e-07 
2.6651e-03     3.9197e-02  1.4487e-02     1.0447e-04  3.8611e-05     2.7090e-04  1.0014e-04     7.2199e-07  2.6688e-07 
2.9903e-03     4.9490e-02  1.2540e-02     1.4799e-04  3.7499e-05     3.8378e-04  9.7265e-05     1.1476e-06  2.9086e-07 
3.3552e-03     8.0433e-02  2.8956e-02     2.6987e-04  9.7155e-05     6.9983e-04  2.5197e-04     2.3481e-06  8.4542e-07 
3.7646e-03     9.0185e-02  2.3315e-02     3.3951e-04  8.7773e-05     8.8043e-04  2.2766e-04     3.3145e-06  8.5706e-07 
4.2240e-03     7.8317e-02  1.6638e-02     3.3081e-04  7.0278e-05     8.5785e-04  1.8230e-04     3.6235e-06  7.7004e-07 
4.7394e-03     7.8984e-02  2.5965e-02     3.7433e-04  1.2306e-04     9.7073e-04  3.1915e-04     4.6006e-06  1.5126e-06 
5.3176e-03     7.3669e-02  1.7323e-02     3.9174e-04  9.2116e-05     1.0159e-03  2.3894e-04     5.4021e-06  1.2706e-06 
5.9665e-03     8.6084e-02  1.2073e-02     5.1362e-04  7.2034e-05     1.3319e-03  1.8694e-04     7.9470e-06  1.1154e-06 
6.6945e-03     8.5825e-02  1.3295e-02     5.7456e-04  8.9005e-05     1.4900e-03  2.3095e-04     9.9745e-06  1.5461e-06 
7.5114e-03     9.9671e-02  1.2091e-02     7.4867e-04  9.0817e-05     1.9415e-03  2.3574e-04     1.4583e-05  1.7707e-06 
8.4279e-03     9.6063e-02  1.3517e-02     8.0961e-04  1.1392e-04     2.0995e-03  2.9563e-04     1.7694e-05  2.4916e-06 
9.4563e-03     1.1968e-01  1.1813e-02     1.1317e-03  1.1171e-04     2.9348e-03  2.9011e-04     2.7752e-05  2.7434e-06 
1.0610e-02     1.2964e-01  1.0872e-02     1.3755e-03  1.1535e-04     3.5669e-03  2.9975e-04     3.7845e-05  3.1804e-06 
1.1905e-02     1.4113e-01  1.2163e-02     1.6802e-03  1.4480e-04     4.3570e-03  3.7623e-04     5.1869e-05  4.4789e-06 
1.3357e-02     1.5772e-01  1.6771e-02     2.1067e-03  2.2401e-04     5.4632e-03  5.8166e-04     7.2973e-05  7.7695e-06 
1.4987e-02     1.7252e-01  1.8695e-02     2.5855e-03  2.8018e-04     6.7048e-03  7.2747e-04     1.0049e-04  1.0903e-05 
1.6816e-02     1.9310e-01  1.9133e-02     3.2471e-03  3.2174e-04     8.4205e-03  8.3557e-04     1.4160e-04  1.4051e-05 
1.8868e-02     2.0024e-01  1.7976e-02     3.7782e-03  3.3916e-04     9.7976e-03  8.8112e-04     1.8486e-04  1.6625e-05 
2.1170e-02     2.2617e-01  1.0674e-02     4.7880e-03  2.2597e-04     1.2416e-02  5.8980e-04     2.6285e-04  1.2486e-05 
2.3753e-02     2.4922e-01  1.9393e-02     5.9197e-03  4.6065e-04     1.5351e-02  1.1974e-03     3.6463e-04  2.8443e-05 
2.6651e-02     2.8973e-01  2.3800e-02     7.7217e-03  6.3431e-04     2.0024e-02  1.6485e-03     5.3367e-04  4.3934e-05 
2.9903e-02     3.1848e-01  1.5763e-02     9.5238e-03  4.7136e-04     2.4697e-02  1.2296e-03     7.3853e-04  3.6769e-05 
3.3552e-02     3.4794e-01  1.2519e-02     1.1674e-02  4.2003e-04     3.0273e-02  1.1014e-03     1.0157e-03  3.6955e-05 
3.7646e-02     3.9520e-01  1.3452e-02     1.4878e-02  5.0643e-04     3.8581e-02  1.3297e-03     1.4524e-03  5.0058e-05 
4.2240e-02     4.3548e-01  1.0308e-02     1.8395e-02  4.3541e-04     4.7701e-02  1.1581e-03     2.0149e-03  4.8918e-05 
4.7394e-02     4.6252e-01  9.1275e-03     2.1920e-02  4.3258e-04     5.6844e-02  1.1630e-03     2.6940e-03  5.5118e-05 
5.3176e-02     5.2665e-01  1.5446e-02     2.8005e-02  8.2138e-04     7.2624e-02  2.1658e-03     3.8619e-03  1.1517e-04 
5.9665e-02     5.8552e-01  1.7720e-02     3.4935e-02  1.0573e-03     9.0594e-02  2.7850e-03     5.4053e-03  1.6617e-04 
6.6945e-02     6.2106e-01  2.0685e-02     4.1577e-02  1.3848e-03     1.0782e-01  3.6379e-03     7.2179e-03  2.4354e-04 
7.5114e-02     6.9329e-01  8.2150e-03     5.2076e-02  6.1706e-04     1.3504e-01  1.7584e-03     1.0144e-02  1.3208e-04 
8.4279e-02     7.6354e-01  1.7670e-02     6.4351e-02  1.4892e-03     1.6688e-01  3.9655e-03     1.4064e-02  3.3421e-04 
9.4563e-02     8.4134e-01  1.6147e-02     7.9559e-02  1.5269e-03     2.0631e-01  4.1131e-03     1.9510e-02  3.8895e-04 
1.0610e-01     9.2896e-01  1.3613e-02     9.8563e-02  1.4444e-03     2.5560e-01  3.9916e-03     2.7119e-02  4.2351e-04 
1.1905e-01     1.0306e+00  2.0295e-02     1.2269e-01  2.4160e-03     3.1815e-01  6.4964e-03     3.7875e-02  7.7338e-04 
1.3357e-01     1.1637e+00  1.0887e-02     1.5544e-01  1.4542e-03     4.0308e-01  4.3538e-03     5.3840e-02  5.8155e-04 
1.4987e-01     1.3023e+00  1.1269e-02     1.9518e-01  1.6888e-03     5.0616e-01  5.1619e-03     7.5858e-02  7.7362e-04 
1.6816e-01     1.4488e+00  1.1274e-02     2.4363e-01  1.8958e-03     6.3179e-01  5.9834e-03     1.0624e-01  1.0062e-03 
1.8868e-01     1.6216e+00  1.6046e-02     3.0596e-01  3.0275e-03     7.9342e-01  8.9431e-03     1.4970e-01  1.6874e-03 
2.1170e-01     1.8372e+00  1.9569e-02     3.8892e-01  4.1427e-03     1.0086e+00  1.2044e-02     2.1351e-01  2.5496e-03 
2.3753e-01     2.0942e+00  9.5528e-03     4.9744e-01  2.2691e-03     1.2900e+00  9.1165e-03     3.0641e-01  2.1654e-03 
2.6651e-01     2.4094e+00  1.2356e-02     6.4213e-01  3.2930e-03     1.6652e+00  1.2398e-02     4.4379e-01  3.3043e-03 
2.9903e-01     2.7215e+00  9.6541e-03     8.1382e-01  2.8869e-03     2.1104e+00  1.3632e-02     6.3108e-01  4.0763e-03 
3.3552e-01     2.8893e+00  2.1488e-02     9.6943e-01  7.2096e-03     2.5139e+00  2.3102e-02     8.4348e-01  7.7511e-03 
3.7646e-01     2.5889e+00  1.3303e-02     9.7464e-01  5.0080e-03     2.5274e+00  1.8836e-02     9.5148e-01  7.0910e-03 
4.2240e-01     1.9027e+00  8.8314e-03     8.0371e-01  3.7303e-03     2.0842e+00  1.4838e-02     8.8036e-01  6.2673e-03 
4.7394e-01     1.2142e+00  8.5094e-03     5.7546e-01  4.0329e-03     1.4923e+00  1.3201e-02     7.0726e-01  6.2564e-03 
5.3176e-01     7.4884e-01  3.5975e-03     3.9820e-01  1.9130e-03     1.0326e+00  7.4620e-03     5.4912e-01  3.9680e-03 
5.9665e-01     4.6092e-01  8.0399e-03     2.7500e-01  4.7970e-03     7.1315e-01  1.3022e-02     4.2550e-01  7.7694e-03 
6.6945e-01     2.9737e-01  5.1975e-03     1.9908e-01  3.4794e-03     5.1625e-01  9.4435e-03     3.4560e-01  6.3220e-03 
7.5114e-01     1.9172e-01  2.7908e-03     1.4401e-01  2.0963e-03     3.7344e-01  5.7978e-03     2.8050e-01  4.3549e-03 
8.4279e-01     1.3138e-01  3.4610e-03     1.1072e-01  2.9169e-03     2.8713e-01  7.7213e-03     2.4199e-01  6.5075e-03 
9.4563e-01     9.1526e-02  1.5329e-03     8.6549e-02  1.4496e-03     2.2444e-01  3.9494e-03     2.1224e-01  3.7347e-03 
1.0610e+00     6.3407e-02  1.6625e-03     6.7276e-02  1.7639e-03     1.7446e-01  4.6701e-03     1.8510e-01  4.9551e-03 
1.1905e+00     4.6252e-02  9.0992e-04     5.5062e-02  1.0832e-03     1.4279e-01  2.9129e-03     1.6998e-01  3.4677e-03 
1.3357e+00     3.2463e-02  6.6439e-04     4.3362e-02  8.8744e-04     1.1245e-01  2.3800e-03     1.5020e-01  3.1791e-03 
1.4987e+00     2.2473e-02  3.5660e-04     3.3681e-02  5.3444e-04     8.7343e-02  1.4639e-03     1.3090e-01  2.1940e-03 
1.6816e+00     1.5904e-02  4.9089e-04     2.6743e-02  8.2547e-04     6.9351e-02  2.1731e-03     1.1662e-01  3.6543e-03 
1.8868e+00     1.0021e-02  5.2000e-04     1.8908e-02  9.8113e-04     4.9033e-02  2.5580e-03     9.2514e-02  4.8264e-03 
2.1170e+00     6.5507e-03  2.2209e-04     1.3868e-02  4.7017e-04     3.5962e-02  1.2346e-03     7.6132e-02  2.6136e-03 
2.3753e+00     3.7456e-03  2.0019e-04     8.8970e-03  4.7551e-04     2.3072e-02  1.2394e-03     5.4802e-02  2.9439e-03 
2.6651e+00     1.9729e-03  1.8312e-04     5.2581e-03  4.8803e-04     1.3635e-02  1.2677e-03     3.6340e-02  3.3786e-03 
2.9903e+00     1.0015e-03  6.6293e-05     2.9947e-03  1.9824e-04     7.7658e-03  5.1578e-04     2.3222e-02  1.5423e-03 
3.3552e+00     4.0216e-04  9.2959e-05     1.3493e-03  3.1190e-04     3.4991e-03  8.0903e-04     1.1740e-02  2.7145e-03 
3.7646e+00     1.5725e-04  3.1616e-05     5.9197e-04  1.1902e-04     1.5351e-03  3.0876e-04     5.7791e-03  1.1623e-03 
4.2240e+00     3.7097e-05  1.2358e-05     1.5670e-04  5.2198e-05     4.0635e-04  1.3538e-04     1.7164e-03  5.7184e-04 
4.7394e+00     1.1021e-05  4.7883e-06     5.2233e-05  2.2693e-05     1.3545e-04  5.8853e-05     6.4195e-04  2.7893e-04 
5.3176e+00     1.6371e-06  1.9154e-06     8.7054e-06  1.0186e-05     2.2575e-05  2.6414e-05     1.2005e-04  1.4046e-04 
5.9665e+00     1.4591e-06  6.5249e-07     8.7054e-06  3.8931e-06     2.2575e-05  1.0096e-05     1.3469e-04  6.0239e-05 
6.6945e+00     0.0000e+00  0.0000e+00     0.0000e+00  0.0000e+00     0.0000e+00  0.0000e+00     0.0000e+00  0.0000e+00 
7.5114e+00     0.0000e+00  0.0000e+00     0.0000e+00  0.0000e+00     0.0000e+00  0.0000e+00     0.0000e+00  0.0000e+00 
8.4279e+00     0.0000e+00  0.0000e+00     0.0000e+00  0.0000e+00     0.0000e+00  0.0000e+00     0.0000e+00  0.0000e+00 
9.4563e+00     0.0000e+00  0.0000e+00     0.0000e+00  0.0000e+00     0.0000e+00  0.0000e+00     0.0000e+00  0.0000e+00 
1.0610e+01     0.0000e+00  0.0000e+00     0.0000e+00  0.0000e+00     0.0000e+00  0.0000e+00     0.0000e+00  0.0000e+00 
1.1905e+01     0.0000e+00  0.0000e+00     0.0000e+00  0.0000e+00     0.0000e+00  0.0000e+00     0.0000e+00  0.0000e+00 
1.3357e+01     0.0000e+00  0.0000e+00     0.0000e+00  0.0000e+00     0.0000e+00  0.0000e+00     0.0000e+00  0.0000e+00 
1.4987e+01     0.0000e+00  0.0000e+00     0.0000e+00  0.0000e+00     0.0000e+00  0.0000e+00     0.0000e+00  0.0000e+00 
1.6816e+01     0.0000e+00  0.0000e+00     0.0000e+00  0.0000e+00     0.0000e+00  0.0000e+00     0.0000e+00  0.0000e+00 
1.8868e+01     0.0000e+00  0.0000e+00     0.0000e+00  0.0000e+00     0.0000e+00  0.0000e+00     0.0000e+00  0.0000e+00 
2.1170e+01     0.0000e+00  0.0000e+00     0.0000e+00  0.0000e+00     0.0000e+00  0.0000e+00     0.0000e+00  0.0000e+00 
2.3753e+01     0.0000e+00  0.0000e+00     0.0000e+00  0.0000e+00     0.0000e+00  0.0000e+00     0.0000e+00  0.0000e+00 
2.6651e+01     0.0000e+00  0.0000e+00     0.0000e+00  0.0000e+00     0.0000e+00  0.0000e+00     0.0000e+00  0.0000e+00 
2.9903e+01     0.0000e+00  0.0000e+00     0.0000e+00  0.0000e+00     0.0000e+00  0.0000e+00     0.0000e+00  0.0000e+00 
3.3552e+01     2.5946e-07  2.1257e-07     8.7054e-06  7.1323e-06     2.2575e-05  1.8496e-05     7.5744e-04  6.2058e-04 
3.7646e+01     0.0000e+00  0.0000e+00     0.0000e+00  0.0000e+00     0.0000e+00  0.0000e+00     0.0000e+00  0.0000e+00 
4.2240e+01     0.0000e+00  0.0000e+00     0.0000e+00  0.0000e+00     0.0000e+00  0.0000e+00     0.0000e+00  0.0000e+00 
4.7394e+01     3.6737e-07  2.1029e-06     1.7411e-05  9.9665e-05     4.5150e-05  2.5845e-04     2.1398e-03  1.2249e-02 
5.3176e+01     0.0000e+00  0.0000e+00     0.0000e+00  0.0000e+00     0.0000e+00  0.0000e+00     0.0000e+00  0.0000e+00 
5.9665e+01     0.0000e+00  0.0000e+00     0.0000e+00  0.0000e+00     0.0000e+00  0.0000e+00     0.0000e+00  0.0000e+00 
6.6945e+01     1.3004e-07  7.3690e-08     8.7054e-06  4.9332e-06     2.2575e-05  1.2793e-05     1.5113e-03  8.5646e-04 
7.5114e+01     1.1590e-07  4.3357e-08     8.7054e-06  3.2567e-06     2.2575e-05  8.4462e-06     1.6957e-03  6.3443e-04 
8.4279e+01     0.0000e+00  0.0000e+00     0.0000e+00  0.0000e+00     0.0000e+00  0.0000e+00     0.0000e+00  0.0000e+00 
9.4563e+01     9.2060e-08  1.4275e-07     8.7054e-06  1.3498e-05     2.2575e-05  3.5005e-05     2.1348e-03  3.3101e-03 
1.0610e+02     8.2049e-08  1.4277e-07     8.7054e-06  1.5148e-05     2.2575e-05  3.9282e-05     2.3952e-03  4.1678e-03 
1.1905e+02     7.3126e-08  3.1872e-08     8.7054e-06  3.7943e-06     2.2575e-05  9.8402e-06     2.6875e-03  1.1715e-03 
1.3357e+02     6.5174e-08  7.6557e-07     8.7054e-06  1.0226e-04     2.2575e-05  2.6518e-04     3.0154e-03  3.5421e-02 
1.4987e+02     5.8086e-08  1.2600e-07     8.7054e-06  1.8883e-05     2.2575e-05  4.8969e-05     3.3834e-03  7.3391e-03 
1.6816e+02     1.0354e-07  7.2280e-08     1.7411e-05  1.2154e-05     4.5150e-05  3.1520e-05     7.5924e-03  5.3004e-03 
1.8868e+02     0.0000e+00  0.0000e+00     0.0000e+00  0.0000e+00     0.0000e+00  0.0000e+00     0.0000e+00  0.0000e+00 
2.1170e+02     0.0000e+00  0.0000e+00     0.0000e+00  0.0000e+00     0.0000e+00  0.0000e+00     0.0000e+00  0.0000e+00 
2.3753e+02     3.6650e-08  3.7661e-08     8.7054e-06  8.9456e-06     2.2575e-05  2.3198e-05     5.3623e-03  5.5103e-03 
2.6651e+02     6.5328e-08  4.6066e-08     1.7411e-05  1.2277e-05     4.5150e-05  3.1839e-05     1.2033e-02  8.4854e-03 
2.9903e+02     0.0000e+00  0.0000e+00     0.0000e+00  0.0000e+00     0.0000e+00  0.0000e+00     0.0000e+00  0.0000e+00 
3.3552e+02     0.0000e+00  0.0000e+00     0.0000e+00  0.0000e+00     0.0000e+00  0.0000e+00     0.0000e+00  0.0000e+00 
3.7646e+02     2.3124e-08  2.2791e-08     8.7054e-06  8.5799e-06     2.2575e-05  2.2250e-05     8.4986e-03  8.3762e-03 
4.2240e+02     0.0000e+00  0.0000e+00     0.0000e+00  0.0000e+00     0.0000e+00  0.0000e+00     0.0000e+00  0.0000e+00 
4.7394e+02     3.6737e-08  1.3836e-08     1.7411e-05  6.5574e-06     4.5150e-05  1.7007e-05     2.1398e-02  8.0600e-03 
5.3176e+02     1.6371e-08  7.5022e-09     8.7054e-06  3.9894e-06     2.2575e-05  1.0346e-05     1.2005e-02  5.5017e-03 
5.9665e+02     0.0000e+00  0.0000e+00     0.0000e+00  0.0000e+00     0.0000e+00  0.0000e+00     0.0000e+00  0.0000e+00 
6.6945e+02     0.0000e+00  0.0000e+00     0.0000e+00  0.0000e+00     0.0000e+00  0.0000e+00     0.0000e+00  0.0000e+00 
7.5114e+02     0.0000e+00  0.0000e+00     0.0000e+00  0.0000e+00     0.0000e+00  0.0000e+00     0.0000e+00  0.0000e+00 
8.4279e+02     0.0000e+00  0.0000e+00     0.0000e+00  0.0000e+00     0.0000e+00  0.0000e+00     0.0000e+00  0.0000e+00 
9.4563e+02     0.0000e+00  0.0000e+00     0.0000e+00  0.0000e+00     0.0000e+00  0.0000e+00     0.0000e+00  0.0000e+00 
1.0610e+03     0.0000e+00  0.0000e+00     0.0000e+00  0.0000e+00     0.0000e+00  0.0000e+00     0.0000e+00  0.0000e+00 
1.1905e+03     0.0000e+00  0.0000e+00     0.0000e+00  0.0000e+00     0.0000e+00  0.0000e+00     0.0000e+00  0.0000e+00 
1.3357e+03     0.0000e+00  0.0000e+00     0.0000e+00  0.0000e+00     0.0000e+00  0.0000e+00     0.0000e+00  0.0000e+00 
1.4987e+03     0.0000e+00  0.0000e+00     0.0000e+00  0.0000e+00     0.0000e+00  0.0000e+00     0.0000e+00  0.0000e+00 
1.6816e+03     0.0000e+00  0.0000e+00     0.0000e+00  0.0000e+00     0.0000e+00  0.0000e+00     0.0000e+00  0.0000e+00 
1.8868e+03     0.0000e+00  0.0000e+00     0.0000e+00  0.0000e+00     0.0000e+00  0.0000e+00     0.0000e+00  0.0000e+00 
2.1170e+03     0.0000e+00  0.0000e+00     0.0000e+00  0.0000e+00     0.0000e+00  0.0000e+00     0.0000e+00  0.0000e+00 
2.3753e+03     0.0000e+00  0.0000e+00     0.0000e+00  0.0000e+00     0.0000e+00  0.0000e+00     0.0000e+00  0.0000e+00 
2.6651e+03     0.0000e+00  0.0000e+00     0.0000e+00  0.0000e+00     0.0000e+00  0.0000e+00     0.0000e+00  0.0000e+00 
2.9903e+03     0.0000e+00  0.0000e+00     0.0000e+00  0.0000e+00     0.0000e+00  0.0000e+00     0.0000e+00  0.0000e+00 
3.3552e+03     0.0000e+00  0.0000e+00     0.0000e+00  0.0000e+00     0.0000e+00  0.0000e+00     0.0000e+00  0.0000e+00 
3.7646e+03     0.0000e+00  0.0000e+00     0.0000e+00  0.0000e+00     0.0000e+00  0.0000e+00     0.0000e+00  0.0000e+00 
4.2240e+03     0.0000e+00  0.0000e+00     0.0000e+00  0.0000e+00     0.0000e+00  0.0000e+00     0.0000e+00  0.0000e+00 
4.7394e+03     0.0000e+00  0.0000e+00     0.0000e+00  0.0000e+00     0.0000e+00  0.0000e+00     0.0000e+00  0.0000e+00 
5.3176e+03     0.0000e+00  0.0000e+00     0.0000e+00  0.0000e+00     0.0000e+00  0.0000e+00     0.0000e+00  0.0000e+00 
5.9665e+03     0.0000e+00  0.0000e+00     0.0000e+00  0.0000e+00     0.0000e+00  0.0000e+00     0.0000e+00  0.0000e+00 
6.6945e+03     0.0000e+00  0.0000e+00     0.0000e+00  0.0000e+00     0.0000e+00  0.0000e+00     0.0000e+00  0.0000e+00 
7.5114e+03     0.0000e+00  0.0000e+00     0.0000e+00  0.0000e+00     0.0000e+00  0.0000e+00     0.0000e+00  0.0000e+00 
8.4279e+03     0.0000e+00  0.0000e+00     0.0000e+00  0.0000e+00     0.0000e+00  0.0000e+00     0.0000e+00  0.0000e+00 
9.4563e+03     0.0000e+00  0.0000e+00     0.0000e+00  0.0000e+00     0.0000e+00  0.0000e+00     0.0000e+00  0.0000e+00 
