yF = 2.6010e+00 (std: 4.6895e-03) keV/um
yD = 3.9367e+00 (std: 2.8241e-01) keV/um
y (keV/um)     f(y)(std)                  yf(y)(std)                 d(y)(std)                  yd(y)(std)  
1.0610e-03     0.0000e+00  0.0000e+00     0.0000e+00  0.0000e+00     0.0000e+00  0.0000e+00     0.0000e+00  0.0000e+00 
1.1905e-03     7.3470e-03  6.7415e-03     8.7464e-06  8.0256e-06     3.3627e-06  3.0856e-06     4.0032e-09  3.6733e-09 
1.3357e-03     0.0000e+00  0.0000e+00     0.0000e+00  0.0000e+00     0.0000e+00  0.0000e+00     0.0000e+00  0.0000e+00 
1.4987e-03     0.0000e+00  0.0000e+00     0.0000e+00  0.0000e+00     0.0000e+00  0.0000e+00     0.0000e+00  0.0000e+00 
1.6816e-03     0.0000e+00  0.0000e+00     0.0000e+00  0.0000e+00     0.0000e+00  0.0000e+00     0.0000e+00  0.0000e+00 
1.8868e-03     4.6357e-03  1.3905e-03     8.7464e-06  2.6236e-06     3.3627e-06  1.0087e-06     6.3447e-09  1.9032e-09 
2.1170e-03     0.0000e+00  0.0000e+00     0.0000e+00  0.0000e+00     0.0000e+00  0.0000e+00     0.0000e+00  0.0000e+00 
2.3753e-03     0.0000e+00  0.0000e+00     0.0000e+00  0.0000e+00     0.0000e+00  0.0000e+00     0.0000e+00  0.0000e+00 
2.6651e-03     3.2818e-03  1.4676e-03     8.7464e-06  3.9115e-06     3.3627e-06  1.5039e-06     8.9622e-09  4.0080e-09 
2.9903e-03     0.0000e+00  0.0000e+00     0.0000e+00  0.0000e+00     0.0000e+00  0.0000e+00     0.0000e+00  0.0000e+00 
3.3552e-03     2.6068e-03  1.5237e-03     8.7464e-06  5.1124e-06     3.3627e-06  1.9656e-06     1.1283e-08  6.5949e-09 
3.7646e-03     0.0000e+00  0.0000e+00     0.0000e+00  0.0000e+00     0.0000e+00  0.0000e+00     0.0000e+00  0.0000e+00 
4.2240e-03     2.0707e-03  1.4540e-03     8.7464e-06  6.1416e-06     3.3627e-06  2.3613e-06     1.4204e-08  9.9739e-09 
4.7394e-03     0.0000e+00  0.0000e+00     0.0000e+00  0.0000e+00     0.0000e+00  0.0000e+00     0.0000e+00  0.0000e+00 
5.3176e-03     1.6448e-03  3.5679e-03     8.7464e-06  1.8973e-05     3.3627e-06  7.2945e-06     1.7882e-08  3.8789e-08 
5.9665e-03     0.0000e+00  0.0000e+00     0.0000e+00  0.0000e+00     0.0000e+00  0.0000e+00     0.0000e+00  0.0000e+00 
6.6945e-03     2.6130e-03  1.7663e-03     1.7493e-05  1.1825e-05     6.7255e-06  4.5463e-06     4.5024e-08  3.0435e-08 
7.5114e-03     0.0000e+00  0.0000e+00     0.0000e+00  0.0000e+00     0.0000e+00  0.0000e+00     0.0000e+00  0.0000e+00 
8.4279e-03     5.1890e-03  2.2858e-03     4.3732e-05  1.9265e-05     1.6814e-05  7.4067e-06     1.4170e-07  6.2423e-08 
9.4563e-03     5.5496e-03  3.2630e-03     5.2478e-05  3.0856e-05     2.0176e-05  1.1863e-05     1.9079e-07  1.1218e-07 
1.0610e-02     4.9461e-03  1.5954e-03     5.2478e-05  1.6927e-05     2.0176e-05  6.5082e-06     2.1407e-07  6.9053e-08 
1.1905e-02     5.1429e-03  4.9800e-03     6.1225e-05  5.9286e-05     2.3539e-05  2.2794e-05     2.8023e-07  2.7135e-07 
1.3357e-02     5.8932e-03  2.0770e-03     7.8718e-05  2.7743e-05     3.0265e-05  1.0666e-05     4.0425e-07  1.4247e-07 
1.4987e-02     5.8359e-03  2.3876e-03     8.7464e-05  3.5783e-05     3.3627e-05  1.3758e-05     5.0398e-07  2.0619e-07 
1.6816e-02     5.2013e-03  2.9256e-03     8.7464e-05  4.9197e-05     3.3627e-05  1.8915e-05     5.6547e-07  3.1807e-07 
1.8868e-02     6.9535e-03  2.2317e-03     1.3120e-04  4.2107e-05     5.0441e-05  1.6189e-05     9.5171e-07  3.0545e-07 
2.1170e-02     4.5447e-03  1.3977e-03     9.6211e-05  2.9589e-05     3.6990e-05  1.1376e-05     7.8308e-07  2.4084e-07 
2.3753e-02     3.6822e-03  1.2771e-03     8.7464e-05  3.0335e-05     3.3627e-05  1.1663e-05     7.9875e-07  2.7704e-07 
2.6651e-02     6.5636e-03  1.9954e-03     1.7493e-04  5.3180e-05     6.7255e-05  2.0447e-05     1.7924e-06  5.4493e-07 
2.9903e-02     3.8024e-03  1.3663e-03     1.1370e-04  4.0856e-05     4.3716e-05  1.5708e-05     1.3072e-06  4.6972e-07 
3.3552e-02     6.5170e-03  1.9393e-03     2.1866e-04  6.5068e-05     8.4069e-05  2.5017e-05     2.8207e-06  8.3938e-07 
3.7646e-02     6.0407e-03  1.9151e-03     2.2741e-04  7.2097e-05     8.7431e-05  2.7720e-05     3.2914e-06  1.0435e-06 
4.2240e-02     5.7979e-03  1.3426e-03     2.4490e-04  5.6711e-05     9.4157e-05  2.1804e-05     3.9771e-06  9.2101e-07 
4.7394e-02     5.1674e-03  1.3866e-03     2.4490e-04  6.5718e-05     9.4157e-05  2.5267e-05     4.4624e-06  1.1975e-06 
5.3176e-02     6.4147e-03  1.2048e-03     3.4111e-04  6.4067e-05     1.3115e-04  2.4633e-05     6.9739e-06  1.3099e-06 
5.9665e-02     8.5023e-03  3.0159e-03     5.0729e-04  1.7994e-04     1.9504e-04  6.9183e-05     1.1637e-05  4.1278e-06 
6.6945e-02     9.9294e-03  2.3790e-03     6.6473e-04  1.5926e-04     2.5557e-04  6.1233e-05     1.7109e-05  4.0993e-06 
7.5114e-02     9.0825e-03  1.4251e-03     6.8222e-04  1.0704e-04     2.6229e-04  4.1157e-05     1.9702e-05  3.0915e-06 
8.4279e-02     8.9250e-03  1.7423e-03     7.5219e-04  1.4684e-04     2.8920e-04  5.6459e-05     2.4373e-05  4.7583e-06 
9.4563e-02     1.1932e-02  1.3334e-03     1.1283e-03  1.2609e-04     4.3379e-04  4.8484e-05     4.1021e-05  4.5848e-06 
1.0610e-01     1.3354e-02  1.3862e-03     1.4169e-03  1.4708e-04     5.4476e-04  5.6556e-05     5.7800e-05  6.0006e-06 
1.1905e-01     1.4180e-02  1.8797e-03     1.6881e-03  2.2377e-04     6.4901e-04  8.6041e-05     7.7263e-05  1.0243e-05 
1.3357e-01     1.4602e-02  1.7746e-03     1.9504e-03  2.3704e-04     7.4989e-04  9.1146e-05     1.0017e-04  1.2175e-05 
1.4987e-01     1.7274e-02  3.0552e-03     2.5889e-03  4.5788e-04     9.9537e-04  1.7605e-04     1.4918e-04  2.6385e-05 
1.6816e-01     1.9297e-02  2.5350e-03     3.2449e-03  4.2629e-04     1.2476e-03  1.6391e-04     2.0979e-04  2.7563e-05 
1.8868e-01     2.2297e-02  1.5439e-03     4.2070e-03  2.9129e-04     1.6175e-03  1.1203e-04     3.0518e-04  2.1138e-05 
2.1170e-01     2.6938e-02  1.9807e-03     5.7027e-03  4.1932e-04     2.1925e-03  1.6127e-04     4.6415e-04  3.4140e-05 
2.3753e-01     3.0194e-02  2.0655e-03     7.1721e-03  4.9062e-04     2.7574e-03  1.8870e-04     6.5498e-04  4.4821e-05 
2.6651e-01     3.4787e-02  1.6233e-03     9.2712e-03  4.3264e-04     3.5645e-03  1.6646e-04     9.4999e-04  4.4364e-05 
2.9903e-01     3.9135e-02  2.7526e-03     1.1703e-02  8.2311e-04     4.4993e-03  3.1657e-04     1.3455e-03  9.4664e-05 
3.3552e-01     4.4889e-02  1.7068e-03     1.5061e-02  5.7267e-04     5.7906e-03  2.2042e-04     1.9429e-03  7.3956e-05 
3.7646e-01     5.3227e-02  4.5229e-03     2.0038e-02  1.7027e-03     7.7040e-03  6.5478e-04     2.9003e-03  2.4650e-04 
4.2240e-01     6.0194e-02  1.3521e-03     2.5426e-02  5.7110e-04     9.7755e-03  2.2028e-04     4.1291e-03  9.3045e-05 
4.7394e-01     6.9261e-02  8.2842e-04     3.2825e-02  3.9262e-04     1.2620e-02  1.5266e-04     5.9812e-03  7.2349e-05 
5.3176e-01     8.0397e-02  1.1880e-03     4.2752e-02  6.3173e-04     1.6437e-02  2.4468e-04     8.7407e-03  1.3011e-04 
5.9665e-01     8.6357e-02  1.7368e-03     5.1525e-02  1.0362e-03     1.9810e-02  4.0000e-04     1.1820e-02  2.3866e-04 
6.6945e-01     9.8497e-02  4.5617e-03     6.5939e-02  3.0538e-03     2.5352e-02  1.1750e-03     1.6972e-02  7.8660e-04 
7.5114e-01     1.1137e-01  2.8021e-03     8.3651e-02  2.1048e-03     3.2161e-02  8.1130e-04     2.4158e-02  6.0940e-04 
8.4279e-01     1.2273e-01  2.3149e-03     1.0344e-01  1.9510e-03     3.9768e-02  7.5352e-04     3.3516e-02  6.3506e-04 
9.4563e-01     1.3815e-01  2.1919e-03     1.3064e-01  2.0727e-03     5.0226e-02  8.0201e-04     4.7495e-02  7.5840e-04 
1.0610e+00     1.5241e-01  1.2656e-03     1.6171e-01  1.3429e-03     6.2174e-02  5.2832e-04     6.5967e-02  5.6055e-04 
1.1905e+00     1.7216e-01  1.8789e-03     2.0495e-01  2.2367e-03     7.8796e-02  8.7162e-04     9.3804e-02  1.0376e-03 
1.3357e+00     1.9366e-01  2.9879e-03     2.5868e-01  3.9910e-03     9.9453e-02  1.5449e-03     1.3284e-01  2.0635e-03 
1.4987e+00     2.1863e-01  1.3216e-03     3.2767e-01  1.9808e-03     1.2598e-01  7.9470e-04     1.8881e-01  1.1910e-03 
1.6816e+00     2.4872e-01  1.7833e-03     4.1824e-01  2.9987e-03     1.6080e-01  1.1888e-03     2.7040e-01  1.9991e-03 
1.8868e+00     2.8405e-01  1.7236e-03     5.3594e-01  3.2521e-03     2.0605e-01  1.3044e-03     3.8877e-01  2.4610e-03 
2.1170e+00     3.2592e-01  2.1291e-03     6.8998e-01  4.5074e-03     2.6528e-01  1.7977e-03     5.6159e-01  3.8058e-03 
2.3753e+00     3.7927e-01  2.2231e-03     9.0087e-01  5.2805e-03     3.4636e-01  2.1241e-03     8.2271e-01  5.0453e-03 
2.6651e+00     4.1909e-01  1.1697e-03     1.1169e+00  3.1174e-03     4.2943e-01  1.4269e-03     1.1445e+00  3.8029e-03 
2.9903e+00     3.7723e-01  1.1406e-03     1.1280e+00  3.4109e-03     4.3370e-01  1.5268e-03     1.2969e+00  4.5657e-03 
3.3552e+00     2.6458e-01  9.2801e-04     8.8773e-01  3.1137e-03     3.4131e-01  1.3460e-03     1.1452e+00  4.5162e-03 
3.7646e+00     1.6254e-01  5.9802e-04     6.1192e-01  2.2513e-03     2.3526e-01  9.6391e-04     8.8568e-01  3.6287e-03 
4.2240e+00     9.1987e-02  7.2135e-04     3.8855e-01  3.0470e-03     1.4939e-01  1.2020e-03     6.3100e-01  5.0773e-03 
4.7394e+00     4.8942e-02  3.4630e-04     2.3195e-01  1.6412e-03     8.9180e-02  6.5117e-04     4.2266e-01  3.0861e-03 
5.3176e+00     2.2835e-02  4.6985e-04     1.2143e-01  2.4985e-03     4.6685e-02  9.6428e-04     2.4825e-01  5.1277e-03 
5.9665e+00     9.1796e-03  2.7613e-04     5.4770e-02  1.6476e-03     2.1057e-02  6.3457e-04     1.2564e-01  3.7862e-03 
6.6945e+00     3.0259e-03  7.7836e-05     2.0257e-02  5.2108e-04     7.7881e-03  2.0083e-04     5.2138e-02  1.3445e-03 
7.5114e+00     9.1640e-04  4.4012e-05     6.8834e-03  3.3059e-04     2.6465e-03  1.2719e-04     1.9879e-02  9.5538e-04 
8.4279e+00     1.9303e-04  2.9719e-05     1.6268e-03  2.5047e-04     6.2547e-04  9.6304e-05     5.2714e-03  8.1164e-04 
9.4563e+00     3.2373e-05  8.3430e-06     3.0612e-04  7.8894e-05     1.1770e-04  3.0333e-05     1.1130e-03  2.8684e-04 
1.0610e+01     4.1217e-06  1.9782e-06     4.3732e-05  2.0989e-05     1.6814e-05  8.0698e-06     1.7840e-04  8.5622e-05 
1.1905e+01     2.2041e-06  1.2422e-06     2.6239e-05  1.4788e-05     1.0088e-05  5.6858e-06     1.2010e-04  6.7688e-05 
1.3357e+01     1.3096e-06  1.2863e-06     1.7493e-05  1.7181e-05     6.7255e-06  6.6057e-06     8.9834e-05  8.8234e-05 
1.4987e+01     5.8359e-07  5.3550e-07     8.7464e-06  8.0256e-06     3.3627e-06  3.0856e-06     5.0398e-05  4.6244e-05 
1.6816e+01     1.0403e-06  4.0333e-07     1.7493e-05  6.7824e-06     6.7255e-06  2.6077e-06     1.1309e-04  4.3850e-05 
1.8868e+01     1.3907e-06  6.4965e-07     2.6239e-05  1.2257e-05     1.0088e-05  4.7127e-06     1.9034e-04  8.8917e-05 
2.1170e+01     2.0658e-06  8.8125e-07     4.3732e-05  1.8656e-05     1.6814e-05  7.1727e-06     3.5594e-04  1.5185e-04 
2.3753e+01     0.0000e+00  0.0000e+00     0.0000e+00  0.0000e+00     0.0000e+00  0.0000e+00     0.0000e+00  0.0000e+00 
2.6651e+01     3.2818e-07  2.0869e-07     8.7464e-06  5.5619e-06     3.3627e-06  2.1384e-06     8.9622e-05  5.6991e-05 
2.9903e+01     8.7747e-07  1.4735e-06     2.6239e-05  4.4061e-05     1.0088e-05  1.6940e-05     3.0167e-04  5.0657e-04 
3.3552e+01     7.8205e-07  4.0785e-07     2.6239e-05  1.3684e-05     1.0088e-05  5.2612e-06     3.3848e-04  1.7652e-04 
3.7646e+01     2.3233e-07  6.9692e-08     8.7464e-06  2.6236e-06     3.3627e-06  1.0087e-06     1.2659e-04  3.7975e-05 
4.2240e+01     4.1413e-07  9.1375e-08     1.7493e-05  3.8597e-06     6.7255e-06  1.4840e-06     2.8408e-04  6.2682e-05 
4.7394e+01     5.5365e-07  4.6301e-07     2.6239e-05  2.1944e-05     1.0088e-05  8.4367e-06     4.7812e-04  3.9984e-04 
5.3176e+01     4.9344e-07  1.5551e-06     2.6239e-05  8.2694e-05     1.0088e-05  3.1793e-05     5.3646e-04  1.6907e-03 
5.9665e+01     1.4659e-07  1.4173e-07     8.7464e-06  8.4563e-06     3.3627e-06  3.2512e-06     2.0064e-04  1.9398e-04 
6.6945e+01     3.9195e-07  1.7647e-07     2.6239e-05  1.1814e-05     1.0088e-05  4.5420e-06     6.7536e-04  3.0407e-04 
7.5114e+01     1.1644e-07  7.3069e-08     8.7464e-06  5.4885e-06     3.3627e-06  2.1102e-06     2.5259e-04  1.5850e-04 
8.4279e+01     2.0756e-07  2.3160e-08     1.7493e-05  1.9519e-06     6.7255e-06  7.5054e-07     5.6682e-04  6.3255e-05 
9.4563e+01     2.7748e-07  1.7087e-07     2.6239e-05  1.6158e-05     1.0088e-05  6.2124e-06     9.5397e-04  5.8746e-04 
1.0610e+02     2.4730e-07  1.0525e-07     2.6239e-05  1.1167e-05     1.0088e-05  4.2936e-06     1.0704e-03  4.5556e-04 
1.1905e+02     2.2041e-07  1.2830e-07     2.6239e-05  1.5273e-05     1.0088e-05  5.8721e-06     1.2010e-03  6.9906e-04 
1.3357e+02     1.9644e-07  7.4920e-08     2.6239e-05  1.0007e-05     1.0088e-05  3.8475e-06     1.3475e-03  5.1393e-04 
1.4987e+02     1.1672e-07  5.9617e-08     1.7493e-05  8.9350e-06     6.7255e-06  3.4353e-06     1.0080e-03  5.1485e-04 
1.6816e+02     5.2013e-08  3.0402e-08     8.7464e-06  5.1124e-06     3.3627e-06  1.9656e-06     5.6547e-04  3.3053e-04 
1.8868e+02     1.3907e-07  6.8984e-08     2.6239e-05  1.3016e-05     1.0088e-05  5.0042e-06     1.9034e-03  9.4418e-04 
2.1170e+02     8.2631e-08  6.9079e-08     1.7493e-05  1.4624e-05     6.7255e-06  5.6225e-06     1.4238e-03  1.1903e-03 
2.3753e+02     7.3645e-08  1.7723e-07     1.7493e-05  4.2098e-05     6.7255e-06  1.6185e-05     1.5975e-03  3.8445e-03 
2.6651e+02     0.0000e+00  0.0000e+00     0.0000e+00  0.0000e+00     0.0000e+00  0.0000e+00     0.0000e+00  0.0000e+00 
2.9903e+02     5.8498e-08  1.3687e-07     1.7493e-05  4.0928e-05     6.7255e-06  1.5736e-05     2.0111e-03  4.7055e-03 
3.3552e+02     5.2136e-08  2.4068e-08     1.7493e-05  8.0752e-06     6.7255e-06  3.1047e-06     2.2565e-03  1.0417e-03 
3.7646e+02     6.9700e-08  3.0995e-08     2.6239e-05  1.1668e-05     1.0088e-05  4.4861e-06     3.7978e-03  1.6889e-03 
4.2240e+02     4.1413e-08  4.4343e-08     1.7493e-05  1.8730e-05     6.7255e-06  7.2012e-06     2.8408e-03  3.0418e-03 
4.7394e+02     1.8455e-08  1.5315e-08     8.7464e-06  7.2581e-06     3.3627e-06  2.7906e-06     1.5937e-03  1.3225e-03 
5.3176e+02     1.6448e-08  1.2388e-08     8.7464e-06  6.5874e-06     3.3627e-06  2.5327e-06     1.7882e-03  1.3468e-03 
5.9665e+02     0.0000e+00  0.0000e+00     0.0000e+00  0.0000e+00     0.0000e+00  0.0000e+00     0.0000e+00  0.0000e+00 
6.6945e+02     0.0000e+00  0.0000e+00     0.0000e+00  0.0000e+00     0.0000e+00  0.0000e+00     0.0000e+00  0.0000e+00 
7.5114e+02     0.0000e+00  0.0000e+00     0.0000e+00  0.0000e+00     0.0000e+00  0.0000e+00     0.0000e+00  0.0000e+00 
8.4279e+02     0.0000e+00  0.0000e+00     0.0000e+00  0.0000e+00     0.0000e+00  0.0000e+00     0.0000e+00  0.0000e+00 
9.4563e+02     0.0000e+00  0.0000e+00     0.0000e+00  0.0000e+00     0.0000e+00  0.0000e+00     0.0000e+00  0.0000e+00 
1.0610e+03     0.0000e+00  0.0000e+00     0.0000e+00  0.0000e+00     0.0000e+00  0.0000e+00     0.0000e+00  0.0000e+00 
1.1905e+03     0.0000e+00  0.0000e+00     0.0000e+00  0.0000e+00     0.0000e+00  0.0000e+00     0.0000e+00  0.0000e+00 
1.3357e+03     0.0000e+00  0.0000e+00     0.0000e+00  0.0000e+00     0.0000e+00  0.0000e+00     0.0000e+00  0.0000e+00 
1.4987e+03     0.0000e+00  0.0000e+00     0.0000e+00  0.0000e+00     0.0000e+00  0.0000e+00     0.0000e+00  0.0000e+00 
1.6816e+03     0.0000e+00  0.0000e+00     0.0000e+00  0.0000e+00     0.0000e+00  0.0000e+00     0.0000e+00  0.0000e+00 
1.8868e+03     0.0000e+00  0.0000e+00     0.0000e+00  0.0000e+00     0.0000e+00  0.0000e+00     0.0000e+00  0.0000e+00 
2.1170e+03     0.0000e+00  0.0000e+00     0.0000e+00  0.0000e+00     0.0000e+00  0.0000e+00     0.0000e+00  0.0000e+00 
2.3753e+03     0.0000e+00  0.0000e+00     0.0000e+00  0.0000e+00     0.0000e+00  0.0000e+00     0.0000e+00  0.0000e+00 
2.6651e+03     0.0000e+00  0.0000e+00     0.0000e+00  0.0000e+00     0.0000e+00  0.0000e+00     0.0000e+00  0.0000e+00 
2.9903e+03     0.0000e+00  0.0000e+00     0.0000e+00  0.0000e+00     0.0000e+00  0.0000e+00     0.0000e+00  0.0000e+00 
3.3552e+03     0.0000e+00  0.0000e+00     0.0000e+00  0.0000e+00     0.0000e+00  0.0000e+00     0.0000e+00  0.0000e+00 
3.7646e+03     0.0000e+00  0.0000e+00     0.0000e+00  0.0000e+00     0.0000e+00  0.0000e+00     0.0000e+00  0.0000e+00 
4.2240e+03     0.0000e+00  0.0000e+00     0.0000e+00  0.0000e+00     0.0000e+00  0.0000e+00     0.0000e+00  0.0000e+00 
4.7394e+03     0.0000e+00  0.0000e+00     0.0000e+00  0.0000e+00     0.0000e+00  0.0000e+00     0.0000e+00  0.0000e+00 
5.3176e+03     0.0000e+00  0.0000e+00     0.0000e+00  0.0000e+00     0.0000e+00  0.0000e+00     0.0000e+00  0.0000e+00 
5.9665e+03     0.0000e+00  0.0000e+00     0.0000e+00  0.0000e+00     0.0000e+00  0.0000e+00     0.0000e+00  0.0000e+00 
6.6945e+03     0.0000e+00  0.0000e+00     0.0000e+00  0.0000e+00     0.0000e+00  0.0000e+00     0.0000e+00  0.0000e+00 
7.5114e+03     0.0000e+00  0.0000e+00     0.0000e+00  0.0000e+00     0.0000e+00  0.0000e+00     0.0000e+00  0.0000e+00 
8.4279e+03     0.0000e+00  0.0000e+00     0.0000e+00  0.0000e+00     0.0000e+00  0.0000e+00     0.0000e+00  0.0000e+00 
9.4563e+03     0.0000e+00  0.0000e+00     0.0000e+00  0.0000e+00     0.0000e+00  0.0000e+00     0.0000e+00  0.0000e+00 
