yF = 3.7824e-01 (std: 2.2683e-03) keV/um
yD = 4.7197e+00 (std: 2.4966e+00) keV/um
y (keV/um)     f(y)(std)                  yf(y)(std)                 d(y)(std)                  yd(y)(std)  
1.0610e-03     0.0000e+00  0.0000e+00     0.0000e+00  0.0000e+00     0.0000e+00  0.0000e+00     0.0000e+00  0.0000e+00 
1.1905e-03     7.3126e-03  9.4777e-03     8.7055e-06  1.1283e-05     2.3016e-05  2.9830e-05     2.7399e-08  3.5512e-08 
1.3357e-03     6.5174e-03  1.3034e-03     8.7055e-06  1.7411e-06     2.3016e-05  4.6051e-06     3.0743e-08  6.1511e-09 
1.4987e-03     8.1321e-02  3.1340e-02     1.2188e-04  4.6969e-05     3.2222e-04  1.2419e-04     4.8291e-07  1.8613e-07 
1.6816e-03     8.2831e-02  4.3214e-02     1.3929e-04  7.2667e-05     3.6825e-04  1.9213e-04     6.1924e-07  3.2308e-07 
1.8868e-03     1.1074e-01  3.0141e-02     2.0893e-04  5.6868e-05     5.5238e-04  1.5039e-04     1.0422e-06  2.8374e-07 
2.1170e-03     5.7571e-02  1.8691e-02     1.2188e-04  3.9568e-05     3.2222e-04  1.0463e-04     6.8214e-07  2.2150e-07 
2.3753e-03     3.6650e-02  1.2354e-02     8.7055e-05  2.9344e-05     2.3016e-04  7.7593e-05     5.4669e-07  1.8431e-07 
2.6651e-03     3.5931e-02  1.1730e-02     9.5760e-05  3.1262e-05     2.5317e-04  8.2666e-05     6.7474e-07  2.2032e-07 
2.9903e-03     5.5313e-02  2.7147e-02     1.6540e-04  8.1178e-05     4.3730e-04  2.1464e-04     1.3077e-06  6.4183e-07 
3.3552e-03     5.9676e-02  1.3716e-02     2.0023e-04  4.6022e-05     5.2936e-04  1.2171e-04     1.7761e-06  4.0837e-07 
3.7646e-03     8.7873e-02  3.0748e-02     3.3081e-04  1.1575e-04     8.7459e-04  3.0607e-04     3.2925e-06  1.1522e-06 
4.2240e-03     6.8012e-02  2.3441e-02     2.8728e-04  9.9014e-05     7.5952e-04  2.6181e-04     3.2082e-06  1.1059e-06 
4.7394e-03     8.2658e-02  1.9107e-02     3.9175e-04  9.0553e-05     1.0357e-03  2.3948e-04     4.9086e-06  1.1350e-06 
5.3176e-03     8.3492e-02  1.6179e-02     4.4398e-04  8.6032e-05     1.1738e-03  2.2756e-04     6.2418e-06  1.2101e-06 
5.9665e-03     8.9003e-02  1.2233e-02     5.3104e-04  7.2986e-05     1.4040e-03  1.9314e-04     8.3767e-06  1.1524e-06 
6.6945e-03     8.9727e-02  1.9071e-02     6.0068e-04  1.2767e-04     1.5881e-03  3.3767e-04     1.0631e-05  2.2606e-06 
7.5114e-03     9.2718e-02  1.8740e-02     6.9644e-04  1.4076e-04     1.8413e-03  3.7232e-04     1.3830e-05  2.7966e-06 
8.4279e-03     9.6063e-02  2.4338e-02     8.0961e-04  2.0512e-04     2.1405e-03  5.4244e-04     1.8040e-05  4.5716e-06 
9.4563e-03     1.2704e-01  1.0329e-02     1.2014e-03  9.7675e-05     3.1762e-03  2.5894e-04     3.0035e-05  2.4486e-06 
1.0610e-02     1.3538e-01  1.4703e-02     1.4364e-03  1.5600e-04     3.7976e-03  4.1308e-04     4.0293e-05  4.3828e-06 
1.1905e-02     1.4479e-01  1.2471e-02     1.7237e-03  1.4847e-04     4.5571e-03  3.9346e-04     5.4251e-05  4.6841e-06 
1.3357e-02     1.5902e-01  1.3077e-02     2.1241e-03  1.7468e-04     5.6158e-03  4.6305e-04     7.5012e-05  6.1851e-06 
1.4987e-02     1.7484e-01  2.2856e-02     2.6204e-03  3.4255e-04     6.9277e-03  9.0658e-04     1.0383e-04  1.3587e-05 
1.6816e-02     2.0087e-01  1.3827e-02     3.3777e-03  2.3252e-04     8.9301e-03  6.1706e-04     1.5017e-04  1.0376e-05 
1.8868e-02     2.1916e-01  1.8784e-02     4.1351e-03  3.5442e-04     1.0932e-02  9.3931e-04     2.0627e-04  1.7723e-05 
2.1170e-02     2.4015e-01  1.6918e-02     5.0840e-03  3.5816e-04     1.3441e-02  9.5032e-04     2.8455e-04  2.0118e-05 
2.3753e-02     2.5802e-01  1.5818e-02     6.1287e-03  3.7573e-04     1.6203e-02  9.9810e-04     3.8487e-04  2.3708e-05 
2.6651e-02     3.0247e-01  8.2333e-03     8.0613e-03  2.1943e-04     2.1312e-02  5.9404e-04     5.6801e-04  1.5832e-05 
2.9903e-02     3.2489e-01  2.2608e-02     9.7153e-03  6.7606e-04     2.5685e-02  1.7940e-03     7.6808e-04  5.3647e-05 
3.3552e-02     3.6169e-01  9.6132e-03     1.2135e-02  3.2254e-04     3.2084e-02  8.7418e-04     1.0765e-03  2.9330e-05 
3.7646e-02     4.0907e-01  1.2757e-02     1.5400e-02  4.8025e-04     4.0715e-02  1.2930e-03     1.5327e-03  4.8675e-05 
4.2240e-02     4.5342e-01  1.3355e-02     1.9152e-02  5.6412e-04     5.0634e-02  1.5220e-03     2.1388e-03  6.4290e-05 
4.7394e-02     4.9485e-01  2.8576e-02     2.3453e-02  1.3543e-03     6.2004e-02  3.5999e-03     2.9386e-03  1.7061e-04 
5.3176e-02     5.5579e-01  1.1282e-02     2.9555e-02  5.9996e-04     7.8138e-02  1.6539e-03     4.1551e-03  8.7950e-05 
5.9665e-02     6.0595e-01  1.4051e-02     3.6154e-02  8.3836e-04     9.5584e-02  2.2894e-03     5.7030e-03  1.3660e-04 
6.6945e-02     6.5085e-01  2.8295e-02     4.3571e-02  1.8942e-03     1.1519e-01  5.0553e-03     7.7116e-03  3.3843e-04 
7.5114e-02     7.2308e-01  1.8756e-02     5.4314e-02  1.4088e-03     1.4359e-01  3.8229e-03     1.0786e-02  2.8715e-04 
8.4279e-02     7.9381e-01  1.3338e-02     6.6902e-02  1.1241e-03     1.7688e-01  3.1556e-03     1.4907e-02  2.6595e-04 
9.4563e-02     8.6675e-01  1.5855e-02     8.1962e-02  1.4993e-03     2.1669e-01  4.1715e-03     2.0491e-02  3.9446e-04 
1.0610e-01     9.7031e-01  1.6898e-02     1.0295e-01  1.7928e-03     2.7218e-01  5.0131e-03     2.8879e-02  5.3190e-04 
1.1905e-01     1.0780e+00  2.0576e-02     1.2833e-01  2.4495e-03     3.3927e-01  6.7880e-03     4.0390e-02  8.0810e-04 
1.3357e-01     1.2109e+00  1.4067e-02     1.6174e-01  1.8790e-03     4.2761e-01  5.5904e-03     5.7117e-02  7.4673e-04 
1.4987e-01     1.3525e+00  1.7006e-02     2.0270e-01  2.5487e-03     5.3590e-01  7.4653e-03     8.0316e-02  1.1188e-03 
1.6816e-01     1.5063e+00  1.1474e-02     2.5330e-01  1.9295e-03     6.6969e-01  6.4923e-03     1.1261e-01  1.0917e-03 
1.8868e-01     1.6982e+00  9.1621e-03     3.2041e-01  1.7287e-03     8.4709e-01  6.8333e-03     1.5983e-01  1.2893e-03 
2.1170e-01     1.9296e+00  1.2720e-02     4.0850e-01  2.6928e-03     1.0800e+00  9.6245e-03     2.2863e-01  2.0375e-03 
2.3753e-01     2.1884e+00  9.7409e-03     5.1982e-01  2.3138e-03     1.3743e+00  1.0264e-02     3.2644e-01  2.4380e-03 
2.6651e-01     2.5262e+00  1.1334e-02     6.7326e-01  3.0207e-03     1.7800e+00  1.3331e-02     4.7438e-01  3.5530e-03 
2.9903e-01     2.8329e+00  1.2092e-02     8.4714e-01  3.6158e-03     2.2397e+00  1.6486e-02     6.6974e-01  4.9298e-03 
3.3552e-01     2.9379e+00  6.8504e-03     9.8574e-01  2.2984e-03     2.6061e+00  1.6769e-02     8.7440e-01  5.6262e-03 
3.7646e-01     2.5186e+00  2.0292e-02     9.4817e-01  7.6393e-03     2.5068e+00  2.5177e-02     9.4370e-01  9.4783e-03 
4.2240e-01     1.8040e+00  1.4088e-02     7.6201e-01  5.9505e-03     2.0146e+00  1.9836e-02     8.5096e-01  8.3786e-03 
4.7394e-01     1.1305e+00  8.5949e-03     5.3579e-01  4.0734e-03     1.4165e+00  1.3716e-02     6.7134e-01  6.5007e-03 
5.3176e-01     6.9583e-01  5.2528e-03     3.7002e-01  2.7932e-03     9.7826e-01  9.4314e-03     5.2020e-01  5.0153e-03 
5.9665e-01     4.3915e-01  3.1716e-03     2.6202e-01  1.8924e-03     6.9272e-01  6.5029e-03     4.1331e-01  3.8800e-03 
6.6945e-01     2.7995e-01  1.8974e-03     1.8741e-01  1.2702e-03     4.9548e-01  4.4841e-03     3.3170e-01  3.0019e-03 
7.5114e-01     1.8409e-01  2.1778e-03     1.3828e-01  1.6358e-03     3.6558e-01  4.8487e-03     2.7460e-01  3.6420e-03 
8.4279e-01     1.2402e-01  1.3051e-03     1.0453e-01  1.1000e-03     2.7635e-01  3.3472e-03     2.3290e-01  2.8210e-03 
9.4563e-01     8.7669e-02  1.1589e-03     8.2902e-02  1.0959e-03     2.1918e-01  3.1815e-03     2.0726e-01  3.0085e-03 
1.0610e+00     6.0282e-02  7.0310e-04     6.3959e-02  7.4599e-04     1.6910e-01  2.2177e-03     1.7941e-01  2.3530e-03 
1.1905e+00     4.4549e-02  1.5538e-03     5.3034e-02  1.8497e-03     1.4021e-01  4.9620e-03     1.6692e-01  5.9071e-03 
1.3357e+00     3.1453e-02  7.7841e-04     4.2013e-02  1.0397e-03     1.1107e-01  2.8284e-03     1.4836e-01  3.7780e-03 
1.4987e+00     2.1457e-02  5.7422e-04     3.2158e-02  8.6059e-04     8.5020e-02  2.3317e-03     1.2742e-01  3.4945e-03 
1.6816e+00     1.5220e-02  9.3807e-04     2.5594e-02  1.5775e-03     6.7666e-02  4.1902e-03     1.1379e-01  7.0461e-03 
1.8868e+00     9.7124e-03  1.9524e-04     1.8325e-02  3.6838e-04     4.8448e-02  1.0163e-03     9.1410e-02  1.9176e-03 
2.1170e+00     6.1847e-03  4.4282e-04     1.3093e-02  9.3744e-04     3.4616e-02  2.4871e-03     7.3281e-02  5.2652e-03 
2.3753e+00     3.6284e-03  1.1155e-04     8.6184e-03  2.6496e-04     2.2785e-02  7.1372e-04     5.4122e-02  1.6953e-03 
2.6651e+00     1.9337e-03  1.2739e-04     5.1537e-03  3.3950e-04     1.3625e-02  9.0129e-04     3.6313e-02  2.4021e-03 
2.9903e+00     9.8981e-04  2.9609e-05     2.9599e-03  8.8539e-05     7.8253e-03  2.3874e-04     2.3400e-02  7.1391e-04 
3.3552e+00     3.9438e-04  6.3604e-05     1.3232e-03  2.1340e-04     3.4984e-03  5.6459e-04     1.1738e-02  1.8943e-03 
3.7646e+00     1.1562e-04  2.4795e-05     4.3527e-04  9.3344e-05     1.1508e-03  2.4688e-04     4.3322e-03  9.2941e-04 
4.2240e+00     2.8854e-05  1.0503e-05     1.2188e-04  4.4366e-05     3.2222e-04  1.1731e-04     1.3610e-03  4.9551e-04 
4.7394e+00     9.1843e-06  3.5849e-06     4.3527e-05  1.6990e-05     1.1508e-04  4.4924e-05     5.4540e-04  2.1291e-04 
5.3176e+00     0.0000e+00  0.0000e+00     0.0000e+00  0.0000e+00     0.0000e+00  0.0000e+00     0.0000e+00  0.0000e+00 
5.9665e+00     0.0000e+00  0.0000e+00     0.0000e+00  0.0000e+00     0.0000e+00  0.0000e+00     0.0000e+00  0.0000e+00 
6.6945e+00     0.0000e+00  0.0000e+00     0.0000e+00  0.0000e+00     0.0000e+00  0.0000e+00     0.0000e+00  0.0000e+00 
7.5114e+00     1.1590e-06  1.1422e-06     8.7055e-06  8.5799e-06     2.3016e-05  2.2684e-05     1.7288e-04  1.7039e-04 
8.4279e+00     0.0000e+00  0.0000e+00     0.0000e+00  0.0000e+00     0.0000e+00  0.0000e+00     0.0000e+00  0.0000e+00 
9.4563e+00     0.0000e+00  0.0000e+00     0.0000e+00  0.0000e+00     0.0000e+00  0.0000e+00     0.0000e+00  0.0000e+00 
1.0610e+01     0.0000e+00  0.0000e+00     0.0000e+00  0.0000e+00     0.0000e+00  0.0000e+00     0.0000e+00  0.0000e+00 
1.1905e+01     7.3126e-07  3.7306e-07     8.7055e-06  4.4412e-06     2.3016e-05  1.1742e-05     2.7399e-04  1.3979e-04 
1.3357e+01     0.0000e+00  0.0000e+00     0.0000e+00  0.0000e+00     0.0000e+00  0.0000e+00     0.0000e+00  0.0000e+00 
1.4987e+01     0.0000e+00  0.0000e+00     0.0000e+00  0.0000e+00     0.0000e+00  0.0000e+00     0.0000e+00  0.0000e+00 
1.6816e+01     0.0000e+00  0.0000e+00     0.0000e+00  0.0000e+00     0.0000e+00  0.0000e+00     0.0000e+00  0.0000e+00 
1.8868e+01     0.0000e+00  0.0000e+00     0.0000e+00  0.0000e+00     0.0000e+00  0.0000e+00     0.0000e+00  0.0000e+00 
2.1170e+01     0.0000e+00  0.0000e+00     0.0000e+00  0.0000e+00     0.0000e+00  0.0000e+00     0.0000e+00  0.0000e+00 
2.3753e+01     0.0000e+00  0.0000e+00     0.0000e+00  0.0000e+00     0.0000e+00  0.0000e+00     0.0000e+00  0.0000e+00 
2.6651e+01     0.0000e+00  0.0000e+00     0.0000e+00  0.0000e+00     0.0000e+00  0.0000e+00     0.0000e+00  0.0000e+00 
2.9903e+01     0.0000e+00  0.0000e+00     0.0000e+00  0.0000e+00     0.0000e+00  0.0000e+00     0.0000e+00  0.0000e+00 
3.3552e+01     5.1892e-07  4.0644e-07     1.7411e-05  1.3637e-05     4.6031e-05  3.6054e-05     1.5444e-03  1.2097e-03 
3.7646e+01     0.0000e+00  0.0000e+00     0.0000e+00  0.0000e+00     0.0000e+00  0.0000e+00     0.0000e+00  0.0000e+00 
4.2240e+01     0.0000e+00  0.0000e+00     0.0000e+00  0.0000e+00     0.0000e+00  0.0000e+00     0.0000e+00  0.0000e+00 
4.7394e+01     0.0000e+00  0.0000e+00     0.0000e+00  0.0000e+00     0.0000e+00  0.0000e+00     0.0000e+00  0.0000e+00 
5.3176e+01     0.0000e+00  0.0000e+00     0.0000e+00  0.0000e+00     0.0000e+00  0.0000e+00     0.0000e+00  0.0000e+00 
5.9665e+01     4.3772e-07  2.7694e-07     2.6116e-05  1.6524e-05     6.9047e-05  4.3688e-05     4.1197e-03  2.6066e-03 
6.6945e+01     0.0000e+00  0.0000e+00     0.0000e+00  0.0000e+00     0.0000e+00  0.0000e+00     0.0000e+00  0.0000e+00 
7.5114e+01     3.4769e-07  1.9807e-07     2.6116e-05  1.4878e-05     6.9047e-05  3.9337e-05     5.1864e-03  2.9547e-03 
8.4279e+01     0.0000e+00  0.0000e+00     0.0000e+00  0.0000e+00     0.0000e+00  0.0000e+00     0.0000e+00  0.0000e+00 
9.4563e+01     1.8412e-07  1.2617e-07     1.7411e-05  1.1931e-05     4.6031e-05  3.1545e-05     4.3528e-03  2.9830e-03 
1.0610e+02     8.2049e-08  1.0251e-07     8.7055e-06  1.0877e-05     2.3016e-05  2.8757e-05     2.4420e-03  3.0511e-03 
1.1905e+02     7.3126e-08  8.5559e-08     8.7055e-06  1.0186e-05     2.3016e-05  2.6929e-05     2.7399e-03  3.2058e-03 
1.3357e+02     6.5174e-08  6.0803e-08     8.7055e-06  8.1217e-06     2.3016e-05  2.1473e-05     3.0743e-03  2.8682e-03 
1.4987e+02     1.1617e-07  5.4145e-08     1.7411e-05  8.1147e-06     4.6031e-05  2.1456e-05     6.8988e-03  3.2156e-03 
1.6816e+02     0.0000e+00  0.0000e+00     0.0000e+00  0.0000e+00     0.0000e+00  0.0000e+00     0.0000e+00  0.0000e+00 
1.8868e+02     0.0000e+00  0.0000e+00     0.0000e+00  0.0000e+00     0.0000e+00  0.0000e+00     0.0000e+00  0.0000e+00 
2.1170e+02     0.0000e+00  0.0000e+00     0.0000e+00  0.0000e+00     0.0000e+00  0.0000e+00     0.0000e+00  0.0000e+00 
2.3753e+02     0.0000e+00  0.0000e+00     0.0000e+00  0.0000e+00     0.0000e+00  0.0000e+00     0.0000e+00  0.0000e+00 
2.6651e+02     0.0000e+00  0.0000e+00     0.0000e+00  0.0000e+00     0.0000e+00  0.0000e+00     0.0000e+00  0.0000e+00 
2.9903e+02     0.0000e+00  0.0000e+00     0.0000e+00  0.0000e+00     0.0000e+00  0.0000e+00     0.0000e+00  0.0000e+00 
3.3552e+02     2.5946e-08  2.7276e-08     8.7055e-06  9.1516e-06     2.3016e-05  2.4195e-05     7.7222e-03  8.1180e-03 
3.7646e+02     0.0000e+00  0.0000e+00     0.0000e+00  0.0000e+00     0.0000e+00  0.0000e+00     0.0000e+00  0.0000e+00 
4.2240e+02     2.0610e-08  8.3214e-08     8.7055e-06  3.5149e-05     2.3016e-05  9.2928e-05     9.7217e-03  3.9253e-02 
4.7394e+02     1.8369e-08  3.9844e-08     8.7055e-06  1.8883e-05     2.3016e-05  4.9924e-05     1.0908e-02  2.3661e-02 
5.3176e+02     0.0000e+00  0.0000e+00     0.0000e+00  0.0000e+00     0.0000e+00  0.0000e+00     0.0000e+00  0.0000e+00 
5.9665e+02     1.4591e-08  6.5249e-09     8.7055e-06  3.8931e-06     2.3016e-05  1.0293e-05     1.3732e-02  6.1416e-03 
6.6945e+02     0.0000e+00  0.0000e+00     0.0000e+00  0.0000e+00     0.0000e+00  0.0000e+00     0.0000e+00  0.0000e+00 
7.5114e+02     1.1590e-08  6.2476e-09     8.7055e-06  4.6928e-06     2.3016e-05  1.2408e-05     1.7288e-02  9.3198e-03 
8.4279e+02     0.0000e+00  0.0000e+00     0.0000e+00  0.0000e+00     0.0000e+00  0.0000e+00     0.0000e+00  0.0000e+00 
9.4563e+02     0.0000e+00  0.0000e+00     0.0000e+00  0.0000e+00     0.0000e+00  0.0000e+00     0.0000e+00  0.0000e+00 
1.0610e+03     0.0000e+00  0.0000e+00     0.0000e+00  0.0000e+00     0.0000e+00  0.0000e+00     0.0000e+00  0.0000e+00 
1.1905e+03     0.0000e+00  0.0000e+00     0.0000e+00  0.0000e+00     0.0000e+00  0.0000e+00     0.0000e+00  0.0000e+00 
1.3357e+03     0.0000e+00  0.0000e+00     0.0000e+00  0.0000e+00     0.0000e+00  0.0000e+00     0.0000e+00  0.0000e+00 
1.4987e+03     0.0000e+00  0.0000e+00     0.0000e+00  0.0000e+00     0.0000e+00  0.0000e+00     0.0000e+00  0.0000e+00 
1.6816e+03     0.0000e+00  0.0000e+00     0.0000e+00  0.0000e+00     0.0000e+00  0.0000e+00     0.0000e+00  0.0000e+00 
1.8868e+03     0.0000e+00  0.0000e+00     0.0000e+00  0.0000e+00     0.0000e+00  0.0000e+00     0.0000e+00  0.0000e+00 
2.1170e+03     0.0000e+00  0.0000e+00     0.0000e+00  0.0000e+00     0.0000e+00  0.0000e+00     0.0000e+00  0.0000e+00 
2.3753e+03     0.0000e+00  0.0000e+00     0.0000e+00  0.0000e+00     0.0000e+00  0.0000e+00     0.0000e+00  0.0000e+00 
2.6651e+03     0.0000e+00  0.0000e+00     0.0000e+00  0.0000e+00     0.0000e+00  0.0000e+00     0.0000e+00  0.0000e+00 
2.9903e+03     0.0000e+00  0.0000e+00     0.0000e+00  0.0000e+00     0.0000e+00  0.0000e+00     0.0000e+00  0.0000e+00 
3.3552e+03     0.0000e+00  0.0000e+00     0.0000e+00  0.0000e+00     0.0000e+00  0.0000e+00     0.0000e+00  0.0000e+00 
3.7646e+03     0.0000e+00  0.0000e+00     0.0000e+00  0.0000e+00     0.0000e+00  0.0000e+00     0.0000e+00  0.0000e+00 
4.2240e+03     0.0000e+00  0.0000e+00     0.0000e+00  0.0000e+00     0.0000e+00  0.0000e+00     0.0000e+00  0.0000e+00 
4.7394e+03     0.0000e+00  0.0000e+00     0.0000e+00  0.0000e+00     0.0000e+00  0.0000e+00     0.0000e+00  0.0000e+00 
5.3176e+03     0.0000e+00  0.0000e+00     0.0000e+00  0.0000e+00     0.0000e+00  0.0000e+00     0.0000e+00  0.0000e+00 
5.9665e+03     0.0000e+00  0.0000e+00     0.0000e+00  0.0000e+00     0.0000e+00  0.0000e+00     0.0000e+00  0.0000e+00 
6.6945e+03     0.0000e+00  0.0000e+00     0.0000e+00  0.0000e+00     0.0000e+00  0.0000e+00     0.0000e+00  0.0000e+00 
7.5114e+03     0.0000e+00  0.0000e+00     0.0000e+00  0.0000e+00     0.0000e+00  0.0000e+00     0.0000e+00  0.0000e+00 
8.4279e+03     0.0000e+00  0.0000e+00     0.0000e+00  0.0000e+00     0.0000e+00  0.0000e+00     0.0000e+00  0.0000e+00 
9.4563e+03     0.0000e+00  0.0000e+00     0.0000e+00  0.0000e+00     0.0000e+00  0.0000e+00     0.0000e+00  0.0000e+00 
