yF = 3.9410e-01 (std: 8.6575e-04) keV/um
yD = 1.6759e+00 (std: 4.1749e-01) keV/um
y (keV/um)     f(y)(std)                  yf(y)(std)                 d(y)(std)                  yd(y)(std)  
1.0610e-03     0.0000e+00  0.0000e+00     0.0000e+00  0.0000e+00     0.0000e+00  0.0000e+00     0.0000e+00  0.0000e+00 
1.1905e-03     0.0000e+00  0.0000e+00     0.0000e+00  0.0000e+00     0.0000e+00  0.0000e+00     0.0000e+00  0.0000e+00 
1.3357e-03     6.5174e-03  4.1444e-03     8.7055e-06  5.5358e-06     2.2089e-05  1.4047e-05     2.9506e-08  1.8762e-08 
1.4987e-03     8.7130e-02  3.2449e-02     1.3058e-04  4.8633e-05     3.3134e-04  1.2340e-04     4.9659e-07  1.8495e-07 
1.6816e-03     1.0872e-01  2.9934e-02     1.8282e-04  5.0336e-05     4.6388e-04  1.2773e-04     7.8005e-07  2.1478e-07 
1.8868e-03     8.3052e-02  2.7509e-02     1.5670e-04  5.1904e-05     3.9761e-04  1.3170e-04     7.5020e-07  2.4849e-07 
2.1170e-03     5.3459e-02  2.2042e-02     1.1317e-04  4.6662e-05     2.8716e-04  1.1840e-04     6.0792e-07  2.5065e-07 
2.3753e-03     6.2305e-02  2.1029e-02     1.4799e-04  4.9950e-05     3.7552e-04  1.2675e-04     8.9198e-07  3.0106e-07 
2.6651e-03     2.6132e-02  1.1106e-02     6.9644e-05  2.9598e-05     1.7672e-04  7.5104e-05     4.7097e-07  2.0016e-07 
2.9903e-03     4.0757e-02  1.4896e-02     1.2188e-04  4.4545e-05     3.0925e-04  1.1303e-04     9.2477e-07  3.3800e-07 
3.3552e-03     7.2650e-02  2.7323e-02     2.4376e-04  9.1675e-05     6.1850e-04  2.3262e-04     2.0752e-06  7.8048e-07 
3.7646e-03     9.0186e-02  1.8225e-02     3.3952e-04  6.8609e-05     8.6149e-04  1.7410e-04     3.2432e-06  6.5542e-07 
4.2240e-03     7.0074e-02  1.2293e-02     2.9599e-04  5.1924e-05     7.5104e-04  1.3176e-04     3.1724e-06  5.5656e-07 
4.7394e-03     6.0616e-02  4.3178e-02     2.8728e-04  2.0464e-04     7.2895e-04  5.1925e-04     3.4548e-06  2.4609e-06 
5.3176e-03     4.9113e-02  3.1267e-02     2.6117e-04  1.6627e-04     6.6268e-04  4.2188e-04     3.5239e-06  2.2434e-06 
5.9665e-03     9.9217e-02  3.5337e-02     5.9198e-04  2.1084e-04     1.5021e-03  5.3499e-04     8.9622e-06  3.1920e-06 
6.6945e-03     8.4526e-02  1.0847e-02     5.6586e-04  7.2614e-05     1.4358e-03  1.8428e-04     9.6121e-06  1.2336e-06 
7.5114e-03     9.1560e-02  1.6879e-02     6.8774e-04  1.2679e-04     1.7451e-03  3.2173e-04     1.3108e-05  2.4166e-06 
8.4279e-03     9.0899e-02  1.5297e-02     7.6609e-04  1.2892e-04     1.9439e-03  3.2714e-04     1.6383e-05  2.7571e-06 
9.4563e-03     1.1416e-01  1.3781e-02     1.0795e-03  1.3032e-04     2.7391e-03  3.3072e-04     2.5902e-05  3.1274e-06 
1.0610e-02     9.1896e-02  9.9378e-03     9.7502e-04  1.0544e-04     2.4740e-03  2.6760e-04     2.6250e-05  2.8393e-06 
1.1905e-02     1.2432e-01  2.1146e-02     1.4799e-03  2.5174e-04     3.7552e-03  6.3882e-04     4.4705e-05  7.6050e-06 
1.3357e-02     1.4599e-01  1.5862e-02     1.9500e-03  2.1187e-04     4.9480e-03  5.3770e-04     6.6092e-05  7.1823e-06 
1.4987e-02     1.6903e-01  1.9482e-02     2.5333e-03  2.9198e-04     6.4280e-03  7.4100e-04     9.6338e-05  1.1105e-05 
1.6816e-02     1.7498e-01  2.2102e-02     2.9425e-03  3.7166e-04     7.4662e-03  9.4320e-04     1.2555e-04  1.5861e-05 
1.8868e-02     1.8641e-01  1.4046e-02     3.5170e-03  2.6501e-04     8.9241e-03  6.7272e-04     1.6838e-04  1.2693e-05 
2.1170e-02     2.1466e-01  2.9402e-02     4.5443e-03  6.2245e-04     1.1531e-02  1.5796e-03     2.4410e-04  3.3440e-05 
2.3753e-02     2.5215e-01  8.1694e-03     5.9894e-03  1.9405e-04     1.5198e-02  4.9351e-04     3.6099e-04  1.1722e-05 
2.6651e-02     2.6654e-01  8.6470e-03     7.1037e-03  2.3045e-04     1.8025e-02  5.8609e-04     4.8039e-04  1.5620e-05 
2.9903e-02     3.0976e-01  1.6388e-02     9.2627e-03  4.9005e-04     2.3503e-02  1.2445e-03     7.0282e-04  3.7216e-05 
3.3552e-02     3.3185e-01  1.6661e-02     1.1134e-02  5.5901e-04     2.8252e-02  1.4198e-03     9.4793e-04  4.7637e-05 
3.7646e-02     3.6953e-01  3.4825e-02     1.3911e-02  1.3110e-03     3.5299e-02  3.3275e-03     1.3289e-03  1.2527e-04 
4.2240e-02     4.0313e-01  1.3036e-02     1.7028e-02  5.5062e-04     4.3207e-02  1.4004e-03     1.8250e-03  5.9150e-05 
4.7394e-02     4.5352e-01  7.3274e-03     2.1494e-02  3.4727e-04     5.4539e-02  8.8928e-04     2.5848e-03  4.2146e-05 
5.3176e-02     4.8999e-01  1.1909e-02     2.6056e-02  6.3325e-04     6.6114e-02  1.6134e-03     3.5157e-03  8.5793e-05 
5.9665e-02     5.6452e-01  2.5856e-02     3.3682e-02  1.5427e-03     8.5464e-02  3.9189e-03     5.0992e-03  2.3382e-04 
6.6945e-02     5.9662e-01  8.6590e-03     3.9941e-02  5.7968e-04     1.0135e-01  1.4876e-03     6.7847e-03  9.9589e-05 
7.5114e-02     6.7128e-01  1.5526e-02     5.0423e-02  1.1662e-03     1.2794e-01  2.9725e-03     9.6102e-03  2.2328e-04 
8.4279e-02     7.1655e-01  2.4688e-02     6.0390e-02  2.0807e-03     1.5323e-01  5.2902e-03     1.2914e-02  4.4586e-04 
9.4563e-02     7.9007e-01  8.8822e-03     7.4711e-02  8.3992e-04     1.8957e-01  2.1715e-03     1.7926e-02  2.0534e-04 
1.0610e-01     8.8966e-01  1.1440e-02     9.4394e-02  1.2138e-03     2.3952e-01  3.1245e-03     2.5413e-02  3.3151e-04 
1.1905e-01     9.7186e-01  1.7647e-02     1.1570e-01  2.1008e-03     2.9357e-01  5.3695e-03     3.4949e-02  6.3922e-04 
1.3357e-01     1.0812e+00  1.7790e-02     1.4442e-01  2.3763e-03     3.6646e-01  6.0830e-03     4.8950e-02  8.1253e-04 
1.4987e-01     1.2197e+00  1.2788e-02     1.8280e-01  1.9166e-03     4.6383e-01  4.9688e-03     6.9516e-02  7.4469e-04 
1.6816e-01     1.3685e+00  8.3743e-03     2.3013e-01  1.4082e-03     5.8393e-01  3.7965e-03     9.8194e-02  6.3841e-04 
1.8868e-01     1.5490e+00  1.6106e-02     2.9226e-01  3.0388e-03     7.4159e-01  7.8809e-03     1.3992e-01  1.4869e-03 
2.1170e-01     1.7188e+00  1.3231e-02     3.6387e-01  2.8010e-03     9.2329e-01  7.3910e-03     1.9546e-01  1.5647e-03 
2.3753e-01     1.9686e+00  9.9304e-03     4.6759e-01  2.3588e-03     1.1865e+00  6.5280e-03     2.8182e-01  1.5506e-03 
2.6651e-01     2.2384e+00  1.4496e-02     5.9657e-01  3.8635e-03     1.5137e+00  1.0352e-02     4.0343e-01  2.7589e-03 
2.9903e-01     2.5807e+00  8.7205e-03     7.7171e-01  2.6077e-03     1.9581e+00  7.8921e-03     5.8555e-01  2.3600e-03 
3.3552e-01     2.8061e+00  9.9540e-03     9.4150e-01  3.3398e-03     2.3890e+00  9.9677e-03     8.0154e-01  3.3444e-03 
3.7646e-01     2.6465e+00  7.1415e-03     9.9629e-01  2.6885e-03     2.5280e+00  8.7964e-03     9.5169e-01  3.3115e-03 
4.2240e-01     2.0240e+00  1.0350e-02     8.5491e-01  4.3717e-03     2.1693e+00  1.2073e-02     9.1628e-01  5.0996e-03 
4.7394e-01     1.3355e+00  8.7356e-03     6.3294e-01  4.1401e-03     1.6060e+00  1.1082e-02     7.6115e-01  5.2520e-03 
5.3176e-01     8.1900e-01  4.2703e-03     4.3551e-01  2.2708e-03     1.1051e+00  6.2524e-03     5.8764e-01  3.3248e-03 
5.9665e-01     5.1075e-01  5.1081e-03     3.0474e-01  3.0477e-03     7.7324e-01  7.9177e-03     4.6135e-01  4.7241e-03 
6.6945e-01     3.2264e-01  2.3529e-03     2.1599e-01  1.5751e-03     5.4806e-01  4.1741e-03     3.6690e-01  2.7944e-03 
7.5114e-01     2.0835e-01  1.5611e-03     1.5650e-01  1.1726e-03     3.9710e-01  3.1005e-03     2.9828e-01  2.3289e-03 
8.4279e-01     1.4153e-01  1.7795e-03     1.1928e-01  1.4997e-03     3.0267e-01  3.8631e-03     2.5509e-01  3.2557e-03 
9.4563e-01     9.7567e-02  1.6075e-03     9.2261e-02  1.5200e-03     2.3410e-01  3.8911e-03     2.2137e-01  3.6795e-03 
1.0610e+00     6.7962e-02  7.8606e-04     7.2108e-02  8.3401e-04     1.8297e-01  2.1541e-03     1.9413e-01  2.2855e-03 
1.1905e+00     4.7649e-02  8.4099e-04     5.6725e-02  1.0012e-03     1.4393e-01  2.5600e-03     1.7135e-01  3.0476e-03 
1.3357e+00     3.3506e-02  6.1922e-04     4.4755e-02  8.2711e-04     1.1356e-01  2.1135e-03     1.5169e-01  2.8230e-03 
1.4987e+00     2.3258e-02  6.6148e-04     3.4857e-02  9.9137e-04     8.8446e-02  2.5230e-03     1.3256e-01  3.7813e-03 
1.6816e+00     1.6344e-02  3.7964e-04     2.7483e-02  6.3840e-04     6.9736e-02  1.6271e-03     1.1727e-01  2.7361e-03 
1.8868e+00     1.0428e-02  3.2703e-04     1.9675e-02  6.1703e-04     4.9922e-02  1.5695e-03     9.4192e-02  2.9613e-03 
2.1170e+00     7.1553e-03  1.6550e-04     1.5148e-02  3.5035e-04     3.8436e-02  8.9299e-04     8.1368e-02  1.8905e-03 
2.3753e+00     3.8813e-03  2.3154e-04     9.2192e-03  5.4997e-04     2.3393e-02  1.3964e-03     5.5565e-02  3.3170e-03 
2.6651e+00     2.1167e-03  2.2248e-04     5.6412e-03  5.9294e-04     1.4314e-02  1.5048e-03     3.8149e-02  4.0106e-03 
2.9903e+00     1.0248e-03  1.8387e-04     3.0644e-03  5.4983e-04     7.7755e-03  1.3952e-03     2.3251e-02  4.1722e-03 
3.3552e+00     3.9179e-04  6.0086e-05     1.3145e-03  2.0160e-04     3.3355e-03  5.1160e-04     1.1191e-02  1.7165e-03 
3.7646e+00     1.2719e-04  3.0513e-05     4.7880e-04  1.1487e-04     1.2149e-03  2.9148e-04     4.5737e-03  1.0973e-03 
4.2240e+00     4.7403e-05  1.5519e-05     2.0023e-04  6.5550e-05     5.0806e-04  1.6633e-04     2.1460e-03  7.0258e-04 
4.7394e+00     1.6532e-05  8.8931e-06     7.8350e-05  4.2147e-05     1.9881e-04  1.0695e-04     9.4221e-04  5.0685e-04 
5.3176e+00     4.9113e-06  4.5890e-06     2.6117e-05  2.4403e-05     6.6268e-05  6.1920e-05     3.5239e-04  3.2927e-04 
5.9665e+00     4.3772e-06  1.0752e-05     2.6117e-05  6.4154e-05     6.6268e-05  1.6278e-04     3.9539e-04  9.7125e-04 
6.6945e+00     0.0000e+00  0.0000e+00     0.0000e+00  0.0000e+00     0.0000e+00  0.0000e+00     0.0000e+00  0.0000e+00 
7.5114e+00     0.0000e+00  0.0000e+00     0.0000e+00  0.0000e+00     0.0000e+00  0.0000e+00     0.0000e+00  0.0000e+00 
8.4279e+00     1.0329e-06  7.4253e-07     8.7055e-06  6.2580e-06     2.2089e-05  1.5879e-05     1.8617e-04  1.3383e-04 
9.4563e+00     9.2061e-07  1.3020e-07     8.7055e-06  1.2312e-06     2.2089e-05  3.1244e-06     2.0888e-04  2.9545e-05 
1.0610e+01     0.0000e+00  0.0000e+00     0.0000e+00  0.0000e+00     0.0000e+00  0.0000e+00     0.0000e+00  0.0000e+00 
1.1905e+01     0.0000e+00  0.0000e+00     0.0000e+00  0.0000e+00     0.0000e+00  0.0000e+00     0.0000e+00  0.0000e+00 
1.3357e+01     0.0000e+00  0.0000e+00     0.0000e+00  0.0000e+00     0.0000e+00  0.0000e+00     0.0000e+00  0.0000e+00 
1.4987e+01     0.0000e+00  0.0000e+00     0.0000e+00  0.0000e+00     0.0000e+00  0.0000e+00     0.0000e+00  0.0000e+00 
1.6816e+01     0.0000e+00  0.0000e+00     0.0000e+00  0.0000e+00     0.0000e+00  0.0000e+00     0.0000e+00  0.0000e+00 
1.8868e+01     0.0000e+00  0.0000e+00     0.0000e+00  0.0000e+00     0.0000e+00  0.0000e+00     0.0000e+00  0.0000e+00 
2.1170e+01     0.0000e+00  0.0000e+00     0.0000e+00  0.0000e+00     0.0000e+00  0.0000e+00     0.0000e+00  0.0000e+00 
2.3753e+01     0.0000e+00  0.0000e+00     0.0000e+00  0.0000e+00     0.0000e+00  0.0000e+00     0.0000e+00  0.0000e+00 
2.6651e+01     0.0000e+00  0.0000e+00     0.0000e+00  0.0000e+00     0.0000e+00  0.0000e+00     0.0000e+00  0.0000e+00 
2.9903e+01     0.0000e+00  0.0000e+00     0.0000e+00  0.0000e+00     0.0000e+00  0.0000e+00     0.0000e+00  0.0000e+00 
3.3552e+01     7.7839e-07  3.8886e-07     2.6117e-05  1.3047e-05     6.6268e-05  3.3106e-05     2.2234e-03  1.1108e-03 
3.7646e+01     0.0000e+00  0.0000e+00     0.0000e+00  0.0000e+00     0.0000e+00  0.0000e+00     0.0000e+00  0.0000e+00 
4.2240e+01     0.0000e+00  0.0000e+00     0.0000e+00  0.0000e+00     0.0000e+00  0.0000e+00     0.0000e+00  0.0000e+00 
4.7394e+01     1.8369e-07  2.0300e-07     8.7055e-06  9.6208e-06     2.2089e-05  2.4412e-05     1.0469e-03  1.1570e-03 
5.3176e+01     4.9113e-07  1.7092e-07     2.6117e-05  9.0889e-06     6.6268e-05  2.3063e-05     3.5239e-03  1.2264e-03 
5.9665e+01     1.4591e-07  9.2781e-08     8.7055e-06  5.5358e-06     2.2089e-05  1.4047e-05     1.3180e-03  8.3808e-04 
6.6945e+01     0.0000e+00  0.0000e+00     0.0000e+00  0.0000e+00     0.0000e+00  0.0000e+00     0.0000e+00  0.0000e+00 
7.5114e+01     2.3180e-07  1.8757e-07     1.7411e-05  1.4089e-05     4.4179e-05  3.5750e-05     3.3184e-03  2.6853e-03 
8.4279e+01     1.0329e-07  4.2583e-08     8.7055e-06  3.5888e-06     2.2089e-05  9.1065e-06     1.8617e-03  7.6748e-04 
9.4563e+01     9.2061e-08  5.7767e-08     8.7055e-06  5.4626e-06     2.2089e-05  1.3861e-05     2.0888e-03  1.3107e-03 
1.0610e+02     0.0000e+00  0.0000e+00     0.0000e+00  0.0000e+00     0.0000e+00  0.0000e+00     0.0000e+00  0.0000e+00 
1.1905e+02     7.3127e-08  6.7098e-08     8.7055e-06  7.9878e-06     2.2089e-05  2.0268e-05     2.6297e-03  2.4129e-03 
1.3357e+02     1.9552e-07  1.0802e-07     2.6117e-05  1.4429e-05     6.6268e-05  3.6612e-05     8.8517e-03  4.8904e-03 
1.4987e+02     5.8087e-08  5.4191e-08     8.7055e-06  8.1217e-06     2.2089e-05  2.0608e-05     3.3106e-03  3.0886e-03 
1.6816e+02     0.0000e+00  0.0000e+00     0.0000e+00  0.0000e+00     0.0000e+00  0.0000e+00     0.0000e+00  0.0000e+00 
1.8868e+02     0.0000e+00  0.0000e+00     0.0000e+00  0.0000e+00     0.0000e+00  0.0000e+00     0.0000e+00  0.0000e+00 
2.1170e+02     0.0000e+00  0.0000e+00     0.0000e+00  0.0000e+00     0.0000e+00  0.0000e+00     0.0000e+00  0.0000e+00 
2.3753e+02     0.0000e+00  0.0000e+00     0.0000e+00  0.0000e+00     0.0000e+00  0.0000e+00     0.0000e+00  0.0000e+00 
2.6651e+02     3.2665e-08  1.0328e-08     8.7055e-06  2.7525e-06     2.2089e-05  6.9844e-06     5.8871e-03  1.8614e-03 
2.9903e+02     0.0000e+00  0.0000e+00     0.0000e+00  0.0000e+00     0.0000e+00  0.0000e+00     0.0000e+00  0.0000e+00 
3.3552e+02     0.0000e+00  0.0000e+00     0.0000e+00  0.0000e+00     0.0000e+00  0.0000e+00     0.0000e+00  0.0000e+00 
3.7646e+02     0.0000e+00  0.0000e+00     0.0000e+00  0.0000e+00     0.0000e+00  0.0000e+00     0.0000e+00  0.0000e+00 
4.2240e+02     0.0000e+00  0.0000e+00     0.0000e+00  0.0000e+00     0.0000e+00  0.0000e+00     0.0000e+00  0.0000e+00 
4.7394e+02     1.8369e-08  1.2898e-08     8.7055e-06  6.1127e-06     2.2089e-05  1.5510e-05     1.0469e-02  7.3509e-03 
5.3176e+02     0.0000e+00  0.0000e+00     0.0000e+00  0.0000e+00     0.0000e+00  0.0000e+00     0.0000e+00  0.0000e+00 
5.9665e+02     0.0000e+00  0.0000e+00     0.0000e+00  0.0000e+00     0.0000e+00  0.0000e+00     0.0000e+00  0.0000e+00 
6.6945e+02     0.0000e+00  0.0000e+00     0.0000e+00  0.0000e+00     0.0000e+00  0.0000e+00     0.0000e+00  0.0000e+00 
7.5114e+02     0.0000e+00  0.0000e+00     0.0000e+00  0.0000e+00     0.0000e+00  0.0000e+00     0.0000e+00  0.0000e+00 
8.4279e+02     0.0000e+00  0.0000e+00     0.0000e+00  0.0000e+00     0.0000e+00  0.0000e+00     0.0000e+00  0.0000e+00 
9.4563e+02     0.0000e+00  0.0000e+00     0.0000e+00  0.0000e+00     0.0000e+00  0.0000e+00     0.0000e+00  0.0000e+00 
1.0610e+03     0.0000e+00  0.0000e+00     0.0000e+00  0.0000e+00     0.0000e+00  0.0000e+00     0.0000e+00  0.0000e+00 
1.1905e+03     0.0000e+00  0.0000e+00     0.0000e+00  0.0000e+00     0.0000e+00  0.0000e+00     0.0000e+00  0.0000e+00 
1.3357e+03     0.0000e+00  0.0000e+00     0.0000e+00  0.0000e+00     0.0000e+00  0.0000e+00     0.0000e+00  0.0000e+00 
1.4987e+03     0.0000e+00  0.0000e+00     0.0000e+00  0.0000e+00     0.0000e+00  0.0000e+00     0.0000e+00  0.0000e+00 
1.6816e+03     0.0000e+00  0.0000e+00     0.0000e+00  0.0000e+00     0.0000e+00  0.0000e+00     0.0000e+00  0.0000e+00 
1.8868e+03     0.0000e+00  0.0000e+00     0.0000e+00  0.0000e+00     0.0000e+00  0.0000e+00     0.0000e+00  0.0000e+00 
2.1170e+03     0.0000e+00  0.0000e+00     0.0000e+00  0.0000e+00     0.0000e+00  0.0000e+00     0.0000e+00  0.0000e+00 
2.3753e+03     0.0000e+00  0.0000e+00     0.0000e+00  0.0000e+00     0.0000e+00  0.0000e+00     0.0000e+00  0.0000e+00 
2.6651e+03     0.0000e+00  0.0000e+00     0.0000e+00  0.0000e+00     0.0000e+00  0.0000e+00     0.0000e+00  0.0000e+00 
2.9903e+03     0.0000e+00  0.0000e+00     0.0000e+00  0.0000e+00     0.0000e+00  0.0000e+00     0.0000e+00  0.0000e+00 
3.3552e+03     0.0000e+00  0.0000e+00     0.0000e+00  0.0000e+00     0.0000e+00  0.0000e+00     0.0000e+00  0.0000e+00 
3.7646e+03     0.0000e+00  0.0000e+00     0.0000e+00  0.0000e+00     0.0000e+00  0.0000e+00     0.0000e+00  0.0000e+00 
4.2240e+03     0.0000e+00  0.0000e+00     0.0000e+00  0.0000e+00     0.0000e+00  0.0000e+00     0.0000e+00  0.0000e+00 
4.7394e+03     0.0000e+00  0.0000e+00     0.0000e+00  0.0000e+00     0.0000e+00  0.0000e+00     0.0000e+00  0.0000e+00 
5.3176e+03     0.0000e+00  0.0000e+00     0.0000e+00  0.0000e+00     0.0000e+00  0.0000e+00     0.0000e+00  0.0000e+00 
5.9665e+03     0.0000e+00  0.0000e+00     0.0000e+00  0.0000e+00     0.0000e+00  0.0000e+00     0.0000e+00  0.0000e+00 
6.6945e+03     0.0000e+00  0.0000e+00     0.0000e+00  0.0000e+00     0.0000e+00  0.0000e+00     0.0000e+00  0.0000e+00 
7.5114e+03     0.0000e+00  0.0000e+00     0.0000e+00  0.0000e+00     0.0000e+00  0.0000e+00     0.0000e+00  0.0000e+00 
8.4279e+03     0.0000e+00  0.0000e+00     0.0000e+00  0.0000e+00     0.0000e+00  0.0000e+00     0.0000e+00  0.0000e+00 
9.4563e+03     0.0000e+00  0.0000e+00     0.0000e+00  0.0000e+00     0.0000e+00  0.0000e+00     0.0000e+00  0.0000e+00 
