yF = 3.7069e-01 (std: 1.6260e-03) keV/um
yD = 5.8507e+00 (std: 2.4952e+00) keV/um
y (keV/um)     f(y)(std)                  yf(y)(std)                 d(y)(std)                  yd(y)(std)  
1.0610e-03     0.0000e+00  0.0000e+00     0.0000e+00  0.0000e+00     0.0000e+00  0.0000e+00     0.0000e+00  0.0000e+00 
1.1905e-03     0.0000e+00  0.0000e+00     0.0000e+00  0.0000e+00     0.0000e+00  0.0000e+00     0.0000e+00  0.0000e+00 
1.3357e-03     6.5173e-03  2.2216e-02     8.7054e-06  2.9675e-05     2.3484e-05  8.0053e-05     3.1369e-08  1.0693e-07 
1.4987e-03     6.3894e-02  2.0365e-02     9.5759e-05  3.0521e-05     2.5833e-04  8.2343e-05     3.8716e-07  1.2341e-07 
1.6816e-03     1.0354e-01  4.7459e-02     1.7411e-04  7.9807e-05     4.6969e-04  2.1530e-04     7.8982e-07  3.6205e-07 
1.8868e-03     7.8436e-02  4.6138e-02     1.4799e-04  8.7052e-05     3.9923e-04  2.3485e-04     7.5326e-07  4.4310e-07 
2.1170e-03     6.1682e-02  2.4172e-02     1.3058e-04  5.1171e-05     3.5226e-04  1.3805e-04     7.4574e-07  2.9226e-07 
2.3753e-03     5.1309e-02  1.9753e-02     1.2188e-04  4.6919e-05     3.2878e-04  1.2658e-04     7.8095e-07  3.0066e-07 
2.6651e-03     4.8996e-02  3.5965e-02     1.3058e-04  9.5850e-05     3.5226e-04  2.5858e-04     9.3883e-07  6.8915e-07 
2.9903e-03     5.8223e-02  2.8709e-02     1.7411e-04  8.5849e-05     4.6969e-04  2.3160e-04     1.4045e-06  6.9257e-07 
3.3552e-03     6.4865e-02  2.1788e-02     2.1763e-04  7.3104e-05     5.8711e-04  1.9723e-04     1.9699e-06  6.6174e-07 
3.7646e-03     6.2436e-02  1.5924e-02     2.3505e-04  5.9947e-05     6.3408e-04  1.6174e-04     2.3870e-06  6.0890e-07 
4.2240e-03     6.8011e-02  2.0764e-02     2.8728e-04  8.7708e-05     7.7498e-04  2.3663e-04     3.2735e-06  9.9953e-07 
4.7394e-03     7.8984e-02  1.8226e-02     3.7433e-04  8.6378e-05     1.0098e-03  2.3306e-04     4.7859e-06  1.1046e-06 
5.3176e-03     7.2031e-02  1.3922e-02     3.8304e-04  7.4030e-05     1.0333e-03  1.9976e-04     5.4948e-06  1.0623e-06 
5.9665e-03     7.0034e-02  3.7165e-02     4.1786e-04  2.2174e-04     1.1272e-03  5.9822e-04     6.7257e-06  3.5693e-06 
6.6945e-03     1.1313e-01  1.6741e-02     7.5737e-04  1.1207e-04     2.0431e-03  3.0246e-04     1.3678e-05  2.0248e-06 
7.5114e-03     1.0431e-01  1.8329e-02     7.8348e-04  1.3768e-04     2.1136e-03  3.7152e-04     1.5876e-05  2.7906e-06 
8.4279e-03     1.2395e-01  1.9220e-02     1.0446e-03  1.6199e-04     2.8181e-03  4.3717e-04     2.3751e-05  3.6844e-06 
9.4563e-03     1.1415e-01  1.3890e-02     1.0795e-03  1.3135e-04     2.9121e-03  3.5456e-04     2.7537e-05  3.3528e-06 
1.0610e-02     1.3948e-01  1.5753e-02     1.4799e-03  1.6714e-04     3.9923e-03  4.5123e-04     4.2359e-05  4.7876e-06 
1.1905e-02     1.6746e-01  3.1274e-02     1.9935e-03  3.7231e-04     5.3779e-03  1.0047e-03     6.4022e-05  1.1960e-05 
1.3357e-02     1.6619e-01  1.1224e-02     2.2199e-03  1.4992e-04     5.9885e-03  4.0528e-04     7.9990e-05  5.4134e-06 
1.4987e-02     1.9342e-01  3.9024e-02     2.8989e-03  5.8486e-04     7.8203e-03  1.5781e-03     1.1720e-04  2.3652e-05 
1.6816e-02     2.0345e-01  1.6636e-02     3.4212e-03  2.7974e-04     9.2293e-03  7.5574e-04     1.5520e-04  1.2708e-05 
1.8868e-02     2.4038e-01  1.7490e-02     4.5355e-03  3.3000e-04     1.2235e-02  8.9185e-04     2.3085e-04  1.6827e-05 
2.1170e-02     2.4714e-01  2.4628e-02     5.2319e-03  5.2137e-04     1.4114e-02  1.4079e-03     2.9879e-04  2.9804e-05 
2.3753e-02     2.8697e-01  2.2923e-02     6.8163e-03  5.4448e-04     1.8388e-02  1.4710e-03     4.3678e-04  3.4942e-05 
2.6651e-02     3.2109e-01  1.6198e-02     8.5574e-03  4.3170e-04     2.3085e-02  1.1690e-03     6.1525e-04  3.1155e-05 
2.9903e-02     3.4352e-01  2.0322e-02     1.0272e-02  6.0768e-04     2.7711e-02  1.6438e-03     8.2866e-04  4.9156e-05 
3.3552e-02     3.7647e-01  1.6763e-02     1.2631e-02  5.6244e-04     3.4076e-02  1.5246e-03     1.1433e-03  5.1154e-05 
3.7646e-02     4.2826e-01  1.9543e-02     1.6122e-02  7.3572e-04     4.3493e-02  1.9939e-03     1.6373e-03  7.5062e-05 
4.2240e-02     4.6474e-01  1.4873e-02     1.9631e-02  6.2825e-04     5.2957e-02  1.7107e-03     2.2369e-03  7.2257e-05 
4.7394e-02     5.1670e-01  1.3933e-02     2.4488e-02  6.6034e-04     6.6061e-02  1.8048e-03     3.1309e-03  8.5536e-05 
5.3176e-02     5.6430e-01  1.2433e-02     3.0007e-02  6.6113e-04     8.0950e-02  1.8185e-03     4.3047e-03  9.6702e-05 
5.9665e-02     6.3425e-01  1.8440e-02     3.7842e-02  1.1002e-03     1.0209e-01  3.0016e-03     6.0910e-03  1.7909e-04 
6.6945e-02     6.8296e-01  1.5105e-02     4.5721e-02  1.0112e-03     1.2334e-01  2.7810e-03     8.2570e-03  1.8618e-04 
7.5114e-02     7.4011e-01  1.5674e-02     5.5592e-02  1.1773e-03     1.4997e-01  3.2434e-03     1.1265e-02  2.4362e-04 
8.4279e-02     8.2303e-01  2.5326e-02     6.9364e-02  2.1344e-03     1.8712e-01  5.8162e-03     1.5771e-02  4.9018e-04 
9.4563e-02     9.3569e-01  2.1952e-02     8.8481e-02  2.0758e-03     2.3869e-01  5.6969e-03     2.2572e-02  5.3872e-04 
1.0610e-01     1.0253e+00  2.1245e-02     1.0878e-01  2.2541e-03     2.9346e-01  6.2155e-03     3.1136e-02  6.5947e-04 
1.1905e-01     1.1385e+00  1.8305e-02     1.3553e-01  2.1792e-03     3.6563e-01  6.0937e-03     4.3527e-02  7.2543e-04 
1.3357e-01     1.2541e+00  1.3951e-02     1.6752e-01  1.8635e-03     4.5191e-01  5.4039e-03     6.0363e-02  7.2181e-04 
1.4987e-01     1.4099e+00  1.6378e-02     2.1130e-01  2.4546e-03     5.7001e-01  7.0781e-03     8.5428e-02  1.0608e-03 
1.6816e-01     1.5818e+00  1.2844e-02     2.6599e-01  2.1599e-03     7.1756e-01  6.6225e-03     1.2066e-01  1.1136e-03 
1.8868e-01     1.7843e+00  1.3911e-02     3.3665e-01  2.6247e-03     9.0819e-01  8.1243e-03     1.7135e-01  1.5329e-03 
2.1170e-01     2.0199e+00  1.2450e-02     4.2761e-01  2.6357e-03     1.1535e+00  8.7269e-03     2.4421e-01  1.8475e-03 
2.3753e-01     2.3204e+00  3.1470e-02     5.5116e-01  7.4751e-03     1.4869e+00  2.1194e-02     3.5317e-01  5.0342e-03 
2.6651e-01     2.6432e+00  1.7343e-02     7.0446e-01  4.6221e-03     1.9004e+00  1.4999e-02     5.0648e-01  3.9974e-03 
2.9903e-01     2.9605e+00  2.1355e-02     8.8530e-01  6.3858e-03     2.3883e+00  2.0162e-02     7.1417e-01  6.0291e-03 
3.3552e-01     2.9364e+00  1.7708e-02     9.8522e-01  5.9414e-03     2.6578e+00  1.9820e-02     8.9175e-01  6.6499e-03 
3.7646e-01     2.4340e+00  2.3285e-02     9.1631e-01  8.7661e-03     2.4719e+00  2.6015e-02     9.3058e-01  9.7937e-03 
4.2240e-01     1.7035e+00  9.2437e-03     7.1955e-01  3.9045e-03     1.9411e+00  1.3544e-02     8.1992e-01  5.7210e-03 
4.7394e-01     1.0557e+00  9.1427e-03     5.0032e-01  4.3331e-03     1.3497e+00  1.3103e-02     6.3967e-01  6.2100e-03 
5.3176e-01     6.4756e-01  4.9495e-03     3.4435e-01  2.6320e-03     9.2895e-01  8.1864e-03     4.9398e-01  4.3532e-03 
5.9665e-01     4.0348e-01  4.0707e-03     2.4074e-01  2.4288e-03     6.4943e-01  7.1446e-03     3.8748e-01  4.2628e-03 
6.6945e-01     2.5997e-01  3.8014e-03     1.7404e-01  2.5449e-03     4.6950e-01  7.1675e-03     3.1431e-01  4.7983e-03 
7.5114e-01     1.7588e-01  2.1593e-03     1.3211e-01  1.6219e-03     3.5640e-01  4.6463e-03     2.6770e-01  3.4900e-03 
8.4279e-01     1.1838e-01  7.4073e-04     9.9772e-02  6.2428e-04     2.6915e-01  2.0567e-03     2.2684e-01  1.7334e-03 
9.4563e-01     8.3397e-02  1.4020e-03     7.8862e-02  1.3258e-03     2.1274e-01  3.6963e-03     2.0118e-01  3.4953e-03 
1.0610e+00     5.9214e-02  7.2676e-04     6.2827e-02  7.7109e-04     1.6949e-01  2.2090e-03     1.7983e-01  2.3438e-03 
1.1905e+00     4.2186e-02  1.0657e-03     5.0221e-02  1.2687e-03     1.3548e-01  3.4739e-03     1.6129e-01  4.1355e-03 
1.3357e+00     3.0019e-02  1.0923e-03     4.0097e-02  1.4591e-03     1.0817e-01  3.9646e-03     1.4448e-01  5.2956e-03 
1.4987e+00     2.0934e-02  6.0334e-04     3.1374e-02  9.0423e-04     8.4637e-02  2.4674e-03     1.2685e-01  3.6980e-03 
1.6816e+00     1.3905e-02  5.2648e-04     2.3383e-02  8.8532e-04     6.3079e-02  2.4043e-03     1.0607e-01  4.0430e-03 
1.8868e+00     9.5092e-03  3.4770e-04     1.7942e-02  6.5602e-04     4.8401e-02  1.7824e-03     9.1322e-02  3.3630e-03 
2.1170e+00     5.9996e-03  2.1451e-04     1.2701e-02  4.5412e-04     3.4264e-02  1.2343e-03     7.2536e-02  2.6129e-03 
2.3753e+00     3.2545e-03  1.3701e-04     7.7304e-03  3.2544e-04     2.0854e-02  8.8268e-04     4.9535e-02  2.0966e-03 
2.6651e+00     1.8814e-03  1.5708e-04     5.0143e-03  4.1864e-04     1.3527e-02  1.1309e-03     3.6051e-02  3.0141e-03 
2.9903e+00     8.8500e-04  9.4902e-05     2.6464e-03  2.8379e-04     7.1392e-03  7.6621e-04     2.1349e-02  2.2912e-03 
3.3552e+00     3.5805e-04  4.6684e-05     1.2013e-03  1.5663e-04     3.2408e-03  4.2278e-04     1.0874e-02  1.4185e-03 
3.7646e+00     1.2718e-04  4.3799e-05     4.7880e-04  1.6489e-04     1.2916e-03  4.4484e-04     4.8625e-03  1.6747e-03 
4.2240e+00     4.5341e-05  1.6629e-05     1.9152e-04  7.0241e-05     5.1665e-04  1.8950e-04     2.1823e-03  8.0045e-04 
4.7394e+00     7.3473e-06  5.0371e-06     3.4821e-05  2.3872e-05     9.3937e-05  6.4401e-05     4.4520e-04  3.0522e-04 
5.3176e+00     1.6371e-06  1.7210e-06     8.7054e-06  9.1516e-06     2.3484e-05  2.4688e-05     1.2488e-04  1.3128e-04 
5.9665e+00     0.0000e+00  0.0000e+00     0.0000e+00  0.0000e+00     0.0000e+00  0.0000e+00     0.0000e+00  0.0000e+00 
6.6945e+00     0.0000e+00  0.0000e+00     0.0000e+00  0.0000e+00     0.0000e+00  0.0000e+00     0.0000e+00  0.0000e+00 
7.5114e+00     0.0000e+00  0.0000e+00     0.0000e+00  0.0000e+00     0.0000e+00  0.0000e+00     0.0000e+00  0.0000e+00 
8.4279e+00     0.0000e+00  0.0000e+00     0.0000e+00  0.0000e+00     0.0000e+00  0.0000e+00     0.0000e+00  0.0000e+00 
9.4563e+00     0.0000e+00  0.0000e+00     0.0000e+00  0.0000e+00     0.0000e+00  0.0000e+00     0.0000e+00  0.0000e+00 
1.0610e+01     0.0000e+00  0.0000e+00     0.0000e+00  0.0000e+00     0.0000e+00  0.0000e+00     0.0000e+00  0.0000e+00 
1.1905e+01     7.3125e-07  1.9346e-07     8.7054e-06  2.3030e-06     2.3484e-05  6.2137e-06     2.7957e-04  7.3972e-05 
1.3357e+01     0.0000e+00  0.0000e+00     0.0000e+00  0.0000e+00     0.0000e+00  0.0000e+00     0.0000e+00  0.0000e+00 
1.4987e+01     0.0000e+00  0.0000e+00     0.0000e+00  0.0000e+00     0.0000e+00  0.0000e+00     0.0000e+00  0.0000e+00 
1.6816e+01     5.1769e-07  8.0272e-07     8.7054e-06  1.3498e-05     2.3484e-05  3.6415e-05     3.9491e-04  6.1234e-04 
1.8868e+01     0.0000e+00  0.0000e+00     0.0000e+00  0.0000e+00     0.0000e+00  0.0000e+00     0.0000e+00  0.0000e+00 
2.1170e+01     0.0000e+00  0.0000e+00     0.0000e+00  0.0000e+00     0.0000e+00  0.0000e+00     0.0000e+00  0.0000e+00 
2.3753e+01     3.6650e-07  6.8135e-07     8.7054e-06  1.6184e-05     2.3484e-05  4.3659e-05     5.5782e-04  1.0370e-03 
2.6651e+01     0.0000e+00  0.0000e+00     0.0000e+00  0.0000e+00     0.0000e+00  0.0000e+00     0.0000e+00  0.0000e+00 
2.9903e+01     2.9112e-07  2.5512e-07     8.7054e-06  7.6290e-06     2.3484e-05  2.0581e-05     7.0226e-04  6.1543e-04 
3.3552e+01     0.0000e+00  0.0000e+00     0.0000e+00  0.0000e+00     0.0000e+00  0.0000e+00     0.0000e+00  0.0000e+00 
3.7646e+01     0.0000e+00  0.0000e+00     0.0000e+00  0.0000e+00     0.0000e+00  0.0000e+00     0.0000e+00  0.0000e+00 
4.2240e+01     0.0000e+00  0.0000e+00     0.0000e+00  0.0000e+00     0.0000e+00  0.0000e+00     0.0000e+00  0.0000e+00 
4.7394e+01     0.0000e+00  0.0000e+00     0.0000e+00  0.0000e+00     0.0000e+00  0.0000e+00     0.0000e+00  0.0000e+00 
5.3176e+01     0.0000e+00  0.0000e+00     0.0000e+00  0.0000e+00     0.0000e+00  0.0000e+00     0.0000e+00  0.0000e+00 
5.9665e+01     1.4590e-07  1.0861e-07     8.7054e-06  6.4804e-06     2.3484e-05  1.7482e-05     1.4012e-03  1.0431e-03 
6.6945e+01     1.3004e-07  8.8083e-08     8.7054e-06  5.8967e-06     2.3484e-05  1.5908e-05     1.5722e-03  1.0650e-03 
7.5114e+01     1.1590e-07  5.7970e-08     8.7054e-06  4.3544e-06     2.3484e-05  1.1747e-05     1.7640e-03  8.8237e-04 
8.4279e+01     0.0000e+00  0.0000e+00     0.0000e+00  0.0000e+00     0.0000e+00  0.0000e+00     0.0000e+00  0.0000e+00 
9.4563e+01     9.2059e-08  1.7115e-07     8.7054e-06  1.6184e-05     2.3484e-05  4.3659e-05     2.2207e-03  4.1286e-03 
1.0610e+02     8.2048e-08  6.6385e-08     8.7054e-06  7.0435e-06     2.3484e-05  1.9001e-05     2.4917e-03  2.0161e-03 
1.1905e+02     0.0000e+00  0.0000e+00     0.0000e+00  0.0000e+00     0.0000e+00  0.0000e+00     0.0000e+00  0.0000e+00 
1.3357e+02     1.9552e-07  1.0801e-07     2.6116e-05  1.4427e-05     7.0453e-05  3.8921e-05     9.4106e-03  5.1988e-03 
1.4987e+02     0.0000e+00  0.0000e+00     0.0000e+00  0.0000e+00     0.0000e+00  0.0000e+00     0.0000e+00  0.0000e+00 
1.6816e+02     5.1769e-08  3.3783e-08     8.7054e-06  5.6808e-06     2.3484e-05  1.5325e-05     3.9491e-03  2.5771e-03 
1.8868e+02     9.2278e-08  5.0248e-08     1.7411e-05  9.4807e-06     4.6969e-05  2.5577e-05     8.8619e-03  4.8257e-03 
2.1170e+02     0.0000e+00  0.0000e+00     0.0000e+00  0.0000e+00     0.0000e+00  0.0000e+00     0.0000e+00  0.0000e+00 
2.3753e+02     3.6650e-08  3.3629e-08     8.7054e-06  7.9878e-06     2.3484e-05  2.1549e-05     5.5782e-03  5.1185e-03 
2.6651e+02     3.2664e-08  2.4316e-08     8.7054e-06  6.4804e-06     2.3484e-05  1.7482e-05     6.2589e-03  4.6593e-03 
2.9903e+02     0.0000e+00  0.0000e+00     0.0000e+00  0.0000e+00     0.0000e+00  0.0000e+00     0.0000e+00  0.0000e+00 
3.3552e+02     0.0000e+00  0.0000e+00     0.0000e+00  0.0000e+00     0.0000e+00  0.0000e+00     0.0000e+00  0.0000e+00 
3.7646e+02     0.0000e+00  0.0000e+00     0.0000e+00  0.0000e+00     0.0000e+00  0.0000e+00     0.0000e+00  0.0000e+00 
4.2240e+02     0.0000e+00  0.0000e+00     0.0000e+00  0.0000e+00     0.0000e+00  0.0000e+00     0.0000e+00  0.0000e+00 
4.7394e+02     1.8368e-08  1.8103e-08     8.7054e-06  8.5799e-06     2.3484e-05  2.3146e-05     1.1130e-02  1.0970e-02 
5.3176e+02     0.0000e+00  0.0000e+00     0.0000e+00  0.0000e+00     0.0000e+00  0.0000e+00     0.0000e+00  0.0000e+00 
5.9665e+02     2.9181e-08  1.8816e-08     1.7411e-05  1.1226e-05     4.6969e-05  3.0286e-05     2.8024e-02  1.8070e-02 
6.6945e+02     0.0000e+00  0.0000e+00     0.0000e+00  0.0000e+00     0.0000e+00  0.0000e+00     0.0000e+00  0.0000e+00 
7.5114e+02     0.0000e+00  0.0000e+00     0.0000e+00  0.0000e+00     0.0000e+00  0.0000e+00     0.0000e+00  0.0000e+00 
8.4279e+02     1.0329e-08  1.1125e-08     8.7054e-06  9.3758e-06     2.3484e-05  2.5293e-05     1.9792e-02  2.1317e-02 
9.4563e+02     0.0000e+00  0.0000e+00     0.0000e+00  0.0000e+00     0.0000e+00  0.0000e+00     0.0000e+00  0.0000e+00 
1.0610e+03     0.0000e+00  0.0000e+00     0.0000e+00  0.0000e+00     0.0000e+00  0.0000e+00     0.0000e+00  0.0000e+00 
1.1905e+03     0.0000e+00  0.0000e+00     0.0000e+00  0.0000e+00     0.0000e+00  0.0000e+00     0.0000e+00  0.0000e+00 
1.3357e+03     0.0000e+00  0.0000e+00     0.0000e+00  0.0000e+00     0.0000e+00  0.0000e+00     0.0000e+00  0.0000e+00 
1.4987e+03     0.0000e+00  0.0000e+00     0.0000e+00  0.0000e+00     0.0000e+00  0.0000e+00     0.0000e+00  0.0000e+00 
1.6816e+03     0.0000e+00  0.0000e+00     0.0000e+00  0.0000e+00     0.0000e+00  0.0000e+00     0.0000e+00  0.0000e+00 
1.8868e+03     0.0000e+00  0.0000e+00     0.0000e+00  0.0000e+00     0.0000e+00  0.0000e+00     0.0000e+00  0.0000e+00 
2.1170e+03     0.0000e+00  0.0000e+00     0.0000e+00  0.0000e+00     0.0000e+00  0.0000e+00     0.0000e+00  0.0000e+00 
2.3753e+03     0.0000e+00  0.0000e+00     0.0000e+00  0.0000e+00     0.0000e+00  0.0000e+00     0.0000e+00  0.0000e+00 
2.6651e+03     0.0000e+00  0.0000e+00     0.0000e+00  0.0000e+00     0.0000e+00  0.0000e+00     0.0000e+00  0.0000e+00 
2.9903e+03     0.0000e+00  0.0000e+00     0.0000e+00  0.0000e+00     0.0000e+00  0.0000e+00     0.0000e+00  0.0000e+00 
3.3552e+03     0.0000e+00  0.0000e+00     0.0000e+00  0.0000e+00     0.0000e+00  0.0000e+00     0.0000e+00  0.0000e+00 
3.7646e+03     0.0000e+00  0.0000e+00     0.0000e+00  0.0000e+00     0.0000e+00  0.0000e+00     0.0000e+00  0.0000e+00 
4.2240e+03     0.0000e+00  0.0000e+00     0.0000e+00  0.0000e+00     0.0000e+00  0.0000e+00     0.0000e+00  0.0000e+00 
4.7394e+03     0.0000e+00  0.0000e+00     0.0000e+00  0.0000e+00     0.0000e+00  0.0000e+00     0.0000e+00  0.0000e+00 
5.3176e+03     0.0000e+00  0.0000e+00     0.0000e+00  0.0000e+00     0.0000e+00  0.0000e+00     0.0000e+00  0.0000e+00 
5.9665e+03     0.0000e+00  0.0000e+00     0.0000e+00  0.0000e+00     0.0000e+00  0.0000e+00     0.0000e+00  0.0000e+00 
6.6945e+03     0.0000e+00  0.0000e+00     0.0000e+00  0.0000e+00     0.0000e+00  0.0000e+00     0.0000e+00  0.0000e+00 
7.5114e+03     0.0000e+00  0.0000e+00     0.0000e+00  0.0000e+00     0.0000e+00  0.0000e+00     0.0000e+00  0.0000e+00 
8.4279e+03     0.0000e+00  0.0000e+00     0.0000e+00  0.0000e+00     0.0000e+00  0.0000e+00     0.0000e+00  0.0000e+00 
9.4563e+03     0.0000e+00  0.0000e+00     0.0000e+00  0.0000e+00     0.0000e+00  0.0000e+00     0.0000e+00  0.0000e+00 
