yF = 1.2416e+01 (std: 1.6922e-02) keV/um
yD = 1.3632e+01 (std: 1.9215e-02) keV/um
y (keV/um)     f(y)(std)                  yf(y)(std)                 d(y)(std)                  yd(y)(std)  
1.0610e-03     2.5649e-02  4.0028e-02     2.7213e-05  4.2470e-05     2.1917e-06  3.4204e-06     2.3254e-09  3.6291e-09 
1.1905e-03     1.5240e-02  1.0728e-02     1.8142e-05  1.2771e-05     1.4612e-06  1.0286e-06     1.7395e-09  1.2245e-09 
1.3357e-03     1.3582e-02  9.2508e-03     1.8142e-05  1.2357e-05     1.4612e-06  9.9518e-07     1.9517e-09  1.3293e-09 
1.4987e-03     1.2105e-02  3.6071e-03     1.8142e-05  5.4061e-06     1.4612e-06  4.3540e-07     2.1899e-09  6.5254e-10 
1.6816e-03     3.7761e-02  2.1027e-02     6.3498e-05  3.5358e-05     5.1140e-06  2.8477e-06     8.5997e-09  4.7887e-09 
1.8868e-03     9.6155e-03  7.7520e-03     1.8142e-05  1.4626e-05     1.4612e-06  1.1780e-06     2.7569e-09  2.2226e-09 
2.1170e-03     8.5699e-03  5.6932e-03     1.8142e-05  1.2052e-05     1.4612e-06  9.7069e-07     3.0932e-09  2.0549e-09 
2.3753e-03     7.6379e-03  5.7076e-03     1.8142e-05  1.3557e-05     1.4612e-06  1.0919e-06     3.4707e-09  2.5936e-09 
2.6651e-03     1.7018e-02  1.3727e-02     4.5356e-05  3.6584e-05     3.6529e-06  2.9465e-06     9.7354e-09  7.8527e-09 
2.9903e-03     6.0670e-03  2.4307e-03     1.8142e-05  7.2685e-06     1.4612e-06  5.8539e-07     4.3693e-09  1.7505e-09 
3.3552e-03     2.7036e-03  1.9664e-03     9.0712e-06  6.5976e-06     7.3058e-07  5.3136e-07     2.4512e-09  1.7828e-09 
3.7646e-03     1.2048e-02  5.2204e-03     4.5356e-05  1.9653e-05     3.6529e-06  1.5828e-06     1.3752e-08  5.9587e-09 
4.2240e-03     8.5902e-03  3.9158e-03     3.6285e-05  1.6540e-05     2.9223e-06  1.3321e-06     1.2344e-08  5.6268e-09 
4.7394e-03     5.7420e-03  3.0441e-03     2.7213e-05  1.4427e-05     2.1917e-06  1.1619e-06     1.0387e-08  5.5068e-09 
5.3176e-03     6.8234e-03  3.5950e-03     3.6285e-05  1.9117e-05     2.9223e-06  1.5397e-06     1.5540e-08  8.1874e-09 
5.9665e-03     7.6017e-03  3.3987e-03     4.5356e-05  2.0278e-05     3.6529e-06  1.6332e-06     2.1795e-08  9.7443e-09 
6.6945e-03     6.7751e-03  3.8957e-03     4.5356e-05  2.6080e-05     3.6529e-06  2.1004e-06     2.4454e-08  1.4061e-08 
7.5114e-03     8.4536e-03  3.4543e-03     6.3498e-05  2.5947e-05     5.1140e-06  2.0897e-06     3.8413e-08  1.5697e-08 
8.4279e-03     7.5343e-03  4.1510e-03     6.3498e-05  3.4984e-05     5.1140e-06  2.8176e-06     4.3101e-08  2.3746e-08 
9.4563e-03     4.0290e-02  1.0957e-02     3.8099e-04  1.0361e-04     3.0684e-05  8.3445e-06     2.9016e-07  7.8908e-08 
1.0610e-02     5.0442e-02  8.1028e-03     5.3520e-04  8.5972e-05     4.3104e-05  6.9243e-06     4.5734e-07  7.3467e-08 
1.1905e-02     4.8767e-02  9.2872e-03     5.8055e-04  1.1056e-04     4.6757e-05  8.9047e-06     5.5663e-07  1.0601e-07 
1.3357e-02     4.0747e-02  8.6361e-03     5.4427e-04  1.1535e-04     4.3835e-05  9.2907e-06     5.8551e-07  1.2410e-07 
1.4987e-02     3.8132e-02  1.2558e-02     5.7148e-04  1.8821e-04     4.6026e-05  1.5158e-05     6.8980e-07  2.2718e-07 
1.6816e-02     3.0748e-02  5.8880e-03     5.1706e-04  9.9012e-05     4.1643e-05  7.9745e-06     7.0026e-07  1.3410e-07 
1.8868e-02     3.1250e-02  9.8525e-03     5.8963e-04  1.8589e-04     4.7487e-05  1.4972e-05     8.9598e-07  2.8248e-07 
2.1170e-02     2.6138e-02  9.1176e-03     5.5334e-04  1.9302e-04     4.4565e-05  1.5546e-05     9.4344e-07  3.2910e-07 
2.3753e-02     2.2150e-02  5.3561e-03     5.2613e-04  1.2722e-04     4.2373e-05  1.0246e-05     1.0065e-06  2.4339e-07 
2.6651e-02     1.2253e-02  3.6779e-03     3.2656e-04  9.8022e-05     2.6301e-05  7.8946e-06     7.0095e-07  2.1040e-07 
2.9903e-02     1.3954e-02  3.1869e-03     4.1727e-04  9.5298e-05     3.3607e-05  7.6753e-06     1.0049e-06  2.2952e-07 
3.3552e-02     1.3788e-02  2.2614e-03     4.6263e-04  7.5874e-05     3.7259e-05  6.1110e-06     1.2501e-06  2.0504e-07 
3.7646e-02     1.0602e-02  2.4819e-03     3.9913e-04  9.3434e-05     3.2145e-05  7.5252e-06     1.2101e-06  2.8329e-07 
4.2240e-02     1.2885e-02  2.5327e-03     5.4427e-04  1.0698e-04     4.3835e-05  8.6160e-06     1.8516e-06  3.6394e-07 
4.7394e-02     8.6130e-03  1.5821e-03     4.0820e-04  7.4983e-05     3.2876e-05  6.0391e-06     1.5581e-06  2.8622e-07 
5.3176e-02     6.1411e-03  2.1891e-03     3.2656e-04  1.1641e-04     2.6301e-05  9.3756e-06     1.3986e-06  4.9856e-07 
5.9665e-02     7.7538e-03  1.3306e-03     4.6263e-04  7.9388e-05     3.7259e-05  6.3940e-06     2.2231e-06  3.8150e-07 
6.6945e-02     8.9431e-03  1.6013e-03     5.9870e-04  1.0720e-04     4.8218e-05  8.6340e-06     3.2280e-06  5.7801e-07 
7.5114e-02     6.4006e-03  2.2755e-03     4.8077e-04  1.7092e-04     3.8721e-05  1.3766e-05     2.9084e-06  1.0340e-06 
8.4279e-02     8.7182e-03  1.2089e-03     7.3476e-04  1.0189e-04     5.9177e-05  8.2062e-06     4.9873e-06  6.9161e-07 
9.4563e-02     5.8516e-03  1.6909e-03     5.5334e-04  1.5990e-04     4.4565e-05  1.2878e-05     4.2142e-06  1.2178e-06 
1.0610e-01     5.9847e-03  1.5835e-03     6.3498e-04  1.6801e-04     5.1140e-05  1.3531e-05     5.4260e-06  1.4357e-06 
1.1905e-01     6.0958e-03  2.9890e-03     7.2569e-04  3.5583e-04     5.8446e-05  2.8658e-05     6.9578e-06  3.4117e-06 
1.3357e-01     6.7912e-03  1.8387e-03     9.0712e-04  2.4560e-04     7.3058e-05  1.9781e-05     9.7585e-06  2.6422e-06 
1.4987e-01     5.6895e-03  6.4408e-04     8.5269e-04  9.6529e-05     6.8674e-05  7.7749e-06     1.0292e-05  1.1652e-06 
1.6816e-01     5.1247e-03  7.4784e-04     8.6176e-04  1.2576e-04     6.9405e-05  1.0129e-05     1.1671e-05  1.7032e-06 
1.8868e-01     5.0001e-03  3.2839e-04     9.4340e-04  6.1959e-05     7.5980e-05  4.9912e-06     1.4336e-05  9.4172e-07 
2.1170e-01     5.3990e-03  1.6542e-03     1.1430e-03  3.5020e-04     9.2053e-05  2.8205e-05     1.9487e-05  5.9709e-06 
2.3753e-01     4.3536e-03  4.7361e-04     1.0341e-03  1.1250e-04     8.3286e-05  9.0610e-06     1.9783e-05  2.1523e-06 
2.6651e-01     4.0163e-03  1.0370e-03     1.0704e-03  2.7637e-04     8.6208e-05  2.2259e-05     2.2976e-05  5.9323e-06 
2.9903e-01     3.5795e-03  6.1080e-04     1.0704e-03  1.8265e-04     8.6208e-05  1.4711e-05     2.5779e-05  4.3990e-06 
3.3552e-01     3.7310e-03  2.6596e-04     1.2518e-03  8.9234e-05     1.0082e-04  7.1881e-06     3.3827e-05  2.4117e-06 
3.7646e-01     3.1807e-03  3.8915e-04     1.1974e-03  1.4650e-04     9.6436e-05  1.1800e-05     3.6304e-05  4.4421e-06 
4.2240e-01     2.4267e-03  2.4790e-04     1.0250e-03  1.0471e-04     8.2555e-05  8.4339e-06     3.4871e-05  3.5624e-06 
4.7394e-01     1.9714e-03  2.1513e-04     9.3433e-04  1.0196e-04     7.5249e-05  8.2123e-06     3.5663e-05  3.8921e-06 
5.3176e-01     1.8764e-03  2.7186e-04     9.9783e-04  1.4457e-04     8.0363e-05  1.1644e-05     4.2734e-05  6.1917e-06 
5.9665e-01     1.9004e-03  3.7605e-04     1.1339e-03  2.2437e-04     9.1322e-05  1.8071e-05     5.4487e-05  1.0782e-05 
6.6945e-01     2.3713e-03  2.7827e-04     1.5875e-03  1.8629e-04     1.2785e-04  1.5004e-05     8.5590e-05  1.0045e-05 
7.5114e-01     2.7655e-03  2.2449e-04     2.0773e-03  1.6862e-04     1.6730e-04  1.3583e-05     1.2567e-04  1.0202e-05 
8.4279e-01     2.5617e-03  2.5008e-04     2.1589e-03  2.1077e-04     1.7388e-04  1.6977e-05     1.4654e-04  1.4308e-05 
9.4563e-01     2.9833e-03  2.4548e-04     2.8211e-03  2.3214e-04     2.2721e-04  1.8698e-05     2.1485e-04  1.7682e-05 
1.0610e+00     3.3001e-03  2.9285e-04     3.5015e-03  3.1071e-04     2.8200e-04  2.5027e-05     2.9921e-04  2.6554e-05 
1.1905e+00     3.7032e-03  2.7384e-04     4.4086e-03  3.2600e-04     3.5506e-04  2.6260e-05     4.2269e-04  3.1261e-05 
1.3357e+00     4.4007e-03  3.1308e-04     5.8781e-03  4.1820e-04     4.7341e-04  3.3687e-05     6.3235e-04  4.4997e-05 
1.4987e+00     4.5213e-03  2.2072e-04     6.7762e-03  3.3079e-04     5.4574e-04  2.6652e-05     8.1791e-04  3.9944e-05 
1.6816e+00     5.2541e-03  1.3624e-04     8.8353e-03  2.2910e-04     7.1158e-04  1.8477e-05     1.1966e-03  3.1070e-05 
1.8868e+00     6.0241e-03  2.4691e-04     1.1366e-02  4.6587e-04     9.1541e-04  3.7541e-05     1.7272e-03  7.0832e-05 
2.1170e+00     6.8087e-03  1.9375e-04     1.4414e-02  4.1016e-04     1.1609e-03  3.3071e-05     2.4576e-03  7.0012e-05 
2.3753e+00     7.7716e-03  2.5476e-04     1.8460e-02  6.0514e-04     1.4867e-03  4.8779e-05     3.5314e-03  1.1587e-04 
2.6651e+00     9.1252e-03  4.7661e-04     2.4320e-02  1.2702e-03     1.9587e-03  1.0234e-04     5.2201e-03  2.7274e-04 
2.9903e+00     1.0402e-02  2.0442e-04     3.1105e-02  6.1129e-04     2.5051e-03  4.9351e-05     7.4912e-03  1.4757e-04 
3.3552e+00     1.2282e-02  2.9891e-04     4.1210e-02  1.0029e-03     3.3190e-03  8.0899e-05     1.1136e-02  2.7143e-04 
3.7646e+00     1.4347e-02  4.0851e-04     5.4010e-02  1.5379e-03     4.3499e-03  1.2400e-04     1.6375e-02  4.6681e-04 
4.2240e+00     1.7099e-02  6.1606e-04     7.2225e-02  2.6022e-03     5.8168e-03  2.0973e-04     2.4570e-02  8.8588e-04 
4.7394e+00     2.0350e-02  2.0751e-04     9.6445e-02  9.8348e-04     7.7675e-03  7.9912e-05     3.6813e-02  3.7873e-04 
5.3176e+00     2.4264e-02  4.0601e-04     1.2903e-01  2.1590e-03     1.0392e-02  1.7446e-04     5.5259e-02  9.2770e-04 
5.9665e+00     2.9028e-02  3.5155e-04     1.7320e-01  2.0975e-03     1.3949e-02  1.7000e-04     8.3226e-02  1.0143e-03 
6.6945e+00     3.5530e-02  4.1437e-04     2.3785e-01  2.7740e-03     1.9156e-02  2.2493e-04     1.2824e-01  1.5058e-03 
7.5114e+00     4.2158e-02  3.5748e-04     3.1666e-01  2.6852e-03     2.5504e-02  2.1904e-04     1.9157e-01  1.6453e-03 
8.4279e+00     4.9556e-02  3.6488e-04     4.1765e-01  3.0751e-03     3.3637e-02  2.5187e-04     2.8349e-01  2.1228e-03 
9.4563e+00     5.7823e-02  3.5517e-04     5.4679e-01  3.3586e-03     4.4038e-02  2.7708e-04     4.1643e-01  2.6201e-03 
1.0610e+01     6.7605e-02  4.3887e-04     7.1729e-01  4.6564e-03     5.7770e-02  3.8320e-04     6.1294e-01  4.0658e-03 
1.1905e+01     7.9340e-02  6.8872e-04     9.4452e-01  8.1990e-03     7.6071e-02  6.6842e-04     9.0560e-01  7.9574e-03 
1.3357e+01     9.4140e-02  2.7943e-04     1.2575e+00  3.7324e-03     1.0127e-01  3.3077e-04     1.3527e+00  4.4183e-03 
1.4987e+01     1.1355e-01  1.7358e-04     1.7017e+00  2.6015e-03     1.3705e-01  2.8070e-04     2.0541e+00  4.2069e-03 
1.6816e+01     9.9220e-02  1.6462e-04     1.6685e+00  2.7682e-03     1.3438e-01  2.8852e-04     2.2597e+00  4.8518e-03 
1.8868e+01     8.2396e-03  6.6916e-05     1.5546e-01  1.2626e-03     1.2521e-02  1.0311e-04     2.3624e-01  1.9454e-03 
2.1170e+01     1.2855e-05  3.3159e-06     2.7213e-04  7.0197e-05     2.1917e-05  5.6536e-06     4.6399e-04  1.1969e-04 
2.3753e+01     7.6379e-07  2.7883e-07     1.8142e-05  6.6232e-06     1.4612e-06  5.3342e-07     3.4707e-05  1.2670e-05 
2.6651e+01     2.0422e-06  1.4203e-06     5.4427e-05  3.7852e-05     4.3835e-06  3.0486e-06     1.1683e-04  8.1248e-05 
2.9903e+01     2.1234e-06  1.0249e-06     6.3498e-05  3.0646e-05     5.1140e-06  2.4682e-06     1.5293e-04  7.3808e-05 
3.3552e+01     2.1629e-06  7.1112e-07     7.2569e-05  2.3860e-05     5.8446e-06  1.9216e-06     1.9610e-04  6.4475e-05 
3.7646e+01     1.4458e-06  5.5793e-07     5.4427e-05  2.1004e-05     4.3835e-06  1.6916e-06     1.6502e-04  6.3683e-05 
4.2240e+01     1.2885e-06  4.7693e-07     5.4427e-05  2.0145e-05     4.3835e-06  1.6225e-06     1.8516e-04  6.8532e-05 
4.7394e+01     1.5312e-06  5.2330e-07     7.2569e-05  2.4801e-05     5.8446e-06  1.9974e-06     2.7700e-04  9.4666e-05 
5.3176e+01     1.3647e-06  4.6561e-07     7.2569e-05  2.4759e-05     5.8446e-06  1.9941e-06     3.1080e-04  1.0604e-04 
5.9665e+01     1.2163e-06  4.7544e-07     7.2569e-05  2.8367e-05     5.8446e-06  2.2847e-06     3.4872e-04  1.3631e-04 
6.6945e+01     1.3550e-07  2.3470e-08     9.0712e-06  1.5712e-06     7.3058e-07  1.2655e-07     4.8909e-05  8.4718e-06 
7.5114e+01     1.2077e-07  4.1168e-07     9.0712e-06  3.0922e-05     7.3058e-07  2.4904e-06     5.4876e-05  1.8707e-04 
8.4279e+01     0.0000e+00  0.0000e+00     0.0000e+00  0.0000e+00     0.0000e+00  0.0000e+00     0.0000e+00  0.0000e+00 
9.4563e+01     0.0000e+00  0.0000e+00     0.0000e+00  0.0000e+00     0.0000e+00  0.0000e+00     0.0000e+00  0.0000e+00 
1.0610e+02     0.0000e+00  0.0000e+00     0.0000e+00  0.0000e+00     0.0000e+00  0.0000e+00     0.0000e+00  0.0000e+00 
1.1905e+02     0.0000e+00  0.0000e+00     0.0000e+00  0.0000e+00     0.0000e+00  0.0000e+00     0.0000e+00  0.0000e+00 
1.3357e+02     0.0000e+00  0.0000e+00     0.0000e+00  0.0000e+00     0.0000e+00  0.0000e+00     0.0000e+00  0.0000e+00 
1.4987e+02     0.0000e+00  0.0000e+00     0.0000e+00  0.0000e+00     0.0000e+00  0.0000e+00     0.0000e+00  0.0000e+00 
1.6816e+02     0.0000e+00  0.0000e+00     0.0000e+00  0.0000e+00     0.0000e+00  0.0000e+00     0.0000e+00  0.0000e+00 
1.8868e+02     0.0000e+00  0.0000e+00     0.0000e+00  0.0000e+00     0.0000e+00  0.0000e+00     0.0000e+00  0.0000e+00 
2.1170e+02     0.0000e+00  0.0000e+00     0.0000e+00  0.0000e+00     0.0000e+00  0.0000e+00     0.0000e+00  0.0000e+00 
2.3753e+02     0.0000e+00  0.0000e+00     0.0000e+00  0.0000e+00     0.0000e+00  0.0000e+00     0.0000e+00  0.0000e+00 
2.6651e+02     0.0000e+00  0.0000e+00     0.0000e+00  0.0000e+00     0.0000e+00  0.0000e+00     0.0000e+00  0.0000e+00 
2.9903e+02     0.0000e+00  0.0000e+00     0.0000e+00  0.0000e+00     0.0000e+00  0.0000e+00     0.0000e+00  0.0000e+00 
3.3552e+02     0.0000e+00  0.0000e+00     0.0000e+00  0.0000e+00     0.0000e+00  0.0000e+00     0.0000e+00  0.0000e+00 
3.7646e+02     0.0000e+00  0.0000e+00     0.0000e+00  0.0000e+00     0.0000e+00  0.0000e+00     0.0000e+00  0.0000e+00 
4.2240e+02     0.0000e+00  0.0000e+00     0.0000e+00  0.0000e+00     0.0000e+00  0.0000e+00     0.0000e+00  0.0000e+00 
4.7394e+02     0.0000e+00  0.0000e+00     0.0000e+00  0.0000e+00     0.0000e+00  0.0000e+00     0.0000e+00  0.0000e+00 
5.3176e+02     0.0000e+00  0.0000e+00     0.0000e+00  0.0000e+00     0.0000e+00  0.0000e+00     0.0000e+00  0.0000e+00 
5.9665e+02     0.0000e+00  0.0000e+00     0.0000e+00  0.0000e+00     0.0000e+00  0.0000e+00     0.0000e+00  0.0000e+00 
6.6945e+02     0.0000e+00  0.0000e+00     0.0000e+00  0.0000e+00     0.0000e+00  0.0000e+00     0.0000e+00  0.0000e+00 
7.5114e+02     0.0000e+00  0.0000e+00     0.0000e+00  0.0000e+00     0.0000e+00  0.0000e+00     0.0000e+00  0.0000e+00 
8.4279e+02     0.0000e+00  0.0000e+00     0.0000e+00  0.0000e+00     0.0000e+00  0.0000e+00     0.0000e+00  0.0000e+00 
9.4563e+02     0.0000e+00  0.0000e+00     0.0000e+00  0.0000e+00     0.0000e+00  0.0000e+00     0.0000e+00  0.0000e+00 
1.0610e+03     0.0000e+00  0.0000e+00     0.0000e+00  0.0000e+00     0.0000e+00  0.0000e+00     0.0000e+00  0.0000e+00 
1.1905e+03     0.0000e+00  0.0000e+00     0.0000e+00  0.0000e+00     0.0000e+00  0.0000e+00     0.0000e+00  0.0000e+00 
1.3357e+03     0.0000e+00  0.0000e+00     0.0000e+00  0.0000e+00     0.0000e+00  0.0000e+00     0.0000e+00  0.0000e+00 
1.4987e+03     0.0000e+00  0.0000e+00     0.0000e+00  0.0000e+00     0.0000e+00  0.0000e+00     0.0000e+00  0.0000e+00 
1.6816e+03     0.0000e+00  0.0000e+00     0.0000e+00  0.0000e+00     0.0000e+00  0.0000e+00     0.0000e+00  0.0000e+00 
1.8868e+03     0.0000e+00  0.0000e+00     0.0000e+00  0.0000e+00     0.0000e+00  0.0000e+00     0.0000e+00  0.0000e+00 
2.1170e+03     0.0000e+00  0.0000e+00     0.0000e+00  0.0000e+00     0.0000e+00  0.0000e+00     0.0000e+00  0.0000e+00 
2.3753e+03     0.0000e+00  0.0000e+00     0.0000e+00  0.0000e+00     0.0000e+00  0.0000e+00     0.0000e+00  0.0000e+00 
2.6651e+03     0.0000e+00  0.0000e+00     0.0000e+00  0.0000e+00     0.0000e+00  0.0000e+00     0.0000e+00  0.0000e+00 
2.9903e+03     0.0000e+00  0.0000e+00     0.0000e+00  0.0000e+00     0.0000e+00  0.0000e+00     0.0000e+00  0.0000e+00 
3.3552e+03     0.0000e+00  0.0000e+00     0.0000e+00  0.0000e+00     0.0000e+00  0.0000e+00     0.0000e+00  0.0000e+00 
3.7646e+03     0.0000e+00  0.0000e+00     0.0000e+00  0.0000e+00     0.0000e+00  0.0000e+00     0.0000e+00  0.0000e+00 
4.2240e+03     0.0000e+00  0.0000e+00     0.0000e+00  0.0000e+00     0.0000e+00  0.0000e+00     0.0000e+00  0.0000e+00 
4.7394e+03     0.0000e+00  0.0000e+00     0.0000e+00  0.0000e+00     0.0000e+00  0.0000e+00     0.0000e+00  0.0000e+00 
5.3176e+03     0.0000e+00  0.0000e+00     0.0000e+00  0.0000e+00     0.0000e+00  0.0000e+00     0.0000e+00  0.0000e+00 
5.9665e+03     0.0000e+00  0.0000e+00     0.0000e+00  0.0000e+00     0.0000e+00  0.0000e+00     0.0000e+00  0.0000e+00 
6.6945e+03     0.0000e+00  0.0000e+00     0.0000e+00  0.0000e+00     0.0000e+00  0.0000e+00     0.0000e+00  0.0000e+00 
7.5114e+03     0.0000e+00  0.0000e+00     0.0000e+00  0.0000e+00     0.0000e+00  0.0000e+00     0.0000e+00  0.0000e+00 
8.4279e+03     0.0000e+00  0.0000e+00     0.0000e+00  0.0000e+00     0.0000e+00  0.0000e+00     0.0000e+00  0.0000e+00 
9.4563e+03     0.0000e+00  0.0000e+00     0.0000e+00  0.0000e+00     0.0000e+00  0.0000e+00     0.0000e+00  0.0000e+00 
