yF = 1.6512e+00 (std: 5.8596e-03) keV/um
yD = 3.8724e+00 (std: 1.2967e+00) keV/um
y (keV/um)     f(y)(std)                  yf(y)(std)                 d(y)(std)                  yd(y)(std)  
1.0610e-03     0.0000e+00  0.0000e+00     0.0000e+00  0.0000e+00     0.0000e+00  0.0000e+00     0.0000e+00  0.0000e+00 
1.1905e-03     0.0000e+00  0.0000e+00     0.0000e+00  0.0000e+00     0.0000e+00  0.0000e+00     0.0000e+00  0.0000e+00 
1.3357e-03     0.0000e+00  0.0000e+00     0.0000e+00  0.0000e+00     0.0000e+00  0.0000e+00     0.0000e+00  0.0000e+00 
1.4987e-03     5.8223e-03  3.5545e-03     8.7260e-06  5.3271e-06     5.2848e-06  3.2264e-06     7.9204e-09  4.8354e-09 
1.6816e-03     1.0378e-02  4.0559e-03     1.7452e-05  6.8203e-06     1.0570e-05  4.1308e-06     1.7774e-08  6.9463e-09 
1.8868e-03     0.0000e+00  0.0000e+00     0.0000e+00  0.0000e+00     0.0000e+00  0.0000e+00     0.0000e+00  0.0000e+00 
2.1170e-03     0.0000e+00  0.0000e+00     0.0000e+00  0.0000e+00     0.0000e+00  0.0000e+00     0.0000e+00  0.0000e+00 
2.3753e-03     0.0000e+00  0.0000e+00     0.0000e+00  0.0000e+00     0.0000e+00  0.0000e+00     0.0000e+00  0.0000e+00 
2.6651e-03     3.2741e-03  5.0765e-03     8.7260e-06  1.3530e-05     5.2848e-06  8.1940e-06     1.4085e-08  2.1838e-08 
2.9903e-03     0.0000e+00  0.0000e+00     0.0000e+00  0.0000e+00     0.0000e+00  0.0000e+00     0.0000e+00  0.0000e+00 
3.3552e-03     2.6007e-03  1.5877e-03     8.7260e-06  5.3271e-06     5.2848e-06  3.2264e-06     1.7731e-08  1.0825e-08 
3.7646e-03     2.3179e-03  6.8728e-03     8.7260e-06  2.5873e-05     5.2848e-06  1.5670e-05     1.9895e-08  5.8991e-08 
4.2240e-03     4.1317e-03  6.5156e-03     1.7452e-05  2.7522e-05     1.0570e-05  1.6668e-05     4.4645e-08  7.0405e-08 
4.7394e-03     3.6824e-03  2.4578e-03     1.7452e-05  1.1648e-05     1.0570e-05  7.0547e-06     5.0093e-08  3.3435e-08 
5.3176e-03     1.6410e-03  6.6252e-03     8.7260e-06  3.5231e-05     5.2848e-06  2.1337e-05     2.8102e-08  1.1346e-07 
5.9665e-03     2.9250e-03  2.5579e-03     1.7452e-05  1.5262e-05     1.0570e-05  9.2432e-06     6.3063e-08  5.5149e-08 
6.6945e-03     3.9104e-03  2.2530e-03     2.6178e-05  1.5083e-05     1.5854e-05  9.1346e-06     1.0614e-07  6.1152e-08 
7.5114e-03     4.6468e-03  3.5992e-03     3.4904e-05  2.7035e-05     2.1139e-05  1.6374e-05     1.5878e-07  1.2299e-07 
8.4279e-03     5.1769e-03  1.9253e-03     4.3630e-05  1.6226e-05     2.6424e-05  9.8274e-06     2.2270e-07  8.2824e-08 
9.4563e-03     3.6911e-03  3.3213e-03     3.4904e-05  3.1407e-05     2.1139e-05  1.9021e-05     1.9990e-07  1.7987e-07 
1.0610e-02     4.9346e-03  1.8289e-03     5.2356e-05  1.9405e-05     3.1709e-05  1.1753e-05     3.3643e-07  1.2470e-07 
1.1905e-02     3.6649e-03  1.7675e-03     4.3630e-05  2.1042e-05     2.6424e-05  1.2744e-05     3.1457e-07  1.5171e-07 
1.3357e-02     7.8393e-03  2.6248e-03     1.0471e-04  3.5060e-05     6.3417e-05  2.1235e-05     8.4708e-07  2.8364e-07 
1.4987e-02     8.1513e-03  2.2884e-03     1.2216e-04  3.4297e-05     7.3987e-05  2.0773e-05     1.1089e-06  3.1133e-07 
1.6816e-02     1.0378e-02  4.0088e-03     1.7452e-04  6.7412e-05     1.0570e-04  4.0828e-05     1.7774e-06  6.8657e-07 
1.8868e-02     7.3997e-03  2.2100e-03     1.3962e-04  4.1697e-05     8.4556e-05  2.5255e-05     1.5954e-06  4.7650e-07 
2.1170e-02     7.4194e-03  2.6058e-03     1.5707e-04  5.5166e-05     9.5126e-05  3.3412e-05     2.0138e-06  7.0733e-07 
2.3753e-02     7.3473e-03  4.9324e-03     1.7452e-04  1.1716e-04     1.0570e-04  7.0957e-05     2.5106e-06  1.6854e-06 
2.6651e-02     9.8224e-03  2.3912e-03     2.6178e-04  6.3728e-05     1.5854e-04  3.8600e-05     4.2254e-06  1.0287e-06 
2.9903e-02     9.0460e-03  1.7885e-03     2.7051e-04  5.3483e-05     1.6383e-04  3.2396e-05     4.8990e-06  9.6875e-07 
3.3552e-02     1.3524e-02  3.6428e-03     4.5375e-04  1.2222e-04     2.7481e-04  7.4029e-05     9.2204e-06  2.4838e-06 
3.7646e-02     1.2749e-02  4.4588e-03     4.7993e-04  1.6786e-04     2.9066e-04  1.0166e-04     1.0942e-05  3.8273e-06 
4.2240e-02     1.7146e-02  1.5353e-03     7.2426e-04  6.4849e-05     4.3864e-04  3.9305e-05     1.8528e-05  1.6602e-06 
4.7394e-02     1.8780e-02  7.1188e-03     8.9005e-04  3.3738e-04     5.3905e-04  2.0434e-04     2.5547e-05  9.6844e-06 
5.3176e-02     1.5753e-02  2.0791e-03     8.3770e-04  1.1056e-04     5.0734e-04  6.6982e-05     2.6978e-05  3.5619e-06 
5.9665e-02     2.1206e-02  1.8336e-03     1.2653e-03  1.0940e-04     7.6629e-04  6.6315e-05     4.5721e-05  3.9567e-06 
6.6945e-02     2.1768e-02  2.6572e-03     1.4572e-03  1.7789e-04     8.8256e-04  1.0778e-04     5.9083e-05  7.2154e-06 
7.5114e-02     2.4977e-02  1.8627e-03     1.8761e-03  1.3992e-04     1.1362e-03  8.4834e-05     8.5346e-05  6.3722e-06 
8.4279e-02     3.3857e-02  5.4504e-03     2.8534e-03  4.5935e-04     1.7281e-03  2.7827e-04     1.4564e-04  2.3452e-05 
9.4563e-02     3.1282e-02  3.2295e-03     2.9581e-03  3.0539e-04     1.7915e-03  1.8506e-04     1.6941e-04  1.7500e-05 
1.0610e-01     3.8818e-02  1.4931e-03     4.1187e-03  1.5842e-04     2.4944e-03  9.6351e-05     2.6466e-04  1.0223e-05 
1.1905e-01     4.4126e-02  1.5980e-03     5.2531e-03  1.9023e-04     3.1814e-03  1.1576e-04     3.7874e-04  1.3781e-05 
1.3357e-01     5.0302e-02  3.4322e-03     6.7190e-03  4.5845e-04     4.0693e-03  2.7803e-04     5.4355e-04  3.7137e-05 
1.4987e-01     5.4788e-02  2.4804e-03     8.2112e-03  3.7175e-04     4.9730e-03  2.2583e-04     7.4531e-04  3.3846e-05 
1.6816e-01     6.7148e-02  2.5392e-03     1.1291e-02  4.2699e-04     6.8385e-03  2.5973e-04     1.1500e-03  4.3676e-05 
1.8868e-01     7.7651e-02  2.8039e-03     1.4651e-02  5.2903e-04     8.8731e-03  3.2194e-04     1.6742e-03  6.0743e-05 
2.1170e-01     8.4993e-02  2.4966e-03     1.7993e-02  5.2854e-04     1.0897e-02  3.2243e-04     2.3069e-03  6.8257e-05 
2.3753e-01     9.7682e-02  1.9809e-03     2.3202e-02  4.7052e-04     1.4052e-02  2.8929e-04     3.3378e-03  6.8716e-05 
2.6651e-01     1.0942e-01  2.9458e-03     2.9162e-02  7.8510e-04     1.7662e-02  4.7960e-04     4.7071e-03  1.2782e-04 
2.9903e-01     1.2095e-01  3.0592e-03     3.6169e-02  9.1479e-04     2.1905e-02  5.5946e-04     6.5504e-03  1.6730e-04 
3.3552e-01     1.3797e-01  3.7360e-03     4.6292e-02  1.2535e-03     2.8036e-02  7.6566e-04     9.4065e-03  2.5689e-04 
3.7646e-01     1.5106e-01  2.7440e-03     5.6867e-02  1.0330e-03     3.4441e-02  6.3745e-04     1.2966e-02  2.3997e-04 
4.2240e-01     1.6597e-01  2.0888e-03     7.0105e-02  8.8231e-04     4.2458e-02  5.5519e-04     1.7934e-02  2.3451e-04 
4.7394e-01     1.8382e-01  3.4053e-03     8.7121e-02  1.6139e-03     5.2763e-02  9.9521e-04     2.5006e-02  4.7167e-04 
5.3176e-01     2.0481e-01  1.9685e-03     1.0891e-01  1.0468e-03     6.5959e-02  6.7578e-04     3.5075e-02  3.5936e-04 
5.9665e-01     2.3048e-01  4.9868e-03     1.3751e-01  2.9754e-03     8.3283e-02  1.8261e-03     4.9691e-02  1.0895e-03 
6.6945e-01     2.5605e-01  3.2028e-03     1.7141e-01  2.1441e-03     1.0381e-01  1.3498e-03     6.9498e-02  9.0362e-04 
7.5114e-01     2.8423e-01  3.1711e-03     2.1350e-01  2.3819e-03     1.2930e-01  1.5138e-03     9.7124e-02  1.1371e-03 
8.4279e-01     3.2091e-01  1.8820e-03     2.7046e-01  1.5862e-03     1.6380e-01  1.1228e-03     1.3805e-01  9.4630e-04 
9.4563e-01     3.6196e-01  3.2879e-03     3.4228e-01  3.1091e-03     2.0729e-01  2.0216e-03     1.9602e-01  1.9116e-03 
1.0610e+00     4.1357e-01  1.5518e-03     4.3881e-01  1.6465e-03     2.6575e-01  1.3725e-03     2.8197e-01  1.4563e-03 
1.1905e+00     4.7021e-01  3.2717e-03     5.5977e-01  3.8949e-03     3.3902e-01  2.6480e-03     4.0359e-01  3.1523e-03 
1.3357e+00     5.4583e-01  1.8820e-03     7.2908e-01  2.5139e-03     4.4156e-01  2.1848e-03     5.8980e-01  2.9183e-03 
1.4987e+00     6.2518e-01  2.6694e-03     9.3696e-01  4.0006e-03     5.6746e-01  3.1505e-03     8.5046e-01  4.7217e-03 
1.6816e+00     6.4963e-01  2.0619e-03     1.0924e+00  3.4672e-03     6.6159e-01  3.1499e-03     1.1125e+00  5.2968e-03 
1.8868e+00     5.3003e-01  3.3003e-03     1.0001e+00  6.2268e-03     6.0567e-01  4.3407e-03     1.1428e+00  8.1899e-03 
2.1170e+00     3.5865e-01  2.3342e-03     7.5926e-01  4.9414e-03     4.5983e-01  3.4087e-03     9.7346e-01  7.2161e-03 
2.3753e+00     2.2691e-01  1.3244e-03     5.3897e-01  3.1459e-03     3.2642e-01  2.2298e-03     7.7534e-01  5.2964e-03 
2.6651e+00     1.3870e-01  9.9645e-04     3.6966e-01  2.6557e-03     2.2388e-01  1.7939e-03     5.9667e-01  4.7810e-03 
2.9903e+00     8.2503e-02  5.5419e-04     2.4671e-01  1.6572e-03     1.4942e-01  1.1351e-03     4.4680e-01  3.3944e-03 
3.3552e+00     4.7448e-02  3.6703e-04     1.5920e-01  1.2315e-03     9.6415e-02  8.2056e-04     3.2349e-01  2.7531e-03 
3.7646e+00     2.5332e-02  4.4097e-04     9.5367e-02  1.6601e-03     5.7757e-02  1.0261e-03     2.1743e-01  3.8628e-03 
4.2240e+00     1.2219e-02  3.5711e-04     5.1614e-02  1.5084e-03     3.1259e-02  9.2027e-04     1.3204e-01  3.8872e-03 
4.7394e+00     5.3265e-03  1.1801e-04     2.5244e-02  5.5931e-04     1.5289e-02  3.4306e-04     7.2459e-02  1.6259e-03 
5.3176e+00     1.9150e-03  1.2321e-04     1.0183e-02  6.5519e-04     6.1673e-03  3.9741e-04     3.2796e-02  2.1133e-03 
5.9665e+00     5.6014e-04  3.1355e-05     3.3421e-03  1.8708e-04     2.0241e-03  1.1353e-04     1.2077e-02  6.7736e-04 
6.6945e+00     1.6424e-04  3.3370e-05     1.0995e-03  2.2339e-04     6.6588e-04  1.3532e-04     4.4577e-03  9.0587e-04 
7.5114e+00     4.1821e-05  1.1205e-05     3.1414e-04  8.4166e-05     1.9025e-04  5.0978e-05     1.4290e-03  3.8292e-04 
8.4279e+00     7.2476e-06  6.2984e-06     6.1082e-05  5.3082e-05     3.6993e-05  3.2149e-05     3.1178e-04  2.7094e-04 
9.4563e+00     9.2278e-07  2.0632e-07     8.7260e-06  1.9510e-06     5.2848e-06  1.1817e-06     4.9974e-05  1.1175e-05 
1.0610e+01     0.0000e+00  0.0000e+00     0.0000e+00  0.0000e+00     0.0000e+00  0.0000e+00     0.0000e+00  0.0000e+00 
1.1905e+01     7.3299e-07  1.7952e-07     8.7260e-06  2.1372e-06     5.2848e-06  1.2945e-06     6.2914e-05  1.5410e-05 
1.3357e+01     0.0000e+00  0.0000e+00     0.0000e+00  0.0000e+00     0.0000e+00  0.0000e+00     0.0000e+00  0.0000e+00 
1.4987e+01     5.8223e-07  1.0084e-07     8.7260e-06  1.5113e-06     5.2848e-06  9.1549e-07     7.9204e-05  1.3721e-05 
1.6816e+01     1.5567e-06  5.4884e-07     2.6178e-05  9.2293e-06     1.5854e-05  5.5898e-06     2.6660e-04  9.3998e-05 
1.8868e+01     1.3875e-06  8.0694e-07     2.6178e-05  1.5225e-05     1.5854e-05  9.2210e-06     2.9913e-04  1.7398e-04 
2.1170e+01     4.1219e-07  1.9770e-07     8.7260e-06  4.1853e-06     5.2848e-06  2.5348e-06     1.1188e-04  5.3662e-05 
2.3753e+01     3.6736e-07  3.2192e-07     8.7260e-06  7.6466e-06     5.2848e-06  4.6310e-06     1.2553e-04  1.1000e-04 
2.6651e+01     1.3097e-06  5.3470e-07     3.4904e-05  1.4251e-05     2.1139e-05  8.6309e-06     5.6338e-04  2.3003e-04 
2.9903e+01     2.0427e-06  8.6777e-07     6.1082e-05  2.5949e-05     3.6993e-05  1.5716e-05     1.1062e-03  4.6997e-04 
3.3552e+01     5.2015e-07  3.4661e-07     1.7452e-05  1.1629e-05     1.0570e-05  7.0433e-06     3.5463e-04  2.3632e-04 
3.7646e+01     4.6358e-07  5.8675e-07     1.7452e-05  2.2089e-05     1.0570e-05  1.3378e-05     3.9790e-04  5.0362e-04 
4.2240e+01     2.0658e-07  1.2074e-07     8.7260e-06  5.1001e-06     5.2848e-06  3.0888e-06     2.2323e-04  1.3047e-04 
4.7394e+01     7.3647e-07  3.1483e-07     3.4904e-05  1.4921e-05     2.1139e-05  9.0370e-06     1.0019e-03  4.2829e-04 
5.3176e+01     3.2819e-07  1.9383e-07     1.7452e-05  1.0307e-05     1.0570e-05  6.2425e-06     5.6205e-04  3.3196e-04 
5.9665e+01     2.9250e-07  1.1218e-07     1.7452e-05  6.6931e-06     1.0570e-05  4.0537e-06     6.3063e-04  2.4187e-04 
6.6945e+01     2.6069e-07  1.0132e-07     1.7452e-05  6.7829e-06     1.0570e-05  4.1081e-06     7.0758e-04  2.7502e-04 
7.5114e+01     2.3234e-07  1.1578e-07     1.7452e-05  8.6966e-06     1.0570e-05  5.2671e-06     7.9392e-04  3.9563e-04 
8.4279e+01     1.0354e-07  2.4597e-07     8.7260e-06  2.0730e-05     5.2848e-06  1.2555e-05     4.4539e-04  1.0581e-03 
9.4563e+01     9.2278e-08  6.7109e-08     8.7260e-06  6.3460e-06     5.2848e-06  3.8434e-06     4.9974e-04  3.6344e-04 
1.0610e+02     8.2243e-08  2.4668e-08     8.7260e-06  2.6173e-06     5.2848e-06  1.5852e-06     5.6072e-04  1.6820e-04 
1.1905e+02     0.0000e+00  0.0000e+00     0.0000e+00  0.0000e+00     0.0000e+00  0.0000e+00     0.0000e+00  0.0000e+00 
1.3357e+02     0.0000e+00  0.0000e+00     0.0000e+00  0.0000e+00     0.0000e+00  0.0000e+00     0.0000e+00  0.0000e+00 
1.4987e+02     5.8223e-08  1.5402e-08     8.7260e-06  2.3083e-06     5.2848e-06  1.3981e-06     7.9204e-04  2.0954e-04 
1.6816e+02     1.0378e-07  6.7501e-08     1.7452e-05  1.1351e-05     1.0570e-05  6.8746e-06     1.7774e-03  1.1560e-03 
1.8868e+02     1.3875e-07  6.7656e-08     2.6178e-05  1.2765e-05     1.5854e-05  7.7312e-06     2.9913e-03  1.4587e-03 
2.1170e+02     1.6488e-07  1.1517e-07     3.4904e-05  2.4380e-05     2.1139e-05  1.4766e-05     4.4751e-03  3.1259e-03 
2.3753e+02     0.0000e+00  0.0000e+00     0.0000e+00  0.0000e+00     0.0000e+00  0.0000e+00     0.0000e+00  0.0000e+00 
2.6651e+02     0.0000e+00  0.0000e+00     0.0000e+00  0.0000e+00     0.0000e+00  0.0000e+00     0.0000e+00  0.0000e+00 
2.9903e+02     1.1672e-07  4.6910e-08     3.4904e-05  1.4028e-05     2.1139e-05  8.4960e-06     6.3213e-03  2.5406e-03 
3.3552e+02     2.6007e-08  3.2493e-08     8.7260e-06  1.0902e-05     5.2848e-06  6.6026e-06     1.7731e-03  2.2153e-03 
3.7646e+02     9.2716e-08  3.6799e-08     3.4904e-05  1.3853e-05     2.1139e-05  8.3904e-06     7.9580e-03  3.1587e-03 
4.2240e+02     6.1975e-08  2.3955e-07     2.6178e-05  1.0119e-04     1.5854e-05  6.1281e-05     6.6968e-03  2.5885e-02 
4.7394e+02     1.8412e-08  9.0218e-09     8.7260e-06  4.2758e-06     5.2848e-06  2.5896e-06     2.5046e-03  1.2273e-03 
5.3176e+02     4.9229e-08  2.2357e-08     2.6178e-05  1.1889e-05     1.5854e-05  7.2005e-06     8.4307e-03  3.8290e-03 
5.9665e+02     0.0000e+00  0.0000e+00     0.0000e+00  0.0000e+00     0.0000e+00  0.0000e+00     0.0000e+00  0.0000e+00 
6.6945e+02     0.0000e+00  0.0000e+00     0.0000e+00  0.0000e+00     0.0000e+00  0.0000e+00     0.0000e+00  0.0000e+00 
7.5114e+02     0.0000e+00  0.0000e+00     0.0000e+00  0.0000e+00     0.0000e+00  0.0000e+00     0.0000e+00  0.0000e+00 
8.4279e+02     0.0000e+00  0.0000e+00     0.0000e+00  0.0000e+00     0.0000e+00  0.0000e+00     0.0000e+00  0.0000e+00 
9.4563e+02     0.0000e+00  0.0000e+00     0.0000e+00  0.0000e+00     0.0000e+00  0.0000e+00     0.0000e+00  0.0000e+00 
1.0610e+03     0.0000e+00  0.0000e+00     0.0000e+00  0.0000e+00     0.0000e+00  0.0000e+00     0.0000e+00  0.0000e+00 
1.1905e+03     0.0000e+00  0.0000e+00     0.0000e+00  0.0000e+00     0.0000e+00  0.0000e+00     0.0000e+00  0.0000e+00 
1.3357e+03     0.0000e+00  0.0000e+00     0.0000e+00  0.0000e+00     0.0000e+00  0.0000e+00     0.0000e+00  0.0000e+00 
1.4987e+03     0.0000e+00  0.0000e+00     0.0000e+00  0.0000e+00     0.0000e+00  0.0000e+00     0.0000e+00  0.0000e+00 
1.6816e+03     0.0000e+00  0.0000e+00     0.0000e+00  0.0000e+00     0.0000e+00  0.0000e+00     0.0000e+00  0.0000e+00 
1.8868e+03     0.0000e+00  0.0000e+00     0.0000e+00  0.0000e+00     0.0000e+00  0.0000e+00     0.0000e+00  0.0000e+00 
2.1170e+03     0.0000e+00  0.0000e+00     0.0000e+00  0.0000e+00     0.0000e+00  0.0000e+00     0.0000e+00  0.0000e+00 
2.3753e+03     0.0000e+00  0.0000e+00     0.0000e+00  0.0000e+00     0.0000e+00  0.0000e+00     0.0000e+00  0.0000e+00 
2.6651e+03     0.0000e+00  0.0000e+00     0.0000e+00  0.0000e+00     0.0000e+00  0.0000e+00     0.0000e+00  0.0000e+00 
2.9903e+03     0.0000e+00  0.0000e+00     0.0000e+00  0.0000e+00     0.0000e+00  0.0000e+00     0.0000e+00  0.0000e+00 
3.3552e+03     0.0000e+00  0.0000e+00     0.0000e+00  0.0000e+00     0.0000e+00  0.0000e+00     0.0000e+00  0.0000e+00 
3.7646e+03     0.0000e+00  0.0000e+00     0.0000e+00  0.0000e+00     0.0000e+00  0.0000e+00     0.0000e+00  0.0000e+00 
4.2240e+03     0.0000e+00  0.0000e+00     0.0000e+00  0.0000e+00     0.0000e+00  0.0000e+00     0.0000e+00  0.0000e+00 
4.7394e+03     0.0000e+00  0.0000e+00     0.0000e+00  0.0000e+00     0.0000e+00  0.0000e+00     0.0000e+00  0.0000e+00 
5.3176e+03     0.0000e+00  0.0000e+00     0.0000e+00  0.0000e+00     0.0000e+00  0.0000e+00     0.0000e+00  0.0000e+00 
5.9665e+03     0.0000e+00  0.0000e+00     0.0000e+00  0.0000e+00     0.0000e+00  0.0000e+00     0.0000e+00  0.0000e+00 
6.6945e+03     0.0000e+00  0.0000e+00     0.0000e+00  0.0000e+00     0.0000e+00  0.0000e+00     0.0000e+00  0.0000e+00 
7.5114e+03     0.0000e+00  0.0000e+00     0.0000e+00  0.0000e+00     0.0000e+00  0.0000e+00     0.0000e+00  0.0000e+00 
8.4279e+03     0.0000e+00  0.0000e+00     0.0000e+00  0.0000e+00     0.0000e+00  0.0000e+00     0.0000e+00  0.0000e+00 
9.4563e+03     0.0000e+00  0.0000e+00     0.0000e+00  0.0000e+00     0.0000e+00  0.0000e+00     0.0000e+00  0.0000e+00 
