yF = 1.4986e+00 (std: 5.1852e-03) keV/um
yD = 3.9691e+00 (std: 1.1514e+00) keV/um
y (keV/um)     f(y)(std)                  yf(y)(std)                 d(y)(std)                  yd(y)(std)  
1.0610e-03     0.0000e+00  0.0000e+00     0.0000e+00  0.0000e+00     0.0000e+00  0.0000e+00     0.0000e+00  0.0000e+00 
1.1905e-03     0.0000e+00  0.0000e+00     0.0000e+00  0.0000e+00     0.0000e+00  0.0000e+00     0.0000e+00  0.0000e+00 
1.3357e-03     0.0000e+00  0.0000e+00     0.0000e+00  0.0000e+00     0.0000e+00  0.0000e+00     0.0000e+00  0.0000e+00 
1.4987e-03     5.8203e-03  1.3828e-02     8.7229e-06  2.0724e-05     5.8206e-06  1.3828e-05     8.7234e-09  2.0725e-08 
1.6816e-03     5.1873e-03  3.2112e-03     8.7229e-06  5.3998e-06     5.8206e-06  3.6032e-06     9.7879e-09  6.0592e-09 
1.8868e-03     1.3870e-02  6.4464e-03     2.6169e-05  1.2163e-05     1.7462e-05  8.1162e-06     3.2946e-08  1.5313e-08 
2.1170e-03     4.1204e-03  6.0745e-03     8.7229e-06  1.2860e-05     5.8206e-06  8.5810e-06     1.2322e-08  1.8166e-08 
2.3753e-03     0.0000e+00  0.0000e+00     0.0000e+00  0.0000e+00     0.0000e+00  0.0000e+00     0.0000e+00  0.0000e+00 
2.6651e-03     0.0000e+00  0.0000e+00     0.0000e+00  0.0000e+00     0.0000e+00  0.0000e+00     0.0000e+00  0.0000e+00 
2.9903e-03     5.8341e-03  2.7822e-03     1.7446e-05  8.3198e-06     1.1641e-05  5.5518e-06     3.4811e-08  1.6602e-08 
3.3552e-03     5.1996e-03  6.1022e-03     1.7446e-05  2.0474e-05     1.1641e-05  1.3662e-05     3.9059e-08  4.5839e-08 
3.7646e-03     4.6342e-03  1.6364e-03     1.7446e-05  6.1604e-06     1.1641e-05  4.1109e-06     4.3825e-08  1.5476e-08 
4.2240e-03     2.0651e-03  1.7597e-03     8.7229e-06  7.4328e-06     5.8206e-06  4.9598e-06     2.4586e-08  2.0950e-08 
4.7394e-03     1.8405e-03  2.7134e-03     8.7229e-06  1.2860e-05     5.8206e-06  8.5810e-06     2.7586e-08  4.0668e-08 
5.3176e-03     4.9211e-03  4.8337e-03     2.6169e-05  2.5704e-05     1.7462e-05  1.7152e-05     9.2856e-08  9.1208e-08 
5.9665e-03     1.0234e-02  1.6247e-02     6.1061e-05  9.6938e-05     4.0744e-05  6.4684e-05     2.4310e-07  3.8594e-07 
6.6945e-03     2.6060e-03  8.6467e-04     1.7446e-05  5.7886e-06     1.1641e-05  3.8628e-06     7.7932e-08  2.5859e-08 
7.5114e-03     4.6452e-03  2.0365e-03     3.4892e-05  1.5297e-05     2.3282e-05  1.0208e-05     1.7488e-07  7.6673e-08 
8.4279e-03     6.2100e-03  2.3952e-03     5.2338e-05  2.0186e-05     3.4924e-05  1.3470e-05     2.9433e-07  1.1353e-07 
9.4563e-03     7.3796e-03  5.1446e-03     6.9783e-05  4.8648e-05     4.6565e-05  3.2462e-05     4.4033e-07  3.0697e-07 
1.0610e-02     8.2214e-03  3.4259e-03     8.7229e-05  3.6349e-05     5.8206e-05  2.4255e-05     6.1757e-07  2.5735e-07 
1.1905e-02     7.3273e-03  2.4133e-03     8.7229e-05  2.8729e-05     5.8206e-05  1.9171e-05     6.9293e-07  2.2823e-07 
1.3357e-02     3.9183e-03  2.6784e-03     5.2338e-05  3.5776e-05     3.4924e-05  2.3873e-05     4.6649e-07  3.1888e-07 
1.4987e-02     6.4023e-03  2.0148e-03     9.5952e-05  3.0197e-05     6.4027e-05  2.0151e-05     9.5958e-07  3.0200e-07 
1.6816e-02     5.7061e-03  6.5392e-03     9.5952e-05  1.0996e-04     6.4027e-05  7.3375e-05     1.0767e-06  1.2339e-06 
1.8868e-02     1.1558e-02  3.2473e-03     2.1807e-04  6.1269e-05     1.4552e-04  4.0886e-05     2.7455e-06  7.7143e-07 
2.1170e-02     1.1537e-02  4.2250e-03     2.4424e-04  8.9443e-05     1.6298e-04  5.9686e-05     3.4502e-06  1.2635e-06 
2.3753e-02     1.1384e-02  3.3077e-03     2.7041e-04  7.8568e-05     1.8044e-04  5.2431e-05     4.2860e-06  1.2454e-06 
2.6651e-02     1.6365e-02  2.9678e-03     4.3615e-04  7.9097e-05     2.9103e-04  5.2789e-05     7.7563e-06  1.4069e-06 
2.9903e-02     1.3127e-02  2.5537e-03     3.9253e-04  7.6364e-05     2.6193e-04  5.0964e-05     7.8325e-06  1.5240e-06 
3.3552e-02     1.6639e-02  2.9507e-03     5.5827e-04  9.9001e-05     3.7252e-04  6.6074e-05     1.2499e-05  2.2169e-06 
3.7646e-02     1.3903e-02  4.2311e-03     5.2338e-04  1.5928e-04     3.4924e-04  1.0629e-04     1.3147e-05  4.0015e-06 
4.2240e-02     1.7553e-02  2.0942e-03     7.4145e-04  8.8460e-05     4.9475e-04  5.9052e-05     2.0898e-05  2.4943e-06 
4.7394e-02     1.7301e-02  1.4726e-03     8.1996e-04  6.9790e-05     5.4714e-04  4.6607e-05     2.5931e-05  2.2089e-06 
5.3176e-02     2.1653e-02  4.1602e-03     1.1514e-03  2.2123e-04     7.6832e-04  1.4764e-04     4.0857e-05  7.8511e-06 
5.9665e-02     2.5292e-02  4.4480e-03     1.5091e-03  2.6539e-04     1.0070e-03  1.7712e-04     6.0080e-05  1.0568e-05 
6.6945e-02     2.8145e-02  5.4176e-03     1.8842e-03  3.6268e-04     1.2573e-03  2.4205e-04     8.4167e-05  1.6204e-05 
7.5114e-02     2.9613e-02  2.5848e-03     2.2243e-03  1.9415e-04     1.4843e-03  1.2966e-04     1.1149e-04  9.7390e-06 
8.4279e-02     3.7674e-02  2.8113e-03     3.1751e-03  2.3693e-04     2.1187e-03  1.5827e-04     1.7856e-04  1.3339e-05 
9.4563e-02     4.3909e-02  3.1609e-03     4.1521e-03  2.9891e-04     2.7706e-03  1.9968e-04     2.6200e-04  1.8883e-05 
1.0610e-01     4.9904e-02  2.8216e-03     5.2948e-03  2.9937e-04     3.5331e-03  2.0014e-04     3.7487e-04  2.1235e-05 
1.1905e-01     5.7153e-02  3.2353e-03     6.8039e-03  3.8515e-04     4.5401e-03  2.5748e-04     5.4048e-04  3.0652e-05 
1.3357e-01     6.3803e-02  4.3395e-03     8.5223e-03  5.7965e-04     5.6867e-03  3.8728e-04     7.5959e-04  5.1731e-05 
1.4987e-01     7.3044e-02  3.1985e-03     1.0947e-02  4.7937e-04     7.3049e-03  3.2087e-04     1.0948e-03  4.8089e-05 
1.6816e-01     8.4087e-02  5.1501e-03     1.4140e-02  8.6603e-04     9.4352e-03  5.7880e-04     1.5866e-03  9.7330e-05 
1.8868e-01     9.9353e-02  2.5383e-03     1.8746e-02  4.7891e-04     1.2508e-02  3.2248e-04     2.3601e-03  6.0845e-05 
2.1170e-01     1.0907e-01  5.0788e-03     2.3090e-02  1.0752e-03     1.5407e-02  7.1942e-04     3.2617e-03  1.5230e-04 
2.3753e-01     1.2133e-01  2.2790e-03     2.8821e-02  5.4133e-04     1.9231e-02  3.6730e-04     4.5680e-03  8.7244e-05 
2.6651e-01     1.3121e-01  3.6959e-03     3.4970e-02  9.8500e-04     2.3335e-02  6.6221e-04     6.2190e-03  1.7649e-04 
2.9903e-01     1.5061e-01  4.5810e-03     4.5037e-02  1.3699e-03     3.0052e-02  9.1998e-04     8.9865e-03  2.7510e-04 
3.3552e-01     1.6517e-01  2.0898e-03     5.5417e-02  7.0116e-04     3.6978e-02  4.8504e-04     1.2407e-02  1.6274e-04 
3.7646e-01     1.8409e-01  1.6094e-03     6.9304e-02  6.0587e-04     4.6245e-02  4.3479e-04     1.7409e-02  1.6368e-04 
4.2240e-01     2.0277e-01  5.6097e-03     8.5650e-02  2.3695e-03     5.7153e-02  1.5934e-03     2.4141e-02  6.7306e-04 
4.7394e-01     2.2607e-01  5.8094e-03     1.0714e-01  2.7533e-03     7.1495e-02  1.8538e-03     3.3884e-02  8.7857e-04 
5.3176e-01     2.5044e-01  4.5830e-03     1.3317e-01  2.4371e-03     8.8863e-02  1.6550e-03     4.7254e-02  8.8008e-04 
5.9665e-01     2.7747e-01  2.1906e-03     1.6555e-01  1.3070e-03     1.1047e-01  9.5221e-04     6.5911e-02  5.6814e-04 
6.6945e-01     3.1505e-01  2.4092e-03     2.1091e-01  1.6128e-03     1.4074e-01  1.1812e-03     9.4216e-02  7.9077e-04 
7.5114e-01     3.4899e-01  2.7323e-03     2.6214e-01  2.0523e-03     1.7492e-01  1.4972e-03     1.3139e-01  1.1246e-03 
8.4279e-01     3.9831e-01  2.1170e-03     3.3569e-01  1.7842e-03     2.2400e-01  1.4206e-03     1.8879e-01  1.1973e-03 
9.4563e-01     4.5326e-01  3.4469e-03     4.2862e-01  3.2594e-03     2.8601e-01  2.3895e-03     2.7046e-01  2.2596e-03 
1.0610e+00     5.1152e-01  1.2999e-03     5.4273e-01  1.3792e-03     3.6215e-01  1.5547e-03     3.8425e-01  1.6495e-03 
1.1905e+00     5.9374e-01  2.6600e-03     7.0683e-01  3.1666e-03     4.7165e-01  2.6698e-03     5.6149e-01  3.1783e-03 
1.3357e+00     6.8216e-01  2.9685e-03     9.1118e-01  3.9651e-03     6.0801e-01  3.3802e-03     8.1214e-01  4.5150e-03 
1.4987e+00     7.1897e-01  3.2546e-03     1.0775e+00  4.8777e-03     7.1901e-01  4.0966e-03     1.0776e+00  6.1397e-03 
1.6816e+00     5.9969e-01  5.6852e-03     1.0084e+00  9.5602e-03     6.7290e-01  6.7909e-03     1.1315e+00  1.1419e-02 
1.8868e+00     4.1435e-01  1.5394e-03     7.8178e-01  2.9045e-03     5.2166e-01  2.6484e-03     9.8425e-01  4.9969e-03 
2.1170e+00     2.5953e-01  1.2421e-03     5.4941e-01  2.6296e-03     3.6661e-01  2.1651e-03     7.7611e-01  4.5836e-03 
2.3753e+00     1.6040e-01  1.0759e-03     3.8099e-01  2.5556e-03     2.5423e-01  1.9188e-03     6.0387e-01  4.5577e-03 
2.6651e+00     9.7967e-02  7.4084e-04     2.6109e-01  1.9744e-03     1.7422e-01  1.4489e-03     4.6433e-01  3.8614e-03 
2.9903e+00     5.7825e-02  6.5443e-04     1.7291e-01  1.9570e-03     1.1538e-01  1.3655e-03     3.4503e-01  4.0833e-03 
3.3552e+00     3.2818e-02  4.3354e-04     1.1011e-01  1.4546e-03     7.3474e-02  1.0034e-03     2.4652e-01  3.3665e-03 
3.7646e+00     1.7313e-02  3.2367e-04     6.5178e-02  1.2185e-03     4.3492e-02  8.2686e-04     1.6373e-01  3.1128e-03 
4.2240e+00     8.1118e-03  3.3041e-04     3.4264e-02  1.3956e-03     2.2863e-02  9.3463e-04     9.6574e-02  3.9478e-03 
4.7394e+00     3.1031e-03  1.0692e-04     1.4707e-02  5.0673e-04     9.8135e-03  3.3983e-04     4.6510e-02  1.6106e-03 
5.3176e+00     1.0826e-03  3.2180e-05     5.7571e-03  1.7112e-04     3.8416e-03  1.1496e-04     2.0428e-02  6.1130e-04 
5.9665e+00     3.5965e-04  4.7079e-05     2.1458e-03  2.8090e-04     1.4319e-03  1.8750e-04     8.5432e-03  1.1187e-03 
6.6945e+00     8.7301e-05  1.4661e-05     5.8444e-04  9.8148e-05     3.8998e-04  6.5506e-05     2.6107e-03  4.3853e-04 
7.5114e+00     2.3226e-05  8.4864e-06     1.7446e-04  6.3744e-05     1.1641e-04  4.2537e-05     8.7441e-04  3.1951e-04 
8.4279e+00     3.1050e-06  6.5556e-06     2.6169e-05  5.5250e-05     1.7462e-05  3.6867e-05     1.4717e-04  3.1071e-04 
9.4563e+00     2.7674e-06  3.1214e-06     2.6169e-05  2.9516e-05     1.7462e-05  1.9696e-05     1.6512e-04  1.8625e-04 
1.0610e+01     1.6443e-06  9.5113e-06     1.7446e-05  1.0092e-04     1.1641e-05  6.7339e-05     1.2351e-04  7.1447e-04 
1.1905e+01     1.4655e-06  8.2692e-07     1.7446e-05  9.8443e-06     1.1641e-05  6.5690e-06     1.3859e-04  7.8202e-05 
1.3357e+01     1.3061e-06  6.0914e-07     1.7446e-05  8.1364e-06     1.1641e-05  5.4294e-06     1.5550e-04  7.2522e-05 
1.4987e+01     1.1641e-06  6.3552e-07     1.7446e-05  9.5247e-06     1.1641e-05  6.3557e-06     1.7447e-04  9.5254e-05 
1.6816e+01     0.0000e+00  0.0000e+00     0.0000e+00  0.0000e+00     0.0000e+00  0.0000e+00     0.0000e+00  0.0000e+00 
1.8868e+01     4.6232e-07  6.8157e-07     8.7229e-06  1.2860e-05     5.8206e-06  8.5810e-06     1.0982e-04  1.6190e-04 
2.1170e+01     1.2361e-06  7.1418e-07     2.6169e-05  1.5119e-05     1.7462e-05  1.0089e-05     3.6967e-04  2.1358e-04 
2.3753e+01     3.6723e-07  3.0474e-07     8.7229e-06  7.2385e-06     5.8206e-06  4.8301e-06     1.3826e-04  1.1473e-04 
2.6651e+01     6.5460e-07  5.3092e-07     1.7446e-05  1.4150e-05     1.1641e-05  9.4418e-06     3.1025e-04  2.5164e-04 
2.9903e+01     5.8341e-07  4.7361e-07     1.7446e-05  1.4163e-05     1.1641e-05  9.4505e-06     3.4811e-04  2.8260e-04 
3.3552e+01     7.7995e-07  7.9981e-07     2.6169e-05  2.6835e-05     1.7462e-05  1.7907e-05     5.8588e-04  6.0081e-04 
3.7646e+01     6.9513e-07  3.1827e-07     2.6169e-05  1.1982e-05     1.7462e-05  7.9954e-06     6.5737e-04  3.0099e-04 
4.2240e+01     8.2604e-07  7.7850e-07     3.4892e-05  3.2883e-05     2.3282e-05  2.1942e-05     9.8344e-04  9.2684e-04 
4.7394e+01     1.8405e-07  1.5079e-07     8.7229e-06  7.1466e-06     5.8206e-06  4.7688e-06     2.7586e-04  2.2601e-04 
5.3176e+01     3.2808e-07  1.1027e-06     1.7446e-05  5.8640e-05     1.1641e-05  3.9129e-05     6.1904e-04  2.0807e-03 
5.9665e+01     1.4620e-07  2.5439e-07     8.7229e-06  1.5178e-05     5.8206e-06  1.0128e-05     3.4729e-04  6.0429e-04 
6.6945e+01     3.9090e-07  1.8590e-07     2.6169e-05  1.2445e-05     1.7462e-05  8.3043e-06     1.1690e-03  5.5594e-04 
7.5114e+01     3.4839e-07  7.4868e-07     2.6169e-05  5.6236e-05     1.7462e-05  3.7525e-05     1.3116e-03  2.8187e-03 
8.4279e+01     1.0350e-07  8.7018e-08     8.7229e-06  7.3338e-06     5.8206e-06  4.8937e-06     4.9055e-04  4.1243e-04 
9.4563e+01     1.8449e-07  1.2943e-07     1.7446e-05  1.2240e-05     1.1641e-05  8.1673e-06     1.1008e-03  7.7232e-04 
1.0610e+02     0.0000e+00  0.0000e+00     0.0000e+00  0.0000e+00     0.0000e+00  0.0000e+00     0.0000e+00  0.0000e+00 
1.1905e+02     2.1982e-07  1.1132e-07     2.6169e-05  1.3252e-05     1.7462e-05  8.8431e-06     2.0788e-03  1.0527e-03 
1.3357e+02     0.0000e+00  0.0000e+00     0.0000e+00  0.0000e+00     0.0000e+00  0.0000e+00     0.0000e+00  0.0000e+00 
1.4987e+02     0.0000e+00  0.0000e+00     0.0000e+00  0.0000e+00     0.0000e+00  0.0000e+00     0.0000e+00  0.0000e+00 
1.6816e+02     0.0000e+00  0.0000e+00     0.0000e+00  0.0000e+00     0.0000e+00  0.0000e+00     0.0000e+00  0.0000e+00 
1.8868e+02     4.6232e-08  4.3889e-08     8.7229e-06  8.2808e-06     5.8206e-06  5.5256e-06     1.0982e-03  1.0426e-03 
2.1170e+02     4.1204e-08  8.9378e-08     8.7229e-06  1.8921e-05     5.8206e-06  1.2626e-05     1.2322e-03  2.6729e-03 
2.3753e+02     3.6723e-08  8.7246e-08     8.7229e-06  2.0724e-05     5.8206e-06  1.3828e-05     1.3826e-03  3.2846e-03 
2.6651e+02     9.8189e-08  3.9143e-08     2.6169e-05  1.0432e-05     1.7462e-05  6.9614e-06     4.6538e-03  1.8553e-03 
2.9903e+02     1.1668e-07  3.2414e-07     3.4892e-05  9.6927e-05     2.3282e-05  6.4677e-05     6.9622e-03  1.9341e-02 
3.3552e+02     1.0399e-07  1.1621e-07     3.4892e-05  3.8992e-05     2.3282e-05  2.6019e-05     7.8117e-03  8.7298e-03 
3.7646e+02     0.0000e+00  0.0000e+00     0.0000e+00  0.0000e+00     0.0000e+00  0.0000e+00     0.0000e+00  0.0000e+00 
4.2240e+02     2.0651e-08  1.1132e-08     8.7229e-06  4.7022e-06     5.8206e-06  3.1377e-06     2.4586e-03  1.3254e-03 
4.7394e+02     0.0000e+00  0.0000e+00     0.0000e+00  0.0000e+00     0.0000e+00  0.0000e+00     0.0000e+00  0.0000e+00 
5.3176e+02     1.6404e-08  2.6875e-08     8.7229e-06  1.4291e-05     5.8206e-06  9.5360e-06     3.0952e-03  5.0709e-03 
5.9665e+02     0.0000e+00  0.0000e+00     0.0000e+00  0.0000e+00     0.0000e+00  0.0000e+00     0.0000e+00  0.0000e+00 
6.6945e+02     2.6060e-08  3.4185e-08     1.7446e-05  2.2885e-05     1.1641e-05  1.5271e-05     7.7932e-03  1.0223e-02 
7.5114e+02     1.1613e-08  5.5703e-09     8.7229e-06  4.1841e-06     5.8206e-06  2.7920e-06     4.3721e-03  2.0972e-03 
8.4279e+02     0.0000e+00  0.0000e+00     0.0000e+00  0.0000e+00     0.0000e+00  0.0000e+00     0.0000e+00  0.0000e+00 
9.4563e+02     0.0000e+00  0.0000e+00     0.0000e+00  0.0000e+00     0.0000e+00  0.0000e+00     0.0000e+00  0.0000e+00 
1.0610e+03     0.0000e+00  0.0000e+00     0.0000e+00  0.0000e+00     0.0000e+00  0.0000e+00     0.0000e+00  0.0000e+00 
1.1905e+03     0.0000e+00  0.0000e+00     0.0000e+00  0.0000e+00     0.0000e+00  0.0000e+00     0.0000e+00  0.0000e+00 
1.3357e+03     0.0000e+00  0.0000e+00     0.0000e+00  0.0000e+00     0.0000e+00  0.0000e+00     0.0000e+00  0.0000e+00 
1.4987e+03     0.0000e+00  0.0000e+00     0.0000e+00  0.0000e+00     0.0000e+00  0.0000e+00     0.0000e+00  0.0000e+00 
1.6816e+03     0.0000e+00  0.0000e+00     0.0000e+00  0.0000e+00     0.0000e+00  0.0000e+00     0.0000e+00  0.0000e+00 
1.8868e+03     0.0000e+00  0.0000e+00     0.0000e+00  0.0000e+00     0.0000e+00  0.0000e+00     0.0000e+00  0.0000e+00 
2.1170e+03     0.0000e+00  0.0000e+00     0.0000e+00  0.0000e+00     0.0000e+00  0.0000e+00     0.0000e+00  0.0000e+00 
2.3753e+03     0.0000e+00  0.0000e+00     0.0000e+00  0.0000e+00     0.0000e+00  0.0000e+00     0.0000e+00  0.0000e+00 
2.6651e+03     0.0000e+00  0.0000e+00     0.0000e+00  0.0000e+00     0.0000e+00  0.0000e+00     0.0000e+00  0.0000e+00 
2.9903e+03     0.0000e+00  0.0000e+00     0.0000e+00  0.0000e+00     0.0000e+00  0.0000e+00     0.0000e+00  0.0000e+00 
3.3552e+03     0.0000e+00  0.0000e+00     0.0000e+00  0.0000e+00     0.0000e+00  0.0000e+00     0.0000e+00  0.0000e+00 
3.7646e+03     0.0000e+00  0.0000e+00     0.0000e+00  0.0000e+00     0.0000e+00  0.0000e+00     0.0000e+00  0.0000e+00 
4.2240e+03     0.0000e+00  0.0000e+00     0.0000e+00  0.0000e+00     0.0000e+00  0.0000e+00     0.0000e+00  0.0000e+00 
4.7394e+03     0.0000e+00  0.0000e+00     0.0000e+00  0.0000e+00     0.0000e+00  0.0000e+00     0.0000e+00  0.0000e+00 
5.3176e+03     0.0000e+00  0.0000e+00     0.0000e+00  0.0000e+00     0.0000e+00  0.0000e+00     0.0000e+00  0.0000e+00 
5.9665e+03     0.0000e+00  0.0000e+00     0.0000e+00  0.0000e+00     0.0000e+00  0.0000e+00     0.0000e+00  0.0000e+00 
6.6945e+03     0.0000e+00  0.0000e+00     0.0000e+00  0.0000e+00     0.0000e+00  0.0000e+00     0.0000e+00  0.0000e+00 
7.5114e+03     0.0000e+00  0.0000e+00     0.0000e+00  0.0000e+00     0.0000e+00  0.0000e+00     0.0000e+00  0.0000e+00 
8.4279e+03     0.0000e+00  0.0000e+00     0.0000e+00  0.0000e+00     0.0000e+00  0.0000e+00     0.0000e+00  0.0000e+00 
9.4563e+03     0.0000e+00  0.0000e+00     0.0000e+00  0.0000e+00     0.0000e+00  0.0000e+00     0.0000e+00  0.0000e+00 
