yF = 1.7846e+00 (std: 4.1220e-03) keV/um
yD = 3.7245e+00 (std: 4.9532e-01) keV/um
y (keV/um)     f(y)(std)                  yf(y)(std)                 d(y)(std)                  yd(y)(std)  
1.0610e-03     0.0000e+00  0.0000e+00     0.0000e+00  0.0000e+00     0.0000e+00  0.0000e+00     0.0000e+00  0.0000e+00 
1.1905e-03     0.0000e+00  0.0000e+00     0.0000e+00  0.0000e+00     0.0000e+00  0.0000e+00     0.0000e+00  0.0000e+00 
1.3357e-03     0.0000e+00  0.0000e+00     0.0000e+00  0.0000e+00     0.0000e+00  0.0000e+00     0.0000e+00  0.0000e+00 
1.4987e-03     5.8244e-03  1.2634e-02     8.7291e-06  1.8935e-05     4.8914e-06  1.0610e-05     7.3309e-09  1.5902e-08 
1.6816e-03     0.0000e+00  0.0000e+00     0.0000e+00  0.0000e+00     0.0000e+00  0.0000e+00     0.0000e+00  0.0000e+00 
1.8868e-03     0.0000e+00  0.0000e+00     0.0000e+00  0.0000e+00     0.0000e+00  0.0000e+00     0.0000e+00  0.0000e+00 
2.1170e-03     8.2467e-03  4.8577e-03     1.7458e-05  1.0284e-05     9.7829e-06  5.7626e-06     2.0710e-08  1.2199e-08 
2.3753e-03     0.0000e+00  0.0000e+00     0.0000e+00  0.0000e+00     0.0000e+00  0.0000e+00     0.0000e+00  0.0000e+00 
2.6651e-03     3.2753e-03  1.8854e-03     8.7291e-06  5.0248e-06     4.8914e-06  2.8157e-06     1.3036e-08  7.5043e-09 
2.9903e-03     2.9191e-03  9.6800e-04     8.7291e-06  2.8946e-06     4.8914e-06  1.6221e-06     1.4627e-08  4.8506e-09 
3.3552e-03     2.6016e-03  1.8484e-03     8.7291e-06  6.2019e-06     4.8914e-06  3.4753e-06     1.6412e-08  1.1660e-08 
3.7646e-03     2.3187e-03  4.3107e-03     8.7291e-06  1.6228e-05     4.8914e-06  9.0935e-06     1.8414e-08  3.4234e-08 
4.2240e-03     0.0000e+00  0.0000e+00     0.0000e+00  0.0000e+00     0.0000e+00  0.0000e+00     0.0000e+00  0.0000e+00 
4.7394e-03     0.0000e+00  0.0000e+00     0.0000e+00  0.0000e+00     0.0000e+00  0.0000e+00     0.0000e+00  0.0000e+00 
5.3176e-03     4.9246e-03  2.8975e-03     2.6187e-05  1.5408e-05     1.4674e-05  8.6341e-06     7.8033e-08  4.5913e-08 
5.9665e-03     7.3151e-03  3.1368e-03     4.3645e-05  1.8716e-05     2.4457e-05  1.0488e-05     1.4592e-07  6.2575e-08 
6.6945e-03     2.6078e-03  1.1598e-03     1.7458e-05  7.7646e-06     9.7829e-06  4.3510e-06     6.5492e-08  2.9128e-08 
7.5114e-03     4.6485e-03  1.7019e-03     3.4916e-05  1.2783e-05     1.9566e-05  7.1634e-06     1.4697e-07  5.3807e-08 
8.4279e-03     3.1072e-03  6.8782e-03     2.6187e-05  5.7969e-05     1.4674e-05  3.2484e-05     1.2367e-07  2.7377e-07 
9.4563e-03     1.8462e-03  4.3080e-03     1.7458e-05  4.0738e-05     9.7829e-06  2.2828e-05     9.2509e-08  2.1587e-07 
1.0610e-02     1.1518e-02  1.1488e-02     1.2221e-04  1.2189e-04     6.8480e-05  6.8303e-05     7.2658e-07  7.2470e-07 
1.1905e-02     4.3995e-03  1.7129e-03     5.2374e-05  2.0392e-05     2.9349e-05  1.1427e-05     3.4939e-07  1.3604e-07 
1.3357e-02     8.4956e-03  6.5116e-03     1.1348e-04  8.6977e-05     6.3589e-05  4.8739e-05     8.4937e-07  6.5102e-07 
1.4987e-02     5.8244e-03  2.5357e-03     8.7291e-05  3.8003e-05     4.8914e-05  2.1296e-05     7.3309e-07  3.1916e-07 
1.6816e-02     8.3056e-03  7.6782e-03     1.3966e-04  1.2912e-04     7.8263e-05  7.2352e-05     1.3161e-06  1.2167e-06 
1.8868e-02     6.0144e-03  1.9791e-03     1.1348e-04  3.7341e-05     6.3589e-05  2.0925e-05     1.1998e-06  3.9480e-07 
2.1170e-02     5.7727e-03  1.6970e-03     1.2221e-04  3.5924e-05     6.8480e-05  2.0131e-05     1.4497e-06  4.2618e-07 
2.3753e-02     1.1392e-02  3.3996e-03     2.7060e-04  8.0752e-05     1.5163e-04  4.5252e-05     3.6018e-06  1.0749e-06 
2.6651e-02     8.1882e-03  4.2679e-03     2.1823e-04  1.1374e-04     1.2229e-04  6.3739e-05     3.2591e-06  1.6987e-06 
2.9903e-02     9.3411e-03  2.2166e-03     2.7933e-04  6.6285e-05     1.5653e-04  3.7145e-05     4.6806e-06  1.1108e-06 
3.3552e-02     1.0667e-02  2.0553e-03     3.5789e-04  6.8958e-05     2.0055e-04  3.8644e-05     6.7288e-06  1.2966e-06 
3.7646e-02     1.1825e-02  2.2190e-03     4.4518e-04  8.3535e-05     2.4946e-04  4.6814e-05     9.3913e-06  1.7623e-06 
4.2240e-02     1.1159e-02  2.9278e-03     4.7137e-04  1.2367e-04     2.6414e-04  6.9303e-05     1.1157e-05  2.9273e-06 
4.7394e-02     1.1051e-02  2.7694e-03     5.2374e-04  1.3125e-04     2.9349e-04  7.3552e-05     1.3909e-05  3.4859e-06 
5.3176e-02     1.4445e-02  1.8848e-03     7.6816e-04  1.0023e-04     4.3045e-04  5.6172e-05     2.2890e-05  2.9870e-06 
5.9665e-02     2.1214e-02  1.6185e-03     1.2657e-03  9.6568e-05     7.0926e-04  5.4138e-05     4.2318e-05  3.2301e-06 
6.6945e-02     1.7994e-02  1.5310e-03     1.2046e-03  1.0249e-04     6.7502e-04  5.7453e-05     4.5189e-05  3.8462e-06 
7.5114e-02     2.1150e-02  1.6106e-03     1.5887e-03  1.2098e-04     8.9024e-04  6.7822e-05     6.6869e-05  5.0944e-06 
8.4279e-02     2.4236e-02  2.3755e-03     2.0426e-03  2.0021e-04     1.1446e-03  1.1222e-04     9.6465e-05  9.4578e-06 
9.4563e-02     2.7785e-02  3.2335e-03     2.6274e-03  3.0577e-04     1.4723e-03  1.7137e-04     1.3923e-04  1.6206e-05 
1.0610e-01     2.9864e-02  2.9017e-03     3.1686e-03  3.0787e-04     1.7756e-03  1.7257e-04     1.8839e-04  1.8310e-05 
1.1905e-01     3.6076e-02  2.1676e-03     4.2947e-03  2.5804e-04     2.4066e-03  1.4471e-04     2.8650e-04  1.7227e-05 
1.3357e-01     3.8165e-02  2.0101e-03     5.0978e-03  2.6849e-04     2.8566e-03  1.5060e-04     3.8157e-04  2.0116e-05 
1.4987e-01     4.6828e-02  3.7046e-03     7.0182e-03  5.5522e-04     3.9327e-03  3.1126e-04     5.8940e-04  4.6649e-05 
1.6816e-01     5.1962e-02  1.3381e-03     8.7378e-03  2.2501e-04     4.8963e-03  1.2659e-04     8.2336e-04  2.1288e-05 
1.8868e-01     6.1254e-02  1.5105e-03     1.1557e-02  2.8499e-04     6.4763e-03  1.6040e-04     1.2219e-03  3.0263e-05 
2.1170e-01     7.3272e-02  2.8311e-03     1.5512e-02  5.9934e-04     8.6921e-03  3.3645e-04     1.8401e-03  7.1226e-05 
2.3753e-01     7.8607e-02  3.0257e-03     1.8671e-02  7.1869e-04     1.0463e-02  4.0345e-04     2.4852e-03  9.5832e-05 
2.6651e-01     9.2821e-02  2.4818e-03     2.4738e-02  6.6144e-04     1.3862e-02  3.7203e-04     3.6945e-03  9.9150e-05 
2.9903e-01     1.0482e-01  6.1679e-03     3.1346e-02  1.8444e-03     1.7565e-02  1.0343e-03     5.2526e-03  3.0930e-04 
3.3552e-01     1.1369e-01  1.5924e-03     3.8146e-02  5.3427e-04     2.1376e-02  3.0343e-04     7.1720e-03  1.0181e-04 
3.7646e-01     1.2776e-01  1.7956e-03     4.8097e-02  6.7597e-04     2.6952e-02  3.8387e-04     1.0146e-02  1.4451e-04 
4.2240e-01     1.4154e-01  4.3281e-03     5.9785e-02  1.8282e-03     3.3501e-02  1.0274e-03     1.4151e-02  4.3395e-04 
4.7394e-01     1.5934e-01  4.2521e-03     7.5515e-02  2.0152e-03     4.2316e-02  1.1335e-03     2.0055e-02  5.3719e-04 
5.3176e-01     1.7323e-01  3.1574e-03     9.2118e-02  1.6790e-03     5.1619e-02  9.4836e-04     2.7449e-02  5.0430e-04 
5.9665e-01     1.9512e-01  3.0070e-03     1.1642e-01  1.7941e-03     6.5237e-02  1.0166e-03     3.8924e-02  6.0654e-04 
6.6945e-01     2.1580e-01  2.4918e-03     1.4447e-01  1.6682e-03     8.0953e-02  9.5330e-04     5.4194e-02  6.3819e-04 
7.5114e-01     2.4208e-01  3.1485e-03     1.8184e-01  2.3650e-03     1.0189e-01  1.3460e-03     7.6536e-02  1.0110e-03 
8.4279e-01     2.7074e-01  4.5218e-03     2.2818e-01  3.8110e-03     1.2786e-01  2.1558e-03     1.0776e-01  1.8169e-03 
9.4563e-01     3.0761e-01  1.8708e-03     2.9089e-01  1.7691e-03     1.6300e-01  1.0604e-03     1.5414e-01  1.0028e-03 
1.0610e+00     3.4683e-01  1.7667e-03     3.6799e-01  1.8744e-03     2.0621e-01  1.1533e-03     2.1879e-01  1.2237e-03 
1.1905e+00     3.9150e-01  2.9783e-03     4.6607e-01  3.5456e-03     2.6117e-01  2.0764e-03     3.1091e-01  2.4719e-03 
1.3357e+00     4.4941e-01  3.8213e-03     6.0029e-01  5.1042e-03     3.3638e-01  2.9638e-03     4.4931e-01  3.9589e-03 
1.4987e+00     5.2147e-01  3.0786e-03     7.8154e-01  4.6139e-03     4.3795e-01  2.7763e-03     6.5636e-01  4.1609e-03 
1.6816e+00     5.9394e-01  2.0367e-03     9.9876e-01  3.4249e-03     5.5967e-01  2.3140e-03     9.4113e-01  3.8911e-03 
1.8868e+00     5.8135e-01  2.7081e-03     1.0969e+00  5.1097e-03     6.1464e-01  3.1959e-03     1.1597e+00  6.0300e-03 
2.1170e+00     4.5122e-01  1.4093e-03     9.5524e-01  2.9835e-03     5.3528e-01  2.0794e-03     1.1332e+00  4.4020e-03 
2.3753e+00     2.9861e-01  1.5308e-03     7.0929e-01  3.6362e-03     3.9746e-01  2.2348e-03     9.4409e-01  5.3084e-03 
2.6651e+00     1.8376e-01  6.1747e-04     4.8975e-01  1.6457e-03     2.7444e-01  1.1190e-03     7.3142e-01  2.9823e-03 
2.9903e+00     1.1090e-01  5.6805e-04     3.3163e-01  1.6986e-03     1.8584e-01  1.0442e-03     5.5571e-01  3.1224e-03 
3.3552e+00     6.3785e-02  9.2379e-04     2.1401e-01  3.0995e-03     1.1992e-01  1.7588e-03     4.0237e-01  5.9012e-03 
3.7646e+00     3.4962e-02  6.0324e-04     1.3162e-01  2.2710e-03     7.3753e-02  1.2839e-03     2.7765e-01  4.8334e-03 
4.2240e+00     1.7214e-02  3.0746e-04     7.2713e-02  1.2987e-03     4.0746e-02  7.3381e-04     1.7211e-01  3.0996e-03 
4.7394e+00     7.8443e-03  1.0198e-04     3.7177e-02  4.8330e-04     2.0833e-02  2.7506e-04     9.8733e-02  1.3036e-03 
5.3176e+00     2.8809e-03  7.7336e-05     1.5320e-02  4.1124e-04     8.5845e-03  2.3130e-04     4.5649e-02  1.2300e-03 
5.9665e+00     9.2024e-04  9.2611e-05     5.4906e-03  5.5256e-04     3.0767e-03  3.0972e-04     1.8357e-02  1.8479e-03 
6.6945e+00     2.9077e-04  2.8447e-05     1.9466e-03  1.9044e-04     1.0908e-03  1.0674e-04     7.3023e-03  7.1460e-04 
7.5114e+00     5.3457e-05  1.2140e-05     4.0154e-04  9.1190e-05     2.2501e-04  5.1102e-05     1.6901e-03  3.8385e-04 
8.4279e+00     1.4500e-05  1.2552e-05     1.2221e-04  1.0579e-04     6.8480e-05  5.9280e-05     5.7714e-04  4.9961e-04 
9.4563e+00     2.7693e-06  1.6127e-06     2.6187e-05  1.5250e-05     1.4674e-05  8.5455e-06     1.3876e-04  8.0809e-05 
1.0610e+01     2.4681e-06  1.9983e-06     2.6187e-05  2.1202e-05     1.4674e-05  1.1881e-05     1.5570e-04  1.2606e-04 
1.1905e+01     1.4665e-06  4.4495e-06     1.7458e-05  5.2970e-05     9.7829e-06  2.9683e-05     1.1646e-04  3.5336e-04 
1.3357e+01     0.0000e+00  0.0000e+00     0.0000e+00  0.0000e+00     0.0000e+00  0.0000e+00     0.0000e+00  0.0000e+00 
1.4987e+01     5.8244e-07  2.4708e-07     8.7291e-06  3.7030e-06     4.8914e-06  2.0751e-06     7.3309e-05  3.1099e-05 
1.6816e+01     1.0382e-06  1.9195e-06     1.7458e-05  3.2278e-05     9.7829e-06  1.8088e-05     1.6451e-04  3.0416e-04 
1.8868e+01     1.3879e-06  7.9486e-07     2.6187e-05  1.4997e-05     1.4674e-05  8.4040e-06     2.7687e-04  1.5856e-04 
2.1170e+01     1.6493e-06  7.2032e-07     3.4916e-05  1.5249e-05     1.9566e-05  8.5452e-06     4.1421e-04  1.8090e-04 
2.3753e+01     7.3498e-07  1.9740e-07     1.7458e-05  4.6888e-06     9.7829e-06  2.6275e-06     2.3237e-04  6.2412e-05 
2.6651e+01     6.5506e-07  6.3160e-07     1.7458e-05  1.6833e-05     9.7829e-06  9.4327e-06     2.6073e-04  2.5139e-04 
2.9903e+01     8.7573e-07  4.1715e-07     2.6187e-05  1.2474e-05     1.4674e-05  6.9901e-06     4.3881e-04  2.0903e-04 
3.3552e+01     1.3008e-06  4.4653e-07     4.3645e-05  1.4982e-05     2.4457e-05  8.3956e-06     8.2059e-04  2.8169e-04 
3.7646e+01     0.0000e+00  0.0000e+00     0.0000e+00  0.0000e+00     0.0000e+00  0.0000e+00     0.0000e+00  0.0000e+00 
4.2240e+01     8.2662e-07  8.3072e-07     3.4916e-05  3.5089e-05     1.9566e-05  1.9663e-05     8.2645e-04  8.3055e-04 
4.7394e+01     5.5255e-07  2.0130e-07     2.6187e-05  9.5405e-06     1.4674e-05  5.3463e-06     6.9547e-04  2.5338e-04 
5.3176e+01     6.5661e-07  3.8219e-07     3.4916e-05  2.0323e-05     1.9566e-05  1.1389e-05     1.0404e-03  6.0560e-04 
5.9665e+01     5.8521e-07  1.6738e-06     3.4916e-05  9.9867e-05     1.9566e-05  5.5961e-05     1.1674e-03  3.3389e-03 
6.6945e+01     1.3039e-07  3.6876e-08     8.7291e-06  2.4687e-06     4.8914e-06  1.3834e-06     3.2746e-04  9.2612e-05 
7.5114e+01     1.1621e-07  2.1604e-07     8.7291e-06  1.6228e-05     4.8914e-06  9.0935e-06     3.6741e-04  6.8305e-04 
8.4279e+01     1.0357e-07  7.8921e-08     8.7291e-06  6.6514e-06     4.8914e-06  3.7272e-06     4.1225e-04  3.1413e-04 
9.4563e+01     0.0000e+00  0.0000e+00     0.0000e+00  0.0000e+00     0.0000e+00  0.0000e+00     0.0000e+00  0.0000e+00 
1.0610e+02     0.0000e+00  0.0000e+00     0.0000e+00  0.0000e+00     0.0000e+00  0.0000e+00     0.0000e+00  0.0000e+00 
1.1905e+02     0.0000e+00  0.0000e+00     0.0000e+00  0.0000e+00     0.0000e+00  0.0000e+00     0.0000e+00  0.0000e+00 
1.3357e+02     6.5350e-08  4.1556e-08     8.7291e-06  5.5508e-06     4.8914e-06  3.1105e-06     6.5337e-04  4.1547e-04 
1.4987e+02     1.7473e-07  7.8105e-08     2.6187e-05  1.1706e-05     1.4674e-05  6.5595e-06     2.1993e-03  9.8309e-04 
1.6816e+02     1.5573e-07  6.6632e-07     2.6187e-05  1.1205e-04     1.4674e-05  6.2787e-05     2.4676e-03  1.0558e-02 
1.8868e+02     1.3879e-07  8.9354e-08     2.6187e-05  1.6859e-05     1.4674e-05  9.4472e-06     2.7687e-03  1.7825e-03 
2.1170e+02     0.0000e+00  0.0000e+00     0.0000e+00  0.0000e+00     0.0000e+00  0.0000e+00     0.0000e+00  0.0000e+00 
2.3753e+02     0.0000e+00  0.0000e+00     0.0000e+00  0.0000e+00     0.0000e+00  0.0000e+00     0.0000e+00  0.0000e+00 
2.6651e+02     3.2753e-08  1.0861e-08     8.7291e-06  2.8946e-06     4.8914e-06  1.6221e-06     1.3036e-03  4.3231e-04 
2.9903e+02     2.9191e-08  8.6558e-08     8.7291e-06  2.5884e-05     4.8914e-06  1.4504e-05     1.4627e-03  4.3373e-03 
3.3552e+02     1.0407e-07  5.1994e-08     3.4916e-05  1.7445e-05     1.9566e-05  9.7757e-06     6.5647e-03  3.2800e-03 
3.7646e+02     2.3187e-08  1.0626e-08     8.7291e-06  4.0002e-06     4.8914e-06  2.2416e-06     1.8414e-03  8.4388e-04 
4.2240e+02     2.0666e-08  6.1989e-09     8.7291e-06  2.6184e-06     4.8914e-06  1.4673e-06     2.0661e-03  6.1977e-04 
4.7394e+02     3.6837e-08  2.5822e-08     1.7458e-05  1.2238e-05     9.7829e-06  6.8577e-06     4.6365e-03  3.2501e-03 
5.3176e+02     1.6415e-08  1.8648e-08     8.7291e-06  9.9163e-06     4.8914e-06  5.5568e-06     2.6011e-03  2.9549e-03 
5.9665e+02     1.4630e-08  1.1837e-08     8.7291e-06  7.0626e-06     4.8914e-06  3.9576e-06     2.9185e-03  2.3613e-03 
6.6945e+02     1.3039e-08  1.3707e-08     8.7291e-06  9.1764e-06     4.8914e-06  5.1421e-06     3.2746e-03  3.4424e-03 
7.5114e+02     0.0000e+00  0.0000e+00     0.0000e+00  0.0000e+00     0.0000e+00  0.0000e+00     0.0000e+00  0.0000e+00 
8.4279e+02     0.0000e+00  0.0000e+00     0.0000e+00  0.0000e+00     0.0000e+00  0.0000e+00     0.0000e+00  0.0000e+00 
9.4563e+02     0.0000e+00  0.0000e+00     0.0000e+00  0.0000e+00     0.0000e+00  0.0000e+00     0.0000e+00  0.0000e+00 
1.0610e+03     0.0000e+00  0.0000e+00     0.0000e+00  0.0000e+00     0.0000e+00  0.0000e+00     0.0000e+00  0.0000e+00 
1.1905e+03     0.0000e+00  0.0000e+00     0.0000e+00  0.0000e+00     0.0000e+00  0.0000e+00     0.0000e+00  0.0000e+00 
1.3357e+03     0.0000e+00  0.0000e+00     0.0000e+00  0.0000e+00     0.0000e+00  0.0000e+00     0.0000e+00  0.0000e+00 
1.4987e+03     0.0000e+00  0.0000e+00     0.0000e+00  0.0000e+00     0.0000e+00  0.0000e+00     0.0000e+00  0.0000e+00 
1.6816e+03     0.0000e+00  0.0000e+00     0.0000e+00  0.0000e+00     0.0000e+00  0.0000e+00     0.0000e+00  0.0000e+00 
1.8868e+03     0.0000e+00  0.0000e+00     0.0000e+00  0.0000e+00     0.0000e+00  0.0000e+00     0.0000e+00  0.0000e+00 
2.1170e+03     0.0000e+00  0.0000e+00     0.0000e+00  0.0000e+00     0.0000e+00  0.0000e+00     0.0000e+00  0.0000e+00 
2.3753e+03     0.0000e+00  0.0000e+00     0.0000e+00  0.0000e+00     0.0000e+00  0.0000e+00     0.0000e+00  0.0000e+00 
2.6651e+03     0.0000e+00  0.0000e+00     0.0000e+00  0.0000e+00     0.0000e+00  0.0000e+00     0.0000e+00  0.0000e+00 
2.9903e+03     0.0000e+00  0.0000e+00     0.0000e+00  0.0000e+00     0.0000e+00  0.0000e+00     0.0000e+00  0.0000e+00 
3.3552e+03     0.0000e+00  0.0000e+00     0.0000e+00  0.0000e+00     0.0000e+00  0.0000e+00     0.0000e+00  0.0000e+00 
3.7646e+03     0.0000e+00  0.0000e+00     0.0000e+00  0.0000e+00     0.0000e+00  0.0000e+00     0.0000e+00  0.0000e+00 
4.2240e+03     0.0000e+00  0.0000e+00     0.0000e+00  0.0000e+00     0.0000e+00  0.0000e+00     0.0000e+00  0.0000e+00 
4.7394e+03     0.0000e+00  0.0000e+00     0.0000e+00  0.0000e+00     0.0000e+00  0.0000e+00     0.0000e+00  0.0000e+00 
5.3176e+03     0.0000e+00  0.0000e+00     0.0000e+00  0.0000e+00     0.0000e+00  0.0000e+00     0.0000e+00  0.0000e+00 
5.9665e+03     0.0000e+00  0.0000e+00     0.0000e+00  0.0000e+00     0.0000e+00  0.0000e+00     0.0000e+00  0.0000e+00 
6.6945e+03     0.0000e+00  0.0000e+00     0.0000e+00  0.0000e+00     0.0000e+00  0.0000e+00     0.0000e+00  0.0000e+00 
7.5114e+03     0.0000e+00  0.0000e+00     0.0000e+00  0.0000e+00     0.0000e+00  0.0000e+00     0.0000e+00  0.0000e+00 
8.4279e+03     0.0000e+00  0.0000e+00     0.0000e+00  0.0000e+00     0.0000e+00  0.0000e+00     0.0000e+00  0.0000e+00 
9.4563e+03     0.0000e+00  0.0000e+00     0.0000e+00  0.0000e+00     0.0000e+00  0.0000e+00     0.0000e+00  0.0000e+00 
