yF = 1.3484e+00 (std: 2.9216e-03) keV/um
yD = 4.7124e+00 (std: 6.2057e-01) keV/um
y (keV/um)     f(y)(std)                  yf(y)(std)                 d(y)(std)                  yd(y)(std)  
1.0610e-03     0.0000e+00  0.0000e+00     0.0000e+00  0.0000e+00     0.0000e+00  0.0000e+00     0.0000e+00  0.0000e+00 
1.1905e-03     0.0000e+00  0.0000e+00     0.0000e+00  0.0000e+00     0.0000e+00  0.0000e+00     0.0000e+00  0.0000e+00 
1.3357e-03     0.0000e+00  0.0000e+00     0.0000e+00  0.0000e+00     0.0000e+00  0.0000e+00     0.0000e+00  0.0000e+00 
1.4987e-03     1.1637e-02  7.9708e-03     1.7441e-05  1.1946e-05     1.2935e-05  8.8596e-06     1.9385e-08  1.3278e-08 
1.6816e-03     5.1858e-03  1.1249e-02     8.7203e-06  1.8916e-05     6.4674e-06  1.4029e-05     1.0875e-08  2.3590e-08 
1.8868e-03     0.0000e+00  0.0000e+00     0.0000e+00  0.0000e+00     0.0000e+00  0.0000e+00     0.0000e+00  0.0000e+00 
2.1170e-03     0.0000e+00  0.0000e+00     0.0000e+00  0.0000e+00     0.0000e+00  0.0000e+00     0.0000e+00  0.0000e+00 
2.3753e-03     0.0000e+00  0.0000e+00     0.0000e+00  0.0000e+00     0.0000e+00  0.0000e+00     0.0000e+00  0.0000e+00 
2.6651e-03     3.2720e-03  2.6807e-03     8.7203e-06  7.1444e-06     6.4674e-06  5.2986e-06     1.7236e-08  1.4122e-08 
2.9903e-03     0.0000e+00  0.0000e+00     0.0000e+00  0.0000e+00     0.0000e+00  0.0000e+00     0.0000e+00  0.0000e+00 
3.3552e-03     0.0000e+00  0.0000e+00     0.0000e+00  0.0000e+00     0.0000e+00  0.0000e+00     0.0000e+00  0.0000e+00 
3.7646e-03     6.9492e-03  3.9743e-03     2.6161e-05  1.4962e-05     1.9402e-05  1.1096e-05     7.3041e-08  4.1773e-08 
4.2240e-03     8.2580e-03  4.9944e-03     3.4881e-05  2.1096e-05     2.5869e-05  1.5646e-05     1.0927e-07  6.6087e-08 
4.7394e-03     7.3599e-03  3.9188e-03     3.4881e-05  1.8573e-05     2.5869e-05  1.3774e-05     1.2260e-07  6.5281e-08 
5.3176e-03     8.1994e-03  7.5110e-03     4.3602e-05  3.9941e-05     3.2337e-05  2.9622e-05     1.7196e-07  1.5752e-07 
5.9665e-03     5.8462e-03  3.0883e-03     3.4881e-05  1.8426e-05     2.5869e-05  1.3666e-05     1.5435e-07  8.1536e-08 
6.6945e-03     2.6052e-03  2.7624e-03     1.7441e-05  1.8493e-05     1.2935e-05  1.3715e-05     8.6592e-08  9.1818e-08 
7.5114e-03     8.1267e-03  3.3097e-03     6.1042e-05  2.4860e-05     4.5271e-05  1.8438e-05     3.4005e-07  1.3849e-07 
8.4279e-03     5.1735e-03  2.1530e-03     4.3602e-05  1.8145e-05     3.2337e-05  1.3458e-05     2.7253e-07  1.1342e-07 
9.4563e-03     3.6887e-03  2.3231e-03     3.4881e-05  2.1968e-05     2.5869e-05  1.6292e-05     2.4463e-07  1.5406e-07 
1.0610e-02     6.5751e-03  8.8299e-03     6.9763e-05  9.3686e-05     5.1739e-05  6.9481e-05     5.4895e-07  7.3720e-07 
1.1905e-02     1.0988e-02  3.2868e-03     1.3080e-04  3.9128e-05     9.7010e-05  2.9020e-05     1.1549e-06  3.4547e-07 
1.3357e-02     9.7928e-03  2.5801e-03     1.3080e-04  3.4463e-05     9.7010e-05  2.5560e-05     1.2958e-06  3.4141e-07 
1.4987e-02     1.2219e-02  3.2910e-03     1.8313e-04  4.9323e-05     1.3581e-04  3.6581e-05     2.0355e-06  5.4825e-07 
1.6816e-02     1.0372e-02  3.1131e-03     1.7441e-04  5.2349e-05     1.2935e-04  3.8825e-05     2.1751e-06  6.5288e-07 
1.8868e-02     1.4328e-02  3.1748e-03     2.7033e-04  5.9901e-05     2.0049e-04  4.4427e-05     3.7827e-06  8.3824e-07 
2.1170e-02     9.8861e-03  1.7878e-03     2.0929e-04  3.7847e-05     1.5522e-04  2.8071e-05     3.2859e-06  5.9425e-07 
2.3753e-02     1.2482e-02  2.3943e-03     2.9649e-04  5.6871e-05     2.1989e-04  4.2180e-05     5.2231e-06  1.0019e-06 
2.6651e-02     1.7342e-02  7.0917e-03     4.6218e-04  1.8900e-04     3.4277e-04  1.4017e-04     9.1353e-06  3.7359e-06 
2.9903e-02     1.7497e-02  4.6248e-03     5.2322e-04  1.3830e-04     3.8804e-04  1.0257e-04     1.1604e-05  3.0672e-06 
3.3552e-02     1.7673e-02  4.3711e-03     5.9298e-04  1.4666e-04     4.3978e-04  1.0877e-04     1.4756e-05  3.6495e-06 
3.7646e-02     2.0848e-02  2.4102e-03     7.8483e-04  9.0735e-05     5.8206e-04  6.7304e-05     2.1912e-05  2.5337e-06 
4.2240e-02     2.0232e-02  3.5819e-03     8.5459e-04  1.5130e-04     6.3380e-04  1.1222e-04     2.6771e-05  4.7400e-06 
4.7394e-02     2.6496e-02  3.8841e-03     1.2557e-03  1.8408e-04     9.3130e-04  1.3654e-04     4.4138e-05  6.4710e-06 
5.3176e-02     3.0338e-02  3.9590e-03     1.6133e-03  2.1053e-04     1.1965e-03  1.5616e-04     6.3623e-05  8.3038e-06 
5.9665e-02     3.3908e-02  3.8297e-03     2.0231e-03  2.2850e-04     1.5004e-03  1.6950e-04     8.9523e-05  1.0113e-05 
6.6945e-02     3.8557e-02  4.4582e-03     2.5812e-03  2.9845e-04     1.9143e-03  2.2138e-04     1.2816e-04  1.4821e-05 
7.5114e-02     4.2491e-02  2.8379e-03     3.1916e-03  2.1316e-04     2.3671e-03  1.5817e-04     1.7780e-04  1.1881e-05 
8.4279e-02     4.6975e-02  4.7442e-03     3.9590e-03  3.9984e-04     2.9362e-03  2.9660e-04     2.4746e-04  2.4998e-05 
9.4563e-02     5.2195e-02  2.6272e-03     4.9357e-03  2.4843e-04     3.6605e-03  1.8442e-04     3.4615e-04  1.7439e-05 
1.0610e-01     6.6573e-02  5.4597e-03     7.0635e-03  5.7928e-04     5.2386e-03  4.2977e-04     5.5582e-04  4.5599e-05 
1.1905e-01     7.6254e-02  5.9835e-03     9.0779e-03  7.1232e-04     6.7325e-03  5.2849e-04     8.0149e-04  6.2915e-05 
1.3357e-01     8.4871e-02  5.4923e-03     1.1336e-02  7.3363e-04     8.4076e-03  5.4439e-04     1.1230e-03  7.2717e-05 
1.4987e-01     9.3969e-02  3.1873e-03     1.4083e-02  4.7769e-04     1.0445e-02  3.5499e-04     1.5654e-03  5.3203e-05 
1.6816e-01     1.0626e-01  4.0129e-03     1.7868e-02  6.7481e-04     1.3252e-02  5.0129e-04     2.2284e-03  8.4296e-05 
1.8868e-01     1.2692e-01  4.2160e-03     2.3946e-02  7.9547e-04     1.7759e-02  5.9121e-04     3.3508e-03  1.1155e-04 
2.1170e-01     1.3742e-01  2.9999e-03     2.9091e-02  6.3507e-04     2.1575e-02  4.7331e-04     4.5674e-03  1.0020e-04 
2.3753e-01     1.5452e-01  3.7967e-03     3.6704e-02  9.0184e-04     2.7221e-02  6.7144e-04     6.4658e-03  1.5949e-04 
2.6651e-01     1.6419e-01  4.6483e-03     4.3759e-02  1.2388e-03     3.2453e-02  9.2146e-04     8.6492e-03  2.4558e-04 
2.9903e-01     1.8372e-01  4.3865e-03     5.4938e-02  1.3117e-03     4.0744e-02  9.7682e-04     1.2184e-02  2.9210e-04 
3.3552e-01     2.0933e-01  5.5427e-03     7.0234e-02  1.8597e-03     5.2088e-02  1.3838e-03     1.7477e-02  4.6431e-04 
3.7646e-01     2.2502e-01  3.4504e-03     8.4709e-02  1.2989e-03     6.2824e-02  9.7291e-04     2.3651e-02  3.6626e-04 
4.2240e-01     2.5086e-01  4.3926e-03     1.0596e-01  1.8554e-03     7.8585e-02  1.3865e-03     3.3194e-02  5.8567e-04 
4.7394e-01     2.8168e-01  3.0334e-03     1.3350e-01  1.4376e-03     9.9009e-02  1.0876e-03     4.6924e-02  5.1544e-04 
5.3176e-01     3.1596e-01  4.2864e-03     1.6801e-01  2.2793e-03     1.2461e-01  1.7119e-03     6.6261e-02  9.1031e-04 
5.9665e-01     3.5235e-01  3.6142e-03     2.1023e-01  2.1564e-03     1.5591e-01  1.6346e-03     9.3027e-02  9.7526e-04 
6.6945e-01     3.9216e-01  3.9777e-03     2.6253e-01  2.6629e-03     1.9471e-01  2.0194e-03     1.3035e-01  1.3519e-03 
7.5114e-01     4.4708e-01  5.1263e-03     3.3582e-01  3.8506e-03     2.4906e-01  2.9063e-03     1.8708e-01  2.1830e-03 
8.4279e-01     5.0405e-01  4.6698e-03     4.2481e-01  3.9356e-03     3.1506e-01  2.9976e-03     2.6553e-01  2.5263e-03 
9.4563e-01     5.7542e-01  3.5798e-03     5.4413e-01  3.3851e-03     4.0355e-01  2.6585e-03     3.8161e-01  2.5139e-03 
1.0610e+00     6.6211e-01  1.6182e-03     7.0251e-01  1.7169e-03     5.2101e-01  1.7017e-03     5.5280e-01  1.8055e-03 
1.1905e+00     7.6252e-01  3.0921e-03     9.0776e-01  3.6811e-03     6.7323e-01  3.0953e-03     8.0146e-01  3.6849e-03 
1.3357e+00     8.0215e-01  3.6834e-03     1.0715e+00  4.9200e-03     7.9464e-01  4.0347e-03     1.0614e+00  5.3893e-03 
1.4987e+00     6.6536e-01  2.5738e-03     9.9718e-01  3.8574e-03     7.3955e-01  3.2790e-03     1.1084e+00  4.9143e-03 
1.6816e+00     4.5651e-01  2.7554e-03     7.6766e-01  4.6334e-03     5.6933e-01  3.6510e-03     9.5737e-01  6.1395e-03 
1.8868e+00     2.8873e-01  1.3175e-03     5.4478e-01  2.4857e-03     4.0403e-01  2.0408e-03     7.6231e-01  3.8506e-03 
2.1170e+00     1.7912e-01  1.7523e-03     3.7919e-01  3.7097e-03     2.8122e-01  2.8179e-03     5.9534e-01  5.9655e-03 
2.3753e+00     1.1127e-01  1.2608e-03     2.6430e-01  2.9948e-03     1.9601e-01  2.2613e-03     4.6559e-01  5.3714e-03 
2.6651e+00     6.7213e-02  6.8163e-04     1.7913e-01  1.8166e-03     1.3285e-01  1.3777e-03     3.5407e-01  3.6718e-03 
2.9903e+00     4.0267e-02  6.7354e-04     1.2041e-01  2.0141e-03     8.9301e-02  1.5062e-03     2.6704e-01  4.5041e-03 
3.3552e+00     2.1920e-02  2.7083e-04     7.3547e-02  9.0868e-04     5.4546e-02  6.8420e-04     1.8301e-01  2.2956e-03 
3.7646e+00     1.1142e-02  2.2984e-04     4.1945e-02  8.6525e-04     3.1108e-02  6.4523e-04     1.1711e-01  2.4290e-03 
4.2240e+00     4.6327e-03  8.7351e-05     1.9568e-02  3.6897e-04     1.4513e-02  2.7544e-04     6.1301e-02  1.1635e-03 
4.7394e+00     1.7093e-03  4.5431e-05     8.1012e-03  2.1531e-04     6.0082e-03  1.6022e-04     2.8475e-02  7.5932e-04 
5.3176e+00     6.4120e-04  7.0411e-05     3.4096e-03  3.7442e-04     2.5287e-03  2.7774e-04     1.3447e-02  1.4769e-03 
5.9665e+00     1.9292e-04  1.6606e-05     1.1511e-03  9.9079e-05     8.5369e-04  7.3505e-05     5.0935e-03  4.3857e-04 
6.6945e+00     4.0381e-05  9.4018e-06     2.7033e-04  6.2940e-05     2.0049e-04  4.6681e-05     1.3422e-03  3.1251e-04 
7.5114e+00     1.2770e-05  1.1517e-05     9.5924e-05  8.6509e-05     7.1141e-05  6.4159e-05     5.3437e-04  4.8192e-04 
8.4279e+00     1.0347e-06  1.1435e-06     8.7203e-06  9.6372e-06     6.4674e-06  7.1473e-06     5.4506e-05  6.0237e-05 
9.4563e+00     9.2218e-07  9.0887e-07     8.7203e-06  8.5945e-06     6.4674e-06  6.3740e-06     6.1157e-05  6.0275e-05 
1.0610e+01     8.2189e-07  1.6438e-06     8.7203e-06  1.7440e-05     6.4674e-06  1.2935e-05     6.8619e-05  1.3724e-04 
1.1905e+01     0.0000e+00  0.0000e+00     0.0000e+00  0.0000e+00     0.0000e+00  0.0000e+00     0.0000e+00  0.0000e+00 
1.3357e+01     0.0000e+00  0.0000e+00     0.0000e+00  0.0000e+00     0.0000e+00  0.0000e+00     0.0000e+00  0.0000e+00 
1.4987e+01     1.1637e-06  6.3590e-07     1.7441e-05  9.5303e-06     1.2935e-05  7.0681e-06     1.9385e-04  1.0593e-04 
1.6816e+01     2.0743e-06  1.1454e-06     3.4881e-05  1.9261e-05     2.5869e-05  1.4285e-05     4.3502e-04  2.4022e-04 
1.8868e+01     4.6218e-07  1.9606e-07     8.7203e-06  3.6993e-06     6.4674e-06  2.7436e-06     1.2202e-04  5.1765e-05 
2.1170e+01     8.2384e-07  4.5825e-07     1.7441e-05  9.7012e-06     1.2935e-05  7.1948e-06     2.7383e-04  1.5231e-04 
2.3753e+01     3.6712e-07  1.2715e-07     8.7203e-06  3.0203e-06     6.4674e-06  2.2400e-06     1.5362e-04  5.3207e-05 
2.6651e+01     6.5440e-07  4.0191e-07     1.7441e-05  1.0711e-05     1.2935e-05  7.9441e-06     3.4473e-04  2.1172e-04 
2.9903e+01     2.9162e-07  2.0719e-07     8.7203e-06  6.1957e-06     6.4674e-06  4.5950e-06     1.9340e-04  1.3741e-04 
3.3552e+01     7.7971e-07  6.4969e-07     2.6161e-05  2.1799e-05     1.9402e-05  1.6167e-05     6.5098e-04  5.4243e-04 
3.7646e+01     4.6328e-07  1.8972e-07     1.7441e-05  7.1422e-06     1.2935e-05  5.2970e-06     4.8694e-04  1.9941e-04 
4.2240e+01     8.2580e-07  4.2828e-07     3.4881e-05  1.8090e-05     2.5869e-05  1.3417e-05     1.0927e-03  5.6672e-04 
4.7394e+01     9.1999e-07  3.8617e-07     4.3602e-05  1.8302e-05     3.2337e-05  1.3574e-05     1.5326e-03  6.4331e-04 
5.3176e+01     3.2798e-07  2.5366e-07     1.7441e-05  1.3489e-05     1.2935e-05  1.0004e-05     6.8782e-04  5.3198e-04 
5.9665e+01     1.4615e-07  2.0569e-07     8.7203e-06  1.2273e-05     6.4674e-06  9.1019e-06     3.8587e-04  5.4306e-04 
6.6945e+01     3.9078e-07  1.5814e-07     2.6161e-05  1.0587e-05     1.9402e-05  7.8516e-06     1.2989e-03  5.2562e-04 
7.5114e+01     2.3219e-07  1.0430e-07     1.7441e-05  7.8345e-06     1.2935e-05  5.8104e-06     9.7157e-04  4.3644e-04 
8.4279e+01     1.0347e-07  2.0694e-07     8.7203e-06  1.7440e-05     6.4674e-06  1.2935e-05     5.4506e-04  1.0901e-03 
9.4563e+01     9.2218e-08  2.7662e-08     8.7203e-06  2.6157e-06     6.4674e-06  1.9400e-06     6.1157e-04  1.8345e-04 
1.0610e+02     0.0000e+00  0.0000e+00     0.0000e+00  0.0000e+00     0.0000e+00  0.0000e+00     0.0000e+00  0.0000e+00 
1.1905e+02     2.9300e-07  1.4580e-07     3.4881e-05  1.7357e-05     2.5869e-05  1.2873e-05     3.0797e-03  1.5325e-03 
1.3357e+02     6.5285e-08  3.2744e-07     8.7203e-06  4.3737e-05     6.4674e-06  3.2437e-05     8.6386e-04  4.3328e-03 
1.4987e+02     5.8185e-08  2.8512e-08     8.7203e-06  4.2732e-06     6.4674e-06  3.1692e-06     9.6927e-04  4.7497e-04 
1.6816e+02     1.0372e-07  5.0133e-08     1.7441e-05  8.4304e-06     1.2935e-05  6.2524e-06     2.1751e-03  1.0514e-03 
1.8868e+02     4.6218e-08  4.3119e-08     8.7203e-06  8.1355e-06     6.4674e-06  6.0337e-06     1.2202e-03  1.1384e-03 
2.1170e+02     8.2384e-08  6.0333e-08     1.7441e-05  1.2773e-05     1.2935e-05  9.4727e-06     2.7383e-03  2.0054e-03 
2.3753e+02     7.3425e-08  3.4366e-08     1.7441e-05  8.1630e-06     1.2935e-05  6.0541e-06     3.0724e-03  1.4380e-03 
2.6651e+02     9.8160e-08  6.0326e-08     2.6161e-05  1.6078e-05     1.9402e-05  1.1924e-05     5.1709e-03  3.1779e-03 
2.9903e+02     8.7485e-08  6.7466e-08     2.6161e-05  2.0175e-05     1.9402e-05  1.4962e-05     5.8019e-03  4.4743e-03 
3.3552e+02     2.5990e-08  3.5045e-08     8.7203e-06  1.1758e-05     6.4674e-06  8.7204e-06     2.1699e-03  2.9259e-03 
3.7646e+02     6.9492e-08  2.5503e-08     2.6161e-05  9.6007e-06     1.9402e-05  7.1204e-06     7.3041e-03  2.6805e-03 
4.2240e+02     2.0645e-08  6.8460e-09     8.7203e-06  2.8917e-06     6.4674e-06  2.1447e-06     2.7318e-03  9.0590e-04 
4.7394e+02     0.0000e+00  0.0000e+00     0.0000e+00  0.0000e+00     0.0000e+00  0.0000e+00     0.0000e+00  0.0000e+00 
5.3176e+02     4.9197e-08  2.0513e-08     2.6161e-05  1.0908e-05     1.9402e-05  8.0900e-06     1.0317e-02  4.3020e-03 
5.9665e+02     2.9231e-08  1.0554e-08     1.7441e-05  6.2973e-06     1.2935e-05  4.6704e-06     7.7175e-03  2.7866e-03 
6.6945e+02     0.0000e+00  0.0000e+00     0.0000e+00  0.0000e+00     0.0000e+00  0.0000e+00     0.0000e+00  0.0000e+00 
7.5114e+02     0.0000e+00  0.0000e+00     0.0000e+00  0.0000e+00     0.0000e+00  0.0000e+00     0.0000e+00  0.0000e+00 
8.4279e+02     0.0000e+00  0.0000e+00     0.0000e+00  0.0000e+00     0.0000e+00  0.0000e+00     0.0000e+00  0.0000e+00 
9.4563e+02     9.2218e-09  6.3225e-09     8.7203e-06  5.9788e-06     6.4674e-06  4.4341e-06     6.1157e-03  4.1930e-03 
1.0610e+03     0.0000e+00  0.0000e+00     0.0000e+00  0.0000e+00     0.0000e+00  0.0000e+00     0.0000e+00  0.0000e+00 
1.1905e+03     0.0000e+00  0.0000e+00     0.0000e+00  0.0000e+00     0.0000e+00  0.0000e+00     0.0000e+00  0.0000e+00 
1.3357e+03     0.0000e+00  0.0000e+00     0.0000e+00  0.0000e+00     0.0000e+00  0.0000e+00     0.0000e+00  0.0000e+00 
1.4987e+03     0.0000e+00  0.0000e+00     0.0000e+00  0.0000e+00     0.0000e+00  0.0000e+00     0.0000e+00  0.0000e+00 
1.6816e+03     0.0000e+00  0.0000e+00     0.0000e+00  0.0000e+00     0.0000e+00  0.0000e+00     0.0000e+00  0.0000e+00 
1.8868e+03     0.0000e+00  0.0000e+00     0.0000e+00  0.0000e+00     0.0000e+00  0.0000e+00     0.0000e+00  0.0000e+00 
2.1170e+03     0.0000e+00  0.0000e+00     0.0000e+00  0.0000e+00     0.0000e+00  0.0000e+00     0.0000e+00  0.0000e+00 
2.3753e+03     0.0000e+00  0.0000e+00     0.0000e+00  0.0000e+00     0.0000e+00  0.0000e+00     0.0000e+00  0.0000e+00 
2.6651e+03     0.0000e+00  0.0000e+00     0.0000e+00  0.0000e+00     0.0000e+00  0.0000e+00     0.0000e+00  0.0000e+00 
2.9903e+03     0.0000e+00  0.0000e+00     0.0000e+00  0.0000e+00     0.0000e+00  0.0000e+00     0.0000e+00  0.0000e+00 
3.3552e+03     0.0000e+00  0.0000e+00     0.0000e+00  0.0000e+00     0.0000e+00  0.0000e+00     0.0000e+00  0.0000e+00 
3.7646e+03     0.0000e+00  0.0000e+00     0.0000e+00  0.0000e+00     0.0000e+00  0.0000e+00     0.0000e+00  0.0000e+00 
4.2240e+03     0.0000e+00  0.0000e+00     0.0000e+00  0.0000e+00     0.0000e+00  0.0000e+00     0.0000e+00  0.0000e+00 
4.7394e+03     0.0000e+00  0.0000e+00     0.0000e+00  0.0000e+00     0.0000e+00  0.0000e+00     0.0000e+00  0.0000e+00 
5.3176e+03     0.0000e+00  0.0000e+00     0.0000e+00  0.0000e+00     0.0000e+00  0.0000e+00     0.0000e+00  0.0000e+00 
5.9665e+03     0.0000e+00  0.0000e+00     0.0000e+00  0.0000e+00     0.0000e+00  0.0000e+00     0.0000e+00  0.0000e+00 
6.6945e+03     0.0000e+00  0.0000e+00     0.0000e+00  0.0000e+00     0.0000e+00  0.0000e+00     0.0000e+00  0.0000e+00 
7.5114e+03     0.0000e+00  0.0000e+00     0.0000e+00  0.0000e+00     0.0000e+00  0.0000e+00     0.0000e+00  0.0000e+00 
8.4279e+03     0.0000e+00  0.0000e+00     0.0000e+00  0.0000e+00     0.0000e+00  0.0000e+00     0.0000e+00  0.0000e+00 
9.4563e+03     0.0000e+00  0.0000e+00     0.0000e+00  0.0000e+00     0.0000e+00  0.0000e+00     0.0000e+00  0.0000e+00 
