yF = 1.2694e+00 (std: 4.1664e-03) keV/um
yD = 3.1949e+00 (std: 6.9698e-01) keV/um
y (keV/um)     f(y)(std)                  yf(y)(std)                 d(y)(std)                  yd(y)(std)  
1.0610e-03     0.0000e+00  0.0000e+00     0.0000e+00  0.0000e+00     0.0000e+00  0.0000e+00     0.0000e+00  0.0000e+00 
1.1905e-03     7.3238e-03  3.3562e-03     8.7188e-06  3.9954e-06     6.8686e-06  3.1476e-06     8.1769e-09  3.7472e-09 
1.3357e-03     6.5274e-03  4.6921e-03     8.7188e-06  6.2674e-06     6.8686e-06  4.9375e-06     9.1746e-09  6.5951e-09 
1.4987e-03     1.7453e-02  8.6292e-03     2.6156e-05  1.2933e-05     2.0606e-05  1.0188e-05     3.0882e-08  1.5270e-08 
1.6816e-03     1.0370e-02  6.3821e-03     1.7438e-05  1.0732e-05     1.3737e-05  8.4547e-06     2.3100e-08  1.4217e-08 
1.8868e-03     4.6210e-03  3.8850e-03     8.7188e-06  7.3301e-06     6.8686e-06  5.7746e-06     1.2960e-08  1.0895e-08 
2.1170e-03     4.1185e-03  3.3321e-03     8.7188e-06  7.0541e-06     6.8686e-06  5.5572e-06     1.4541e-08  1.1765e-08 
2.3753e-03     0.0000e+00  0.0000e+00     0.0000e+00  0.0000e+00     0.0000e+00  0.0000e+00     0.0000e+00  0.0000e+00 
2.6651e-03     3.2714e-03  2.5222e-03     8.7188e-06  6.7219e-06     6.8686e-06  5.2955e-06     1.8306e-08  1.4113e-08 
2.9903e-03     5.8313e-03  3.0351e-03     1.7438e-05  9.0760e-06     1.3737e-05  7.1502e-06     4.1079e-08  2.1381e-08 
3.3552e-03     5.1972e-03  3.5881e-03     1.7438e-05  1.2039e-05     1.3737e-05  9.4841e-06     4.6091e-08  3.1821e-08 
3.7646e-03     4.6320e-03  3.8187e-03     1.7438e-05  1.4376e-05     1.3737e-05  1.1325e-05     5.1715e-08  4.2636e-08 
4.2240e-03     6.1924e-03  2.5730e-03     2.6156e-05  1.0868e-05     2.0606e-05  8.5622e-06     8.7038e-08  3.6166e-08 
4.7394e-03     7.3587e-03  5.2078e-03     3.4875e-05  2.4682e-05     2.7474e-05  1.9444e-05     1.3021e-07  9.2153e-08 
5.3176e-03     8.1980e-03  4.6762e-03     4.3594e-05  2.4866e-05     3.4343e-05  1.9590e-05     1.8262e-07  1.0417e-07 
5.9665e-03     7.3065e-03  2.8356e-03     4.3594e-05  1.6918e-05     3.4343e-05  1.3329e-05     2.0491e-07  7.9525e-08 
6.6945e-03     7.8143e-03  4.7878e-03     5.2313e-05  3.2052e-05     4.1212e-05  2.5250e-05     2.7589e-07  1.6904e-07 
7.5114e-03     6.9645e-03  6.5842e-03     5.2313e-05  4.9457e-05     4.1212e-05  3.8962e-05     3.0956e-07  2.9266e-07 
8.4279e-03     9.3107e-03  7.8236e-03     7.8469e-05  6.5936e-05     6.1818e-05  5.1945e-05     5.2099e-07  4.3778e-07 
9.4563e-03     1.1064e-02  9.2437e-03     1.0463e-04  8.7411e-05     8.2423e-05  6.8862e-05     7.7942e-07  6.5118e-07 
1.0610e-02     7.3957e-03  2.2637e-03     7.8469e-05  2.4018e-05     6.1818e-05  1.8922e-05     6.5589e-07  2.0077e-07 
1.1905e-02     8.0562e-03  2.8457e-03     9.5907e-05  3.3878e-05     7.5555e-05  2.6690e-05     8.9946e-07  3.1773e-07 
1.3357e-02     7.1801e-03  2.2308e-03     9.5907e-05  2.9797e-05     7.5555e-05  2.3475e-05     1.0092e-06  3.1357e-07 
1.4987e-02     1.3380e-02  3.6286e-03     2.0053e-04  5.4382e-05     1.5798e-04  4.2845e-05     2.3676e-06  6.4212e-07 
1.6816e-02     8.8143e-03  3.3010e-03     1.4822e-04  5.5509e-05     1.1677e-04  4.3731e-05     1.9635e-06  7.3537e-07 
1.8868e-02     1.1090e-02  2.4140e-03     2.0925e-04  4.5547e-05     1.6485e-04  3.5886e-05     3.1103e-06  6.7708e-07 
2.1170e-02     1.4003e-02  4.9009e-03     2.9644e-04  1.0375e-04     2.3353e-04  8.1739e-05     4.9439e-06  1.7304e-06 
2.3753e-02     1.6885e-02  4.2714e-03     4.0107e-04  1.0146e-04     3.1596e-04  7.9935e-05     7.5049e-06  1.8987e-06 
2.6651e-02     1.7339e-02  6.8915e-03     4.6210e-04  1.8367e-04     3.6404e-04  1.4470e-04     9.7021e-06  3.8564e-06 
2.9903e-02     1.7494e-02  2.6566e-03     5.2313e-04  7.9441e-05     4.1212e-04  6.2598e-05     1.2324e-05  1.8719e-06 
3.3552e-02     1.8450e-02  4.1249e-03     6.1904e-04  1.3840e-04     4.8767e-04  1.0904e-04     1.6362e-05  3.6586e-06 
3.7646e-02     2.3623e-02  1.5537e-03     8.8932e-04  5.8492e-05     7.0060e-04  4.6137e-05     2.6375e-05  1.7369e-06 
4.2240e-02     2.4976e-02  3.6101e-03     1.0550e-03  1.5249e-04     8.3110e-04  1.2016e-04     3.5105e-05  5.0755e-06 
4.7394e-02     3.2378e-02  2.5142e-03     1.5345e-03  1.1916e-04     1.2089e-03  9.3953e-05     5.7293e-05  4.4528e-06 
5.3176e-02     3.2136e-02  3.2383e-03     1.7089e-03  1.7220e-04     1.3462e-03  1.3573e-04     7.1589e-05  7.2176e-06 
5.9665e-02     3.8578e-02  2.0007e-03     2.3018e-03  1.1937e-04     1.8133e-03  9.4227e-05     1.0819e-04  5.6220e-06 
6.6945e-02     4.5844e-02  4.5355e-03     3.0690e-03  3.0363e-04     2.4178e-03  2.3933e-04     1.6186e-04  1.6022e-05 
7.5114e-02     4.7126e-02  3.0686e-03     3.5398e-03  2.3049e-04     2.7887e-03  1.8181e-04     2.0947e-04  1.3656e-05 
8.4279e-02     5.8450e-02  5.0517e-03     4.9261e-03  4.2575e-04     3.8808e-03  3.3564e-04     3.2707e-04  2.8288e-05 
9.4563e-02     6.4264e-02  3.1920e-03     6.0770e-03  3.0184e-04     4.7874e-03  2.3831e-04     4.5271e-04  2.2535e-05 
1.0610e-01     7.1163e-02  3.2356e-03     7.5505e-03  3.4330e-04     5.9482e-03  2.7115e-04     6.3111e-04  2.8769e-05 
1.1905e-01     8.8545e-02  3.5403e-03     1.0541e-02  4.2147e-04     8.3042e-03  3.3315e-04     9.8859e-04  3.9660e-05 
1.3357e-01     1.0189e-01  2.5936e-03     1.3610e-02  3.4644e-04     1.0722e-02  2.7518e-04     1.4322e-03  3.6757e-05 
1.4987e-01     1.1280e-01  3.4210e-03     1.6906e-02  5.1270e-04     1.3318e-02  4.0626e-04     1.9960e-03  6.0887e-05 
1.6816e-01     1.2081e-01  4.0099e-03     2.0315e-02  6.7430e-04     1.6004e-02  5.3380e-04     2.6912e-03  8.9763e-05 
1.8868e-01     1.4362e-01  2.3273e-03     2.7098e-02  4.3910e-04     2.1348e-02  3.5295e-04     4.0278e-03  6.6593e-05 
2.1170e-01     1.5214e-01  2.9870e-03     3.2207e-02  6.3235e-04     2.5373e-02  5.0507e-04     5.3714e-03  1.0692e-04 
2.3753e-01     1.6598e-01  3.4012e-03     3.9426e-02  8.0788e-04     3.1060e-02  6.4455e-04     7.3777e-03  1.5310e-04 
2.6651e-01     1.8657e-01  4.6733e-03     4.9723e-02  1.2455e-03     3.9172e-02  9.8958e-04     1.0440e-02  2.6374e-04 
2.9903e-01     2.1042e-01  4.7277e-03     6.2924e-02  1.4138e-03     4.9571e-02  1.1256e-03     1.4823e-02  3.3658e-04 
3.3552e-01     2.3200e-01  2.7442e-03     7.7842e-02  9.2073e-04     6.1323e-02  7.5275e-04     2.0575e-02  2.5256e-04 
3.7646e-01     2.5617e-01  4.0599e-03     9.6439e-02  1.5284e-03     7.5974e-02  1.2296e-03     2.8601e-02  4.6289e-04 
4.2240e-01     2.8551e-01  3.0165e-03     1.2060e-01  1.2742e-03     9.5007e-02  1.0511e-03     4.0130e-02  4.4398e-04 
4.7394e-01     3.1762e-01  1.7913e-03     1.5053e-01  8.4895e-04     1.1859e-01  7.7381e-04     5.6202e-02  3.6674e-04 
5.3176e-01     3.5351e-01  3.5255e-03     1.8799e-01  1.8747e-03     1.4809e-01  1.5548e-03     7.8751e-02  8.2680e-04 
5.9665e-01     3.9383e-01  2.9614e-03     2.3498e-01  1.7669e-03     1.8512e-01  1.5188e-03     1.1045e-01  9.0619e-04 
6.6945e-01     4.4913e-01  4.7207e-03     3.0067e-01  3.1603e-03     2.3686e-01  2.6082e-03     1.5857e-01  1.7461e-03 
7.5114e-01     5.0440e-01  4.6873e-03     3.7888e-01  3.5208e-03     2.9848e-01  2.9416e-03     2.2420e-01  2.2096e-03 
8.4279e-01     5.7999e-01  2.7238e-03     4.8881e-01  2.2956e-03     3.8508e-01  2.2063e-03     3.2454e-01  1.8595e-03 
9.4563e-01     6.5724e-01  3.2484e-03     6.2150e-01  3.0718e-03     4.8962e-01  2.9049e-03     4.6299e-01  2.7470e-03 
1.0610e+00     7.5850e-01  3.3231e-03     8.0477e-01  3.5259e-03     6.3399e-01  3.4707e-03     6.7267e-01  3.6824e-03 
1.1905e+00     8.4792e-01  5.4628e-03     1.0094e+00  6.5034e-03     7.9522e-01  5.7499e-03     9.4669e-01  6.8450e-03 
1.3357e+00     7.9398e-01  5.8219e-03     1.0605e+00  7.7764e-03     8.3549e-01  6.7120e-03     1.1160e+00  8.9654e-03 
1.4987e+00     5.8805e-01  2.7522e-03     8.8132e-01  4.1248e-03     6.9429e-01  3.9689e-03     1.0405e+00  5.9483e-03 
1.6816e+00     3.7722e-01  3.0613e-03     6.3433e-01  5.1478e-03     4.9972e-01  4.3745e-03     8.4032e-01  7.3561e-03 
1.8868e+00     2.3459e-01  3.3663e-03     4.4262e-01  6.3514e-03     3.4869e-01  5.1328e-03     6.5790e-01  9.6845e-03 
2.1170e+00     1.4686e-01  6.4448e-04     3.1090e-01  1.3644e-03     2.4493e-01  1.3422e-03     5.1851e-01  2.8415e-03 
2.3753e+00     9.2184e-02  1.0471e-03     2.1896e-01  2.4872e-03     1.7250e-01  2.0395e-03     4.0974e-01  4.8445e-03 
2.6651e+00     5.5670e-02  1.2689e-03     1.4837e-01  3.3818e-03     1.1688e-01  2.6917e-03     3.1151e-01  7.1737e-03 
2.9903e+00     3.2810e-02  7.6529e-04     9.8113e-02  2.2885e-03     7.7293e-02  1.8206e-03     2.3113e-01  5.4442e-03 
3.3552e+00     1.7541e-02  5.2794e-04     5.8852e-02  1.7713e-03     4.6363e-02  1.4037e-03     1.5556e-01  4.7098e-03 
3.7646e+00     8.8749e-03  2.0518e-04     3.3410e-02  7.7244e-04     2.6321e-02  6.1462e-04     9.9086e-02  2.3138e-03 
4.2240e+00     3.7526e-03  5.1730e-05     1.5851e-02  2.1851e-04     1.2487e-02  1.7695e-04     5.2745e-02  7.4743e-04 
4.7394e+00     1.4313e-03  5.6921e-05     6.7832e-03  2.6977e-04     5.3438e-03  2.1325e-04     2.5326e-02  1.0106e-03 
5.3176e+00     4.6073e-04  2.8966e-05     2.4500e-03  1.5403e-04     1.9301e-03  1.2151e-04     1.0263e-02  6.4614e-04 
5.9665e+00     1.0960e-04  2.1350e-05     6.5391e-04  1.2738e-04     5.1515e-04  1.0037e-04     3.0736e-03  5.9883e-04 
6.6945e+00     3.6467e-05  1.3305e-05     2.4413e-04  8.9072e-05     1.9232e-04  7.0173e-05     1.2875e-03  4.6978e-04 
7.5114e+00     6.9645e-06  3.1908e-06     5.2313e-05  2.3967e-05     4.1212e-05  1.8882e-05     3.0956e-04  1.4183e-04 
8.4279e+00     2.0690e-06  1.5715e-06     1.7438e-05  1.3244e-05     1.3737e-05  1.0434e-05     1.1578e-04  8.7934e-05 
9.4563e+00     0.0000e+00  0.0000e+00     0.0000e+00  0.0000e+00     0.0000e+00  0.0000e+00     0.0000e+00  0.0000e+00 
1.0610e+01     0.0000e+00  0.0000e+00     0.0000e+00  0.0000e+00     0.0000e+00  0.0000e+00     0.0000e+00  0.0000e+00 
1.1905e+01     1.4648e-06  4.3330e-07     1.7438e-05  5.1583e-06     1.3737e-05  4.0639e-06     1.6354e-04  4.8380e-05 
1.3357e+01     0.0000e+00  0.0000e+00     0.0000e+00  0.0000e+00     0.0000e+00  0.0000e+00     0.0000e+00  0.0000e+00 
1.4987e+01     1.7453e-06  3.9378e-06     2.6156e-05  5.9016e-05     2.0606e-05  4.6492e-05     3.0882e-04  6.9679e-04 
1.6816e+01     5.1849e-07  3.1208e-07     8.7188e-06  5.2480e-06     6.8686e-06  4.1344e-06     1.1550e-04  6.9523e-05 
1.8868e+01     4.6210e-07  4.4675e-07     8.7188e-06  8.4292e-06     6.8686e-06  6.6405e-06     1.2960e-04  1.2529e-04 
2.1170e+01     0.0000e+00  0.0000e+00     0.0000e+00  0.0000e+00     0.0000e+00  0.0000e+00     0.0000e+00  0.0000e+00 
2.3753e+01     1.1012e-06  7.5876e-07     2.6156e-05  1.8023e-05     2.0606e-05  1.4198e-05     4.8945e-04  3.3726e-04 
2.6651e+01     3.2714e-07  3.4390e-07     8.7188e-06  9.1653e-06     6.8686e-06  7.2204e-06     1.8306e-04  1.9243e-04 
2.9903e+01     1.4578e-06  1.8964e-06     4.3594e-05  5.6709e-05     3.4343e-05  4.4675e-05     1.0270e-03  1.3359e-03 
3.3552e+01     5.1972e-07  2.9761e-06     1.7438e-05  9.9855e-05     1.3737e-05  7.8665e-05     4.6091e-04  2.6394e-03 
3.7646e+01     4.6320e-07  1.8662e-07     1.7438e-05  7.0255e-06     1.3737e-05  5.5348e-06     5.1715e-04  2.0836e-04 
4.2240e+01     6.1924e-07  2.8897e-07     2.6156e-05  1.2206e-05     2.0606e-05  9.6159e-06     8.7038e-04  4.0617e-04 
4.7394e+01     5.5190e-07  3.2492e-07     2.6156e-05  1.5399e-05     2.0606e-05  1.2132e-05     9.7658e-04  5.7496e-04 
5.3176e+01     1.6396e-07  1.7658e-07     8.7188e-06  9.3899e-06     6.8686e-06  7.3973e-06     3.6525e-04  3.9336e-04 
5.9665e+01     4.3839e-07  3.3315e-07     2.6156e-05  1.9878e-05     2.0606e-05  1.5660e-05     1.2294e-03  9.3433e-04 
6.6945e+01     3.9071e-07  6.0992e-07     2.6156e-05  4.0831e-05     2.0606e-05  3.2166e-05     1.3795e-03  2.1534e-03 
7.5114e+01     2.3215e-07  1.1741e-07     1.7438e-05  8.8194e-06     1.3737e-05  6.9480e-06     1.0319e-03  5.2189e-04 
8.4279e+01     1.0345e-07  5.8622e-08     8.7188e-06  4.9406e-06     6.8686e-06  3.8922e-06     5.7888e-04  3.2803e-04 
9.4563e+01     9.2202e-08  7.1932e-08     8.7188e-06  6.8020e-06     6.8686e-06  5.3586e-06     6.4951e-04  5.0673e-04 
1.0610e+02     1.6435e-07  1.5101e-07     1.7438e-05  1.6022e-05     1.3737e-05  1.2622e-05     1.4575e-03  1.3392e-03 
1.1905e+02     0.0000e+00  0.0000e+00     0.0000e+00  0.0000e+00     0.0000e+00  0.0000e+00     0.0000e+00  0.0000e+00 
1.3357e+02     0.0000e+00  0.0000e+00     0.0000e+00  0.0000e+00     0.0000e+00  0.0000e+00     0.0000e+00  0.0000e+00 
1.4987e+02     5.8175e-08  4.0365e-08     8.7188e-06  6.0496e-06     6.8686e-06  4.7659e-06     1.0294e-03  7.1427e-04 
1.6816e+02     1.0370e-07  5.3560e-08     1.7438e-05  9.0065e-06     1.3737e-05  7.0954e-06     2.3100e-03  1.1932e-03 
1.8868e+02     9.2420e-08  5.3108e-07     1.7438e-05  1.0020e-04     1.3737e-05  7.8939e-05     2.5919e-03  1.4894e-02 
2.1170e+02     4.1185e-08  1.9754e-08     8.7188e-06  4.1820e-06     6.8686e-06  3.2946e-06     1.4541e-03  6.9747e-04 
2.3753e+02     0.0000e+00  0.0000e+00     0.0000e+00  0.0000e+00     0.0000e+00  0.0000e+00     0.0000e+00  0.0000e+00 
2.6651e+02     0.0000e+00  0.0000e+00     0.0000e+00  0.0000e+00     0.0000e+00  0.0000e+00     0.0000e+00  0.0000e+00 
2.9903e+02     0.0000e+00  0.0000e+00     0.0000e+00  0.0000e+00     0.0000e+00  0.0000e+00     0.0000e+00  0.0000e+00 
3.3552e+02     5.1972e-08  3.8069e-08     1.7438e-05  1.2773e-05     1.3737e-05  1.0062e-05     4.6091e-03  3.3762e-03 
3.7646e+02     0.0000e+00  0.0000e+00     0.0000e+00  0.0000e+00     0.0000e+00  0.0000e+00     0.0000e+00  0.0000e+00 
4.2240e+02     4.1283e-08  6.8116e-08     1.7438e-05  2.8772e-05     1.3737e-05  2.2666e-05     5.8025e-03  9.5742e-03 
4.7394e+02     7.3587e-08  2.8113e-08     3.4875e-05  1.3324e-05     2.7474e-05  1.0497e-05     1.3021e-02  4.9747e-03 
5.3176e+02     1.6396e-08  1.9800e-08     8.7188e-06  1.0529e-05     6.8686e-06  8.2946e-06     3.6525e-03  4.4108e-03 
5.9665e+02     0.0000e+00  0.0000e+00     0.0000e+00  0.0000e+00     0.0000e+00  0.0000e+00     0.0000e+00  0.0000e+00 
6.6945e+02     0.0000e+00  0.0000e+00     0.0000e+00  0.0000e+00     0.0000e+00  0.0000e+00     0.0000e+00  0.0000e+00 
7.5114e+02     0.0000e+00  0.0000e+00     0.0000e+00  0.0000e+00     0.0000e+00  0.0000e+00     0.0000e+00  0.0000e+00 
8.4279e+02     0.0000e+00  0.0000e+00     0.0000e+00  0.0000e+00     0.0000e+00  0.0000e+00     0.0000e+00  0.0000e+00 
9.4563e+02     0.0000e+00  0.0000e+00     0.0000e+00  0.0000e+00     0.0000e+00  0.0000e+00     0.0000e+00  0.0000e+00 
1.0610e+03     0.0000e+00  0.0000e+00     0.0000e+00  0.0000e+00     0.0000e+00  0.0000e+00     0.0000e+00  0.0000e+00 
1.1905e+03     0.0000e+00  0.0000e+00     0.0000e+00  0.0000e+00     0.0000e+00  0.0000e+00     0.0000e+00  0.0000e+00 
1.3357e+03     0.0000e+00  0.0000e+00     0.0000e+00  0.0000e+00     0.0000e+00  0.0000e+00     0.0000e+00  0.0000e+00 
1.4987e+03     0.0000e+00  0.0000e+00     0.0000e+00  0.0000e+00     0.0000e+00  0.0000e+00     0.0000e+00  0.0000e+00 
1.6816e+03     0.0000e+00  0.0000e+00     0.0000e+00  0.0000e+00     0.0000e+00  0.0000e+00     0.0000e+00  0.0000e+00 
1.8868e+03     0.0000e+00  0.0000e+00     0.0000e+00  0.0000e+00     0.0000e+00  0.0000e+00     0.0000e+00  0.0000e+00 
2.1170e+03     0.0000e+00  0.0000e+00     0.0000e+00  0.0000e+00     0.0000e+00  0.0000e+00     0.0000e+00  0.0000e+00 
2.3753e+03     0.0000e+00  0.0000e+00     0.0000e+00  0.0000e+00     0.0000e+00  0.0000e+00     0.0000e+00  0.0000e+00 
2.6651e+03     0.0000e+00  0.0000e+00     0.0000e+00  0.0000e+00     0.0000e+00  0.0000e+00     0.0000e+00  0.0000e+00 
2.9903e+03     0.0000e+00  0.0000e+00     0.0000e+00  0.0000e+00     0.0000e+00  0.0000e+00     0.0000e+00  0.0000e+00 
3.3552e+03     0.0000e+00  0.0000e+00     0.0000e+00  0.0000e+00     0.0000e+00  0.0000e+00     0.0000e+00  0.0000e+00 
3.7646e+03     0.0000e+00  0.0000e+00     0.0000e+00  0.0000e+00     0.0000e+00  0.0000e+00     0.0000e+00  0.0000e+00 
4.2240e+03     0.0000e+00  0.0000e+00     0.0000e+00  0.0000e+00     0.0000e+00  0.0000e+00     0.0000e+00  0.0000e+00 
4.7394e+03     0.0000e+00  0.0000e+00     0.0000e+00  0.0000e+00     0.0000e+00  0.0000e+00     0.0000e+00  0.0000e+00 
5.3176e+03     0.0000e+00  0.0000e+00     0.0000e+00  0.0000e+00     0.0000e+00  0.0000e+00     0.0000e+00  0.0000e+00 
5.9665e+03     0.0000e+00  0.0000e+00     0.0000e+00  0.0000e+00     0.0000e+00  0.0000e+00     0.0000e+00  0.0000e+00 
6.6945e+03     0.0000e+00  0.0000e+00     0.0000e+00  0.0000e+00     0.0000e+00  0.0000e+00     0.0000e+00  0.0000e+00 
7.5114e+03     0.0000e+00  0.0000e+00     0.0000e+00  0.0000e+00     0.0000e+00  0.0000e+00     0.0000e+00  0.0000e+00 
8.4279e+03     0.0000e+00  0.0000e+00     0.0000e+00  0.0000e+00     0.0000e+00  0.0000e+00     0.0000e+00  0.0000e+00 
9.4563e+03     0.0000e+00  0.0000e+00     0.0000e+00  0.0000e+00     0.0000e+00  0.0000e+00     0.0000e+00  0.0000e+00 
