yF = 9.8827e+00 (std: 1.7355e-02) keV/um
yD = 1.0898e+01 (std: 2.2068e-02) keV/um
y (keV/um)     f(y)(std)                  yf(y)(std)                 d(y)(std)                  yd(y)(std)  
1.0610e-03     0.0000e+00  0.0000e+00     0.0000e+00  0.0000e+00     0.0000e+00  0.0000e+00     0.0000e+00  0.0000e+00 
1.1905e-03     1.5058e-02  1.1479e-02     1.7926e-05  1.3666e-05     1.8139e-06  1.3828e-06     2.1594e-09  1.6462e-09 
1.3357e-03     6.7102e-03  3.1476e-03     8.9630e-06  4.2044e-06     9.0694e-07  4.2543e-07     1.2114e-09  5.6826e-10 
1.4987e-03     3.5883e-02  1.8021e-02     5.3778e-05  2.7008e-05     5.4416e-06  2.7328e-06     8.1554e-09  4.0957e-09 
1.6816e-03     5.3301e-03  7.5014e-03     8.9630e-06  1.2614e-05     9.0694e-07  1.2764e-06     1.5251e-09  2.1464e-09 
1.8868e-03     9.5009e-03  3.8759e-03     1.7926e-05  7.3129e-06     1.8139e-06  7.3997e-07     3.4224e-09  1.3962e-09 
2.1170e-03     0.0000e+00  0.0000e+00     0.0000e+00  0.0000e+00     0.0000e+00  0.0000e+00     0.0000e+00  0.0000e+00 
2.3753e-03     3.7734e-03  2.4936e-03     8.9630e-06  5.9231e-06     9.0694e-07  5.9934e-07     2.1542e-09  1.4236e-09 
2.6651e-03     3.3631e-03  8.2372e-04     8.9630e-06  2.1953e-06     9.0694e-07  2.2214e-07     2.4171e-09  5.9204e-10 
2.9903e-03     0.0000e+00  0.0000e+00     0.0000e+00  0.0000e+00     0.0000e+00  0.0000e+00     0.0000e+00  0.0000e+00 
3.3552e-03     2.6714e-03  5.9731e-04     8.9630e-06  2.0041e-06     9.0694e-07  2.0279e-07     3.0430e-09  6.8042e-10 
3.7646e-03     4.7617e-03  3.3083e-03     1.7926e-05  1.2455e-05     1.8139e-06  1.2602e-06     6.8285e-09  4.7443e-09 
4.2240e-03     2.1219e-03  7.2332e-03     8.9630e-06  3.0553e-05     9.0694e-07  3.0915e-06     3.8309e-09  1.3058e-08 
4.7394e-03     1.8912e-03  7.5635e-04     8.9630e-06  3.5846e-06     9.0694e-07  3.6272e-07     4.2983e-09  1.7191e-09 
5.3176e-03     8.4276e-03  6.2416e-03     4.4815e-05  3.3191e-05     4.5347e-06  3.3585e-06     2.4114e-08  1.7859e-08 
5.9665e-03     0.0000e+00  0.0000e+00     0.0000e+00  0.0000e+00     0.0000e+00  0.0000e+00     0.0000e+00  0.0000e+00 
6.6945e-03     4.0166e-03  1.6825e-02     2.6889e-05  1.1264e-04     2.7208e-06  1.1397e-05     1.8215e-08  7.6300e-08 
7.5114e-03     2.3865e-03  4.3882e-03     1.7926e-05  3.2961e-05     1.8139e-06  3.3352e-06     1.3625e-08  2.5052e-08 
8.4279e-03     2.1270e-03  4.8433e-03     1.7926e-05  4.0819e-05     1.8139e-06  4.1303e-06     1.5287e-08  3.4810e-08 
9.4563e-03     2.8435e-02  4.8266e-03     2.6889e-04  4.5642e-05     2.7208e-05  4.6186e-06     2.5729e-07  4.3674e-08 
1.0610e-02     4.7307e-02  9.2385e-03     5.0193e-04  9.8022e-05     5.0788e-05  9.9189e-06     5.3887e-07  1.0524e-07 
1.1905e-02     3.6139e-02  1.4255e-02     4.3022e-04  1.6971e-04     4.3533e-05  1.7172e-05     5.1825e-07  2.0443e-07 
1.3357e-02     2.5499e-02  7.5728e-03     3.4059e-04  1.0115e-04     3.4464e-05  1.0235e-05     4.6034e-07  1.3672e-07 
1.4987e-02     3.3491e-02  1.1221e-02     5.0193e-04  1.6816e-04     5.0788e-05  1.7016e-05     7.6117e-07  2.5502e-07 
1.6816e-02     2.6650e-02  6.3730e-03     4.4815e-04  1.0717e-04     4.5347e-05  1.0844e-05     7.6255e-07  1.8235e-07 
1.8868e-02     1.4726e-02  4.2126e-03     2.7785e-04  7.9483e-05     2.8115e-05  8.0428e-06     5.3047e-07  1.5175e-07 
2.1170e-02     1.7359e-02  3.2834e-03     3.6748e-04  6.9510e-05     3.7184e-05  7.0338e-06     7.8719e-07  1.4891e-07 
2.3753e-02     1.0943e-02  2.4878e-03     2.5993e-04  5.9094e-05     2.6301e-05  5.9797e-06     6.2473e-07  1.4204e-07 
2.6651e-02     1.2107e-02  4.0986e-03     3.2267e-04  1.0923e-04     3.2650e-05  1.1053e-05     8.7016e-07  2.9458e-07 
2.9903e-02     1.1690e-02  2.6091e-03     3.4956e-04  7.8021e-05     3.5371e-05  7.8949e-06     1.0577e-06  2.3608e-07 
3.3552e-02     9.8841e-03  2.4774e-03     3.3163e-04  8.3121e-05     3.3557e-05  8.4109e-06     1.1259e-06  2.8220e-07 
3.7646e-02     8.3330e-03  2.1106e-03     3.1371e-04  7.9457e-05     3.1743e-05  8.0402e-06     1.1950e-06  3.0268e-07 
4.2240e-02     7.8512e-03  1.2628e-03     3.3163e-04  5.3339e-05     3.3557e-05  5.3976e-06     1.4174e-06  2.2799e-07 
4.7394e-02     5.2953e-03  1.7634e-03     2.5096e-04  8.3572e-05     2.5394e-05  8.4565e-06     1.2035e-06  4.0078e-07 
5.3176e-02     5.3937e-03  1.7326e-03     2.8682e-04  9.2134e-05     2.9022e-05  9.3229e-06     1.5433e-06  4.9576e-07 
5.9665e-02     6.3093e-03  1.4025e-03     3.7645e-04  8.3679e-05     3.8091e-05  8.4675e-06     2.2727e-06  5.0521e-07 
6.6945e-02     5.7571e-03  1.5334e-03     3.8541e-04  1.0265e-04     3.8998e-05  1.0387e-05     2.6107e-06  6.9538e-07 
7.5114e-02     3.9378e-03  1.0157e-03     2.9578e-04  7.6291e-05     2.9929e-05  7.7198e-06     2.2481e-06  5.7987e-07 
8.4279e-02     4.8921e-03  1.1656e-03     4.1230e-04  9.8237e-05     4.1719e-05  9.9405e-06     3.5160e-06  8.3778e-07 
9.4563e-02     3.4122e-03  8.3658e-04     3.2267e-04  7.9110e-05     3.2650e-05  8.0050e-06     3.0874e-06  7.5698e-07 
1.0610e-01     4.2238e-03  5.3085e-04     4.4815e-04  5.6324e-05     4.5347e-05  5.6998e-06     4.8113e-06  6.0475e-07 
1.1905e-01     4.3668e-03  8.8500e-04     5.1985e-04  1.0536e-04     5.2602e-05  1.0661e-05     6.2622e-06  1.2692e-06 
1.3357e-01     4.5629e-03  6.2613e-04     6.0948e-04  8.3634e-05     6.1672e-05  8.4634e-06     8.2377e-06  1.1305e-06 
1.4987e-01     4.0667e-03  9.4290e-04     6.0948e-04  1.4131e-04     6.1672e-05  1.4300e-05     9.2428e-06  2.1431e-06 
1.6816e-01     4.1042e-03  8.5664e-04     6.9015e-04  1.4405e-04     6.9834e-05  1.4577e-05     1.1743e-05  2.4512e-06 
1.8868e-01     3.9904e-03  8.4403e-04     7.5289e-04  1.5925e-04     7.6183e-05  1.6114e-05     1.4374e-05  3.0404e-06 
2.1170e-01     3.3024e-03  4.8002e-04     6.9911e-04  1.0162e-04     7.0741e-05  1.0283e-05     1.4976e-05  2.1770e-06 
2.3753e-01     3.5470e-03  7.1642e-04     8.4252e-04  1.7017e-04     8.5252e-05  1.7220e-05     2.0250e-05  4.0902e-06 
2.6651e-01     3.7330e-03  7.9654e-04     9.9489e-04  2.1229e-04     1.0067e-04  2.1481e-05     2.6830e-05  5.7251e-06 
2.9903e-01     3.0273e-03  5.5286e-04     9.0526e-04  1.6532e-04     9.1601e-05  1.6729e-05     2.7392e-05  5.0026e-06 
3.3552e-01     3.8201e-03  6.8887e-04     1.2817e-03  2.3113e-04     1.2969e-04  2.3388e-05     4.3514e-05  7.8473e-06 
3.7646e-01     3.3332e-03  4.7257e-04     1.2548e-03  1.7791e-04     1.2697e-04  1.8003e-05     4.7800e-05  6.7774e-06 
4.2240e-01     3.2890e-03  5.7477e-04     1.3893e-03  2.4278e-04     1.4058e-04  2.4567e-05     5.9378e-05  1.0377e-05 
4.7394e-01     3.7445e-03  4.4008e-04     1.7747e-03  2.0857e-04     1.7957e-04  2.1107e-05     8.5106e-05  1.0003e-05 
5.3176e-01     4.1969e-03  6.3794e-04     2.2318e-03  3.3923e-04     2.2583e-04  3.4328e-05     1.2009e-04  1.8254e-05 
5.9665e-01     3.6654e-03  3.8628e-04     2.1870e-03  2.3047e-04     2.2129e-04  2.3324e-05     1.3203e-04  1.3916e-05 
6.6945e-01     3.4275e-03  2.6100e-04     2.2945e-03  1.7473e-04     2.3218e-04  1.7685e-05     1.5543e-04  1.1839e-05 
7.5114e-01     4.0809e-03  2.6169e-04     3.0653e-03  1.9657e-04     3.1017e-04  1.9897e-05     2.3298e-04  1.4946e-05 
8.4279e-01     4.4667e-03  1.9213e-04     3.7645e-03  1.6192e-04     3.8091e-04  1.6398e-05     3.2103e-04  1.3820e-05 
9.4563e-01     4.8529e-03  2.5396e-04     4.5891e-03  2.4015e-04     4.6435e-04  2.4313e-05     4.3910e-04  2.2991e-05 
1.0610e+00     5.3811e-03  2.5015e-04     5.7094e-03  2.6541e-04     5.7772e-04  2.6875e-05     6.1296e-04  2.8515e-05 
1.1905e+00     6.0909e-03  5.7179e-04     7.2511e-03  6.8071e-04     7.3371e-04  6.8890e-05     8.7346e-04  8.2012e-05 
1.3357e+00     6.7504e-03  7.1383e-04     9.0168e-03  9.5349e-04     9.1238e-04  9.6494e-05     1.2187e-03  1.2889e-04 
1.4987e+00     7.8643e-03  3.6541e-04     1.1786e-02  5.4765e-04     1.1926e-03  5.5455e-05     1.7874e-03  8.3111e-05 
1.6816e+00     9.0878e-03  3.8471e-04     1.5282e-02  6.4693e-04     1.5463e-03  6.5517e-05     2.6003e-03  1.1017e-04 
1.8868e+00     1.0213e-02  9.0389e-04     1.9270e-02  1.7054e-03     1.9499e-03  1.7260e-04     3.6790e-03  3.2566e-04 
2.1170e+00     1.1851e-02  1.7605e-04     2.5087e-02  3.7270e-04     2.5385e-03  3.7975e-05     5.3740e-03  8.0392e-05 
2.3753e+00     1.3920e-02  5.2055e-04     3.3065e-02  1.2365e-03     3.3457e-03  1.2525e-04     7.9470e-03  2.9751e-04 
2.6651e+00     1.6230e-02  6.1183e-04     4.3255e-02  1.6306e-03     4.3769e-03  1.6518e-04     1.1665e-02  4.4022e-04 
2.9903e+00     1.9231e-02  3.4237e-04     5.7507e-02  1.0238e-03     5.8189e-03  1.0410e-04     1.7400e-02  3.1129e-04 
3.3552e+00     2.2797e-02  2.5989e-04     7.6490e-02  8.7197e-04     7.7398e-03  8.9273e-05     2.5969e-02  2.9953e-04 
3.7646e+00     2.7258e-02  5.7150e-04     1.0262e-01  2.1515e-03     1.0384e-02  2.1846e-04     3.9090e-02  8.2242e-04 
4.2240e+00     3.2510e-02  4.9887e-04     1.3732e-01  2.1072e-03     1.3895e-02  2.1461e-04     5.8693e-02  9.0651e-04 
4.7394e+00     3.8312e-02  3.6013e-04     1.8157e-01  1.7068e-03     1.8373e-02  1.7569e-04     8.7075e-02  8.3265e-04 
5.3176e+00     4.5571e-02  3.1288e-04     2.4233e-01  1.6638e-03     2.4521e-02  1.7377e-04     1.3039e-01  9.2405e-04 
5.9665e+00     5.3443e-02  2.0905e-04     3.1887e-01  1.2473e-03     3.2265e-02  1.3834e-04     1.9251e-01  8.2543e-04 
6.6945e+00     6.2024e-02  6.2834e-04     4.1522e-01  4.2064e-03     4.2015e-02  4.3198e-04     2.8127e-01  2.8919e-03 
7.5114e+00     7.2531e-02  1.2170e-03     5.4481e-01  9.1411e-03     5.5127e-02  9.3001e-04     4.1408e-01  6.9857e-03 
8.4279e+00     8.3846e-02  3.4401e-04     7.0664e-01  2.8993e-03     7.1503e-02  3.1911e-04     6.0262e-01  2.6894e-03 
9.4563e+00     9.8394e-02  3.5611e-04     9.3044e-01  3.3675e-03     9.4148e-02  3.7873e-04     8.9029e-01  3.5814e-03 
1.0610e+01     1.1750e-01  5.6248e-04     1.2467e+00  5.9679e-03     1.2615e-01  6.4322e-04     1.3385e+00  6.8247e-03 
1.1905e+01     1.4098e-01  2.6681e-04     1.6783e+00  3.1764e-03     1.6982e-01  4.3845e-04     2.0217e+00  5.2196e-03 
1.3357e+01     1.1261e-01  4.2671e-04     1.5042e+00  5.6997e-03     1.5220e-01  6.3566e-04     2.0330e+00  8.4907e-03 
1.4987e+01     2.2203e-02  2.8064e-04     3.3276e-01  4.2060e-03     3.3671e-02  4.2968e-04     5.0463e-01  6.4396e-03 
1.6816e+01     6.4387e-04  1.6423e-05     1.0827e-02  2.7616e-04     1.0956e-03  2.8010e-05     1.8423e-02  4.7102e-04 
1.8868e+01     4.2754e-06  1.6969e-06     8.0667e-05  3.2017e-05     8.1624e-06  3.2397e-06     1.5401e-04  6.1126e-05 
2.1170e+01     2.5403e-06  2.3641e-06     5.3778e-05  5.0047e-05     5.4416e-06  5.0641e-06     1.1520e-04  1.0721e-04 
2.3753e+01     1.8867e-06  1.0348e-06     4.4815e-05  2.4579e-05     4.5347e-06  2.4870e-06     1.0771e-04  5.9075e-05 
2.6651e+01     1.6815e-06  1.0650e-06     4.4815e-05  2.8385e-05     4.5347e-06  2.8722e-06     1.2086e-04  7.6548e-05 
2.9903e+01     2.0981e-06  8.2735e-07     6.2741e-05  2.4740e-05     6.3486e-06  2.5034e-06     1.8984e-04  7.4861e-05 
3.3552e+01     2.1371e-06  1.1345e-06     7.1704e-05  3.8066e-05     7.2555e-06  3.8518e-06     2.4344e-04  1.2924e-04 
3.7646e+01     1.9047e-06  4.9197e-07     7.1704e-05  1.8521e-05     7.2555e-06  1.8741e-06     2.7314e-04  7.0552e-05 
4.2240e+01     1.0610e-06  8.9475e-07     4.4815e-05  3.7794e-05     4.5347e-06  3.8242e-06     1.9154e-04  1.6153e-04 
4.7394e+01     9.4559e-07  4.2703e-07     4.4815e-05  2.0238e-05     4.5347e-06  2.0479e-06     2.1491e-04  9.7055e-05 
5.3176e+01     1.6855e-07  3.6561e-07     8.9630e-06  1.9442e-05     9.0694e-07  1.9673e-06     4.8228e-05  1.0461e-04 
5.9665e+01     4.5067e-07  2.5673e-07     2.6889e-05  1.5318e-05     2.7208e-06  1.5500e-06     1.6234e-04  9.2480e-05 
6.6945e+01     5.3554e-07  5.6944e-07     3.5852e-05  3.8121e-05     3.6277e-06  3.8574e-06     2.4286e-04  2.5823e-04 
7.5114e+01     4.7730e-07  2.6252e-07     3.5852e-05  1.9719e-05     3.6277e-06  1.9953e-06     2.7249e-04  1.4987e-04 
8.4279e+01     0.0000e+00  0.0000e+00     0.0000e+00  0.0000e+00     0.0000e+00  0.0000e+00     0.0000e+00  0.0000e+00 
9.4563e+01     0.0000e+00  0.0000e+00     0.0000e+00  0.0000e+00     0.0000e+00  0.0000e+00     0.0000e+00  0.0000e+00 
1.0610e+02     0.0000e+00  0.0000e+00     0.0000e+00  0.0000e+00     0.0000e+00  0.0000e+00     0.0000e+00  0.0000e+00 
1.1905e+02     0.0000e+00  0.0000e+00     0.0000e+00  0.0000e+00     0.0000e+00  0.0000e+00     0.0000e+00  0.0000e+00 
1.3357e+02     0.0000e+00  0.0000e+00     0.0000e+00  0.0000e+00     0.0000e+00  0.0000e+00     0.0000e+00  0.0000e+00 
1.4987e+02     0.0000e+00  0.0000e+00     0.0000e+00  0.0000e+00     0.0000e+00  0.0000e+00     0.0000e+00  0.0000e+00 
1.6816e+02     0.0000e+00  0.0000e+00     0.0000e+00  0.0000e+00     0.0000e+00  0.0000e+00     0.0000e+00  0.0000e+00 
1.8868e+02     0.0000e+00  0.0000e+00     0.0000e+00  0.0000e+00     0.0000e+00  0.0000e+00     0.0000e+00  0.0000e+00 
2.1170e+02     0.0000e+00  0.0000e+00     0.0000e+00  0.0000e+00     0.0000e+00  0.0000e+00     0.0000e+00  0.0000e+00 
2.3753e+02     0.0000e+00  0.0000e+00     0.0000e+00  0.0000e+00     0.0000e+00  0.0000e+00     0.0000e+00  0.0000e+00 
2.6651e+02     0.0000e+00  0.0000e+00     0.0000e+00  0.0000e+00     0.0000e+00  0.0000e+00     0.0000e+00  0.0000e+00 
2.9903e+02     0.0000e+00  0.0000e+00     0.0000e+00  0.0000e+00     0.0000e+00  0.0000e+00     0.0000e+00  0.0000e+00 
3.3552e+02     0.0000e+00  0.0000e+00     0.0000e+00  0.0000e+00     0.0000e+00  0.0000e+00     0.0000e+00  0.0000e+00 
3.7646e+02     0.0000e+00  0.0000e+00     0.0000e+00  0.0000e+00     0.0000e+00  0.0000e+00     0.0000e+00  0.0000e+00 
4.2240e+02     0.0000e+00  0.0000e+00     0.0000e+00  0.0000e+00     0.0000e+00  0.0000e+00     0.0000e+00  0.0000e+00 
4.7394e+02     0.0000e+00  0.0000e+00     0.0000e+00  0.0000e+00     0.0000e+00  0.0000e+00     0.0000e+00  0.0000e+00 
5.3176e+02     0.0000e+00  0.0000e+00     0.0000e+00  0.0000e+00     0.0000e+00  0.0000e+00     0.0000e+00  0.0000e+00 
5.9665e+02     0.0000e+00  0.0000e+00     0.0000e+00  0.0000e+00     0.0000e+00  0.0000e+00     0.0000e+00  0.0000e+00 
6.6945e+02     0.0000e+00  0.0000e+00     0.0000e+00  0.0000e+00     0.0000e+00  0.0000e+00     0.0000e+00  0.0000e+00 
7.5114e+02     0.0000e+00  0.0000e+00     0.0000e+00  0.0000e+00     0.0000e+00  0.0000e+00     0.0000e+00  0.0000e+00 
8.4279e+02     0.0000e+00  0.0000e+00     0.0000e+00  0.0000e+00     0.0000e+00  0.0000e+00     0.0000e+00  0.0000e+00 
9.4563e+02     0.0000e+00  0.0000e+00     0.0000e+00  0.0000e+00     0.0000e+00  0.0000e+00     0.0000e+00  0.0000e+00 
1.0610e+03     0.0000e+00  0.0000e+00     0.0000e+00  0.0000e+00     0.0000e+00  0.0000e+00     0.0000e+00  0.0000e+00 
1.1905e+03     0.0000e+00  0.0000e+00     0.0000e+00  0.0000e+00     0.0000e+00  0.0000e+00     0.0000e+00  0.0000e+00 
1.3357e+03     0.0000e+00  0.0000e+00     0.0000e+00  0.0000e+00     0.0000e+00  0.0000e+00     0.0000e+00  0.0000e+00 
1.4987e+03     0.0000e+00  0.0000e+00     0.0000e+00  0.0000e+00     0.0000e+00  0.0000e+00     0.0000e+00  0.0000e+00 
1.6816e+03     0.0000e+00  0.0000e+00     0.0000e+00  0.0000e+00     0.0000e+00  0.0000e+00     0.0000e+00  0.0000e+00 
1.8868e+03     0.0000e+00  0.0000e+00     0.0000e+00  0.0000e+00     0.0000e+00  0.0000e+00     0.0000e+00  0.0000e+00 
2.1170e+03     0.0000e+00  0.0000e+00     0.0000e+00  0.0000e+00     0.0000e+00  0.0000e+00     0.0000e+00  0.0000e+00 
2.3753e+03     0.0000e+00  0.0000e+00     0.0000e+00  0.0000e+00     0.0000e+00  0.0000e+00     0.0000e+00  0.0000e+00 
2.6651e+03     0.0000e+00  0.0000e+00     0.0000e+00  0.0000e+00     0.0000e+00  0.0000e+00     0.0000e+00  0.0000e+00 
2.9903e+03     0.0000e+00  0.0000e+00     0.0000e+00  0.0000e+00     0.0000e+00  0.0000e+00     0.0000e+00  0.0000e+00 
3.3552e+03     0.0000e+00  0.0000e+00     0.0000e+00  0.0000e+00     0.0000e+00  0.0000e+00     0.0000e+00  0.0000e+00 
3.7646e+03     0.0000e+00  0.0000e+00     0.0000e+00  0.0000e+00     0.0000e+00  0.0000e+00     0.0000e+00  0.0000e+00 
4.2240e+03     0.0000e+00  0.0000e+00     0.0000e+00  0.0000e+00     0.0000e+00  0.0000e+00     0.0000e+00  0.0000e+00 
4.7394e+03     0.0000e+00  0.0000e+00     0.0000e+00  0.0000e+00     0.0000e+00  0.0000e+00     0.0000e+00  0.0000e+00 
5.3176e+03     0.0000e+00  0.0000e+00     0.0000e+00  0.0000e+00     0.0000e+00  0.0000e+00     0.0000e+00  0.0000e+00 
5.9665e+03     0.0000e+00  0.0000e+00     0.0000e+00  0.0000e+00     0.0000e+00  0.0000e+00     0.0000e+00  0.0000e+00 
6.6945e+03     0.0000e+00  0.0000e+00     0.0000e+00  0.0000e+00     0.0000e+00  0.0000e+00     0.0000e+00  0.0000e+00 
7.5114e+03     0.0000e+00  0.0000e+00     0.0000e+00  0.0000e+00     0.0000e+00  0.0000e+00     0.0000e+00  0.0000e+00 
8.4279e+03     0.0000e+00  0.0000e+00     0.0000e+00  0.0000e+00     0.0000e+00  0.0000e+00     0.0000e+00  0.0000e+00 
9.4563e+03     0.0000e+00  0.0000e+00     0.0000e+00  0.0000e+00     0.0000e+00  0.0000e+00     0.0000e+00  0.0000e+00 
