yF = 1.3762e+00 (std: 3.2134e-03) keV/um
yD = 4.7888e+00 (std: 6.7075e-01) keV/um
y (keV/um)     f(y)(std)                  yf(y)(std)                 d(y)(std)                  yd(y)(std)  
1.0610e-03     0.0000e+00  0.0000e+00     0.0000e+00  0.0000e+00     0.0000e+00  0.0000e+00     0.0000e+00  0.0000e+00 
1.1905e-03     0.0000e+00  0.0000e+00     0.0000e+00  0.0000e+00     0.0000e+00  0.0000e+00     0.0000e+00  0.0000e+00 
1.3357e-03     0.0000e+00  0.0000e+00     0.0000e+00  0.0000e+00     0.0000e+00  0.0000e+00     0.0000e+00  0.0000e+00 
1.4987e-03     1.1638e-02  4.0565e-03     1.7441e-05  6.0795e-06     1.2673e-05  4.4176e-06     1.8994e-08  6.6207e-09 
1.6816e-03     1.0372e-02  3.7388e-03     1.7441e-05  6.2872e-06     1.2673e-05  4.5685e-06     2.1311e-08  7.6823e-09 
1.8868e-03     9.2440e-03  8.7343e-03     1.7441e-05  1.6480e-05     1.2673e-05  1.1974e-05     2.3912e-08  2.2593e-08 
2.1170e-03     1.2358e-02  5.6263e-03     2.6162e-05  1.1911e-05     1.9010e-05  8.6548e-06     4.0244e-08  1.8322e-08 
2.3753e-03     7.3428e-03  3.5182e-03     1.7441e-05  8.3568e-06     1.2673e-05  6.0723e-06     3.0103e-08  1.4424e-08 
2.6651e-03     3.2721e-03  8.6561e-04     8.7207e-06  2.3070e-06     6.3366e-06  1.6764e-06     1.6888e-08  4.4677e-09 
2.9903e-03     5.8326e-03  5.9491e-03     1.7441e-05  1.7790e-05     1.2673e-05  1.2927e-05     3.7897e-08  3.8655e-08 
3.3552e-03     5.1983e-03  2.4343e-03     1.7441e-05  8.1677e-06     1.2673e-05  5.9349e-06     4.2521e-08  1.9913e-08 
3.7646e-03     6.9495e-03  9.8401e-03     2.6162e-05  3.7044e-05     1.9010e-05  2.6917e-05     7.1565e-08  1.0133e-07 
4.2240e-03     4.1292e-03  1.5873e-03     1.7441e-05  6.7045e-06     1.2673e-05  4.8717e-06     5.3531e-08  2.0578e-08 
4.7394e-03     3.6801e-03  3.3936e-03     1.7441e-05  1.6083e-05     1.2673e-05  1.1687e-05     6.0063e-08  5.5387e-08 
5.3176e-03     4.9199e-03  2.6481e-03     2.6162e-05  1.4081e-05     1.9010e-05  1.0232e-05     1.0109e-07  5.4410e-08 
5.9665e-03     5.8464e-03  2.9917e-03     3.4883e-05  1.7850e-05     2.5347e-05  1.2970e-05     1.5123e-07  7.7386e-08 
6.6945e-03     2.6053e-03  2.8137e-03     1.7441e-05  1.8836e-05     1.2673e-05  1.3687e-05     8.4841e-08  9.1626e-08 
7.5114e-03     9.2880e-03  4.4009e-03     6.9765e-05  3.3057e-05     5.0693e-05  2.4020e-05     3.8077e-07  1.8043e-07 
8.4279e-03     6.2084e-03  2.3730e-03     5.2324e-05  2.0000e-05     3.8020e-05  1.4533e-05     3.2043e-07  1.2248e-07 
9.4563e-03     6.4555e-03  2.9031e-03     6.1045e-05  2.7453e-05     4.4356e-05  1.9948e-05     4.1945e-07  1.8863e-07 
1.0610e-02     5.7535e-03  3.1605e-03     6.1045e-05  3.3533e-05     4.4356e-05  2.4366e-05     4.7063e-07  2.5853e-07 
1.1905e-02     6.5929e-03  3.4667e-03     7.8486e-05  4.1270e-05     5.7030e-05  2.9988e-05     6.7892e-07  3.5700e-07 
1.3357e-02     9.7931e-03  4.5003e-03     1.3081e-04  6.0112e-05     9.5050e-05  4.3679e-05     1.2696e-06  5.8344e-07 
1.4987e-02     7.5644e-03  2.9320e-03     1.1337e-04  4.3942e-05     8.2376e-05  3.1930e-05     1.2346e-06  4.7854e-07 
1.6816e-02     1.5039e-02  3.5781e-03     2.5290e-04  6.0169e-05     1.8376e-04  4.3722e-05     3.0901e-06  7.3523e-07 
1.8868e-02     1.1555e-02  3.3800e-03     2.1802e-04  6.3773e-05     1.5842e-04  4.6341e-05     2.9889e-06  8.7434e-07 
2.1170e-02     8.6507e-03  2.7974e-03     1.8313e-04  5.9220e-05     1.3307e-04  4.3032e-05     2.8171e-06  9.1098e-07 
2.3753e-02     1.3951e-02  4.6584e-03     3.3139e-04  1.1065e-04     2.4079e-04  8.0404e-05     5.7195e-06  1.9098e-06 
2.6651e-02     1.3416e-02  3.3133e-03     3.5755e-04  8.8304e-05     2.5980e-04  6.4167e-05     6.9241e-06  1.7101e-06 
2.9903e-02     1.3998e-02  3.2082e-03     4.1859e-04  9.5937e-05     3.0416e-04  6.9714e-05     9.0953e-06  2.0847e-06 
3.3552e-02     1.7414e-02  3.5042e-03     5.8429e-04  1.1757e-04     4.2455e-04  8.5437e-05     1.4245e-05  2.8666e-06 
3.7646e-02     2.1775e-02  3.8961e-03     8.1974e-04  1.4667e-04     5.9564e-04  1.0658e-04     2.2424e-05  4.0125e-06 
4.2240e-02     2.1885e-02  3.4155e-03     9.2439e-04  1.4427e-04     6.7168e-04  1.0484e-04     2.8372e-05  4.4284e-06 
4.7394e-02     2.2265e-02  4.6712e-03     1.0552e-03  2.2138e-04     7.6673e-04  1.6087e-04     3.6338e-05  7.6244e-06 
5.3176e-02     2.6239e-02  4.7451e-03     1.3953e-03  2.5233e-04     1.0139e-03  1.8336e-04     5.3914e-05  9.7505e-06 
5.9665e-02     3.0694e-02  3.9516e-03     1.8313e-03  2.3577e-04     1.3307e-03  1.7135e-04     7.9396e-05  1.0223e-05 
6.6945e-02     3.6605e-02  3.5449e-03     2.4505e-03  2.3731e-04     1.7806e-03  1.7249e-04     1.1920e-04  1.1547e-05 
7.5114e-02     4.2144e-02  3.2849e-03     3.1656e-03  2.4674e-04     2.3002e-03  1.7937e-04     1.7278e-04  1.3473e-05 
8.4279e-02     4.6253e-02  2.9061e-03     3.8981e-03  2.4493e-04     2.8325e-03  1.7809e-04     2.3872e-04  1.5009e-05 
9.4563e-02     5.6255e-02  4.6310e-03     5.3196e-03  4.3792e-04     3.8653e-03  3.1833e-04     3.6552e-04  3.0102e-05 
1.0610e-01     6.0904e-02  5.5100e-03     6.4620e-03  5.8462e-04     4.6954e-03  4.2494e-04     4.9819e-04  4.5086e-05 
1.1905e-01     7.3840e-02  3.9596e-03     8.7904e-03  4.7138e-04     6.3873e-03  3.4284e-04     7.6039e-04  4.0815e-05 
1.3357e-01     7.8998e-02  4.7899e-03     1.0552e-02  6.3980e-04     7.6673e-03  4.6524e-04     1.0241e-03  6.2143e-05 
1.4987e-01     9.5428e-02  2.4200e-03     1.4302e-02  3.6269e-04     1.0392e-02  2.6465e-04     1.5575e-03  3.9664e-05 
1.6816e-01     1.0512e-01  3.4591e-03     1.7677e-02  5.8167e-04     1.2844e-02  4.2372e-04     2.1599e-03  7.1252e-05 
1.8868e-01     1.1449e-01  2.4920e-03     2.1601e-02  4.7018e-04     1.5696e-02  3.4361e-04     2.9614e-03  6.4831e-05 
2.1170e-01     1.3124e-01  2.8293e-03     2.7784e-02  5.9896e-04     2.0189e-02  4.3776e-04     4.2739e-03  9.2673e-05 
2.3753e-01     1.4098e-01  3.7479e-03     3.3487e-02  8.9024e-04     2.4333e-02  6.4936e-04     5.7798e-03  1.5424e-04 
2.6651e-01     1.5961e-01  8.2951e-03     4.2539e-02  2.2108e-03     3.0910e-02  1.6080e-03     8.2380e-03  4.2856e-04 
2.9903e-01     1.7897e-01  4.3661e-03     5.3519e-02  1.3056e-03     3.8888e-02  9.5301e-04     1.1629e-02  2.8498e-04 
3.3552e-01     1.9741e-01  2.9023e-03     6.6234e-02  9.7378e-04     4.8127e-02  7.1643e-04     1.6148e-02  2.4038e-04 
3.7646e-01     2.2113e-01  5.3425e-03     8.3248e-02  2.0112e-03     6.0490e-02  1.4682e-03     2.2772e-02  5.5272e-04 
4.2240e-01     2.4054e-01  2.2063e-03     1.0160e-01  9.3195e-04     7.3828e-02  6.9877e-04     3.1185e-02  2.9516e-04 
4.7394e-01     2.7170e-01  4.3056e-03     1.2877e-01  2.0406e-03     9.3567e-02  1.4987e-03     4.4345e-02  7.1030e-04 
5.3176e-01     3.0154e-01  3.3530e-03     1.6035e-01  1.7830e-03     1.1651e-01  1.3238e-03     6.1957e-02  7.0397e-04 
5.9665e-01     3.3415e-01  2.1657e-03     1.9937e-01  1.2922e-03     1.4487e-01  9.9799e-04     8.6436e-02  5.9545e-04 
6.6945e-01     3.7713e-01  4.7603e-03     2.5247e-01  3.1868e-03     1.8345e-01  2.3549e-03     1.2281e-01  1.5765e-03 
7.5114e-01     4.2684e-01  3.5776e-03     3.2062e-01  2.6873e-03     2.3297e-01  2.0270e-03     1.7499e-01  1.5225e-03 
8.4279e-01     4.8033e-01  3.3556e-03     4.0481e-01  2.8281e-03     2.9415e-01  2.1667e-03     2.4790e-01  1.8260e-03 
9.4563e-01     5.5095e-01  2.2821e-03     5.2099e-01  2.1580e-03     3.7856e-01  1.8001e-03     3.5798e-01  1.7022e-03 
1.0610e+00     6.3165e-01  3.0144e-03     6.7018e-01  3.1983e-03     4.8697e-01  2.5872e-03     5.1668e-01  2.7451e-03 
1.1905e+00     7.3001e-01  2.6822e-03     8.6906e-01  3.1930e-03     6.3148e-01  2.7490e-03     7.5176e-01  3.2726e-03 
1.3357e+00     7.8849e-01  2.3855e-03     1.0532e+00  3.1864e-03     7.6528e-01  2.9246e-03     1.0222e+00  3.9065e-03 
1.4987e+00     6.8923e-01  2.1662e-03     1.0330e+00  3.2466e-03     7.5057e-01  2.9388e-03     1.1249e+00  4.4044e-03 
1.6816e+00     4.8584e-01  1.7773e-03     8.1699e-01  2.9886e-03     5.9364e-01  2.5763e-03     9.9826e-01  4.3322e-03 
1.8868e+00     3.1035e-01  2.9319e-03     5.8557e-01  5.5318e-03     4.2549e-01  4.1405e-03     8.0280e-01  7.8121e-03 
2.1170e+00     1.9041e-01  7.3742e-04     4.0310e-01  1.5611e-03     2.9290e-01  1.3246e-03     6.2006e-01  2.8041e-03 
2.3753e+00     1.1838e-01  5.4524e-04     2.8120e-01  1.2951e-03     2.0432e-01  1.0551e-03     4.8533e-01  2.5061e-03 
2.6651e+00     7.1928e-02  1.0694e-03     1.9170e-01  2.8501e-03     1.3929e-01  2.0963e-03     3.7123e-01  5.5870e-03 
2.9903e+00     4.3511e-02  3.9462e-04     1.3011e-01  1.1800e-03     9.4543e-02  8.8541e-04     2.8271e-01  2.6477e-03 
3.3552e+00     2.3652e-02  2.6004e-04     7.9358e-02  8.7248e-04     5.7663e-02  6.4810e-04     1.9347e-01  2.1745e-03 
3.7646e+00     1.1860e-02  3.8124e-04     4.4650e-02  1.4352e-03     3.2444e-02  1.0456e-03     1.2214e-01  3.9363e-03 
4.2240e+00     5.3039e-03  1.6026e-04     2.2403e-02  6.7692e-04     1.6279e-02  4.9333e-04     6.8761e-02  2.0838e-03 
4.7394e+00     2.0958e-03  6.4838e-05     9.9328e-03  3.0729e-04     7.2174e-03  2.2392e-04     3.4206e-02  1.0612e-03 
5.3176e+00     6.9206e-04  3.4829e-05     3.6801e-03  1.8521e-04     2.6741e-03  1.3472e-04     1.4220e-02  7.1639e-04 
5.9665e+00     1.8270e-04  2.6538e-05     1.0901e-03  1.5834e-04     7.9208e-04  1.1507e-04     4.7259e-03  6.8654e-04 
6.6945e+00     4.9501e-05  1.3592e-05     3.3139e-04  9.0994e-05     2.4079e-04  6.6121e-05     1.6120e-03  4.4265e-04 
7.5114e+00     1.1610e-05  3.4220e-06     8.7207e-05  2.5704e-05     6.3366e-05  1.8677e-05     4.7597e-04  1.4029e-04 
8.4279e+00     1.0347e-06  4.5098e-07     8.7207e-06  3.8008e-06     6.3366e-06  2.7618e-06     5.3405e-05  2.3276e-05 
9.4563e+00     1.8444e-06  2.3194e-06     1.7441e-05  2.1932e-05     1.2673e-05  1.5937e-05     1.1984e-04  1.5070e-04 
1.0610e+01     2.4658e-06  1.1717e-06     2.6162e-05  1.2432e-05     1.9010e-05  9.0332e-06     2.0170e-04  9.5843e-05 
1.1905e+01     7.3254e-07  5.8542e-07     8.7207e-06  6.9693e-06     6.3366e-06  5.0640e-06     7.5436e-05  6.0286e-05 
1.3357e+01     1.3058e-06  8.9380e-07     1.7441e-05  1.1939e-05     1.2673e-05  8.6750e-06     1.6928e-04  1.1588e-04 
1.4987e+01     1.1638e-06  4.2210e-07     1.7441e-05  6.3260e-06     1.2673e-05  4.5967e-06     1.8994e-04  6.8892e-05 
1.6816e+01     5.1860e-07  3.1215e-07     8.7207e-06  5.2490e-06     6.3366e-06  3.8141e-06     1.0656e-04  6.4137e-05 
1.8868e+01     0.0000e+00  0.0000e+00     0.0000e+00  0.0000e+00     0.0000e+00  0.0000e+00     0.0000e+00  0.0000e+00 
2.1170e+01     0.0000e+00  0.0000e+00     0.0000e+00  0.0000e+00     0.0000e+00  0.0000e+00     0.0000e+00  0.0000e+00 
2.3753e+01     3.6714e-07  1.7990e-07     8.7207e-06  4.2732e-06     6.3366e-06  3.1050e-06     1.5051e-04  7.3754e-05 
2.6651e+01     6.5443e-07  3.4776e-07     1.7441e-05  9.2684e-06     1.2673e-05  6.7347e-06     3.3776e-04  1.7949e-04 
2.9903e+01     1.1665e-06  3.4058e-06     3.4883e-05  1.0184e-04     2.5347e-05  7.4002e-05     7.5795e-04  2.2129e-03 
3.3552e+01     7.7974e-07  4.5726e-07     2.6162e-05  1.5342e-05     1.9010e-05  1.1148e-05     6.3782e-04  3.7403e-04 
3.7646e+01     6.9495e-07  2.6717e-07     2.6162e-05  1.0058e-05     1.9010e-05  7.3085e-06     7.1565e-04  2.7514e-04 
4.2240e+01     2.0646e-07  9.2323e-08     8.7207e-06  3.8997e-06     6.3366e-06  2.8336e-06     2.6766e-04  1.1969e-04 
4.7394e+01     7.3602e-07  2.0908e-06     3.4883e-05  9.9088e-05     2.5347e-05  7.2000e-05     1.2013e-03  3.4123e-03 
5.3176e+01     3.2799e-07  3.8936e-07     1.7441e-05  2.0705e-05     1.2673e-05  1.5045e-05     6.7392e-04  8.0002e-04 
5.9665e+01     2.9232e-07  1.1999e-07     1.7441e-05  7.1593e-06     1.2673e-05  5.2022e-06     7.5615e-04  3.1039e-04 
6.6945e+01     2.6053e-07  2.1082e-07     1.7441e-05  1.4113e-05     1.2673e-05  1.0255e-05     8.4841e-04  6.8653e-04 
7.5114e+01     3.4830e-07  1.2625e-07     2.6162e-05  9.4832e-06     1.9010e-05  6.8909e-06     1.4279e-03  5.1760e-04 
8.4279e+01     2.0695e-07  1.3204e-07     1.7441e-05  1.1128e-05     1.2673e-05  8.0861e-06     1.0681e-03  6.8148e-04 
9.4563e+01     9.2221e-08  2.0003e-07     8.7207e-06  1.8916e-05     6.3366e-06  1.3745e-05     5.9921e-04  1.2997e-03 
1.0610e+02     2.4658e-07  1.7044e-07     2.6162e-05  1.8084e-05     1.9010e-05  1.3140e-05     2.0170e-03  1.3942e-03 
1.1905e+02     2.1976e-07  1.0276e-07     2.6162e-05  1.2233e-05     1.9010e-05  8.8888e-06     2.2631e-03  1.0582e-03 
1.3357e+02     0.0000e+00  0.0000e+00     0.0000e+00  0.0000e+00     0.0000e+00  0.0000e+00     0.0000e+00  0.0000e+00 
1.4987e+02     0.0000e+00  0.0000e+00     0.0000e+00  0.0000e+00     0.0000e+00  0.0000e+00     0.0000e+00  0.0000e+00 
1.6816e+02     1.0372e-07  7.1493e-08     1.7441e-05  1.2022e-05     1.2673e-05  8.7357e-06     2.1311e-03  1.4690e-03 
1.8868e+02     1.8488e-07  3.0182e-07     3.4883e-05  5.6946e-05     2.5347e-05  4.1378e-05     4.7823e-03  7.8071e-03 
2.1170e+02     8.2387e-08  4.2959e-08     1.7441e-05  9.0944e-06     1.2673e-05  6.6083e-06     2.6829e-03  1.3990e-03 
2.3753e+02     1.4686e-07  6.3709e-08     3.4883e-05  1.5133e-05     2.5347e-05  1.0996e-05     6.0206e-03  2.6119e-03 
2.6651e+02     1.3089e-07  7.0817e-08     3.4883e-05  1.8874e-05     2.5347e-05  1.3714e-05     6.7552e-03  3.6550e-03 
2.9903e+02     5.8326e-08  8.2110e-08     1.7441e-05  2.4554e-05     1.2673e-05  1.7841e-05     3.7897e-03  5.3351e-03 
3.3552e+02     0.0000e+00  0.0000e+00     0.0000e+00  0.0000e+00     0.0000e+00  0.0000e+00     0.0000e+00  0.0000e+00 
3.7646e+02     2.3165e-08  1.6652e-08     8.7207e-06  6.2687e-06     6.3366e-06  4.5550e-06     2.3855e-03  1.7148e-03 
4.2240e+02     2.0646e-08  3.8380e-08     8.7207e-06  1.6212e-05     6.3366e-06  1.1780e-05     2.6766e-03  4.9757e-03 
4.7394e+02     3.6801e-08  3.0945e-08     1.7441e-05  1.4666e-05     1.2673e-05  1.0657e-05     6.0063e-03  5.0506e-03 
5.3176e+02     1.6400e-08  5.9116e-09     8.7207e-06  3.1436e-06     6.3366e-06  2.2843e-06     3.3696e-03  1.2147e-03 
5.9665e+02     1.4616e-08  7.3105e-09     8.7207e-06  4.3618e-06     6.3366e-06  3.1694e-06     3.7808e-03  1.8910e-03 
6.6945e+02     1.3027e-08  3.1905e-09     8.7207e-06  2.1359e-06     6.3366e-06  1.5520e-06     4.2421e-03  1.0390e-03 
7.5114e+02     1.1610e-08  7.0878e-09     8.7207e-06  5.3239e-06     6.3366e-06  3.8685e-06     4.7597e-03  2.9058e-03 
8.4279e+02     1.0347e-08  7.3514e-09     8.7207e-06  6.1957e-06     6.3366e-06  4.5019e-06     5.3405e-03  3.7942e-03 
9.4563e+02     0.0000e+00  0.0000e+00     0.0000e+00  0.0000e+00     0.0000e+00  0.0000e+00     0.0000e+00  0.0000e+00 
1.0610e+03     0.0000e+00  0.0000e+00     0.0000e+00  0.0000e+00     0.0000e+00  0.0000e+00     0.0000e+00  0.0000e+00 
1.1905e+03     0.0000e+00  0.0000e+00     0.0000e+00  0.0000e+00     0.0000e+00  0.0000e+00     0.0000e+00  0.0000e+00 
1.3357e+03     0.0000e+00  0.0000e+00     0.0000e+00  0.0000e+00     0.0000e+00  0.0000e+00     0.0000e+00  0.0000e+00 
1.4987e+03     0.0000e+00  0.0000e+00     0.0000e+00  0.0000e+00     0.0000e+00  0.0000e+00     0.0000e+00  0.0000e+00 
1.6816e+03     0.0000e+00  0.0000e+00     0.0000e+00  0.0000e+00     0.0000e+00  0.0000e+00     0.0000e+00  0.0000e+00 
1.8868e+03     0.0000e+00  0.0000e+00     0.0000e+00  0.0000e+00     0.0000e+00  0.0000e+00     0.0000e+00  0.0000e+00 
2.1170e+03     0.0000e+00  0.0000e+00     0.0000e+00  0.0000e+00     0.0000e+00  0.0000e+00     0.0000e+00  0.0000e+00 
2.3753e+03     0.0000e+00  0.0000e+00     0.0000e+00  0.0000e+00     0.0000e+00  0.0000e+00     0.0000e+00  0.0000e+00 
2.6651e+03     0.0000e+00  0.0000e+00     0.0000e+00  0.0000e+00     0.0000e+00  0.0000e+00     0.0000e+00  0.0000e+00 
2.9903e+03     0.0000e+00  0.0000e+00     0.0000e+00  0.0000e+00     0.0000e+00  0.0000e+00     0.0000e+00  0.0000e+00 
3.3552e+03     0.0000e+00  0.0000e+00     0.0000e+00  0.0000e+00     0.0000e+00  0.0000e+00     0.0000e+00  0.0000e+00 
3.7646e+03     0.0000e+00  0.0000e+00     0.0000e+00  0.0000e+00     0.0000e+00  0.0000e+00     0.0000e+00  0.0000e+00 
4.2240e+03     0.0000e+00  0.0000e+00     0.0000e+00  0.0000e+00     0.0000e+00  0.0000e+00     0.0000e+00  0.0000e+00 
4.7394e+03     0.0000e+00  0.0000e+00     0.0000e+00  0.0000e+00     0.0000e+00  0.0000e+00     0.0000e+00  0.0000e+00 
5.3176e+03     0.0000e+00  0.0000e+00     0.0000e+00  0.0000e+00     0.0000e+00  0.0000e+00     0.0000e+00  0.0000e+00 
5.9665e+03     0.0000e+00  0.0000e+00     0.0000e+00  0.0000e+00     0.0000e+00  0.0000e+00     0.0000e+00  0.0000e+00 
6.6945e+03     0.0000e+00  0.0000e+00     0.0000e+00  0.0000e+00     0.0000e+00  0.0000e+00     0.0000e+00  0.0000e+00 
7.5114e+03     0.0000e+00  0.0000e+00     0.0000e+00  0.0000e+00     0.0000e+00  0.0000e+00     0.0000e+00  0.0000e+00 
8.4279e+03     0.0000e+00  0.0000e+00     0.0000e+00  0.0000e+00     0.0000e+00  0.0000e+00     0.0000e+00  0.0000e+00 
9.4563e+03     0.0000e+00  0.0000e+00     0.0000e+00  0.0000e+00     0.0000e+00  0.0000e+00     0.0000e+00  0.0000e+00 
