yF = 1.1440e+00 (std: 2.7287e-03) keV/um
yD = 2.8223e+00 (std: 4.3767e-01) keV/um
y (keV/um)     f(y)(std)                  yf(y)(std)                 d(y)(std)                  yd(y)(std)  
1.0610e-03     0.0000e+00  0.0000e+00     0.0000e+00  0.0000e+00     0.0000e+00  0.0000e+00     0.0000e+00  0.0000e+00 
1.1905e-03     0.0000e+00  0.0000e+00     0.0000e+00  0.0000e+00     0.0000e+00  0.0000e+00     0.0000e+00  0.0000e+00 
1.3357e-03     6.5253e-03  5.1521e-03     8.7161e-06  6.8819e-06     7.6193e-06  6.0159e-06     1.0177e-08  8.0356e-09 
1.4987e-03     1.1631e-02  7.1838e-03     1.7432e-05  1.0767e-05     1.5239e-05  9.4118e-06     2.2838e-08  1.4106e-08 
1.6816e-03     2.0733e-02  6.5383e-03     3.4864e-05  1.0995e-05     3.0477e-05  9.6114e-06     5.1250e-08  1.6162e-08 
1.8868e-03     1.3859e-02  9.5799e-03     2.6148e-05  1.8075e-05     2.2858e-05  1.5801e-05     4.3127e-08  2.9812e-08 
2.1170e-03     0.0000e+00  0.0000e+00     0.0000e+00  0.0000e+00     0.0000e+00  0.0000e+00     0.0000e+00  0.0000e+00 
2.3753e-03     3.6695e-03  1.0377e-03     8.7161e-06  2.4650e-06     7.6193e-06  2.1548e-06     1.8098e-08  5.1184e-09 
2.6651e-03     3.2704e-03  7.0939e-03     8.7161e-06  1.8906e-05     7.6193e-06  1.6527e-05     2.0306e-08  4.4047e-08 
2.9903e-03     2.9148e-03  1.9984e-03     8.7161e-06  5.9758e-06     7.6193e-06  5.2238e-06     2.2784e-08  1.5621e-08 
3.3552e-03     1.0391e-02  7.1609e-03     3.4864e-05  2.4026e-05     3.0477e-05  2.1003e-05     1.0226e-07  7.0469e-08 
3.7646e-03     2.3153e-03  5.6707e-04     8.7161e-06  2.1348e-06     7.6193e-06  1.8663e-06     2.8684e-08  7.0257e-09 
4.2240e-03     4.1270e-03  4.7289e-03     1.7432e-05  1.9975e-05     1.5239e-05  1.7461e-05     6.4367e-08  7.3755e-08 
4.7394e-03     1.6552e-02  7.8690e-03     7.8445e-05  3.7294e-05     6.8573e-05  3.2601e-05     3.2499e-07  1.5451e-07 
5.3176e-03     9.8345e-03  3.5091e-03     5.2297e-05  1.8660e-05     4.5716e-05  1.6312e-05     2.4310e-07  8.6742e-08 
5.9665e-03     1.1687e-02  4.0444e-03     6.9729e-05  2.4131e-05     6.0954e-05  2.1095e-05     3.6368e-07  1.2586e-07 
6.6945e-03     7.8119e-03  2.7750e-03     5.2297e-05  1.8577e-05     4.5716e-05  1.6240e-05     3.0604e-07  1.0872e-07 
7.5114e-03     8.1227e-03  2.3911e-03     6.1013e-05  1.7960e-05     5.3335e-05  1.5701e-05     4.0062e-07  1.1793e-07 
8.4279e-03     5.1710e-03  1.1351e-02     4.3581e-05  9.5662e-05     3.8096e-05  8.3624e-05     3.2107e-07  7.0478e-07 
9.4563e-03     1.1061e-02  5.2333e-03     1.0459e-04  4.9488e-05     9.1431e-05  4.3261e-05     8.6460e-07  4.0908e-07 
1.0610e-02     9.0364e-03  3.5802e-03     9.5877e-05  3.7986e-05     8.3812e-05  3.3206e-05     8.8925e-07  3.5232e-07 
1.1905e-02     1.3911e-02  4.0565e-03     1.6561e-04  4.8292e-05     1.4477e-04  4.2216e-05     1.7234e-06  5.0257e-07 
1.3357e-02     1.3051e-02  2.8616e-03     1.7432e-04  3.8223e-05     1.5239e-04  3.3415e-05     2.0355e-06  4.4634e-07 
1.4987e-02     1.5702e-02  5.0525e-03     2.3533e-04  7.5722e-05     2.0572e-04  6.6195e-05     3.0832e-06  9.9208e-07 
1.6816e-02     1.8141e-02  4.2611e-03     3.0506e-04  7.1655e-05     2.6667e-04  6.2641e-05     4.4844e-06  1.0534e-06 
1.8868e-02     1.6631e-02  4.5053e-03     3.1378e-04  8.5004e-05     2.7429e-04  7.4310e-05     5.1753e-06  1.4021e-06 
2.1170e-02     1.6469e-02  2.6585e-03     3.4864e-04  5.6279e-05     3.0477e-04  4.9203e-05     6.4520e-06  1.0416e-06 
2.3753e-02     2.0916e-02  3.6805e-03     4.9682e-04  8.7424e-05     4.3430e-04  7.6429e-05     1.0316e-05  1.8154e-06 
2.6651e-02     2.1585e-02  4.1343e-03     5.7526e-04  1.1018e-04     5.0287e-04  9.6326e-05     1.3402e-05  2.5672e-06 
2.9903e-02     2.4484e-02  3.7700e-03     7.3215e-04  1.1274e-04     6.4002e-04  9.8561e-05     1.9139e-05  2.9473e-06 
3.3552e-02     2.8576e-02  5.4849e-03     9.5877e-04  1.8403e-04     8.3812e-04  1.6088e-04     2.8121e-05  5.3980e-06 
3.7646e-02     2.7783e-02  5.4906e-03     1.0459e-03  2.0670e-04     9.1431e-04  1.8070e-04     3.4420e-05  6.8027e-06 
4.2240e-02     3.4460e-02  4.1682e-03     1.4556e-03  1.7606e-04     1.2724e-03  1.5394e-04     5.3746e-05  6.5022e-06 
4.7394e-02     3.6598e-02  3.2306e-03     1.7345e-03  1.5311e-04     1.5162e-03  1.3389e-04     7.1860e-05  6.3455e-06 
5.3176e-02     4.6058e-02  8.3429e-03     2.4492e-03  4.4365e-04     2.1410e-03  3.8785e-04     1.1385e-04  2.0625e-05 
5.9665e-02     4.9523e-02  4.0055e-03     2.9548e-03  2.3899e-04     2.5829e-03  2.0900e-04     1.5411e-04  1.2470e-05 
6.6945e-02     5.0517e-02  4.9744e-03     3.3818e-03  3.3301e-04     2.9563e-03  2.9119e-04     1.9791e-04  1.9494e-05 
7.5114e-02     6.6954e-02  3.6166e-03     5.0292e-03  2.7166e-04     4.3963e-03  2.3770e-04     3.3022e-04  1.7855e-05 
8.4279e-02     7.7978e-02  7.3188e-03     6.5719e-03  6.1682e-04     5.7449e-03  5.3938e-04     4.8418e-04  4.5458e-05 
9.4563e-02     8.5721e-02  3.9789e-03     8.1060e-03  3.7626e-04     7.0859e-03  3.2934e-04     6.7006e-04  3.1144e-05 
1.0610e-01     1.0088e-01  4.3173e-03     1.0703e-02  4.5807e-04     9.3565e-03  4.0105e-04     9.9273e-04  4.2551e-05 
1.1905e-01     1.1078e-01  7.7599e-03     1.3187e-02  9.2380e-04     1.1528e-02  8.0802e-04     1.3724e-03  9.6192e-05 
1.3357e-01     1.2600e-01  4.4883e-03     1.6831e-02  5.9951e-04     1.4713e-02  5.2524e-04     1.9652e-03  7.0158e-05 
1.4987e-01     1.4103e-01  4.3118e-03     2.1137e-02  6.4621e-04     1.8477e-02  5.6661e-04     2.7691e-03  8.4919e-05 
1.6816e-01     1.5151e-01  5.0948e-03     2.5477e-02  8.5673e-04     2.2271e-02  7.5080e-04     3.7451e-03  1.2625e-04 
1.8868e-01     1.6986e-01  5.0455e-03     3.2049e-02  9.5197e-04     2.8016e-02  8.3485e-04     5.2860e-03  1.5752e-04 
2.1170e-01     1.9244e-01  4.6310e-03     4.0739e-02  9.8038e-04     3.5612e-02  8.6121e-04     7.5391e-03  1.8232e-04 
2.3753e-01     2.1448e-01  6.6338e-03     5.0946e-02  1.5757e-03     4.4535e-02  1.3815e-03     1.0578e-02  3.2816e-04 
2.6651e-01     2.2713e-01  4.8054e-03     6.0533e-02  1.2807e-03     5.2916e-02  1.1266e-03     1.4103e-02  3.0026e-04 
2.9903e-01     2.5901e-01  6.8778e-03     7.7451e-02  2.0567e-03     6.7705e-02  1.8051e-03     2.0246e-02  5.3979e-04 
3.3552e-01     2.8381e-01  3.1400e-03     9.5223e-02  1.0535e-03     8.3241e-02  9.4212e-04     2.7929e-02  3.1610e-04 
3.7646e-01     3.1849e-01  5.7378e-03     1.1990e-01  2.1600e-03     1.0481e-01  1.9047e-03     3.9457e-02  7.1705e-04 
4.2240e-01     3.5185e-01  5.3454e-03     1.4862e-01  2.2579e-03     1.2992e-01  1.9979e-03     5.4876e-02  8.4391e-04 
4.7394e-01     3.9647e-01  8.9194e-03     1.8790e-01  4.2272e-03     1.6426e-01  3.7160e-03     7.7847e-02  1.7611e-03 
5.3176e-01     4.4219e-01  6.3686e-03     2.3514e-01  3.3866e-03     2.0555e-01  3.0007e-03     1.0931e-01  1.5957e-03 
5.9665e-01     4.9407e-01  5.8888e-03     2.9479e-01  3.5135e-03     2.5769e-01  3.1323e-03     1.5375e-01  1.8689e-03 
6.6945e-01     5.6195e-01  6.3295e-03     3.7620e-01  4.2373e-03     3.2886e-01  3.7862e-03     2.2015e-01  2.5347e-03 
7.5114e-01     6.3589e-01  2.5558e-03     4.7764e-01  1.9198e-03     4.1754e-01  1.9515e-03     3.1363e-01  1.4658e-03 
8.4279e-01     7.3469e-01  7.1870e-03     6.1919e-01  6.0571e-03     5.4127e-01  5.4500e-03     4.5618e-01  4.5932e-03 
9.4563e-01     8.4394e-01  3.9052e-03     7.9806e-01  3.6928e-03     6.9763e-01  3.6318e-03     6.5969e-01  3.4343e-03 
1.0610e+00     9.3854e-01  4.2791e-03     9.9580e-01  4.5401e-03     8.7049e-01  4.4792e-03     9.2359e-01  4.7524e-03 
1.1905e+00     8.8171e-01  2.9473e-03     1.0497e+00  3.5087e-03     9.1757e-01  3.7680e-03     1.0923e+00  4.4857e-03 
1.3357e+00     6.5918e-01  3.9282e-03     8.8048e-01  5.2470e-03     7.6968e-01  4.9405e-03     1.0281e+00  6.5992e-03 
1.4987e+00     4.2945e-01  3.0595e-03     6.4362e-01  4.5853e-03     5.6263e-01  4.2270e-03     8.4322e-01  6.3351e-03 
1.6816e+00     2.6668e-01  1.1958e-03     4.4844e-01  2.0109e-03     3.9201e-01  1.9911e-03     6.5920e-01  3.3482e-03 
1.8868e+00     1.6534e-01  1.4423e-03     3.1197e-01  2.7212e-03     2.7271e-01  2.4661e-03     5.1454e-01  4.6530e-03 
2.1170e+00     1.0374e-01  1.1124e-03     2.1961e-01  2.3550e-03     1.9198e-01  2.1090e-03     4.0641e-01  4.4647e-03 
2.3753e+00     6.4795e-02  6.2952e-04     1.5391e-01  1.4953e-03     1.3454e-01  1.3460e-03     3.1958e-01  3.1970e-03 
2.6651e+00     3.9912e-02  1.0336e-03     1.0637e-01  2.7547e-03     9.2986e-02  2.4183e-03     2.4782e-01  6.4450e-03 
2.9903e+00     2.2697e-02  7.2496e-04     6.7872e-02  2.1679e-03     5.9331e-02  1.9003e-03     1.7742e-01  5.6826e-03 
3.3552e+00     1.2186e-02  2.1484e-04     4.0887e-02  7.2084e-04     3.5742e-02  6.3588e-04     1.1992e-01  2.1335e-03 
3.7646e+00     5.6331e-03  1.6467e-04     2.1206e-02  6.1990e-04     1.8538e-02  5.4369e-04     6.9787e-02  2.0468e-03 
4.2240e+00     2.3338e-03  6.6224e-05     9.8579e-03  2.7973e-04     8.6174e-03  2.4539e-04     3.6399e-02  1.0365e-03 
4.7394e+00     8.0552e-04  6.9848e-05     3.8177e-03  3.3103e-04     3.3372e-03  2.8949e-04     1.5816e-02  1.3720e-03 
5.3176e+00     2.6553e-04  3.2284e-05     1.4120e-03  1.7168e-04     1.2343e-03  1.5010e-04     6.5637e-03  7.9819e-04 
5.9665e+00     7.3042e-05  1.2414e-05     4.3581e-04  7.4067e-05     3.8096e-04  6.4753e-05     2.2730e-03  3.8635e-04 
6.6945e+00     2.2134e-05  1.3503e-05     1.4817e-04  9.0394e-05     1.2953e-04  7.9019e-05     8.6712e-04  5.2900e-04 
7.5114e+00     1.1604e-06  8.2443e-07     8.7161e-06  6.1926e-06     7.6193e-06  5.4133e-06     5.7231e-05  4.0661e-05 
8.4279e+00     0.0000e+00  0.0000e+00     0.0000e+00  0.0000e+00     0.0000e+00  0.0000e+00     0.0000e+00  0.0000e+00 
9.4563e+00     9.2173e-07  4.4211e-07     8.7161e-06  4.1807e-06     7.6193e-06  3.6547e-06     7.2050e-05  3.4559e-05 
1.0610e+01     0.0000e+00  0.0000e+00     0.0000e+00  0.0000e+00     0.0000e+00  0.0000e+00     0.0000e+00  0.0000e+00 
1.1905e+01     7.3216e-07  2.4278e-07     8.7161e-06  2.8903e-06     7.6193e-06  2.5266e-06     9.0705e-05  3.0079e-05 
1.3357e+01     1.9576e-06  8.9139e-07     2.6148e-05  1.1907e-05     2.2858e-05  1.0408e-05     3.0532e-04  1.3903e-04 
1.4987e+01     0.0000e+00  0.0000e+00     0.0000e+00  0.0000e+00     0.0000e+00  0.0000e+00     0.0000e+00  0.0000e+00 
1.6816e+01     1.0367e-06  7.8284e-07     1.7432e-05  1.3164e-05     1.5239e-05  1.1508e-05     2.5625e-04  1.9351e-04 
1.8868e+01     9.2392e-07  5.9509e-07     1.7432e-05  1.1228e-05     1.5239e-05  9.8152e-06     2.8752e-04  1.8519e-04 
2.1170e+01     8.2344e-07  2.6769e-07     1.7432e-05  5.6669e-06     1.5239e-05  4.9539e-06     3.2260e-04  1.0487e-04 
2.3753e+01     3.6695e-07  3.5476e-07     8.7161e-06  8.4267e-06     7.6193e-06  7.3663e-06     1.8098e-04  1.7497e-04 
2.6651e+01     0.0000e+00  0.0000e+00     0.0000e+00  0.0000e+00     0.0000e+00  0.0000e+00     0.0000e+00  0.0000e+00 
2.9903e+01     8.7443e-07  4.1708e-07     2.6148e-05  1.2472e-05     2.2858e-05  1.0903e-05     6.8352e-04  3.2603e-04 
3.3552e+01     7.7934e-07  4.9092e-07     2.6148e-05  1.6471e-05     2.2858e-05  1.4399e-05     7.6693e-04  4.8310e-04 
3.7646e+01     6.9458e-07  1.5567e-06     2.6148e-05  5.8603e-05     2.2858e-05  5.1228e-05     8.6051e-04  1.9285e-03 
4.2240e+01     2.0635e-07  3.5740e-08     8.7161e-06  1.5096e-06     7.6193e-06  1.3198e-06     3.2183e-04  5.5748e-05 
4.7394e+01     7.3564e-07  2.1606e-07     3.4864e-05  1.0240e-05     3.0477e-05  8.9516e-06     1.4444e-03  4.2425e-04 
5.3176e+01     1.6391e-07  9.7239e-08     8.7161e-06  5.1708e-06     7.6193e-06  4.5202e-06     4.0517e-04  2.4037e-04 
5.9665e+01     1.4608e-07  7.5956e-08     8.7161e-06  4.5319e-06     7.6193e-06  3.9616e-06     4.5460e-04  2.3637e-04 
6.6945e+01     0.0000e+00  0.0000e+00     0.0000e+00  0.0000e+00     0.0000e+00  0.0000e+00     0.0000e+00  0.0000e+00 
7.5114e+01     3.4812e-07  1.9569e-07     2.6148e-05  1.4699e-05     2.2858e-05  1.2849e-05     1.7169e-03  9.6515e-04 
8.4279e+01     3.1026e-07  1.0378e-07     2.6148e-05  8.7465e-06     2.2858e-05  7.6461e-06     1.9264e-03  6.4440e-04 
9.4563e+01     2.7652e-07  1.6920e-07     2.6148e-05  1.6000e-05     2.2858e-05  1.3987e-05     2.1615e-03  1.3226e-03 
1.0610e+02     8.2149e-08  7.9421e-08     8.7161e-06  8.4267e-06     7.6193e-06  7.3663e-06     8.0841e-04  7.8157e-04 
1.1905e+02     2.9286e-07  1.0806e-07     3.4864e-05  1.2864e-05     3.0477e-05  1.1245e-05     3.6282e-03  1.3387e-03 
1.3357e+02     1.9576e-07  1.1109e-07     2.6148e-05  1.4839e-05     2.2858e-05  1.2972e-05     3.0532e-03  1.7327e-03 
1.4987e+02     0.0000e+00  0.0000e+00     0.0000e+00  0.0000e+00     0.0000e+00  0.0000e+00     0.0000e+00  0.0000e+00 
1.6816e+02     2.0733e-07  3.2587e-07     3.4864e-05  5.4797e-05     3.0477e-05  4.7902e-05     5.1250e-03  8.0551e-03 
1.8868e+02     0.0000e+00  0.0000e+00     0.0000e+00  0.0000e+00     0.0000e+00  0.0000e+00     0.0000e+00  0.0000e+00 
2.1170e+02     4.1172e-08  4.9720e-08     8.7161e-06  1.0526e-05     7.6193e-06  9.2012e-06     1.6130e-03  1.9479e-03 
2.3753e+02     0.0000e+00  0.0000e+00     0.0000e+00  0.0000e+00     0.0000e+00  0.0000e+00     0.0000e+00  0.0000e+00 
2.6651e+02     3.2704e-08  3.4379e-08     8.7161e-06  9.1626e-06     7.6193e-06  8.0096e-06     2.0306e-03  2.1347e-03 
2.9903e+02     0.0000e+00  0.0000e+00     0.0000e+00  0.0000e+00     0.0000e+00  0.0000e+00     0.0000e+00  0.0000e+00 
3.3552e+02     5.1956e-08  2.4976e-08     1.7432e-05  8.3799e-06     1.5239e-05  7.3255e-06     5.1128e-03  2.4579e-03 
3.7646e+02     4.6306e-08  2.9575e-08     1.7432e-05  1.1134e-05     1.5239e-05  9.7329e-06     5.7367e-03  3.6640e-03 
4.2240e+02     0.0000e+00  0.0000e+00     0.0000e+00  0.0000e+00     0.0000e+00  0.0000e+00     0.0000e+00  0.0000e+00 
4.7394e+02     0.0000e+00  0.0000e+00     0.0000e+00  0.0000e+00     0.0000e+00  0.0000e+00     0.0000e+00  0.0000e+00 
5.3176e+02     1.6391e-08  1.2788e-08     8.7161e-06  6.8000e-06     7.6193e-06  5.9443e-06     4.0517e-03  3.1610e-03 
5.9665e+02     1.4608e-08  1.3868e-08     8.7161e-06  8.2742e-06     7.6193e-06  7.2330e-06     4.5460e-03  4.3155e-03 
6.6945e+02     0.0000e+00  0.0000e+00     0.0000e+00  0.0000e+00     0.0000e+00  0.0000e+00     0.0000e+00  0.0000e+00 
7.5114e+02     0.0000e+00  0.0000e+00     0.0000e+00  0.0000e+00     0.0000e+00  0.0000e+00     0.0000e+00  0.0000e+00 
8.4279e+02     0.0000e+00  0.0000e+00     0.0000e+00  0.0000e+00     0.0000e+00  0.0000e+00     0.0000e+00  0.0000e+00 
9.4563e+02     0.0000e+00  0.0000e+00     0.0000e+00  0.0000e+00     0.0000e+00  0.0000e+00     0.0000e+00  0.0000e+00 
1.0610e+03     0.0000e+00  0.0000e+00     0.0000e+00  0.0000e+00     0.0000e+00  0.0000e+00     0.0000e+00  0.0000e+00 
1.1905e+03     0.0000e+00  0.0000e+00     0.0000e+00  0.0000e+00     0.0000e+00  0.0000e+00     0.0000e+00  0.0000e+00 
1.3357e+03     0.0000e+00  0.0000e+00     0.0000e+00  0.0000e+00     0.0000e+00  0.0000e+00     0.0000e+00  0.0000e+00 
1.4987e+03     0.0000e+00  0.0000e+00     0.0000e+00  0.0000e+00     0.0000e+00  0.0000e+00     0.0000e+00  0.0000e+00 
1.6816e+03     0.0000e+00  0.0000e+00     0.0000e+00  0.0000e+00     0.0000e+00  0.0000e+00     0.0000e+00  0.0000e+00 
1.8868e+03     0.0000e+00  0.0000e+00     0.0000e+00  0.0000e+00     0.0000e+00  0.0000e+00     0.0000e+00  0.0000e+00 
2.1170e+03     0.0000e+00  0.0000e+00     0.0000e+00  0.0000e+00     0.0000e+00  0.0000e+00     0.0000e+00  0.0000e+00 
2.3753e+03     0.0000e+00  0.0000e+00     0.0000e+00  0.0000e+00     0.0000e+00  0.0000e+00     0.0000e+00  0.0000e+00 
2.6651e+03     0.0000e+00  0.0000e+00     0.0000e+00  0.0000e+00     0.0000e+00  0.0000e+00     0.0000e+00  0.0000e+00 
2.9903e+03     0.0000e+00  0.0000e+00     0.0000e+00  0.0000e+00     0.0000e+00  0.0000e+00     0.0000e+00  0.0000e+00 
3.3552e+03     0.0000e+00  0.0000e+00     0.0000e+00  0.0000e+00     0.0000e+00  0.0000e+00     0.0000e+00  0.0000e+00 
3.7646e+03     0.0000e+00  0.0000e+00     0.0000e+00  0.0000e+00     0.0000e+00  0.0000e+00     0.0000e+00  0.0000e+00 
4.2240e+03     0.0000e+00  0.0000e+00     0.0000e+00  0.0000e+00     0.0000e+00  0.0000e+00     0.0000e+00  0.0000e+00 
4.7394e+03     0.0000e+00  0.0000e+00     0.0000e+00  0.0000e+00     0.0000e+00  0.0000e+00     0.0000e+00  0.0000e+00 
5.3176e+03     0.0000e+00  0.0000e+00     0.0000e+00  0.0000e+00     0.0000e+00  0.0000e+00     0.0000e+00  0.0000e+00 
5.9665e+03     0.0000e+00  0.0000e+00     0.0000e+00  0.0000e+00     0.0000e+00  0.0000e+00     0.0000e+00  0.0000e+00 
6.6945e+03     0.0000e+00  0.0000e+00     0.0000e+00  0.0000e+00     0.0000e+00  0.0000e+00     0.0000e+00  0.0000e+00 
7.5114e+03     0.0000e+00  0.0000e+00     0.0000e+00  0.0000e+00     0.0000e+00  0.0000e+00     0.0000e+00  0.0000e+00 
8.4279e+03     0.0000e+00  0.0000e+00     0.0000e+00  0.0000e+00     0.0000e+00  0.0000e+00     0.0000e+00  0.0000e+00 
9.4563e+03     0.0000e+00  0.0000e+00     0.0000e+00  0.0000e+00     0.0000e+00  0.0000e+00     0.0000e+00  0.0000e+00 
