yF = 1.0918e+00 (std: 2.1715e-03) keV/um
yD = 3.1703e+00 (std: 4.7509e-01) keV/um
y (keV/um)     f(y)(std)                  yf(y)(std)                 d(y)(std)                  yd(y)(std)  
1.0610e-03     0.0000e+00  0.0000e+00     0.0000e+00  0.0000e+00     0.0000e+00  0.0000e+00     0.0000e+00  0.0000e+00 
1.1905e-03     0.0000e+00  0.0000e+00     0.0000e+00  0.0000e+00     0.0000e+00  0.0000e+00     0.0000e+00  0.0000e+00 
1.3357e-03     0.0000e+00  0.0000e+00     0.0000e+00  0.0000e+00     0.0000e+00  0.0000e+00     0.0000e+00  0.0000e+00 
1.4987e-03     1.1630e-02  5.7334e-03     1.7430e-05  8.5927e-06     1.5964e-05  7.8700e-06     2.3926e-08  1.1795e-08 
1.6816e-03     1.0365e-02  1.1010e-02     1.7430e-05  1.8514e-05     1.5964e-05  1.6957e-05     2.6845e-08  2.8514e-08 
1.8868e-03     4.6191e-03  2.5331e-03     8.7152e-06  4.7793e-06     7.9822e-06  4.3773e-06     1.5061e-08  8.2591e-09 
2.1170e-03     4.1168e-03  2.5484e-03     8.7152e-06  5.3950e-06     7.9822e-06  4.9412e-06     1.6898e-08  1.0461e-08 
2.3753e-03     1.4676e-02  7.7523e-03     3.4861e-05  1.8414e-05     3.1929e-05  1.6865e-05     7.5840e-08  4.0061e-08 
2.6651e-03     3.2701e-03  5.3574e-03     8.7152e-06  1.4278e-05     7.9822e-06  1.3077e-05     2.1274e-08  3.4852e-08 
2.9903e-03     8.7434e-03  5.8523e-03     2.6146e-05  1.7500e-05     2.3947e-05  1.6028e-05     7.1608e-08  4.7930e-08 
3.3552e-03     2.5975e-03  1.0058e-03     8.7152e-06  3.3748e-06     7.9822e-06  3.0909e-06     2.6782e-08  1.0371e-08 
3.7646e-03     2.3150e-03  4.0097e-04     8.7152e-06  1.5095e-06     7.9822e-06  1.3826e-06     3.0050e-08  5.2050e-09 
4.2240e-03     8.2531e-03  1.2687e-02     3.4861e-05  5.3591e-05     3.1929e-05  4.9083e-05     1.3487e-07  2.0733e-07 
4.7394e-03     1.8389e-03  1.6115e-03     8.7152e-06  7.6374e-06     7.9822e-06  6.9950e-06     3.7830e-08  3.3152e-08 
5.3176e-03     6.5557e-03  2.4669e-03     3.4861e-05  1.3118e-05     3.1929e-05  1.2015e-05     1.6979e-07  6.3891e-08 
5.9665e-03     7.3035e-03  5.5000e-03     4.3576e-05  3.2816e-05     3.9911e-05  3.0056e-05     2.3813e-07  1.7933e-07 
6.6945e-03     1.4320e-02  1.3151e-02     9.5867e-05  8.8043e-05     8.7804e-05  8.0638e-05     5.8780e-07  5.3983e-07 
7.5114e-03     1.0442e-02  1.8170e-02     7.8437e-05  1.3648e-04     7.1840e-05  1.2500e-04     5.3961e-07  9.3891e-07 
8.4279e-03     1.5511e-02  6.0115e-03     1.3073e-04  5.0665e-05     1.1973e-04  4.6404e-05     1.0091e-06  3.9109e-07 
9.4563e-03     1.3825e-02  4.7262e-03     1.3073e-04  4.4692e-05     1.1973e-04  4.0933e-05     1.1322e-06  3.8708e-07 
1.0610e-02     5.7499e-03  2.7792e-03     6.1007e-05  2.9488e-05     5.5875e-05  2.7008e-05     5.9284e-07  2.8656e-07 
1.1905e-02     1.9766e-02  7.1051e-03     2.3531e-04  8.4584e-05     2.1552e-04  7.7471e-05     2.5657e-06  9.2227e-07 
1.3357e-02     1.1744e-02  3.6152e-03     1.5687e-04  4.8289e-05     1.4368e-04  4.4229e-05     1.9192e-06  5.9077e-07 
1.4987e-02     1.8027e-02  4.7110e-03     2.7017e-04  7.0604e-05     2.4745e-04  6.4667e-05     3.7085e-06  9.6918e-07 
1.6816e-02     1.5030e-02  4.0177e-03     2.5274e-04  6.7562e-05     2.3148e-04  6.1881e-05     3.8926e-06  1.0406e-06 
1.8868e-02     1.6629e-02  6.3462e-03     3.1375e-04  1.1974e-04     2.8736e-04  1.0967e-04     5.4218e-06  2.0692e-06 
2.1170e-02     2.3466e-02  4.3021e-03     4.9677e-04  9.1074e-05     4.5498e-04  8.3419e-05     9.6320e-06  1.7660e-06 
2.3753e-02     2.3115e-02  3.8989e-03     5.4906e-04  9.2610e-05     5.0288e-04  8.4826e-05     1.1945e-05  2.0149e-06 
2.6651e-02     2.5507e-02  6.6368e-03     6.7979e-04  1.7688e-04     6.2261e-04  1.6201e-04     1.6593e-05  4.3177e-06 
2.9903e-02     2.7105e-02  4.6906e-03     8.1052e-04  1.4027e-04     7.4234e-04  1.2848e-04     2.2198e-05  3.8419e-06 
3.3552e-02     3.0391e-02  6.0895e-03     1.0197e-03  2.0432e-04     9.3391e-04  1.8714e-04     3.1335e-05  6.2789e-06 
3.7646e-02     3.6346e-02  5.9383e-03     1.3683e-03  2.2355e-04     1.2532e-03  2.0476e-04     4.7178e-05  7.7086e-06 
4.2240e-02     3.5282e-02  3.0756e-03     1.4903e-03  1.2991e-04     1.3650e-03  1.1902e-04     5.7655e-05  5.0272e-06 
4.7394e-02     4.1559e-02  3.5778e-03     1.9696e-03  1.6957e-04     1.8040e-03  1.5534e-04     8.5497e-05  7.3623e-06 
5.3176e-02     4.8840e-02  3.8508e-03     2.5971e-03  2.0477e-04     2.3787e-03  1.8761e-04     1.2649e-04  9.9764e-06 
5.9665e-02     5.5214e-02  3.6349e-03     3.2944e-03  2.1688e-04     3.0173e-03  1.9873e-04     1.8002e-04  1.1857e-05 
6.6945e-02     6.2098e-02  6.0524e-03     4.1572e-03  4.0518e-04     3.8075e-03  3.7118e-04     2.5489e-04  2.4849e-05 
7.5114e-02     7.2981e-02  2.7621e-03     5.4819e-03  2.0747e-04     5.0208e-03  1.9028e-04     3.7713e-04  1.4293e-05 
8.4279e-02     8.3968e-02  8.4986e-03     7.0768e-03  7.1625e-04     6.4815e-03  6.5613e-04     5.4626e-04  5.5298e-05 
9.4563e-02     9.5850e-02  5.0751e-03     9.0638e-03  4.7991e-04     8.3015e-03  4.3986e-04     7.8501e-04  4.1594e-05 
1.0610e-01     1.1278e-01  4.7852e-03     1.1966e-02  5.0771e-04     1.0960e-02  4.6552e-04     1.1628e-03  4.9392e-05 
1.1905e-01     1.2775e-01  7.5671e-03     1.5208e-02  9.0085e-04     1.3929e-02  8.2554e-04     1.6582e-03  9.8278e-05 
1.3357e-01     1.3617e-01  6.1492e-03     1.8189e-02  8.2137e-04     1.6659e-02  7.5302e-04     2.2252e-03  1.0058e-04 
1.4987e-01     1.5689e-01  3.9431e-03     2.3514e-02  5.9096e-04     2.1536e-02  5.4294e-04     3.2276e-03  8.1372e-05 
1.6816e-01     1.7279e-01  1.0258e-02     2.9057e-02  1.7250e-03     2.6613e-02  1.5808e-03     4.4751e-03  2.6582e-04 
1.8868e-01     1.8901e-01  4.4048e-03     3.5663e-02  8.3108e-04     3.2663e-02  7.6394e-04     6.1628e-03  1.4414e-04 
2.1170e-01     2.1008e-01  9.4895e-03     4.4474e-02  2.0089e-03     4.0733e-02  1.8417e-03     8.6231e-03  3.8989e-04 
2.3753e-01     2.2888e-01  3.6831e-03     5.4366e-02  8.7485e-04     4.9793e-02  8.0737e-04     1.1827e-02  1.9177e-04 
2.6651e-01     2.5801e-01  3.2394e-03     6.8763e-02  8.6335e-04     6.2979e-02  8.0060e-04     1.6785e-02  2.1337e-04 
2.9903e-01     2.8253e-01  4.9515e-03     8.4485e-02  1.4806e-03     7.7379e-02  1.3648e-03     2.3139e-02  4.0812e-04 
3.3552e-01     3.1261e-01  5.3951e-03     1.0489e-01  1.8102e-03     9.6065e-02  1.6689e-03     3.2232e-02  5.5995e-04 
3.7646e-01     3.4858e-01  7.0780e-03     1.3123e-01  2.6646e-03     1.2019e-01  2.4521e-03     4.5246e-02  9.2313e-04 
4.2240e-01     3.8736e-01  3.2031e-03     1.6362e-01  1.3530e-03     1.4986e-01  1.2745e-03     6.3299e-02  5.3835e-04 
4.7394e-01     4.3573e-01  2.9567e-03     2.0651e-01  1.4013e-03     1.8914e-01  1.3374e-03     8.9639e-02  6.3384e-04 
5.3176e-01     4.9083e-01  2.4339e-03     2.6100e-01  1.2943e-03     2.3905e-01  1.2772e-03     1.2712e-01  6.7917e-04 
5.9665e-01     5.5328e-01  4.9550e-03     3.3012e-01  2.9564e-03     3.0235e-01  2.7737e-03     1.8040e-01  1.6549e-03 
6.6945e-01     6.2643e-01  3.6854e-03     4.1937e-01  2.4672e-03     3.8409e-01  2.3853e-03     2.5713e-01  1.5968e-03 
7.5114e-01     7.0867e-01  3.6968e-03     5.3231e-01  2.7768e-03     4.8754e-01  2.7218e-03     3.6621e-01  2.0445e-03 
8.4279e-01     8.1557e-01  4.2752e-03     6.8735e-01  3.6031e-03     6.2954e-01  3.5296e-03     5.3057e-01  2.9747e-03 
9.4563e-01     9.4422e-01  2.6580e-03     8.9288e-01  2.5135e-03     8.1778e-01  2.8186e-03     7.7331e-01  2.6654e-03 
1.0610e+00     9.9034e-01  4.4554e-03     1.0508e+00  4.7272e-03     9.6238e-01  4.7338e-03     1.0211e+00  5.0226e-03 
1.1905e+00     8.3369e-01  2.7292e-03     9.9248e-01  3.2491e-03     9.0900e-01  3.4819e-03     1.0821e+00  4.1451e-03 
1.3357e+00     5.7653e-01  2.1421e-03     7.7009e-01  2.8612e-03     7.0531e-01  2.9724e-03     9.4211e-01  3.9703e-03 
1.4987e+00     3.6153e-01  2.1707e-03     5.4183e-01  3.2533e-03     4.9625e-01  3.1388e-03     7.4374e-01  4.7042e-03 
1.6816e+00     2.2600e-01  1.3657e-03     3.8004e-01  2.2965e-03     3.4807e-01  2.2144e-03     5.8531e-01  3.7236e-03 
1.8868e+00     1.4183e-01  7.5196e-04     2.6761e-01  1.4188e-03     2.4510e-01  1.3879e-03     4.6245e-01  2.6186e-03 
2.1170e+00     8.9297e-02  1.1664e-03     1.8904e-01  2.4692e-03     1.7314e-01  2.2875e-03     3.6654e-01  4.8427e-03 
2.3753e+00     5.6357e-02  1.0170e-03     1.3387e-01  2.4158e-03     1.2261e-01  2.2260e-03     2.9123e-01  5.2873e-03 
2.6651e+00     3.3878e-02  4.4075e-04     9.0290e-02  1.1747e-03     8.2695e-02  1.0883e-03     2.2039e-01  2.9006e-03 
2.9903e+00     1.9399e-02  4.2354e-04     5.8009e-02  1.2665e-03     5.3129e-02  1.1648e-03     1.5887e-01  3.4831e-03 
3.3552e+00     1.0050e-02  1.6888e-04     3.3719e-02  5.6663e-04     3.0883e-02  5.2260e-04     1.0362e-01  1.7534e-03 
3.7646e+00     4.7806e-03  1.8232e-04     1.7997e-02  6.8636e-04     1.6483e-02  6.2949e-04     6.2053e-02  2.3698e-03 
4.2240e+00     1.7827e-03  1.2316e-04     7.5300e-03  5.2021e-04     6.8966e-03  4.7665e-04     2.9131e-02  2.0133e-03 
4.7394e+00     6.4362e-04  3.8896e-05     3.0503e-03  1.8434e-04     2.7938e-03  1.6893e-04     1.3241e-02  8.0062e-04 
5.3176e+00     2.2289e-04  1.9237e-05     1.1853e-03  1.0229e-04     1.0856e-03  9.3715e-05     5.7727e-03  4.9834e-04 
5.9665e+00     6.4271e-05  1.4882e-05     3.8347e-04  8.8795e-05     3.5122e-04  8.1330e-05     2.0955e-03  4.8525e-04 
6.6945e+00     1.3018e-05  7.2407e-06     8.7152e-05  4.8473e-05     7.9822e-05  4.4396e-05     5.3437e-04  2.9721e-04 
7.5114e+00     2.3205e-06  3.6666e-06     1.7430e-05  2.7541e-05     1.5964e-05  2.5224e-05     1.1991e-04  1.8947e-04 
8.4279e+00     2.0682e-06  4.9233e-07     1.7430e-05  4.1493e-06     1.5964e-05  3.8004e-06     1.3455e-04  3.2030e-05 
9.4563e+00     0.0000e+00  0.0000e+00     0.0000e+00  0.0000e+00     0.0000e+00  0.0000e+00     0.0000e+00  0.0000e+00 
1.0610e+01     0.0000e+00  0.0000e+00     0.0000e+00  0.0000e+00     0.0000e+00  0.0000e+00     0.0000e+00  0.0000e+00 
1.1905e+01     0.0000e+00  0.0000e+00     0.0000e+00  0.0000e+00     0.0000e+00  0.0000e+00     0.0000e+00  0.0000e+00 
1.3357e+01     6.5247e-07  3.6381e-07     8.7152e-06  4.8595e-06     7.9822e-06  4.4508e-06     1.0662e-04  5.9451e-05 
1.4987e+01     1.1630e-06  7.2548e-07     1.7430e-05  1.0873e-05     1.5964e-05  9.9584e-06     2.3926e-04  1.4925e-04 
1.6816e+01     5.1827e-07  1.8683e-07     8.7152e-06  3.1417e-06     7.9822e-06  2.8775e-06     1.3423e-04  4.8388e-05 
1.8868e+01     9.2382e-07  2.5468e-06     1.7430e-05  4.8052e-05     1.5964e-05  4.4010e-05     3.0121e-04  8.3038e-04 
2.1170e+01     0.0000e+00  0.0000e+00     0.0000e+00  0.0000e+00     0.0000e+00  0.0000e+00     0.0000e+00  0.0000e+00 
2.3753e+01     0.0000e+00  0.0000e+00     0.0000e+00  0.0000e+00     0.0000e+00  0.0000e+00     0.0000e+00  0.0000e+00 
2.6651e+01     9.8103e-07  5.3725e-07     2.6146e-05  1.4318e-05     2.3947e-05  1.3114e-05     6.3821e-04  3.4951e-04 
2.9903e+01     1.1658e-06  6.2278e-07     3.4861e-05  1.8623e-05     3.1929e-05  1.7057e-05     9.5477e-04  5.1006e-04 
3.3552e+01     5.1950e-07  1.3395e-07     1.7430e-05  4.4943e-06     1.5964e-05  4.1164e-06     5.3564e-04  1.3811e-04 
3.7646e+01     4.6301e-07  1.5128e-07     1.7430e-05  5.6950e-06     1.5964e-05  5.2161e-06     6.0099e-04  1.9637e-04 
4.2240e+01     4.1266e-07  2.7459e-07     1.7430e-05  1.1599e-05     1.5964e-05  1.0623e-05     6.7433e-04  4.4872e-04 
4.7394e+01     1.8389e-07  1.5259e-07     8.7152e-06  7.2320e-06     7.9822e-06  6.6237e-06     3.7830e-04  3.1392e-04 
5.3176e+01     1.6389e-07  9.5793e-08     8.7152e-06  5.0939e-06     7.9822e-06  4.6655e-06     4.2446e-04  2.4810e-04 
5.9665e+01     2.9214e-07  1.7284e-07     1.7430e-05  1.0312e-05     1.5964e-05  9.4451e-06     9.5251e-04  5.6354e-04 
6.6945e+01     3.9055e-07  1.6863e-07     2.6146e-05  1.1289e-05     2.3947e-05  1.0339e-05     1.6031e-03  6.9217e-04 
7.5114e+01     3.4808e-07  1.7718e-07     2.6146e-05  1.3309e-05     2.3947e-05  1.2189e-05     1.7987e-03  9.1559e-04 
8.4279e+01     1.0341e-07  1.2099e-07     8.7152e-06  1.0197e-05     7.9822e-06  9.3392e-06     6.7273e-04  7.8709e-04 
9.4563e+01     1.8433e-07  1.0755e-07     1.7430e-05  1.0170e-05     1.5964e-05  9.3149e-06     1.5096e-03  8.8084e-04 
1.0610e+02     3.2856e-07  2.2739e-07     3.4861e-05  2.4127e-05     3.1929e-05  2.2098e-05     3.3877e-03  2.3446e-03 
1.1905e+02     7.3208e-08  6.2380e-08     8.7152e-06  7.4261e-06     7.9822e-06  6.8015e-06     9.5026e-04  8.0970e-04 
1.3357e+02     3.9148e-07  1.9540e-07     5.2291e-05  2.6101e-05     4.7893e-05  2.3906e-05     6.3972e-03  3.1931e-03 
1.4987e+02     5.8151e-08  9.0166e-08     8.7152e-06  1.3513e-05     7.9822e-06  1.2377e-05     1.1963e-03  1.8549e-03 
1.6816e+02     5.1827e-08  3.9958e-08     8.7152e-06  6.7192e-06     7.9822e-06  6.1541e-06     1.3423e-03  1.0349e-03 
1.8868e+02     0.0000e+00  0.0000e+00     0.0000e+00  0.0000e+00     0.0000e+00  0.0000e+00     0.0000e+00  0.0000e+00 
2.1170e+02     4.1168e-08  2.4423e-08     8.7152e-06  5.1703e-06     7.9822e-06  4.7354e-06     1.6898e-03  1.0025e-03 
2.3753e+02     1.4676e-07  7.6976e-08     3.4861e-05  1.8284e-05     3.1929e-05  1.6746e-05     7.5840e-03  3.9778e-03 
2.6651e+02     0.0000e+00  0.0000e+00     0.0000e+00  0.0000e+00     0.0000e+00  0.0000e+00     0.0000e+00  0.0000e+00 
2.9903e+02     0.0000e+00  0.0000e+00     0.0000e+00  0.0000e+00     0.0000e+00  0.0000e+00     0.0000e+00  0.0000e+00 
3.3552e+02     1.0390e-07  5.2675e-08     3.4861e-05  1.7673e-05     3.1929e-05  1.6187e-05     1.0713e-02  5.4311e-03 
3.7646e+02     2.3150e-08  2.1242e-08     8.7152e-06  7.9966e-06     7.9822e-06  7.3240e-06     3.0050e-03  2.7572e-03 
4.2240e+02     0.0000e+00  0.0000e+00     0.0000e+00  0.0000e+00     0.0000e+00  0.0000e+00     0.0000e+00  0.0000e+00 
4.7394e+02     0.0000e+00  0.0000e+00     0.0000e+00  0.0000e+00     0.0000e+00  0.0000e+00     0.0000e+00  0.0000e+00 
5.3176e+02     0.0000e+00  0.0000e+00     0.0000e+00  0.0000e+00     0.0000e+00  0.0000e+00     0.0000e+00  0.0000e+00 
5.9665e+02     1.4607e-08  8.5376e-09     8.7152e-06  5.0939e-06     7.9822e-06  4.6655e-06     4.7626e-03  2.7837e-03 
6.6945e+02     1.3018e-08  1.0666e-08     8.7152e-06  7.1401e-06     7.9822e-06  6.5396e-06     5.3437e-03  4.3779e-03 
7.5114e+02     0.0000e+00  0.0000e+00     0.0000e+00  0.0000e+00     0.0000e+00  0.0000e+00     0.0000e+00  0.0000e+00 
8.4279e+02     0.0000e+00  0.0000e+00     0.0000e+00  0.0000e+00     0.0000e+00  0.0000e+00     0.0000e+00  0.0000e+00 
9.4563e+02     0.0000e+00  0.0000e+00     0.0000e+00  0.0000e+00     0.0000e+00  0.0000e+00     0.0000e+00  0.0000e+00 
1.0610e+03     0.0000e+00  0.0000e+00     0.0000e+00  0.0000e+00     0.0000e+00  0.0000e+00     0.0000e+00  0.0000e+00 
1.1905e+03     0.0000e+00  0.0000e+00     0.0000e+00  0.0000e+00     0.0000e+00  0.0000e+00     0.0000e+00  0.0000e+00 
1.3357e+03     0.0000e+00  0.0000e+00     0.0000e+00  0.0000e+00     0.0000e+00  0.0000e+00     0.0000e+00  0.0000e+00 
1.4987e+03     0.0000e+00  0.0000e+00     0.0000e+00  0.0000e+00     0.0000e+00  0.0000e+00     0.0000e+00  0.0000e+00 
1.6816e+03     0.0000e+00  0.0000e+00     0.0000e+00  0.0000e+00     0.0000e+00  0.0000e+00     0.0000e+00  0.0000e+00 
1.8868e+03     0.0000e+00  0.0000e+00     0.0000e+00  0.0000e+00     0.0000e+00  0.0000e+00     0.0000e+00  0.0000e+00 
2.1170e+03     0.0000e+00  0.0000e+00     0.0000e+00  0.0000e+00     0.0000e+00  0.0000e+00     0.0000e+00  0.0000e+00 
2.3753e+03     0.0000e+00  0.0000e+00     0.0000e+00  0.0000e+00     0.0000e+00  0.0000e+00     0.0000e+00  0.0000e+00 
2.6651e+03     0.0000e+00  0.0000e+00     0.0000e+00  0.0000e+00     0.0000e+00  0.0000e+00     0.0000e+00  0.0000e+00 
2.9903e+03     0.0000e+00  0.0000e+00     0.0000e+00  0.0000e+00     0.0000e+00  0.0000e+00     0.0000e+00  0.0000e+00 
3.3552e+03     0.0000e+00  0.0000e+00     0.0000e+00  0.0000e+00     0.0000e+00  0.0000e+00     0.0000e+00  0.0000e+00 
3.7646e+03     0.0000e+00  0.0000e+00     0.0000e+00  0.0000e+00     0.0000e+00  0.0000e+00     0.0000e+00  0.0000e+00 
4.2240e+03     0.0000e+00  0.0000e+00     0.0000e+00  0.0000e+00     0.0000e+00  0.0000e+00     0.0000e+00  0.0000e+00 
4.7394e+03     0.0000e+00  0.0000e+00     0.0000e+00  0.0000e+00     0.0000e+00  0.0000e+00     0.0000e+00  0.0000e+00 
5.3176e+03     0.0000e+00  0.0000e+00     0.0000e+00  0.0000e+00     0.0000e+00  0.0000e+00     0.0000e+00  0.0000e+00 
5.9665e+03     0.0000e+00  0.0000e+00     0.0000e+00  0.0000e+00     0.0000e+00  0.0000e+00     0.0000e+00  0.0000e+00 
6.6945e+03     0.0000e+00  0.0000e+00     0.0000e+00  0.0000e+00     0.0000e+00  0.0000e+00     0.0000e+00  0.0000e+00 
7.5114e+03     0.0000e+00  0.0000e+00     0.0000e+00  0.0000e+00     0.0000e+00  0.0000e+00     0.0000e+00  0.0000e+00 
8.4279e+03     0.0000e+00  0.0000e+00     0.0000e+00  0.0000e+00     0.0000e+00  0.0000e+00     0.0000e+00  0.0000e+00 
9.4563e+03     0.0000e+00  0.0000e+00     0.0000e+00  0.0000e+00     0.0000e+00  0.0000e+00     0.0000e+00  0.0000e+00 
