yF = 8.2103e+00 (std: 1.4702e-02) keV/um
yD = 9.1139e+00 (std: 1.9187e-02) keV/um
y (keV/um)     f(y)(std)                  yf(y)(std)                 d(y)(std)                  yd(y)(std)  
1.0610e-03     1.6781e-02  1.3496e-02     1.7804e-05  1.4319e-05     2.1685e-06  1.7440e-06     2.3008e-09  1.8505e-09 
1.1905e-03     0.0000e+00  0.0000e+00     0.0000e+00  0.0000e+00     0.0000e+00  0.0000e+00     0.0000e+00  0.0000e+00 
1.3357e-03     2.6659e-02  1.4618e-02     3.5609e-05  1.9525e-05     4.3371e-06  2.3782e-06     5.7932e-09  3.1766e-09 
1.4987e-03     2.3760e-02  1.3313e-02     3.5609e-05  1.9952e-05     4.3371e-06  2.4301e-06     6.5001e-09  3.6420e-09 
1.6816e-03     5.2939e-03  4.9391e-03     8.9022e-06  8.3055e-06     1.0843e-06  1.0116e-06     1.8233e-09  1.7011e-09 
1.8868e-03     0.0000e+00  0.0000e+00     0.0000e+00  0.0000e+00     0.0000e+00  0.0000e+00     0.0000e+00  0.0000e+00 
2.1170e-03     0.0000e+00  0.0000e+00     0.0000e+00  0.0000e+00     0.0000e+00  0.0000e+00     0.0000e+00  0.0000e+00 
2.3753e-03     3.7478e-03  3.1936e-03     8.9022e-06  7.5858e-06     1.0843e-06  9.2393e-07     2.5755e-09  2.1946e-09 
2.6651e-03     3.3403e-03  3.7947e-03     8.9022e-06  1.0113e-05     1.0843e-06  1.2318e-06     2.8897e-09  3.2829e-09 
2.9903e-03     1.4885e-02  5.1205e-03     4.4511e-05  1.5312e-05     5.4214e-06  1.8650e-06     1.6212e-08  5.5769e-09 
3.3552e-03     2.6533e-03  1.6649e-03     8.9022e-06  5.5862e-06     1.0843e-06  6.8040e-07     3.6380e-09  2.2829e-09 
3.7646e-03     2.3647e-03  1.2748e-03     8.9022e-06  4.7990e-06     1.0843e-06  5.8451e-07     4.0819e-09  2.2004e-09 
4.2240e-03     1.0538e-02  5.3394e-03     4.4511e-05  2.2553e-05     5.4214e-06  2.7470e-06     2.2900e-08  1.1603e-08 
4.7394e-03     1.8784e-03  9.7669e-04     8.9022e-06  4.6289e-06     1.0843e-06  5.6379e-07     5.1388e-09  2.6720e-09 
5.3176e-03     1.6741e-03  9.7853e-04     8.9022e-06  5.2035e-06     1.0843e-06  6.3378e-07     5.7658e-09  3.3702e-09 
5.9665e-03     8.9522e-03  1.7641e-02     5.3413e-05  1.0526e-04     6.5056e-06  1.2820e-05     3.8816e-08  7.6490e-08 
6.6945e-03     2.6596e-03  2.9745e-03     1.7804e-05  1.9913e-05     2.1685e-06  2.4253e-06     1.4517e-08  1.6237e-08 
7.5114e-03     5.9258e-03  2.0374e-03     4.4511e-05  1.5304e-05     5.4214e-06  1.8640e-06     4.0722e-08  1.4001e-08 
8.4279e-03     4.2251e-03  1.9521e-03     3.5609e-05  1.6452e-05     4.3371e-06  2.0038e-06     3.6553e-08  1.6888e-08 
9.4563e-03     1.6945e-02  5.6992e-03     1.6024e-04  5.3893e-05     1.9517e-05  6.5642e-06     1.8456e-07  6.2073e-08 
1.0610e-02     3.3561e-02  1.2874e-02     3.5609e-04  1.3659e-04     4.3371e-05  1.6637e-05     4.6017e-07  1.7652e-07 
1.1905e-02     3.3651e-02  6.3756e-03     4.0060e-04  7.5900e-05     4.8792e-05  9.2449e-06     5.8086e-07  1.1006e-07 
1.3357e-02     2.5992e-02  6.6194e-03     3.4719e-04  8.8417e-05     4.2287e-05  1.0769e-05     5.6484e-07  1.4385e-07 
1.4987e-02     1.9602e-02  4.7338e-03     2.9377e-04  7.0946e-05     3.5781e-05  8.6413e-06     5.3626e-07  1.2951e-07 
1.6816e-02     1.2705e-02  5.0208e-03     2.1365e-04  8.4429e-05     2.6023e-05  1.0283e-05     4.3759e-07  1.7292e-07 
1.8868e-02     9.4365e-03  2.8657e-03     1.7804e-04  5.4070e-05     2.1685e-05  6.5857e-06     4.0915e-07  1.2426e-07 
2.1170e-02     1.3877e-02  8.0302e-03     2.9377e-04  1.7000e-04     3.5781e-05  2.0706e-05     7.5748e-07  4.3834e-07 
2.3753e-02     9.7443e-03  2.8657e-03     2.3146e-04  6.8069e-05     2.8191e-05  8.2909e-06     6.6962e-07  1.9693e-07 
2.6651e-02     7.3486e-03  3.3749e-03     1.9585e-04  8.9947e-05     2.3854e-05  1.0955e-05     6.3574e-07  2.9198e-07 
2.9903e-02     1.0420e-02  2.7228e-03     3.1158e-04  8.1422e-05     3.7950e-05  9.9172e-06     1.1348e-06  2.9656e-07 
3.3552e-02     6.6331e-03  1.8818e-03     2.2256e-04  6.3140e-05     2.7107e-05  7.6905e-06     9.0949e-07  2.5803e-07 
3.7646e-02     4.9659e-03  2.8600e-03     1.8695e-04  1.0767e-04     2.2770e-05  1.3114e-05     8.5719e-07  4.9369e-07 
4.2240e-02     5.0581e-03  1.4687e-03     2.1365e-04  6.2035e-05     2.6023e-05  7.5559e-06     1.0992e-06  3.1916e-07 
4.7394e-02     4.8837e-03  2.1905e-03     2.3146e-04  1.0381e-04     2.8191e-05  1.2644e-05     1.3361e-06  5.9927e-07 
5.3176e-02     2.6785e-03  7.1348e-04     1.4244e-04  3.7940e-05     1.7348e-05  4.6212e-06     9.2252e-07  2.4574e-07 
5.9665e-02     4.4761e-03  1.5089e-03     2.6707e-04  9.0026e-05     3.2528e-05  1.0965e-05     1.9408e-06  6.5424e-07 
6.6945e-02     4.7872e-03  1.4610e-03     3.2048e-04  9.7806e-05     3.9034e-05  1.1913e-05     2.6131e-06  7.9751e-07 
7.5114e-02     2.9629e-03  9.6803e-04     2.2256e-04  7.2712e-05     2.7107e-05  8.8563e-06     2.0361e-06  6.6523e-07 
8.4279e-02     4.5420e-03  1.0471e-03     3.8280e-04  8.8248e-05     4.6624e-05  1.0749e-05     3.9294e-06  9.0590e-07 
9.4563e-02     3.7656e-03  6.5420e-04     3.5609e-04  6.1863e-05     4.3371e-05  7.5352e-06     4.1013e-06  7.1254e-07 
1.0610e-01     3.4400e-03  9.2998e-04     3.6499e-04  9.8672e-05     4.4455e-05  1.2018e-05     4.7167e-06  1.2752e-06 
1.1905e-01     2.7668e-03  6.7779e-04     3.2938e-04  8.0689e-05     4.0118e-05  9.8280e-06     4.7759e-06  1.1700e-06 
1.3357e-01     3.3990e-03  6.1643e-04     4.5401e-04  8.2338e-05     5.5298e-05  1.0029e-05     7.3863e-06  1.3396e-06 
1.4987e-01     2.8512e-03  4.7192e-04     4.2731e-04  7.0727e-05     5.2045e-05  8.6150e-06     7.8001e-06  1.2911e-06 
1.6816e-01     2.8058e-03  4.0586e-04     4.7182e-04  6.8249e-05     5.7466e-05  8.3132e-06     9.6635e-06  1.3979e-06 
1.8868e-01     3.0668e-03  7.3910e-04     5.7864e-04  1.3945e-04     7.0478e-05  1.6985e-05     1.3298e-05  3.2048e-06 
2.1170e-01     3.3641e-03  4.4684e-04     7.1218e-04  9.4595e-05     8.6742e-05  1.1523e-05     1.8363e-05  2.4393e-06 
2.3753e-01     3.2606e-03  4.6484e-04     7.7449e-04  1.1041e-04     9.4332e-05  1.3449e-05     2.2407e-05  3.1946e-06 
2.6651e-01     3.3403e-03  4.4219e-04     8.9022e-04  1.1785e-04     1.0843e-04  1.4355e-05     2.8897e-05  3.8258e-06 
2.9903e-01     3.4236e-03  3.9509e-04     1.0238e-03  1.1815e-04     1.2469e-04  1.4392e-05     3.7287e-05  4.3036e-06 
3.3552e-01     3.8207e-03  3.7191e-04     1.2819e-03  1.2479e-04     1.5614e-04  1.5201e-05     5.2387e-05  5.1003e-06 
3.7646e-01     4.1146e-03  4.0759e-04     1.5490e-03  1.5344e-04     1.8866e-04  1.8692e-05     7.1024e-05  7.0368e-06 
4.2240e-01     4.1940e-03  4.9467e-04     1.7715e-03  2.0895e-04     2.1577e-04  2.5452e-05     9.1140e-05  1.0751e-05 
4.7394e-01     4.5644e-03  3.5289e-04     2.1632e-03  1.6725e-04     2.6348e-04  2.0376e-05     1.2487e-04  9.6570e-06 
5.3176e-01     5.1227e-03  7.8214e-04     2.7241e-03  4.1591e-04     3.3179e-04  5.0661e-05     1.7643e-04  2.6940e-05 
5.9665e-01     5.8935e-03  8.4752e-04     3.5164e-03  5.0567e-04     4.2829e-04  6.1595e-05     2.5554e-04  3.6750e-05 
6.6945e-01     6.1569e-03  7.7535e-04     4.1217e-03  5.1906e-04     5.0202e-04  6.3227e-05     3.3608e-04  4.2327e-05 
7.5114e-01     6.6014e-03  3.1035e-04     4.9585e-03  2.3311e-04     6.0394e-04  2.8413e-05     4.5364e-04  2.1342e-05 
8.4279e-01     7.2778e-03  5.0096e-04     6.1336e-03  4.2220e-04     7.4706e-04  5.1441e-05     6.2962e-04  4.3354e-05 
9.4563e-01     7.1735e-03  2.8501e-04     6.7835e-03  2.6952e-04     8.2622e-04  3.2860e-05     7.8129e-04  3.1073e-05 
1.0610e+00     8.2980e-03  9.9712e-04     8.8043e-03  1.0579e-03     1.0723e-03  1.2887e-04     1.1378e-03  1.3673e-04 
1.1905e+00     9.5867e-03  4.7908e-04     1.1413e-02  5.7033e-04     1.3900e-03  6.9510e-05     1.6548e-03  8.2750e-05 
1.3357e+00     1.0877e-02  4.2650e-04     1.4528e-02  5.6969e-04     1.7695e-03  6.9460e-05     2.3636e-03  9.2780e-05 
1.4987e+00     1.2729e-02  5.2152e-04     1.9077e-02  7.8161e-04     2.3236e-03  9.5289e-05     3.4824e-03  1.4281e-04 
1.6816e+00     1.4775e-02  6.5159e-04     2.4846e-02  1.0957e-03     3.0262e-03  1.3357e-04     5.0888e-03  2.2460e-04 
1.8868e+00     1.7137e-02  3.3901e-04     3.2333e-02  6.3964e-04     3.9381e-03  7.8226e-05     7.4303e-03  1.4759e-04 
2.1170e+00     1.9831e-02  6.7558e-04     4.1983e-02  1.4302e-03     5.1134e-03  1.7444e-04     1.0825e-02  3.6928e-04 
2.3753e+00     2.3180e-02  6.0534e-04     5.5060e-02  1.4379e-03     6.7062e-03  1.7554e-04     1.5929e-02  4.1696e-04 
2.6651e+00     2.7584e-02  4.7738e-04     7.3515e-02  1.2723e-03     8.9539e-03  1.5579e-04     2.3863e-02  4.1520e-04 
2.9903e+00     3.2342e-02  4.1376e-04     9.6714e-02  1.2373e-03     1.1780e-02  1.5217e-04     3.5225e-02  4.5503e-04 
3.3552e+00     3.8862e-02  3.8866e-04     1.3039e-01  1.3040e-03     1.5881e-02  1.6135e-04     5.3285e-02  5.4137e-04 
3.7646e+00     4.6192e-02  5.1973e-04     1.7390e-01  1.9566e-03     2.1180e-02  2.4130e-04     7.9735e-02  9.0841e-04 
4.2240e+00     5.3032e-02  2.8535e-04     2.2401e-01  1.2053e-03     2.7284e-02  1.5472e-04     1.1524e-01  6.5353e-04 
4.7394e+00     6.0669e-02  6.0143e-04     2.8753e-01  2.8504e-03     3.5021e-02  3.5279e-04     1.6598e-01  1.6720e-03 
5.3176e+00     7.0226e-02  9.3679e-04     3.7344e-01  4.9815e-03     4.5484e-02  6.1218e-04     2.4187e-01  3.2554e-03 
5.9665e+00     8.2296e-02  4.5961e-04     4.9102e-01  2.7423e-03     5.9805e-02  3.5075e-04     3.5683e-01  2.0928e-03 
6.6945e+00     9.4558e-02  8.9062e-04     6.3302e-01  5.9623e-03     7.7100e-02  7.3920e-04     5.1615e-01  4.9486e-03 
7.5114e+00     1.1038e-01  7.4633e-04     8.2913e-01  5.6060e-03     1.0099e-01  7.0634e-04     7.5854e-01  5.3056e-03 
8.4279e+00     1.3110e-01  6.4335e-04     1.1049e+00  5.4221e-03     1.3458e-01  7.0300e-04     1.1342e+00  5.9248e-03 
9.4563e+00     1.5672e-01  6.3479e-04     1.4820e+00  6.0027e-03     1.8051e-01  7.9938e-04     1.7069e+00  7.5591e-03 
1.0610e+01     1.5244e-01  3.2068e-04     1.6174e+00  3.4024e-03     1.9699e-01  5.4422e-04     2.0901e+00  5.7742e-03 
1.1905e+01     6.6409e-02  4.7638e-04     7.9058e-01  5.6711e-03     9.6291e-02  7.1193e-04     1.1463e+00  8.4753e-03 
1.3357e+01     9.4685e-03  1.1729e-04     1.2647e-01  1.5667e-03     1.5404e-02  1.9281e-04     2.0576e-01  2.5754e-03 
1.4987e+01     3.8372e-04  2.2175e-05     5.7508e-03  3.3234e-04     7.0044e-04  4.0498e-05     1.0498e-02  6.0695e-04 
1.6816e+01     5.2939e-06  2.0110e-06     8.9022e-05  3.3817e-05     1.0843e-05  4.1189e-06     1.8233e-04  6.9263e-05 
1.8868e+01     1.8873e-06  8.4167e-07     3.5609e-05  1.5880e-05     4.3371e-06  1.9342e-06     8.1831e-05  3.6494e-05 
2.1170e+01     2.5231e-06  4.5085e-06     5.3413e-05  9.5444e-05     6.5056e-06  1.1625e-05     1.3772e-04  2.4610e-04 
2.3753e+01     2.6235e-06  1.0233e-06     6.2316e-05  2.4306e-05     7.5899e-06  2.9605e-06     1.8028e-04  7.0320e-05 
2.6651e+01     1.0021e-06  5.7908e-07     2.6707e-05  1.5433e-05     3.2528e-06  1.8798e-06     8.6692e-05  5.0098e-05 
2.9903e+01     2.0839e-06  3.2101e-06     6.2316e-05  9.5991e-05     7.5899e-06  1.1692e-05     2.2696e-04  3.4962e-04 
3.3552e+01     1.0613e-06  2.3430e-06     3.5609e-05  7.8613e-05     4.3371e-06  9.5749e-06     1.4552e-04  3.2126e-04 
3.7646e+01     1.1824e-06  3.8516e-07     4.4511e-05  1.4500e-05     5.4214e-06  1.7661e-06     2.0409e-04  6.6486e-05 
4.2240e+01     1.0538e-06  3.9635e-07     4.4511e-05  1.6742e-05     5.4214e-06  2.0391e-06     2.2900e-04  8.6132e-05 
4.7394e+01     1.8784e-07  4.2001e-08     8.9022e-06  1.9906e-06     1.0843e-06  2.4245e-07     5.1388e-05  1.1491e-05 
5.3176e+01     0.0000e+00  0.0000e+00     0.0000e+00  0.0000e+00     0.0000e+00  0.0000e+00     0.0000e+00  0.0000e+00 
5.9665e+01     7.4602e-07  3.6315e-07     4.4511e-05  2.1668e-05     5.4214e-06  2.6391e-06     3.2347e-04  1.5746e-04 
6.6945e+01     5.3191e-07  2.0499e-07     3.5609e-05  1.3723e-05     4.3371e-06  1.6715e-06     2.9035e-04  1.1190e-04 
7.5114e+01     8.2962e-07  4.6313e-07     6.2316e-05  3.4787e-05     7.5899e-06  4.2370e-06     5.7011e-04  3.1826e-04 
8.4279e+01     6.3377e-07  1.8279e-07     5.3413e-05  1.5405e-05     6.5056e-06  1.8764e-06     5.4829e-04  1.5814e-04 
9.4563e+01     4.7071e-07  2.1493e-07     4.4511e-05  2.0324e-05     5.4214e-06  2.4754e-06     5.1266e-04  2.3408e-04 
1.0610e+02     8.3903e-08  8.1121e-08     8.9022e-06  8.6070e-06     1.0843e-06  1.0483e-06     1.1504e-04  1.1123e-04 
1.1905e+02     0.0000e+00  0.0000e+00     0.0000e+00  0.0000e+00     0.0000e+00  0.0000e+00     0.0000e+00  0.0000e+00 
1.3357e+02     0.0000e+00  0.0000e+00     0.0000e+00  0.0000e+00     0.0000e+00  0.0000e+00     0.0000e+00  0.0000e+00 
1.4987e+02     0.0000e+00  0.0000e+00     0.0000e+00  0.0000e+00     0.0000e+00  0.0000e+00     0.0000e+00  0.0000e+00 
1.6816e+02     0.0000e+00  0.0000e+00     0.0000e+00  0.0000e+00     0.0000e+00  0.0000e+00     0.0000e+00  0.0000e+00 
1.8868e+02     0.0000e+00  0.0000e+00     0.0000e+00  0.0000e+00     0.0000e+00  0.0000e+00     0.0000e+00  0.0000e+00 
2.1170e+02     0.0000e+00  0.0000e+00     0.0000e+00  0.0000e+00     0.0000e+00  0.0000e+00     0.0000e+00  0.0000e+00 
2.3753e+02     0.0000e+00  0.0000e+00     0.0000e+00  0.0000e+00     0.0000e+00  0.0000e+00     0.0000e+00  0.0000e+00 
2.6651e+02     0.0000e+00  0.0000e+00     0.0000e+00  0.0000e+00     0.0000e+00  0.0000e+00     0.0000e+00  0.0000e+00 
2.9903e+02     0.0000e+00  0.0000e+00     0.0000e+00  0.0000e+00     0.0000e+00  0.0000e+00     0.0000e+00  0.0000e+00 
3.3552e+02     0.0000e+00  0.0000e+00     0.0000e+00  0.0000e+00     0.0000e+00  0.0000e+00     0.0000e+00  0.0000e+00 
3.7646e+02     0.0000e+00  0.0000e+00     0.0000e+00  0.0000e+00     0.0000e+00  0.0000e+00     0.0000e+00  0.0000e+00 
4.2240e+02     0.0000e+00  0.0000e+00     0.0000e+00  0.0000e+00     0.0000e+00  0.0000e+00     0.0000e+00  0.0000e+00 
4.7394e+02     0.0000e+00  0.0000e+00     0.0000e+00  0.0000e+00     0.0000e+00  0.0000e+00     0.0000e+00  0.0000e+00 
5.3176e+02     0.0000e+00  0.0000e+00     0.0000e+00  0.0000e+00     0.0000e+00  0.0000e+00     0.0000e+00  0.0000e+00 
5.9665e+02     0.0000e+00  0.0000e+00     0.0000e+00  0.0000e+00     0.0000e+00  0.0000e+00     0.0000e+00  0.0000e+00 
6.6945e+02     0.0000e+00  0.0000e+00     0.0000e+00  0.0000e+00     0.0000e+00  0.0000e+00     0.0000e+00  0.0000e+00 
7.5114e+02     0.0000e+00  0.0000e+00     0.0000e+00  0.0000e+00     0.0000e+00  0.0000e+00     0.0000e+00  0.0000e+00 
8.4279e+02     0.0000e+00  0.0000e+00     0.0000e+00  0.0000e+00     0.0000e+00  0.0000e+00     0.0000e+00  0.0000e+00 
9.4563e+02     0.0000e+00  0.0000e+00     0.0000e+00  0.0000e+00     0.0000e+00  0.0000e+00     0.0000e+00  0.0000e+00 
1.0610e+03     0.0000e+00  0.0000e+00     0.0000e+00  0.0000e+00     0.0000e+00  0.0000e+00     0.0000e+00  0.0000e+00 
1.1905e+03     0.0000e+00  0.0000e+00     0.0000e+00  0.0000e+00     0.0000e+00  0.0000e+00     0.0000e+00  0.0000e+00 
1.3357e+03     0.0000e+00  0.0000e+00     0.0000e+00  0.0000e+00     0.0000e+00  0.0000e+00     0.0000e+00  0.0000e+00 
1.4987e+03     0.0000e+00  0.0000e+00     0.0000e+00  0.0000e+00     0.0000e+00  0.0000e+00     0.0000e+00  0.0000e+00 
1.6816e+03     0.0000e+00  0.0000e+00     0.0000e+00  0.0000e+00     0.0000e+00  0.0000e+00     0.0000e+00  0.0000e+00 
1.8868e+03     0.0000e+00  0.0000e+00     0.0000e+00  0.0000e+00     0.0000e+00  0.0000e+00     0.0000e+00  0.0000e+00 
2.1170e+03     0.0000e+00  0.0000e+00     0.0000e+00  0.0000e+00     0.0000e+00  0.0000e+00     0.0000e+00  0.0000e+00 
2.3753e+03     0.0000e+00  0.0000e+00     0.0000e+00  0.0000e+00     0.0000e+00  0.0000e+00     0.0000e+00  0.0000e+00 
2.6651e+03     0.0000e+00  0.0000e+00     0.0000e+00  0.0000e+00     0.0000e+00  0.0000e+00     0.0000e+00  0.0000e+00 
2.9903e+03     0.0000e+00  0.0000e+00     0.0000e+00  0.0000e+00     0.0000e+00  0.0000e+00     0.0000e+00  0.0000e+00 
3.3552e+03     0.0000e+00  0.0000e+00     0.0000e+00  0.0000e+00     0.0000e+00  0.0000e+00     0.0000e+00  0.0000e+00 
3.7646e+03     0.0000e+00  0.0000e+00     0.0000e+00  0.0000e+00     0.0000e+00  0.0000e+00     0.0000e+00  0.0000e+00 
4.2240e+03     0.0000e+00  0.0000e+00     0.0000e+00  0.0000e+00     0.0000e+00  0.0000e+00     0.0000e+00  0.0000e+00 
4.7394e+03     0.0000e+00  0.0000e+00     0.0000e+00  0.0000e+00     0.0000e+00  0.0000e+00     0.0000e+00  0.0000e+00 
5.3176e+03     0.0000e+00  0.0000e+00     0.0000e+00  0.0000e+00     0.0000e+00  0.0000e+00     0.0000e+00  0.0000e+00 
5.9665e+03     0.0000e+00  0.0000e+00     0.0000e+00  0.0000e+00     0.0000e+00  0.0000e+00     0.0000e+00  0.0000e+00 
6.6945e+03     0.0000e+00  0.0000e+00     0.0000e+00  0.0000e+00     0.0000e+00  0.0000e+00     0.0000e+00  0.0000e+00 
7.5114e+03     0.0000e+00  0.0000e+00     0.0000e+00  0.0000e+00     0.0000e+00  0.0000e+00     0.0000e+00  0.0000e+00 
8.4279e+03     0.0000e+00  0.0000e+00     0.0000e+00  0.0000e+00     0.0000e+00  0.0000e+00     0.0000e+00  0.0000e+00 
9.4563e+03     0.0000e+00  0.0000e+00     0.0000e+00  0.0000e+00     0.0000e+00  0.0000e+00     0.0000e+00  0.0000e+00 
