yF = 9.6086e-01 (std: 3.6653e-03) keV/um
yD = 2.4640e+00 (std: 8.7841e-01) keV/um
y (keV/um)     f(y)(std)                  yf(y)(std)                 d(y)(std)                  yd(y)(std)  
1.0610e-03     0.0000e+00  0.0000e+00     0.0000e+00  0.0000e+00     0.0000e+00  0.0000e+00     0.0000e+00  0.0000e+00 
1.1905e-03     0.0000e+00  0.0000e+00     0.0000e+00  0.0000e+00     0.0000e+00  0.0000e+00     0.0000e+00  0.0000e+00 
1.3357e-03     6.5227e-03  7.4098e-03     8.7126e-06  9.8975e-06     9.0675e-06  1.0301e-05     1.2112e-08  1.3759e-08 
1.4987e-03     1.1627e-02  9.4117e-03     1.7425e-05  1.4105e-05     1.8135e-05  1.4680e-05     2.7179e-08  2.2001e-08 
1.6816e-03     2.5906e-02  1.0963e-02     4.3563e-05  1.8435e-05     4.5337e-05  1.9187e-05     7.6239e-08  3.2264e-08 
1.8868e-03     9.2355e-03  3.9104e-03     1.7425e-05  7.3780e-06     1.8135e-05  7.6788e-06     3.4216e-08  1.4488e-08 
2.1170e-03     4.1156e-03  3.2108e-03     8.7126e-06  6.7973e-06     9.0675e-06  7.0742e-06     1.9196e-08  1.4976e-08 
2.3753e-03     3.6680e-03  6.8189e-03     8.7126e-06  1.6197e-05     9.0675e-06  1.6857e-05     2.1538e-08  4.0040e-08 
2.6651e-03     0.0000e+00  0.0000e+00     0.0000e+00  0.0000e+00     0.0000e+00  0.0000e+00     0.0000e+00  0.0000e+00 
2.9903e-03     2.9136e-03  1.9976e-03     8.7126e-06  5.9734e-06     9.0675e-06  6.2168e-06     2.7115e-08  1.8590e-08 
3.3552e-03     5.1935e-03  2.0408e-03     1.7425e-05  6.8474e-06     1.8135e-05  7.1266e-06     6.0846e-08  2.3911e-08 
3.7646e-03     1.6200e-02  8.8161e-03     6.0988e-05  3.3189e-05     6.3472e-05  3.4542e-05     2.3895e-07  1.3004e-07 
4.2240e-03     1.0313e-02  8.9849e-03     4.3563e-05  3.7952e-05     4.5337e-05  3.9498e-05     1.9150e-07  1.6684e-07 
4.7394e-03     7.3534e-03  3.6173e-03     3.4850e-05  1.7144e-05     3.6270e-05  1.7842e-05     1.7190e-07  8.4561e-08 
5.3176e-03     9.8306e-03  5.0432e-03     5.2276e-05  2.6818e-05     5.4405e-05  2.7911e-05     2.8931e-07  1.4842e-07 
5.9665e-03     1.4603e-02  5.2427e-03     8.7126e-05  3.1280e-05     9.0675e-05  3.2556e-05     5.4101e-07  1.9425e-07 
6.6945e-03     6.5073e-03  3.9862e-03     4.3563e-05  2.6686e-05     4.5337e-05  2.7773e-05     3.0351e-07  1.8593e-07 
7.5114e-03     1.0439e-02  4.7754e-03     7.8413e-05  3.5870e-05     8.1607e-05  3.7332e-05     6.1298e-07  2.8042e-07 
8.4279e-03     1.6541e-02  1.0942e-02     1.3940e-04  9.2215e-05     1.4508e-04  9.5972e-05     1.2227e-06  8.0884e-07 
9.4563e-03     1.0135e-02  4.4228e-03     9.5839e-05  4.1823e-05     9.9742e-05  4.3528e-05     9.4319e-07  4.1161e-07 
1.0610e-02     1.8066e-02  7.0619e-03     1.9168e-04  7.4928e-05     1.9948e-04  7.7983e-05     2.1165e-06  8.2741e-07 
1.1905e-02     1.4637e-02  5.5958e-03     1.7425e-04  6.6617e-05     1.8135e-04  6.9334e-05     2.1589e-06  8.2540e-07 
1.3357e-02     1.6307e-02  4.8775e-03     2.1782e-04  6.5151e-05     2.2669e-04  6.7810e-05     3.0279e-06  9.0576e-07 
1.4987e-02     1.2789e-02  3.2888e-03     1.9168e-04  4.9290e-05     1.9948e-04  5.1304e-05     2.9897e-06  7.6890e-07 
1.6816e-02     2.3833e-02  3.4745e-03     4.0078e-04  5.8427e-05     4.1710e-04  6.0828e-05     7.0140e-06  1.0229e-06 
1.8868e-02     2.8168e-02  6.8033e-03     5.3147e-04  1.2836e-04     5.5312e-04  1.3361e-04     1.0436e-05  2.5209e-06 
2.1170e-02     2.7574e-02  5.9526e-03     5.8374e-04  1.2601e-04     6.0752e-04  1.3117e-04     1.2861e-05  2.7768e-06 
2.3753e-02     2.4209e-02  3.9167e-03     5.7503e-04  9.3034e-05     5.9845e-04  9.6850e-05     1.4215e-05  2.3005e-06 
2.6651e-02     3.0076e-02  6.7924e-03     8.0156e-04  1.8103e-04     8.3421e-04  1.8843e-04     2.2233e-05  5.0218e-06 
2.9903e-02     3.8168e-02  7.0279e-03     1.1414e-03  2.1016e-04     1.1878e-03  2.1876e-04     3.5520e-05  6.5417e-06 
3.3552e-02     4.4145e-02  4.5843e-03     1.4811e-03  1.5381e-04     1.5415e-03  1.6019e-04     5.1719e-05  5.3746e-06 
3.7646e-02     4.3278e-02  1.4242e-02     1.6293e-03  5.3616e-04     1.6956e-03  5.5803e-04     6.3833e-05  2.1008e-05 
4.2240e-02     5.7755e-02  5.9593e-03     2.4395e-03  2.5172e-04     2.5389e-03  2.6215e-04     1.0724e-04  1.1073e-05 
4.7394e-02     5.6805e-02  4.9382e-03     2.6922e-03  2.3404e-04     2.8018e-03  2.4381e-04     1.3279e-04  1.1555e-05 
5.3176e-02     7.2255e-02  4.6161e-03     3.8423e-03  2.4547e-04     3.9988e-03  2.5592e-04     2.1264e-04  1.3609e-05 
5.9665e-02     8.2212e-02  8.6431e-03     4.9052e-03  5.1569e-04     5.1050e-03  5.3705e-04     3.0459e-04  3.2043e-05 
6.6945e-02     8.7848e-02  3.4305e-03     5.8810e-03  2.2966e-04     6.1205e-03  2.4015e-04     4.0974e-04  1.6077e-05 
7.5114e-02     9.9405e-02  3.9832e-03     7.4667e-03  2.9919e-04     7.7708e-03  3.1279e-04     5.8369e-04  2.3495e-05 
8.4279e-02     1.1227e-01  3.9017e-03     9.4619e-03  3.2883e-04     9.8473e-03  3.4428e-04     8.2992e-04  2.9016e-05 
9.4563e-02     1.3479e-01  7.8518e-03     1.2747e-02  7.4249e-04     1.3266e-02  7.7439e-04     1.2544e-03  7.3228e-05 
1.0610e-01     1.4641e-01  3.6109e-03     1.5535e-02  3.8312e-04     1.6167e-02  4.0346e-04     1.7154e-03  4.2808e-05 
1.1905e-01     1.6386e-01  7.4622e-03     1.9508e-02  8.8835e-04     2.0302e-02  9.2777e-04     2.4169e-03  1.1045e-04 
1.3357e-01     1.8759e-01  7.4467e-03     2.5057e-02  9.9468e-04     2.6078e-02  1.0400e-03     3.4833e-03  1.3891e-04 
1.4987e-01     2.0056e-01  6.0040e-03     3.0058e-02  8.9983e-04     3.1283e-02  9.4405e-04     4.6884e-03  1.4149e-04 
1.6816e-01     2.2538e-01  7.1771e-03     3.7900e-02  1.2069e-03     3.9443e-02  1.2650e-03     6.6328e-03  2.1273e-04 
1.8868e-01     2.4576e-01  8.7004e-03     4.6368e-02  1.6416e-03     4.8257e-02  1.7183e-03     9.1050e-03  3.2421e-04 
2.1170e-01     2.6755e-01  5.0885e-03     5.6641e-02  1.0772e-03     5.8948e-02  1.1434e-03     1.2479e-02  2.4206e-04 
2.3753e-01     2.9612e-01  5.7300e-03     7.0337e-02  1.3610e-03     7.3202e-02  1.4437e-03     1.7388e-02  3.4293e-04 
2.6651e-01     3.2390e-01  1.0911e-02     8.6324e-02  2.9080e-03     8.9840e-02  3.0457e-03     2.3944e-02  8.1173e-04 
2.9903e-01     3.7268e-01  4.6036e-03     1.1144e-01  1.3766e-03     1.1598e-01  1.4995e-03     3.4682e-02  4.4839e-04 
3.3552e-01     4.1527e-01  2.2666e-03     1.3933e-01  7.6050e-04     1.4501e-01  9.6561e-04     4.8653e-02  3.2398e-04 
3.7646e-01     4.5377e-01  5.3548e-03     1.7083e-01  2.0159e-03     1.7779e-01  2.2049e-03     6.6929e-02  8.3004e-04 
4.2240e-01     5.0981e-01  4.0167e-03     2.1534e-01  1.6966e-03     2.2411e-01  1.9618e-03     9.4664e-02  8.2865e-04 
4.7394e-01     5.6989e-01  2.5593e-03     2.7009e-01  1.2129e-03     2.8109e-01  1.6563e-03     1.3322e-01  7.8497e-04 
5.3176e-01     6.4366e-01  1.0300e-02     3.4227e-01  5.4771e-03     3.5622e-01  5.8599e-03     1.8942e-01  3.1161e-03 
5.9665e-01     7.2979e-01  3.3281e-03     4.3543e-01  1.9857e-03     4.5316e-01  2.6943e-03     2.7038e-01  1.6075e-03 
6.6945e-01     8.4069e-01  8.4790e-03     5.6280e-01  5.6763e-03     5.8572e-01  6.3159e-03     3.9211e-01  4.2282e-03 
7.5114e-01     9.6849e-01  6.9032e-03     7.2747e-01  5.1852e-03     7.5710e-01  6.1206e-03     5.6868e-01  4.5974e-03 
8.4279e-01     1.1007e+00  1.1144e-02     9.2765e-01  9.3920e-03     9.6543e-01  1.0445e-02     8.1366e-01  8.8032e-03 
9.4563e-01     1.1055e+00  6.5723e-03     1.0454e+00  6.2150e-03     1.0880e+00  7.6852e-03     1.0289e+00  7.2673e-03 
1.0610e+00     8.9045e-01  4.2557e-03     9.4478e-01  4.5154e-03     9.8326e-01  6.0126e-03     1.0432e+00  6.3794e-03 
1.1905e+00     6.0127e-01  2.0953e-03     7.1579e-01  2.4944e-03     7.4495e-01  3.8489e-03     8.8684e-01  4.5821e-03 
1.3357e+00     3.7264e-01  2.2099e-03     4.9774e-01  2.9519e-03     5.1802e-01  3.6528e-03     6.9193e-01  4.8791e-03 
1.4987e+00     2.3598e-01  1.0062e-03     3.5367e-01  1.5080e-03     3.6808e-01  2.1058e-03     5.5164e-01  3.1560e-03 
1.6816e+00     1.4833e-01  9.2865e-04     2.4942e-01  1.5616e-03     2.5958e-01  1.9031e-03     4.3651e-01  3.2002e-03 
1.8868e+00     9.5573e-02  7.3130e-04     1.8032e-01  1.3798e-03     1.8767e-01  1.6046e-03     3.5409e-01  3.0274e-03 
2.1170e+00     6.0721e-02  4.6189e-04     1.2855e-01  9.7783e-04     1.3378e-01  1.1384e-03     2.8321e-01  2.4101e-03 
2.3753e+00     3.8386e-02  5.0373e-04     9.1177e-02  1.1965e-03     9.4891e-02  1.2968e-03     2.2539e-01  3.0802e-03 
2.6651e+00     2.2969e-02  5.5669e-04     6.1215e-02  1.4836e-03     6.3708e-02  1.5631e-03     1.6979e-01  4.1658e-03 
2.9903e+00     1.2954e-02  2.6092e-04     3.8736e-02  7.8024e-04     4.0314e-02  8.2645e-04     1.2055e-01  2.4714e-03 
3.3552e+00     6.4010e-03  9.1723e-05     2.1477e-02  3.0775e-04     2.2351e-02  3.3144e-04     7.4993e-02  1.1120e-03 
3.7646e+00     2.9045e-03  1.9467e-04     1.0934e-02  7.3285e-04     1.1380e-02  7.6394e-04     4.2840e-02  2.8759e-03 
4.2240e+00     1.1159e-03  4.4002e-05     4.7135e-03  1.8586e-04     4.9055e-03  1.9434e-04     2.0721e-02  8.2087e-04 
4.7394e+00     3.6767e-04  6.3629e-05     1.7425e-03  3.0156e-04     1.8135e-03  3.1392e-04     8.5948e-03  1.4878e-03 
5.3176e+00     1.0650e-04  1.7994e-05     5.6632e-04  9.5688e-05     5.8939e-04  9.9610e-05     3.1341e-03  5.2969e-04 
5.9665e+00     2.3364e-05  7.0091e-06     1.3940e-04  4.1820e-05     1.4508e-04  4.3527e-05     8.6562e-04  2.5970e-04 
6.6945e+00     6.5073e-06  3.1845e-06     4.3563e-05  2.1319e-05     4.5337e-05  2.2188e-05     3.0351e-04  1.4854e-04 
7.5114e+00     3.4798e-06  1.2246e-06     2.6138e-05  9.1985e-06     2.7202e-05  9.5737e-06     2.0433e-04  7.1912e-05 
8.4279e+00     2.0676e-06  1.2322e-06     1.7425e-05  1.0385e-05     1.8135e-05  1.0808e-05     1.5284e-04  9.1088e-05 
9.4563e+00     0.0000e+00  0.0000e+00     0.0000e+00  0.0000e+00     0.0000e+00  0.0000e+00     0.0000e+00  0.0000e+00 
1.0610e+01     8.2116e-07  6.4835e-07     8.7126e-06  6.8791e-06     9.0675e-06  7.1594e-06     9.6207e-05  7.5962e-05 
1.1905e+01     7.3186e-07  4.9870e-06     8.7126e-06  5.9368e-05     9.0675e-06  6.1786e-05     1.0795e-04  7.3555e-04 
1.3357e+01     1.3045e-06  4.8746e-07     1.7425e-05  6.5112e-06     1.8135e-05  6.7767e-06     2.4223e-04  9.0519e-05 
1.4987e+01     0.0000e+00  0.0000e+00     0.0000e+00  0.0000e+00     0.0000e+00  0.0000e+00     0.0000e+00  0.0000e+00 
1.6816e+01     0.0000e+00  0.0000e+00     0.0000e+00  0.0000e+00     0.0000e+00  0.0000e+00     0.0000e+00  0.0000e+00 
1.8868e+01     9.2355e-07  1.0149e-06     1.7425e-05  1.9148e-05     1.8135e-05  1.9928e-05     3.4216e-04  3.7600e-04 
2.1170e+01     4.1156e-07  2.9585e-07     8.7126e-06  6.2630e-06     9.0675e-06  6.5182e-06     1.9196e-04  1.3799e-04 
2.3753e+01     7.3360e-07  1.0655e-06     1.7425e-05  2.5310e-05     1.8135e-05  2.6341e-05     4.3076e-04  6.2567e-04 
2.6651e+01     3.2691e-07  2.2413e-07     8.7126e-06  5.9734e-06     9.0675e-06  6.2168e-06     2.4166e-04  1.6568e-04 
2.9903e+01     5.8272e-07  4.8706e-07     1.7425e-05  1.4565e-05     1.8135e-05  1.5158e-05     5.4229e-04  4.5328e-04 
3.3552e+01     1.0387e-06  3.8464e-07     3.4850e-05  1.2905e-05     3.6270e-05  1.3432e-05     1.2169e-03  4.5067e-04 
3.7646e+01     6.9430e-07  3.0604e-07     2.6138e-05  1.1521e-05     2.7202e-05  1.1991e-05     1.0241e-03  4.5141e-04 
4.2240e+01     2.0627e-07  1.4655e-07     8.7126e-06  6.1901e-06     9.0675e-06  6.4423e-06     3.8301e-04  2.7212e-04 
4.7394e+01     1.8384e-07  1.5255e-07     8.7126e-06  7.2298e-06     9.0675e-06  7.5243e-06     4.2974e-04  3.5660e-04 
5.3176e+01     6.5537e-07  3.8039e-07     3.4850e-05  2.0228e-05     3.6270e-05  2.1052e-05     1.9287e-03  1.1195e-03 
5.9665e+01     1.4603e-07  5.0575e-08     8.7126e-06  3.0176e-06     9.0675e-06  3.1407e-06     5.4101e-04  1.8739e-04 
6.6945e+01     3.9044e-07  1.7107e-07     2.6138e-05  1.1452e-05     2.7202e-05  1.1919e-05     1.8211e-03  7.9792e-04 
7.5114e+01     2.3198e-07  1.3506e-07     1.7425e-05  1.0145e-05     1.8135e-05  1.0558e-05     1.3622e-03  7.9305e-04 
8.4279e+01     5.1689e-07  2.1820e-07     4.3563e-05  1.8390e-05     4.5337e-05  1.9139e-05     3.8210e-03  1.6130e-03 
9.4563e+01     0.0000e+00  0.0000e+00     0.0000e+00  0.0000e+00     0.0000e+00  0.0000e+00     0.0000e+00  0.0000e+00 
1.0610e+02     1.6423e-07  7.9358e-08     1.7425e-05  8.4200e-06     1.8135e-05  8.7632e-06     1.9241e-03  9.2978e-04 
1.1905e+02     0.0000e+00  0.0000e+00     0.0000e+00  0.0000e+00     0.0000e+00  0.0000e+00     0.0000e+00  0.0000e+00 
1.3357e+02     1.3045e-07  2.6825e-08     1.7425e-05  3.5831e-06     1.8135e-05  3.7297e-06     2.4223e-03  4.9818e-04 
1.4987e+02     5.8134e-08  5.8136e-09     8.7126e-06  8.7129e-07     9.0675e-06  9.0744e-07     1.3590e-03  1.3600e-04 
1.6816e+02     1.0362e-07  6.0558e-08     1.7425e-05  1.0183e-05     1.8135e-05  1.0598e-05     3.0495e-03  1.7822e-03 
1.8868e+02     0.0000e+00  0.0000e+00     0.0000e+00  0.0000e+00     0.0000e+00  0.0000e+00     0.0000e+00  0.0000e+00 
2.1170e+02     1.2347e-07  3.6793e-08     2.6138e-05  7.7891e-06     2.7202e-05  8.1070e-06     5.7587e-03  1.7162e-03 
2.3753e+02     1.1004e-07  5.6749e-08     2.6138e-05  1.3480e-05     2.7202e-05  1.4029e-05     6.4614e-03  3.3323e-03 
2.6651e+02     6.5382e-08  3.8173e-07     1.7425e-05  1.0174e-04     1.8135e-05  1.0588e-04     4.8332e-03  2.8219e-02 
2.9903e+02     5.8272e-08  2.2721e-08     1.7425e-05  6.7945e-06     1.8135e-05  7.0715e-06     5.4229e-03  2.1146e-03 
3.3552e+02     2.5967e-08  8.6109e-09     8.7126e-06  2.8891e-06     9.0675e-06  3.0070e-06     3.0423e-03  1.0089e-03 
3.7646e+02     0.0000e+00  0.0000e+00     0.0000e+00  0.0000e+00     0.0000e+00  0.0000e+00     0.0000e+00  0.0000e+00 
4.2240e+02     0.0000e+00  0.0000e+00     0.0000e+00  0.0000e+00     0.0000e+00  0.0000e+00     0.0000e+00  0.0000e+00 
4.7394e+02     1.8384e-08  5.5142e-09     8.7126e-06  2.6134e-06     9.0675e-06  2.7200e-06     4.2974e-03  1.2891e-03 
5.3176e+02     0.0000e+00  0.0000e+00     0.0000e+00  0.0000e+00     0.0000e+00  0.0000e+00     0.0000e+00  0.0000e+00 
5.9665e+02     0.0000e+00  0.0000e+00     0.0000e+00  0.0000e+00     0.0000e+00  0.0000e+00     0.0000e+00  0.0000e+00 
6.6945e+02     0.0000e+00  0.0000e+00     0.0000e+00  0.0000e+00     0.0000e+00  0.0000e+00     0.0000e+00  0.0000e+00 
7.5114e+02     0.0000e+00  0.0000e+00     0.0000e+00  0.0000e+00     0.0000e+00  0.0000e+00     0.0000e+00  0.0000e+00 
8.4279e+02     0.0000e+00  0.0000e+00     0.0000e+00  0.0000e+00     0.0000e+00  0.0000e+00     0.0000e+00  0.0000e+00 
9.4563e+02     0.0000e+00  0.0000e+00     0.0000e+00  0.0000e+00     0.0000e+00  0.0000e+00     0.0000e+00  0.0000e+00 
1.0610e+03     0.0000e+00  0.0000e+00     0.0000e+00  0.0000e+00     0.0000e+00  0.0000e+00     0.0000e+00  0.0000e+00 
1.1905e+03     0.0000e+00  0.0000e+00     0.0000e+00  0.0000e+00     0.0000e+00  0.0000e+00     0.0000e+00  0.0000e+00 
1.3357e+03     0.0000e+00  0.0000e+00     0.0000e+00  0.0000e+00     0.0000e+00  0.0000e+00     0.0000e+00  0.0000e+00 
1.4987e+03     0.0000e+00  0.0000e+00     0.0000e+00  0.0000e+00     0.0000e+00  0.0000e+00     0.0000e+00  0.0000e+00 
1.6816e+03     0.0000e+00  0.0000e+00     0.0000e+00  0.0000e+00     0.0000e+00  0.0000e+00     0.0000e+00  0.0000e+00 
1.8868e+03     0.0000e+00  0.0000e+00     0.0000e+00  0.0000e+00     0.0000e+00  0.0000e+00     0.0000e+00  0.0000e+00 
2.1170e+03     0.0000e+00  0.0000e+00     0.0000e+00  0.0000e+00     0.0000e+00  0.0000e+00     0.0000e+00  0.0000e+00 
2.3753e+03     0.0000e+00  0.0000e+00     0.0000e+00  0.0000e+00     0.0000e+00  0.0000e+00     0.0000e+00  0.0000e+00 
2.6651e+03     0.0000e+00  0.0000e+00     0.0000e+00  0.0000e+00     0.0000e+00  0.0000e+00     0.0000e+00  0.0000e+00 
2.9903e+03     0.0000e+00  0.0000e+00     0.0000e+00  0.0000e+00     0.0000e+00  0.0000e+00     0.0000e+00  0.0000e+00 
3.3552e+03     0.0000e+00  0.0000e+00     0.0000e+00  0.0000e+00     0.0000e+00  0.0000e+00     0.0000e+00  0.0000e+00 
3.7646e+03     0.0000e+00  0.0000e+00     0.0000e+00  0.0000e+00     0.0000e+00  0.0000e+00     0.0000e+00  0.0000e+00 
4.2240e+03     0.0000e+00  0.0000e+00     0.0000e+00  0.0000e+00     0.0000e+00  0.0000e+00     0.0000e+00  0.0000e+00 
4.7394e+03     0.0000e+00  0.0000e+00     0.0000e+00  0.0000e+00     0.0000e+00  0.0000e+00     0.0000e+00  0.0000e+00 
5.3176e+03     0.0000e+00  0.0000e+00     0.0000e+00  0.0000e+00     0.0000e+00  0.0000e+00     0.0000e+00  0.0000e+00 
5.9665e+03     0.0000e+00  0.0000e+00     0.0000e+00  0.0000e+00     0.0000e+00  0.0000e+00     0.0000e+00  0.0000e+00 
6.6945e+03     0.0000e+00  0.0000e+00     0.0000e+00  0.0000e+00     0.0000e+00  0.0000e+00     0.0000e+00  0.0000e+00 
7.5114e+03     0.0000e+00  0.0000e+00     0.0000e+00  0.0000e+00     0.0000e+00  0.0000e+00     0.0000e+00  0.0000e+00 
8.4279e+03     0.0000e+00  0.0000e+00     0.0000e+00  0.0000e+00     0.0000e+00  0.0000e+00     0.0000e+00  0.0000e+00 
9.4563e+03     0.0000e+00  0.0000e+00     0.0000e+00  0.0000e+00     0.0000e+00  0.0000e+00     0.0000e+00  0.0000e+00 
