yF = 7.0801e+00 (std: 1.5982e-02) keV/um
yD = 7.9167e+00 (std: 2.7657e-02) keV/um
y (keV/um)     f(y)(std)                  yf(y)(std)                 d(y)(std)                  yd(y)(std)  
1.0610e-03     0.0000e+00  0.0000e+00     0.0000e+00  0.0000e+00     0.0000e+00  0.0000e+00     0.0000e+00  0.0000e+00 
1.1905e-03     0.0000e+00  0.0000e+00     0.0000e+00  0.0000e+00     0.0000e+00  0.0000e+00     0.0000e+00  0.0000e+00 
1.3357e-03     6.6385e-03  5.1791e-03     8.8672e-06  6.9179e-06     1.2524e-06  9.7709e-07     1.6729e-09  1.3051e-09 
1.4987e-03     1.1833e-02  1.1971e-02     1.7734e-05  1.7941e-05     2.5048e-06  2.5341e-06     3.7540e-09  3.7978e-09 
1.6816e-03     1.5819e-02  6.7730e-03     2.6602e-05  1.1389e-05     3.7573e-06  1.6087e-06     6.3181e-09  2.7051e-09 
1.8868e-03     9.3994e-03  5.4667e-03     1.7734e-05  1.0314e-05     2.5048e-06  1.4568e-06     4.7260e-09  2.7487e-09 
2.1170e-03     0.0000e+00  0.0000e+00     0.0000e+00  0.0000e+00     0.0000e+00  0.0000e+00     0.0000e+00  0.0000e+00 
2.3753e-03     3.7331e-03  4.6641e-03     8.8672e-06  1.1079e-05     1.2524e-06  1.5648e-06     2.9749e-09  3.7168e-09 
2.6651e-03     0.0000e+00  0.0000e+00     0.0000e+00  0.0000e+00     0.0000e+00  0.0000e+00     0.0000e+00  0.0000e+00 
2.9903e-03     0.0000e+00  0.0000e+00     0.0000e+00  0.0000e+00     0.0000e+00  0.0000e+00     0.0000e+00  0.0000e+00 
3.3552e-03     0.0000e+00  0.0000e+00     0.0000e+00  0.0000e+00     0.0000e+00  0.0000e+00     0.0000e+00  0.0000e+00 
3.7646e-03     2.3554e-03  4.0984e-03     8.8672e-06  1.5429e-05     1.2524e-06  2.1792e-06     4.7149e-09  8.2038e-09 
4.2240e-03     0.0000e+00  0.0000e+00     0.0000e+00  0.0000e+00     0.0000e+00  0.0000e+00     0.0000e+00  0.0000e+00 
4.7394e-03     1.8710e-03  3.2555e-03     8.8672e-06  1.5429e-05     1.2524e-06  2.1792e-06     5.9356e-09  1.0328e-08 
5.3176e-03     0.0000e+00  0.0000e+00     0.0000e+00  0.0000e+00     0.0000e+00  0.0000e+00     0.0000e+00  0.0000e+00 
5.9665e-03     1.4862e-03  9.4503e-04     8.8672e-06  5.6385e-06     1.2524e-06  7.9639e-07     7.4725e-09  4.7517e-09 
6.6945e-03     3.9737e-03  2.0083e-03     2.6602e-05  1.3444e-05     3.7573e-06  1.8989e-06     2.5153e-08  1.2712e-08 
7.5114e-03     2.3610e-03  6.0198e-03     1.7734e-05  4.5217e-05     2.5048e-06  6.3865e-06     1.8815e-08  4.7972e-08 
8.4279e-03     0.0000e+00  0.0000e+00     0.0000e+00  0.0000e+00     0.0000e+00  0.0000e+00     0.0000e+00  0.0000e+00 
9.4563e-03     1.0315e-02  4.4632e-03     9.7540e-05  4.2205e-05     1.3777e-05  5.9612e-06     1.3027e-07  5.6371e-08 
1.0610e-02     2.5072e-02  7.4406e-03     2.6602e-04  7.8946e-05     3.7573e-05  1.1151e-05     3.9865e-07  1.1831e-07 
1.1905e-02     2.1601e-02  4.8089e-03     2.5715e-04  5.7248e-05     3.6320e-05  8.0862e-06     4.3238e-07  9.6264e-08 
1.3357e-02     2.1243e-02  6.8060e-03     2.8375e-04  9.0910e-05     4.0077e-05  1.2841e-05     5.3533e-07  1.7152e-07 
1.4987e-02     1.3016e-02  5.5944e-03     1.9508e-04  8.3844e-05     2.7553e-05  1.1842e-05     4.1294e-07  1.7748e-07 
1.6816e-02     1.1601e-02  3.0775e-03     1.9508e-04  5.1750e-05     2.7553e-05  7.3096e-06     4.6333e-07  1.2292e-07 
1.8868e-02     1.0339e-02  2.6226e-03     1.9508e-04  4.9482e-05     2.7553e-05  6.9892e-06     5.1987e-07  1.3187e-07 
2.1170e-02     1.3822e-02  3.3557e-03     2.9262e-04  7.1040e-05     4.1330e-05  1.0034e-05     8.7495e-07  2.1242e-07 
2.3753e-02     7.8395e-03  3.1216e-03     1.8621e-04  7.4148e-05     2.6301e-05  1.0473e-05     6.2472e-07  2.4876e-07 
2.6651e-02     9.9814e-03  3.1538e-03     2.6602e-04  8.4052e-05     3.7573e-05  1.1872e-05     1.0014e-06  3.1640e-07 
2.9903e-02     5.6341e-03  1.6845e-03     1.6848e-04  5.0371e-05     2.3796e-05  7.1147e-06     7.1158e-07  2.1275e-07 
3.3552e-02     4.4928e-03  2.5255e-03     1.5074e-04  8.4734e-05     2.1291e-05  1.1968e-05     7.1436e-07  4.0155e-07 
3.7646e-02     6.1241e-03  2.2484e-03     2.3055e-04  8.4645e-05     3.2563e-05  1.1956e-05     1.2259e-06  4.5008e-07 
4.2240e-02     5.8780e-03  2.8122e-03     2.4828e-04  1.1879e-04     3.5068e-05  1.6778e-05     1.4812e-06  7.0869e-07 
4.7394e-02     5.6129e-03  1.4960e-03     2.6602e-04  7.0901e-05     3.7573e-05  1.0014e-05     1.7807e-06  4.7462e-07 
5.3176e-02     3.1683e-03  1.0953e-03     1.6848e-04  5.8245e-05     2.3796e-05  8.2267e-06     1.2654e-06  4.3747e-07 
5.9665e-02     3.7154e-03  7.0518e-04     2.2168e-04  4.2074e-05     3.1310e-05  5.9430e-06     1.8681e-06  3.5459e-07 
6.6945e-02     3.4438e-03  6.7328e-04     2.3055e-04  4.5073e-05     3.2563e-05  6.3666e-06     2.1799e-06  4.2621e-07 
7.5114e-02     3.0693e-03  7.0155e-04     2.3055e-04  5.2696e-05     3.2563e-05  7.4432e-06     2.4459e-06  5.5908e-07 
8.4279e-02     3.1564e-03  7.9035e-04     2.6602e-04  6.6610e-05     3.7573e-05  9.4084e-06     3.1666e-06  7.9293e-07 
9.4563e-02     3.0944e-03  9.3817e-04     2.9262e-04  8.8716e-05     4.1330e-05  1.2531e-05     3.9082e-06  1.1849e-06 
1.0610e-01     3.5937e-03  6.8052e-04     3.8129e-04  7.2204e-05     5.3854e-05  1.0199e-05     5.7140e-06  1.0821e-06 
1.1905e-01     3.5008e-03  8.5464e-04     4.1676e-04  1.0174e-04     5.8864e-05  1.4371e-05     7.0075e-06  1.7108e-06 
1.3357e-01     3.0537e-03  5.4661e-04     4.0789e-04  7.3012e-05     5.7611e-05  1.0313e-05     7.6953e-06  1.3776e-06 
1.4987e-01     3.2541e-03  8.2652e-04     4.8770e-04  1.2387e-04     6.8883e-05  1.7497e-05     1.0324e-05  2.6222e-06 
1.6816e-01     3.3221e-03  5.4301e-04     5.5864e-04  9.1312e-05     7.8902e-05  1.2898e-05     1.3268e-05  2.1690e-06 
1.8868e-01     3.0548e-03  7.6260e-04     5.7637e-04  1.4388e-04     8.1407e-05  2.0323e-05     1.5360e-05  3.8345e-06 
2.1170e-01     3.3509e-03  5.4651e-04     7.0938e-04  1.1570e-04     1.0019e-04  1.6343e-05     2.1211e-05  3.4597e-06 
2.3753e-01     3.5464e-03  8.7436e-04     8.4239e-04  2.0769e-04     1.1898e-04  2.9335e-05     2.8261e-05  6.9680e-06 
2.6651e-01     3.6598e-03  4.3243e-04     9.7540e-04  1.1525e-04     1.3777e-04  1.6281e-05     3.6716e-05  4.3390e-06 
2.9903e-01     4.2700e-03  5.9113e-04     1.2769e-03  1.7677e-04     1.8035e-04  2.4970e-05     5.3930e-05  7.4670e-06 
3.3552e-01     4.9949e-03  4.6007e-04     1.6759e-03  1.5436e-04     2.3671e-04  2.1809e-05     7.9420e-05  7.3173e-06 
3.7646e-01     5.1348e-03  6.1419e-04     1.9331e-03  2.3122e-04     2.7303e-04  3.2663e-05     1.0278e-04  1.2297e-05 
4.2240e-01     5.6680e-03  6.5777e-04     2.3942e-03  2.7784e-04     3.3815e-04  3.9250e-05     1.4283e-04  1.6579e-05 
4.7394e-01     5.9310e-03  5.8724e-04     2.8109e-03  2.7831e-04     3.9702e-04  3.9320e-05     1.8816e-04  1.8635e-05 
5.3176e-01     6.2198e-03  7.4317e-04     3.3075e-03  3.9519e-04     4.6715e-04  5.5828e-05     2.4841e-04  2.9687e-05 
5.9665e-01     7.2228e-03  5.5557e-04     4.3095e-03  3.3148e-04     6.0867e-04  4.6839e-05     3.6317e-04  2.7946e-05 
6.6945e-01     8.1195e-03  3.2824e-04     5.4356e-03  2.1974e-04     7.6773e-04  3.1085e-05     5.1396e-04  2.0810e-05 
7.5114e-01     9.1017e-03  6.8547e-04     6.8366e-03  5.1488e-04     9.6561e-04  7.2755e-05     7.2531e-04  5.4649e-05 
8.4279e-01     1.0868e-02  4.7433e-04     9.1598e-03  3.9976e-04     1.2937e-03  5.6538e-05     1.0904e-03  4.7649e-05 
9.4563e-01     1.1093e-02  6.0296e-04     1.0490e-02  5.7018e-04     1.4816e-03  8.0602e-05     1.4010e-03  7.6219e-05 
1.0610e+00     1.1976e-02  3.9942e-04     1.2707e-02  4.2379e-04     1.7947e-03  5.9994e-05     1.9042e-03  6.3654e-05 
1.1905e+00     1.3422e-02  5.7977e-04     1.5979e-02  6.9020e-04     2.2569e-03  9.7617e-05     2.6867e-03  1.1621e-04 
1.3357e+00     1.6158e-02  5.5740e-04     2.1583e-02  7.4454e-04     3.0484e-03  1.0538e-04     4.0718e-03  1.4077e-04 
1.4987e+00     1.8738e-02  7.8513e-04     2.8083e-02  1.1767e-03     3.9664e-03  1.6644e-04     5.9445e-03  2.4944e-04 
1.6816e+00     2.2158e-02  3.7055e-04     3.7260e-02  6.2312e-04     5.2627e-03  8.8808e-05     8.8496e-03  1.4934e-04 
1.8868e+00     2.6304e-02  3.6176e-04     4.9630e-02  6.8256e-04     7.0098e-03  9.7695e-05     1.3226e-02  1.8433e-04 
2.1170e+00     3.1389e-02  4.7957e-04     6.6451e-02  1.0152e-03     9.3856e-03  1.4495e-04     1.9869e-02  3.0686e-04 
2.3753e+00     3.5393e-02  5.7670e-04     8.4070e-02  1.3698e-03     1.1874e-02  1.9532e-04     2.8205e-02  4.6396e-04 
2.6651e+00     4.2680e-02  5.3600e-04     1.1375e-01  1.4285e-03     1.6066e-02  2.0500e-04     4.2818e-02  5.4635e-04 
2.9903e+00     4.8005e-02  8.8293e-04     1.4355e-01  2.6402e-03     2.0275e-02  3.7571e-04     6.0630e-02  1.1235e-03 
3.3552e+00     5.6361e-02  7.2116e-04     1.8910e-01  2.4196e-03     2.6709e-02  3.4703e-04     8.9614e-02  1.1644e-03 
3.7646e+00     6.5233e-02  5.8382e-04     2.4558e-01  2.1979e-03     3.4686e-02  3.2015e-04     1.3058e-01  1.2052e-03 
4.2240e+00     7.4942e-02  1.0349e-03     3.1655e-01  4.3715e-03     4.4710e-02  6.2563e-04     1.8885e-01  2.6426e-03 
4.7394e+00     8.6224e-02  5.2547e-04     4.0865e-01  2.4904e-03     5.7718e-02  3.7510e-04     2.7354e-01  1.7777e-03 
5.3176e+00     9.7933e-02  6.4008e-04     5.2077e-01  3.4037e-03     7.3554e-02  5.0861e-04     3.9114e-01  2.7046e-03 
5.9665e+00     1.1421e-01  6.2394e-04     6.8144e-01  3.7227e-03     9.6247e-02  5.6892e-04     5.7426e-01  3.3945e-03 
6.6945e+00     1.3373e-01  3.0161e-04     8.9527e-01  2.0192e-03     1.2645e-01  4.0349e-04     8.4651e-01  2.7011e-03 
7.5114e+00     1.6041e-01  5.1130e-04     1.2049e+00  3.8406e-03     1.7018e-01  6.6469e-04     1.2783e+00  4.9927e-03 
8.4279e+00     1.8257e-01  4.9954e-04     1.5387e+00  4.2100e-03     2.1732e-01  7.7086e-04     1.8316e+00  6.4967e-03 
9.4563e+00     1.4263e-01  9.8281e-04     1.3488e+00  9.2937e-03     1.9050e-01  1.3813e-03     1.8014e+00  1.3062e-02 
1.0610e+01     5.5546e-02  7.3934e-04     5.8935e-01  7.8445e-03     8.3241e-02  1.1238e-03     8.8319e-01  1.1923e-02 
1.1905e+01     9.5318e-03  1.8244e-04     1.1347e-01  2.1719e-03     1.6027e-02  3.0889e-04     1.9080e-01  3.6773e-03 
1.3357e+01     6.8775e-04  5.5183e-05     9.1865e-03  7.3710e-04     1.2975e-03  1.0415e-04     1.7331e-02  1.3912e-03 
1.4987e+01     2.1891e-05  4.5545e-06     3.2809e-04  6.8259e-05     4.6339e-05  9.6416e-06     6.9450e-04  1.4450e-04 
1.6816e+01     3.6912e-06  1.7263e-06     6.2071e-05  2.9030e-05     8.7669e-06  4.1003e-06     1.4742e-04  6.8949e-05 
1.8868e+01     1.4099e-06  6.3112e-07     2.6602e-05  1.1908e-05     3.7573e-06  1.6819e-06     7.0891e-05  3.1734e-05 
2.1170e+01     2.5132e-06  8.6231e-07     5.3203e-05  1.8255e-05     7.5145e-06  2.5784e-06     1.5908e-04  5.4585e-05 
2.3753e+01     7.4662e-07  3.4911e-07     1.7734e-05  8.2925e-06     2.5048e-06  1.1713e-06     5.9497e-05  2.7821e-05 
2.6651e+01     9.9814e-07  4.5030e-07     2.6602e-05  1.2001e-05     3.7573e-06  1.6951e-06     1.0014e-04  4.5175e-05 
2.9903e+01     1.1861e-06  5.6910e-07     3.5469e-05  1.7018e-05     5.0097e-06  2.4037e-06     1.4981e-04  7.1878e-05 
3.3552e+01     5.2857e-07  2.9488e-07     1.7734e-05  9.8937e-06     2.5048e-06  1.3974e-06     8.4042e-05  4.6886e-05 
3.7646e+01     1.4133e-06  7.0201e-07     5.3203e-05  2.6428e-05     7.5145e-06  3.7328e-06     2.8289e-04  1.4052e-04 
4.2240e+01     2.0993e-07  1.0500e-07     8.8672e-06  4.4352e-06     1.2524e-06  6.2644e-07     5.2902e-05  2.6460e-05 
4.7394e+01     0.0000e+00  0.0000e+00     0.0000e+00  0.0000e+00     0.0000e+00  0.0000e+00     0.0000e+00  0.0000e+00 
5.3176e+01     1.6675e-07  9.8925e-08     8.8672e-06  5.2605e-06     1.2524e-06  7.4300e-07     6.6599e-05  3.9510e-05 
5.9665e+01     1.4862e-07  8.1499e-08     8.8672e-06  4.8627e-06     1.2524e-06  6.8681e-07     7.4725e-05  4.0979e-05 
6.6945e+01     3.9737e-07  3.4571e-07     2.6602e-05  2.3144e-05     3.7573e-06  3.2688e-06     2.5153e-04  2.1883e-04 
7.5114e+01     4.7220e-07  2.2227e-07     3.5469e-05  1.6695e-05     5.0097e-06  2.3581e-06     3.7629e-04  1.7712e-04 
8.4279e+01     3.1564e-07  6.5881e-07     2.6602e-05  5.5524e-05     3.7573e-06  7.8422e-06     3.1666e-04  6.6093e-04 
9.4563e+01     3.7508e-07  1.8010e-07     3.5469e-05  1.7030e-05     5.0097e-06  2.4054e-06     4.7373e-04  2.2746e-04 
1.0610e+02     4.1787e-07  2.6822e-07     4.4336e-05  2.8458e-05     6.2621e-06  4.0195e-06     6.6441e-04  4.2647e-04 
1.1905e+02     4.4691e-07  4.7205e-07     5.3203e-05  5.6196e-05     7.5145e-06  7.9372e-06     8.9458e-04  9.4490e-04 
1.3357e+02     6.6385e-08  6.6387e-09     8.8672e-06  8.8675e-07     1.2524e-06  1.2528e-07     1.6729e-04  1.6734e-05 
1.4987e+02     0.0000e+00  0.0000e+00     0.0000e+00  0.0000e+00     0.0000e+00  0.0000e+00     0.0000e+00  0.0000e+00 
1.6816e+02     0.0000e+00  0.0000e+00     0.0000e+00  0.0000e+00     0.0000e+00  0.0000e+00     0.0000e+00  0.0000e+00 
1.8868e+02     0.0000e+00  0.0000e+00     0.0000e+00  0.0000e+00     0.0000e+00  0.0000e+00     0.0000e+00  0.0000e+00 
2.1170e+02     0.0000e+00  0.0000e+00     0.0000e+00  0.0000e+00     0.0000e+00  0.0000e+00     0.0000e+00  0.0000e+00 
2.3753e+02     0.0000e+00  0.0000e+00     0.0000e+00  0.0000e+00     0.0000e+00  0.0000e+00     0.0000e+00  0.0000e+00 
2.6651e+02     0.0000e+00  0.0000e+00     0.0000e+00  0.0000e+00     0.0000e+00  0.0000e+00     0.0000e+00  0.0000e+00 
2.9903e+02     0.0000e+00  0.0000e+00     0.0000e+00  0.0000e+00     0.0000e+00  0.0000e+00     0.0000e+00  0.0000e+00 
3.3552e+02     0.0000e+00  0.0000e+00     0.0000e+00  0.0000e+00     0.0000e+00  0.0000e+00     0.0000e+00  0.0000e+00 
3.7646e+02     0.0000e+00  0.0000e+00     0.0000e+00  0.0000e+00     0.0000e+00  0.0000e+00     0.0000e+00  0.0000e+00 
4.2240e+02     0.0000e+00  0.0000e+00     0.0000e+00  0.0000e+00     0.0000e+00  0.0000e+00     0.0000e+00  0.0000e+00 
4.7394e+02     0.0000e+00  0.0000e+00     0.0000e+00  0.0000e+00     0.0000e+00  0.0000e+00     0.0000e+00  0.0000e+00 
5.3176e+02     0.0000e+00  0.0000e+00     0.0000e+00  0.0000e+00     0.0000e+00  0.0000e+00     0.0000e+00  0.0000e+00 
5.9665e+02     0.0000e+00  0.0000e+00     0.0000e+00  0.0000e+00     0.0000e+00  0.0000e+00     0.0000e+00  0.0000e+00 
6.6945e+02     0.0000e+00  0.0000e+00     0.0000e+00  0.0000e+00     0.0000e+00  0.0000e+00     0.0000e+00  0.0000e+00 
7.5114e+02     0.0000e+00  0.0000e+00     0.0000e+00  0.0000e+00     0.0000e+00  0.0000e+00     0.0000e+00  0.0000e+00 
8.4279e+02     0.0000e+00  0.0000e+00     0.0000e+00  0.0000e+00     0.0000e+00  0.0000e+00     0.0000e+00  0.0000e+00 
9.4563e+02     0.0000e+00  0.0000e+00     0.0000e+00  0.0000e+00     0.0000e+00  0.0000e+00     0.0000e+00  0.0000e+00 
1.0610e+03     0.0000e+00  0.0000e+00     0.0000e+00  0.0000e+00     0.0000e+00  0.0000e+00     0.0000e+00  0.0000e+00 
1.1905e+03     0.0000e+00  0.0000e+00     0.0000e+00  0.0000e+00     0.0000e+00  0.0000e+00     0.0000e+00  0.0000e+00 
1.3357e+03     0.0000e+00  0.0000e+00     0.0000e+00  0.0000e+00     0.0000e+00  0.0000e+00     0.0000e+00  0.0000e+00 
1.4987e+03     0.0000e+00  0.0000e+00     0.0000e+00  0.0000e+00     0.0000e+00  0.0000e+00     0.0000e+00  0.0000e+00 
1.6816e+03     0.0000e+00  0.0000e+00     0.0000e+00  0.0000e+00     0.0000e+00  0.0000e+00     0.0000e+00  0.0000e+00 
1.8868e+03     0.0000e+00  0.0000e+00     0.0000e+00  0.0000e+00     0.0000e+00  0.0000e+00     0.0000e+00  0.0000e+00 
2.1170e+03     0.0000e+00  0.0000e+00     0.0000e+00  0.0000e+00     0.0000e+00  0.0000e+00     0.0000e+00  0.0000e+00 
2.3753e+03     0.0000e+00  0.0000e+00     0.0000e+00  0.0000e+00     0.0000e+00  0.0000e+00     0.0000e+00  0.0000e+00 
2.6651e+03     0.0000e+00  0.0000e+00     0.0000e+00  0.0000e+00     0.0000e+00  0.0000e+00     0.0000e+00  0.0000e+00 
2.9903e+03     0.0000e+00  0.0000e+00     0.0000e+00  0.0000e+00     0.0000e+00  0.0000e+00     0.0000e+00  0.0000e+00 
3.3552e+03     0.0000e+00  0.0000e+00     0.0000e+00  0.0000e+00     0.0000e+00  0.0000e+00     0.0000e+00  0.0000e+00 
3.7646e+03     0.0000e+00  0.0000e+00     0.0000e+00  0.0000e+00     0.0000e+00  0.0000e+00     0.0000e+00  0.0000e+00 
4.2240e+03     0.0000e+00  0.0000e+00     0.0000e+00  0.0000e+00     0.0000e+00  0.0000e+00     0.0000e+00  0.0000e+00 
4.7394e+03     0.0000e+00  0.0000e+00     0.0000e+00  0.0000e+00     0.0000e+00  0.0000e+00     0.0000e+00  0.0000e+00 
5.3176e+03     0.0000e+00  0.0000e+00     0.0000e+00  0.0000e+00     0.0000e+00  0.0000e+00     0.0000e+00  0.0000e+00 
5.9665e+03     0.0000e+00  0.0000e+00     0.0000e+00  0.0000e+00     0.0000e+00  0.0000e+00     0.0000e+00  0.0000e+00 
6.6945e+03     0.0000e+00  0.0000e+00     0.0000e+00  0.0000e+00     0.0000e+00  0.0000e+00     0.0000e+00  0.0000e+00 
7.5114e+03     0.0000e+00  0.0000e+00     0.0000e+00  0.0000e+00     0.0000e+00  0.0000e+00     0.0000e+00  0.0000e+00 
8.4279e+03     0.0000e+00  0.0000e+00     0.0000e+00  0.0000e+00     0.0000e+00  0.0000e+00     0.0000e+00  0.0000e+00 
9.4563e+03     0.0000e+00  0.0000e+00     0.0000e+00  0.0000e+00     0.0000e+00  0.0000e+00     0.0000e+00  0.0000e+00 
