yF = 9.8467e-01 (std: 2.3421e-03) keV/um
yD = 2.2322e+00 (std: 3.0232e-01) keV/um
y (keV/um)     f(y)(std)                  yf(y)(std)                 d(y)(std)                  yd(y)(std)  
1.0610e-03     0.0000e+00  0.0000e+00     0.0000e+00  0.0000e+00     0.0000e+00  0.0000e+00     0.0000e+00  0.0000e+00 
1.1905e-03     0.0000e+00  0.0000e+00     0.0000e+00  0.0000e+00     0.0000e+00  0.0000e+00     0.0000e+00  0.0000e+00 
1.3357e-03     0.0000e+00  0.0000e+00     0.0000e+00  0.0000e+00     0.0000e+00  0.0000e+00     0.0000e+00  0.0000e+00 
1.4987e-03     1.7441e-02  8.1553e-03     2.6139e-05  1.2223e-05     2.6546e-05  1.2413e-05     3.9785e-08  1.8603e-08 
1.6816e-03     2.0726e-02  9.4029e-03     3.4852e-05  1.5812e-05     3.5394e-05  1.6058e-05     5.9519e-08  2.7003e-08 
1.8868e-03     9.2359e-03  4.3106e-03     1.7426e-05  8.1331e-06     1.7697e-05  8.2598e-06     3.3391e-08  1.5584e-08 
2.1170e-03     8.2315e-03  6.6806e-03     1.7426e-05  1.4143e-05     1.7697e-05  1.4363e-05     3.7465e-08  3.0406e-08 
2.3753e-03     0.0000e+00  0.0000e+00     0.0000e+00  0.0000e+00     0.0000e+00  0.0000e+00     0.0000e+00  0.0000e+00 
2.6651e-03     0.0000e+00  0.0000e+00     0.0000e+00  0.0000e+00     0.0000e+00  0.0000e+00     0.0000e+00  0.0000e+00 
2.9903e-03     5.8275e-03  1.1062e-02     1.7426e-05  3.3080e-05     1.7697e-05  3.3594e-05     5.2921e-08  1.0046e-07 
3.3552e-03     1.0387e-02  7.2010e-03     3.4852e-05  2.4161e-05     3.5394e-05  2.4537e-05     1.1876e-07  8.2327e-08 
3.7646e-03     9.2578e-03  5.9400e-03     3.4852e-05  2.2362e-05     3.5394e-05  2.2710e-05     1.3325e-07  8.5494e-08 
4.2240e-03     8.2510e-03  3.8844e-03     3.4852e-05  1.6407e-05     3.5394e-05  1.6663e-05     1.4950e-07  7.0383e-08 
4.7394e-03     9.1922e-03  1.9865e-02     4.3565e-05  9.4146e-05     4.4243e-05  9.5611e-05     2.0968e-07  4.5313e-07 
5.3176e-03     4.9155e-03  2.8360e-03     2.6139e-05  1.5081e-05     2.6546e-05  1.5316e-05     1.4116e-07  8.1443e-08 
5.9665e-03     1.0222e-02  6.1100e-03     6.0991e-05  3.6455e-05     6.1940e-05  3.7023e-05     3.6957e-07  2.2090e-07 
6.6945e-03     7.8091e-03  2.7965e-03     5.2278e-05  1.8721e-05     5.3092e-05  1.9013e-05     3.5542e-07  1.2728e-07 
7.5114e-03     1.2760e-02  3.4054e-03     9.5843e-05  2.5579e-05     9.7335e-05  2.5978e-05     7.3112e-07  1.9513e-07 
8.4279e-03     1.4474e-02  5.3810e-03     1.2198e-04  4.5351e-05     1.2388e-04  4.6057e-05     1.0441e-06  3.8817e-07 
9.4563e-03     1.3821e-02  5.8980e-03     1.3070e-04  5.5773e-05     1.3273e-04  5.6642e-05     1.2551e-06  5.3562e-07 
1.0610e-02     1.2318e-02  2.9156e-03     1.3070e-04  3.0935e-05     1.3273e-04  3.1418e-05     1.4083e-06  3.3334e-07 
1.1905e-02     1.4638e-02  4.2515e-03     1.7426e-04  5.0613e-05     1.7697e-04  5.1403e-05     2.1068e-06  6.1193e-07 
1.3357e-02     1.1741e-02  2.7586e-03     1.5683e-04  3.6847e-05     1.5928e-04  3.7422e-05     2.1275e-06  4.9986e-07 
1.4987e-02     1.6860e-02  3.1819e-03     2.5268e-04  4.7688e-05     2.5661e-04  4.8434e-05     3.8459e-06  7.2589e-07 
1.6816e-02     2.4353e-02  4.0138e-03     4.0951e-04  6.7496e-05     4.1589e-04  6.8554e-05     6.9935e-06  1.1528e-06 
1.8868e-02     3.0017e-02  5.3030e-03     5.6635e-04  1.0005e-04     5.7516e-04  1.0162e-04     1.0852e-05  1.9174e-06 
2.1170e-02     1.9344e-02  3.2308e-03     4.0951e-04  6.8396e-05     4.1589e-04  6.9467e-05     8.8043e-06  1.4706e-06 
2.3753e-02     2.9345e-02  4.6210e-03     6.9704e-04  1.0976e-04     7.0789e-04  1.1148e-04     1.6815e-05  2.6481e-06 
2.6651e-02     3.0731e-02  7.8039e-03     8.1902e-04  2.0798e-04     8.3177e-04  2.1123e-04     2.2168e-05  5.6296e-06 
2.9903e-02     3.4673e-02  7.6335e-03     1.0368e-03  2.2827e-04     1.0530e-03  2.3183e-04     3.1488e-05  6.9326e-06 
3.3552e-02     3.5837e-02  5.7210e-03     1.2024e-03  1.9195e-04     1.2211e-03  1.9496e-04     4.0971e-05  6.5414e-06 
3.7646e-02     4.4206e-02  3.8691e-03     1.6642e-03  1.4566e-04     1.6901e-03  1.4798e-04     6.3625e-05  5.5708e-06 
4.2240e-02     4.5174e-02  4.1401e-03     1.9081e-03  1.7487e-04     1.9378e-03  1.7766e-04     8.1854e-05  7.5041e-06 
4.7394e-02     5.6072e-02  6.6526e-03     2.6575e-03  3.1529e-04     2.6988e-03  3.2026e-04     1.2791e-04  1.5178e-05 
5.3176e-02     6.4393e-02  4.9075e-03     3.4242e-03  2.6096e-04     3.4775e-03  2.6515e-04     1.8492e-04  1.4100e-05 
5.9665e-02     7.5353e-02  4.1692e-03     4.4959e-03  2.4875e-04     4.5659e-03  2.5286e-04     2.7242e-04  1.5087e-05 
6.6945e-02     8.1865e-02  5.0663e-03     5.4805e-03  3.3917e-04     5.5658e-03  3.4470e-04     3.7260e-04  2.3076e-05 
7.5114e-02     9.6858e-02  5.7993e-03     7.2754e-03  4.3561e-04     7.3886e-03  4.4274e-04     5.5498e-04  3.3256e-05 
8.4279e-02     1.1124e-01  6.3986e-03     9.3752e-03  5.3926e-04     9.5211e-03  5.4813e-04     8.0243e-04  4.6195e-05 
9.4563e-02     1.3112e-01  3.6754e-03     1.2399e-02  3.4756e-04     1.2592e-02  3.5424e-04     1.1907e-03  3.3498e-05 
1.0610e-01     1.3714e-01  3.4140e-03     1.4551e-02  3.6223e-04     1.4777e-02  3.6954e-04     1.5679e-03  3.9208e-05 
1.1905e-01     1.5267e-01  6.5507e-03     1.8175e-02  7.7984e-04     1.8458e-02  7.9319e-04     2.1974e-03  9.4428e-05 
1.3357e-01     1.7156e-01  2.8695e-03     2.2915e-02  3.8329e-04     2.3272e-02  3.9318e-04     3.1085e-03  5.2518e-05 
1.4987e-01     1.8656e-01  8.4530e-03     2.7960e-02  1.2669e-03     2.8395e-02  1.2884e-03     4.2556e-03  1.9309e-04 
1.6816e-01     2.0746e-01  4.1556e-03     3.4887e-02  6.9880e-04     3.5430e-02  7.1466e-04     5.9578e-03  1.2018e-04 
1.8868e-01     2.2919e-01  2.8696e-03     4.3243e-02  5.4143e-04     4.3916e-02  5.5969e-04     8.2859e-03  1.0560e-04 
2.1170e-01     2.5958e-01  4.4391e-03     5.4953e-02  9.3976e-04     5.5808e-02  9.6357e-04     1.1815e-02  2.0399e-04 
2.3753e-01     2.8469e-01  8.0117e-03     6.7622e-02  1.9030e-03     6.8674e-02  1.9395e-03     1.6312e-02  4.6070e-04 
2.6651e-01     3.1382e-01  5.8078e-03     8.3636e-02  1.5479e-03     8.4938e-02  1.5849e-03     2.2637e-02  4.2239e-04 
2.9903e-01     3.4376e-01  4.8632e-03     1.0280e-01  1.4543e-03     1.0440e-01  1.4976e-03     3.1218e-02  4.4784e-04 
3.3552e-01     3.9262e-01  3.8496e-03     1.3173e-01  1.2916e-03     1.3378e-01  1.3498e-03     4.4887e-02  4.5288e-04 
3.7646e-01     4.3111e-01  6.9007e-03     1.6230e-01  2.5978e-03     1.6482e-01  2.6672e-03     6.2049e-02  1.0041e-03 
4.2240e-01     4.8298e-01  6.6994e-03     2.0401e-01  2.8298e-03     2.0718e-01  2.9158e-03     8.7513e-02  1.2316e-03 
4.7394e-01     5.3993e-01  5.1403e-03     2.5589e-01  2.4362e-03     2.5988e-01  2.5501e-03     1.2316e-01  1.2086e-03 
5.3176e-01     6.0592e-01  3.6858e-03     3.2221e-01  1.9600e-03     3.2722e-01  2.1373e-03     1.7400e-01  1.1365e-03 
5.9665e-01     6.8946e-01  3.4490e-03     4.1137e-01  2.0578e-03     4.1777e-01  2.3141e-03     2.4926e-01  1.3807e-03 
6.6945e-01     7.8441e-01  5.9627e-03     5.2512e-01  3.9917e-03     5.3330e-01  4.2477e-03     3.5702e-01  2.8436e-03 
7.5114e-01     9.1006e-01  5.4370e-03     6.8358e-01  4.0839e-03     6.9422e-01  4.4641e-03     5.2145e-01  3.3531e-03 
8.4279e-01     1.0420e+00  3.6969e-03     8.7818e-01  3.1157e-03     8.9184e-01  3.8094e-03     7.5164e-01  3.2105e-03 
9.4563e-01     1.0954e+00  3.5345e-03     1.0358e+00  3.3423e-03     1.0519e+00  4.2168e-03     9.9472e-01  3.9875e-03 
1.0610e+00     9.3871e-01  4.7172e-03     9.9598e-01  5.0050e-03     1.0115e+00  5.6235e-03     1.0732e+00  5.9666e-03 
1.1905e+00     6.5247e-01  4.7533e-03     7.7675e-01  5.6586e-03     7.8884e-01  6.0452e-03     9.3909e-01  7.1967e-03 
1.3357e+00     4.1055e-01  3.1718e-03     5.4838e-01  4.2367e-03     5.5691e-01  4.5019e-03     7.4389e-01  6.0133e-03 
1.4987e+00     2.5742e-01  2.3498e-03     3.8580e-01  3.5217e-03     3.9181e-01  3.6959e-03     5.8721e-01  5.5392e-03 
1.6816e+00     1.6180e-01  1.8580e-03     2.7208e-01  3.1243e-03     2.7632e-01  3.2403e-03     4.6465e-01  5.4488e-03 
1.8868e+00     1.0175e-01  1.1106e-03     1.9197e-01  2.0955e-03     1.9496e-01  2.1780e-03     3.6785e-01  4.1095e-03 
2.1170e+00     6.5947e-02  1.1170e-03     1.3961e-01  2.3647e-03     1.4178e-01  2.4250e-03     3.0015e-01  5.1338e-03 
2.3753e+00     4.0812e-02  1.5136e-03     9.6941e-02  3.5952e-03     9.8450e-02  3.6587e-03     2.3385e-01  8.6905e-03 
2.6651e+00     2.4372e-02  3.3849e-04     6.4956e-02  9.0213e-04     6.5966e-02  9.2951e-04     1.7581e-01  2.4773e-03 
2.9903e+00     1.4059e-02  3.0210e-04     4.2040e-02  9.0338e-04     4.2695e-02  9.2304e-04     1.2767e-01  2.7602e-03 
3.3552e+00     7.1777e-03  2.5252e-04     2.4083e-02  8.4725e-04     2.4458e-02  8.6240e-04     8.2060e-02  2.8935e-03 
3.7646e+00     3.1083e-03  1.1492e-04     1.1702e-02  4.3261e-04     1.1884e-02  4.4025e-04     4.4737e-02  1.6574e-03 
4.2240e+00     1.3573e-03  5.9274e-05     5.7332e-03  2.5037e-04     5.8224e-03  2.5465e-04     2.4594e-02  1.0756e-03 
4.7394e+00     4.2284e-04  6.2600e-05     2.0040e-03  2.9669e-04     2.0352e-03  3.0134e-04     9.6455e-03  1.4282e-03 
5.3176e+00     1.1633e-04  3.0922e-05     6.1862e-04  1.6443e-04     6.2825e-04  1.6700e-04     3.3408e-03  8.8803e-04 
5.9665e+00     3.3587e-05  8.3322e-06     2.0040e-04  4.9714e-05     2.0352e-04  5.0490e-05     1.2143e-03  3.0125e-04 
6.6945e+00     9.1106e-06  2.7815e-06     6.0991e-05  1.8621e-05     6.1940e-05  1.8911e-05     4.1466e-04  1.2660e-04 
7.5114e+00     0.0000e+00  0.0000e+00     0.0000e+00  0.0000e+00     0.0000e+00  0.0000e+00     0.0000e+00  0.0000e+00 
8.4279e+00     1.0338e-06  1.0398e-06     8.7130e-06  8.7636e-06     8.8486e-06  8.9000e-06     7.4575e-05  7.5008e-05 
9.4563e+00     9.2140e-07  4.8798e-07     8.7130e-06  4.6144e-06     8.8486e-06  4.6863e-06     8.3675e-05  4.4315e-05 
1.0610e+01     1.6424e-06  1.1787e-06     1.7426e-05  1.2506e-05     1.7697e-05  1.2701e-05     1.8777e-04  1.3475e-04 
1.1905e+01     7.3190e-07  2.0699e-07     8.7130e-06  2.4642e-06     8.8486e-06  2.5027e-06     1.0534e-04  2.9793e-05 
1.3357e+01     1.3046e-06  7.4315e-07     1.7426e-05  9.9265e-06     1.7697e-05  1.0081e-05     2.3639e-04  1.3466e-04 
1.4987e+01     5.8137e-07  6.2615e-07     8.7130e-06  9.3842e-06     8.8486e-06  9.5303e-06     1.3262e-04  1.4283e-04 
1.6816e+01     5.1814e-07  5.2115e-07     8.7130e-06  8.7636e-06     8.8486e-06  8.9000e-06     1.4880e-04  1.4966e-04 
1.8868e+01     4.6179e-07  7.9988e-08     8.7130e-06  1.5092e-06     8.8486e-06  1.5328e-06     1.6695e-04  2.8921e-05 
2.1170e+01     4.1158e-07  2.6516e-07     8.7130e-06  5.6135e-06     8.8486e-06  5.7009e-06     1.8732e-04  1.2069e-04 
2.3753e+01     0.0000e+00  0.0000e+00     0.0000e+00  0.0000e+00     0.0000e+00  0.0000e+00     0.0000e+00  0.0000e+00 
2.6651e+01     6.5385e-07  6.0351e-07     1.7426e-05  1.6084e-05     1.7697e-05  1.6335e-05     4.7166e-04  4.3535e-04 
2.9903e+01     2.9137e-07  2.0218e-07     8.7130e-06  6.0460e-06     8.8486e-06  6.1401e-06     2.6460e-04  1.8361e-04 
3.3552e+01     2.5969e-07  1.5855e-07     8.7130e-06  5.3197e-06     8.8486e-06  5.4025e-06     2.9689e-04  1.8127e-04 
3.7646e+01     2.3145e-07  4.0274e-07     8.7130e-06  1.5161e-05     8.8486e-06  1.5397e-05     3.3312e-04  5.7965e-04 
4.2240e+01     6.1883e-07  3.7014e-07     2.6139e-05  1.5635e-05     2.6546e-05  1.5878e-05     1.1213e-03  6.7068e-04 
4.7394e+01     1.8384e-07  1.8120e-07     8.7130e-06  8.5876e-06     8.8486e-06  8.7213e-06     4.1937e-04  4.1333e-04 
5.3176e+01     1.6385e-07  1.2784e-07     8.7130e-06  6.7980e-06     8.8486e-06  6.9038e-06     4.7054e-04  3.6712e-04 
5.9665e+01     1.4603e-07  2.0553e-07     8.7130e-06  1.2263e-05     8.8486e-06  1.2454e-05     5.2795e-04  7.4305e-04 
6.6945e+01     0.0000e+00  0.0000e+00     0.0000e+00  0.0000e+00     0.0000e+00  0.0000e+00     0.0000e+00  0.0000e+00 
7.5114e+01     0.0000e+00  0.0000e+00     0.0000e+00  0.0000e+00     0.0000e+00  0.0000e+00     0.0000e+00  0.0000e+00 
8.4279e+01     7.2368e-07  2.8903e-07     6.0991e-05  2.4359e-05     6.1940e-05  2.4738e-05     5.2203e-03  2.0849e-03 
9.4563e+01     9.2140e-08  6.5467e-08     8.7130e-06  6.1907e-06     8.8486e-06  6.2871e-06     8.3675e-04  5.9452e-04 
1.0610e+02     0.0000e+00  0.0000e+00     0.0000e+00  0.0000e+00     0.0000e+00  0.0000e+00     0.0000e+00  0.0000e+00 
1.1905e+02     7.3190e-08  6.3234e-08     8.7130e-06  7.5278e-06     8.8486e-06  7.6450e-06     1.0534e-03  9.1012e-04 
1.3357e+02     6.5230e-08  5.0294e-08     8.7130e-06  6.7179e-06     8.8486e-06  6.8225e-06     1.1819e-03  9.1130e-04 
1.4987e+02     5.8137e-08  2.9660e-08     8.7130e-06  4.4452e-06     8.8486e-06  4.5144e-06     1.3262e-03  6.7658e-04 
1.6816e+02     1.0363e-07  7.9476e-08     1.7426e-05  1.3365e-05     1.7697e-05  1.3573e-05     2.9759e-03  2.2824e-03 
1.8868e+02     0.0000e+00  0.0000e+00     0.0000e+00  0.0000e+00     0.0000e+00  0.0000e+00     0.0000e+00  0.0000e+00 
2.1170e+02     4.1158e-08  1.5398e-08     8.7130e-06  3.2596e-06     8.8486e-06  3.3104e-06     1.8732e-03  7.0082e-04 
2.3753e+02     7.3363e-08  5.0327e-08     1.7426e-05  1.1954e-05     1.7697e-05  1.2140e-05     4.2036e-03  2.8837e-03 
2.6651e+02     3.2693e-08  4.6237e-09     8.7130e-06  1.2323e-06     8.8486e-06  1.2516e-06     2.3583e-03  3.3358e-04 
2.9903e+02     0.0000e+00  0.0000e+00     0.0000e+00  0.0000e+00     0.0000e+00  0.0000e+00     0.0000e+00  0.0000e+00 
3.3552e+02     5.1937e-08  5.7004e-08     1.7426e-05  1.9126e-05     1.7697e-05  1.9424e-05     5.9378e-03  6.5170e-03 
3.7646e+02     2.3145e-08  1.2035e-08     8.7130e-06  4.5305e-06     8.8486e-06  4.6011e-06     3.3312e-03  1.7321e-03 
4.2240e+02     2.0628e-08  1.2944e-08     8.7130e-06  5.4676e-06     8.8486e-06  5.5527e-06     3.7376e-03  2.3454e-03 
4.7394e+02     0.0000e+00  0.0000e+00     0.0000e+00  0.0000e+00     0.0000e+00  0.0000e+00     0.0000e+00  0.0000e+00 
5.3176e+02     0.0000e+00  0.0000e+00     0.0000e+00  0.0000e+00     0.0000e+00  0.0000e+00     0.0000e+00  0.0000e+00 
5.9665e+02     0.0000e+00  0.0000e+00     0.0000e+00  0.0000e+00     0.0000e+00  0.0000e+00     0.0000e+00  0.0000e+00 
6.6945e+02     0.0000e+00  0.0000e+00     0.0000e+00  0.0000e+00     0.0000e+00  0.0000e+00     0.0000e+00  0.0000e+00 
7.5114e+02     0.0000e+00  0.0000e+00     0.0000e+00  0.0000e+00     0.0000e+00  0.0000e+00     0.0000e+00  0.0000e+00 
8.4279e+02     0.0000e+00  0.0000e+00     0.0000e+00  0.0000e+00     0.0000e+00  0.0000e+00     0.0000e+00  0.0000e+00 
9.4563e+02     0.0000e+00  0.0000e+00     0.0000e+00  0.0000e+00     0.0000e+00  0.0000e+00     0.0000e+00  0.0000e+00 
1.0610e+03     0.0000e+00  0.0000e+00     0.0000e+00  0.0000e+00     0.0000e+00  0.0000e+00     0.0000e+00  0.0000e+00 
1.1905e+03     0.0000e+00  0.0000e+00     0.0000e+00  0.0000e+00     0.0000e+00  0.0000e+00     0.0000e+00  0.0000e+00 
1.3357e+03     0.0000e+00  0.0000e+00     0.0000e+00  0.0000e+00     0.0000e+00  0.0000e+00     0.0000e+00  0.0000e+00 
1.4987e+03     0.0000e+00  0.0000e+00     0.0000e+00  0.0000e+00     0.0000e+00  0.0000e+00     0.0000e+00  0.0000e+00 
1.6816e+03     0.0000e+00  0.0000e+00     0.0000e+00  0.0000e+00     0.0000e+00  0.0000e+00     0.0000e+00  0.0000e+00 
1.8868e+03     0.0000e+00  0.0000e+00     0.0000e+00  0.0000e+00     0.0000e+00  0.0000e+00     0.0000e+00  0.0000e+00 
2.1170e+03     0.0000e+00  0.0000e+00     0.0000e+00  0.0000e+00     0.0000e+00  0.0000e+00     0.0000e+00  0.0000e+00 
2.3753e+03     0.0000e+00  0.0000e+00     0.0000e+00  0.0000e+00     0.0000e+00  0.0000e+00     0.0000e+00  0.0000e+00 
2.6651e+03     0.0000e+00  0.0000e+00     0.0000e+00  0.0000e+00     0.0000e+00  0.0000e+00     0.0000e+00  0.0000e+00 
2.9903e+03     0.0000e+00  0.0000e+00     0.0000e+00  0.0000e+00     0.0000e+00  0.0000e+00     0.0000e+00  0.0000e+00 
3.3552e+03     0.0000e+00  0.0000e+00     0.0000e+00  0.0000e+00     0.0000e+00  0.0000e+00     0.0000e+00  0.0000e+00 
3.7646e+03     0.0000e+00  0.0000e+00     0.0000e+00  0.0000e+00     0.0000e+00  0.0000e+00     0.0000e+00  0.0000e+00 
4.2240e+03     0.0000e+00  0.0000e+00     0.0000e+00  0.0000e+00     0.0000e+00  0.0000e+00     0.0000e+00  0.0000e+00 
4.7394e+03     0.0000e+00  0.0000e+00     0.0000e+00  0.0000e+00     0.0000e+00  0.0000e+00     0.0000e+00  0.0000e+00 
5.3176e+03     0.0000e+00  0.0000e+00     0.0000e+00  0.0000e+00     0.0000e+00  0.0000e+00     0.0000e+00  0.0000e+00 
5.9665e+03     0.0000e+00  0.0000e+00     0.0000e+00  0.0000e+00     0.0000e+00  0.0000e+00     0.0000e+00  0.0000e+00 
6.6945e+03     0.0000e+00  0.0000e+00     0.0000e+00  0.0000e+00     0.0000e+00  0.0000e+00     0.0000e+00  0.0000e+00 
7.5114e+03     0.0000e+00  0.0000e+00     0.0000e+00  0.0000e+00     0.0000e+00  0.0000e+00     0.0000e+00  0.0000e+00 
8.4279e+03     0.0000e+00  0.0000e+00     0.0000e+00  0.0000e+00     0.0000e+00  0.0000e+00     0.0000e+00  0.0000e+00 
9.4563e+03     0.0000e+00  0.0000e+00     0.0000e+00  0.0000e+00     0.0000e+00  0.0000e+00     0.0000e+00  0.0000e+00 
