yF = 9.0214e-01 (std: 2.9004e-03) keV/um
yD = 3.5617e+00 (std: 1.4214e+00) keV/um
y (keV/um)     f(y)(std)                  yf(y)(std)                 d(y)(std)                  yd(y)(std)  
1.0610e-03     0.0000e+00  0.0000e+00     0.0000e+00  0.0000e+00     0.0000e+00  0.0000e+00     0.0000e+00  0.0000e+00 
1.1905e-03     0.0000e+00  0.0000e+00     0.0000e+00  0.0000e+00     0.0000e+00  0.0000e+00     0.0000e+00  0.0000e+00 
1.3357e-03     0.0000e+00  0.0000e+00     0.0000e+00  0.0000e+00     0.0000e+00  0.0000e+00     0.0000e+00  0.0000e+00 
1.4987e-03     2.9064e-02  1.0642e-02     4.3558e-05  1.5949e-05     4.8283e-05  1.7679e-05     7.2363e-08  2.6497e-08 
1.6816e-03     2.5903e-02  8.9236e-03     4.3558e-05  1.5006e-05     4.8283e-05  1.6634e-05     8.1193e-08  2.7972e-08 
1.8868e-03     4.6173e-03  1.5739e-02     8.7117e-06  2.9696e-05     9.6567e-06  3.2917e-05     1.8220e-08  6.2106e-08 
2.1170e-03     1.2345e-02  7.2300e-03     2.6135e-05  1.5306e-05     2.8970e-05  1.6966e-05     6.1329e-08  3.5918e-08 
2.3753e-03     3.6676e-03  1.1001e-03     8.7117e-06  2.6131e-06     9.6567e-06  2.8967e-06     2.2937e-08  6.8806e-09 
2.6651e-03     0.0000e+00  0.0000e+00     0.0000e+00  0.0000e+00     0.0000e+00  0.0000e+00     0.0000e+00  0.0000e+00 
2.9903e-03     1.7480e-02  7.6210e-03     5.2270e-05  2.2789e-05     5.7940e-05  2.5262e-05     1.7326e-07  7.5542e-08 
3.3552e-03     7.7894e-03  3.0847e-03     2.6135e-05  1.0350e-05     2.8970e-05  1.1473e-05     9.7200e-08  3.8494e-08 
3.7646e-03     1.6199e-02  9.4929e-03     6.0982e-05  3.5737e-05     6.7597e-05  3.9614e-05     2.5447e-07  1.4913e-07 
4.2240e-03     2.6812e-02  7.8219e-03     1.1325e-04  3.3039e-05     1.2554e-04  3.6625e-05     5.3026e-07  1.5470e-07 
4.7394e-03     7.3526e-03  2.6920e-03     3.4847e-05  1.2758e-05     3.8627e-05  1.4143e-05     1.8307e-07  6.7028e-08 
5.3176e-03     1.6383e-02  7.4423e-03     8.7117e-05  3.9576e-05     9.6567e-05  4.3870e-05     5.1351e-07  2.3328e-07 
5.9665e-03     5.8404e-03  2.8434e-03     3.4847e-05  1.6965e-05     3.8627e-05  1.8806e-05     2.3047e-07  1.1220e-07 
6.6945e-03     1.0411e-02  4.2529e-03     6.9694e-05  2.8471e-05     7.7253e-05  3.1561e-05     5.1717e-07  2.1128e-07 
7.5114e-03     1.0438e-02  3.9405e-03     7.8405e-05  2.9599e-05     8.6910e-05  3.2811e-05     6.5281e-07  2.4645e-07 
8.4279e-03     1.1370e-02  4.7833e-03     9.5829e-05  4.0313e-05     1.0622e-04  4.4687e-05     8.9524e-07  3.7662e-07 
9.4563e-03     1.5661e-02  8.9364e-03     1.4810e-04  8.4505e-05     1.6416e-04  9.3673e-05     1.5524e-06  8.8579e-07 
1.0610e-02     1.4779e-02  3.9627e-03     1.5681e-04  4.2044e-05     1.7382e-04  4.6608e-05     1.8442e-06  4.9452e-07 
1.1905e-02     1.5367e-02  3.9318e-03     1.8295e-04  4.6807e-05     2.0279e-04  5.1888e-05     2.4142e-06  6.1771e-07 
1.3357e-02     1.8262e-02  3.4678e-03     2.4393e-04  4.6320e-05     2.7039e-04  5.1352e-05     3.6116e-06  6.8592e-07 
1.4987e-02     2.2670e-02  1.7741e-02     3.3976e-04  2.6589e-04     3.7661e-04  2.9474e-04     5.6443e-06  4.4173e-06 
1.6816e-02     2.3831e-02  5.0527e-03     4.0074e-04  8.4965e-05     4.4421e-04  9.4192e-05     7.4697e-06  1.5839e-06 
1.8868e-02     2.5857e-02  2.7301e-03     4.8785e-04  5.1511e-05     5.4077e-04  5.7125e-05     1.0203e-05  1.0778e-06 
2.1170e-02     3.1686e-02  6.3376e-03     6.7080e-04  1.3417e-04     7.4356e-04  1.4874e-04     1.5741e-05  3.1488e-06 
2.3753e-02     3.4476e-02  5.3387e-03     8.1890e-04  1.2681e-04     9.0773e-04  1.4060e-04     2.1561e-05  3.3396e-06 
2.6651e-02     3.7918e-02  9.4737e-03     1.0106e-03  2.5249e-04     1.1202e-03  2.7990e-04     2.9854e-05  7.4597e-06 
2.9903e-02     4.0495e-02  4.3119e-03     1.2109e-03  1.2894e-04     1.3423e-03  1.4299e-04     4.0138e-05  4.2759e-06 
3.3552e-02     4.5698e-02  4.4960e-03     1.5333e-03  1.5085e-04     1.6996e-03  1.6730e-04     5.7024e-05  5.6133e-06 
3.7646e-02     5.8084e-02  7.6943e-03     2.1866e-03  2.8966e-04     2.4238e-03  3.2117e-04     9.1247e-05  1.2091e-05 
4.2240e-02     5.5686e-02  6.1164e-03     2.3522e-03  2.5835e-04     2.6073e-03  2.8650e-04     1.1013e-04  1.2102e-05 
4.7394e-02     7.1872e-02  3.8184e-03     3.4063e-03  1.8097e-04     3.7758e-03  2.0096e-04     1.7895e-04  9.5243e-06 
5.3176e-02     9.2070e-02  4.9121e-03     4.8960e-03  2.6121e-04     5.4270e-03  2.9006e-04     2.8859e-04  1.5425e-05 
5.9665e-02     8.8628e-02  3.5865e-03     5.2880e-03  2.1399e-04     5.8616e-03  2.3794e-04     3.4973e-04  1.4197e-05 
6.6945e-02     1.0918e-01  4.7247e-03     7.3091e-03  3.1630e-04     8.1019e-03  3.5157e-04     5.4239e-04  2.3536e-05 
7.5114e-02     1.1749e-01  1.2029e-02     8.8249e-03  9.0356e-04     9.7822e-03  1.0021e-03     7.3478e-04  7.5269e-05 
8.4279e-02     1.3283e-01  1.1163e-02     1.1195e-02  9.4083e-04     1.2409e-02  1.0436e-03     1.0458e-03  8.7957e-05 
9.4563e-02     1.5450e-01  3.1888e-03     1.4610e-02  3.0154e-04     1.6194e-02  3.3828e-04     1.5314e-03  3.1989e-05 
1.0610e-01     1.7128e-01  8.0878e-03     1.8173e-02  8.5812e-04     2.0144e-02  9.5340e-04     2.1373e-03  1.0116e-04 
1.1905e-01     1.8587e-01  4.2134e-03     2.2128e-02  5.0159e-04     2.4528e-02  5.6157e-04     2.9200e-03  6.6853e-05 
1.3357e-01     2.0655e-01  3.6130e-03     2.7590e-02  4.8260e-04     3.0583e-02  5.4391e-04     4.0850e-03  7.2652e-05 
1.4987e-01     2.3257e-01  8.5232e-03     3.4855e-02  1.2774e-03     3.8636e-02  1.4214e-03     5.7905e-03  2.1302e-04 
1.6816e-01     2.5199e-01  3.7987e-03     4.2374e-02  6.3879e-04     4.6970e-02  7.2401e-04     7.8984e-03  1.2175e-04 
1.8868e-01     2.8378e-01  5.0699e-03     5.3542e-02  9.5658e-04     5.9350e-02  1.0774e-03     1.1198e-02  2.0328e-04 
2.1170e-01     3.0283e-01  9.0226e-03     6.4109e-02  1.9101e-03     7.1063e-02  2.1295e-03     1.5044e-02  4.5082e-04 
2.3753e-01     3.4391e-01  3.2872e-03     8.1690e-02  7.8081e-04     9.0550e-02  9.1315e-04     2.1508e-02  2.1690e-04 
2.6651e-01     3.7728e-01  1.0675e-02     1.0055e-01  2.8449e-03     1.1146e-01  3.1738e-03     2.9705e-02  8.4586e-04 
2.9903e-01     4.1462e-01  8.7175e-03     1.2398e-01  2.6068e-03     1.3743e-01  2.9232e-03     4.1097e-02  8.7413e-04 
3.3552e-01     4.6370e-01  8.2191e-03     1.5558e-01  2.7577e-03     1.7246e-01  3.1067e-03     5.7863e-02  1.0424e-03 
3.7646e-01     5.1593e-01  5.0396e-03     1.9423e-01  1.8972e-03     2.1530e-01  2.2140e-03     8.1050e-02  8.3347e-04 
4.2240e-01     5.8250e-01  5.3341e-03     2.4604e-01  2.2531e-03     2.7273e-01  2.6469e-03     1.1520e-01  1.1181e-03 
4.7394e-01     6.6404e-01  8.9746e-03     3.1471e-01  4.2534e-03     3.4885e-01  4.8463e-03     1.6533e-01  2.2968e-03 
5.3176e-01     7.4597e-01  5.4088e-03     3.9668e-01  2.8762e-03     4.3971e-01  3.4875e-03     2.3382e-01  1.8545e-03 
5.9665e-01     8.4073e-01  6.6864e-03     5.0162e-01  3.9894e-03     5.5603e-01  4.7698e-03     3.3176e-01  2.8459e-03 
6.6945e-01     9.7566e-01  5.4968e-03     6.5316e-01  3.6799e-03     7.2401e-01  4.6964e-03     4.8469e-01  3.1440e-03 
7.5114e-01     1.1245e+00  8.4591e-03     8.4468e-01  6.3539e-03     9.3630e-01  7.6595e-03     7.0329e-01  5.7533e-03 
8.4279e-01     1.2068e+00  4.0456e-03     1.0171e+00  3.4096e-03     1.1274e+00  5.2367e-03     9.5020e-01  4.4134e-03 
9.4563e-01     1.0658e+00  5.3930e-03     1.0078e+00  5.0998e-03     1.1172e+00  6.6975e-03     1.0564e+00  6.3333e-03 
1.0610e+00     7.6444e-01  4.0420e-03     8.1108e-01  4.2885e-03     8.9905e-01  5.5635e-03     9.5390e-01  5.9029e-03 
1.1905e+00     4.8356e-01  3.1508e-03     5.7567e-01  3.7509e-03     6.3811e-01  4.6364e-03     7.5965e-01  5.5195e-03 
1.3357e+00     3.0095e-01  1.9623e-03     4.0199e-01  2.6210e-03     4.4560e-01  3.2394e-03     5.9520e-01  4.3269e-03 
1.4987e+00     1.9158e-01  1.7718e-03     2.8712e-01  2.6555e-03     3.1826e-01  3.1163e-03     4.7699e-01  4.6704e-03 
1.6816e+00     1.2255e-01  8.1576e-04     2.0608e-01  1.3718e-03     2.2844e-01  1.6886e-03     3.8414e-01  2.8396e-03 
1.8868e+00     7.9638e-02  9.0912e-04     1.5026e-01  1.7153e-03     1.6656e-01  1.9753e-03     3.1426e-01  3.7270e-03 
2.1170e+00     4.9863e-02  4.9479e-04     1.0556e-01  1.0475e-03     1.1701e-01  1.2205e-03     2.4771e-01  2.5838e-03 
2.3753e+00     3.1545e-02  5.8880e-04     7.4929e-02  1.3986e-03     8.3057e-02  1.5731e-03     1.9729e-01  3.7366e-03 
2.6651e+00     1.9005e-02  3.2640e-04     5.0650e-02  8.6990e-04     5.6144e-02  9.8101e-04     1.4963e-01  2.6145e-03 
2.9903e+00     1.0537e-02  4.3589e-04     3.1510e-02  1.3034e-03     3.4928e-02  1.4492e-03     1.0445e-01  4.3335e-03 
3.3552e+00     5.2319e-03  1.1824e-04     1.7554e-02  3.9672e-04     1.9458e-02  4.4418e-04     6.5286e-02  1.4903e-03 
3.7646e+00     2.2077e-03  1.1627e-04     8.3110e-03  4.3769e-04     9.2125e-03  4.8607e-04     3.4681e-02  1.8299e-03 
4.2240e+00     8.3942e-04  5.3373e-05     3.5457e-03  2.2545e-04     3.9303e-03  2.5022e-04     1.6601e-02  1.0569e-03 
4.7394e+00     2.8859e-04  5.4266e-05     1.3677e-03  2.5718e-04     1.5161e-03  2.8512e-04     7.1853e-03  1.3513e-03 
5.3176e+00     9.5019e-05  2.0038e-05     5.0528e-04  1.0655e-04     5.6009e-04  1.1813e-04     2.9783e-03  6.2815e-04 
5.9665e+00     2.9202e-05  8.5398e-06     1.7423e-04  5.0953e-05     1.9313e-04  5.6483e-05     1.1523e-03  3.3701e-04 
6.6945e+00     6.5066e-06  1.3897e-05     4.3558e-05  9.3030e-05     4.8283e-05  1.0312e-04     3.2323e-04  6.9035e-04 
7.5114e+00     5.7990e-06  2.8506e-06     4.3558e-05  2.1412e-05     4.8283e-05  2.3735e-05     3.6267e-04  1.7828e-04 
8.4279e+00     1.0337e-06  6.3107e-07     8.7117e-06  5.3186e-06     9.6567e-06  5.8956e-06     8.1385e-05  4.9687e-05 
9.4563e+00     9.2126e-07  3.7197e-06     8.7117e-06  3.5174e-05     9.6567e-06  3.8989e-05     9.1316e-05  3.6869e-04 
1.0610e+01     3.2843e-06  3.5461e-06     3.4847e-05  3.7624e-05     3.8627e-05  4.1706e-05     4.0983e-04  4.4250e-04 
1.1905e+01     2.1954e-06  1.1159e-06     2.6135e-05  1.3285e-05     2.8970e-05  1.4726e-05     3.4488e-04  1.7531e-04 
1.3357e+01     0.0000e+00  0.0000e+00     0.0000e+00  0.0000e+00     0.0000e+00  0.0000e+00     0.0000e+00  0.0000e+00 
1.4987e+01     0.0000e+00  0.0000e+00     0.0000e+00  0.0000e+00     0.0000e+00  0.0000e+00     0.0000e+00  0.0000e+00 
1.6816e+01     0.0000e+00  0.0000e+00     0.0000e+00  0.0000e+00     0.0000e+00  0.0000e+00     0.0000e+00  0.0000e+00 
1.8868e+01     9.2345e-07  1.1638e-06     1.7423e-05  2.1958e-05     1.9313e-05  2.4340e-05     3.6440e-04  4.5925e-04 
2.1170e+01     4.1151e-07  8.2301e-07     8.7117e-06  1.7423e-05     9.6567e-06  1.9313e-05     2.0443e-04  4.0885e-04 
2.3753e+01     3.6676e-07  2.6986e-07     8.7117e-06  6.4100e-06     9.6567e-06  7.1054e-06     2.2937e-04  1.6877e-04 
2.6651e+01     3.2688e-07  2.6780e-07     8.7117e-06  7.1373e-06     9.6567e-06  7.9115e-06     2.5736e-04  2.1085e-04 
2.9903e+01     2.9133e-07  1.5704e-07     8.7117e-06  4.6961e-06     9.6567e-06  5.2056e-06     2.8877e-04  1.5566e-04 
3.3552e+01     5.1929e-07  2.6898e-07     1.7423e-05  9.0247e-06     1.9313e-05  1.0004e-05     6.4800e-04  3.3565e-04 
3.7646e+01     4.6282e-07  2.4134e-07     1.7423e-05  9.0853e-06     1.9313e-05  1.0071e-05     7.2707e-04  3.7913e-04 
4.2240e+01     2.0625e-07  1.6687e-07     8.7117e-06  7.0485e-06     9.6567e-06  7.8131e-06     4.0789e-04  3.3002e-04 
4.7394e+01     0.0000e+00  0.0000e+00     0.0000e+00  0.0000e+00     0.0000e+00  0.0000e+00     0.0000e+00  0.0000e+00 
5.3176e+01     3.2765e-07  2.2677e-07     1.7423e-05  1.2059e-05     1.9313e-05  1.3367e-05     1.0270e-03  7.1081e-04 
5.9665e+01     1.4601e-07  2.2640e-07     8.7117e-06  1.3508e-05     9.6567e-06  1.4973e-05     5.7616e-04  8.9337e-04 
6.6945e+01     1.3013e-07  2.2643e-07     8.7117e-06  1.5158e-05     9.6567e-06  1.6803e-05     6.4647e-04  1.1249e-03 
7.5114e+01     0.0000e+00  0.0000e+00     0.0000e+00  0.0000e+00     0.0000e+00  0.0000e+00     0.0000e+00  0.0000e+00 
8.4279e+01     3.1010e-07  1.7435e-07     2.6135e-05  1.4694e-05     2.8970e-05  1.6288e-05     2.4416e-03  1.3728e-03 
9.4563e+01     9.2126e-08  1.6030e-07     8.7117e-06  1.5158e-05     9.6567e-06  1.6803e-05     9.1316e-04  1.5889e-03 
1.0610e+02     0.0000e+00  0.0000e+00     0.0000e+00  0.0000e+00     0.0000e+00  0.0000e+00     0.0000e+00  0.0000e+00 
1.1905e+02     0.0000e+00  0.0000e+00     0.0000e+00  0.0000e+00     0.0000e+00  0.0000e+00     0.0000e+00  0.0000e+00 
1.3357e+02     1.3044e-07  3.1694e-07     1.7423e-05  4.2335e-05     1.9313e-05  4.6927e-05     2.5797e-03  6.2682e-03 
1.4987e+02     5.8128e-08  3.6963e-08     8.7117e-06  5.5396e-06     9.6567e-06  6.1406e-06     1.4473e-03  9.2030e-04 
1.6816e+02     0.0000e+00  0.0000e+00     0.0000e+00  0.0000e+00     0.0000e+00  0.0000e+00     0.0000e+00  0.0000e+00 
1.8868e+02     9.2345e-08  9.0182e-08     1.7423e-05  1.7015e-05     1.9313e-05  1.8861e-05     3.6440e-03  3.5586e-03 
2.1170e+02     4.1151e-08  1.4253e-08     8.7117e-06  3.0173e-06     9.6567e-06  3.3447e-06     2.0443e-03  7.0807e-04 
2.3753e+02     3.6676e-08  5.6868e-08     8.7117e-06  1.3508e-05     9.6567e-06  1.4973e-05     2.2937e-03  3.5566e-03 
2.6651e+02     0.0000e+00  0.0000e+00     0.0000e+00  0.0000e+00     0.0000e+00  0.0000e+00     0.0000e+00  0.0000e+00 
2.9903e+02     2.9133e-08  2.1188e-08     8.7117e-06  6.3359e-06     9.6567e-06  7.0232e-06     2.8877e-03  2.1002e-03 
3.3552e+02     2.5965e-08  2.1272e-08     8.7117e-06  7.1373e-06     9.6567e-06  7.9115e-06     3.2400e-03  2.6545e-03 
3.7646e+02     0.0000e+00  0.0000e+00     0.0000e+00  0.0000e+00     0.0000e+00  0.0000e+00     0.0000e+00  0.0000e+00 
4.2240e+02     6.1874e-08  2.9113e-08     2.6135e-05  1.2297e-05     2.8970e-05  1.3632e-05     1.2237e-02  5.7579e-03 
4.7394e+02     1.8382e-08  1.9323e-08     8.7117e-06  9.1580e-06     9.6567e-06  1.0151e-05     4.5766e-03  4.8111e-03 
5.3176e+02     0.0000e+00  0.0000e+00     0.0000e+00  0.0000e+00     0.0000e+00  0.0000e+00     0.0000e+00  0.0000e+00 
5.9665e+02     1.4601e-08  4.9771e-08     8.7117e-06  2.9696e-05     9.6567e-06  3.2917e-05     5.7616e-03  1.9640e-02 
6.6945e+02     0.0000e+00  0.0000e+00     0.0000e+00  0.0000e+00     0.0000e+00  0.0000e+00     0.0000e+00  0.0000e+00 
7.5114e+02     1.1598e-08  2.3195e-09     8.7117e-06  1.7423e-06     9.6567e-06  1.9315e-06     7.2535e-03  1.4508e-03 
8.4279e+02     0.0000e+00  0.0000e+00     0.0000e+00  0.0000e+00     0.0000e+00  0.0000e+00     0.0000e+00  0.0000e+00 
9.4563e+02     0.0000e+00  0.0000e+00     0.0000e+00  0.0000e+00     0.0000e+00  0.0000e+00     0.0000e+00  0.0000e+00 
1.0610e+03     0.0000e+00  0.0000e+00     0.0000e+00  0.0000e+00     0.0000e+00  0.0000e+00     0.0000e+00  0.0000e+00 
1.1905e+03     0.0000e+00  0.0000e+00     0.0000e+00  0.0000e+00     0.0000e+00  0.0000e+00     0.0000e+00  0.0000e+00 
1.3357e+03     0.0000e+00  0.0000e+00     0.0000e+00  0.0000e+00     0.0000e+00  0.0000e+00     0.0000e+00  0.0000e+00 
1.4987e+03     0.0000e+00  0.0000e+00     0.0000e+00  0.0000e+00     0.0000e+00  0.0000e+00     0.0000e+00  0.0000e+00 
1.6816e+03     0.0000e+00  0.0000e+00     0.0000e+00  0.0000e+00     0.0000e+00  0.0000e+00     0.0000e+00  0.0000e+00 
1.8868e+03     0.0000e+00  0.0000e+00     0.0000e+00  0.0000e+00     0.0000e+00  0.0000e+00     0.0000e+00  0.0000e+00 
2.1170e+03     0.0000e+00  0.0000e+00     0.0000e+00  0.0000e+00     0.0000e+00  0.0000e+00     0.0000e+00  0.0000e+00 
2.3753e+03     0.0000e+00  0.0000e+00     0.0000e+00  0.0000e+00     0.0000e+00  0.0000e+00     0.0000e+00  0.0000e+00 
2.6651e+03     0.0000e+00  0.0000e+00     0.0000e+00  0.0000e+00     0.0000e+00  0.0000e+00     0.0000e+00  0.0000e+00 
2.9903e+03     0.0000e+00  0.0000e+00     0.0000e+00  0.0000e+00     0.0000e+00  0.0000e+00     0.0000e+00  0.0000e+00 
3.3552e+03     0.0000e+00  0.0000e+00     0.0000e+00  0.0000e+00     0.0000e+00  0.0000e+00     0.0000e+00  0.0000e+00 
3.7646e+03     0.0000e+00  0.0000e+00     0.0000e+00  0.0000e+00     0.0000e+00  0.0000e+00     0.0000e+00  0.0000e+00 
4.2240e+03     0.0000e+00  0.0000e+00     0.0000e+00  0.0000e+00     0.0000e+00  0.0000e+00     0.0000e+00  0.0000e+00 
4.7394e+03     0.0000e+00  0.0000e+00     0.0000e+00  0.0000e+00     0.0000e+00  0.0000e+00     0.0000e+00  0.0000e+00 
5.3176e+03     0.0000e+00  0.0000e+00     0.0000e+00  0.0000e+00     0.0000e+00  0.0000e+00     0.0000e+00  0.0000e+00 
5.9665e+03     0.0000e+00  0.0000e+00     0.0000e+00  0.0000e+00     0.0000e+00  0.0000e+00     0.0000e+00  0.0000e+00 
6.6945e+03     0.0000e+00  0.0000e+00     0.0000e+00  0.0000e+00     0.0000e+00  0.0000e+00     0.0000e+00  0.0000e+00 
7.5114e+03     0.0000e+00  0.0000e+00     0.0000e+00  0.0000e+00     0.0000e+00  0.0000e+00     0.0000e+00  0.0000e+00 
8.4279e+03     0.0000e+00  0.0000e+00     0.0000e+00  0.0000e+00     0.0000e+00  0.0000e+00     0.0000e+00  0.0000e+00 
9.4563e+03     0.0000e+00  0.0000e+00     0.0000e+00  0.0000e+00     0.0000e+00  0.0000e+00     0.0000e+00  0.0000e+00 
