yF = 8.7119e-01 (std: 1.9981e-03) keV/um
yD = 3.4861e+00 (std: 6.8987e-01) keV/um
y (keV/um)     f(y)(std)                  yf(y)(std)                 d(y)(std)                  yd(y)(std)  
1.0610e-03     8.2101e-03  6.1831e-03     8.7110e-06  6.5603e-06     9.9990e-06  7.5303e-06     1.0609e-08  7.9898e-09 
1.1905e-03     0.0000e+00  0.0000e+00     0.0000e+00  0.0000e+00     0.0000e+00  0.0000e+00     0.0000e+00  0.0000e+00 
1.3357e-03     6.5215e-03  3.1956e-03     8.7110e-06  4.2685e-06     9.9990e-06  4.8997e-06     1.3356e-08  6.5446e-09 
1.4987e-03     2.9061e-02  1.7863e-02     4.3555e-05  2.6772e-05     4.9995e-05  3.0731e-05     7.4928e-08  4.6056e-08 
1.6816e-03     1.5541e-02  1.5383e-02     2.6133e-05  2.5869e-05     2.9997e-05  2.9694e-05     5.0442e-08  4.9932e-08 
1.8868e-03     1.8467e-02  6.1889e-03     3.4844e-05  1.1677e-05     3.9996e-05  1.3404e-05     7.5463e-08  2.5290e-08 
2.1170e-03     1.2344e-02  1.4782e-02     2.6133e-05  3.1293e-05     2.9997e-05  3.5920e-05     6.3503e-08  7.6041e-08 
2.3753e-03     3.6673e-03  5.4063e-03     8.7110e-06  1.2842e-05     9.9990e-06  1.4740e-05     2.3751e-08  3.5013e-08 
2.6651e-03     6.5370e-03  3.1955e-03     1.7422e-05  8.5164e-06     1.9998e-05  9.7758e-06     5.3297e-08  2.6054e-08 
2.9903e-03     5.8261e-03  4.6221e-03     1.7422e-05  1.3822e-05     1.9998e-05  1.5865e-05     5.9801e-08  4.7442e-08 
3.3552e-03     2.0770e-02  8.3318e-03     6.9688e-05  2.7955e-05     7.9992e-05  3.2089e-05     2.6839e-07  1.0766e-07 
3.7646e-03     1.3883e-02  6.4059e-03     5.2266e-05  2.4116e-05     5.9994e-05  2.7682e-05     2.2585e-07  1.0421e-07 
4.2240e-03     6.1868e-03  2.3186e-02     2.6133e-05  9.7938e-05     2.9997e-05  1.1242e-04     1.2671e-07  4.7485e-07 
4.7394e-03     1.2866e-02  5.0601e-03     6.0977e-05  2.3982e-05     6.9993e-05  2.7528e-05     3.3172e-07  1.3047e-07 
5.3176e-03     1.4743e-02  6.2845e-03     7.8399e-05  3.3419e-05     8.9991e-05  3.8361e-05     4.7854e-07  2.0399e-07 
5.9665e-03     1.3140e-02  5.0282e-03     7.8399e-05  3.0001e-05     8.9991e-05  3.4437e-05     5.3693e-07  2.0547e-07 
6.6945e-03     7.8073e-03  4.3818e-03     5.2266e-05  2.9334e-05     5.9994e-05  3.3672e-05     4.0163e-07  2.2542e-07 
7.5114e-03     1.8555e-02  4.4344e-03     1.3938e-04  3.3308e-05     1.5998e-04  3.8235e-05     1.2017e-06  2.8720e-07 
8.4279e-03     1.9638e-02  5.7361e-03     1.6551e-04  4.8344e-05     1.8998e-04  5.5493e-05     1.6011e-06  4.6769e-07 
9.4563e-03     1.6581e-02  9.0341e-03     1.5680e-04  8.5429e-05     1.7998e-04  9.8062e-05     1.7020e-06  9.2730e-07 
1.0610e-02     1.5599e-02  8.1770e-03     1.6551e-04  8.6759e-05     1.8998e-04  9.9588e-05     2.0157e-06  1.0566e-06 
1.1905e-02     2.4147e-02  7.6026e-03     2.8746e-04  9.0506e-05     3.2997e-04  1.0389e-04     3.9282e-06  1.2368e-06 
1.3357e-02     2.7390e-02  5.1942e-03     3.6586e-04  6.9381e-05     4.1996e-04  7.9645e-05     5.6095e-06  1.0638e-06 
1.4987e-02     2.4993e-02  5.0278e-03     3.7457e-04  7.5352e-05     4.2996e-04  8.6499e-05     6.4438e-06  1.2964e-06 
1.6816e-02     2.3829e-02  5.2767e-03     4.0070e-04  8.8731e-05     4.5995e-04  1.0186e-04     7.7345e-06  1.7128e-06 
1.8868e-02     2.8163e-02  4.1023e-03     5.3137e-04  7.7401e-05     6.0994e-04  8.8856e-05     1.1508e-05  1.6765e-06 
2.1170e-02     3.2095e-02  1.0282e-02     6.7946e-04  2.1766e-04     7.7992e-04  2.4985e-04     1.6511e-05  5.2893e-06 
2.3753e-02     4.1807e-02  4.5993e-03     9.9305e-04  1.0925e-04     1.1399e-03  1.2543e-04     2.7076e-05  2.9793e-06 
2.6651e-02     4.4451e-02  5.1039e-03     1.1847e-03  1.3603e-04     1.3599e-03  1.5617e-04     3.6242e-05  4.1621e-06 
2.9903e-02     4.2530e-02  4.6276e-03     1.2718e-03  1.3838e-04     1.4599e-03  1.5888e-04     4.3654e-05  4.7509e-06 
3.3552e-02     5.1146e-02  3.7403e-03     1.7161e-03  1.2549e-04     1.9698e-03  1.4412e-04     6.6091e-05  4.8356e-06 
3.7646e-02     5.5765e-02  7.5896e-03     2.0993e-03  2.8572e-04     2.4098e-03  3.2801e-04     9.0718e-05  1.2348e-05 
4.2240e-02     7.0736e-02  7.1280e-03     2.9879e-03  3.0109e-04     3.4297e-03  3.4569e-04     1.4487e-04  1.4602e-05 
4.7394e-02     7.7564e-02  9.0471e-03     3.6760e-03  4.2877e-04     4.2196e-03  4.9227e-04     1.9998e-04  2.3330e-05 
5.3176e-02     9.5667e-02  4.5460e-03     5.0872e-03  2.4174e-04     5.8394e-03  2.7780e-04     3.1052e-04  1.4773e-05 
5.9665e-02     9.8403e-02  6.3600e-03     5.8712e-03  3.7947e-04     6.7393e-03  4.3585e-04     4.0210e-04  2.6005e-05 
6.6945e-02     1.1932e-01  8.2862e-03     7.9880e-03  5.5472e-04     9.1691e-03  6.3709e-04     6.1382e-04  4.2650e-05 
7.5114e-02     1.2652e-01  7.6068e-03     9.5037e-03  5.7138e-04     1.0909e-02  6.5634e-04     8.1941e-04  4.9300e-05 
8.4279e-02     1.5587e-01  6.0508e-03     1.3136e-02  5.0995e-04     1.5078e-02  5.8637e-04     1.2708e-03  4.9419e-05 
9.4563e-02     1.6333e-01  7.8533e-03     1.5445e-02  7.4263e-04     1.7728e-02  8.5340e-04     1.6764e-03  8.0700e-05 
1.0610e-01     1.8497e-01  4.6524e-03     1.9626e-02  4.9363e-04     2.2528e-02  5.6897e-04     2.3902e-03  6.0368e-05 
1.1905e-01     2.0042e-01  2.7553e-03     2.3859e-02  3.2801e-04     2.7387e-02  3.8171e-04     3.2604e-03  4.5442e-05 
1.3357e-01     2.2304e-01  4.4647e-03     2.9792e-02  5.9637e-04     3.4197e-02  6.8903e-04     4.5677e-03  9.2035e-05 
1.4987e-01     2.4202e-01  5.1330e-03     3.6272e-02  7.6929e-04     4.1636e-02  8.8819e-04     6.2400e-03  1.3311e-04 
1.6816e-01     2.6502e-01  6.9297e-03     4.4565e-02  1.1653e-03     5.1155e-02  1.3427e-03     8.6021e-03  2.2579e-04 
1.8868e-01     2.9663e-01  6.7033e-03     5.5968e-02  1.2648e-03     6.4243e-02  1.4592e-03     1.2121e-02  2.7532e-04 
2.1170e-01     3.3243e-01  6.1134e-03     7.0376e-02  1.2942e-03     8.0782e-02  1.4971e-03     1.7101e-02  3.1693e-04 
2.3753e-01     3.6592e-01  4.6200e-03     8.6918e-02  1.0974e-03     9.9770e-02  1.2803e-03     2.3698e-02  3.0410e-04 
2.6651e-01     4.0421e-01  4.7091e-03     1.0773e-01  1.2550e-03     1.2366e-01  1.4683e-03     3.2956e-02  3.9131e-04 
2.9903e-01     4.5126e-01  6.6150e-03     1.3494e-01  1.9781e-03     1.5489e-01  2.2982e-03     4.6318e-02  6.8724e-04 
3.3552e-01     5.0019e-01  4.0832e-03     1.6783e-01  1.3700e-03     1.9264e-01  1.6335e-03     6.4635e-02  5.4806e-04 
3.7646e-01     5.6274e-01  7.2584e-03     2.1185e-01  2.7325e-03     2.4318e-01  3.1857e-03     9.1546e-02  1.1993e-03 
4.2240e-01     6.2281e-01  3.6740e-03     2.6307e-01  1.5519e-03     3.0197e-01  1.9113e-03     1.2755e-01  8.0731e-04 
4.7394e-01     7.0964e-01  4.1254e-03     3.3632e-01  1.9552e-03     3.8605e-01  2.4126e-03     1.8296e-01  1.1434e-03 
5.3176e-01     8.0601e-01  7.7858e-03     4.2861e-01  4.1402e-03     4.9198e-01  4.8845e-03     2.6162e-01  2.5974e-03 
5.9665e-01     9.1777e-01  5.1970e-03     5.4759e-01  3.1008e-03     6.2856e-01  3.8401e-03     3.7503e-01  2.2912e-03 
6.6945e-01     1.0581e+00  3.5462e-03     7.0832e-01  2.3740e-03     8.1306e-01  3.3020e-03     5.4430e-01  2.2105e-03 
7.5114e-01     1.2096e+00  4.7624e-03     9.0860e-01  3.5772e-03     1.0429e+00  4.7521e-03     7.8339e-01  3.5695e-03 
8.4279e-01     1.2356e+00  5.4309e-03     1.0413e+00  4.5771e-03     1.1953e+00  5.9261e-03     1.0074e+00  4.9945e-03 
9.4563e-01     1.0145e+00  4.0601e-03     9.5932e-01  3.8394e-03     1.1012e+00  5.0794e-03     1.0413e+00  4.8032e-03 
1.0610e+00     6.8699e-01  5.6476e-03     7.2891e-01  5.9922e-03     8.3668e-01  7.1409e-03     8.8773e-01  7.5765e-03 
1.1905e+00     4.3253e-01  3.2333e-03     5.1491e-01  3.8491e-03     5.9105e-01  4.6215e-03     7.0363e-01  5.5018e-03 
1.3357e+00     2.6552e-01  1.6198e-03     3.5467e-01  2.1636e-03     4.0711e-01  2.6533e-03     5.4379e-01  3.5441e-03 
1.4987e+00     1.7066e-01  1.3200e-03     2.5577e-01  1.9783e-03     2.9359e-01  2.3685e-03     4.4001e-01  3.5498e-03 
1.6816e+00     1.0938e-01  1.3237e-03     1.8393e-01  2.2260e-03     2.1113e-01  2.6006e-03     3.5503e-01  4.3731e-03 
1.8868e+00     7.1054e-02  8.8190e-04     1.3406e-01  1.6639e-03     1.5388e-01  1.9423e-03     2.9034e-01  3.6647e-03 
2.1170e+00     4.5559e-02  4.4149e-04     9.6448e-02  9.3463e-04     1.1071e-01  1.1025e-03     2.3437e-01  2.3339e-03 
2.3753e+00     2.8741e-02  4.5746e-04     6.8268e-02  1.0866e-03     7.8362e-02  1.2601e-03     1.8613e-01  2.9932e-03 
2.6651e+00     1.6950e-02  4.0008e-04     4.5175e-02  1.0663e-03     5.1855e-02  1.2297e-03     1.3820e-01  3.2773e-03 
2.9903e+00     9.2431e-03  2.3358e-04     2.7640e-02  6.9848e-04     3.1727e-02  8.0506e-04     9.4874e-02  2.4074e-03 
3.3552e+00     4.6421e-03  2.6279e-04     1.5575e-02  8.8170e-04     1.7878e-02  1.0129e-03     5.9985e-02  3.3985e-03 
3.7646e+00     1.9576e-03  1.1453e-04     7.3695e-03  4.3117e-04     8.4591e-03  4.9530e-04     3.1845e-02  1.8646e-03 
4.2240e+00     6.7230e-04  8.8905e-05     2.8398e-03  3.7553e-04     3.2597e-03  4.3112e-04     1.3769e-02  1.8210e-03 
4.7394e+00     2.5181e-04  2.3111e-05     1.1934e-03  1.0953e-04     1.3699e-03  1.2577e-04     6.4923e-03  5.9606e-04 
5.3176e+00     7.2078e-05  2.1006e-05     3.8328e-04  1.1170e-04     4.3996e-04  1.2822e-04     2.3395e-03  6.8184e-04 
5.9665e+00     1.1680e-05  4.1106e-06     6.9688e-05  2.4526e-05     7.9992e-05  2.8153e-05     4.7727e-04  1.6797e-04 
6.6945e+00     5.2048e-06  2.7130e-06     3.4844e-05  1.8162e-05     3.9996e-05  2.0848e-05     2.6775e-04  1.3957e-04 
7.5114e+00     0.0000e+00  0.0000e+00     0.0000e+00  0.0000e+00     0.0000e+00  0.0000e+00     0.0000e+00  0.0000e+00 
8.4279e+00     2.0672e-06  2.6406e-06     1.7422e-05  2.2255e-05     1.9998e-05  2.5546e-05     1.6854e-04  2.1530e-04 
9.4563e+00     9.2119e-07  2.4369e-07     8.7110e-06  2.3044e-06     9.9990e-06  2.6453e-06     9.4553e-05  2.5014e-05 
1.0610e+01     2.4630e-06  1.2274e-06     2.6133e-05  1.3023e-05     2.9997e-05  1.4949e-05     3.1827e-04  1.5861e-04 
1.1905e+01     7.3172e-07  3.7328e-07     8.7110e-06  4.4438e-06     9.9990e-06  5.1010e-06     1.1904e-04  6.0725e-05 
1.3357e+01     6.5215e-07  6.3048e-07     8.7110e-06  8.4216e-06     9.9990e-06  9.6668e-06     1.3356e-04  1.2912e-04 
1.4987e+01     0.0000e+00  0.0000e+00     0.0000e+00  0.0000e+00     0.0000e+00  0.0000e+00     0.0000e+00  0.0000e+00 
1.6816e+01     5.1802e-07  4.4753e-07     8.7110e-06  7.5256e-06     9.9990e-06  8.6383e-06     1.6814e-04  1.4526e-04 
1.8868e+01     2.3084e-06  1.1943e-06     4.3555e-05  2.2534e-05     4.9995e-05  2.5866e-05     9.4329e-04  4.8804e-04 
2.1170e+01     1.6459e-06  6.4884e-07     3.4844e-05  1.3736e-05     3.9996e-05  1.5767e-05     8.4671e-04  3.3379e-04 
2.3753e+01     1.1002e-06  4.6470e-07     2.6133e-05  1.1038e-05     2.9997e-05  1.2670e-05     7.1252e-04  3.0096e-04 
2.6651e+01     0.0000e+00  0.0000e+00     0.0000e+00  0.0000e+00     0.0000e+00  0.0000e+00     0.0000e+00  0.0000e+00 
2.9903e+01     1.1652e-06  5.9415e-07     3.4844e-05  1.7767e-05     3.9996e-05  2.0394e-05     1.1960e-03  6.0986e-04 
3.3552e+01     2.5963e-07  1.7800e-07     8.7110e-06  5.9722e-06     9.9990e-06  6.8553e-06     3.3549e-04  2.3001e-04 
3.7646e+01     2.3139e-07  1.5767e-06     8.7110e-06  5.9357e-05     9.9990e-06  6.8133e-05     3.7642e-04  2.5649e-03 
4.2240e+01     8.2491e-07  3.6733e-07     3.4844e-05  1.5516e-05     3.9996e-05  1.7810e-05     1.6894e-03  7.5230e-04 
4.7394e+01     1.8380e-07  8.4227e-08     8.7110e-06  3.9918e-06     9.9990e-06  4.5821e-06     4.7389e-04  2.1716e-04 
5.3176e+01     4.9144e-07  3.2658e-07     2.6133e-05  1.7366e-05     2.9997e-05  1.9934e-05     1.5951e-03  1.0600e-03 
5.9665e+01     4.3799e-07  1.7416e-07     2.6133e-05  1.0391e-05     2.9997e-05  1.1928e-05     1.7898e-03  7.1167e-04 
6.6945e+01     3.9036e-07  2.2223e-07     2.6133e-05  1.4877e-05     2.9997e-05  1.7077e-05     2.0082e-03  1.1432e-03 
7.5114e+01     1.1597e-07  7.5675e-08     8.7110e-06  5.6842e-06     9.9990e-06  6.5248e-06     7.5106e-04  4.9010e-04 
8.4279e+01     2.0672e-07  8.1066e-08     1.7422e-05  6.8322e-06     1.9998e-05  7.8425e-06     1.6854e-03  6.6096e-04 
9.4563e+01     0.0000e+00  0.0000e+00     0.0000e+00  0.0000e+00     0.0000e+00  0.0000e+00     0.0000e+00  0.0000e+00 
1.0610e+02     8.2101e-08  6.6425e-08     8.7110e-06  7.0478e-06     9.9990e-06  8.0899e-06     1.0609e-03  8.5834e-04 
1.1905e+02     7.3172e-08  4.2120e-08     8.7110e-06  5.0142e-06     9.9990e-06  5.7557e-06     1.1904e-03  6.8520e-04 
1.3357e+02     6.5215e-08  3.8688e-08     8.7110e-06  5.1677e-06     9.9990e-06  5.9318e-06     1.3356e-03  7.9234e-04 
1.4987e+02     1.1625e-07  7.6752e-08     1.7422e-05  1.1503e-05     1.9998e-05  1.3204e-05     2.9971e-03  1.9789e-03 
1.6816e+02     0.0000e+00  0.0000e+00     0.0000e+00  0.0000e+00     0.0000e+00  0.0000e+00     0.0000e+00  0.0000e+00 
1.8868e+02     0.0000e+00  0.0000e+00     0.0000e+00  0.0000e+00     0.0000e+00  0.0000e+00     0.0000e+00  0.0000e+00 
2.1170e+02     8.2296e-08  4.3840e-08     1.7422e-05  9.2809e-06     1.9998e-05  1.0653e-05     4.2336e-03  2.2553e-03 
2.3753e+02     0.0000e+00  0.0000e+00     0.0000e+00  0.0000e+00     0.0000e+00  0.0000e+00     0.0000e+00  0.0000e+00 
2.6651e+02     3.2685e-08  2.1599e-08     8.7110e-06  5.7564e-06     9.9990e-06  6.6076e-06     2.6649e-03  1.7610e-03 
2.9903e+02     0.0000e+00  0.0000e+00     0.0000e+00  0.0000e+00     0.0000e+00  0.0000e+00     0.0000e+00  0.0000e+00 
3.3552e+02     0.0000e+00  0.0000e+00     0.0000e+00  0.0000e+00     0.0000e+00  0.0000e+00     0.0000e+00  0.0000e+00 
3.7646e+02     2.3139e-08  1.9716e-08     8.7110e-06  7.4224e-06     9.9990e-06  8.5199e-06     3.7642e-03  3.2074e-03 
4.2240e+02     0.0000e+00  0.0000e+00     0.0000e+00  0.0000e+00     0.0000e+00  0.0000e+00     0.0000e+00  0.0000e+00 
4.7394e+02     5.5140e-08  2.0315e-08     2.6133e-05  9.6280e-06     2.9997e-05  1.1052e-05     1.4217e-02  5.2378e-03 
5.3176e+02     3.2763e-08  1.7666e-08     1.7422e-05  9.3941e-06     1.9998e-05  1.0783e-05     1.0634e-02  5.7341e-03 
5.9665e+02     1.4600e-08  1.7631e-08     8.7110e-06  1.0519e-05     9.9990e-06  1.2075e-05     5.9659e-03  7.2044e-03 
6.6945e+02     0.0000e+00  0.0000e+00     0.0000e+00  0.0000e+00     0.0000e+00  0.0000e+00     0.0000e+00  0.0000e+00 
7.5114e+02     0.0000e+00  0.0000e+00     0.0000e+00  0.0000e+00     0.0000e+00  0.0000e+00     0.0000e+00  0.0000e+00 
8.4279e+02     0.0000e+00  0.0000e+00     0.0000e+00  0.0000e+00     0.0000e+00  0.0000e+00     0.0000e+00  0.0000e+00 
9.4563e+02     0.0000e+00  0.0000e+00     0.0000e+00  0.0000e+00     0.0000e+00  0.0000e+00     0.0000e+00  0.0000e+00 
1.0610e+03     0.0000e+00  0.0000e+00     0.0000e+00  0.0000e+00     0.0000e+00  0.0000e+00     0.0000e+00  0.0000e+00 
1.1905e+03     0.0000e+00  0.0000e+00     0.0000e+00  0.0000e+00     0.0000e+00  0.0000e+00     0.0000e+00  0.0000e+00 
1.3357e+03     0.0000e+00  0.0000e+00     0.0000e+00  0.0000e+00     0.0000e+00  0.0000e+00     0.0000e+00  0.0000e+00 
1.4987e+03     0.0000e+00  0.0000e+00     0.0000e+00  0.0000e+00     0.0000e+00  0.0000e+00     0.0000e+00  0.0000e+00 
1.6816e+03     0.0000e+00  0.0000e+00     0.0000e+00  0.0000e+00     0.0000e+00  0.0000e+00     0.0000e+00  0.0000e+00 
1.8868e+03     0.0000e+00  0.0000e+00     0.0000e+00  0.0000e+00     0.0000e+00  0.0000e+00     0.0000e+00  0.0000e+00 
2.1170e+03     0.0000e+00  0.0000e+00     0.0000e+00  0.0000e+00     0.0000e+00  0.0000e+00     0.0000e+00  0.0000e+00 
2.3753e+03     0.0000e+00  0.0000e+00     0.0000e+00  0.0000e+00     0.0000e+00  0.0000e+00     0.0000e+00  0.0000e+00 
2.6651e+03     0.0000e+00  0.0000e+00     0.0000e+00  0.0000e+00     0.0000e+00  0.0000e+00     0.0000e+00  0.0000e+00 
2.9903e+03     0.0000e+00  0.0000e+00     0.0000e+00  0.0000e+00     0.0000e+00  0.0000e+00     0.0000e+00  0.0000e+00 
3.3552e+03     0.0000e+00  0.0000e+00     0.0000e+00  0.0000e+00     0.0000e+00  0.0000e+00     0.0000e+00  0.0000e+00 
3.7646e+03     0.0000e+00  0.0000e+00     0.0000e+00  0.0000e+00     0.0000e+00  0.0000e+00     0.0000e+00  0.0000e+00 
4.2240e+03     0.0000e+00  0.0000e+00     0.0000e+00  0.0000e+00     0.0000e+00  0.0000e+00     0.0000e+00  0.0000e+00 
4.7394e+03     0.0000e+00  0.0000e+00     0.0000e+00  0.0000e+00     0.0000e+00  0.0000e+00     0.0000e+00  0.0000e+00 
5.3176e+03     0.0000e+00  0.0000e+00     0.0000e+00  0.0000e+00     0.0000e+00  0.0000e+00     0.0000e+00  0.0000e+00 
5.9665e+03     0.0000e+00  0.0000e+00     0.0000e+00  0.0000e+00     0.0000e+00  0.0000e+00     0.0000e+00  0.0000e+00 
6.6945e+03     0.0000e+00  0.0000e+00     0.0000e+00  0.0000e+00     0.0000e+00  0.0000e+00     0.0000e+00  0.0000e+00 
7.5114e+03     0.0000e+00  0.0000e+00     0.0000e+00  0.0000e+00     0.0000e+00  0.0000e+00     0.0000e+00  0.0000e+00 
8.4279e+03     0.0000e+00  0.0000e+00     0.0000e+00  0.0000e+00     0.0000e+00  0.0000e+00     0.0000e+00  0.0000e+00 
9.4563e+03     0.0000e+00  0.0000e+00     0.0000e+00  0.0000e+00     0.0000e+00  0.0000e+00     0.0000e+00  0.0000e+00 
