yF = 8.3180e-01 (std: 2.4679e-03) keV/um
yD = 2.4964e+00 (std: 5.3290e-01) keV/um
y (keV/um)     f(y)(std)                  yf(y)(std)                 d(y)(std)                  yd(y)(std)  
1.0610e-03     0.0000e+00  0.0000e+00     0.0000e+00  0.0000e+00     0.0000e+00  0.0000e+00     0.0000e+00  0.0000e+00 
1.1905e-03     0.0000e+00  0.0000e+00     0.0000e+00  0.0000e+00     0.0000e+00  0.0000e+00     0.0000e+00  0.0000e+00 
1.3357e-03     6.5212e-03  6.5216e-04     8.7105e-06  8.7112e-07     1.0472e-05  1.0477e-06     1.3988e-08  1.3995e-09 
1.4987e-03     1.1624e-02  5.0167e-03     1.7421e-05  7.5186e-06     2.0944e-05  9.0391e-06     3.1389e-08  1.3547e-08 
1.6816e-03     1.5540e-02  6.6550e-03     2.6132e-05  1.1191e-05     3.1416e-05  1.3454e-05     5.2828e-08  2.2624e-08 
1.8868e-03     2.3083e-02  2.7710e-02     4.3553e-05  5.2283e-05     5.2359e-05  6.2855e-05     9.8790e-08  1.1859e-07 
2.1170e-03     8.2291e-03  1.2339e-02     1.7421e-05  2.6123e-05     2.0944e-05  3.1405e-05     4.4338e-08  6.6484e-08 
2.3753e-03     1.1001e-02  4.0525e-03     2.6132e-05  9.6259e-06     3.1416e-05  1.1573e-05     7.4621e-08  2.7489e-08 
2.6651e-03     9.8050e-03  1.5512e-02     2.6132e-05  4.1340e-05     3.1416e-05  4.9700e-05     8.3727e-08  1.3246e-07 
2.9903e-03     1.4564e-02  6.6409e-03     4.3553e-05  1.9859e-05     5.2359e-05  2.3875e-05     1.5657e-07  7.1393e-08 
3.3552e-03     7.7884e-03  4.4532e-03     2.6132e-05  1.4942e-05     3.1416e-05  1.7963e-05     1.0541e-07  6.0270e-08 
3.7646e-03     6.9414e-03  1.2485e-02     2.6132e-05  4.7000e-05     3.1416e-05  5.6504e-05     1.1827e-07  2.1272e-07 
4.2240e-03     1.0311e-02  4.4327e-03     4.3553e-05  1.8723e-05     5.2359e-05  2.2510e-05     2.2116e-07  9.5081e-08 
4.7394e-03     9.1896e-03  3.3731e-03     4.3553e-05  1.5986e-05     5.2359e-05  1.9219e-05     2.4815e-07  9.1088e-08 
5.3176e-03     1.8018e-02  9.0529e-03     9.5816e-05  4.8140e-05     1.1519e-04  5.7875e-05     6.1254e-07  3.0776e-07 
5.9665e-03     1.0219e-02  2.9820e-03     6.0974e-05  1.7792e-05     7.3303e-05  2.1391e-05     4.3736e-07  1.2763e-07 
6.6945e-03     7.8069e-03  6.4106e-03     5.2263e-05  4.2916e-05     6.2831e-05  5.1594e-05     4.2062e-07  3.4540e-07 
7.5114e-03     2.2033e-02  7.3883e-03     1.6550e-04  5.5497e-05     1.9897e-04  6.6721e-05     1.4945e-06  5.0117e-07 
8.4279e-03     1.3436e-02  3.3238e-03     1.1324e-04  2.8012e-05     1.3613e-04  3.3679e-05     1.1473e-06  2.8384e-07 
9.4563e-03     1.7502e-02  1.0070e-02     1.6550e-04  9.5222e-05     1.9897e-04  1.1448e-04     1.8815e-06  1.0825e-06 
1.0610e-02     1.8061e-02  7.2122e-03     1.9163e-04  7.6523e-05     2.3038e-04  9.1999e-05     2.4444e-06  9.7611e-07 
1.1905e-02     2.3414e-02  6.5408e-03     2.7874e-04  7.7866e-05     3.3510e-04  9.3616e-05     3.9893e-06  1.1145e-06 
1.3357e-02     1.8911e-02  5.8996e-03     2.5260e-04  7.8803e-05     3.0368e-04  9.4742e-05     4.0564e-06  1.2655e-06 
1.4987e-02     3.2547e-02  8.9724e-03     4.8779e-04  1.3447e-04     5.8642e-04  1.6167e-04     8.7888e-06  2.4230e-06 
1.6816e-02     2.3828e-02  8.9353e-03     4.0068e-04  1.5025e-04     4.8170e-04  1.8064e-04     8.1003e-06  3.0377e-06 
1.8868e-02     3.2778e-02  4.5908e-03     6.1845e-04  8.6619e-05     7.4350e-04  1.0416e-04     1.4028e-05  1.9652e-06 
2.1170e-02     3.4151e-02  4.2790e-03     7.2297e-04  9.0585e-05     8.6916e-04  1.0893e-04     1.8400e-05  2.3061e-06 
2.3753e-02     4.1805e-02  1.5751e-02     9.9300e-04  3.7413e-04     1.1938e-03  4.4980e-04     2.8356e-05  1.0684e-05 
2.6651e-02     4.5756e-02  4.6294e-03     1.2195e-03  1.2338e-04     1.4661e-03  1.4839e-04     3.9072e-05  3.9549e-06 
2.9903e-02     4.9228e-02  3.3617e-03     1.4721e-03  1.0053e-04     1.7697e-03  1.2097e-04     5.2921e-05  3.6174e-06 
3.3552e-02     6.6201e-02  7.2505e-03     2.2212e-03  2.4327e-04     2.6703e-03  2.9257e-04     8.9595e-05  9.8163e-06 
3.7646e-02     6.9877e-02  3.5924e-03     2.6306e-03  1.3524e-04     3.1625e-03  1.6286e-04     1.1906e-04  6.1309e-06 
4.2240e-02     7.4444e-02  5.2215e-03     3.1445e-03  2.2055e-04     3.7803e-03  2.6539e-04     1.5968e-04  1.1210e-05 
4.7394e-02     8.6566e-02  3.6235e-03     4.1027e-03  1.7173e-04     4.9322e-03  2.0697e-04     2.3376e-04  9.8091e-06 
5.3176e-02     9.7627e-02  6.5652e-03     5.1915e-03  3.4912e-04     6.2412e-03  4.2012e-04     3.3189e-04  2.2340e-05 
5.9665e-02     1.1402e-01  3.2638e-03     6.8029e-03  1.9473e-04     8.1785e-03  2.3536e-04     4.8797e-04  1.4043e-05 
6.6945e-02     1.2387e-01  5.1056e-03     8.2924e-03  3.4179e-04     9.9692e-03  4.1197e-04     6.6739e-04  2.7579e-05 
7.5114e-02     1.4461e-01  4.8705e-03     1.0862e-02  3.6584e-04     1.3058e-02  4.4152e-04     9.8086e-04  3.3164e-05 
8.4279e-02     1.6268e-01  1.1227e-02     1.3710e-02  9.4622e-04     1.6483e-02  1.1386e-03     1.3891e-03  9.5960e-05 
9.4563e-02     1.8653e-01  5.9747e-03     1.7639e-02  5.6499e-04     2.1205e-02  6.8214e-04     2.0052e-03  6.4505e-05 
1.0610e-01     1.9252e-01  6.2558e-03     2.0426e-02  6.6374e-04     2.4556e-02  8.0128e-04     2.6055e-03  8.5016e-05 
1.1905e-01     2.1994e-01  2.9133e-03     2.6184e-02  3.4682e-04     3.1478e-02  4.2728e-04     3.7474e-03  5.0866e-05 
1.3357e-01     2.4226e-01  5.9503e-03     3.2360e-02  7.9480e-04     3.8903e-02  9.6246e-04     5.1964e-03  1.2856e-04 
1.4987e-01     2.7095e-01  7.8826e-03     4.0608e-02  1.1814e-03     4.8820e-02  1.4276e-03     7.3167e-03  2.1396e-04 
1.6816e-01     2.9702e-01  1.0816e-02     4.9946e-02  1.8187e-03     6.0046e-02  2.1937e-03     1.0097e-02  3.6890e-04 
1.8868e-01     3.2090e-01  5.0084e-03     6.0547e-02  9.4497e-04     7.2790e-02  1.1564e-03     1.3734e-02  2.1818e-04 
2.1170e-01     3.6690e-01  3.3596e-03     7.7672e-02  7.1122e-04     9.3377e-02  8.9880e-04     1.9768e-02  1.9027e-04 
2.3753e-01     3.9810e-01  8.0326e-03     9.4561e-02  1.9080e-03     1.1368e-01  2.3185e-03     2.7003e-02  5.5070e-04 
2.6651e-01     4.4158e-01  5.7541e-03     1.1769e-01  1.5336e-03     1.4149e-01  1.8908e-03     3.7708e-02  5.0393e-04 
2.9903e-01     4.9009e-01  6.1736e-03     1.4655e-01  1.8461e-03     1.7619e-01  2.2802e-03     5.2686e-02  6.8184e-04 
3.3552e-01     5.4659e-01  4.3240e-03     1.8339e-01  1.4508e-03     2.2047e-01  1.8628e-03     7.3974e-02  6.2500e-04 
3.7646e-01     6.1797e-01  4.3106e-03     2.3264e-01  1.6228e-03     2.7968e-01  2.1200e-03     1.0529e-01  7.9811e-04 
4.2240e-01     6.9658e-01  5.3035e-03     2.9423e-01  2.2402e-03     3.5373e-01  2.8904e-03     1.4941e-01  1.2209e-03 
4.7394e-01     7.8249e-01  6.9382e-03     3.7085e-01  3.2882e-03     4.4584e-01  4.1686e-03     2.1130e-01  1.9756e-03 
5.3176e-01     8.9696e-01  6.1312e-03     4.7697e-01  3.2603e-03     5.7342e-01  4.2729e-03     3.0492e-01  2.2722e-03 
5.9665e-01     1.0133e+00  7.7652e-03     6.0459e-01  4.6331e-03     7.2684e-01  5.9728e-03     4.3367e-01  3.5637e-03 
6.6945e-01     1.1795e+00  4.7230e-03     7.8964e-01  3.1618e-03     9.4931e-01  4.7310e-03     6.3552e-01  3.1672e-03 
7.5114e-01     1.3061e+00  3.2782e-03     9.8109e-01  2.4624e-03     1.1795e+00  4.5836e-03     8.8595e-01  3.4429e-03 
8.4279e-01     1.2247e+00  5.0419e-03     1.0321e+00  4.2492e-03     1.2409e+00  6.2969e-03     1.0458e+00  5.3069e-03 
9.4563e-01     9.1671e-01  1.3229e-02     8.6686e-01  1.2509e-02     1.0421e+00  1.5353e-02     9.8548e-01  1.4519e-02 
1.0610e+00     5.9692e-01  4.9678e-03     6.3334e-01  5.2709e-03     7.6141e-01  6.7274e-03     8.0786e-01  7.1378e-03 
1.1905e+00     3.6898e-01  3.4219e-03     4.3926e-01  4.0737e-03     5.2808e-01  5.1419e-03     6.2867e-01  6.1213e-03 
1.3357e+00     2.3081e-01  2.6917e-03     3.0830e-01  3.5954e-03     3.7064e-01  4.4601e-03     4.9508e-01  5.9575e-03 
1.4987e+00     1.4865e-01  8.3156e-04     2.2278e-01  1.2463e-03     2.6783e-01  1.6960e-03     4.0140e-01  2.5418e-03 
1.6816e+00     9.4959e-02  1.1886e-03     1.5968e-01  1.9987e-03     1.9197e-01  2.4694e-03     3.2281e-01  4.1526e-03 
1.8868e+00     6.2911e-02  9.7870e-04     1.1870e-01  1.8466e-03     1.4270e-01  2.2600e-03     2.6924e-01  4.2641e-03 
2.1170e+00     4.0598e-02  5.9526e-04     8.5947e-02  1.2602e-03     1.0333e-01  1.5457e-03     2.1874e-01  3.2722e-03 
2.3753e+00     2.4650e-02  4.2795e-04     5.8552e-02  1.0165e-03     7.0392e-02  1.2398e-03     1.6720e-01  2.9448e-03 
2.6651e+00     1.4897e-02  4.6947e-04     3.9703e-02  1.2512e-03     4.7731e-02  1.5109e-03     1.2721e-01  4.0266e-03 
2.9903e+00     8.2697e-03  3.0187e-04     2.4729e-02  9.0269e-04     2.9730e-02  1.0888e-03     8.8901e-02  3.2559e-03 
3.3552e+00     3.8449e-03  2.4326e-04     1.2900e-02  8.1617e-04     1.5509e-02  9.8229e-04     5.2035e-02  3.2958e-03 
3.7646e+00     1.6544e-03  1.1647e-04     6.2280e-03  4.3845e-04     7.4874e-03  5.2757e-04     2.8187e-02  1.9861e-03 
4.2240e+00     5.6503e-04  5.1558e-05     2.3867e-03  2.1778e-04     2.8693e-03  2.6195e-04     1.2120e-02  1.1065e-03 
4.7394e+00     1.9298e-04  5.5591e-05     9.1460e-04  2.6346e-04     1.0995e-03  3.1675e-04     5.2111e-03  1.5012e-03 
5.3176e+00     6.0608e-05  1.2786e-05     3.2229e-04  6.7991e-05     3.8746e-04  8.1748e-05     2.0604e-03  4.3471e-04 
5.9665e+00     1.3139e-05  4.5515e-06     7.8395e-05  2.7156e-05     9.4247e-05  3.2649e-05     5.6232e-04  1.9480e-04 
6.6945e+00     5.2046e-06  3.6454e-06     3.4842e-05  2.4404e-05     4.1887e-05  2.9339e-05     2.8042e-04  1.9641e-04 
7.5114e+00     2.3193e-06  1.3533e-05     1.7421e-05  1.0165e-04     2.0944e-05  1.2220e-04     1.5732e-04  9.1792e-04 
8.4279e+00     1.0335e-06  2.4555e-06     8.7105e-06  2.0694e-05     1.0472e-05  2.4879e-05     8.8256e-05  2.0968e-04 
9.4563e+00     9.2114e-07  7.9583e-07     8.7105e-06  7.5256e-06     1.0472e-05  9.0473e-06     9.9024e-05  8.5554e-05 
1.0610e+01     1.6419e-06  6.8399e-07     1.7421e-05  7.2572e-06     2.0944e-05  8.7249e-06     2.2221e-04  9.2572e-05 
1.1905e+01     7.3169e-07  4.7748e-07     8.7105e-06  5.6842e-06     1.0472e-05  6.8337e-06     1.2466e-04  8.1353e-05 
1.3357e+01     0.0000e+00  0.0000e+00     0.0000e+00  0.0000e+00     0.0000e+00  0.0000e+00     0.0000e+00  0.0000e+00 
1.4987e+01     0.0000e+00  0.0000e+00     0.0000e+00  0.0000e+00     0.0000e+00  0.0000e+00     0.0000e+00  0.0000e+00 
1.6816e+01     0.0000e+00  0.0000e+00     0.0000e+00  0.0000e+00     0.0000e+00  0.0000e+00     0.0000e+00  0.0000e+00 
1.8868e+01     9.2333e-07  6.1432e-07     1.7421e-05  1.1591e-05     2.0944e-05  1.3935e-05     3.9516e-04  2.6292e-04 
2.1170e+01     1.6458e-06  9.0624e-07     3.4842e-05  1.9185e-05     4.1887e-05  2.3065e-05     8.8675e-04  4.8828e-04 
2.3753e+01     3.6671e-07  5.4063e-07     8.7105e-06  1.2842e-05     1.0472e-05  1.5438e-05     2.4874e-04  3.6671e-04 
2.6651e+01     0.0000e+00  0.0000e+00     0.0000e+00  0.0000e+00     0.0000e+00  0.0000e+00     0.0000e+00  0.0000e+00 
2.9903e+01     5.8258e-07  2.9634e-07     1.7421e-05  8.8615e-06     2.0944e-05  1.0654e-05     6.2629e-04  3.1858e-04 
3.3552e+01     7.7884e-07  2.9166e-06     2.6132e-05  9.7857e-05     3.1416e-05  1.1764e-04     1.0541e-03  3.9472e-03 
3.7646e+01     6.9414e-07  3.2753e-07     2.6132e-05  1.2330e-05     3.1416e-05  1.4824e-05     1.1827e-03  5.5806e-04 
4.2240e+01     2.0622e-07  1.3628e-07     8.7105e-06  5.7564e-06     1.0472e-05  6.9205e-06     4.4233e-04  2.9232e-04 
4.7394e+01     3.6758e-07  3.6679e-07     1.7421e-05  1.7383e-05     2.0944e-05  2.0898e-05     9.9260e-04  9.9045e-04 
5.3176e+01     3.2761e-07  1.8707e-07     1.7421e-05  9.9480e-06     2.0944e-05  1.1960e-05     1.1137e-03  6.3597e-04 
5.9665e+01     1.4599e-07  6.8483e-08     8.7105e-06  4.0860e-06     1.0472e-05  4.9124e-06     6.2480e-04  2.9310e-04 
6.6945e+01     2.6023e-07  1.1559e-07     1.7421e-05  7.7379e-06     2.0944e-05  9.3027e-06     1.4021e-03  6.2277e-04 
7.5114e+01     1.1596e-07  8.6327e-08     8.7105e-06  6.4843e-06     1.0472e-05  7.7956e-06     7.8658e-04  5.8556e-04 
8.4279e+01     3.1006e-07  6.7585e-07     2.6132e-05  5.6960e-05     3.1416e-05  6.8477e-05     2.6477e-03  5.7712e-03 
9.4563e+01     0.0000e+00  0.0000e+00     0.0000e+00  0.0000e+00     0.0000e+00  0.0000e+00     0.0000e+00  0.0000e+00 
1.0610e+02     2.4629e-07  1.2431e-07     2.6132e-05  1.3190e-05     3.1416e-05  1.5857e-05     3.3332e-03  1.6824e-03 
1.1905e+02     7.3169e-08  9.1421e-08     8.7105e-06  1.0883e-05     1.0472e-05  1.3084e-05     1.2466e-03  1.5576e-03 
1.3357e+02     1.3042e-07  1.0548e-07     1.7421e-05  1.4089e-05     2.0944e-05  1.6938e-05     2.7975e-03  2.2625e-03 
1.4987e+02     1.1624e-07  6.3708e-08     1.7421e-05  9.5480e-06     2.0944e-05  1.1479e-05     3.1389e-03  1.7203e-03 
1.6816e+02     0.0000e+00  0.0000e+00     0.0000e+00  0.0000e+00     0.0000e+00  0.0000e+00     0.0000e+00  0.0000e+00 
1.8868e+02     0.0000e+00  0.0000e+00     0.0000e+00  0.0000e+00     0.0000e+00  0.0000e+00     0.0000e+00  0.0000e+00 
2.1170e+02     4.1146e-08  2.3317e-08     8.7105e-06  4.9362e-06     1.0472e-05  5.9344e-06     2.2169e-03  1.2563e-03 
2.3753e+02     0.0000e+00  0.0000e+00     0.0000e+00  0.0000e+00     0.0000e+00  0.0000e+00     0.0000e+00  0.0000e+00 
2.6651e+02     3.2683e-08  5.0679e-08     8.7105e-06  1.3507e-05     1.0472e-05  1.6238e-05     2.7909e-03  4.3276e-03 
2.9903e+02     2.9129e-08  1.5975e-08     8.7105e-06  4.7769e-06     1.0472e-05  5.7429e-06     3.1314e-03  1.7173e-03 
3.3552e+02     0.0000e+00  0.0000e+00     0.0000e+00  0.0000e+00     0.0000e+00  0.0000e+00     0.0000e+00  0.0000e+00 
3.7646e+02     2.3138e-08  2.3272e-08     8.7105e-06  8.7609e-06     1.0472e-05  1.0532e-05     3.9422e-03  3.9651e-03 
4.2240e+02     4.1243e-08  4.2092e-08     1.7421e-05  1.7780e-05     2.0944e-05  2.1375e-05     8.8465e-03  9.0287e-03 
4.7394e+02     0.0000e+00  0.0000e+00     0.0000e+00  0.0000e+00     0.0000e+00  0.0000e+00     0.0000e+00  0.0000e+00 
5.3176e+02     1.6380e-08  8.8302e-09     8.7105e-06  4.6956e-06     1.0472e-05  5.6452e-06     5.5686e-03  3.0019e-03 
5.9665e+02     0.0000e+00  0.0000e+00     0.0000e+00  0.0000e+00     0.0000e+00  0.0000e+00     0.0000e+00  0.0000e+00 
6.6945e+02     0.0000e+00  0.0000e+00     0.0000e+00  0.0000e+00     0.0000e+00  0.0000e+00     0.0000e+00  0.0000e+00 
7.5114e+02     0.0000e+00  0.0000e+00     0.0000e+00  0.0000e+00     0.0000e+00  0.0000e+00     0.0000e+00  0.0000e+00 
8.4279e+02     0.0000e+00  0.0000e+00     0.0000e+00  0.0000e+00     0.0000e+00  0.0000e+00     0.0000e+00  0.0000e+00 
9.4563e+02     0.0000e+00  0.0000e+00     0.0000e+00  0.0000e+00     0.0000e+00  0.0000e+00     0.0000e+00  0.0000e+00 
1.0610e+03     0.0000e+00  0.0000e+00     0.0000e+00  0.0000e+00     0.0000e+00  0.0000e+00     0.0000e+00  0.0000e+00 
1.1905e+03     0.0000e+00  0.0000e+00     0.0000e+00  0.0000e+00     0.0000e+00  0.0000e+00     0.0000e+00  0.0000e+00 
1.3357e+03     0.0000e+00  0.0000e+00     0.0000e+00  0.0000e+00     0.0000e+00  0.0000e+00     0.0000e+00  0.0000e+00 
1.4987e+03     0.0000e+00  0.0000e+00     0.0000e+00  0.0000e+00     0.0000e+00  0.0000e+00     0.0000e+00  0.0000e+00 
1.6816e+03     0.0000e+00  0.0000e+00     0.0000e+00  0.0000e+00     0.0000e+00  0.0000e+00     0.0000e+00  0.0000e+00 
1.8868e+03     0.0000e+00  0.0000e+00     0.0000e+00  0.0000e+00     0.0000e+00  0.0000e+00     0.0000e+00  0.0000e+00 
2.1170e+03     0.0000e+00  0.0000e+00     0.0000e+00  0.0000e+00     0.0000e+00  0.0000e+00     0.0000e+00  0.0000e+00 
2.3753e+03     0.0000e+00  0.0000e+00     0.0000e+00  0.0000e+00     0.0000e+00  0.0000e+00     0.0000e+00  0.0000e+00 
2.6651e+03     0.0000e+00  0.0000e+00     0.0000e+00  0.0000e+00     0.0000e+00  0.0000e+00     0.0000e+00  0.0000e+00 
2.9903e+03     0.0000e+00  0.0000e+00     0.0000e+00  0.0000e+00     0.0000e+00  0.0000e+00     0.0000e+00  0.0000e+00 
3.3552e+03     0.0000e+00  0.0000e+00     0.0000e+00  0.0000e+00     0.0000e+00  0.0000e+00     0.0000e+00  0.0000e+00 
3.7646e+03     0.0000e+00  0.0000e+00     0.0000e+00  0.0000e+00     0.0000e+00  0.0000e+00     0.0000e+00  0.0000e+00 
4.2240e+03     0.0000e+00  0.0000e+00     0.0000e+00  0.0000e+00     0.0000e+00  0.0000e+00     0.0000e+00  0.0000e+00 
4.7394e+03     0.0000e+00  0.0000e+00     0.0000e+00  0.0000e+00     0.0000e+00  0.0000e+00     0.0000e+00  0.0000e+00 
5.3176e+03     0.0000e+00  0.0000e+00     0.0000e+00  0.0000e+00     0.0000e+00  0.0000e+00     0.0000e+00  0.0000e+00 
5.9665e+03     0.0000e+00  0.0000e+00     0.0000e+00  0.0000e+00     0.0000e+00  0.0000e+00     0.0000e+00  0.0000e+00 
6.6945e+03     0.0000e+00  0.0000e+00     0.0000e+00  0.0000e+00     0.0000e+00  0.0000e+00     0.0000e+00  0.0000e+00 
7.5114e+03     0.0000e+00  0.0000e+00     0.0000e+00  0.0000e+00     0.0000e+00  0.0000e+00     0.0000e+00  0.0000e+00 
8.4279e+03     0.0000e+00  0.0000e+00     0.0000e+00  0.0000e+00     0.0000e+00  0.0000e+00     0.0000e+00  0.0000e+00 
9.4563e+03     0.0000e+00  0.0000e+00     0.0000e+00  0.0000e+00     0.0000e+00  0.0000e+00     0.0000e+00  0.0000e+00 
