yF = 7.9915e-01 (std: 6.5420e-03) keV/um
yD = 3.0766e+00 (std: 4.1772e+00) keV/um
y (keV/um)     f(y)(std)                  yf(y)(std)                 d(y)(std)                  yd(y)(std)  
1.0610e-03     0.0000e+00  0.0000e+00     0.0000e+00  0.0000e+00     0.0000e+00  0.0000e+00     0.0000e+00  0.0000e+00 
1.1905e-03     0.0000e+00  0.0000e+00     0.0000e+00  0.0000e+00     0.0000e+00  0.0000e+00     0.0000e+00  0.0000e+00 
1.3357e-03     0.0000e+00  0.0000e+00     0.0000e+00  0.0000e+00     0.0000e+00  0.0000e+00     0.0000e+00  0.0000e+00 
1.4987e-03     1.1623e-02  1.9640e-02     1.7420e-05  2.9435e-05     2.1798e-05  3.6834e-05     3.2669e-08  5.5203e-08 
1.6816e-03     2.0718e-02  7.1615e-03     3.4840e-05  1.2043e-05     4.3596e-05  1.5074e-05     7.3311e-08  2.5348e-08 
1.8868e-03     1.3849e-02  1.0882e-02     2.6130e-05  2.0531e-05     3.2697e-05  2.5693e-05     6.1692e-08  4.8477e-08 
2.1170e-03     1.2343e-02  7.3919e-03     2.6130e-05  1.5649e-05     3.2697e-05  1.9584e-05     6.9220e-08  4.1458e-08 
2.3753e-03     7.3337e-03  4.5436e-03     1.7420e-05  1.0792e-05     2.1798e-05  1.3506e-05     5.1777e-08  3.2081e-08 
2.6651e-03     9.8043e-03  7.0822e-03     2.6130e-05  1.8875e-05     3.2697e-05  2.3621e-05     8.7142e-08  6.2952e-08 
2.9903e-03     1.1651e-02  7.7661e-03     3.4840e-05  2.3223e-05     4.3596e-05  2.9062e-05     1.3037e-07  8.6906e-08 
3.3552e-03     2.0768e-02  3.1641e-02     6.9679e-05  1.0616e-04     8.7192e-05  1.3285e-04     2.9255e-07  4.4573e-07 
3.7646e-03     1.3882e-02  6.1968e-03     5.2260e-05  2.3329e-05     6.5394e-05  2.9197e-05     2.4618e-07  1.0991e-07 
4.2240e-03     1.4434e-02  1.0109e-02     6.0969e-05  4.2700e-05     7.6293e-05  5.3435e-05     3.2226e-07  2.2571e-07 
4.7394e-03     1.1027e-02  5.3773e-03     5.2260e-05  2.5485e-05     6.5394e-05  3.1895e-05     3.0993e-07  1.5116e-07 
5.3176e-03     1.1466e-02  1.1254e-02     6.0969e-05  5.9843e-05     7.6293e-05  7.4887e-05     4.0570e-07  3.9822e-07 
5.9665e-03     1.3138e-02  3.5551e-03     7.8389e-05  2.1212e-05     9.8091e-05  2.6555e-05     5.8526e-07  1.5844e-07 
6.6945e-03     1.6914e-02  1.2761e-02     1.1323e-04  8.5427e-05     1.4169e-04  1.0690e-04     9.4853e-07  7.1567e-07 
7.5114e-03     2.7830e-02  8.1850e-03     2.0904e-04  6.1480e-05     2.6158e-04  7.6962e-05     1.9648e-06  5.7809e-07 
8.4279e-03     1.3435e-02  4.0963e-03     1.1323e-04  3.4523e-05     1.4169e-04  4.3216e-05     1.1941e-06  3.6422e-07 
9.4563e-03     2.0264e-02  1.3058e-02     1.9162e-04  1.2348e-04     2.3978e-04  1.5452e-04     2.2674e-06  1.4612e-06 
1.0610e-02     2.9553e-02  4.8098e-03     3.1356e-04  5.1032e-05     3.9237e-04  6.3939e-05     4.1630e-06  6.7840e-07 
1.1905e-02     2.4144e-02  6.9597e-03     2.8743e-04  8.2853e-05     3.5967e-04  1.0372e-04     4.2818e-06  1.2347e-06 
1.3357e-02     2.8691e-02  8.3143e-03     3.8324e-04  1.1106e-04     4.7956e-04  1.3903e-04     6.4056e-06  1.8570e-06 
1.4987e-02     2.5571e-02  7.6785e-03     3.8324e-04  1.1508e-04     4.7956e-04  1.4406e-04     7.1872e-06  2.1590e-06 
1.6816e-02     3.3149e-02  6.3569e-03     5.5744e-04  1.0690e-04     6.9754e-04  1.3389e-04     1.1730e-05  2.2514e-06 
1.8868e-02     3.9239e-02  8.0064e-03     7.4034e-04  1.5106e-04     9.2642e-04  1.8918e-04     1.7479e-05  3.5694e-06 
2.1170e-02     3.9909e-02  1.0043e-02     8.4486e-04  2.1261e-04     1.0572e-03  2.6619e-04     2.2381e-05  5.6353e-06 
2.3753e-02     5.3903e-02  1.0777e-02     1.2804e-03  2.5598e-04     1.6022e-03  3.2058e-04     3.8056e-05  7.6148e-06 
2.6651e-02     5.0656e-02  8.3586e-03     1.3500e-03  2.2277e-04     1.6894e-03  2.7910e-04     4.5023e-05  7.4384e-06 
2.9903e-02     5.3011e-02  4.5946e-03     1.5852e-03  1.3739e-04     1.9836e-03  1.7269e-04     5.9317e-05  5.1640e-06 
3.3552e-02     6.3601e-02  8.3632e-03     2.1339e-03  2.8060e-04     2.6703e-03  3.5181e-04     8.9593e-05  1.1804e-05 
3.7646e-02     7.0335e-02  6.6666e-03     2.6478e-03  2.5097e-04     3.3133e-03  3.1522e-04     1.2473e-04  1.1867e-05 
4.2240e-02     8.8461e-02  1.5474e-02     3.7366e-03  6.5363e-04     4.6757e-03  8.1881e-04     1.9750e-04  3.4586e-05 
4.7394e-02     9.4462e-02  6.9757e-03     4.4769e-03  3.3060e-04     5.6021e-03  4.1623e-04     2.6550e-04  1.9727e-05 
5.3176e-02     1.0696e-01  4.2641e-03     5.6876e-03  2.2675e-04     7.1171e-03  2.8966e-04     3.7846e-04  1.5403e-05 
5.9665e-02     1.2277e-01  7.6398e-03     7.3250e-03  4.5583e-04     9.1661e-03  5.7531e-04     5.4689e-04  3.4326e-05 
6.6945e-02     1.4533e-01  5.9210e-03     9.7290e-03  3.9638e-04     1.2174e-02  5.0592e-04     8.1501e-04  3.3869e-05 
7.5114e-02     1.5666e-01  1.1515e-02     1.1767e-02  8.6490e-04     1.4725e-02  1.0890e-03     1.1060e-03  8.1797e-05 
8.4279e-02     1.7435e-01  3.7830e-03     1.4694e-02  3.1882e-04     1.8387e-02  4.2641e-04     1.5496e-03  3.5937e-05 
9.4563e-02     1.9803e-01  9.8749e-03     1.8726e-02  9.3379e-04     2.3433e-02  1.1841e-03     2.2159e-03  1.1197e-04 
1.0610e-01     2.1812e-01  8.3626e-03     2.3142e-02  8.8728e-04     2.8959e-02  1.1353e-03     3.0726e-03  1.2046e-04 
1.1905e-01     2.4217e-01  7.5998e-03     2.8830e-02  9.0473e-04     3.6076e-02  1.1700e-03     4.2947e-03  1.3929e-04 
1.3357e-01     2.6115e-01  6.4973e-03     3.4883e-02  8.6786e-04     4.3651e-02  1.1433e-03     5.8306e-03  1.5271e-04 
1.4987e-01     2.8895e-01  1.0813e-02     4.3306e-02  1.6205e-03     5.4190e-02  2.0757e-03     8.1215e-03  3.1110e-04 
1.6816e-01     3.2103e-01  9.6730e-03     5.3984e-02  1.6266e-03     6.7552e-02  2.1092e-03     1.1359e-02  3.5468e-04 
1.8868e-01     3.5195e-01  5.3312e-03     6.6404e-02  1.0059e-03     8.3094e-02  1.4307e-03     1.5678e-02  2.6995e-04 
2.1170e-01     3.9238e-01  6.2186e-03     8.3067e-02  1.3165e-03     1.0394e-01  1.8541e-03     2.2005e-02  3.9252e-04 
2.3753e-01     4.4032e-01  1.0308e-02     1.0459e-01  2.4484e-03     1.3088e-01  3.2457e-03     3.1087e-02  7.7096e-04 
2.6651e-01     4.8450e-01  5.2870e-03     1.2912e-01  1.4091e-03     1.6158e-01  2.2042e-03     4.3063e-02  5.8745e-04 
2.9903e-01     5.3856e-01  5.3400e-03     1.6105e-01  1.5968e-03     2.0152e-01  2.5912e-03     6.0262e-02  7.7486e-04 
3.3552e-01     6.0016e-01  9.1011e-03     2.0136e-01  3.0536e-03     2.5197e-01  4.3423e-03     8.4543e-02  1.4569e-03 
3.7646e-01     6.7500e-01  1.2546e-02     2.5411e-01  4.7230e-03     3.1798e-01  6.4579e-03     1.1971e-01  2.4311e-03 
4.2240e-01     7.5792e-01  1.0714e-02     3.2014e-01  4.5256e-03     4.0061e-01  6.5441e-03     1.6921e-01  2.7642e-03 
4.7394e-01     8.5806e-01  6.8359e-03     4.0667e-01  3.2398e-03     5.0888e-01  5.8129e-03     2.4117e-01  2.7549e-03 
5.3176e-01     9.7211e-01  4.6977e-03     5.1693e-01  2.4981e-03     6.4686e-01  6.1492e-03     3.4398e-01  3.2699e-03 
5.9665e-01     1.1285e+00  5.4847e-03     6.7329e-01  3.2724e-03     8.4252e-01  8.0211e-03     5.0269e-01  4.7858e-03 
6.6945e-01     1.3005e+00  8.8217e-03     8.7061e-01  5.9057e-03     1.0894e+00  1.1582e-02     7.2932e-01  7.7537e-03 
7.5114e-01     1.3714e+00  4.4613e-03     1.0301e+00  3.3511e-03     1.2890e+00  1.1355e-02     9.6821e-01  8.5289e-03 
8.4279e-01     1.1635e+00  9.8742e-03     9.8056e-01  8.3219e-03     1.2270e+00  1.4468e-02     1.0341e+00  1.2194e-02 
9.4563e-01     8.1653e-01  4.0860e-03     7.7213e-01  3.8638e-03     9.6620e-01  9.2702e-03     9.1366e-01  8.7662e-03 
1.0610e+00     5.1730e-01  3.3788e-03     5.4886e-01  3.5849e-03     6.8680e-01  7.1927e-03     7.2870e-01  7.6315e-03 
1.1905e+00     3.1911e-01  3.0030e-03     3.7989e-01  3.5750e-03     4.7537e-01  5.9293e-03     5.6592e-01  7.0586e-03 
1.3357e+00     2.0294e-01  8.5996e-04     2.7107e-01  1.1487e-03     3.3920e-01  3.1267e-03     4.5308e-01  4.1765e-03 
1.4987e+00     1.2997e-01  2.2030e-03     1.9479e-01  3.3016e-03     2.4375e-01  4.5881e-03     3.6531e-01  6.8762e-03 
1.6816e+00     8.5971e-02  1.0846e-03     1.4457e-01  1.8239e-03     1.8090e-01  2.7206e-03     3.0420e-01  4.5750e-03 
1.8868e+00     5.6444e-02  9.8159e-04     1.0650e-01  1.8520e-03     1.3326e-01  2.5614e-03     2.5144e-01  4.8329e-03 
2.1170e+00     3.6049e-02  7.9544e-04     7.6316e-02  1.6839e-03     9.5497e-02  2.2475e-03     2.0217e-01  4.7580e-03 
2.3753e+00     2.2064e-02  5.4080e-04     5.2408e-02  1.2846e-03     6.5580e-02  1.6947e-03     1.5577e-01  4.0255e-03 
2.6651e+00     1.3442e-02  2.6433e-04     3.5824e-02  7.0448e-04     4.4828e-02  9.5487e-04     1.1947e-01  2.5449e-03 
2.9903e+00     7.1419e-03  1.9224e-04     2.1357e-02  5.7486e-04     2.6724e-02  7.5187e-04     7.9915e-02  2.2483e-03 
3.3552e+00     3.4240e-03  1.1415e-04     1.1488e-02  3.8300e-04     1.4376e-02  4.9349e-04     4.8234e-02  1.6558e-03 
3.7646e+00     1.3303e-03  1.2973e-04     5.0082e-03  4.8838e-04     6.2669e-03  6.1328e-04     2.3593e-02  2.3088e-03 
4.2240e+00     4.5777e-04  3.1615e-05     1.9336e-03  1.3354e-04     2.4196e-03  1.6828e-04     1.0220e-02  7.1079e-04 
4.7394e+00     1.3783e-04  2.2186e-05     6.5324e-04  1.0515e-04     8.1743e-04  1.3175e-04     3.8741e-03  6.2439e-04 
5.3176e+00     3.6034e-05  8.5076e-06     1.9162e-04  4.5241e-05     2.3978e-04  5.6645e-05     1.2751e-03  3.0122e-04 
5.9665e+00     1.3138e-05  9.4388e-06     7.8389e-05  5.6316e-05     9.8091e-05  7.0475e-05     5.8526e-04  4.2049e-04 
6.6945e+00     1.3011e-06  1.6862e-06     8.7099e-06  1.1289e-05     1.0899e-05  1.4126e-05     7.2964e-05  9.4567e-05 
7.5114e+00     3.4787e-06  1.8364e-06     2.6130e-05  1.3794e-05     3.2697e-05  1.7263e-05     2.4560e-04  1.2967e-04 
8.4279e+00     2.0669e-06  1.3415e-06     1.7420e-05  1.1306e-05     2.1798e-05  1.4148e-05     1.8371e-04  1.1924e-04 
9.4563e+00     0.0000e+00  0.0000e+00     0.0000e+00  0.0000e+00     0.0000e+00  0.0000e+00     0.0000e+00  0.0000e+00 
1.0610e+01     0.0000e+00  0.0000e+00     0.0000e+00  0.0000e+00     0.0000e+00  0.0000e+00     0.0000e+00  0.0000e+00 
1.1905e+01     1.4633e-06  8.1084e-07     1.7420e-05  9.6529e-06     2.1798e-05  1.2080e-05     2.5950e-04  1.4381e-04 
1.3357e+01     0.0000e+00  0.0000e+00     0.0000e+00  0.0000e+00     0.0000e+00  0.0000e+00     0.0000e+00  0.0000e+00 
1.4987e+01     5.8116e-07  2.8478e-07     8.7099e-06  4.2680e-06     1.0899e-05  5.3415e-06     1.6335e-04  8.0054e-05 
1.6816e+01     0.0000e+00  0.0000e+00     0.0000e+00  0.0000e+00     0.0000e+00  0.0000e+00     0.0000e+00  0.0000e+00 
1.8868e+01     9.2326e-07  6.1817e-07     1.7420e-05  1.1663e-05     2.1798e-05  1.4596e-05     4.1128e-04  2.7539e-04 
2.1170e+01     0.0000e+00  0.0000e+00     0.0000e+00  0.0000e+00     0.0000e+00  0.0000e+00     0.0000e+00  0.0000e+00 
2.3753e+01     7.3337e-07  7.2956e-07     1.7420e-05  1.7329e-05     2.1798e-05  2.1685e-05     5.1777e-04  5.1509e-04 
2.6651e+01     3.2681e-07  9.2424e-08     8.7099e-06  2.4632e-06     1.0899e-05  3.0836e-06     2.9047e-04  8.2183e-05 
2.9903e+01     8.7381e-07  4.0110e-07     2.6130e-05  1.1994e-05     3.2697e-05  1.5011e-05     9.7775e-04  4.4888e-04 
3.3552e+01     2.5959e-07  1.6289e-07     8.7099e-06  5.4654e-06     1.0899e-05  6.8396e-06     3.6569e-04  2.2948e-04 
3.7646e+01     4.6273e-07  2.0393e-07     1.7420e-05  7.6770e-06     2.1798e-05  9.6082e-06     8.2061e-04  3.6171e-04 
4.2240e+01     0.0000e+00  0.0000e+00     0.0000e+00  0.0000e+00     0.0000e+00  0.0000e+00     0.0000e+00  0.0000e+00 
4.7394e+01     1.8378e-07  2.5991e-08     8.7099e-06  1.2318e-06     1.0899e-05  1.5440e-06     5.1654e-04  7.3174e-05 
5.3176e+01     3.2759e-07  1.4903e-07     1.7420e-05  7.9250e-06     2.1798e-05  9.9184e-06     1.1591e-03  5.2742e-04 
5.9665e+01     1.4598e-07  7.3017e-08     8.7099e-06  4.3565e-06     1.0899e-05  5.4522e-06     6.5029e-04  3.2531e-04 
6.6945e+01     1.3011e-07  1.0398e-07     8.7099e-06  6.9609e-06     1.0899e-05  8.7109e-06     7.2964e-04  5.8315e-04 
7.5114e+01     4.6383e-07  1.7718e-07     3.4840e-05  1.3308e-05     4.3596e-05  1.6657e-05     3.2747e-03  1.2512e-03 
8.4279e+01     3.1004e-07  1.3895e-07     2.6130e-05  1.1711e-05     3.2697e-05  1.4656e-05     2.7557e-03  1.2352e-03 
9.4563e+01     9.2108e-08  7.2725e-08     8.7099e-06  6.8770e-06     1.0899e-05  8.6059e-06     1.0306e-03  8.1380e-04 
1.0610e+02     8.2091e-08  5.3569e-08     8.7099e-06  5.6837e-06     1.0899e-05  7.1127e-06     1.1564e-03  7.5467e-04 
1.1905e+02     2.1949e-07  3.4362e-07     2.6130e-05  4.0907e-05     3.2697e-05  5.1190e-05     3.8925e-03  6.0940e-03 
1.3357e+02     1.3041e-07  7.7816e-08     1.7420e-05  1.0394e-05     2.1798e-05  1.3008e-05     2.9116e-03  1.7375e-03 
1.4987e+02     5.8116e-08  4.1777e-08     8.7099e-06  6.2611e-06     1.0899e-05  7.8353e-06     1.6335e-03  1.1743e-03 
1.6816e+02     5.1796e-08  4.6064e-08     8.7099e-06  7.7461e-06     1.0899e-05  9.6934e-06     1.8328e-03  1.6300e-03 
1.8868e+02     4.6163e-08  1.8462e-08     8.7099e-06  3.4834e-06     1.0899e-05  4.3598e-06     2.0564e-03  8.2259e-04 
2.1170e+02     0.0000e+00  0.0000e+00     0.0000e+00  0.0000e+00     0.0000e+00  0.0000e+00     0.0000e+00  0.0000e+00 
2.3753e+02     0.0000e+00  0.0000e+00     0.0000e+00  0.0000e+00     0.0000e+00  0.0000e+00     0.0000e+00  0.0000e+00 
2.6651e+02     3.2681e-08  2.6118e-08     8.7099e-06  6.9609e-06     1.0899e-05  8.7109e-06     2.9047e-03  2.3216e-03 
2.9903e+02     2.9127e-08  2.8706e-08     8.7099e-06  8.5842e-06     1.0899e-05  1.0742e-05     3.2592e-03  3.2122e-03 
3.3552e+02     2.5959e-08  3.6713e-09     8.7099e-06  1.2318e-06     1.0899e-05  1.5440e-06     3.6569e-03  5.1803e-04 
3.7646e+02     4.6273e-08  1.8051e-08     1.7420e-05  6.7955e-06     2.1798e-05  8.5054e-06     8.2061e-03  3.2019e-03 
4.2240e+02     2.0620e-08  7.7140e-09     8.7099e-06  3.2583e-06     1.0899e-05  4.0783e-06     4.6037e-03  1.7226e-03 
4.7394e+02     0.0000e+00  0.0000e+00     0.0000e+00  0.0000e+00     0.0000e+00  0.0000e+00     0.0000e+00  0.0000e+00 
5.3176e+02     1.6379e-08  1.9240e-07     8.7099e-06  1.0231e-04     1.0899e-05  1.2803e-04     5.7957e-03  6.8080e-02 
5.9665e+02     1.4598e-08  8.1398e-09     8.7099e-06  4.8566e-06     1.0899e-05  6.0779e-06     6.5029e-03  3.6264e-03 
6.6945e+02     0.0000e+00  0.0000e+00     0.0000e+00  0.0000e+00     0.0000e+00  0.0000e+00     0.0000e+00  0.0000e+00 
7.5114e+02     0.0000e+00  0.0000e+00     0.0000e+00  0.0000e+00     0.0000e+00  0.0000e+00     0.0000e+00  0.0000e+00 
8.4279e+02     0.0000e+00  0.0000e+00     0.0000e+00  0.0000e+00     0.0000e+00  0.0000e+00     0.0000e+00  0.0000e+00 
9.4563e+02     0.0000e+00  0.0000e+00     0.0000e+00  0.0000e+00     0.0000e+00  0.0000e+00     0.0000e+00  0.0000e+00 
1.0610e+03     0.0000e+00  0.0000e+00     0.0000e+00  0.0000e+00     0.0000e+00  0.0000e+00     0.0000e+00  0.0000e+00 
1.1905e+03     0.0000e+00  0.0000e+00     0.0000e+00  0.0000e+00     0.0000e+00  0.0000e+00     0.0000e+00  0.0000e+00 
1.3357e+03     0.0000e+00  0.0000e+00     0.0000e+00  0.0000e+00     0.0000e+00  0.0000e+00     0.0000e+00  0.0000e+00 
1.4987e+03     0.0000e+00  0.0000e+00     0.0000e+00  0.0000e+00     0.0000e+00  0.0000e+00     0.0000e+00  0.0000e+00 
1.6816e+03     0.0000e+00  0.0000e+00     0.0000e+00  0.0000e+00     0.0000e+00  0.0000e+00     0.0000e+00  0.0000e+00 
1.8868e+03     0.0000e+00  0.0000e+00     0.0000e+00  0.0000e+00     0.0000e+00  0.0000e+00     0.0000e+00  0.0000e+00 
2.1170e+03     0.0000e+00  0.0000e+00     0.0000e+00  0.0000e+00     0.0000e+00  0.0000e+00     0.0000e+00  0.0000e+00 
2.3753e+03     0.0000e+00  0.0000e+00     0.0000e+00  0.0000e+00     0.0000e+00  0.0000e+00     0.0000e+00  0.0000e+00 
2.6651e+03     0.0000e+00  0.0000e+00     0.0000e+00  0.0000e+00     0.0000e+00  0.0000e+00     0.0000e+00  0.0000e+00 
2.9903e+03     0.0000e+00  0.0000e+00     0.0000e+00  0.0000e+00     0.0000e+00  0.0000e+00     0.0000e+00  0.0000e+00 
3.3552e+03     0.0000e+00  0.0000e+00     0.0000e+00  0.0000e+00     0.0000e+00  0.0000e+00     0.0000e+00  0.0000e+00 
3.7646e+03     0.0000e+00  0.0000e+00     0.0000e+00  0.0000e+00     0.0000e+00  0.0000e+00     0.0000e+00  0.0000e+00 
4.2240e+03     0.0000e+00  0.0000e+00     0.0000e+00  0.0000e+00     0.0000e+00  0.0000e+00     0.0000e+00  0.0000e+00 
4.7394e+03     0.0000e+00  0.0000e+00     0.0000e+00  0.0000e+00     0.0000e+00  0.0000e+00     0.0000e+00  0.0000e+00 
5.3176e+03     0.0000e+00  0.0000e+00     0.0000e+00  0.0000e+00     0.0000e+00  0.0000e+00     0.0000e+00  0.0000e+00 
5.9665e+03     0.0000e+00  0.0000e+00     0.0000e+00  0.0000e+00     0.0000e+00  0.0000e+00     0.0000e+00  0.0000e+00 
6.6945e+03     0.0000e+00  0.0000e+00     0.0000e+00  0.0000e+00     0.0000e+00  0.0000e+00     0.0000e+00  0.0000e+00 
7.5114e+03     0.0000e+00  0.0000e+00     0.0000e+00  0.0000e+00     0.0000e+00  0.0000e+00     0.0000e+00  0.0000e+00 
8.4279e+03     0.0000e+00  0.0000e+00     0.0000e+00  0.0000e+00     0.0000e+00  0.0000e+00     0.0000e+00  0.0000e+00 
9.4563e+03     0.0000e+00  0.0000e+00     0.0000e+00  0.0000e+00     0.0000e+00  0.0000e+00     0.0000e+00  0.0000e+00 
