yF = 7.1950e-01 (std: 2.4724e-03) keV/um
yD = 2.9024e+00 (std: 1.2584e+00) keV/um
y (keV/um)     f(y)(std)                  yf(y)(std)                 d(y)(std)                  yd(y)(std)  
1.0610e-03     0.0000e+00  0.0000e+00     0.0000e+00  0.0000e+00     0.0000e+00  0.0000e+00     0.0000e+00  0.0000e+00 
1.1905e-03     0.0000e+00  0.0000e+00     0.0000e+00  0.0000e+00     0.0000e+00  0.0000e+00     0.0000e+00  0.0000e+00 
1.3357e-03     0.0000e+00  0.0000e+00     0.0000e+00  0.0000e+00     0.0000e+00  0.0000e+00     0.0000e+00  0.0000e+00 
1.4987e-03     3.4864e-02  1.8920e-02     5.2251e-05  2.8356e-05     7.2621e-05  3.9411e-05     1.0884e-07  5.9066e-08 
1.6816e-03     2.0715e-02  2.1771e-02     3.4834e-05  3.6609e-05     4.8414e-05  5.0882e-05     8.1413e-08  8.5562e-08 
1.8868e-03     1.3847e-02  9.6146e-03     2.6125e-05  1.8141e-05     3.6311e-05  2.5213e-05     6.8510e-08  4.7571e-08 
2.1170e-03     2.0568e-02  2.5747e-02     4.3542e-05  5.4505e-05     6.0518e-05  7.5755e-05     1.2812e-07  1.6037e-07 
2.3753e-03     2.1997e-02  7.8335e-03     5.2251e-05  1.8607e-05     7.2621e-05  2.5862e-05     1.7250e-07  6.1430e-08 
2.6651e-03     3.2675e-03  2.6113e-03     8.7085e-06  6.9595e-06     1.2104e-05  9.6728e-06     3.2258e-08  2.5779e-08 
2.9903e-03     2.0385e-02  7.5734e-03     6.0959e-05  2.2647e-05     8.4725e-05  3.1477e-05     2.5335e-07  9.4127e-08 
3.3552e-03     2.8551e-02  3.1700e-02     9.5793e-05  1.0636e-04     1.3314e-04  1.4783e-04     4.4671e-07  4.9599e-07 
3.7646e-03     3.0072e-02  1.0484e-02     1.1321e-04  3.9467e-05     1.5735e-04  5.4857e-05     5.9234e-07  2.0651e-07 
4.2240e-03     1.8555e-02  5.6701e-03     7.8376e-05  2.3950e-05     1.0893e-04  3.3290e-05     4.6012e-07  1.4061e-07 
4.7394e-03     1.6537e-02  5.4207e-03     7.8376e-05  2.5691e-05     1.0893e-04  3.5709e-05     5.1627e-07  1.6924e-07 
5.3176e-03     2.2927e-02  8.1545e-03     1.2192e-04  4.3363e-05     1.6945e-04  6.0271e-05     9.0107e-07  3.2050e-07 
5.9665e-03     2.6272e-02  8.2447e-03     1.5675e-04  4.9192e-05     2.1786e-04  6.8374e-05     1.2999e-06  4.0795e-07 
6.6945e-03     2.6017e-02  8.2731e-03     1.7417e-04  5.5384e-05     2.4207e-04  7.6981e-05     1.6205e-06  5.1535e-07 
7.5114e-03     2.3187e-02  7.2684e-03     1.7417e-04  5.4596e-05     2.4207e-04  7.5885e-05     1.8183e-06  5.7000e-07 
8.4279e-03     2.3766e-02  7.6359e-03     2.0029e-04  6.4355e-05     2.7838e-04  8.9449e-05     2.3462e-06  7.5387e-07 
9.4563e-03     2.2102e-02  7.9215e-03     2.0900e-04  7.4908e-05     2.9048e-04  1.0412e-04     2.7469e-06  9.8455e-07 
1.0610e-02     2.7085e-02  9.3531e-03     2.8738e-04  9.9237e-05     3.9942e-04  1.3793e-04     4.2378e-06  1.4635e-06 
1.1905e-02     3.0724e-02  9.7651e-03     3.6576e-04  1.1625e-04     5.0835e-04  1.6158e-04     6.0517e-06  1.9236e-06 
1.3357e-02     3.8466e-02  8.4056e-03     5.1380e-04  1.1228e-04     7.1411e-04  1.5607e-04     9.5386e-06  2.0846e-06 
1.4987e-02     3.1958e-02  4.5245e-03     4.7897e-04  6.7809e-05     6.6569e-04  9.4272e-05     9.9769e-06  1.4129e-06 
1.6816e-02     4.5573e-02  7.8284e-03     7.6634e-04  1.3164e-04     1.0651e-03  1.8300e-04     1.7911e-05  3.0773e-06 
1.8868e-02     3.8770e-02  7.1477e-03     7.3151e-04  1.3486e-04     1.0167e-03  1.8747e-04     1.9183e-05  3.5371e-06 
2.1170e-02     5.5122e-02  7.4330e-03     1.1669e-03  1.5736e-04     1.6219e-03  2.1877e-04     3.4335e-05  4.6314e-06 
2.3753e-02     7.3325e-02  1.2200e-02     1.7417e-03  2.8980e-04     2.4207e-03  4.0286e-04     5.7499e-05  9.5692e-06 
2.6651e-02     6.2737e-02  6.3550e-03     1.6720e-03  1.6937e-04     2.3239e-03  2.3554e-04     6.1934e-05  6.2774e-06 
2.9903e-02     7.6300e-02  5.0995e-03     2.2816e-03  1.5249e-04     3.1711e-03  2.1222e-04     9.4827e-05  6.3461e-06 
3.3552e-02     8.4354e-02  9.4940e-03     2.8302e-03  3.1854e-04     3.9336e-03  4.4294e-04     1.3198e-04  1.4861e-05 
3.7646e-02     9.5074e-02  9.8388e-03     3.5792e-03  3.7039e-04     4.9746e-03  5.1508e-04     1.8727e-04  1.9391e-05 
4.2240e-02     1.1112e-01  7.6187e-03     4.6939e-03  3.2181e-04     6.5238e-03  4.4783e-04     2.7556e-04  1.8916e-05 
4.7394e-02     1.2201e-01  4.1401e-03     5.7824e-03  1.9621e-04     8.0367e-03  2.7410e-04     3.8089e-04  1.2991e-05 
5.3176e-02     1.4133e-01  7.1754e-03     7.5154e-03  3.8156e-04     1.0445e-02  5.3153e-04     5.5545e-04  2.8265e-05 
5.9665e-02     1.5968e-01  6.0117e-03     9.5271e-03  3.5869e-04     1.3241e-02  5.0060e-04     7.9004e-04  2.9868e-05 
6.6945e-02     1.7470e-01  7.2646e-03     1.1695e-02  4.8633e-04     1.6255e-02  6.7824e-04     1.0882e-03  4.5405e-05 
7.5114e-02     2.0277e-01  4.9371e-03     1.5231e-02  3.7084e-04     2.1169e-02  5.2053e-04     1.5901e-03  3.9099e-05 
8.4279e-02     2.1947e-01  1.5249e-02     1.8497e-02  1.2852e-03     2.5708e-02  1.7884e-03     2.1666e-03  1.5073e-04 
9.4563e-02     2.4948e-01  3.5749e-03     2.3591e-02  3.3805e-04     3.2788e-02  4.8317e-04     3.1006e-03  4.5689e-05 
1.0610e-01     2.6897e-01  6.9934e-03     2.8538e-02  7.4201e-04     3.9663e-02  1.0403e-03     4.2083e-03  1.1037e-04 
1.1905e-01     2.9458e-01  6.8552e-03     3.5069e-02  8.1610e-04     4.8741e-02  1.1466e-03     5.8025e-03  1.3649e-04 
1.3357e-01     3.1992e-01  8.8953e-03     4.2732e-02  1.1882e-03     5.9392e-02  1.6640e-03     7.9332e-03  2.2226e-04 
1.4987e-01     3.5404e-01  9.0653e-03     5.3061e-02  1.3586e-03     7.3747e-02  1.9052e-03     1.1053e-02  2.8554e-04 
1.6816e-01     3.9182e-01  7.5066e-03     6.5888e-02  1.2623e-03     9.1575e-02  1.7824e-03     1.5399e-02  2.9973e-04 
1.8868e-01     4.4074e-01  6.4879e-03     8.3157e-02  1.2241e-03     1.1558e-01  1.7471e-03     2.1807e-02  3.2964e-04 
2.1170e-01     4.9400e-01  6.1932e-03     1.0458e-01  1.3111e-03     1.4535e-01  1.8895e-03     3.0771e-02  4.0000e-04 
2.3753e-01     5.3293e-01  4.3950e-03     1.2659e-01  1.0439e-03     1.7594e-01  1.5719e-03     4.1790e-02  3.7336e-04 
2.6651e-01     5.9397e-01  4.5362e-03     1.5830e-01  1.2090e-03     2.2002e-01  1.8425e-03     5.8638e-02  4.9106e-04 
2.9903e-01     6.6925e-01  5.3419e-03     2.0013e-01  1.5974e-03     2.7815e-01  2.4172e-03     8.3176e-02  7.2281e-04 
3.3552e-01     7.5275e-01  4.6716e-03     2.5256e-01  1.5674e-03     3.5103e-01  2.4901e-03     1.1778e-01  8.3550e-04 
3.7646e-01     8.4739e-01  5.3819e-03     3.1901e-01  2.0261e-03     4.4338e-01  3.2017e-03     1.6691e-01  1.2053e-03 
4.2240e-01     9.6592e-01  9.8365e-03     4.0800e-01  4.1549e-03     5.6706e-01  6.0946e-03     2.3952e-01  2.5743e-03 
4.7394e-01     1.0899e+00  8.1211e-03     5.1652e-01  3.8489e-03     7.1790e-01  5.8908e-03     3.4024e-01  2.7919e-03 
5.3176e-01     1.2516e+00  9.1724e-03     6.6556e-01  4.8775e-03     9.2504e-01  7.4873e-03     4.9190e-01  3.9815e-03 
5.9665e-01     1.4386e+00  9.1628e-03     8.5832e-01  5.4670e-03     1.1929e+00  8.6336e-03     7.1177e-01  5.1512e-03 
6.6945e-01     1.5237e+00  3.7907e-03     1.0200e+00  2.5377e-03     1.4177e+00  6.0143e-03     9.4907e-01  4.0263e-03 
7.5114e-01     1.3029e+00  2.9120e-03     9.7867e-01  2.1873e-03     1.3602e+00  5.5758e-03     1.0217e+00  4.1882e-03 
8.4279e-01     9.2714e-01  3.7998e-03     7.8138e-01  3.2024e-03     1.0860e+00  5.8084e-03     9.1528e-01  4.8952e-03 
9.4563e-01     5.7930e-01  2.8540e-03     5.4780e-01  2.6988e-03     7.6136e-01  4.5732e-03     7.1996e-01  4.3245e-03 
1.0610e+00     3.6149e-01  2.1101e-03     3.8355e-01  2.2389e-03     5.3308e-01  3.6108e-03     5.6560e-01  3.8311e-03 
1.1905e+00     2.2605e-01  2.0960e-03     2.6911e-01  2.4952e-03     3.7402e-01  3.6985e-03     4.4526e-01  4.4029e-03 
1.3357e+00     1.4626e-01  2.3698e-03     1.9537e-01  3.1654e-03     2.7153e-01  4.4973e-03     3.6269e-01  6.0072e-03 
1.4987e+00     9.6015e-02  7.6390e-04     1.4390e-01  1.1449e-03     2.0000e-01  1.7333e-03     2.9974e-01  2.5977e-03 
1.6816e+00     6.4693e-02  7.4425e-04     1.0879e-01  1.2515e-03     1.5120e-01  1.8154e-03     2.5425e-01  3.0527e-03 
1.8868e+00     4.2126e-02  5.8458e-04     7.9482e-02  1.1030e-03     1.1047e-01  1.5793e-03     2.0843e-01  2.9797e-03 
2.1170e+00     2.7253e-02  5.2176e-04     5.7694e-02  1.1046e-03     8.0186e-02  1.5597e-03     1.6975e-01  3.3019e-03 
2.3753e+00     1.6711e-02  5.9872e-04     3.9693e-02  1.4221e-03     5.5168e-02  1.9856e-03     1.3104e-01  4.7165e-03 
2.6651e+00     1.0182e-02  2.6501e-04     2.7136e-02  7.0628e-04     3.7715e-02  9.9014e-04     1.0051e-01  2.6389e-03 
2.9903e+00     5.2886e-03  1.9512e-04     1.5815e-02  5.8348e-04     2.1980e-02  8.1446e-04     6.5727e-02  2.4355e-03 
3.3552e+00     2.5254e-03  8.6170e-05     8.4733e-03  2.8912e-04     1.1777e-02  4.0387e-04     3.9513e-02  1.3551e-03 
3.7646e+00     9.2299e-04  8.9283e-05     3.4747e-03  3.3611e-04     4.8293e-03  4.6745e-04     1.8180e-02  1.7598e-03 
4.2240e+00     3.3812e-04  4.2663e-05     1.4282e-03  1.8021e-04     1.9850e-03  2.5055e-04     8.3845e-03  1.0583e-03 
4.7394e+00     1.1025e-04  2.1479e-05     5.2251e-04  1.0180e-04     7.2621e-04  1.4151e-04     3.4418e-03  6.7064e-04 
5.3176e+00     3.4391e-05  7.9969e-06     1.8288e-04  4.2525e-05     2.5417e-04  5.9110e-05     1.3516e-03  3.1433e-04 
5.9665e+00     5.8382e-06  6.5606e-06     3.4834e-05  3.9144e-05     4.8414e-05  5.4404e-05     2.8886e-04  3.2460e-04 
6.6945e+00     2.6017e-06  8.3788e-07     1.7417e-05  5.6092e-06     2.4207e-05  7.7964e-06     1.6205e-04  5.2193e-05 
7.5114e+00     0.0000e+00  0.0000e+00     0.0000e+00  0.0000e+00     0.0000e+00  0.0000e+00     0.0000e+00  0.0000e+00 
8.4279e+00     0.0000e+00  0.0000e+00     0.0000e+00  0.0000e+00     0.0000e+00  0.0000e+00     0.0000e+00  0.0000e+00 
9.4563e+00     9.2092e-07  6.5427e-07     8.7085e-06  6.1870e-06     1.2104e-05  8.5991e-06     1.1445e-04  8.1316e-05 
1.0610e+01     0.0000e+00  0.0000e+00     0.0000e+00  0.0000e+00     0.0000e+00  0.0000e+00     0.0000e+00  0.0000e+00 
1.1905e+01     7.3151e-07  1.0345e-07     8.7085e-06  1.2315e-06     1.2104e-05  1.7122e-06     1.4409e-04  2.0383e-05 
1.3357e+01     1.9559e-06  9.4915e-07     2.6125e-05  1.2678e-05     3.6311e-05  1.7621e-05     4.8501e-04  2.3537e-04 
1.4987e+01     5.8106e-07  3.6460e-07     8.7085e-06  5.4643e-06     1.2104e-05  7.5947e-06     1.8140e-04  1.1382e-04 
1.6816e+01     5.1787e-07  2.4291e-07     8.7085e-06  4.0848e-06     1.2104e-05  5.6775e-06     2.0353e-04  9.5471e-05 
1.8868e+01     4.6155e-07  3.8803e-07     8.7085e-06  7.3213e-06     1.2104e-05  1.0176e-05     2.2837e-04  1.9199e-04 
2.1170e+01     4.1136e-07  3.9049e-07     8.7085e-06  8.2667e-06     1.2104e-05  1.1490e-05     2.5623e-04  2.4323e-04 
2.3753e+01     7.3325e-07  3.9553e-07     1.7417e-05  9.3951e-06     2.4207e-05  1.3058e-05     5.7499e-04  3.1017e-04 
2.6651e+01     0.0000e+00  0.0000e+00     0.0000e+00  0.0000e+00     0.0000e+00  0.0000e+00     0.0000e+00  0.0000e+00 
2.9903e+01     5.8244e-07  7.8100e-07     1.7417e-05  2.3354e-05     2.4207e-05  3.2459e-05     7.2387e-04  9.7064e-04 
3.3552e+01     5.1910e-07  2.9059e-07     1.7417e-05  9.7500e-06     2.4207e-05  1.3551e-05     8.1220e-04  4.5468e-04 
3.7646e+01     0.0000e+00  0.0000e+00     0.0000e+00  0.0000e+00     0.0000e+00  0.0000e+00     0.0000e+00  0.0000e+00 
4.2240e+01     2.0617e-07  2.0318e-07     8.7085e-06  8.5824e-06     1.2104e-05  1.1928e-05     5.1125e-04  5.0385e-04 
4.7394e+01     3.6750e-07  2.2117e-07     1.7417e-05  1.0482e-05     2.4207e-05  1.4569e-05     1.1473e-03  6.9046e-04 
5.3176e+01     0.0000e+00  0.0000e+00     0.0000e+00  0.0000e+00     0.0000e+00  0.0000e+00     0.0000e+00  0.0000e+00 
5.9665e+01     0.0000e+00  0.0000e+00     0.0000e+00  0.0000e+00     0.0000e+00  0.0000e+00     0.0000e+00  0.0000e+00 
6.6945e+01     0.0000e+00  0.0000e+00     0.0000e+00  0.0000e+00     0.0000e+00  0.0000e+00     0.0000e+00  0.0000e+00 
7.5114e+01     1.1594e-07  1.1660e-07     8.7085e-06  8.7583e-06     1.2104e-05  1.2173e-05     9.0914e-04  9.1435e-04 
8.4279e+01     1.0333e-07  1.1419e-07     8.7085e-06  9.6236e-06     1.2104e-05  1.3376e-05     1.0201e-03  1.1273e-03 
9.4563e+01     0.0000e+00  0.0000e+00     0.0000e+00  0.0000e+00     0.0000e+00  0.0000e+00     0.0000e+00  0.0000e+00 
1.0610e+02     0.0000e+00  0.0000e+00     0.0000e+00  0.0000e+00     0.0000e+00  0.0000e+00     0.0000e+00  0.0000e+00 
1.1905e+02     0.0000e+00  0.0000e+00     0.0000e+00  0.0000e+00     0.0000e+00  0.0000e+00     0.0000e+00  0.0000e+00 
1.3357e+02     1.3039e-07  6.1627e-08     1.7417e-05  8.2318e-06     2.4207e-05  1.1441e-05     3.2334e-03  1.5282e-03 
1.4987e+02     5.8106e-08  4.5877e-08     8.7085e-06  6.8757e-06     1.2104e-05  9.5563e-06     1.8140e-03  1.4322e-03 
1.6816e+02     5.1787e-08  2.4839e-08     8.7085e-06  4.1769e-06     1.2104e-05  5.8055e-06     2.0353e-03  9.7625e-04 
1.8868e+02     9.2311e-08  5.6535e-08     1.7417e-05  1.0667e-05     2.4207e-05  1.4826e-05     4.5673e-03  2.7973e-03 
2.1170e+02     0.0000e+00  0.0000e+00     0.0000e+00  0.0000e+00     0.0000e+00  0.0000e+00     0.0000e+00  0.0000e+00 
2.3753e+02     0.0000e+00  0.0000e+00     0.0000e+00  0.0000e+00     0.0000e+00  0.0000e+00     0.0000e+00  0.0000e+00 
2.6651e+02     3.2675e-08  2.9059e-08     8.7085e-06  7.7446e-06     1.2104e-05  1.0764e-05     3.2258e-03  2.8687e-03 
2.9903e+02     5.8244e-08  4.0440e-08     1.7417e-05  1.2093e-05     2.4207e-05  1.6808e-05     7.2387e-03  5.0261e-03 
3.3552e+02     0.0000e+00  0.0000e+00     0.0000e+00  0.0000e+00     0.0000e+00  0.0000e+00     0.0000e+00  0.0000e+00 
3.7646e+02     4.6265e-08  3.0091e-08     1.7417e-05  1.1328e-05     2.4207e-05  1.5745e-05     9.1130e-03  5.9273e-03 
4.2240e+02     2.0617e-08  8.3239e-08     8.7085e-06  3.5160e-05     1.2104e-05  4.8867e-05     5.1125e-03  2.0641e-02 
4.7394e+02     1.8375e-08  3.9856e-08     8.7085e-06  1.8889e-05     1.2104e-05  2.6253e-05     5.7363e-03  1.2442e-02 
5.3176e+02     1.6377e-08  4.0110e-09     8.7085e-06  2.1329e-06     1.2104e-05  2.9647e-06     6.4362e-03  1.5765e-03 
5.9665e+02     0.0000e+00  0.0000e+00     0.0000e+00  0.0000e+00     0.0000e+00  0.0000e+00     0.0000e+00  0.0000e+00 
6.6945e+02     0.0000e+00  0.0000e+00     0.0000e+00  0.0000e+00     0.0000e+00  0.0000e+00     0.0000e+00  0.0000e+00 
7.5114e+02     0.0000e+00  0.0000e+00     0.0000e+00  0.0000e+00     0.0000e+00  0.0000e+00     0.0000e+00  0.0000e+00 
8.4279e+02     0.0000e+00  0.0000e+00     0.0000e+00  0.0000e+00     0.0000e+00  0.0000e+00     0.0000e+00  0.0000e+00 
9.4563e+02     0.0000e+00  0.0000e+00     0.0000e+00  0.0000e+00     0.0000e+00  0.0000e+00     0.0000e+00  0.0000e+00 
1.0610e+03     0.0000e+00  0.0000e+00     0.0000e+00  0.0000e+00     0.0000e+00  0.0000e+00     0.0000e+00  0.0000e+00 
1.1905e+03     0.0000e+00  0.0000e+00     0.0000e+00  0.0000e+00     0.0000e+00  0.0000e+00     0.0000e+00  0.0000e+00 
1.3357e+03     0.0000e+00  0.0000e+00     0.0000e+00  0.0000e+00     0.0000e+00  0.0000e+00     0.0000e+00  0.0000e+00 
1.4987e+03     0.0000e+00  0.0000e+00     0.0000e+00  0.0000e+00     0.0000e+00  0.0000e+00     0.0000e+00  0.0000e+00 
1.6816e+03     0.0000e+00  0.0000e+00     0.0000e+00  0.0000e+00     0.0000e+00  0.0000e+00     0.0000e+00  0.0000e+00 
1.8868e+03     0.0000e+00  0.0000e+00     0.0000e+00  0.0000e+00     0.0000e+00  0.0000e+00     0.0000e+00  0.0000e+00 
2.1170e+03     0.0000e+00  0.0000e+00     0.0000e+00  0.0000e+00     0.0000e+00  0.0000e+00     0.0000e+00  0.0000e+00 
2.3753e+03     0.0000e+00  0.0000e+00     0.0000e+00  0.0000e+00     0.0000e+00  0.0000e+00     0.0000e+00  0.0000e+00 
2.6651e+03     0.0000e+00  0.0000e+00     0.0000e+00  0.0000e+00     0.0000e+00  0.0000e+00     0.0000e+00  0.0000e+00 
2.9903e+03     0.0000e+00  0.0000e+00     0.0000e+00  0.0000e+00     0.0000e+00  0.0000e+00     0.0000e+00  0.0000e+00 
3.3552e+03     0.0000e+00  0.0000e+00     0.0000e+00  0.0000e+00     0.0000e+00  0.0000e+00     0.0000e+00  0.0000e+00 
3.7646e+03     0.0000e+00  0.0000e+00     0.0000e+00  0.0000e+00     0.0000e+00  0.0000e+00     0.0000e+00  0.0000e+00 
4.2240e+03     0.0000e+00  0.0000e+00     0.0000e+00  0.0000e+00     0.0000e+00  0.0000e+00     0.0000e+00  0.0000e+00 
4.7394e+03     0.0000e+00  0.0000e+00     0.0000e+00  0.0000e+00     0.0000e+00  0.0000e+00     0.0000e+00  0.0000e+00 
5.3176e+03     0.0000e+00  0.0000e+00     0.0000e+00  0.0000e+00     0.0000e+00  0.0000e+00     0.0000e+00  0.0000e+00 
5.9665e+03     0.0000e+00  0.0000e+00     0.0000e+00  0.0000e+00     0.0000e+00  0.0000e+00     0.0000e+00  0.0000e+00 
6.6945e+03     0.0000e+00  0.0000e+00     0.0000e+00  0.0000e+00     0.0000e+00  0.0000e+00     0.0000e+00  0.0000e+00 
7.5114e+03     0.0000e+00  0.0000e+00     0.0000e+00  0.0000e+00     0.0000e+00  0.0000e+00     0.0000e+00  0.0000e+00 
8.4279e+03     0.0000e+00  0.0000e+00     0.0000e+00  0.0000e+00     0.0000e+00  0.0000e+00     0.0000e+00  0.0000e+00 
9.4563e+03     0.0000e+00  0.0000e+00     0.0000e+00  0.0000e+00     0.0000e+00  0.0000e+00     0.0000e+00  0.0000e+00 
