yF = 7.0932e-01 (std: 2.3016e-03) keV/um
yD = 4.8032e+00 (std: 1.9913e+00) keV/um
y (keV/um)     f(y)(std)                  yf(y)(std)                 d(y)(std)                  yd(y)(std)  
1.0610e-03     0.0000e+00  0.0000e+00     0.0000e+00  0.0000e+00     0.0000e+00  0.0000e+00     0.0000e+00  0.0000e+00 
1.1905e-03     0.0000e+00  0.0000e+00     0.0000e+00  0.0000e+00     0.0000e+00  0.0000e+00     0.0000e+00  0.0000e+00 
1.3357e-03     0.0000e+00  0.0000e+00     0.0000e+00  0.0000e+00     0.0000e+00  0.0000e+00     0.0000e+00  0.0000e+00 
1.4987e-03     5.8104e-03  1.0802e-02     8.7082e-06  1.6189e-05     1.2277e-05  2.2823e-05     1.8399e-08  3.4205e-08 
1.6816e-03     1.5536e-02  4.6558e-03     2.6125e-05  7.8292e-06     3.6830e-05  1.1038e-05     6.1933e-08  1.8562e-08 
1.8868e-03     1.8462e-02  1.3056e-02     3.4833e-05  2.4634e-05     4.9107e-05  3.4730e-05     9.2654e-08  6.5527e-08 
2.1170e-03     1.6454e-02  8.1976e-03     3.4833e-05  1.7354e-05     4.9107e-05  2.4467e-05     1.0396e-07  5.1795e-08 
2.3753e-03     2.5663e-02  7.5302e-03     6.0957e-05  1.7887e-05     8.5937e-05  2.5218e-05     2.0413e-07  5.9901e-08 
2.6651e-03     9.8023e-03  3.7277e-02     2.6125e-05  9.9348e-05     3.6830e-05  1.4006e-04     9.8158e-08  3.7328e-07 
2.9903e-03     1.7473e-02  1.2913e-02     5.2249e-05  3.8613e-05     7.3661e-05  5.4437e-05     2.2027e-07  1.6278e-07 
3.3552e-03     2.3359e-02  7.7950e-03     7.8374e-05  2.6154e-05     1.1049e-04  3.6874e-05     3.7072e-07  1.2372e-07 
3.7646e-03     1.3879e-02  6.2567e-03     5.2249e-05  2.3554e-05     7.3661e-05  3.3207e-05     2.7730e-07  1.2501e-07 
4.2240e-03     1.6493e-02  2.6638e-02     6.9665e-05  1.1252e-04     9.8214e-05  1.5863e-04     4.1485e-07  6.7005e-07 
4.7394e-03     1.4699e-02  9.7397e-03     6.9665e-05  4.6160e-05     9.8214e-05  6.5077e-05     4.6547e-07  3.0842e-07 
5.3176e-03     1.4738e-02  4.3329e-03     7.8374e-05  2.3041e-05     1.1049e-04  3.2485e-05     5.8755e-07  1.7274e-07 
5.9665e-03     1.6055e-02  4.6191e-03     9.5790e-05  2.7560e-05     1.3504e-04  3.8856e-05     8.0574e-07  2.3184e-07 
6.6945e-03     3.7723e-02  1.1190e-02     2.5254e-04  7.4912e-05     3.5603e-04  1.0562e-04     2.3834e-06  7.0706e-07 
7.5114e-03     2.3187e-02  1.1301e-02     1.7416e-04  8.4887e-05     2.4554e-04  1.1968e-04     1.8443e-06  8.9893e-07 
8.4279e-03     2.6865e-02  9.8755e-03     2.2641e-04  8.3230e-05     3.1920e-04  1.1734e-04     2.6902e-06  9.8894e-07 
9.4563e-03     2.8548e-02  9.4497e-03     2.6995e-04  8.9359e-05     3.8058e-04  1.2598e-04     3.5989e-06  1.1913e-06 
1.0610e-02     3.1188e-02  1.2812e-02     3.3091e-04  1.3593e-04     4.6652e-04  1.9165e-04     4.9498e-06  2.0334e-06 
1.1905e-02     3.8037e-02  8.3521e-03     4.5282e-04  9.9430e-05     6.3839e-04  1.4019e-04     7.5999e-06  1.6689e-06 
1.3357e-02     3.0641e-02  7.7450e-03     4.0928e-04  1.0345e-04     5.7701e-04  1.4586e-04     7.7073e-06  1.9483e-06 
1.4987e-02     4.1835e-02  1.5806e-02     6.2699e-04  2.3689e-04     8.8393e-04  3.3398e-04     1.3248e-05  5.0055e-06 
1.6816e-02     4.1428e-02  1.3541e-02     6.9665e-04  2.2770e-04     9.8214e-04  3.2103e-04     1.6516e-05  5.3984e-06 
1.8868e-02     4.3385e-02  7.1469e-03     8.1857e-04  1.3485e-04     1.1540e-03  1.9014e-04     2.1774e-05  3.5875e-06 
2.1170e-02     5.1007e-02  5.1802e-03     1.0798e-03  1.0966e-04     1.5223e-03  1.5468e-04     3.2227e-05  3.2746e-06 
2.3753e-02     6.5624e-02  1.0569e-02     1.5588e-03  2.5104e-04     2.1975e-03  3.5398e-04     5.2198e-05  8.4082e-06 
2.6651e-02     6.9270e-02  7.0265e-03     1.8461e-03  1.8726e-04     2.6027e-03  2.6414e-04     6.9365e-05  7.0397e-06 
2.9903e-02     8.3578e-02  7.1127e-03     2.4992e-03  2.1269e-04     3.5234e-03  3.0007e-04     1.0536e-04  8.9731e-06 
3.3552e-02     8.6947e-02  1.1191e-02     2.9172e-03  3.7547e-04     4.1127e-03  5.2950e-04     1.3799e-04  1.7766e-05 
3.7646e-02     1.0895e-01  1.3841e-02     4.1015e-03  5.2105e-04     5.7824e-03  7.3482e-04     2.1768e-04  2.7663e-05 
4.2240e-02     1.1607e-01  7.4860e-03     4.9027e-03  3.1621e-04     6.9118e-03  4.4635e-04     2.9195e-04  1.8854e-05 
4.7394e-02     1.3376e-01  6.7869e-03     6.3395e-03  3.2165e-04     8.9375e-03  4.5439e-04     4.2358e-04  2.1535e-05 
5.3176e-02     1.4509e-01  5.5670e-03     7.7154e-03  2.9603e-04     1.0877e-02  4.1884e-04     5.7841e-04  2.2272e-05 
5.9665e-02     1.5894e-01  1.1469e-02     9.4832e-03  6.8428e-04     1.3369e-02  9.6568e-04     7.9768e-04  5.7617e-05 
6.6945e-02     1.8432e-01  9.4032e-03     1.2339e-02  6.2950e-04     1.7396e-02  8.8926e-04     1.1646e-03  5.9532e-05 
7.5114e-02     2.1100e-01  6.5599e-03     1.5849e-02  4.9274e-04     2.2344e-02  6.9844e-04     1.6783e-03  5.2462e-05 
8.4279e-02     2.2081e-01  6.9079e-03     1.8609e-02  5.8219e-04     2.6235e-02  8.2518e-04     2.2111e-03  6.9545e-05 
9.4563e-02     2.5223e-01  1.0958e-02     2.3852e-02  1.0362e-03     3.3626e-02  1.4649e-03     3.1798e-03  1.3853e-04 
1.0610e-01     2.7355e-01  8.6774e-03     2.9024e-02  9.2068e-04     4.0918e-02  1.3048e-03     4.3415e-03  1.3844e-04 
1.1905e-01     3.0715e-01  1.0895e-02     3.6566e-02  1.2971e-03     5.1550e-02  1.8362e-03     6.1369e-03  2.1860e-04 
1.3357e-01     3.4253e-01  7.1421e-03     4.5753e-02  9.5400e-04     6.4502e-02  1.3611e-03     8.6158e-03  1.8181e-04 
1.4987e-01     3.6844e-01  7.8311e-03     5.5219e-02  1.1737e-03     7.7847e-02  1.6738e-03     1.1667e-02  2.5085e-04 
1.6816e-01     4.0610e-01  5.2887e-03     6.8289e-02  8.8934e-04     9.6274e-02  1.2921e-03     1.6189e-02  2.1728e-04 
1.8868e-01     4.4760e-01  9.3703e-03     8.4452e-02  1.7680e-03     1.1906e-01  2.5222e-03     2.2464e-02  4.7589e-04 
2.1170e-01     5.0242e-01  6.4511e-03     1.0636e-01  1.3657e-03     1.4995e-01  1.9859e-03     3.1744e-02  4.2041e-04 
2.3753e-01     5.5897e-01  5.4078e-03     1.3277e-01  1.2845e-03     1.8718e-01  1.9101e-03     4.4462e-02  4.5370e-04 
2.6651e-01     6.2692e-01  4.7220e-03     1.6708e-01  1.2585e-03     2.3555e-01  1.9318e-03     6.2778e-02  5.1486e-04 
2.9903e-01     6.9375e-01  5.0552e-03     2.0745e-01  1.5117e-03     2.9247e-01  2.3329e-03     8.7458e-02  6.9761e-04 
3.3552e-01     7.7881e-01  4.9770e-03     2.6131e-01  1.6699e-03     3.6839e-01  2.6403e-03     1.2360e-01  8.8587e-04 
3.7646e-01     8.8227e-01  9.4045e-03     3.3214e-01  3.5404e-03     4.6825e-01  5.2174e-03     1.7628e-01  1.9642e-03 
4.2240e-01     9.9972e-01  6.5440e-03     4.2228e-01  2.7641e-03     5.9533e-01  4.3494e-03     2.5146e-01  1.8372e-03 
4.7394e-01     1.1285e+00  8.6958e-03     5.3483e-01  4.1212e-03     7.5400e-01  6.3042e-03     3.5735e-01  2.9878e-03 
5.3176e-01     1.3094e+00  5.4698e-03     6.9629e-01  2.9086e-03     9.8163e-01  5.1923e-03     5.2199e-01  2.7611e-03 
5.9665e-01     1.4948e+00  4.8614e-03     8.9186e-01  2.9006e-03     1.2574e+00  5.7764e-03     7.5020e-01  3.4465e-03 
6.6945e-01     1.5304e+00  6.1009e-03     1.0245e+00  4.0843e-03     1.4443e+00  7.4242e-03     9.6691e-01  4.9701e-03 
7.5114e-01     1.2714e+00  4.2799e-03     9.5496e-01  3.2148e-03     1.3463e+00  6.2948e-03     1.0113e+00  4.7283e-03 
8.4279e-01     8.7661e-01  1.9189e-03     7.3880e-01  1.6172e-03     1.0416e+00  4.0768e-03     8.7782e-01  3.4359e-03 
9.4563e-01     5.4812e-01  4.2106e-03     5.1832e-01  3.9816e-03     7.3073e-01  6.0936e-03     6.9099e-01  5.7622e-03 
1.0610e+00     3.3932e-01  1.3020e-03     3.6002e-01  1.3814e-03     5.0756e-01  2.5505e-03     5.3852e-01  2.7061e-03 
1.1905e+00     2.1512e-01  1.8847e-03     2.5609e-01  2.2437e-03     3.6104e-01  3.3732e-03     4.2980e-01  4.0156e-03 
1.3357e+00     1.4095e-01  1.0521e-03     1.8827e-01  1.4053e-03     2.6542e-01  2.1603e-03     3.5453e-01  2.8856e-03 
1.4987e+00     9.1288e-02  1.5325e-03     1.3681e-01  2.2968e-03     1.9288e-01  3.2980e-03     2.8907e-01  4.9428e-03 
1.6816e+00     6.2448e-02  9.9643e-04     1.0501e-01  1.6756e-03     1.4805e-01  2.4106e-03     2.4895e-01  4.0536e-03 
1.8868e+00     3.9480e-02  6.0196e-04     7.4490e-02  1.1358e-03     1.0502e-01  1.6370e-03     1.9814e-01  3.0887e-03 
2.1170e+00     2.5993e-02  3.3368e-04     5.5027e-02  7.0640e-04     7.7577e-02  1.0272e-03     1.6423e-01  2.1746e-03 
2.3753e+00     1.6325e-02  5.8784e-04     3.8777e-02  1.3963e-03     5.4668e-02  1.9765e-03     1.2985e-01  4.6947e-03 
2.6651e+00     9.6488e-03  2.9918e-04     2.5715e-02  7.9736e-04     3.6253e-02  1.1303e-03     9.6620e-02  3.0123e-03 
2.9903e+00     5.0816e-03  1.5221e-04     1.5196e-02  4.5517e-04     2.1423e-02  6.4546e-04     6.4062e-02  1.9301e-03 
3.3552e+00     2.3229e-03  1.3476e-04     7.7938e-03  4.5214e-04     1.0988e-02  6.3842e-04     3.6866e-02  2.1420e-03 
3.7646e+00     9.4609e-04  7.9454e-05     3.5616e-03  2.9911e-04     5.0212e-03  4.2200e-04     1.8903e-02  1.5887e-03 
4.2240e+00     3.4017e-04  5.1948e-05     1.4368e-03  2.1942e-04     2.0257e-03  3.0941e-04     8.5563e-03  1.3070e-03 
4.7394e+00     1.0290e-04  1.8239e-05     4.8766e-04  8.6442e-05     6.8750e-04  1.2189e-04     3.2583e-03  5.7767e-04 
5.3176e+00     2.6202e-05  1.6615e-05     1.3933e-04  8.8350e-05     1.9643e-04  1.2456e-04     1.0445e-03  6.6235e-04 
5.9665e+00     5.8380e-06  2.9274e-06     3.4833e-05  1.7467e-05     4.9107e-05  2.4625e-05     2.9300e-04  1.4692e-04 
6.6945e+00     1.3008e-06  5.0370e-07     8.7082e-06  3.3720e-06     1.2277e-05  4.7541e-06     8.2187e-05  3.1826e-05 
7.5114e+00     0.0000e+00  0.0000e+00     0.0000e+00  0.0000e+00     0.0000e+00  0.0000e+00     0.0000e+00  0.0000e+00 
8.4279e+00     1.0333e-06  8.9267e-07     8.7082e-06  7.5233e-06     1.2277e-05  1.0606e-05     1.0347e-04  8.9390e-05 
9.4563e+00     9.2089e-07  6.6975e-07     8.7082e-06  6.3333e-06     1.2277e-05  8.9288e-06     1.1609e-04  8.4433e-05 
1.0610e+01     8.2074e-07  1.9499e-06     8.7082e-06  2.0688e-05     1.2277e-05  2.9166e-05     1.3026e-04  3.0946e-04 
1.1905e+01     0.0000e+00  0.0000e+00     0.0000e+00  0.0000e+00     0.0000e+00  0.0000e+00     0.0000e+00  0.0000e+00 
1.3357e+01     6.5194e-07  4.9099e-07     8.7082e-06  6.5583e-06     1.2277e-05  9.2460e-06     1.6398e-04  1.2350e-04 
1.4987e+01     0.0000e+00  0.0000e+00     0.0000e+00  0.0000e+00     0.0000e+00  0.0000e+00     0.0000e+00  0.0000e+00 
1.6816e+01     1.0357e-06  5.0123e-07     1.7416e-05  8.4286e-06     2.4554e-05  1.1883e-05     4.1289e-04  1.9982e-04 
1.8868e+01     0.0000e+00  0.0000e+00     0.0000e+00  0.0000e+00     0.0000e+00  0.0000e+00     0.0000e+00  0.0000e+00 
2.1170e+01     0.0000e+00  0.0000e+00     0.0000e+00  0.0000e+00     0.0000e+00  0.0000e+00     0.0000e+00  0.0000e+00 
2.3753e+01     3.6661e-07  1.2497e-06     8.7082e-06  2.9684e-05     1.2277e-05  4.1848e-05     2.9161e-04  9.9402e-04 
2.6651e+01     3.2674e-07  2.5492e-07     8.7082e-06  6.7939e-06     1.2277e-05  9.5781e-06     3.2719e-04  2.5527e-04 
2.9903e+01     0.0000e+00  0.0000e+00     0.0000e+00  0.0000e+00     0.0000e+00  0.0000e+00     0.0000e+00  0.0000e+00 
3.3552e+01     1.0382e-06  2.9570e-06     3.4833e-05  9.9214e-05     4.9107e-05  1.3987e-04     1.6476e-03  4.6930e-03 
3.7646e+01     2.3132e-07  1.0851e-07     8.7082e-06  4.0848e-06     1.2277e-05  5.7589e-06     4.6217e-04  2.1680e-04 
4.2240e+01     0.0000e+00  0.0000e+00     0.0000e+00  0.0000e+00     0.0000e+00  0.0000e+00     0.0000e+00  0.0000e+00 
4.7394e+01     1.8374e-07  1.7764e-07     8.7082e-06  8.4191e-06     1.2277e-05  1.1869e-05     5.8184e-04  5.6253e-04 
5.3176e+01     1.6376e-07  2.3160e-08     8.7082e-06  1.2315e-06     1.2277e-05  1.7367e-06     6.5283e-04  9.2351e-05 
5.9665e+01     0.0000e+00  0.0000e+00     0.0000e+00  0.0000e+00     0.0000e+00  0.0000e+00     0.0000e+00  0.0000e+00 
6.6945e+01     1.3008e-07  4.1128e-08     8.7082e-06  2.7533e-06     1.2277e-05  3.8818e-06     8.2187e-04  2.5987e-04 
7.5114e+01     0.0000e+00  0.0000e+00     0.0000e+00  0.0000e+00     0.0000e+00  0.0000e+00     0.0000e+00  0.0000e+00 
8.4279e+01     0.0000e+00  0.0000e+00     0.0000e+00  0.0000e+00     0.0000e+00  0.0000e+00     0.0000e+00  0.0000e+00 
9.4563e+01     0.0000e+00  0.0000e+00     0.0000e+00  0.0000e+00     0.0000e+00  0.0000e+00     0.0000e+00  0.0000e+00 
1.0610e+02     0.0000e+00  0.0000e+00     0.0000e+00  0.0000e+00     0.0000e+00  0.0000e+00     0.0000e+00  0.0000e+00 
1.1905e+02     7.3149e-08  7.0720e-08     8.7082e-06  8.4191e-06     1.2277e-05  1.1869e-05     1.4615e-03  1.4130e-03 
1.3357e+02     1.3039e-07  1.7362e-07     1.7416e-05  2.3191e-05     2.4554e-05  3.2695e-05     3.2797e-03  4.3672e-03 
1.4987e+02     1.1621e-07  1.3225e-07     1.7416e-05  1.9820e-05     2.4554e-05  2.7942e-05     3.6799e-03  4.1878e-03 
1.6816e+02     1.5536e-07  8.4999e-08     2.6125e-05  1.4293e-05     3.6830e-05  2.0151e-05     6.1933e-03  3.3886e-03 
1.8868e+02     4.6154e-08  1.3844e-08     8.7082e-06  2.6121e-06     1.2277e-05  3.6827e-06     2.3163e-03  6.9484e-04 
2.1170e+02     0.0000e+00  0.0000e+00     0.0000e+00  0.0000e+00     0.0000e+00  0.0000e+00     0.0000e+00  0.0000e+00 
2.3753e+02     0.0000e+00  0.0000e+00     0.0000e+00  0.0000e+00     0.0000e+00  0.0000e+00     0.0000e+00  0.0000e+00 
2.6651e+02     6.5349e-08  2.6427e-08     1.7416e-05  7.0431e-06     2.4554e-05  9.9297e-06     6.5438e-03  2.6464e-03 
2.9903e+02     5.8242e-08  5.8828e-08     1.7416e-05  1.7592e-05     2.4554e-05  2.4801e-05     7.3423e-03  7.4162e-03 
3.3552e+02     2.5954e-08  1.7151e-08     8.7082e-06  5.7547e-06     1.2277e-05  8.1130e-06     4.1191e-03  2.7221e-03 
3.7646e+02     4.6263e-08  2.5567e-08     1.7416e-05  9.6249e-06     2.4554e-05  1.3569e-05     9.2434e-03  5.1083e-03 
4.2240e+02     0.0000e+00  0.0000e+00     0.0000e+00  0.0000e+00     0.0000e+00  0.0000e+00     0.0000e+00  0.0000e+00 
4.7394e+02     0.0000e+00  0.0000e+00     0.0000e+00  0.0000e+00     0.0000e+00  0.0000e+00     0.0000e+00  0.0000e+00 
5.3176e+02     0.0000e+00  0.0000e+00     0.0000e+00  0.0000e+00     0.0000e+00  0.0000e+00     0.0000e+00  0.0000e+00 
5.9665e+02     0.0000e+00  0.0000e+00     0.0000e+00  0.0000e+00     0.0000e+00  0.0000e+00     0.0000e+00  0.0000e+00 
6.6945e+02     2.6016e-08  2.1963e-08     1.7416e-05  1.4703e-05     2.4554e-05  2.0729e-05     1.6437e-02  1.3877e-02 
7.5114e+02     0.0000e+00  0.0000e+00     0.0000e+00  0.0000e+00     0.0000e+00  0.0000e+00     0.0000e+00  0.0000e+00 
8.4279e+02     0.0000e+00  0.0000e+00     0.0000e+00  0.0000e+00     0.0000e+00  0.0000e+00     0.0000e+00  0.0000e+00 
9.4563e+02     9.2089e-09  1.1935e-08     8.7082e-06  1.1286e-05     1.2277e-05  1.5911e-05     1.1609e-02  1.5046e-02 
1.0610e+03     0.0000e+00  0.0000e+00     0.0000e+00  0.0000e+00     0.0000e+00  0.0000e+00     0.0000e+00  0.0000e+00 
1.1905e+03     0.0000e+00  0.0000e+00     0.0000e+00  0.0000e+00     0.0000e+00  0.0000e+00     0.0000e+00  0.0000e+00 
1.3357e+03     0.0000e+00  0.0000e+00     0.0000e+00  0.0000e+00     0.0000e+00  0.0000e+00     0.0000e+00  0.0000e+00 
1.4987e+03     0.0000e+00  0.0000e+00     0.0000e+00  0.0000e+00     0.0000e+00  0.0000e+00     0.0000e+00  0.0000e+00 
1.6816e+03     0.0000e+00  0.0000e+00     0.0000e+00  0.0000e+00     0.0000e+00  0.0000e+00     0.0000e+00  0.0000e+00 
1.8868e+03     0.0000e+00  0.0000e+00     0.0000e+00  0.0000e+00     0.0000e+00  0.0000e+00     0.0000e+00  0.0000e+00 
2.1170e+03     0.0000e+00  0.0000e+00     0.0000e+00  0.0000e+00     0.0000e+00  0.0000e+00     0.0000e+00  0.0000e+00 
2.3753e+03     0.0000e+00  0.0000e+00     0.0000e+00  0.0000e+00     0.0000e+00  0.0000e+00     0.0000e+00  0.0000e+00 
2.6651e+03     0.0000e+00  0.0000e+00     0.0000e+00  0.0000e+00     0.0000e+00  0.0000e+00     0.0000e+00  0.0000e+00 
2.9903e+03     0.0000e+00  0.0000e+00     0.0000e+00  0.0000e+00     0.0000e+00  0.0000e+00     0.0000e+00  0.0000e+00 
3.3552e+03     0.0000e+00  0.0000e+00     0.0000e+00  0.0000e+00     0.0000e+00  0.0000e+00     0.0000e+00  0.0000e+00 
3.7646e+03     0.0000e+00  0.0000e+00     0.0000e+00  0.0000e+00     0.0000e+00  0.0000e+00     0.0000e+00  0.0000e+00 
4.2240e+03     0.0000e+00  0.0000e+00     0.0000e+00  0.0000e+00     0.0000e+00  0.0000e+00     0.0000e+00  0.0000e+00 
4.7394e+03     0.0000e+00  0.0000e+00     0.0000e+00  0.0000e+00     0.0000e+00  0.0000e+00     0.0000e+00  0.0000e+00 
5.3176e+03     0.0000e+00  0.0000e+00     0.0000e+00  0.0000e+00     0.0000e+00  0.0000e+00     0.0000e+00  0.0000e+00 
5.9665e+03     0.0000e+00  0.0000e+00     0.0000e+00  0.0000e+00     0.0000e+00  0.0000e+00     0.0000e+00  0.0000e+00 
6.6945e+03     0.0000e+00  0.0000e+00     0.0000e+00  0.0000e+00     0.0000e+00  0.0000e+00     0.0000e+00  0.0000e+00 
7.5114e+03     0.0000e+00  0.0000e+00     0.0000e+00  0.0000e+00     0.0000e+00  0.0000e+00     0.0000e+00  0.0000e+00 
8.4279e+03     0.0000e+00  0.0000e+00     0.0000e+00  0.0000e+00     0.0000e+00  0.0000e+00     0.0000e+00  0.0000e+00 
9.4563e+03     0.0000e+00  0.0000e+00     0.0000e+00  0.0000e+00     0.0000e+00  0.0000e+00     0.0000e+00  0.0000e+00 
