yF = 4.0428e+00 (std: 1.4773e-02) keV/um
yD = 5.5695e+00 (std: 8.8511e-02) keV/um
y (keV/um)     f(y)(std)                  yf(y)(std)                 d(y)(std)                  yd(y)(std)  
1.0610e-01     2.1566e-01  2.2731e-02     2.2882e-02  2.4117e-03     5.6600e-03  5.9691e-04     6.0053e-04  6.3333e-05 
1.1905e-01     3.2108e-02  3.4963e-03     3.8224e-03  4.1623e-04     9.4549e-04  1.0301e-04     1.1256e-04  1.2264e-05 
1.3357e-01     3.0577e-02  3.4460e-03     4.0842e-03  4.6029e-04     1.0102e-03  1.1392e-04     1.3494e-04  1.5216e-05 
1.4987e-01     3.5112e-02  5.1827e-03     5.2623e-03  7.7674e-04     1.3017e-03  1.9219e-04     1.9508e-04  2.8804e-05 
1.6816e-01     3.9701e-02  4.0826e-03     6.6761e-03  6.8653e-04     1.6514e-03  1.6992e-04     2.7769e-04  2.8574e-05 
1.8868e-01     3.7465e-02  3.4237e-03     7.0688e-03  6.4597e-04     1.7485e-03  1.5991e-04     3.2990e-04  3.0171e-05 
2.1170e-01     4.2666e-02  5.3717e-03     9.0324e-03  1.1372e-03     2.2342e-03  2.8141e-04     4.7298e-04  5.9574e-05 
2.3753e-01     4.8607e-02  7.0967e-03     1.1546e-02  1.6857e-03     2.8559e-03  4.1709e-04     6.7836e-04  9.9071e-05 
2.6651e-01     5.0591e-02  8.9072e-03     1.3483e-02  2.3739e-03     3.3351e-03  5.8732e-04     8.8885e-04  1.5653e-04 
2.9903e-01     5.2706e-02  3.1466e-03     1.5761e-02  9.4094e-04     3.8985e-03  2.3318e-04     1.1658e-03  6.9729e-05 
3.3552e-01     5.5636e-02  2.4736e-03     1.8667e-02  8.2996e-04     4.6173e-03  2.0599e-04     1.5492e-03  6.9113e-05 
3.7646e-01     6.2521e-02  6.6753e-03     2.3537e-02  2.5130e-03     5.8219e-03  6.2197e-04     2.1917e-03  2.3415e-04 
4.2240e-01     6.1920e-02  4.3325e-03     2.6155e-02  1.8300e-03     6.4695e-03  4.5328e-04     2.7327e-03  1.9146e-04 
4.7394e-01     6.6455e-02  2.6947e-03     3.1496e-02  1.2771e-03     7.7906e-03  3.1718e-04     3.6922e-03  1.5032e-04 
5.3176e-01     7.3112e-02  4.1974e-03     3.8878e-02  2.2321e-03     9.6168e-03  5.5323e-04     5.1139e-03  2.9419e-04 
5.9665e-01     7.3718e-02  2.7693e-03     4.3984e-02  1.6523e-03     1.0880e-02  4.1064e-04     6.4913e-03  2.4501e-04 
6.6945e-01     8.3104e-02  2.6798e-03     5.5634e-02  1.7940e-03     1.3761e-02  4.4660e-04     9.2126e-03  2.9897e-04 
7.5114e-01     8.6614e-02  3.2715e-03     6.5059e-02  2.4573e-03     1.6093e-02  6.1067e-04     1.2088e-02  4.5870e-04 
8.4279e-01     9.0926e-02  1.9135e-03     7.6631e-02  1.6127e-03     1.8955e-02  4.0488e-04     1.5975e-02  3.4123e-04 
9.4563e-01     1.0155e-01  3.0940e-03     9.6031e-02  2.9257e-03     2.3754e-02  7.2888e-04     2.2462e-02  6.8925e-04 
1.0610e+00     1.1022e-01  1.9580e-03     1.1695e-01  2.0775e-03     2.8928e-02  5.2463e-04     3.0693e-02  5.5664e-04 
1.1905e+00     1.1763e-01  3.3556e-03     1.4004e-01  3.9947e-03     3.4640e-02  9.9619e-04     4.1238e-02  1.1859e-03 
1.3357e+00     1.2576e-01  2.1813e-03     1.6798e-01  2.9137e-03     4.1550e-02  7.3653e-04     5.5499e-02  9.8381e-04 
1.4987e+00     1.3231e-01  5.5036e-03     1.9829e-01  8.2483e-03     4.9049e-02  2.0481e-03     7.3510e-02  3.0695e-03 
1.6816e+00     1.4238e-01  2.8973e-03     2.3942e-01  4.8721e-03     5.9222e-02  1.2244e-03     9.9588e-02  2.0590e-03 
1.8868e+00     1.5398e-01  1.8854e-03     2.9053e-01  3.5574e-03     7.1864e-02  9.1829e-04     1.3559e-01  1.7326e-03 
2.1170e+00     1.6622e-01  4.1783e-03     3.5190e-01  8.8455e-03     8.7043e-02  2.2110e-03     1.8427e-01  4.6806e-03 
2.3753e+00     1.7405e-01  2.4504e-03     4.1342e-01  5.8205e-03     1.0226e-01  1.4874e-03     2.4290e-01  3.5331e-03 
2.6651e+00     1.8318e-01  1.9084e-03     4.8819e-01  5.0861e-03     1.2076e-01  1.3332e-03     3.2183e-01  3.5532e-03 
2.9903e+00     1.8896e-01  3.8803e-03     5.6506e-01  1.1603e-02     1.3977e-01  2.9152e-03     4.1796e-01  8.7175e-03 
3.3552e+00     1.9039e-01  1.5520e-03     6.3879e-01  5.2072e-03     1.5801e-01  1.4115e-03     5.3014e-01  4.7359e-03 
3.7646e+00     1.8003e-01  2.1709e-03     6.7774e-01  8.1725e-03     1.6764e-01  2.1123e-03     6.3111e-01  7.9520e-03 
4.2240e+00     1.6212e-01  2.4659e-03     6.8479e-01  1.0416e-02     1.6938e-01  2.6497e-03     7.1547e-01  1.1192e-02 
4.7394e+00     1.4062e-01  1.2570e-03     6.6643e-01  5.9572e-03     1.6485e-01  1.5919e-03     7.8126e-01  7.5446e-03 
5.3176e+00     1.1507e-01  9.5465e-04     6.1192e-01  5.0765e-03     1.5136e-01  1.3721e-03     8.0489e-01  7.2964e-03 
5.9665e+00     8.8519e-02  1.3052e-03     5.2815e-01  7.7875e-03     1.3064e-01  1.9845e-03     7.7946e-01  1.1841e-02 
6.6945e+00     6.3421e-02  4.8215e-04     4.2457e-01  3.2278e-03     1.0502e-01  8.8585e-04     7.0306e-01  5.9303e-03 
7.5114e+00     4.3126e-02  7.5735e-04     3.2394e-01  5.6887e-03     8.0127e-02  1.4373e-03     6.0186e-01  1.0796e-02 
8.4279e+00     2.6961e-02  3.8986e-04     2.2722e-01  3.2857e-03     5.6205e-02  8.3828e-04     4.7369e-01  7.0649e-03 
9.4563e+00     1.6432e-02  2.4208e-04     1.5538e-01  2.2892e-03     3.8435e-02  5.8339e-04     3.6345e-01  5.5167e-03 
1.0610e+01     9.1891e-03  1.9120e-04     9.7497e-02  2.0287e-03     2.4116e-02  5.0948e-04     2.5588e-01  5.4057e-03 
1.1905e+01     4.8558e-03  3.0149e-04     5.7807e-02  3.5892e-03     1.4299e-02  8.8933e-04     1.7022e-01  1.0587e-02 
1.3357e+01     2.2521e-03  1.4172e-04     3.0082e-02  1.8931e-03     7.4409e-03  4.6904e-04     9.9390e-02  6.2652e-03 
1.4987e+01     9.9572e-04  9.8655e-05     1.4923e-02  1.4786e-03     3.6913e-03  3.6598e-04     5.5322e-02  5.4850e-03 
1.6816e+01     3.5809e-04  4.6520e-05     6.0216e-03  7.8227e-04     1.4895e-03  1.9357e-04     2.5047e-02  3.2551e-03 
1.8868e+01     9.0194e-05  2.0681e-05     1.7018e-03  3.9020e-04     4.2094e-04  9.6529e-05     7.9421e-03  1.8213e-03 
2.1170e+01     3.8338e-05  1.8113e-05     8.1160e-04  3.8345e-04     2.0075e-04  9.4851e-05     4.2499e-03  2.0080e-03 
2.3753e+01     6.6133e-06  4.5958e-06     1.5708e-04  1.0916e-04     3.8856e-05  2.7003e-05     9.2294e-04  6.4140e-04 
2.6651e+01     9.8234e-07  7.8702e-07     2.6181e-05  2.0975e-05     6.4759e-06  5.1883e-06     1.7259e-04  1.3828e-04 
2.9903e+01     0.0000e+00  0.0000e+00     0.0000e+00  0.0000e+00     0.0000e+00  0.0000e+00     0.0000e+00  0.0000e+00 
3.3552e+01     0.0000e+00  0.0000e+00     0.0000e+00  0.0000e+00     0.0000e+00  0.0000e+00     0.0000e+00  0.0000e+00 
3.7646e+01     0.0000e+00  0.0000e+00     0.0000e+00  0.0000e+00     0.0000e+00  0.0000e+00     0.0000e+00  0.0000e+00 
4.2240e+01     0.0000e+00  0.0000e+00     0.0000e+00  0.0000e+00     0.0000e+00  0.0000e+00     0.0000e+00  0.0000e+00 
4.7394e+01     0.0000e+00  0.0000e+00     0.0000e+00  0.0000e+00     0.0000e+00  0.0000e+00     0.0000e+00  0.0000e+00 
5.3176e+01     0.0000e+00  0.0000e+00     0.0000e+00  0.0000e+00     0.0000e+00  0.0000e+00     0.0000e+00  0.0000e+00 
5.9665e+01     0.0000e+00  0.0000e+00     0.0000e+00  0.0000e+00     0.0000e+00  0.0000e+00     0.0000e+00  0.0000e+00 
6.6945e+01     0.0000e+00  0.0000e+00     0.0000e+00  0.0000e+00     0.0000e+00  0.0000e+00     0.0000e+00  0.0000e+00 
7.5114e+01     0.0000e+00  0.0000e+00     0.0000e+00  0.0000e+00     0.0000e+00  0.0000e+00     0.0000e+00  0.0000e+00 
8.4279e+01     0.0000e+00  0.0000e+00     0.0000e+00  0.0000e+00     0.0000e+00  0.0000e+00     0.0000e+00  0.0000e+00 
9.4563e+01     0.0000e+00  0.0000e+00     0.0000e+00  0.0000e+00     0.0000e+00  0.0000e+00     0.0000e+00  0.0000e+00 
1.0610e+02     0.0000e+00  0.0000e+00     0.0000e+00  0.0000e+00     0.0000e+00  0.0000e+00     0.0000e+00  0.0000e+00 
1.1905e+02     2.1992e-07  1.5929e-07     2.6181e-05  1.8964e-05     6.4759e-06  4.6908e-06     7.7094e-04  5.5842e-04 
1.3357e+02     0.0000e+00  0.0000e+00     0.0000e+00  0.0000e+00     0.0000e+00  0.0000e+00     0.0000e+00  0.0000e+00 
1.4987e+02     0.0000e+00  0.0000e+00     0.0000e+00  0.0000e+00     0.0000e+00  0.0000e+00     0.0000e+00  0.0000e+00 
1.6816e+02     0.0000e+00  0.0000e+00     0.0000e+00  0.0000e+00     0.0000e+00  0.0000e+00     0.0000e+00  0.0000e+00 
1.8868e+02     0.0000e+00  0.0000e+00     0.0000e+00  0.0000e+00     0.0000e+00  0.0000e+00     0.0000e+00  0.0000e+00 
2.1170e+02     0.0000e+00  0.0000e+00     0.0000e+00  0.0000e+00     0.0000e+00  0.0000e+00     0.0000e+00  0.0000e+00 
2.3753e+02     0.0000e+00  0.0000e+00     0.0000e+00  0.0000e+00     0.0000e+00  0.0000e+00     0.0000e+00  0.0000e+00 
2.6651e+02     9.8234e-08  1.5433e-07     2.6181e-05  4.1130e-05     6.4759e-06  1.0174e-05     1.7259e-03  2.7114e-03 
2.9903e+02     0.0000e+00  0.0000e+00     0.0000e+00  0.0000e+00     0.0000e+00  0.0000e+00     0.0000e+00  0.0000e+00 
3.3552e+02     0.0000e+00  0.0000e+00     0.0000e+00  0.0000e+00     0.0000e+00  0.0000e+00     0.0000e+00  0.0000e+00 
3.7646e+02     0.0000e+00  0.0000e+00     0.0000e+00  0.0000e+00     0.0000e+00  0.0000e+00     0.0000e+00  0.0000e+00 
4.2240e+02     0.0000e+00  0.0000e+00     0.0000e+00  0.0000e+00     0.0000e+00  0.0000e+00     0.0000e+00  0.0000e+00 
4.7394e+02     0.0000e+00  0.0000e+00     0.0000e+00  0.0000e+00     0.0000e+00  0.0000e+00     0.0000e+00  0.0000e+00 
5.3176e+02     0.0000e+00  0.0000e+00     0.0000e+00  0.0000e+00     0.0000e+00  0.0000e+00     0.0000e+00  0.0000e+00 
5.9665e+02     0.0000e+00  0.0000e+00     0.0000e+00  0.0000e+00     0.0000e+00  0.0000e+00     0.0000e+00  0.0000e+00 
6.6945e+02     0.0000e+00  0.0000e+00     0.0000e+00  0.0000e+00     0.0000e+00  0.0000e+00     0.0000e+00  0.0000e+00 
7.5114e+02     0.0000e+00  0.0000e+00     0.0000e+00  0.0000e+00     0.0000e+00  0.0000e+00     0.0000e+00  0.0000e+00 
8.4279e+02     0.0000e+00  0.0000e+00     0.0000e+00  0.0000e+00     0.0000e+00  0.0000e+00     0.0000e+00  0.0000e+00 
9.4563e+02     0.0000e+00  0.0000e+00     0.0000e+00  0.0000e+00     0.0000e+00  0.0000e+00     0.0000e+00  0.0000e+00 
1.0610e+03     0.0000e+00  0.0000e+00     0.0000e+00  0.0000e+00     0.0000e+00  0.0000e+00     0.0000e+00  0.0000e+00 
1.1905e+03     0.0000e+00  0.0000e+00     0.0000e+00  0.0000e+00     0.0000e+00  0.0000e+00     0.0000e+00  0.0000e+00 
1.3357e+03     0.0000e+00  0.0000e+00     0.0000e+00  0.0000e+00     0.0000e+00  0.0000e+00     0.0000e+00  0.0000e+00 
1.4987e+03     0.0000e+00  0.0000e+00     0.0000e+00  0.0000e+00     0.0000e+00  0.0000e+00     0.0000e+00  0.0000e+00 
1.6816e+03     0.0000e+00  0.0000e+00     0.0000e+00  0.0000e+00     0.0000e+00  0.0000e+00     0.0000e+00  0.0000e+00 
1.8868e+03     0.0000e+00  0.0000e+00     0.0000e+00  0.0000e+00     0.0000e+00  0.0000e+00     0.0000e+00  0.0000e+00 
2.1170e+03     0.0000e+00  0.0000e+00     0.0000e+00  0.0000e+00     0.0000e+00  0.0000e+00     0.0000e+00  0.0000e+00 
2.3753e+03     0.0000e+00  0.0000e+00     0.0000e+00  0.0000e+00     0.0000e+00  0.0000e+00     0.0000e+00  0.0000e+00 
2.6651e+03     0.0000e+00  0.0000e+00     0.0000e+00  0.0000e+00     0.0000e+00  0.0000e+00     0.0000e+00  0.0000e+00 
2.9903e+03     0.0000e+00  0.0000e+00     0.0000e+00  0.0000e+00     0.0000e+00  0.0000e+00     0.0000e+00  0.0000e+00 
3.3552e+03     0.0000e+00  0.0000e+00     0.0000e+00  0.0000e+00     0.0000e+00  0.0000e+00     0.0000e+00  0.0000e+00 
3.7646e+03     0.0000e+00  0.0000e+00     0.0000e+00  0.0000e+00     0.0000e+00  0.0000e+00     0.0000e+00  0.0000e+00 
4.2240e+03     0.0000e+00  0.0000e+00     0.0000e+00  0.0000e+00     0.0000e+00  0.0000e+00     0.0000e+00  0.0000e+00 
4.7394e+03     0.0000e+00  0.0000e+00     0.0000e+00  0.0000e+00     0.0000e+00  0.0000e+00     0.0000e+00  0.0000e+00 
5.3176e+03     0.0000e+00  0.0000e+00     0.0000e+00  0.0000e+00     0.0000e+00  0.0000e+00     0.0000e+00  0.0000e+00 
5.9665e+03     0.0000e+00  0.0000e+00     0.0000e+00  0.0000e+00     0.0000e+00  0.0000e+00     0.0000e+00  0.0000e+00 
6.6945e+03     0.0000e+00  0.0000e+00     0.0000e+00  0.0000e+00     0.0000e+00  0.0000e+00     0.0000e+00  0.0000e+00 
7.5114e+03     0.0000e+00  0.0000e+00     0.0000e+00  0.0000e+00     0.0000e+00  0.0000e+00     0.0000e+00  0.0000e+00 
8.4279e+03     0.0000e+00  0.0000e+00     0.0000e+00  0.0000e+00     0.0000e+00  0.0000e+00     0.0000e+00  0.0000e+00 
9.4563e+03     0.0000e+00  0.0000e+00     0.0000e+00  0.0000e+00     0.0000e+00  0.0000e+00     0.0000e+00  0.0000e+00 
