yF = 1.8443e+01 (std: 3.7051e-02) keV/um
yD = 2.1221e+01 (std: 5.2742e-02) keV/um
y (keV/um)     f(y)(std)                  yf(y)(std)                 d(y)(std)                  yd(y)(std)  
1.0610e-03     0.0000e+00  0.0000e+00     0.0000e+00  0.0000e+00     0.0000e+00  0.0000e+00     0.0000e+00  0.0000e+00 
1.1905e-03     0.0000e+00  0.0000e+00     0.0000e+00  0.0000e+00     0.0000e+00  0.0000e+00     0.0000e+00  0.0000e+00 
1.3357e-03     0.0000e+00  0.0000e+00     0.0000e+00  0.0000e+00     0.0000e+00  0.0000e+00     0.0000e+00  0.0000e+00 
1.4987e-03     0.0000e+00  0.0000e+00     0.0000e+00  0.0000e+00     0.0000e+00  0.0000e+00     0.0000e+00  0.0000e+00 
1.6816e-03     0.0000e+00  0.0000e+00     0.0000e+00  0.0000e+00     0.0000e+00  0.0000e+00     0.0000e+00  0.0000e+00 
1.8868e-03     0.0000e+00  0.0000e+00     0.0000e+00  0.0000e+00     0.0000e+00  0.0000e+00     0.0000e+00  0.0000e+00 
2.1170e-03     4.1105e-03  4.4270e-03     8.7020e-06  9.3720e-06     4.7182e-07  5.0815e-07     9.9884e-10  1.0757e-09 
2.3753e-03     0.0000e+00  0.0000e+00     0.0000e+00  0.0000e+00     0.0000e+00  0.0000e+00     0.0000e+00  0.0000e+00 
2.6651e-03     0.0000e+00  0.0000e+00     0.0000e+00  0.0000e+00     0.0000e+00  0.0000e+00     0.0000e+00  0.0000e+00 
2.9903e-03     0.0000e+00  0.0000e+00     0.0000e+00  0.0000e+00     0.0000e+00  0.0000e+00     0.0000e+00  0.0000e+00 
3.3552e-03     0.0000e+00  0.0000e+00     0.0000e+00  0.0000e+00     0.0000e+00  0.0000e+00     0.0000e+00  0.0000e+00 
3.7646e-03     0.0000e+00  0.0000e+00     0.0000e+00  0.0000e+00     0.0000e+00  0.0000e+00     0.0000e+00  0.0000e+00 
4.2240e-03     0.0000e+00  0.0000e+00     0.0000e+00  0.0000e+00     0.0000e+00  0.0000e+00     0.0000e+00  0.0000e+00 
4.7394e-03     0.0000e+00  0.0000e+00     0.0000e+00  0.0000e+00     0.0000e+00  0.0000e+00     0.0000e+00  0.0000e+00 
5.3176e-03     0.0000e+00  0.0000e+00     0.0000e+00  0.0000e+00     0.0000e+00  0.0000e+00     0.0000e+00  0.0000e+00 
5.9665e-03     0.0000e+00  0.0000e+00     0.0000e+00  0.0000e+00     0.0000e+00  0.0000e+00     0.0000e+00  0.0000e+00 
6.6945e-03     0.0000e+00  0.0000e+00     0.0000e+00  0.0000e+00     0.0000e+00  0.0000e+00     0.0000e+00  0.0000e+00 
7.5114e-03     0.0000e+00  0.0000e+00     0.0000e+00  0.0000e+00     0.0000e+00  0.0000e+00     0.0000e+00  0.0000e+00 
8.4279e-03     0.0000e+00  0.0000e+00     0.0000e+00  0.0000e+00     0.0000e+00  0.0000e+00     0.0000e+00  0.0000e+00 
9.4563e-03     0.0000e+00  0.0000e+00     0.0000e+00  0.0000e+00     0.0000e+00  0.0000e+00     0.0000e+00  0.0000e+00 
1.0610e-02     8.2016e-04  2.1697e-04     8.7020e-06  2.3021e-06     4.7182e-07  1.2482e-07     5.0060e-09  1.3244e-09 
1.1905e-02     0.0000e+00  0.0000e+00     0.0000e+00  0.0000e+00     0.0000e+00  0.0000e+00     0.0000e+00  0.0000e+00 
1.3357e-02     0.0000e+00  0.0000e+00     0.0000e+00  0.0000e+00     0.0000e+00  0.0000e+00     0.0000e+00  0.0000e+00 
1.4987e-02     0.0000e+00  0.0000e+00     0.0000e+00  0.0000e+00     0.0000e+00  0.0000e+00     0.0000e+00  0.0000e+00 
1.6816e-02     0.0000e+00  0.0000e+00     0.0000e+00  0.0000e+00     0.0000e+00  0.0000e+00     0.0000e+00  0.0000e+00 
1.8868e-02     0.0000e+00  0.0000e+00     0.0000e+00  0.0000e+00     0.0000e+00  0.0000e+00     0.0000e+00  0.0000e+00 
2.1170e-02     0.0000e+00  0.0000e+00     0.0000e+00  0.0000e+00     0.0000e+00  0.0000e+00     0.0000e+00  0.0000e+00 
2.3753e-02     1.4654e-03  1.0012e-03     3.4808e-05  2.3781e-05     1.8873e-06  1.2894e-06     4.4829e-08  3.0627e-08 
2.6651e-02     1.6326e-03  9.2144e-04     4.3510e-05  2.4558e-05     2.3591e-06  1.3315e-06     6.2873e-08  3.5487e-08 
2.9903e-02     1.1640e-03  9.3732e-04     3.4808e-05  2.8029e-05     1.8873e-06  1.5197e-06     5.6436e-08  4.5445e-08 
3.3552e-02     5.1871e-04  5.9148e-04     1.7404e-05  1.9845e-05     9.4364e-07  1.0760e-06     3.1661e-08  3.6102e-08 
3.7646e-02     2.3115e-04  1.6423e-04     8.7020e-06  6.1826e-06     4.7182e-07  3.3522e-07     1.7762e-08  1.2620e-08 
4.2240e-02     2.0601e-04  2.0720e-04     8.7020e-06  8.7522e-06     4.7182e-07  4.7454e-07     1.9929e-08  2.0044e-08 
4.7394e-02     5.5083e-04  2.5716e-04     2.6106e-05  1.2188e-05     1.4155e-06  6.6083e-07     6.7084e-08  3.1319e-08 
5.3176e-02     9.8186e-04  3.3291e-04     5.2212e-05  1.7703e-05     2.8309e-06  9.5987e-07     1.5054e-07  5.1042e-08 
5.9665e-02     1.4585e-04  1.2428e-04     8.7020e-06  7.4150e-06     4.7182e-07  4.0204e-07     2.8151e-08  2.3988e-08 
6.6945e-02     3.8996e-04  6.0801e-04     2.6106e-05  4.0703e-05     1.4155e-06  2.2069e-06     9.4758e-08  1.4774e-07 
7.5114e-02     2.3170e-04  6.2660e-04     1.7404e-05  4.7066e-05     9.4364e-07  2.5519e-06     7.0880e-08  1.9168e-07 
8.4279e-02     4.1301e-04  1.6059e-04     3.4808e-05  1.3535e-05     1.8873e-06  7.3386e-07     1.5906e-07  6.1849e-08 
9.4563e-02     2.7607e-04  1.0441e-04     2.6106e-05  9.8730e-06     1.4155e-06  5.3532e-07     1.3385e-07  5.0621e-08 
1.0610e-01     6.5613e-04  8.6545e-04     6.9616e-05  9.1825e-05     3.7746e-06  4.9787e-06     4.0048e-07  5.2825e-07 
1.1905e-01     6.5787e-04  2.5697e-04     7.8318e-05  3.0591e-05     4.2464e-06  1.6587e-06     5.0552e-07  1.9746e-07 
1.3357e-01     5.2118e-04  1.8895e-04     6.9616e-05  2.5239e-05     3.7746e-06  1.3685e-06     5.0418e-07  1.8279e-07 
1.4987e-01     5.8063e-04  3.0713e-04     8.7020e-05  4.6030e-05     4.7182e-06  2.4957e-06     7.0712e-07  3.7404e-07 
1.6816e-01     9.3147e-04  2.7841e-04     1.5664e-04  4.6817e-05     8.4927e-06  2.5385e-06     1.4281e-06  4.2686e-07 
1.8868e-01     6.9181e-04  1.8408e-04     1.3053e-04  3.4732e-05     7.0773e-06  1.8832e-06     1.3353e-06  3.5532e-07 
2.1170e-01     7.8100e-04  3.0805e-04     1.6534e-04  6.5214e-05     8.9646e-06  3.5360e-06     1.8978e-06  7.4856e-07 
2.3753e-01     8.0597e-04  2.2315e-04     1.9144e-04  5.3005e-05     1.0380e-05  2.8740e-06     2.4656e-06  6.8266e-07 
2.6651e-01     7.8363e-04  3.0966e-04     2.0885e-04  8.2528e-05     1.1324e-05  4.4747e-06     3.0179e-06  1.1926e-06 
2.9903e-01     8.7301e-04  8.8043e-04     2.6106e-04  2.6328e-04     1.4155e-05  1.4275e-05     4.2327e-06  4.2687e-06 
3.3552e-01     1.1152e-03  2.9086e-04     3.7418e-04  9.7590e-05     2.0288e-05  5.2915e-06     6.8071e-06  1.7754e-06 
3.7646e-01     1.0402e-03  1.6155e-04     3.9159e-04  6.0816e-05     2.1232e-05  3.2977e-06     7.9930e-06  1.2414e-06 
4.2240e-01     1.1331e-03  3.6036e-04     4.7861e-04  1.5221e-04     2.5950e-05  8.2532e-06     1.0961e-05  3.4861e-06 
4.7394e-01     1.1935e-03  2.6361e-04     5.6563e-04  1.2493e-04     3.0668e-05  6.7741e-06     1.4535e-05  3.2105e-06 
5.3176e-01     1.4564e-03  2.4948e-04     7.7448e-04  1.3267e-04     4.1992e-05  7.1936e-06     2.2330e-05  3.8253e-06 
5.9665e-01     1.7356e-03  2.3160e-04     1.0355e-03  1.3818e-04     5.6146e-05  7.4930e-06     3.3500e-05  4.4707e-06 
6.6945e-01     2.0408e-03  1.8001e-04     1.3662e-03  1.2051e-04     7.4076e-05  6.5355e-06     4.9590e-05  4.3752e-06 
7.5114e-01     2.1085e-03  1.6830e-04     1.5838e-03  1.2642e-04     8.5871e-05  6.8566e-06     6.4501e-05  5.1503e-06 
8.4279e-01     2.3025e-03  1.3005e-04     1.9405e-03  1.0960e-04     1.0522e-04  5.9463e-06     8.8675e-05  5.0115e-06 
9.4563e-01     2.6687e-03  9.9160e-05     2.5236e-03  9.3768e-05     1.3683e-04  5.0915e-06     1.2939e-04  4.8146e-06 
1.0610e+00     2.9854e-03  4.2922e-04     3.1675e-03  4.5541e-04     1.7174e-04  2.4694e-05     1.8222e-04  2.6201e-05 
1.1905e+00     3.4721e-03  1.6105e-04     4.1334e-03  1.9172e-04     2.2411e-04  1.0405e-05     2.6680e-04  1.2387e-05 
1.3357e+00     3.6287e-03  2.2505e-04     4.8470e-03  3.0061e-04     2.6280e-04  1.6307e-05     3.5103e-04  2.1782e-05 
1.4987e+00     4.5637e-03  2.5271e-04     6.8398e-03  3.7874e-04     3.7085e-04  2.0548e-05     5.5580e-04  3.0796e-05 
1.6816e+00     4.9575e-03  2.3788e-04     8.3365e-03  4.0002e-04     4.5200e-04  2.1708e-05     7.6008e-04  3.6504e-05 
1.8868e+00     5.7467e-03  2.8478e-04     1.0843e-02  5.3731e-04     5.8789e-04  2.9157e-05     1.1092e-03  5.5012e-05 
2.1170e+00     6.1781e-03  2.8470e-04     1.3079e-02  6.0270e-04     7.0914e-04  3.2709e-05     1.5013e-03  6.9245e-05 
2.3753e+00     7.1109e-03  2.7686e-04     1.6891e-02  6.5764e-04     9.1580e-04  3.5704e-05     2.1753e-03  8.4809e-05 
2.6651e+00     7.6502e-03  3.5117e-04     2.0389e-02  9.3592e-04     1.1055e-03  5.0794e-05     2.9462e-03  1.3537e-04 
2.9903e+00     8.4798e-03  2.7003e-04     2.5358e-02  8.0749e-04     1.3749e-03  4.3869e-05     4.1113e-03  1.3118e-04 
3.3552e+00     9.4302e-03  2.3908e-04     3.1640e-02  8.0217e-04     1.7155e-03  4.3630e-05     5.7560e-03  1.4639e-04 
3.7646e+00     1.0360e-02  1.3100e-04     3.9002e-02  4.9315e-04     2.1147e-03  2.7074e-05     7.9610e-03  1.0192e-04 
4.2240e+00     1.1506e-02  2.4645e-04     4.8601e-02  1.0410e-03     2.6351e-03  5.6690e-05     1.1131e-02  2.3945e-04 
4.7394e+00     1.3248e-02  3.1133e-04     6.2785e-02  1.4755e-03     3.4042e-03  8.0293e-05     1.6134e-02  3.8054e-04 
5.3176e+00     1.4248e-02  2.3399e-04     7.5768e-02  1.2443e-03     4.1081e-03  6.7968e-05     2.1846e-02  3.6143e-04 
5.9665e+00     1.5903e-02  2.3813e-04     9.4886e-02  1.4208e-03     5.1447e-03  7.7725e-05     3.0696e-02  4.6375e-04 
6.6945e+00     1.7894e-02  1.6773e-04     1.1979e-01  1.1229e-03     6.4951e-03  6.2263e-05     4.3481e-02  4.1682e-04 
7.5114e+00     1.9995e-02  1.1925e-04     1.5019e-01  8.9573e-04     8.1431e-03  5.1248e-05     6.1166e-02  3.8494e-04 
8.4279e+00     2.2596e-02  2.3482e-04     1.9043e-01  1.9790e-03     1.0325e-02  1.0929e-04     8.7020e-02  9.2108e-04 
9.4563e+00     2.5214e-02  2.1540e-04     2.3843e-01  2.0369e-03     1.2927e-02  1.1345e-04     1.2224e-01  1.0728e-03 
1.0610e+01     2.8432e-02  3.1261e-04     3.0167e-01  3.3169e-03     1.6357e-02  1.8282e-04     1.7354e-01  1.9397e-03 
1.1905e+01     3.2376e-02  3.8206e-04     3.8543e-01  4.5483e-03     2.0898e-02  2.5016e-04     2.4878e-01  2.9780e-03 
1.3357e+01     3.6871e-02  3.2593e-04     4.9250e-01  4.3536e-03     2.6703e-02  2.4207e-04     3.5668e-01  3.2334e-03 
1.4987e+01     4.2505e-02  2.0100e-04     6.3703e-01  3.0124e-03     3.4540e-02  1.7746e-04     5.1765e-01  2.6596e-03 
1.6816e+01     4.9176e-02  2.5161e-04     8.2694e-01  4.2310e-03     4.4837e-02  2.4645e-04     7.5396e-01  4.1443e-03 
1.8868e+01     5.6373e-02  2.0793e-04     1.0636e+00  3.9232e-03     5.7670e-02  2.4222e-04     1.0881e+00  4.5701e-03 
2.1170e+01     5.8837e-02  4.4495e-04     1.2456e+00  9.4196e-03     6.7535e-02  5.2844e-04     1.4297e+00  1.1187e-02 
2.3753e+01     4.7850e-02  1.3342e-04     1.1366e+00  3.1691e-03     6.1625e-02  2.1178e-04     1.4638e+00  5.0304e-03 
2.6651e+01     2.9396e-02  5.6475e-05     7.8343e-01  1.5051e-03     4.2477e-02  1.1807e-04     1.1321e+00  3.1468e-03 
2.9903e+01     1.3835e-02  1.4119e-04     4.1370e-01  4.2221e-03     2.2431e-02  2.3331e-04     6.7075e-01  6.9769e-03 
3.3552e+01     4.9703e-03  1.1758e-04     1.6676e-01  3.9452e-03     9.0419e-03  2.1468e-04     3.0338e-01  7.2029e-03 
3.7646e+01     1.3504e-03  2.0745e-05     5.0837e-02  7.8097e-04     2.7564e-03  4.2704e-05     1.0377e-01  1.6076e-03 
4.2240e+01     2.5875e-04  1.9467e-05     1.0930e-02  8.2228e-04     5.9260e-04  4.4600e-05     2.5031e-02  1.8839e-03 
4.7394e+01     4.0945e-05  3.4666e-06     1.9405e-03  1.6429e-04     1.0522e-04  8.9104e-06     4.9865e-03  4.2230e-04 
5.3176e+01     3.9274e-06  2.3529e-06     2.0885e-04  1.2512e-04     1.1324e-05  6.7839e-06     6.0215e-04  3.6074e-04 
5.9665e+01     4.3754e-07  7.0744e-07     2.6106e-05  4.2209e-05     1.4155e-06  2.2886e-06     8.4453e-05  1.3655e-04 
6.6945e+01     0.0000e+00  0.0000e+00     0.0000e+00  0.0000e+00     0.0000e+00  0.0000e+00     0.0000e+00  0.0000e+00 
7.5114e+01     0.0000e+00  0.0000e+00     0.0000e+00  0.0000e+00     0.0000e+00  0.0000e+00     0.0000e+00  0.0000e+00 
8.4279e+01     0.0000e+00  0.0000e+00     0.0000e+00  0.0000e+00     0.0000e+00  0.0000e+00     0.0000e+00  0.0000e+00 
9.4563e+01     9.2023e-08  2.7603e-08     8.7020e-06  2.6102e-06     4.7182e-07  1.4153e-07     4.4616e-05  1.3383e-05 
1.0610e+02     1.6403e-07  7.0613e-08     1.7404e-05  7.4921e-06     9.4364e-07  4.0622e-07     1.0012e-04  4.3101e-05 
1.1905e+02     7.3097e-08  5.6357e-08     8.7020e-06  6.7092e-06     4.7182e-07  3.6377e-07     5.6169e-05  4.3306e-05 
1.3357e+02     6.5148e-08  1.7235e-08     8.7020e-06  2.3021e-06     4.7182e-07  1.2482e-07     6.3022e-05  1.6673e-05 
1.4987e+02     0.0000e+00  0.0000e+00     0.0000e+00  0.0000e+00     0.0000e+00  0.0000e+00     0.0000e+00  0.0000e+00 
1.6816e+02     5.1749e-08  6.0547e-08     8.7020e-06  1.0182e-05     4.7182e-07  5.5204e-07     7.9340e-05  9.2830e-05 
1.8868e+02     0.0000e+00  0.0000e+00     0.0000e+00  0.0000e+00     0.0000e+00  0.0000e+00     0.0000e+00  0.0000e+00 
2.1170e+02     0.0000e+00  0.0000e+00     0.0000e+00  0.0000e+00     0.0000e+00  0.0000e+00     0.0000e+00  0.0000e+00 
2.3753e+02     7.3270e-08  5.6176e-08     1.7404e-05  1.3343e-05     9.4364e-07  7.2348e-07     2.2414e-04  1.7185e-04 
2.6651e+02     0.0000e+00  0.0000e+00     0.0000e+00  0.0000e+00     0.0000e+00  0.0000e+00     0.0000e+00  0.0000e+00 
2.9903e+02     0.0000e+00  0.0000e+00     0.0000e+00  0.0000e+00     0.0000e+00  0.0000e+00     0.0000e+00  0.0000e+00 
3.3552e+02     0.0000e+00  0.0000e+00     0.0000e+00  0.0000e+00     0.0000e+00  0.0000e+00     0.0000e+00  0.0000e+00 
3.7646e+02     2.3115e-08  8.3329e-09     8.7020e-06  3.1370e-06     4.7182e-07  1.7009e-07     1.7762e-04  6.4032e-05 
4.2240e+02     0.0000e+00  0.0000e+00     0.0000e+00  0.0000e+00     0.0000e+00  0.0000e+00     0.0000e+00  0.0000e+00 
4.7394e+02     0.0000e+00  0.0000e+00     0.0000e+00  0.0000e+00     0.0000e+00  0.0000e+00     0.0000e+00  0.0000e+00 
5.3176e+02     0.0000e+00  0.0000e+00     0.0000e+00  0.0000e+00     0.0000e+00  0.0000e+00     0.0000e+00  0.0000e+00 
5.9665e+02     0.0000e+00  0.0000e+00     0.0000e+00  0.0000e+00     0.0000e+00  0.0000e+00     0.0000e+00  0.0000e+00 
6.6945e+02     0.0000e+00  0.0000e+00     0.0000e+00  0.0000e+00     0.0000e+00  0.0000e+00     0.0000e+00  0.0000e+00 
7.5114e+02     0.0000e+00  0.0000e+00     0.0000e+00  0.0000e+00     0.0000e+00  0.0000e+00     0.0000e+00  0.0000e+00 
8.4279e+02     0.0000e+00  0.0000e+00     0.0000e+00  0.0000e+00     0.0000e+00  0.0000e+00     0.0000e+00  0.0000e+00 
9.4563e+02     0.0000e+00  0.0000e+00     0.0000e+00  0.0000e+00     0.0000e+00  0.0000e+00     0.0000e+00  0.0000e+00 
1.0610e+03     0.0000e+00  0.0000e+00     0.0000e+00  0.0000e+00     0.0000e+00  0.0000e+00     0.0000e+00  0.0000e+00 
1.1905e+03     0.0000e+00  0.0000e+00     0.0000e+00  0.0000e+00     0.0000e+00  0.0000e+00     0.0000e+00  0.0000e+00 
1.3357e+03     0.0000e+00  0.0000e+00     0.0000e+00  0.0000e+00     0.0000e+00  0.0000e+00     0.0000e+00  0.0000e+00 
1.4987e+03     0.0000e+00  0.0000e+00     0.0000e+00  0.0000e+00     0.0000e+00  0.0000e+00     0.0000e+00  0.0000e+00 
1.6816e+03     0.0000e+00  0.0000e+00     0.0000e+00  0.0000e+00     0.0000e+00  0.0000e+00     0.0000e+00  0.0000e+00 
1.8868e+03     0.0000e+00  0.0000e+00     0.0000e+00  0.0000e+00     0.0000e+00  0.0000e+00     0.0000e+00  0.0000e+00 
2.1170e+03     0.0000e+00  0.0000e+00     0.0000e+00  0.0000e+00     0.0000e+00  0.0000e+00     0.0000e+00  0.0000e+00 
2.3753e+03     0.0000e+00  0.0000e+00     0.0000e+00  0.0000e+00     0.0000e+00  0.0000e+00     0.0000e+00  0.0000e+00 
2.6651e+03     0.0000e+00  0.0000e+00     0.0000e+00  0.0000e+00     0.0000e+00  0.0000e+00     0.0000e+00  0.0000e+00 
2.9903e+03     0.0000e+00  0.0000e+00     0.0000e+00  0.0000e+00     0.0000e+00  0.0000e+00     0.0000e+00  0.0000e+00 
3.3552e+03     0.0000e+00  0.0000e+00     0.0000e+00  0.0000e+00     0.0000e+00  0.0000e+00     0.0000e+00  0.0000e+00 
3.7646e+03     0.0000e+00  0.0000e+00     0.0000e+00  0.0000e+00     0.0000e+00  0.0000e+00     0.0000e+00  0.0000e+00 
4.2240e+03     0.0000e+00  0.0000e+00     0.0000e+00  0.0000e+00     0.0000e+00  0.0000e+00     0.0000e+00  0.0000e+00 
4.7394e+03     0.0000e+00  0.0000e+00     0.0000e+00  0.0000e+00     0.0000e+00  0.0000e+00     0.0000e+00  0.0000e+00 
5.3176e+03     0.0000e+00  0.0000e+00     0.0000e+00  0.0000e+00     0.0000e+00  0.0000e+00     0.0000e+00  0.0000e+00 
5.9665e+03     0.0000e+00  0.0000e+00     0.0000e+00  0.0000e+00     0.0000e+00  0.0000e+00     0.0000e+00  0.0000e+00 
6.6945e+03     0.0000e+00  0.0000e+00     0.0000e+00  0.0000e+00     0.0000e+00  0.0000e+00     0.0000e+00  0.0000e+00 
7.5114e+03     0.0000e+00  0.0000e+00     0.0000e+00  0.0000e+00     0.0000e+00  0.0000e+00     0.0000e+00  0.0000e+00 
8.4279e+03     0.0000e+00  0.0000e+00     0.0000e+00  0.0000e+00     0.0000e+00  0.0000e+00     0.0000e+00  0.0000e+00 
9.4563e+03     0.0000e+00  0.0000e+00     0.0000e+00  0.0000e+00     0.0000e+00  0.0000e+00     0.0000e+00  0.0000e+00 
