yF = 1.7128e+01 (std: 2.9095e-02) keV/um
yD = 1.9824e+01 (std: 4.5342e-02) keV/um
y (keV/um)     f(y)(std)                  yf(y)(std)                 d(y)(std)                  yd(y)(std)  
1.0610e-03     0.0000e+00  0.0000e+00     0.0000e+00  0.0000e+00     0.0000e+00  0.0000e+00     0.0000e+00  0.0000e+00 
1.1905e-03     0.0000e+00  0.0000e+00     0.0000e+00  0.0000e+00     0.0000e+00  0.0000e+00     0.0000e+00  0.0000e+00 
1.3357e-03     0.0000e+00  0.0000e+00     0.0000e+00  0.0000e+00     0.0000e+00  0.0000e+00     0.0000e+00  0.0000e+00 
1.4987e-03     0.0000e+00  0.0000e+00     0.0000e+00  0.0000e+00     0.0000e+00  0.0000e+00     0.0000e+00  0.0000e+00 
1.6816e-03     0.0000e+00  0.0000e+00     0.0000e+00  0.0000e+00     0.0000e+00  0.0000e+00     0.0000e+00  0.0000e+00 
1.8868e-03     0.0000e+00  0.0000e+00     0.0000e+00  0.0000e+00     0.0000e+00  0.0000e+00     0.0000e+00  0.0000e+00 
2.1170e-03     0.0000e+00  0.0000e+00     0.0000e+00  0.0000e+00     0.0000e+00  0.0000e+00     0.0000e+00  0.0000e+00 
2.3753e-03     0.0000e+00  0.0000e+00     0.0000e+00  0.0000e+00     0.0000e+00  0.0000e+00     0.0000e+00  0.0000e+00 
2.6651e-03     0.0000e+00  0.0000e+00     0.0000e+00  0.0000e+00     0.0000e+00  0.0000e+00     0.0000e+00  0.0000e+00 
2.9903e-03     0.0000e+00  0.0000e+00     0.0000e+00  0.0000e+00     0.0000e+00  0.0000e+00     0.0000e+00  0.0000e+00 
3.3552e-03     0.0000e+00  0.0000e+00     0.0000e+00  0.0000e+00     0.0000e+00  0.0000e+00     0.0000e+00  0.0000e+00 
3.7646e-03     0.0000e+00  0.0000e+00     0.0000e+00  0.0000e+00     0.0000e+00  0.0000e+00     0.0000e+00  0.0000e+00 
4.2240e-03     0.0000e+00  0.0000e+00     0.0000e+00  0.0000e+00     0.0000e+00  0.0000e+00     0.0000e+00  0.0000e+00 
4.7394e-03     0.0000e+00  0.0000e+00     0.0000e+00  0.0000e+00     0.0000e+00  0.0000e+00     0.0000e+00  0.0000e+00 
5.3176e-03     0.0000e+00  0.0000e+00     0.0000e+00  0.0000e+00     0.0000e+00  0.0000e+00     0.0000e+00  0.0000e+00 
5.9665e-03     1.4585e-03  2.0526e-03     8.7021e-06  1.2247e-05     5.0806e-07  7.1502e-07     3.0314e-09  4.2661e-09 
6.6945e-03     0.0000e+00  0.0000e+00     0.0000e+00  0.0000e+00     0.0000e+00  0.0000e+00     0.0000e+00  0.0000e+00 
7.5114e-03     2.3171e-03  1.3474e-03     1.7404e-05  1.0121e-05     1.0161e-06  5.9090e-07     7.6325e-09  4.4385e-09 
8.4279e-03     1.0325e-03  8.4593e-04     8.7021e-06  7.1294e-06     5.0806e-07  4.1624e-07     4.2819e-09  3.5081e-09 
9.4563e-03     0.0000e+00  0.0000e+00     0.0000e+00  0.0000e+00     0.0000e+00  0.0000e+00     0.0000e+00  0.0000e+00 
1.0610e-02     0.0000e+00  0.0000e+00     0.0000e+00  0.0000e+00     0.0000e+00  0.0000e+00     0.0000e+00  0.0000e+00 
1.1905e-02     0.0000e+00  0.0000e+00     0.0000e+00  0.0000e+00     0.0000e+00  0.0000e+00     0.0000e+00  0.0000e+00 
1.3357e-02     1.3030e-03  2.5086e-03     1.7404e-05  3.3508e-05     1.0161e-06  1.9563e-06     1.3573e-08  2.6131e-08 
1.4987e-02     0.0000e+00  0.0000e+00     0.0000e+00  0.0000e+00     0.0000e+00  0.0000e+00     0.0000e+00  0.0000e+00 
1.6816e-02     5.1750e-04  3.9432e-04     8.7021e-06  6.6308e-06     5.0806e-07  3.8713e-07     8.5435e-09  6.5099e-09 
1.8868e-02     0.0000e+00  0.0000e+00     0.0000e+00  0.0000e+00     0.0000e+00  0.0000e+00     0.0000e+00  0.0000e+00 
2.1170e-02     0.0000e+00  0.0000e+00     0.0000e+00  0.0000e+00     0.0000e+00  0.0000e+00     0.0000e+00  0.0000e+00 
2.3753e-02     2.5645e-03  8.7083e-04     6.0915e-05  2.0685e-05     3.5565e-06  1.2077e-06     8.4477e-08  2.8686e-08 
2.6651e-02     3.2652e-04  4.4026e-04     8.7021e-06  1.1734e-05     5.0806e-07  6.8505e-07     1.3541e-08  1.8258e-08 
2.9903e-02     8.7303e-04  4.3215e-04     2.6106e-05  1.2923e-05     1.5242e-06  7.5448e-07     4.5578e-08  2.2561e-08 
3.3552e-02     5.1873e-04  1.6849e-04     1.7404e-05  5.6531e-06     1.0161e-06  3.3006e-07     3.4093e-08  1.1074e-08 
3.7646e-02     2.3116e-04  1.2461e-04     8.7021e-06  4.6909e-06     5.0806e-07  2.7387e-07     1.9127e-08  1.0310e-08 
4.2240e-02     4.1204e-04  8.0058e-04     1.7404e-05  3.3816e-05     1.0161e-06  1.9743e-06     4.2921e-08  8.3394e-08 
4.7394e-02     1.8361e-04  1.4856e-04     8.7021e-06  7.0407e-06     5.0806e-07  4.1106e-07     2.4079e-08  1.9482e-08 
5.3176e-02     3.2729e-04  4.4025e-04     1.7404e-05  2.3411e-05     1.0161e-06  1.3668e-06     5.4034e-08  7.2682e-08 
5.9665e-02     8.7510e-04  3.4438e-04     5.2213e-05  2.0547e-05     3.0484e-06  1.1997e-06     1.8188e-07  7.1577e-08 
6.6945e-02     5.1996e-04  2.2098e-04     3.4809e-05  1.4794e-05     2.0323e-06  8.6372e-07     1.3605e-07  5.7822e-08 
7.5114e-02     4.6341e-04  1.4984e-04     3.4809e-05  1.1255e-05     2.0323e-06  6.5713e-07     1.5265e-07  4.9359e-08 
8.4279e-02     5.1627e-04  2.0729e-04     4.3511e-05  1.7470e-05     2.5403e-06  1.0200e-06     2.1410e-07  8.5963e-08 
9.4563e-02     4.6013e-04  3.0695e-04     4.3511e-05  2.9026e-05     2.5403e-06  1.6946e-06     2.4022e-07  1.6025e-07 
1.0610e-01     6.5614e-04  2.5476e-04     6.9617e-05  2.7031e-05     4.0645e-06  1.5782e-06     4.3125e-07  1.6744e-07 
1.1905e-01     5.1169e-04  3.1450e-04     6.0915e-05  3.7440e-05     3.5565e-06  2.1859e-06     4.2339e-07  2.6023e-07 
1.3357e-01     7.8179e-04  2.5654e-04     1.0443e-04  3.4267e-05     6.0968e-06  2.0006e-06     8.1437e-07  2.6723e-07 
1.4987e-01     6.3870e-04  2.3141e-04     9.5724e-05  3.4682e-05     5.5887e-06  2.0249e-06     8.3759e-07  3.0347e-07 
1.6816e-01     7.2449e-04  2.6014e-04     1.2183e-04  4.3744e-05     7.1129e-06  2.5540e-06     1.1961e-06  4.2947e-07 
1.8868e-01     8.7632e-04  5.7522e-04     1.6534e-04  1.0853e-04     9.6532e-06  6.3365e-06     1.8213e-06  1.1956e-06 
2.1170e-01     6.9881e-04  2.1509e-04     1.4794e-04  4.5534e-05     8.6371e-06  2.6585e-06     1.8285e-06  5.6280e-07 
2.3753e-01     1.0258e-03  3.8331e-04     2.4366e-04  9.1049e-05     1.4226e-05  5.3158e-06     3.3791e-06  1.2627e-06 
2.6651e-01     7.1834e-04  2.9240e-04     1.9145e-04  7.7929e-05     1.1177e-05  4.5498e-06     2.9789e-06  1.2126e-06 
2.9903e-01     1.0476e-03  1.8839e-04     3.1328e-04  5.6335e-05     1.8290e-05  3.2892e-06     5.4694e-06  9.8357e-07 
3.3552e-01     9.0777e-04  4.7156e-04     3.0458e-04  1.5822e-04     1.7782e-05  9.2374e-06     5.9663e-06  3.0993e-06 
3.7646e-01     1.3407e-03  2.4308e-04     5.0472e-04  9.1511e-05     2.9468e-05  5.3430e-06     1.1093e-05  2.0114e-06 
4.2240e-01     1.3803e-03  2.1351e-04     5.8304e-04  9.0188e-05     3.4040e-05  5.2658e-06     1.4378e-05  2.2243e-06 
4.7394e-01     1.7443e-03  1.6454e-04     8.2670e-04  7.7979e-05     4.8266e-05  4.5535e-06     2.2875e-05  2.1581e-06 
5.3176e-01     1.9147e-03  4.5497e-04     1.0182e-03  2.4194e-04     5.9444e-05  1.4126e-05     3.1610e-05  7.5115e-06 
5.9665e-01     2.0711e-03  3.4348e-04     1.2357e-03  2.0493e-04     7.2145e-05  1.1965e-05     4.3045e-05  7.1392e-06 
6.6945e-01     2.1058e-03  3.0814e-04     1.4097e-03  2.0629e-04     8.2306e-05  1.2045e-05     5.5100e-05  8.0633e-06 
7.5114e-01     2.1665e-03  2.9524e-04     1.6273e-03  2.2176e-04     9.5008e-05  1.2948e-05     7.1364e-05  9.7260e-06 
8.4279e-01     3.0666e-03  2.0322e-04     2.5845e-03  1.7127e-04     1.5090e-04  1.0003e-05     1.2717e-04  8.4301e-06 
9.4563e-01     3.1013e-03  2.7172e-04     2.9326e-03  2.5695e-04     1.7122e-04  1.5004e-05     1.6191e-04  1.4188e-05 
1.0610e+00     3.5760e-03  1.7312e-04     3.7941e-03  1.8368e-04     2.2152e-04  1.0730e-05     2.3503e-04  1.1385e-05 
1.1905e+00     3.9765e-03  2.0314e-04     4.7340e-03  2.4184e-04     2.7639e-04  1.4127e-05     3.2903e-04  1.6818e-05 
1.3357e+00     4.8015e-03  1.7721e-04     6.4135e-03  2.3670e-04     3.7444e-04  1.3834e-05     5.0016e-04  1.8479e-05 
1.4987e+00     5.2142e-03  1.9627e-04     7.8145e-03  2.9416e-04     4.5624e-04  1.7191e-05     6.8378e-04  2.5765e-05 
1.6816e+00     5.7856e-03  2.2810e-04     9.7290e-03  3.8357e-04     5.6802e-04  2.2415e-05     9.5517e-04  3.7692e-05 
1.8868e+00     6.6185e-03  2.5552e-04     1.2488e-02  4.8211e-04     7.2907e-04  2.8175e-05     1.3756e-03  5.3159e-05 
2.1170e+00     7.5635e-03  4.3060e-04     1.6012e-02  9.1158e-04     9.3484e-04  5.3245e-05     1.9790e-03  1.1272e-04 
2.3753e+00     8.1222e-03  3.7839e-04     1.9293e-02  8.9878e-04     1.1264e-03  5.2509e-05     2.6755e-03  1.2473e-04 
2.6651e+00     8.5972e-03  1.7153e-04     2.2913e-02  4.5716e-04     1.3377e-03  2.6787e-05     3.5652e-03  7.1392e-05 
2.9903e+00     9.9496e-03  2.9494e-04     2.9753e-02  8.8196e-04     1.7371e-03  5.1576e-05     5.1944e-03  1.5423e-04 
3.3552e+00     1.0782e-02  1.6023e-04     3.6175e-02  5.3760e-04     2.1120e-03  3.1591e-05     7.0863e-03  1.0600e-04 
3.7646e+00     1.2154e-02  2.1950e-04     4.5756e-02  8.2633e-04     2.6714e-03  4.8457e-05     1.0057e-02  1.8242e-04 
4.2240e+00     1.3525e-02  2.9380e-04     5.7130e-02  1.2410e-03     3.3354e-03  7.2675e-05     1.4089e-02  3.0697e-04 
4.7394e+00     1.5001e-02  2.4479e-04     7.1097e-02  1.1601e-03     4.1509e-03  6.8099e-05     1.9673e-02  3.2274e-04 
5.3176e+00     1.6715e-02  2.8533e-04     8.8884e-02  1.5173e-03     5.1894e-03  8.9021e-05     2.7595e-02  4.7338e-04 
5.9665e+00     1.8624e-02  2.0088e-04     1.1112e-01  1.1986e-03     6.4875e-03  7.0840e-05     3.8707e-02  4.2266e-04 
6.6945e+00     2.0857e-02  4.2432e-04     1.3963e-01  2.8406e-03     8.1519e-03  1.6642e-04     5.4573e-02  1.1141e-03 
7.5114e+00     2.3362e-02  2.0837e-04     1.7548e-01  1.5652e-03     1.0245e-02  9.3023e-05     7.6955e-02  6.9873e-04 
8.4279e+00     2.5919e-02  5.0543e-04     2.1844e-01  4.2597e-03     1.2753e-02  2.4964e-04     1.0748e-01  2.1040e-03 
9.4563e+00     2.9649e-02  3.7505e-04     2.8037e-01  3.5465e-03     1.6369e-02  2.0892e-04     1.5479e-01  1.9756e-03 
1.0610e+01     3.3346e-02  4.2371e-04     3.5380e-01  4.4956e-03     2.0656e-02  2.6481e-04     2.1917e-01  2.8096e-03 
1.1905e+01     3.8157e-02  3.0835e-04     4.5424e-01  3.6708e-03     2.6520e-02  2.1900e-04     3.1572e-01  2.6071e-03 
1.3357e+01     4.3596e-02  2.3810e-04     5.8232e-01  3.1804e-03     3.3998e-02  1.9446e-04     4.5412e-01  2.5974e-03 
1.4987e+01     5.0551e-02  4.6527e-04     7.5761e-01  6.9731e-03     4.4232e-02  4.1399e-04     6.6291e-01  6.2045e-03 
1.6816e+01     5.8474e-02  1.7978e-04     9.8329e-01  3.0231e-03     5.7408e-02  2.0165e-04     9.6537e-01  3.3909e-03 
1.8868e+01     6.3363e-02  2.4679e-04     1.1955e+00  4.6563e-03     6.9799e-02  2.9658e-04     1.3169e+00  5.5959e-03 
2.1170e+01     5.6431e-02  2.1550e-04     1.1946e+00  4.5622e-03     6.9747e-02  2.9152e-04     1.4765e+00  6.1714e-03 
2.3753e+01     3.8053e-02  2.3632e-04     9.0388e-01  5.6133e-03     5.2772e-02  3.3976e-04     1.2535e+00  8.0704e-03 
2.6651e+01     2.0078e-02  5.8849e-05     5.3510e-01  1.5684e-03     3.1241e-02  1.0584e-04     8.3261e-01  2.8207e-03 
2.9903e+01     8.1873e-03  6.2819e-05     2.4483e-01  1.8785e-03     1.4294e-02  1.1233e-04     4.2743e-01  3.3590e-03 
3.3552e+01     2.6133e-03  2.8446e-05     8.7683e-02  9.5443e-04     5.1193e-03  5.6398e-05     1.7176e-01  1.8923e-03 
3.7646e+01     6.6781e-04  1.1982e-05     2.5141e-02  4.5108e-04     1.4678e-03  2.6453e-05     5.5257e-02  9.9586e-04 
4.2240e+01     1.1104e-04  8.6054e-06     4.6905e-03  3.6349e-04     2.7385e-04  2.1227e-05     1.1567e-02  8.9661e-04 
4.7394e+01     1.2486e-05  3.3246e-06     5.9175e-04  1.5756e-04     3.4548e-05  9.1994e-06     1.6374e-03  4.3599e-04 
5.3176e+01     1.3092e-06  4.1856e-07     6.9617e-05  2.2257e-05     4.0645e-06  1.2995e-06     2.1614e-04  6.9102e-05 
5.9665e+01     1.4585e-07  5.8888e-07     8.7021e-06  3.5135e-05     5.0806e-07  2.0513e-06     3.0314e-05  1.2239e-04 
6.6945e+01     0.0000e+00  0.0000e+00     0.0000e+00  0.0000e+00     0.0000e+00  0.0000e+00     0.0000e+00  0.0000e+00 
7.5114e+01     0.0000e+00  0.0000e+00     0.0000e+00  0.0000e+00     0.0000e+00  0.0000e+00     0.0000e+00  0.0000e+00 
8.4279e+01     1.0325e-07  3.7222e-08     8.7021e-06  3.1370e-06     5.0806e-07  1.8315e-07     4.2819e-05  1.5436e-05 
9.4563e+01     9.2025e-08  8.8969e-08     8.7021e-06  8.4132e-06     5.0806e-07  4.9119e-07     4.8044e-05  4.6448e-05 
1.0610e+02     0.0000e+00  0.0000e+00     0.0000e+00  0.0000e+00     0.0000e+00  0.0000e+00     0.0000e+00  0.0000e+00 
1.1905e+02     0.0000e+00  0.0000e+00     0.0000e+00  0.0000e+00     0.0000e+00  0.0000e+00     0.0000e+00  0.0000e+00 
1.3357e+02     0.0000e+00  0.0000e+00     0.0000e+00  0.0000e+00     0.0000e+00  0.0000e+00     0.0000e+00  0.0000e+00 
1.4987e+02     0.0000e+00  0.0000e+00     0.0000e+00  0.0000e+00     0.0000e+00  0.0000e+00     0.0000e+00  0.0000e+00 
1.6816e+02     0.0000e+00  0.0000e+00     0.0000e+00  0.0000e+00     0.0000e+00  0.0000e+00     0.0000e+00  0.0000e+00 
1.8868e+02     9.2244e-08  7.9240e-08     1.7404e-05  1.4951e-05     1.0161e-06  8.7289e-07     1.9172e-04  1.6469e-04 
2.1170e+02     8.2212e-08  9.1379e-08     1.7404e-05  1.9345e-05     1.0161e-06  1.1294e-06     2.1511e-04  2.3910e-04 
2.3753e+02     0.0000e+00  0.0000e+00     0.0000e+00  0.0000e+00     0.0000e+00  0.0000e+00     0.0000e+00  0.0000e+00 
2.6651e+02     0.0000e+00  0.0000e+00     0.0000e+00  0.0000e+00     0.0000e+00  0.0000e+00     0.0000e+00  0.0000e+00 
2.9903e+02     2.9101e-08  2.5141e-08     8.7021e-06  7.5180e-06     5.0806e-07  4.3893e-07     1.5193e-04  1.3126e-04 
3.3552e+02     0.0000e+00  0.0000e+00     0.0000e+00  0.0000e+00     0.0000e+00  0.0000e+00     0.0000e+00  0.0000e+00 
3.7646e+02     2.3116e-08  1.5467e-08     8.7021e-06  5.8225e-06     5.0806e-07  3.3994e-07     1.9127e-04  1.2798e-04 
4.2240e+02     0.0000e+00  0.0000e+00     0.0000e+00  0.0000e+00     0.0000e+00  0.0000e+00     0.0000e+00  0.0000e+00 
4.7394e+02     0.0000e+00  0.0000e+00     0.0000e+00  0.0000e+00     0.0000e+00  0.0000e+00     0.0000e+00  0.0000e+00 
5.3176e+02     0.0000e+00  0.0000e+00     0.0000e+00  0.0000e+00     0.0000e+00  0.0000e+00     0.0000e+00  0.0000e+00 
5.9665e+02     1.4585e-08  7.7239e-09     8.7021e-06  4.6084e-06     5.0806e-07  2.6906e-07     3.0314e-04  1.6053e-04 
6.6945e+02     0.0000e+00  0.0000e+00     0.0000e+00  0.0000e+00     0.0000e+00  0.0000e+00     0.0000e+00  0.0000e+00 
7.5114e+02     0.0000e+00  0.0000e+00     0.0000e+00  0.0000e+00     0.0000e+00  0.0000e+00     0.0000e+00  0.0000e+00 
8.4279e+02     0.0000e+00  0.0000e+00     0.0000e+00  0.0000e+00     0.0000e+00  0.0000e+00     0.0000e+00  0.0000e+00 
9.4563e+02     9.2025e-09  3.7937e-09     8.7021e-06  3.5874e-06     5.0806e-07  2.0945e-07     4.8044e-04  1.9806e-04 
1.0610e+03     0.0000e+00  0.0000e+00     0.0000e+00  0.0000e+00     0.0000e+00  0.0000e+00     0.0000e+00  0.0000e+00 
1.1905e+03     0.0000e+00  0.0000e+00     0.0000e+00  0.0000e+00     0.0000e+00  0.0000e+00     0.0000e+00  0.0000e+00 
1.3357e+03     0.0000e+00  0.0000e+00     0.0000e+00  0.0000e+00     0.0000e+00  0.0000e+00     0.0000e+00  0.0000e+00 
1.4987e+03     0.0000e+00  0.0000e+00     0.0000e+00  0.0000e+00     0.0000e+00  0.0000e+00     0.0000e+00  0.0000e+00 
1.6816e+03     0.0000e+00  0.0000e+00     0.0000e+00  0.0000e+00     0.0000e+00  0.0000e+00     0.0000e+00  0.0000e+00 
1.8868e+03     0.0000e+00  0.0000e+00     0.0000e+00  0.0000e+00     0.0000e+00  0.0000e+00     0.0000e+00  0.0000e+00 
2.1170e+03     0.0000e+00  0.0000e+00     0.0000e+00  0.0000e+00     0.0000e+00  0.0000e+00     0.0000e+00  0.0000e+00 
2.3753e+03     0.0000e+00  0.0000e+00     0.0000e+00  0.0000e+00     0.0000e+00  0.0000e+00     0.0000e+00  0.0000e+00 
2.6651e+03     0.0000e+00  0.0000e+00     0.0000e+00  0.0000e+00     0.0000e+00  0.0000e+00     0.0000e+00  0.0000e+00 
2.9903e+03     0.0000e+00  0.0000e+00     0.0000e+00  0.0000e+00     0.0000e+00  0.0000e+00     0.0000e+00  0.0000e+00 
3.3552e+03     0.0000e+00  0.0000e+00     0.0000e+00  0.0000e+00     0.0000e+00  0.0000e+00     0.0000e+00  0.0000e+00 
3.7646e+03     0.0000e+00  0.0000e+00     0.0000e+00  0.0000e+00     0.0000e+00  0.0000e+00     0.0000e+00  0.0000e+00 
4.2240e+03     0.0000e+00  0.0000e+00     0.0000e+00  0.0000e+00     0.0000e+00  0.0000e+00     0.0000e+00  0.0000e+00 
4.7394e+03     0.0000e+00  0.0000e+00     0.0000e+00  0.0000e+00     0.0000e+00  0.0000e+00     0.0000e+00  0.0000e+00 
5.3176e+03     0.0000e+00  0.0000e+00     0.0000e+00  0.0000e+00     0.0000e+00  0.0000e+00     0.0000e+00  0.0000e+00 
5.9665e+03     0.0000e+00  0.0000e+00     0.0000e+00  0.0000e+00     0.0000e+00  0.0000e+00     0.0000e+00  0.0000e+00 
6.6945e+03     0.0000e+00  0.0000e+00     0.0000e+00  0.0000e+00     0.0000e+00  0.0000e+00     0.0000e+00  0.0000e+00 
7.5114e+03     0.0000e+00  0.0000e+00     0.0000e+00  0.0000e+00     0.0000e+00  0.0000e+00     0.0000e+00  0.0000e+00 
8.4279e+03     0.0000e+00  0.0000e+00     0.0000e+00  0.0000e+00     0.0000e+00  0.0000e+00     0.0000e+00  0.0000e+00 
9.4563e+03     0.0000e+00  0.0000e+00     0.0000e+00  0.0000e+00     0.0000e+00  0.0000e+00     0.0000e+00  0.0000e+00 
