yF = 1.6391e+01 (std: 2.9246e-02) keV/um
yD = 1.8981e+01 (std: 1.2016e-01) keV/um
y (keV/um)     f(y)(std)                  yf(y)(std)                 d(y)(std)                  yd(y)(std)  
1.0610e-03     0.0000e+00  0.0000e+00     0.0000e+00  0.0000e+00     0.0000e+00  0.0000e+00     0.0000e+00  0.0000e+00 
1.1905e-03     0.0000e+00  0.0000e+00     0.0000e+00  0.0000e+00     0.0000e+00  0.0000e+00     0.0000e+00  0.0000e+00 
1.3357e-03     0.0000e+00  0.0000e+00     0.0000e+00  0.0000e+00     0.0000e+00  0.0000e+00     0.0000e+00  0.0000e+00 
1.4987e-03     0.0000e+00  0.0000e+00     0.0000e+00  0.0000e+00     0.0000e+00  0.0000e+00     0.0000e+00  0.0000e+00 
1.6816e-03     0.0000e+00  0.0000e+00     0.0000e+00  0.0000e+00     0.0000e+00  0.0000e+00     0.0000e+00  0.0000e+00 
1.8868e-03     0.0000e+00  0.0000e+00     0.0000e+00  0.0000e+00     0.0000e+00  0.0000e+00     0.0000e+00  0.0000e+00 
2.1170e-03     0.0000e+00  0.0000e+00     0.0000e+00  0.0000e+00     0.0000e+00  0.0000e+00     0.0000e+00  0.0000e+00 
2.3753e-03     0.0000e+00  0.0000e+00     0.0000e+00  0.0000e+00     0.0000e+00  0.0000e+00     0.0000e+00  0.0000e+00 
2.6651e-03     0.0000e+00  0.0000e+00     0.0000e+00  0.0000e+00     0.0000e+00  0.0000e+00     0.0000e+00  0.0000e+00 
2.9903e-03     0.0000e+00  0.0000e+00     0.0000e+00  0.0000e+00     0.0000e+00  0.0000e+00     0.0000e+00  0.0000e+00 
3.3552e-03     0.0000e+00  0.0000e+00     0.0000e+00  0.0000e+00     0.0000e+00  0.0000e+00     0.0000e+00  0.0000e+00 
3.7646e-03     0.0000e+00  0.0000e+00     0.0000e+00  0.0000e+00     0.0000e+00  0.0000e+00     0.0000e+00  0.0000e+00 
4.2240e-03     2.0602e-03  5.4501e-04     8.7021e-06  2.3021e-06     5.3091e-07  1.4046e-07     2.2426e-09  5.9328e-10 
4.7394e-03     0.0000e+00  0.0000e+00     0.0000e+00  0.0000e+00     0.0000e+00  0.0000e+00     0.0000e+00  0.0000e+00 
5.3176e-03     0.0000e+00  0.0000e+00     0.0000e+00  0.0000e+00     0.0000e+00  0.0000e+00     0.0000e+00  0.0000e+00 
5.9665e-03     0.0000e+00  0.0000e+00     0.0000e+00  0.0000e+00     0.0000e+00  0.0000e+00     0.0000e+00  0.0000e+00 
6.6945e-03     0.0000e+00  0.0000e+00     0.0000e+00  0.0000e+00     0.0000e+00  0.0000e+00     0.0000e+00  0.0000e+00 
7.5114e-03     0.0000e+00  0.0000e+00     0.0000e+00  0.0000e+00     0.0000e+00  0.0000e+00     0.0000e+00  0.0000e+00 
8.4279e-03     0.0000e+00  0.0000e+00     0.0000e+00  0.0000e+00     0.0000e+00  0.0000e+00     0.0000e+00  0.0000e+00 
9.4563e-03     0.0000e+00  0.0000e+00     0.0000e+00  0.0000e+00     0.0000e+00  0.0000e+00     0.0000e+00  0.0000e+00 
1.0610e-02     0.0000e+00  0.0000e+00     0.0000e+00  0.0000e+00     0.0000e+00  0.0000e+00     0.0000e+00  0.0000e+00 
1.1905e-02     0.0000e+00  0.0000e+00     0.0000e+00  0.0000e+00     0.0000e+00  0.0000e+00     0.0000e+00  0.0000e+00 
1.3357e-02     0.0000e+00  0.0000e+00     0.0000e+00  0.0000e+00     0.0000e+00  0.0000e+00     0.0000e+00  0.0000e+00 
1.4987e-02     0.0000e+00  0.0000e+00     0.0000e+00  0.0000e+00     0.0000e+00  0.0000e+00     0.0000e+00  0.0000e+00 
1.6816e-02     0.0000e+00  0.0000e+00     0.0000e+00  0.0000e+00     0.0000e+00  0.0000e+00     0.0000e+00  0.0000e+00 
1.8868e-02     0.0000e+00  0.0000e+00     0.0000e+00  0.0000e+00     0.0000e+00  0.0000e+00     0.0000e+00  0.0000e+00 
2.1170e-02     0.0000e+00  0.0000e+00     0.0000e+00  0.0000e+00     0.0000e+00  0.0000e+00     0.0000e+00  0.0000e+00 
2.3753e-02     7.3271e-04  4.7487e-04     1.7404e-05  1.1280e-05     1.0618e-06  6.8817e-07     2.5222e-08  1.6346e-08 
2.6651e-02     9.7954e-04  6.7737e-04     2.6106e-05  1.8053e-05     1.5927e-06  1.1014e-06     4.2449e-08  2.9354e-08 
2.9903e-02     8.7302e-04  3.2991e-03     2.6106e-05  9.8655e-05     1.5927e-06  6.0190e-06     4.7628e-08  1.7999e-07 
3.3552e-02     5.1872e-04  2.8719e-04     1.7404e-05  9.6358e-06     1.0618e-06  5.8789e-07     3.5627e-08  1.9725e-08 
3.7646e-02     2.3115e-04  1.3099e-04     8.7021e-06  4.9312e-06     5.3091e-07  3.0086e-07     1.9987e-08  1.1326e-08 
4.2240e-02     0.0000e+00  0.0000e+00     0.0000e+00  0.0000e+00     0.0000e+00  0.0000e+00     0.0000e+00  0.0000e+00 
4.7394e-02     3.6723e-04  1.5634e-04     1.7404e-05  7.4094e-06     1.0618e-06  4.5205e-07     5.0324e-08  2.1424e-08 
5.3176e-02     6.5458e-04  1.0382e-03     3.4808e-05  5.5207e-05     2.1237e-06  3.3682e-06     1.1293e-07  1.7911e-07 
5.9665e-02     2.9170e-04  1.3547e-04     1.7404e-05  8.0827e-06     1.0618e-06  4.9313e-07     6.3354e-08  2.9423e-08 
6.6945e-02     7.7993e-04  2.8464e-04     5.2212e-05  1.9055e-05     3.1855e-06  1.1626e-06     2.1325e-07  7.7830e-08 
7.5114e-02     8.1096e-04  6.1483e-04     6.0914e-05  4.6182e-05     3.7164e-06  2.8176e-06     2.7915e-07  2.1164e-07 
8.4279e-02     6.1952e-04  2.3423e-04     5.2212e-05  1.9740e-05     3.1855e-06  1.2044e-06     2.6847e-07  1.0150e-07 
9.4563e-02     6.4417e-04  3.1199e-04     6.0914e-05  2.9503e-05     3.7164e-06  1.8000e-06     3.5143e-07  1.7021e-07 
1.0610e-01     4.1008e-04  2.7149e-04     4.3510e-05  2.8806e-05     2.6546e-06  1.7574e-06     2.8165e-07  1.8647e-07 
1.1905e-01     8.0407e-04  4.1847e-04     9.5723e-05  4.9818e-05     5.8401e-06  3.0394e-06     6.9524e-07  3.6183e-07 
1.3357e-01     1.0424e-03  2.7991e-04     1.3923e-04  3.7388e-05     8.4946e-06  2.2811e-06     1.1347e-06  3.0469e-07 
1.4987e-01     7.5483e-04  2.0892e-04     1.1313e-04  3.1312e-05     6.9019e-06  1.9104e-06     1.0344e-06  2.8631e-07 
1.6816e-01     9.3148e-04  3.0112e-04     1.5664e-04  5.0636e-05     9.5565e-06  3.0893e-06     1.6070e-06  5.1950e-07 
1.8868e-01     8.3019e-04  2.2074e-04     1.5664e-04  4.1649e-05     9.5565e-06  2.5411e-06     1.8031e-06  4.7944e-07 
2.1170e-01     1.3154e-03  2.2098e-04     2.7847e-04  4.6782e-05     1.6989e-05  2.8543e-06     3.5966e-06  6.0426e-07 
2.3753e-01     1.0624e-03  3.0582e-04     2.5236e-04  7.2640e-05     1.5397e-05  4.4319e-06     3.6571e-06  1.0527e-06 
2.6651e-01     1.0122e-03  1.8399e-04     2.6976e-04  4.9036e-05     1.6458e-05  2.9918e-06     4.3864e-06  7.9737e-07 
2.9903e-01     8.4392e-04  1.9654e-04     2.5236e-04  5.8772e-05     1.5397e-05  3.5858e-06     4.6041e-06  1.0723e-06 
3.3552e-01     9.0776e-04  3.0077e-04     3.0457e-04  1.0091e-04     1.8582e-05  6.1569e-06     6.2346e-06  2.0658e-06 
3.7646e-01     1.3869e-03  2.7094e-04     5.2212e-04  1.0200e-04     3.1855e-05  6.2232e-06     1.1992e-05  2.3428e-06 
4.2240e-01     1.7717e-03  2.8520e-04     7.4838e-04  1.2047e-04     4.5659e-05  7.3501e-06     1.9286e-05  3.1046e-06 
4.7394e-01     1.7443e-03  2.6100e-04     8.2670e-04  1.2370e-04     5.0437e-05  7.5474e-06     2.3904e-05  3.5770e-06 
5.3176e-01     2.3074e-03  4.7920e-04     1.2270e-03  2.5482e-04     7.4859e-05  1.5547e-05     3.9807e-05  8.2675e-06 
5.9665e-01     2.0711e-03  2.0308e-04     1.2357e-03  1.2117e-04     7.5390e-05  7.3937e-06     4.4981e-05  4.4114e-06 
6.6945e-01     2.6388e-03  1.6652e-04     1.7665e-03  1.1148e-04     1.0778e-04  6.8038e-06     7.2151e-05  4.5548e-06 
7.5114e-01     2.9195e-03  2.7026e-04     2.1929e-03  2.0300e-04     1.3379e-04  1.2388e-05     1.0049e-04  9.3048e-06 
8.4279e-01     2.9634e-03  2.1755e-04     2.4975e-03  1.8335e-04     1.5237e-04  1.1189e-05     1.2842e-04  9.4304e-06 
9.4563e-01     3.6810e-03  3.1178e-04     3.4808e-03  2.9483e-04     2.1237e-04  1.7992e-05     2.0082e-04  1.7013e-05 
1.0610e+00     3.9450e-03  3.6883e-04     4.1857e-03  3.9133e-04     2.5537e-04  2.3880e-05     2.7095e-04  2.5337e-05 
1.1905e+00     4.7221e-03  1.9007e-04     5.6215e-03  2.2627e-04     3.4297e-04  1.3818e-05     4.0830e-04  1.6451e-05 
1.3357e+00     5.1858e-03  2.6175e-04     6.9268e-03  3.4963e-04     4.2261e-04  2.1344e-05     5.6449e-04  2.8510e-05 
1.4987e+00     5.9457e-03  3.5661e-04     8.9109e-03  5.3445e-04     5.4366e-04  3.2622e-05     8.1479e-04  4.8890e-05 
1.6816e+00     6.2306e-03  1.7940e-04     1.0477e-02  3.0168e-04     6.3922e-04  1.8441e-05     1.0749e-03  3.1009e-05 
1.8868e+00     7.0335e-03  2.6750e-04     1.3271e-02  5.0471e-04     8.0964e-04  3.0826e-05     1.5276e-03  5.8162e-05 
2.1170e+00     7.9951e-03  5.3292e-04     1.6926e-02  1.1282e-03     1.0326e-03  6.8855e-05     2.1861e-03  1.4577e-04 
2.3753e+00     8.7303e-03  5.9339e-04     2.0737e-02  1.4095e-03     1.2652e-03  8.6023e-05     3.0052e-03  2.0433e-04 
2.6651e+00     9.7791e-03  2.5479e-04     2.6063e-02  6.7906e-04     1.5901e-03  4.1527e-05     4.2378e-03  1.1067e-04 
2.9903e+00     1.1111e-02  2.3750e-04     3.3224e-02  7.1021e-04     2.0270e-03  4.3481e-05     6.0615e-03  1.3002e-04 
3.3552e+00     1.1871e-02  3.7472e-04     3.9829e-02  1.2573e-03     2.4300e-03  7.6828e-05     8.1531e-03  2.5777e-04 
3.7646e+00     1.2956e-02  1.7066e-04     4.8775e-02  6.4246e-04     2.9758e-03  3.9554e-05     1.1203e-02  1.4891e-04 
4.2240e+00     1.4520e-02  2.6616e-04     6.1332e-02  1.1242e-03     3.7419e-03  6.8915e-05     1.5806e-02  2.9109e-04 
4.7394e+00     1.6703e-02  4.9093e-04     7.9163e-02  2.3267e-03     4.8297e-03  1.4221e-04     2.2890e-02  6.7401e-04 
5.3176e+00     1.8271e-02  1.6728e-04     9.7159e-02  8.8955e-04     5.9277e-03  5.5293e-05     3.1521e-02  2.9403e-04 
5.9665e+00     2.0315e-02  1.8549e-04     1.2121e-01  1.1067e-03     7.3951e-03  6.8800e-05     4.4123e-02  4.1049e-04 
6.6945e+00     2.2835e-02  5.4186e-04     1.5287e-01  3.6275e-03     9.3266e-03  2.2194e-04     6.2437e-02  1.4858e-03 
7.5114e+00     2.5548e-02  1.5024e-04     1.9190e-01  1.1285e-03     1.1708e-02  7.1949e-05     8.7941e-02  5.4044e-04 
8.4279e+00     2.8652e-02  1.7375e-04     2.4147e-01  1.4643e-03     1.4732e-02  9.3126e-05     1.2416e-01  7.8486e-04 
9.4563e+00     3.2542e-02  2.8167e-04     3.0772e-01  2.6635e-03     1.8774e-02  1.6592e-04     1.7753e-01  1.5690e-03 
1.0610e+01     3.6473e-02  1.7207e-04     3.8698e-01  1.8257e-03     2.3610e-02  1.1909e-04     2.5050e-01  1.2635e-03 
1.1905e+01     4.2163e-02  3.9254e-04     5.0194e-01  4.6730e-03     3.0624e-02  2.9029e-04     3.6457e-01  3.4558e-03 
1.3357e+01     4.8193e-02  3.0695e-04     6.4373e-01  4.1000e-03     3.9274e-02  2.5977e-04     5.2460e-01  3.4699e-03 
1.4987e+01     5.5789e-02  2.8537e-04     8.3611e-01  4.2769e-03     5.1011e-02  2.7636e-04     7.6451e-01  4.1418e-03 
1.6816e+01     6.4362e-02  1.7016e-04     1.0823e+00  2.8614e-03     6.6031e-02  2.1061e-04     1.1104e+00  3.5416e-03 
1.8868e+01     6.5012e-02  2.4657e-04     1.2266e+00  4.6523e-03     7.4837e-02  3.1368e-04     1.4120e+00  5.9184e-03 
2.1170e+01     5.1661e-02  2.3934e-04     1.0936e+00  5.0667e-03     6.6724e-02  3.3126e-04     1.4125e+00  7.0126e-03 
2.3753e+01     3.1689e-02  1.4378e-04     7.5271e-01  3.4151e-03     4.5923e-02  2.2389e-04     1.0908e+00  5.3181e-03 
2.6651e+01     1.5441e-02  1.4421e-04     4.1151e-01  3.8433e-03     2.5106e-02  2.3872e-04     6.6912e-01  6.3622e-03 
2.9903e+01     5.9115e-03  9.3227e-05     1.7677e-01  2.7878e-03     1.0785e-02  1.7117e-04     3.2251e-01  5.1185e-03 
3.3552e+01     1.7994e-03  6.1257e-05     6.0375e-02  2.0553e-03     3.6835e-03  1.2557e-04     1.2359e-01  4.2130e-03 
3.7646e+01     3.9504e-04  2.3487e-05     1.4872e-02  8.8418e-04     9.0733e-04  5.3968e-05     3.4157e-02  2.0317e-03 
4.2240e+01     6.0981e-05  7.8890e-06     2.5758e-03  3.3323e-04     1.5715e-04  2.0332e-05     6.6380e-03  8.5882e-04 
4.7394e+01     9.3643e-06  2.7836e-06     4.4381e-04  1.3193e-04     2.7077e-05  8.0489e-06     1.2833e-03  3.8147e-04 
5.3176e+01     9.8187e-07  3.9219e-07     5.2212e-05  2.0855e-05     3.1855e-06  1.2724e-06     1.6939e-04  6.7661e-05 
5.9665e+01     0.0000e+00  0.0000e+00     0.0000e+00  0.0000e+00     0.0000e+00  0.0000e+00     0.0000e+00  0.0000e+00 
6.6945e+01     0.0000e+00  0.0000e+00     0.0000e+00  0.0000e+00     0.0000e+00  0.0000e+00     0.0000e+00  0.0000e+00 
7.5114e+01     0.0000e+00  0.0000e+00     0.0000e+00  0.0000e+00     0.0000e+00  0.0000e+00     0.0000e+00  0.0000e+00 
8.4279e+01     0.0000e+00  0.0000e+00     0.0000e+00  0.0000e+00     0.0000e+00  0.0000e+00     0.0000e+00  0.0000e+00 
9.4563e+01     9.2024e-08  6.3093e-08     8.7021e-06  5.9662e-06     5.3091e-07  3.6400e-07     5.0205e-05  3.4421e-05 
1.0610e+02     1.6403e-07  9.9371e-08     1.7404e-05  1.0543e-05     1.0618e-06  6.4325e-07     1.1266e-04  6.8250e-05 
1.1905e+02     0.0000e+00  0.0000e+00     0.0000e+00  0.0000e+00     0.0000e+00  0.0000e+00     0.0000e+00  0.0000e+00 
1.3357e+02     0.0000e+00  0.0000e+00     0.0000e+00  0.0000e+00     0.0000e+00  0.0000e+00     0.0000e+00  0.0000e+00 
1.4987e+02     5.8063e-08  5.9665e-08     8.7021e-06  8.9420e-06     5.3091e-07  5.4556e-07     7.9569e-05  8.1763e-05 
1.6816e+02     0.0000e+00  0.0000e+00     0.0000e+00  0.0000e+00     0.0000e+00  0.0000e+00     0.0000e+00  0.0000e+00 
1.8868e+02     4.6121e-08  4.1650e-08     8.7021e-06  7.8585e-06     5.3091e-07  4.7945e-07     1.0017e-04  9.0461e-05 
2.1170e+02     8.2212e-08  9.0515e-08     1.7404e-05  1.9162e-05     1.0618e-06  1.1691e-06     2.2479e-04  2.4749e-04 
2.3753e+02     0.0000e+00  0.0000e+00     0.0000e+00  0.0000e+00     0.0000e+00  0.0000e+00     0.0000e+00  0.0000e+00 
2.6651e+02     0.0000e+00  0.0000e+00     0.0000e+00  0.0000e+00     0.0000e+00  0.0000e+00     0.0000e+00  0.0000e+00 
2.9903e+02     0.0000e+00  0.0000e+00     0.0000e+00  0.0000e+00     0.0000e+00  0.0000e+00     0.0000e+00  0.0000e+00 
3.3552e+02     0.0000e+00  0.0000e+00     0.0000e+00  0.0000e+00     0.0000e+00  0.0000e+00     0.0000e+00  0.0000e+00 
3.7646e+02     0.0000e+00  0.0000e+00     0.0000e+00  0.0000e+00     0.0000e+00  0.0000e+00     0.0000e+00  0.0000e+00 
4.2240e+02     0.0000e+00  0.0000e+00     0.0000e+00  0.0000e+00     0.0000e+00  0.0000e+00     0.0000e+00  0.0000e+00 
4.7394e+02     0.0000e+00  0.0000e+00     0.0000e+00  0.0000e+00     0.0000e+00  0.0000e+00     0.0000e+00  0.0000e+00 
5.3176e+02     1.6365e-08  1.4341e-08     8.7021e-06  7.6259e-06     5.3091e-07  4.6526e-07     2.8232e-04  2.4741e-04 
5.9665e+02     1.4585e-08  7.3151e-08     8.7021e-06  4.3645e-05     5.3091e-07  2.6628e-06     3.1677e-04  1.5888e-03 
6.6945e+02     1.2999e-08  9.5645e-09     8.7021e-06  6.4030e-06     5.3091e-07  3.9065e-07     3.5542e-04  2.6152e-04 
7.5114e+02     0.0000e+00  0.0000e+00     0.0000e+00  0.0000e+00     0.0000e+00  0.0000e+00     0.0000e+00  0.0000e+00 
8.4279e+02     0.0000e+00  0.0000e+00     0.0000e+00  0.0000e+00     0.0000e+00  0.0000e+00     0.0000e+00  0.0000e+00 
9.4563e+02     0.0000e+00  0.0000e+00     0.0000e+00  0.0000e+00     0.0000e+00  0.0000e+00     0.0000e+00  0.0000e+00 
1.0610e+03     0.0000e+00  0.0000e+00     0.0000e+00  0.0000e+00     0.0000e+00  0.0000e+00     0.0000e+00  0.0000e+00 
1.1905e+03     0.0000e+00  0.0000e+00     0.0000e+00  0.0000e+00     0.0000e+00  0.0000e+00     0.0000e+00  0.0000e+00 
1.3357e+03     0.0000e+00  0.0000e+00     0.0000e+00  0.0000e+00     0.0000e+00  0.0000e+00     0.0000e+00  0.0000e+00 
1.4987e+03     0.0000e+00  0.0000e+00     0.0000e+00  0.0000e+00     0.0000e+00  0.0000e+00     0.0000e+00  0.0000e+00 
1.6816e+03     0.0000e+00  0.0000e+00     0.0000e+00  0.0000e+00     0.0000e+00  0.0000e+00     0.0000e+00  0.0000e+00 
1.8868e+03     0.0000e+00  0.0000e+00     0.0000e+00  0.0000e+00     0.0000e+00  0.0000e+00     0.0000e+00  0.0000e+00 
2.1170e+03     0.0000e+00  0.0000e+00     0.0000e+00  0.0000e+00     0.0000e+00  0.0000e+00     0.0000e+00  0.0000e+00 
2.3753e+03     0.0000e+00  0.0000e+00     0.0000e+00  0.0000e+00     0.0000e+00  0.0000e+00     0.0000e+00  0.0000e+00 
2.6651e+03     0.0000e+00  0.0000e+00     0.0000e+00  0.0000e+00     0.0000e+00  0.0000e+00     0.0000e+00  0.0000e+00 
2.9903e+03     0.0000e+00  0.0000e+00     0.0000e+00  0.0000e+00     0.0000e+00  0.0000e+00     0.0000e+00  0.0000e+00 
3.3552e+03     0.0000e+00  0.0000e+00     0.0000e+00  0.0000e+00     0.0000e+00  0.0000e+00     0.0000e+00  0.0000e+00 
3.7646e+03     0.0000e+00  0.0000e+00     0.0000e+00  0.0000e+00     0.0000e+00  0.0000e+00     0.0000e+00  0.0000e+00 
4.2240e+03     0.0000e+00  0.0000e+00     0.0000e+00  0.0000e+00     0.0000e+00  0.0000e+00     0.0000e+00  0.0000e+00 
4.7394e+03     0.0000e+00  0.0000e+00     0.0000e+00  0.0000e+00     0.0000e+00  0.0000e+00     0.0000e+00  0.0000e+00 
5.3176e+03     0.0000e+00  0.0000e+00     0.0000e+00  0.0000e+00     0.0000e+00  0.0000e+00     0.0000e+00  0.0000e+00 
5.9665e+03     0.0000e+00  0.0000e+00     0.0000e+00  0.0000e+00     0.0000e+00  0.0000e+00     0.0000e+00  0.0000e+00 
6.6945e+03     0.0000e+00  0.0000e+00     0.0000e+00  0.0000e+00     0.0000e+00  0.0000e+00     0.0000e+00  0.0000e+00 
7.5114e+03     0.0000e+00  0.0000e+00     0.0000e+00  0.0000e+00     0.0000e+00  0.0000e+00     0.0000e+00  0.0000e+00 
8.4279e+03     0.0000e+00  0.0000e+00     0.0000e+00  0.0000e+00     0.0000e+00  0.0000e+00     0.0000e+00  0.0000e+00 
9.4563e+03     0.0000e+00  0.0000e+00     0.0000e+00  0.0000e+00     0.0000e+00  0.0000e+00     0.0000e+00  0.0000e+00 
