yF = 1.6052e+01 (std: 2.5371e-02) keV/um
yD = 1.8540e+01 (std: 4.0625e-02) keV/um
y (keV/um)     f(y)(std)                  yf(y)(std)                 d(y)(std)                  yd(y)(std)  
1.0610e-03     0.0000e+00  0.0000e+00     0.0000e+00  0.0000e+00     0.0000e+00  0.0000e+00     0.0000e+00  0.0000e+00 
1.1905e-03     0.0000e+00  0.0000e+00     0.0000e+00  0.0000e+00     0.0000e+00  0.0000e+00     0.0000e+00  0.0000e+00 
1.3357e-03     0.0000e+00  0.0000e+00     0.0000e+00  0.0000e+00     0.0000e+00  0.0000e+00     0.0000e+00  0.0000e+00 
1.4987e-03     0.0000e+00  0.0000e+00     0.0000e+00  0.0000e+00     0.0000e+00  0.0000e+00     0.0000e+00  0.0000e+00 
1.6816e-03     0.0000e+00  0.0000e+00     0.0000e+00  0.0000e+00     0.0000e+00  0.0000e+00     0.0000e+00  0.0000e+00 
1.8868e-03     0.0000e+00  0.0000e+00     0.0000e+00  0.0000e+00     0.0000e+00  0.0000e+00     0.0000e+00  0.0000e+00 
2.1170e-03     0.0000e+00  0.0000e+00     0.0000e+00  0.0000e+00     0.0000e+00  0.0000e+00     0.0000e+00  0.0000e+00 
2.3753e-03     0.0000e+00  0.0000e+00     0.0000e+00  0.0000e+00     0.0000e+00  0.0000e+00     0.0000e+00  0.0000e+00 
2.6651e-03     0.0000e+00  0.0000e+00     0.0000e+00  0.0000e+00     0.0000e+00  0.0000e+00     0.0000e+00  0.0000e+00 
2.9903e-03     0.0000e+00  0.0000e+00     0.0000e+00  0.0000e+00     0.0000e+00  0.0000e+00     0.0000e+00  0.0000e+00 
3.3552e-03     0.0000e+00  0.0000e+00     0.0000e+00  0.0000e+00     0.0000e+00  0.0000e+00     0.0000e+00  0.0000e+00 
3.7646e-03     0.0000e+00  0.0000e+00     0.0000e+00  0.0000e+00     0.0000e+00  0.0000e+00     0.0000e+00  0.0000e+00 
4.2240e-03     0.0000e+00  0.0000e+00     0.0000e+00  0.0000e+00     0.0000e+00  0.0000e+00     0.0000e+00  0.0000e+00 
4.7394e-03     0.0000e+00  0.0000e+00     0.0000e+00  0.0000e+00     0.0000e+00  0.0000e+00     0.0000e+00  0.0000e+00 
5.3176e-03     0.0000e+00  0.0000e+00     0.0000e+00  0.0000e+00     0.0000e+00  0.0000e+00     0.0000e+00  0.0000e+00 
5.9665e-03     0.0000e+00  0.0000e+00     0.0000e+00  0.0000e+00     0.0000e+00  0.0000e+00     0.0000e+00  0.0000e+00 
6.6945e-03     0.0000e+00  0.0000e+00     0.0000e+00  0.0000e+00     0.0000e+00  0.0000e+00     0.0000e+00  0.0000e+00 
7.5114e-03     0.0000e+00  0.0000e+00     0.0000e+00  0.0000e+00     0.0000e+00  0.0000e+00     0.0000e+00  0.0000e+00 
8.4279e-03     1.0325e-03  8.9204e-04     8.7021e-06  7.5180e-06     5.4210e-07  4.6834e-07     4.5688e-09  3.9471e-09 
9.4563e-03     0.0000e+00  0.0000e+00     0.0000e+00  0.0000e+00     0.0000e+00  0.0000e+00     0.0000e+00  0.0000e+00 
1.0610e-02     8.2017e-04  4.7938e-04     8.7021e-06  5.0863e-06     5.4210e-07  3.1686e-07     5.7517e-09  3.3619e-09 
1.1905e-02     0.0000e+00  0.0000e+00     0.0000e+00  0.0000e+00     0.0000e+00  0.0000e+00     0.0000e+00  0.0000e+00 
1.3357e-02     6.5148e-04  1.7235e-04     8.7021e-06  2.3021e-06     5.4210e-07  1.4341e-07     7.2410e-09  1.9156e-09 
1.4987e-02     0.0000e+00  0.0000e+00     0.0000e+00  0.0000e+00     0.0000e+00  0.0000e+00     0.0000e+00  0.0000e+00 
1.6816e-02     0.0000e+00  0.0000e+00     0.0000e+00  0.0000e+00     0.0000e+00  0.0000e+00     0.0000e+00  0.0000e+00 
1.8868e-02     0.0000e+00  0.0000e+00     0.0000e+00  0.0000e+00     0.0000e+00  0.0000e+00     0.0000e+00  0.0000e+00 
2.1170e-02     0.0000e+00  0.0000e+00     0.0000e+00  0.0000e+00     0.0000e+00  0.0000e+00     0.0000e+00  0.0000e+00 
2.3753e-02     3.6636e-04  5.1559e-04     8.7021e-06  1.2247e-05     5.4210e-07  7.6293e-07     1.2877e-08  1.8122e-08 
2.6651e-02     6.5303e-04  4.1500e-04     1.7404e-05  1.1060e-05     1.0842e-06  6.8901e-07     2.8895e-08  1.8363e-08 
2.9903e-02     1.1640e-03  5.7770e-04     3.4808e-05  1.7275e-05     2.1684e-06  1.0762e-06     6.4843e-08  3.2181e-08 
3.3552e-02     1.0374e-03  6.2092e-04     3.4808e-05  2.0833e-05     2.1684e-06  1.2978e-06     7.2755e-08  4.3545e-08 
3.7646e-02     1.3869e-03  1.4805e-03     5.2212e-05  5.5736e-05     3.2526e-06  3.4721e-06     1.2245e-07  1.3071e-07 
4.2240e-02     6.1805e-04  2.4692e-04     2.6106e-05  1.0430e-05     1.6263e-06  6.4973e-07     6.8694e-08  2.7444e-08 
4.7394e-02     3.6723e-04  1.8679e-04     1.7404e-05  8.8526e-06     1.0842e-06  5.5148e-07     5.1384e-08  2.6137e-08 
5.3176e-02     6.5458e-04  3.5709e-04     3.4808e-05  1.8989e-05     2.1684e-06  1.1829e-06     1.1531e-07  6.2903e-08 
5.9665e-02     5.8340e-04  3.0216e-04     3.4808e-05  1.8028e-05     2.1684e-06  1.1231e-06     1.2938e-07  6.7009e-08 
6.6945e-02     1.2999e-04  1.5269e-03     8.7021e-06  1.0222e-04     5.4210e-07  6.3678e-06     3.6291e-08  4.2629e-07 
7.5114e-02     4.6341e-04  2.3502e-04     3.4808e-05  1.7653e-05     2.1684e-06  1.0997e-06     1.6288e-07  8.2605e-08 
8.4279e-02     5.1627e-04  2.2635e-04     4.3510e-05  1.9076e-05     2.7105e-06  1.1884e-06     2.2844e-07  1.0016e-07 
9.4563e-02     8.2822e-04  3.8725e-04     7.8319e-05  3.6619e-05     4.8789e-06  2.2812e-06     4.6136e-07  2.1572e-07 
1.0610e-01     9.0219e-04  9.3520e-04     9.5723e-05  9.9226e-05     5.9631e-06  6.1814e-06     6.3269e-07  6.5585e-07 
1.1905e-01     7.3098e-04  7.8952e-04     8.7021e-05  9.3991e-05     5.4210e-06  5.8552e-06     6.4536e-07  6.9705e-07 
1.3357e-01     5.8633e-04  1.9842e-04     7.8319e-05  2.6504e-05     4.8789e-06  1.6511e-06     6.5169e-07  2.2054e-07 
1.4987e-01     5.8063e-04  2.0878e-04     8.7021e-05  3.1290e-05     5.4210e-06  1.9493e-06     8.1246e-07  2.9214e-07 
1.6816e-01     5.6924e-04  3.1298e-04     9.5723e-05  5.2630e-05     5.9631e-06  3.2787e-06     1.0027e-06  5.5133e-07 
1.8868e-01     1.0608e-03  3.7059e-04     2.0015e-04  6.9923e-05     1.2468e-05  4.3559e-06     2.3525e-06  8.2187e-07 
2.1170e-01     8.2212e-04  3.1343e-04     1.7404e-04  6.6352e-05     1.0842e-05  4.1335e-06     2.2952e-06  8.7506e-07 
2.3753e-01     8.4262e-04  2.0393e-04     2.0015e-04  4.8439e-05     1.2468e-05  3.0176e-06     2.9616e-06  7.1677e-07 
2.6651e-01     1.2408e-03  3.4812e-04     3.3068e-04  9.2780e-05     2.0600e-05  5.7799e-06     5.4901e-06  1.5404e-06 
2.9903e-01     1.1349e-03  3.1503e-04     3.3938e-04  9.4205e-05     2.1142e-05  5.8687e-06     6.3221e-06  1.7549e-06 
3.3552e-01     1.4524e-03  3.4086e-04     4.8732e-04  1.1437e-04     3.0358e-05  7.1247e-06     1.0186e-05  2.3905e-06 
3.7646e-01     1.3407e-03  2.5242e-04     5.0472e-04  9.5024e-05     3.1442e-05  5.9198e-06     1.1837e-05  2.2286e-06 
4.2240e-01     1.7099e-03  7.1421e-04     7.2227e-04  3.0168e-04     4.4994e-05  1.8793e-05     1.9005e-05  7.9383e-06 
4.7394e-01     1.7076e-03  5.4210e-04     8.0929e-04  2.5692e-04     5.0415e-05  1.6005e-05     2.3894e-05  7.5855e-06 
5.3176e-01     2.1438e-03  3.7796e-04     1.1400e-03  2.0098e-04     7.1015e-05  1.2521e-05     3.7763e-05  6.6582e-06 
5.9665e-01     2.4065e-03  3.0737e-04     1.4358e-03  1.8339e-04     8.9447e-05  1.1425e-05     5.3368e-05  6.8169e-06 
6.6945e-01     2.3918e-03  2.3748e-04     1.6012e-03  1.5898e-04     9.9747e-05  9.9053e-06     6.6776e-05  6.6311e-06 
7.5114e-01     2.8500e-03  1.7435e-04     2.1407e-03  1.3096e-04     1.3336e-04  8.1608e-06     1.0017e-04  6.1299e-06 
8.4279e-01     3.4796e-03  2.7907e-04     2.9326e-03  2.3519e-04     1.8269e-04  1.4654e-05     1.5397e-04  1.2351e-05 
9.4563e-01     3.6258e-03  3.6724e-04     3.4286e-03  3.4727e-04     2.1359e-04  2.1636e-05     2.0197e-04  2.0460e-05 
1.0610e+00     4.1501e-03  3.2868e-04     4.4032e-03  3.4874e-04     2.7430e-04  2.1729e-05     2.9104e-04  2.3055e-05 
1.1905e+00     4.7806e-03  2.5934e-04     5.6911e-03  3.0874e-04     3.5453e-04  1.9241e-05     4.2206e-04  2.2906e-05 
1.3357e+00     5.3617e-03  3.4312e-04     7.1618e-03  4.5832e-04     4.4615e-04  2.8560e-05     5.9594e-04  3.8149e-05 
1.4987e+00     6.0154e-03  2.5517e-04     9.0153e-03  3.8242e-04     5.6162e-04  2.3840e-05     8.4170e-04  3.5729e-05 
1.6816e+00     7.0845e-03  3.3351e-04     1.1913e-02  5.6083e-04     7.4214e-04  3.4957e-05     1.2480e-03  5.8783e-05 
1.8868e+00     7.6608e-03  3.5709e-04     1.4454e-02  6.7374e-04     9.0043e-04  4.1995e-05     1.6989e-03  7.9236e-05 
2.1170e+00     8.3157e-03  5.6886e-04     1.7604e-02  1.2043e-03     1.0967e-03  7.5042e-05     2.3216e-03  1.5886e-04 
2.3753e+00     8.9098e-03  2.8351e-04     2.1163e-02  6.7341e-04     1.3184e-03  4.2003e-05     3.1316e-03  9.9769e-05 
2.6651e+00     1.0334e-02  1.9582e-04     2.7542e-02  5.2189e-04     1.7158e-03  3.2625e-05     4.5727e-03  8.6949e-05 
2.9903e+00     1.1114e-02  1.6742e-04     3.3233e-02  5.0064e-04     2.0703e-03  3.1359e-05     6.1908e-03  9.3773e-05 
3.3552e+00     1.2441e-02  3.1976e-04     4.1744e-02  1.0729e-03     2.6005e-03  6.6961e-05     8.7251e-03  2.2467e-04 
3.7646e+00     1.3590e-02  2.9925e-04     5.1159e-02  1.1266e-03     3.1870e-03  7.0361e-05     1.1998e-02  2.6488e-04 
4.2240e+00     1.5091e-02  2.6904e-04     6.3743e-02  1.1364e-03     3.9709e-03  7.1072e-05     1.6773e-02  3.0021e-04 
4.7394e+00     1.7126e-02  2.0359e-04     8.1164e-02  9.6490e-04     5.0562e-03  6.0638e-05     2.3963e-02  2.8739e-04 
5.3176e+00     1.9132e-02  3.9880e-04     1.0174e-01  2.1207e-03     6.3377e-03  1.3249e-04     3.3702e-02  7.0453e-04 
5.9665e+00     2.1141e-02  2.4575e-04     1.2614e-01  1.4663e-03     7.8578e-03  9.2184e-05     4.6883e-02  5.5001e-04 
6.6945e+00     2.3764e-02  2.6964e-04     1.5909e-01  1.8051e-03     9.9107e-03  1.1354e-04     6.6347e-02  7.6008e-04 
7.5114e+00     2.6604e-02  3.1818e-04     1.9983e-01  2.3899e-03     1.2449e-02  1.5018e-04     9.3508e-02  1.1280e-03 
8.4279e+00     3.0090e-02  2.3627e-04     2.5360e-01  1.9913e-03     1.5798e-02  1.2653e-04     1.3314e-01  1.0664e-03 
9.4563e+00     3.3959e-02  2.4212e-04     3.2112e-01  2.2895e-03     2.0005e-02  1.4609e-04     1.8917e-01  1.3815e-03 
1.0610e+01     3.8547e-02  2.2151e-04     4.0899e-01  2.3503e-03     2.5478e-02  1.5185e-04     2.7033e-01  1.6111e-03 
1.1905e+01     4.3811e-02  3.3859e-04     5.2156e-01  4.0308e-03     3.2491e-02  2.5630e-04     3.8679e-01  3.0512e-03 
1.3357e+01     5.0755e-02  2.8142e-04     6.7795e-01  3.7590e-03     4.2234e-02  2.4350e-04     5.6413e-01  3.2525e-03 
1.4987e+01     5.8582e-02  1.6350e-04     8.7798e-01  2.4504e-03     5.4694e-02  1.7543e-04     8.1971e-01  2.6292e-03 
1.6816e+01     6.6648e-02  2.3664e-04     1.1207e+00  3.9792e-03     6.9818e-02  2.7134e-04     1.1740e+00  4.5628e-03 
1.8868e+01     6.4992e-02  1.1839e-04     1.2263e+00  2.2338e-03     7.6390e-02  1.8423e-04     1.4413e+00  3.4760e-03 
2.1170e+01     4.8941e-02  1.5457e-04     1.0361e+00  3.2722e-03     6.4544e-02  2.2795e-04     1.3664e+00  4.8256e-03 
2.3753e+01     2.8713e-02  8.2088e-05     6.8203e-01  1.9498e-03     4.2488e-02  1.3879e-04     1.0092e+00  3.2967e-03 
2.6651e+01     1.3575e-02  1.7262e-04     3.6180e-01  4.6007e-03     2.2538e-02  2.8881e-04     6.0068e-01  7.6971e-03 
2.9903e+01     4.9998e-03  1.0592e-04     1.4951e-01  3.1672e-03     9.3138e-03  1.9785e-04     2.7851e-01  5.9165e-03 
3.3552e+01     1.4703e-03  4.6656e-05     4.9332e-02  1.5654e-03     3.0732e-03  9.7639e-05     1.0311e-01  3.2760e-03 
3.7646e+01     3.1714e-04  1.1525e-05     1.1939e-02  4.3387e-04     7.4376e-04  2.7054e-05     2.8000e-02  1.0185e-03 
4.2240e+01     4.9856e-05  4.9216e-06     2.1059e-03  2.0789e-04     1.3119e-04  1.2952e-05     5.5413e-03  5.4709e-04 
4.7394e+01     5.3248e-06  1.7871e-06     2.5236e-04  8.4695e-05     1.5721e-05  5.2762e-06     7.4507e-04  2.5006e-04 
5.3176e+01     6.5458e-07  3.0063e-07     3.4808e-05  1.5987e-05     2.1684e-06  9.9591e-07     1.1531e-04  5.2959e-05 
5.9665e+01     0.0000e+00  0.0000e+00     0.0000e+00  0.0000e+00     0.0000e+00  0.0000e+00     0.0000e+00  0.0000e+00 
6.6945e+01     2.5998e-07  2.0896e-07     1.7404e-05  1.3989e-05     1.0842e-06  8.7146e-07     7.2582e-05  5.8340e-05 
7.5114e+01     1.1585e-07  7.8943e-07     8.7021e-06  5.9297e-05     5.4210e-07  3.6940e-06     4.0719e-05  2.7747e-04 
8.4279e+01     1.0325e-07  9.1828e-08     8.7021e-06  7.7392e-06     5.4210e-07  4.8212e-07     4.5688e-05  4.0632e-05 
9.4563e+01     0.0000e+00  0.0000e+00     0.0000e+00  0.0000e+00     0.0000e+00  0.0000e+00     0.0000e+00  0.0000e+00 
1.0610e+02     0.0000e+00  0.0000e+00     0.0000e+00  0.0000e+00     0.0000e+00  0.0000e+00     0.0000e+00  0.0000e+00 
1.1905e+02     0.0000e+00  0.0000e+00     0.0000e+00  0.0000e+00     0.0000e+00  0.0000e+00     0.0000e+00  0.0000e+00 
1.3357e+02     6.5148e-08  4.6832e-08     8.7021e-06  6.2555e-06     5.4210e-07  3.8969e-07     7.2410e-05  5.2052e-05 
1.4987e+02     0.0000e+00  0.0000e+00     0.0000e+00  0.0000e+00     0.0000e+00  0.0000e+00     0.0000e+00  0.0000e+00 
1.6816e+02     5.1749e-08  7.2829e-08     8.7021e-06  1.2247e-05     5.4210e-07  7.6293e-07     9.1159e-05  1.2829e-04 
1.8868e+02     0.0000e+00  0.0000e+00     0.0000e+00  0.0000e+00     0.0000e+00  0.0000e+00     0.0000e+00  0.0000e+00 
2.1170e+02     0.0000e+00  0.0000e+00     0.0000e+00  0.0000e+00     0.0000e+00  0.0000e+00     0.0000e+00  0.0000e+00 
2.3753e+02     3.6636e-08  4.7482e-08     8.7021e-06  1.1278e-05     5.4210e-07  7.0260e-07     1.2877e-04  1.6689e-04 
2.6651e+02     0.0000e+00  0.0000e+00     0.0000e+00  0.0000e+00     0.0000e+00  0.0000e+00     0.0000e+00  0.0000e+00 
2.9903e+02     0.0000e+00  0.0000e+00     0.0000e+00  0.0000e+00     0.0000e+00  0.0000e+00     0.0000e+00  0.0000e+00 
3.3552e+02     2.5936e-08  2.0984e-08     8.7021e-06  7.0407e-06     5.4210e-07  4.3861e-07     1.8189e-04  1.4716e-04 
3.7646e+02     0.0000e+00  0.0000e+00     0.0000e+00  0.0000e+00     0.0000e+00  0.0000e+00     0.0000e+00  0.0000e+00 
4.2240e+02     0.0000e+00  0.0000e+00     0.0000e+00  0.0000e+00     0.0000e+00  0.0000e+00     0.0000e+00  0.0000e+00 
4.7394e+02     0.0000e+00  0.0000e+00     0.0000e+00  0.0000e+00     0.0000e+00  0.0000e+00     0.0000e+00  0.0000e+00 
5.3176e+02     0.0000e+00  0.0000e+00     0.0000e+00  0.0000e+00     0.0000e+00  0.0000e+00     0.0000e+00  0.0000e+00 
5.9665e+02     0.0000e+00  0.0000e+00     0.0000e+00  0.0000e+00     0.0000e+00  0.0000e+00     0.0000e+00  0.0000e+00 
6.6945e+02     0.0000e+00  0.0000e+00     0.0000e+00  0.0000e+00     0.0000e+00  0.0000e+00     0.0000e+00  0.0000e+00 
7.5114e+02     0.0000e+00  0.0000e+00     0.0000e+00  0.0000e+00     0.0000e+00  0.0000e+00     0.0000e+00  0.0000e+00 
8.4279e+02     0.0000e+00  0.0000e+00     0.0000e+00  0.0000e+00     0.0000e+00  0.0000e+00     0.0000e+00  0.0000e+00 
9.4563e+02     0.0000e+00  0.0000e+00     0.0000e+00  0.0000e+00     0.0000e+00  0.0000e+00     0.0000e+00  0.0000e+00 
1.0610e+03     0.0000e+00  0.0000e+00     0.0000e+00  0.0000e+00     0.0000e+00  0.0000e+00     0.0000e+00  0.0000e+00 
1.1905e+03     0.0000e+00  0.0000e+00     0.0000e+00  0.0000e+00     0.0000e+00  0.0000e+00     0.0000e+00  0.0000e+00 
1.3357e+03     0.0000e+00  0.0000e+00     0.0000e+00  0.0000e+00     0.0000e+00  0.0000e+00     0.0000e+00  0.0000e+00 
1.4987e+03     0.0000e+00  0.0000e+00     0.0000e+00  0.0000e+00     0.0000e+00  0.0000e+00     0.0000e+00  0.0000e+00 
1.6816e+03     0.0000e+00  0.0000e+00     0.0000e+00  0.0000e+00     0.0000e+00  0.0000e+00     0.0000e+00  0.0000e+00 
1.8868e+03     0.0000e+00  0.0000e+00     0.0000e+00  0.0000e+00     0.0000e+00  0.0000e+00     0.0000e+00  0.0000e+00 
2.1170e+03     0.0000e+00  0.0000e+00     0.0000e+00  0.0000e+00     0.0000e+00  0.0000e+00     0.0000e+00  0.0000e+00 
2.3753e+03     0.0000e+00  0.0000e+00     0.0000e+00  0.0000e+00     0.0000e+00  0.0000e+00     0.0000e+00  0.0000e+00 
2.6651e+03     0.0000e+00  0.0000e+00     0.0000e+00  0.0000e+00     0.0000e+00  0.0000e+00     0.0000e+00  0.0000e+00 
2.9903e+03     0.0000e+00  0.0000e+00     0.0000e+00  0.0000e+00     0.0000e+00  0.0000e+00     0.0000e+00  0.0000e+00 
3.3552e+03     0.0000e+00  0.0000e+00     0.0000e+00  0.0000e+00     0.0000e+00  0.0000e+00     0.0000e+00  0.0000e+00 
3.7646e+03     0.0000e+00  0.0000e+00     0.0000e+00  0.0000e+00     0.0000e+00  0.0000e+00     0.0000e+00  0.0000e+00 
4.2240e+03     0.0000e+00  0.0000e+00     0.0000e+00  0.0000e+00     0.0000e+00  0.0000e+00     0.0000e+00  0.0000e+00 
4.7394e+03     0.0000e+00  0.0000e+00     0.0000e+00  0.0000e+00     0.0000e+00  0.0000e+00     0.0000e+00  0.0000e+00 
5.3176e+03     0.0000e+00  0.0000e+00     0.0000e+00  0.0000e+00     0.0000e+00  0.0000e+00     0.0000e+00  0.0000e+00 
5.9665e+03     0.0000e+00  0.0000e+00     0.0000e+00  0.0000e+00     0.0000e+00  0.0000e+00     0.0000e+00  0.0000e+00 
6.6945e+03     0.0000e+00  0.0000e+00     0.0000e+00  0.0000e+00     0.0000e+00  0.0000e+00     0.0000e+00  0.0000e+00 
7.5114e+03     0.0000e+00  0.0000e+00     0.0000e+00  0.0000e+00     0.0000e+00  0.0000e+00     0.0000e+00  0.0000e+00 
8.4279e+03     0.0000e+00  0.0000e+00     0.0000e+00  0.0000e+00     0.0000e+00  0.0000e+00     0.0000e+00  0.0000e+00 
9.4563e+03     0.0000e+00  0.0000e+00     0.0000e+00  0.0000e+00     0.0000e+00  0.0000e+00     0.0000e+00  0.0000e+00 
