yF = 1.4106e+01 (std: 2.3736e-02) keV/um
yD = 1.6361e+01 (std: 3.4467e-02) keV/um
y (keV/um)     f(y)(std)                  yf(y)(std)                 d(y)(std)                  yd(y)(std)  
1.0610e-03     0.0000e+00  0.0000e+00     0.0000e+00  0.0000e+00     0.0000e+00  0.0000e+00     0.0000e+00  0.0000e+00 
1.1905e-03     0.0000e+00  0.0000e+00     0.0000e+00  0.0000e+00     0.0000e+00  0.0000e+00     0.0000e+00  0.0000e+00 
1.3357e-03     0.0000e+00  0.0000e+00     0.0000e+00  0.0000e+00     0.0000e+00  0.0000e+00     0.0000e+00  0.0000e+00 
1.4987e-03     0.0000e+00  0.0000e+00     0.0000e+00  0.0000e+00     0.0000e+00  0.0000e+00     0.0000e+00  0.0000e+00 
1.6816e-03     0.0000e+00  0.0000e+00     0.0000e+00  0.0000e+00     0.0000e+00  0.0000e+00     0.0000e+00  0.0000e+00 
1.8868e-03     0.0000e+00  0.0000e+00     0.0000e+00  0.0000e+00     0.0000e+00  0.0000e+00     0.0000e+00  0.0000e+00 
2.1170e-03     0.0000e+00  0.0000e+00     0.0000e+00  0.0000e+00     0.0000e+00  0.0000e+00     0.0000e+00  0.0000e+00 
2.3753e-03     0.0000e+00  0.0000e+00     0.0000e+00  0.0000e+00     0.0000e+00  0.0000e+00     0.0000e+00  0.0000e+00 
2.6651e-03     0.0000e+00  0.0000e+00     0.0000e+00  0.0000e+00     0.0000e+00  0.0000e+00     0.0000e+00  0.0000e+00 
2.9903e-03     0.0000e+00  0.0000e+00     0.0000e+00  0.0000e+00     0.0000e+00  0.0000e+00     0.0000e+00  0.0000e+00 
3.3552e-03     0.0000e+00  0.0000e+00     0.0000e+00  0.0000e+00     0.0000e+00  0.0000e+00     0.0000e+00  0.0000e+00 
3.7646e-03     0.0000e+00  0.0000e+00     0.0000e+00  0.0000e+00     0.0000e+00  0.0000e+00     0.0000e+00  0.0000e+00 
4.2240e-03     2.0602e-03  5.0460e-04     8.7023e-06  2.1314e-06     6.1692e-07  1.5110e-07     2.6058e-09  6.3824e-10 
4.7394e-03     0.0000e+00  0.0000e+00     0.0000e+00  0.0000e+00     0.0000e+00  0.0000e+00     0.0000e+00  0.0000e+00 
5.3176e-03     0.0000e+00  0.0000e+00     0.0000e+00  0.0000e+00     0.0000e+00  0.0000e+00     0.0000e+00  0.0000e+00 
5.9665e-03     0.0000e+00  0.0000e+00     0.0000e+00  0.0000e+00     0.0000e+00  0.0000e+00     0.0000e+00  0.0000e+00 
6.6945e-03     0.0000e+00  0.0000e+00     0.0000e+00  0.0000e+00     0.0000e+00  0.0000e+00     0.0000e+00  0.0000e+00 
7.5114e-03     0.0000e+00  0.0000e+00     0.0000e+00  0.0000e+00     0.0000e+00  0.0000e+00     0.0000e+00  0.0000e+00 
8.4279e-03     0.0000e+00  0.0000e+00     0.0000e+00  0.0000e+00     0.0000e+00  0.0000e+00     0.0000e+00  0.0000e+00 
9.4563e-03     0.0000e+00  0.0000e+00     0.0000e+00  0.0000e+00     0.0000e+00  0.0000e+00     0.0000e+00  0.0000e+00 
1.0610e-02     0.0000e+00  0.0000e+00     0.0000e+00  0.0000e+00     0.0000e+00  0.0000e+00     0.0000e+00  0.0000e+00 
1.1905e-02     7.3100e-04  4.0086e-04     8.7023e-06  4.7721e-06     6.1692e-07  3.3831e-07     7.3442e-09  4.0274e-09 
1.3357e-02     6.5150e-04  3.6326e-04     8.7023e-06  4.8522e-06     6.1692e-07  3.4398e-07     8.2404e-09  4.5947e-09 
1.4987e-02     5.8065e-04  3.5943e-04     8.7023e-06  5.3869e-06     6.1692e-07  3.8188e-07     9.2458e-09  5.7234e-09 
1.6816e-02     0.0000e+00  0.0000e+00     0.0000e+00  0.0000e+00     0.0000e+00  0.0000e+00     0.0000e+00  0.0000e+00 
1.8868e-02     0.0000e+00  0.0000e+00     0.0000e+00  0.0000e+00     0.0000e+00  0.0000e+00     0.0000e+00  0.0000e+00 
2.1170e-02     4.1107e-04  1.2997e-04     8.7023e-06  2.7514e-06     6.1692e-07  1.9505e-07     1.3060e-08  4.1293e-09 
2.3753e-02     1.8318e-03  6.1777e-04     4.3512e-05  1.4674e-05     3.0846e-06  1.0403e-06     7.3268e-08  2.4710e-08 
2.6651e-02     3.2652e-04  2.9960e-04     8.7023e-06  7.9846e-06     6.1692e-07  5.6604e-07     1.6442e-08  1.5086e-08 
2.9903e-02     8.7304e-04  6.3901e-04     2.6107e-05  1.9108e-05     1.8508e-06  1.3546e-06     5.5344e-08  4.0508e-08 
3.3552e-02     5.1873e-04  6.6625e-04     1.7405e-05  2.2354e-05     1.2338e-06  1.5847e-06     4.1398e-08  5.3170e-08 
3.7646e-02     9.2465e-04  4.7589e-04     3.4809e-05  1.7915e-05     2.4677e-06  1.2701e-06     9.2898e-08  4.7812e-08 
4.2240e-02     2.0602e-04  1.4466e-04     8.7023e-06  6.1102e-06     6.1692e-07  4.3316e-07     2.6058e-08  1.8297e-08 
4.7394e-02     0.0000e+00  0.0000e+00     0.0000e+00  0.0000e+00     0.0000e+00  0.0000e+00     0.0000e+00  0.0000e+00 
5.3176e-02     8.1825e-04  2.9817e-04     4.3512e-05  1.5856e-05     3.0846e-06  1.1240e-06     1.6403e-07  5.9772e-08 
5.9665e-02     5.8341e-04  3.2137e-04     3.4809e-05  1.9175e-05     2.4677e-06  1.3593e-06     1.4723e-07  8.1105e-08 
6.6945e-02     1.2999e-04  5.0335e-05     8.7023e-06  3.3697e-06     6.1692e-07  2.3888e-07     4.1300e-08  1.5992e-08 
7.5114e-02     1.1586e-04  6.3532e-05     8.7023e-06  4.7721e-06     6.1692e-07  3.3831e-07     4.6339e-08  2.5411e-08 
8.4279e-02     7.2279e-04  2.5422e-04     6.0916e-05  2.1426e-05     4.3184e-06  1.5189e-06     3.6395e-07  1.2801e-07 
9.4563e-02     1.2884e-03  2.9759e-04     1.2183e-04  2.8141e-05     8.6369e-06  1.9950e-06     8.1672e-07  1.8865e-07 
1.0610e-01     4.9211e-04  1.6298e-04     5.2214e-05  1.7292e-05     3.7015e-06  1.2259e-06     3.9273e-07  1.3007e-07 
1.1905e-01     6.5790e-04  2.5590e-04     7.8321e-05  3.0464e-05     5.5523e-06  2.1597e-06     6.6098e-07  2.5710e-07 
1.3357e-01     8.4695e-04  2.4593e-04     1.1313e-04  3.2849e-05     8.0199e-06  2.3287e-06     1.0712e-06  3.1106e-07 
1.4987e-01     1.0452e-03  3.1125e-04     1.5664e-04  4.6647e-05     1.1105e-05  3.3069e-06     1.6643e-06  4.9562e-07 
1.6816e-01     9.3151e-04  3.3799e-04     1.5664e-04  5.6836e-05     1.1105e-05  4.0292e-06     1.8673e-06  6.7754e-07 
1.8868e-01     1.1069e-03  2.5275e-04     2.0886e-04  4.7688e-05     1.4806e-05  3.3808e-06     2.7936e-06  6.3787e-07 
2.1170e-01     1.0688e-03  3.0156e-04     2.2626e-04  6.3841e-05     1.6040e-05  4.5258e-06     3.3956e-06  9.5811e-07 
2.3753e-01     1.5754e-03  6.8216e-04     3.7420e-04  1.6203e-04     2.6527e-05  1.1487e-05     6.3011e-06  2.7285e-06 
2.6651e-01     1.2081e-03  2.4980e-04     3.2199e-04  6.6574e-05     2.2826e-05  4.7197e-06     6.0834e-06  1.2579e-06 
2.9903e-01     1.1641e-03  2.5053e-04     3.4809e-04  7.4917e-05     2.4677e-05  5.3111e-06     7.3792e-06  1.5882e-06 
3.3552e-01     1.5562e-03  3.6608e-04     5.2214e-04  1.2283e-04     3.7015e-05  8.7077e-06     1.2419e-05  2.9216e-06 
3.7646e-01     1.9418e-03  3.3635e-04     7.3099e-04  1.2662e-04     5.1821e-05  8.9768e-06     1.9509e-05  3.3794e-06 
4.2240e-01     2.2662e-03  1.7458e-04     9.5725e-04  7.3740e-05     6.7861e-05  5.2288e-06     2.8664e-05  2.2086e-06 
4.7394e-01     2.1116e-03  2.8733e-04     1.0008e-03  1.3617e-04     7.0946e-05  9.6543e-06     3.3624e-05  4.5755e-06 
5.3176e-01     3.0602e-03  4.5954e-04     1.6273e-03  2.4437e-04     1.1536e-04  1.7325e-05     6.1346e-05  9.2126e-06 
5.9665e-01     3.2671e-03  9.2198e-04     1.9493e-03  5.5010e-04     1.3819e-04  3.8998e-05     8.2451e-05  2.3268e-05 
6.6945e-01     3.7308e-03  3.6889e-04     2.4976e-03  2.4695e-04     1.7706e-04  1.7509e-05     1.1853e-04  1.1722e-05 
7.5114e-01     4.0202e-03  4.9717e-04     3.0197e-03  3.7344e-04     2.1407e-04  2.6476e-05     1.6080e-04  1.9887e-05 
8.4279e-01     4.6568e-03  4.1251e-04     3.9247e-03  3.4766e-04     2.7823e-04  2.4650e-05     2.3449e-04  2.0775e-05 
9.4563e-01     4.8958e-03  1.6911e-04     4.6296e-03  1.5991e-04     3.2820e-04  1.1350e-05     3.1035e-04  1.0733e-05 
1.0610e+00     5.6265e-03  4.1350e-04     5.9698e-03  4.3873e-04     4.2321e-04  3.1110e-05     4.4903e-04  3.3008e-05 
1.1905e+00     6.4328e-03  4.6407e-04     7.6580e-03  5.5246e-04     5.4289e-04  3.9176e-05     6.4629e-04  4.6637e-05 
1.3357e+00     7.2382e-03  2.4644e-04     9.6683e-03  3.2918e-04     6.8540e-04  2.3364e-05     9.1551e-04  3.1209e-05 
1.4987e+00     8.2046e-03  4.6844e-04     1.2296e-02  7.0206e-04     8.7171e-04  4.9792e-05     1.3064e-03  7.4624e-05 
1.6816e+00     8.8131e-03  3.5029e-04     1.4820e-02  5.8904e-04     1.0506e-03  4.1795e-05     1.7667e-03  7.0282e-05 
1.8868e+00     9.3214e-03  3.3526e-04     1.7587e-02  6.3256e-04     1.2468e-03  4.4892e-05     2.3524e-03  8.4702e-05 
2.1170e+00     1.0651e-02  2.4128e-04     2.2548e-02  5.1078e-04     1.5984e-03  3.6310e-05     3.3839e-03  7.6868e-05 
2.3753e+00     1.1771e-02  6.5713e-04     2.7961e-02  1.5609e-03     1.9822e-03  1.1070e-04     4.7082e-03  2.6296e-04 
2.6651e+00     1.3067e-02  3.1976e-04     3.4827e-02  8.5221e-04     2.4689e-03  6.0557e-05     6.5800e-03  1.6139e-04 
2.9903e+00     1.4699e-02  3.4417e-04     4.3955e-02  1.0292e-03     3.1161e-03  7.3148e-05     9.3180e-03  2.1874e-04 
3.3552e+00     1.5910e-02  2.2893e-04     5.3380e-02  7.6811e-04     3.7842e-03  5.4824e-05     1.2697e-02  1.8394e-04 
3.7646e+00     1.8234e-02  2.3409e-04     6.8644e-02  8.8125e-04     4.8663e-03  6.3007e-05     1.8320e-02  2.3720e-04 
4.2240e+00     2.0025e-02  3.3517e-04     8.4586e-02  1.4157e-03     5.9964e-03  1.0087e-04     2.5329e-02  4.2607e-04 
4.7394e+00     2.1992e-02  5.3466e-04     1.0423e-01  2.5339e-03     7.3888e-03  1.8006e-04     3.5018e-02  8.5338e-04 
5.3176e+00     2.4633e-02  4.0691e-04     1.3099e-01  2.1638e-03     9.2859e-03  1.5419e-04     4.9379e-02  8.1993e-04 
5.9665e+00     2.7334e-02  1.6977e-04     1.6309e-01  1.0129e-03     1.1562e-02  7.4395e-05     6.8983e-02  4.4388e-04 
6.6945e+00     3.0972e-02  5.7660e-04     2.0734e-01  3.8601e-03     1.4699e-02  2.7476e-04     9.8401e-02  1.8394e-03 
7.5114e+00     3.5036e-02  2.5758e-04     2.6317e-01  1.9348e-03     1.8656e-02  1.4071e-04     1.4013e-01  1.0569e-03 
8.4279e+00     3.9612e-02  1.8601e-04     3.3385e-01  1.5677e-03     2.3667e-02  1.1806e-04     1.9946e-01  9.9497e-04 
9.4563e+00     4.4749e-02  4.2424e-04     4.2316e-01  4.0117e-03     2.9998e-02  2.8884e-04     2.8367e-01  2.7313e-03 
1.0610e+01     5.1730e-02  4.4567e-04     5.4886e-01  4.7286e-03     3.8910e-02  3.4155e-04     4.1284e-01  3.6239e-03 
1.1905e+01     5.9312e-02  4.0251e-04     7.0609e-01  4.7918e-03     5.0056e-02  3.4998e-04     5.9590e-01  4.1664e-03 
1.3357e+01     6.8758e-02  3.9913e-04     9.1842e-01  5.3312e-03     6.5108e-02  3.9350e-04     8.6967e-01  5.2561e-03 
1.4987e+01     7.5973e-02  2.3832e-04     1.1386e+00  3.5717e-03     8.0718e-02  2.8733e-04     1.2097e+00  4.3063e-03 
1.6816e+01     7.0687e-02  2.0291e-04     1.1887e+00  3.4120e-03     8.4265e-02  2.8038e-04     1.4170e+00  4.7148e-03 
1.8868e+01     5.0839e-02  2.5407e-04     9.5921e-01  4.7938e-03     6.8000e-02  3.5858e-04     1.2830e+00  6.7656e-03 
2.1170e+01     2.9662e-02  2.0832e-04     6.2795e-01  4.4101e-03     4.4516e-02  3.2149e-04     9.4240e-01  6.8058e-03 
2.3753e+01     1.4205e-02  1.0927e-04     3.3742e-01  2.5956e-03     2.3920e-02  1.8836e-04     5.6818e-01  4.4740e-03 
2.6651e+01     5.5261e-03  4.9792e-05     1.4728e-01  1.3270e-03     1.0441e-02  9.5700e-05     2.7826e-01  2.5505e-03 
2.9903e+01     1.7254e-03  1.6806e-05     5.1596e-02  5.0257e-04     3.6577e-03  3.6155e-05     1.0938e-01  1.0812e-03 
3.3552e+01     4.4248e-04  1.7207e-05     1.4846e-02  5.7732e-04     1.0525e-03  4.0965e-05     3.5312e-02  1.3745e-03 
3.7646e+01     7.6746e-05  4.3199e-06     2.8892e-03  1.6263e-04     2.0482e-04  1.1534e-05     7.7105e-03  4.3421e-04 
4.2240e+01     1.0919e-05  2.7242e-06     4.6122e-04  1.1507e-04     3.2697e-05  8.1575e-06     1.3811e-03  3.4457e-04 
4.7394e+01     7.3447e-07  2.9342e-07     3.4809e-05  1.3906e-05     2.4677e-06  9.8584e-07     1.1695e-04  4.6722e-05 
5.3176e+01     3.2730e-07  5.1994e-07     1.7405e-05  2.7649e-05     1.2338e-06  1.9600e-06     6.5611e-05  1.0423e-04 
5.9665e+01     0.0000e+00  0.0000e+00     0.0000e+00  0.0000e+00     0.0000e+00  0.0000e+00     0.0000e+00  0.0000e+00 
6.6945e+01     1.2999e-07  1.5269e-06     8.7023e-06  1.0222e-04     6.1692e-07  7.2465e-06     4.1300e-05  4.8512e-04 
7.5114e+01     0.0000e+00  0.0000e+00     0.0000e+00  0.0000e+00     0.0000e+00  0.0000e+00     0.0000e+00  0.0000e+00 
8.4279e+01     0.0000e+00  0.0000e+00     0.0000e+00  0.0000e+00     0.0000e+00  0.0000e+00     0.0000e+00  0.0000e+00 
9.4563e+01     0.0000e+00  0.0000e+00     0.0000e+00  0.0000e+00     0.0000e+00  0.0000e+00     0.0000e+00  0.0000e+00 
1.0610e+02     8.2019e-08  1.2717e-07     8.7023e-06  1.3493e-05     6.1692e-07  9.5654e-07     6.5456e-05  1.0149e-04 
1.1905e+02     7.3100e-08  8.3039e-08     8.7023e-06  9.8856e-06     6.1692e-07  7.0080e-07     7.3442e-05  8.3429e-05 
1.3357e+02     0.0000e+00  0.0000e+00     0.0000e+00  0.0000e+00     0.0000e+00  0.0000e+00     0.0000e+00  0.0000e+00 
1.4987e+02     0.0000e+00  0.0000e+00     0.0000e+00  0.0000e+00     0.0000e+00  0.0000e+00     0.0000e+00  0.0000e+00 
1.6816e+02     0.0000e+00  0.0000e+00     0.0000e+00  0.0000e+00     0.0000e+00  0.0000e+00     0.0000e+00  0.0000e+00 
1.8868e+02     0.0000e+00  0.0000e+00     0.0000e+00  0.0000e+00     0.0000e+00  0.0000e+00     0.0000e+00  0.0000e+00 
2.1170e+02     0.0000e+00  0.0000e+00     0.0000e+00  0.0000e+00     0.0000e+00  0.0000e+00     0.0000e+00  0.0000e+00 
2.3753e+02     1.0991e-07  1.1328e-07     2.6107e-05  2.6907e-05     1.8508e-06  1.9075e-06     4.3961e-04  4.5309e-04 
2.6651e+02     0.0000e+00  0.0000e+00     0.0000e+00  0.0000e+00     0.0000e+00  0.0000e+00     0.0000e+00  0.0000e+00 
2.9903e+02     0.0000e+00  0.0000e+00     0.0000e+00  0.0000e+00     0.0000e+00  0.0000e+00     0.0000e+00  0.0000e+00 
3.3552e+02     0.0000e+00  0.0000e+00     0.0000e+00  0.0000e+00     0.0000e+00  0.0000e+00     0.0000e+00  0.0000e+00 
3.7646e+02     0.0000e+00  0.0000e+00     0.0000e+00  0.0000e+00     0.0000e+00  0.0000e+00     0.0000e+00  0.0000e+00 
4.2240e+02     0.0000e+00  0.0000e+00     0.0000e+00  0.0000e+00     0.0000e+00  0.0000e+00     0.0000e+00  0.0000e+00 
4.7394e+02     0.0000e+00  0.0000e+00     0.0000e+00  0.0000e+00     0.0000e+00  0.0000e+00     0.0000e+00  0.0000e+00 
5.3176e+02     0.0000e+00  0.0000e+00     0.0000e+00  0.0000e+00     0.0000e+00  0.0000e+00     0.0000e+00  0.0000e+00 
5.9665e+02     0.0000e+00  0.0000e+00     0.0000e+00  0.0000e+00     0.0000e+00  0.0000e+00     0.0000e+00  0.0000e+00 
6.6945e+02     0.0000e+00  0.0000e+00     0.0000e+00  0.0000e+00     0.0000e+00  0.0000e+00     0.0000e+00  0.0000e+00 
7.5114e+02     0.0000e+00  0.0000e+00     0.0000e+00  0.0000e+00     0.0000e+00  0.0000e+00     0.0000e+00  0.0000e+00 
8.4279e+02     0.0000e+00  0.0000e+00     0.0000e+00  0.0000e+00     0.0000e+00  0.0000e+00     0.0000e+00  0.0000e+00 
9.4563e+02     0.0000e+00  0.0000e+00     0.0000e+00  0.0000e+00     0.0000e+00  0.0000e+00     0.0000e+00  0.0000e+00 
1.0610e+03     0.0000e+00  0.0000e+00     0.0000e+00  0.0000e+00     0.0000e+00  0.0000e+00     0.0000e+00  0.0000e+00 
1.1905e+03     0.0000e+00  0.0000e+00     0.0000e+00  0.0000e+00     0.0000e+00  0.0000e+00     0.0000e+00  0.0000e+00 
1.3357e+03     0.0000e+00  0.0000e+00     0.0000e+00  0.0000e+00     0.0000e+00  0.0000e+00     0.0000e+00  0.0000e+00 
1.4987e+03     0.0000e+00  0.0000e+00     0.0000e+00  0.0000e+00     0.0000e+00  0.0000e+00     0.0000e+00  0.0000e+00 
1.6816e+03     0.0000e+00  0.0000e+00     0.0000e+00  0.0000e+00     0.0000e+00  0.0000e+00     0.0000e+00  0.0000e+00 
1.8868e+03     0.0000e+00  0.0000e+00     0.0000e+00  0.0000e+00     0.0000e+00  0.0000e+00     0.0000e+00  0.0000e+00 
2.1170e+03     0.0000e+00  0.0000e+00     0.0000e+00  0.0000e+00     0.0000e+00  0.0000e+00     0.0000e+00  0.0000e+00 
2.3753e+03     0.0000e+00  0.0000e+00     0.0000e+00  0.0000e+00     0.0000e+00  0.0000e+00     0.0000e+00  0.0000e+00 
2.6651e+03     0.0000e+00  0.0000e+00     0.0000e+00  0.0000e+00     0.0000e+00  0.0000e+00     0.0000e+00  0.0000e+00 
2.9903e+03     0.0000e+00  0.0000e+00     0.0000e+00  0.0000e+00     0.0000e+00  0.0000e+00     0.0000e+00  0.0000e+00 
3.3552e+03     0.0000e+00  0.0000e+00     0.0000e+00  0.0000e+00     0.0000e+00  0.0000e+00     0.0000e+00  0.0000e+00 
3.7646e+03     0.0000e+00  0.0000e+00     0.0000e+00  0.0000e+00     0.0000e+00  0.0000e+00     0.0000e+00  0.0000e+00 
4.2240e+03     0.0000e+00  0.0000e+00     0.0000e+00  0.0000e+00     0.0000e+00  0.0000e+00     0.0000e+00  0.0000e+00 
4.7394e+03     0.0000e+00  0.0000e+00     0.0000e+00  0.0000e+00     0.0000e+00  0.0000e+00     0.0000e+00  0.0000e+00 
5.3176e+03     0.0000e+00  0.0000e+00     0.0000e+00  0.0000e+00     0.0000e+00  0.0000e+00     0.0000e+00  0.0000e+00 
5.9665e+03     0.0000e+00  0.0000e+00     0.0000e+00  0.0000e+00     0.0000e+00  0.0000e+00     0.0000e+00  0.0000e+00 
6.6945e+03     0.0000e+00  0.0000e+00     0.0000e+00  0.0000e+00     0.0000e+00  0.0000e+00     0.0000e+00  0.0000e+00 
7.5114e+03     0.0000e+00  0.0000e+00     0.0000e+00  0.0000e+00     0.0000e+00  0.0000e+00     0.0000e+00  0.0000e+00 
8.4279e+03     0.0000e+00  0.0000e+00     0.0000e+00  0.0000e+00     0.0000e+00  0.0000e+00     0.0000e+00  0.0000e+00 
9.4563e+03     0.0000e+00  0.0000e+00     0.0000e+00  0.0000e+00     0.0000e+00  0.0000e+00     0.0000e+00  0.0000e+00 
