yF = 9.9290e+00 (std: 1.6678e-02) keV/um
yD = 1.1689e+01 (std: 2.4308e-02) keV/um
y (keV/um)     f(y)(std)                  yf(y)(std)                 d(y)(std)                  yd(y)(std)  
1.0610e-03     0.0000e+00  0.0000e+00     0.0000e+00  0.0000e+00     0.0000e+00  0.0000e+00     0.0000e+00  0.0000e+00 
1.1905e-03     0.0000e+00  0.0000e+00     0.0000e+00  0.0000e+00     0.0000e+00  0.0000e+00     0.0000e+00  0.0000e+00 
1.3357e-03     0.0000e+00  0.0000e+00     0.0000e+00  0.0000e+00     0.0000e+00  0.0000e+00     0.0000e+00  0.0000e+00 
1.4987e-03     0.0000e+00  0.0000e+00     0.0000e+00  0.0000e+00     0.0000e+00  0.0000e+00     0.0000e+00  0.0000e+00 
1.6816e-03     0.0000e+00  0.0000e+00     0.0000e+00  0.0000e+00     0.0000e+00  0.0000e+00     0.0000e+00  0.0000e+00 
1.8868e-03     0.0000e+00  0.0000e+00     0.0000e+00  0.0000e+00     0.0000e+00  0.0000e+00     0.0000e+00  0.0000e+00 
2.1170e-03     0.0000e+00  0.0000e+00     0.0000e+00  0.0000e+00     0.0000e+00  0.0000e+00     0.0000e+00  0.0000e+00 
2.3753e-03     0.0000e+00  0.0000e+00     0.0000e+00  0.0000e+00     0.0000e+00  0.0000e+00     0.0000e+00  0.0000e+00 
2.6651e-03     0.0000e+00  0.0000e+00     0.0000e+00  0.0000e+00     0.0000e+00  0.0000e+00     0.0000e+00  0.0000e+00 
2.9903e-03     0.0000e+00  0.0000e+00     0.0000e+00  0.0000e+00     0.0000e+00  0.0000e+00     0.0000e+00  0.0000e+00 
3.3552e-03     2.5938e-03  2.1524e-03     8.7028e-06  7.2218e-06     8.7651e-07  7.2735e-07     2.9409e-09  2.4404e-09 
3.7646e-03     0.0000e+00  0.0000e+00     0.0000e+00  0.0000e+00     0.0000e+00  0.0000e+00     0.0000e+00  0.0000e+00 
4.2240e-03     0.0000e+00  0.0000e+00     0.0000e+00  0.0000e+00     0.0000e+00  0.0000e+00     0.0000e+00  0.0000e+00 
4.7394e-03     0.0000e+00  0.0000e+00     0.0000e+00  0.0000e+00     0.0000e+00  0.0000e+00     0.0000e+00  0.0000e+00 
5.3176e-03     1.6366e-03  3.0425e-03     8.7028e-06  1.6179e-05     8.7651e-07  1.6295e-06     4.6610e-09  8.6651e-09 
5.9665e-03     0.0000e+00  0.0000e+00     0.0000e+00  0.0000e+00     0.0000e+00  0.0000e+00     0.0000e+00  0.0000e+00 
6.6945e-03     0.0000e+00  0.0000e+00     0.0000e+00  0.0000e+00     0.0000e+00  0.0000e+00     0.0000e+00  0.0000e+00 
7.5114e-03     0.0000e+00  0.0000e+00     0.0000e+00  0.0000e+00     0.0000e+00  0.0000e+00     0.0000e+00  0.0000e+00 
8.4279e-03     2.0652e-03  1.0927e-03     1.7406e-05  9.2091e-06     1.7530e-06  9.2750e-07     1.4774e-08  7.8169e-09 
9.4563e-03     9.2032e-04  6.1580e-04     8.7028e-06  5.8231e-06     8.7651e-07  5.8648e-07     8.2885e-09  5.5459e-09 
1.0610e-02     0.0000e+00  0.0000e+00     0.0000e+00  0.0000e+00     0.0000e+00  0.0000e+00     0.0000e+00  0.0000e+00 
1.1905e-02     0.0000e+00  0.0000e+00     0.0000e+00  0.0000e+00     0.0000e+00  0.0000e+00     0.0000e+00  0.0000e+00 
1.3357e-02     0.0000e+00  0.0000e+00     0.0000e+00  0.0000e+00     0.0000e+00  0.0000e+00     0.0000e+00  0.0000e+00 
1.4987e-02     0.0000e+00  0.0000e+00     0.0000e+00  0.0000e+00     0.0000e+00  0.0000e+00     0.0000e+00  0.0000e+00 
1.6816e-02     0.0000e+00  0.0000e+00     0.0000e+00  0.0000e+00     0.0000e+00  0.0000e+00     0.0000e+00  0.0000e+00 
1.8868e-02     4.6125e-04  2.1637e-04     8.7028e-06  4.0824e-06     8.7651e-07  4.1116e-07     1.6538e-08  7.7576e-09 
2.1170e-02     0.0000e+00  0.0000e+00     0.0000e+00  0.0000e+00     0.0000e+00  0.0000e+00     0.0000e+00  0.0000e+00 
2.3753e-02     2.5647e-03  2.2468e-03     6.0920e-05  5.3369e-05     6.1356e-06  5.3751e-06     1.4574e-07  1.2767e-07 
2.6651e-02     2.2858e-03  8.4601e-04     6.0920e-05  2.2547e-05     6.1356e-06  2.2709e-06     1.6352e-07  6.0522e-08 
2.9903e-02     2.9103e-04  1.2685e-04     8.7028e-06  3.7932e-06     8.7651e-07  3.8203e-07     2.6210e-08  1.1424e-08 
3.3552e-02     5.1877e-04  3.3430e-04     1.7406e-05  1.1216e-05     1.7530e-06  1.1297e-06     5.8817e-08  3.7903e-08 
3.7646e-02     1.1559e-03  3.2348e-03     4.3514e-05  1.2178e-04     4.3825e-06  1.2265e-05     1.6499e-07  4.6172e-07 
4.2240e-02     8.2414e-04  3.7668e-04     3.4811e-05  1.5911e-05     3.5060e-06  1.6025e-06     1.4809e-07  6.7687e-08 
4.7394e-02     7.3452e-04  3.6203e-04     3.4811e-05  1.7158e-05     3.5060e-06  1.7281e-06     1.6616e-07  8.1900e-08 
5.3176e-02     1.9639e-03  7.6540e-04     1.0443e-04  4.0701e-05     1.0518e-05  4.0993e-06     5.5931e-07  2.1799e-07 
5.9665e-02     1.0210e-03  1.5881e-03     6.0920e-05  9.4755e-05     6.1356e-06  9.5433e-06     3.6608e-07  5.6940e-07 
6.6945e-02     9.0999e-04  6.0512e-04     6.0920e-05  4.0510e-05     6.1356e-06  4.0800e-06     4.1075e-07  2.7313e-07 
7.5114e-02     1.2745e-03  3.8270e-04     9.5731e-05  2.8746e-05     9.6416e-06  2.8952e-06     7.2422e-07  2.1747e-07 
8.4279e-02     1.0326e-03  1.3238e-03     8.7028e-05  1.1157e-04     8.7651e-06  1.1236e-05     7.3871e-07  9.4700e-07 
9.4563e-02     1.5646e-03  3.7408e-04     1.4795e-04  3.5374e-05     1.4901e-05  3.5628e-06     1.4090e-06  3.3691e-07 
1.0610e-01     1.0663e-03  2.4571e-04     1.1314e-04  2.6070e-05     1.1395e-05  2.6257e-06     1.2090e-06  2.7859e-07 
1.1905e-01     1.3890e-03  3.9009e-04     1.6535e-04  4.6439e-05     1.6654e-05  4.6772e-06     1.9826e-06  5.5681e-07 
1.3357e-01     1.7592e-03  1.2409e-03     2.3498e-04  1.6576e-04     2.3666e-05  1.6694e-05     3.1611e-06  2.2299e-06 
1.4987e-01     1.2775e-03  4.2678e-04     1.9146e-04  6.3962e-05     1.9283e-05  6.4421e-06     2.8900e-06  9.6548e-07 
1.6816e-01     1.4491e-03  3.9649e-04     2.4368e-04  6.6673e-05     2.4542e-05  6.7151e-06     4.1270e-06  1.1292e-06 
1.8868e-01     2.4446e-03  4.6152e-04     4.6125e-04  8.7079e-05     4.6455e-05  8.7705e-06     8.7650e-06  1.6548e-06 
2.1170e-01     2.8365e-03  4.6604e-04     6.0049e-04  9.8661e-05     6.0479e-05  9.9371e-06     1.2803e-05  2.1037e-06 
2.3753e-01     2.7479e-03  7.4537e-04     6.5271e-04  1.7705e-04     6.5738e-05  1.7832e-05     1.5615e-05  4.2356e-06 
2.6651e-01     2.9062e-03  3.5591e-04     7.7455e-04  9.4855e-05     7.8009e-05  9.5543e-06     2.0790e-05  2.5463e-06 
2.9903e-01     3.3178e-03  4.4924e-04     9.9212e-04  1.3434e-04     9.9922e-05  1.3531e-05     2.9880e-05  4.0462e-06 
3.3552e-01     4.1761e-03  3.1048e-04     1.4012e-03  1.0417e-04     1.4112e-04  1.0494e-05     4.7348e-05  3.5211e-06 
3.7646e-01     4.5541e-03  5.3930e-04     1.7145e-03  2.0302e-04     1.7267e-04  2.0450e-05     6.5004e-05  7.6985e-06 
4.2240e-01     5.0479e-03  4.8563e-04     2.1322e-03  2.0513e-04     2.1474e-04  2.0663e-05     9.0707e-05  8.7278e-06 
4.7394e-01     5.6925e-03  5.2359e-04     2.6979e-03  2.4815e-04     2.7172e-04  2.4996e-05     1.2878e-04  1.1847e-05 
5.3176e-01     5.9736e-03  4.9413e-04     3.1765e-03  2.6276e-04     3.1993e-04  2.6470e-05     1.7012e-04  1.4076e-05 
5.9665e-01     6.8409e-03  2.7656e-04     4.0816e-03  1.6501e-04     4.1108e-04  1.6633e-05     2.4527e-04  9.9241e-06 
6.6945e-01     7.4620e-03  4.0028e-04     4.9954e-03  2.6796e-04     5.0312e-04  2.7001e-05     3.3681e-04  1.8076e-05 
7.5114e-01     8.6433e-03  3.8962e-04     6.4923e-03  2.9266e-04     6.5387e-04  2.9496e-05     4.9115e-04  2.2155e-05 
8.4279e-01     9.5827e-03  4.6326e-04     8.0762e-03  3.9043e-04     8.1340e-04  3.9346e-05     6.8552e-04  3.3160e-05 
9.4563e-01     1.1375e-02  5.4910e-04     1.0757e-02  5.1924e-04     1.0834e-03  5.2327e-05     1.0245e-03  4.9482e-05 
1.0610e+00     1.2238e-02  7.1766e-04     1.2985e-02  7.6144e-04     1.3077e-03  7.6720e-05     1.3875e-03  8.1401e-05 
1.1905e+00     1.3086e-02  2.1097e-04     1.5578e-02  2.5116e-04     1.5689e-03  2.5432e-05     1.8678e-03  3.0276e-05 
1.3357e+00     1.4699e-02  4.4630e-04     1.9634e-02  5.9613e-04     1.9774e-03  6.0132e-05     2.6413e-03  8.0320e-05 
1.4987e+00     1.6131e-02  3.8436e-04     2.4176e-02  5.7604e-04     2.4349e-03  5.8160e-05     3.6493e-03  8.7165e-05 
1.6816e+00     1.7550e-02  4.7314e-04     2.9511e-02  7.9562e-04     2.9722e-03  8.0287e-05     4.9981e-03  1.3501e-04 
1.8868e+00     1.9354e-02  9.1232e-04     3.6517e-02  1.7213e-03     3.6778e-03  1.7347e-04     6.9392e-03  3.2731e-04 
2.1170e+00     2.1254e-02  6.5423e-04     4.4994e-02  1.3850e-03     4.5315e-03  1.3970e-04     9.5932e-03  2.9574e-04 
2.3753e+00     2.3566e-02  2.3247e-04     5.5977e-02  5.5219e-04     5.6377e-03  5.6415e-05     1.3391e-02  1.3400e-04 
2.6651e+00     2.6715e-02  5.4091e-04     7.1198e-02  1.4416e-03     7.1707e-03  1.4569e-04     1.9111e-02  3.8829e-04 
2.9903e+00     2.9415e-02  4.3996e-04     8.7959e-02  1.3156e-03     8.8589e-03  1.3334e-04     2.6491e-02  3.9872e-04 
3.3552e+00     3.3146e-02  5.0551e-04     1.1121e-01  1.6961e-03     1.1201e-02  1.7186e-04     3.7581e-02  5.7661e-04 
3.7646e+00     3.6581e-02  3.6656e-04     1.3771e-01  1.3800e-03     1.3870e-02  1.4092e-04     5.2215e-02  5.3052e-04 
4.2240e+00     4.1108e-02  4.8969e-04     1.7364e-01  2.0684e-03     1.7488e-02  2.1038e-04     7.3869e-02  8.8864e-04 
4.7394e+00     4.5419e-02  2.5680e-04     2.1526e-01  1.2171e-03     2.1680e-02  1.2787e-04     1.0275e-01  6.0603e-04 
5.3176e+00     5.1756e-02  3.6303e-04     2.7522e-01  1.9305e-03     2.7719e-02  1.9993e-04     1.4740e-01  1.0631e-03 
5.9665e+00     5.8437e-02  1.1271e-03     3.4866e-01  6.7247e-03     3.5116e-02  6.7985e-04     2.0952e-01  4.0563e-03 
6.6945e+00     6.6203e-02  3.9104e-04     4.4320e-01  2.6178e-03     4.4637e-02  2.7411e-04     2.9882e-01  1.8350e-03 
7.5114e+00     7.6054e-02  5.9730e-04     5.7127e-01  4.4865e-03     5.7536e-02  4.6208e-04     4.3217e-01  3.4709e-03 
8.4279e+00     8.7789e-02  4.7083e-04     7.3988e-01  3.9681e-03     7.4517e-02  4.1879e-04     6.2802e-01  3.5295e-03 
9.4563e+00     1.0052e-01  3.7844e-04     9.5052e-01  3.5787e-03     9.5732e-02  3.9467e-04     9.0527e-01  3.7321e-03 
1.0610e+01     1.0614e-01  4.6400e-04     1.1262e+00  4.9231e-03     1.1343e-01  5.3118e-04     1.2035e+00  5.6358e-03 
1.1905e+01     9.1869e-02  2.0886e-04     1.0937e+00  2.4864e-03     1.1015e-01  3.1135e-04     1.3113e+00  3.7066e-03 
1.3357e+01     6.3212e-02  3.7370e-04     8.4435e-01  4.9917e-03     8.5039e-02  5.2264e-04     1.1359e+00  6.9810e-03 
1.4987e+01     3.7978e-02  2.6070e-04     5.6918e-01  3.9072e-03     5.7325e-02  4.0512e-04     8.5914e-01  6.0716e-03 
1.6816e+01     2.0186e-02  1.5877e-04     3.3944e-01  2.6698e-03     3.4187e-02  2.7495e-04     5.7489e-01  4.6236e-03 
1.8868e+01     9.5327e-03  7.9999e-05     1.7986e-01  1.5094e-03     1.8115e-02  1.5503e-04     3.4178e-01  2.9251e-03 
2.1170e+01     3.8791e-03  5.6146e-05     8.2120e-02  1.1886e-03     8.2707e-03  1.2051e-04     1.7509e-01  2.5513e-03 
2.3753e+01     1.3142e-03  2.6197e-05     3.1217e-02  6.2226e-04     3.1440e-03  6.2894e-05     7.4680e-02  1.4939e-03 
2.6651e+01     3.8499e-04  1.7202e-05     1.0261e-02  4.5846e-04     1.0334e-03  4.6206e-05     2.7542e-02  1.2315e-03 
2.9903e+01     8.5563e-05  4.8010e-06     2.5586e-03  1.4356e-04     2.5769e-04  1.4466e-05     7.7059e-03  4.3257e-04 
3.3552e+01     1.3747e-05  2.3364e-06     4.6125e-04  7.8390e-05     4.6455e-05  7.8955e-06     1.5587e-03  2.6491e-04 
3.7646e+01     3.4676e-06  1.0060e-06     1.3054e-04  3.7872e-05     1.3148e-05  3.8144e-06     4.9496e-04  1.4360e-04 
4.2240e+01     6.1810e-07  2.8435e-07     2.6108e-05  1.2011e-05     2.6295e-06  1.2097e-06     1.1107e-04  5.1096e-05 
4.7394e+01     1.8363e-07  1.7432e-07     8.7028e-06  8.2617e-06     8.7651e-07  8.3209e-07     4.1541e-05  3.9435e-05 
5.3176e+01     3.2732e-07  1.9682e-07     1.7406e-05  1.0466e-05     1.7530e-06  1.0541e-06     9.3219e-05  5.6055e-05 
5.9665e+01     0.0000e+00  0.0000e+00     0.0000e+00  0.0000e+00     0.0000e+00  0.0000e+00     0.0000e+00  0.0000e+00 
6.6945e+01     2.6000e-07  1.5262e-06     1.7406e-05  1.0217e-04     1.7530e-06  1.0290e-05     1.1736e-04  6.8890e-04 
7.5114e+01     0.0000e+00  0.0000e+00     0.0000e+00  0.0000e+00     0.0000e+00  0.0000e+00     0.0000e+00  0.0000e+00 
8.4279e+01     0.0000e+00  0.0000e+00     0.0000e+00  0.0000e+00     0.0000e+00  0.0000e+00     0.0000e+00  0.0000e+00 
9.4563e+01     0.0000e+00  0.0000e+00     0.0000e+00  0.0000e+00     0.0000e+00  0.0000e+00     0.0000e+00  0.0000e+00 
1.0610e+02     8.2024e-08  6.8066e-08     8.7028e-06  7.2218e-06     8.7651e-07  7.2735e-07     9.2998e-05  7.7173e-05 
1.1905e+02     1.4621e-07  6.8204e-08     1.7406e-05  8.1195e-06     1.7530e-06  8.1776e-07     2.0869e-04  9.7352e-05 
1.3357e+02     0.0000e+00  0.0000e+00     0.0000e+00  0.0000e+00     0.0000e+00  0.0000e+00     0.0000e+00  0.0000e+00 
1.4987e+02     0.0000e+00  0.0000e+00     0.0000e+00  0.0000e+00     0.0000e+00  0.0000e+00     0.0000e+00  0.0000e+00 
1.6816e+02     0.0000e+00  0.0000e+00     0.0000e+00  0.0000e+00     0.0000e+00  0.0000e+00     0.0000e+00  0.0000e+00 
1.8868e+02     0.0000e+00  0.0000e+00     0.0000e+00  0.0000e+00     0.0000e+00  0.0000e+00     0.0000e+00  0.0000e+00 
2.1170e+02     0.0000e+00  0.0000e+00     0.0000e+00  0.0000e+00     0.0000e+00  0.0000e+00     0.0000e+00  0.0000e+00 
2.3753e+02     3.6639e-08  2.9644e-08     8.7028e-06  7.0414e-06     8.7651e-07  7.0918e-07     2.0820e-04  1.6845e-04 
2.6651e+02     0.0000e+00  0.0000e+00     0.0000e+00  0.0000e+00     0.0000e+00  0.0000e+00     0.0000e+00  0.0000e+00 
2.9903e+02     0.0000e+00  0.0000e+00     0.0000e+00  0.0000e+00     0.0000e+00  0.0000e+00     0.0000e+00  0.0000e+00 
3.3552e+02     0.0000e+00  0.0000e+00     0.0000e+00  0.0000e+00     0.0000e+00  0.0000e+00     0.0000e+00  0.0000e+00 
3.7646e+02     0.0000e+00  0.0000e+00     0.0000e+00  0.0000e+00     0.0000e+00  0.0000e+00     0.0000e+00  0.0000e+00 
4.2240e+02     0.0000e+00  0.0000e+00     0.0000e+00  0.0000e+00     0.0000e+00  0.0000e+00     0.0000e+00  0.0000e+00 
4.7394e+02     0.0000e+00  0.0000e+00     0.0000e+00  0.0000e+00     0.0000e+00  0.0000e+00     0.0000e+00  0.0000e+00 
5.3176e+02     0.0000e+00  0.0000e+00     0.0000e+00  0.0000e+00     0.0000e+00  0.0000e+00     0.0000e+00  0.0000e+00 
5.9665e+02     0.0000e+00  0.0000e+00     0.0000e+00  0.0000e+00     0.0000e+00  0.0000e+00     0.0000e+00  0.0000e+00 
6.6945e+02     0.0000e+00  0.0000e+00     0.0000e+00  0.0000e+00     0.0000e+00  0.0000e+00     0.0000e+00  0.0000e+00 
7.5114e+02     0.0000e+00  0.0000e+00     0.0000e+00  0.0000e+00     0.0000e+00  0.0000e+00     0.0000e+00  0.0000e+00 
8.4279e+02     0.0000e+00  0.0000e+00     0.0000e+00  0.0000e+00     0.0000e+00  0.0000e+00     0.0000e+00  0.0000e+00 
9.4563e+02     0.0000e+00  0.0000e+00     0.0000e+00  0.0000e+00     0.0000e+00  0.0000e+00     0.0000e+00  0.0000e+00 
1.0610e+03     0.0000e+00  0.0000e+00     0.0000e+00  0.0000e+00     0.0000e+00  0.0000e+00     0.0000e+00  0.0000e+00 
1.1905e+03     0.0000e+00  0.0000e+00     0.0000e+00  0.0000e+00     0.0000e+00  0.0000e+00     0.0000e+00  0.0000e+00 
1.3357e+03     0.0000e+00  0.0000e+00     0.0000e+00  0.0000e+00     0.0000e+00  0.0000e+00     0.0000e+00  0.0000e+00 
1.4987e+03     0.0000e+00  0.0000e+00     0.0000e+00  0.0000e+00     0.0000e+00  0.0000e+00     0.0000e+00  0.0000e+00 
1.6816e+03     0.0000e+00  0.0000e+00     0.0000e+00  0.0000e+00     0.0000e+00  0.0000e+00     0.0000e+00  0.0000e+00 
1.8868e+03     0.0000e+00  0.0000e+00     0.0000e+00  0.0000e+00     0.0000e+00  0.0000e+00     0.0000e+00  0.0000e+00 
2.1170e+03     0.0000e+00  0.0000e+00     0.0000e+00  0.0000e+00     0.0000e+00  0.0000e+00     0.0000e+00  0.0000e+00 
2.3753e+03     0.0000e+00  0.0000e+00     0.0000e+00  0.0000e+00     0.0000e+00  0.0000e+00     0.0000e+00  0.0000e+00 
2.6651e+03     0.0000e+00  0.0000e+00     0.0000e+00  0.0000e+00     0.0000e+00  0.0000e+00     0.0000e+00  0.0000e+00 
2.9903e+03     0.0000e+00  0.0000e+00     0.0000e+00  0.0000e+00     0.0000e+00  0.0000e+00     0.0000e+00  0.0000e+00 
3.3552e+03     0.0000e+00  0.0000e+00     0.0000e+00  0.0000e+00     0.0000e+00  0.0000e+00     0.0000e+00  0.0000e+00 
3.7646e+03     0.0000e+00  0.0000e+00     0.0000e+00  0.0000e+00     0.0000e+00  0.0000e+00     0.0000e+00  0.0000e+00 
4.2240e+03     0.0000e+00  0.0000e+00     0.0000e+00  0.0000e+00     0.0000e+00  0.0000e+00     0.0000e+00  0.0000e+00 
4.7394e+03     0.0000e+00  0.0000e+00     0.0000e+00  0.0000e+00     0.0000e+00  0.0000e+00     0.0000e+00  0.0000e+00 
5.3176e+03     0.0000e+00  0.0000e+00     0.0000e+00  0.0000e+00     0.0000e+00  0.0000e+00     0.0000e+00  0.0000e+00 
5.9665e+03     0.0000e+00  0.0000e+00     0.0000e+00  0.0000e+00     0.0000e+00  0.0000e+00     0.0000e+00  0.0000e+00 
6.6945e+03     0.0000e+00  0.0000e+00     0.0000e+00  0.0000e+00     0.0000e+00  0.0000e+00     0.0000e+00  0.0000e+00 
7.5114e+03     0.0000e+00  0.0000e+00     0.0000e+00  0.0000e+00     0.0000e+00  0.0000e+00     0.0000e+00  0.0000e+00 
8.4279e+03     0.0000e+00  0.0000e+00     0.0000e+00  0.0000e+00     0.0000e+00  0.0000e+00     0.0000e+00  0.0000e+00 
9.4563e+03     0.0000e+00  0.0000e+00     0.0000e+00  0.0000e+00     0.0000e+00  0.0000e+00     0.0000e+00  0.0000e+00 
