yF = 8.8747e+00 (std: 1.6208e-02) keV/um
yD = 1.0549e+01 (std: 7.5776e-02) keV/um
y (keV/um)     f(y)(std)                  yf(y)(std)                 d(y)(std)                  yd(y)(std)  
1.0610e-03     0.0000e+00  0.0000e+00     0.0000e+00  0.0000e+00     0.0000e+00  0.0000e+00     0.0000e+00  0.0000e+00 
1.1905e-03     0.0000e+00  0.0000e+00     0.0000e+00  0.0000e+00     0.0000e+00  0.0000e+00     0.0000e+00  0.0000e+00 
1.3357e-03     0.0000e+00  0.0000e+00     0.0000e+00  0.0000e+00     0.0000e+00  0.0000e+00     0.0000e+00  0.0000e+00 
1.4987e-03     0.0000e+00  0.0000e+00     0.0000e+00  0.0000e+00     0.0000e+00  0.0000e+00     0.0000e+00  0.0000e+00 
1.6816e-03     0.0000e+00  0.0000e+00     0.0000e+00  0.0000e+00     0.0000e+00  0.0000e+00     0.0000e+00  0.0000e+00 
1.8868e-03     0.0000e+00  0.0000e+00     0.0000e+00  0.0000e+00     0.0000e+00  0.0000e+00     0.0000e+00  0.0000e+00 
2.1170e-03     0.0000e+00  0.0000e+00     0.0000e+00  0.0000e+00     0.0000e+00  0.0000e+00     0.0000e+00  0.0000e+00 
2.3753e-03     0.0000e+00  0.0000e+00     0.0000e+00  0.0000e+00     0.0000e+00  0.0000e+00     0.0000e+00  0.0000e+00 
2.6651e-03     0.0000e+00  0.0000e+00     0.0000e+00  0.0000e+00     0.0000e+00  0.0000e+00     0.0000e+00  0.0000e+00 
2.9903e-03     0.0000e+00  0.0000e+00     0.0000e+00  0.0000e+00     0.0000e+00  0.0000e+00     0.0000e+00  0.0000e+00 
3.3552e-03     0.0000e+00  0.0000e+00     0.0000e+00  0.0000e+00     0.0000e+00  0.0000e+00     0.0000e+00  0.0000e+00 
3.7646e-03     0.0000e+00  0.0000e+00     0.0000e+00  0.0000e+00     0.0000e+00  0.0000e+00     0.0000e+00  0.0000e+00 
4.2240e-03     0.0000e+00  0.0000e+00     0.0000e+00  0.0000e+00     0.0000e+00  0.0000e+00     0.0000e+00  0.0000e+00 
4.7394e-03     0.0000e+00  0.0000e+00     0.0000e+00  0.0000e+00     0.0000e+00  0.0000e+00     0.0000e+00  0.0000e+00 
5.3176e-03     0.0000e+00  0.0000e+00     0.0000e+00  0.0000e+00     0.0000e+00  0.0000e+00     0.0000e+00  0.0000e+00 
5.9665e-03     0.0000e+00  0.0000e+00     0.0000e+00  0.0000e+00     0.0000e+00  0.0000e+00     0.0000e+00  0.0000e+00 
6.6945e-03     1.3000e-03  8.8057e-04     8.7028e-06  5.8950e-06     9.8064e-07  6.6425e-07     6.5649e-09  4.4468e-09 
7.5114e-03     1.1586e-03  4.7764e-04     8.7028e-06  3.5878e-06     9.8064e-07  4.0427e-07     7.3659e-09  3.0367e-09 
8.4279e-03     1.0326e-03  6.4797e-04     8.7028e-06  5.4610e-06     9.8064e-07  6.1535e-07     8.2647e-09  5.1861e-09 
9.4563e-03     1.8406e-03  2.1692e-03     1.7406e-05  2.0513e-05     1.9613e-06  2.3114e-06     1.8546e-08  2.1857e-08 
1.0610e-02     0.0000e+00  0.0000e+00     0.0000e+00  0.0000e+00     0.0000e+00  0.0000e+00     0.0000e+00  0.0000e+00 
1.1905e-02     1.4621e-03  1.1104e-03     1.7406e-05  1.3219e-05     1.9613e-06  1.4895e-06     2.3348e-08  1.7732e-08 
1.3357e-02     0.0000e+00  0.0000e+00     0.0000e+00  0.0000e+00     0.0000e+00  0.0000e+00     0.0000e+00  0.0000e+00 
1.4987e-02     5.8069e-04  7.5261e-04     8.7028e-06  1.1280e-05     9.8064e-07  1.2710e-06     1.4697e-08  1.9048e-08 
1.6816e-02     0.0000e+00  0.0000e+00     0.0000e+00  0.0000e+00     0.0000e+00  0.0000e+00     0.0000e+00  0.0000e+00 
1.8868e-02     0.0000e+00  0.0000e+00     0.0000e+00  0.0000e+00     0.0000e+00  0.0000e+00     0.0000e+00  0.0000e+00 
2.1170e-02     0.0000e+00  0.0000e+00     0.0000e+00  0.0000e+00     0.0000e+00  0.0000e+00     0.0000e+00  0.0000e+00 
2.3753e-02     2.1983e-03  1.3596e-03     5.2217e-05  3.2294e-05     5.8838e-06  3.6389e-06     1.3976e-07  8.6434e-08 
2.6651e-02     2.9389e-03  1.0155e-03     7.8325e-05  2.7065e-05     8.8257e-06  3.0498e-06     2.3522e-07  8.1281e-08 
2.9903e-02     2.6193e-03  1.1004e-03     7.8325e-05  3.2906e-05     8.8257e-06  3.7079e-06     2.6392e-07  1.1088e-07 
3.3552e-02     1.5563e-03  7.7219e-04     5.2217e-05  2.5909e-05     5.8838e-06  2.9194e-06     1.9741e-07  9.7952e-08 
3.7646e-02     1.3871e-03  2.4515e-03     5.2217e-05  9.2290e-05     5.8838e-06  1.0399e-05     2.2150e-07  3.9149e-07 
4.2240e-02     4.1207e-04  1.0322e-04     1.7406e-05  4.3598e-06     1.9613e-06  4.9128e-07     8.2843e-08  2.0751e-08 
4.7394e-02     1.4690e-03  6.3122e-04     6.9623e-05  2.9916e-05     7.8451e-06  3.3709e-06     3.7181e-07  1.5976e-07 
5.3176e-02     1.3093e-03  5.1642e-04     6.9623e-05  2.7461e-05     7.8451e-06  3.0944e-06     4.1717e-07  1.6455e-07 
5.9665e-02     1.4586e-03  6.9566e-04     8.7028e-05  4.1506e-05     9.8064e-06  4.6770e-06     5.8510e-07  2.7905e-07 
6.6945e-02     2.0800e-03  7.4294e-04     1.3925e-04  4.9736e-05     1.5690e-05  5.6044e-06     1.0504e-06  3.7518e-07 
7.5114e-02     1.7379e-03  5.6667e-04     1.3054e-04  4.2565e-05     1.4710e-05  4.7963e-06     1.1049e-06  3.6027e-07 
8.4279e-02     1.8587e-03  5.5461e-04     1.5665e-04  4.6742e-05     1.7651e-05  5.2670e-06     1.4876e-06  4.4390e-07 
9.4563e-02     1.6566e-03  9.3207e-04     1.5665e-04  8.8139e-05     1.7651e-05  9.9316e-06     1.6692e-06  9.3916e-07 
1.0610e-01     1.8866e-03  5.9987e-04     2.0017e-04  6.3647e-05     2.2555e-05  7.1719e-06     2.3931e-06  7.6094e-07 
1.1905e-01     1.9738e-03  7.0136e-04     2.3498e-04  8.3495e-05     2.6477e-05  9.4084e-06     3.1520e-06  1.1200e-06 
1.3357e-01     2.6062e-03  1.1414e-03     3.4811e-04  1.5247e-04     3.9225e-05  1.7180e-05     5.2395e-06  2.2948e-06 
1.4987e-01     2.3227e-03  5.4047e-04     3.4811e-04  8.1001e-05     3.9225e-05  9.1275e-06     5.8788e-06  1.3679e-06 
1.6816e-01     1.9149e-03  4.1737e-04     3.2200e-04  7.0184e-05     3.6284e-05  7.9087e-06     6.1014e-06  1.3299e-06 
1.8868e-01     2.6292e-03  4.4796e-04     4.9606e-04  8.4520e-05     5.5896e-05  9.5243e-06     1.0546e-05  1.7970e-06 
2.1170e-01     3.1654e-03  3.5422e-04     6.7012e-04  7.4988e-05     7.5509e-05  8.4508e-06     1.5985e-05  1.7890e-06 
2.3753e-01     3.2242e-03  6.5898e-04     7.6585e-04  1.5653e-04     8.6296e-05  1.7638e-05     2.0498e-05  4.1896e-06 
2.6651e-01     3.4614e-03  8.2608e-04     9.2250e-04  2.2016e-04     1.0395e-04  2.4809e-05     2.7703e-05  6.6119e-06 
2.9903e-01     4.8311e-03  3.4778e-04     1.4447e-03  1.0400e-04     1.6279e-04  1.1722e-05     4.8678e-05  3.5053e-06 
3.3552e-01     4.5392e-03  4.3205e-04     1.5230e-03  1.4496e-04     1.7161e-04  1.6337e-05     5.7579e-05  5.4815e-06 
3.7646e-01     6.0799e-03  2.9760e-04     2.2888e-03  1.1203e-04     2.5791e-04  1.2633e-05     9.7092e-05  4.7558e-06 
4.2240e-01     6.1192e-03  7.6375e-04     2.5847e-03  3.2260e-04     2.9125e-04  3.6355e-05     1.2302e-04  1.5356e-05 
4.7394e-01     6.9228e-03  1.3075e-03     3.2810e-03  6.1965e-04     3.6970e-04  6.9826e-05     1.7521e-04  3.3093e-05 
5.3176e-01     7.7411e-03  5.4605e-04     4.1164e-03  2.9037e-04     4.6384e-04  3.2730e-05     2.4665e-04  1.7405e-05 
5.9665e-01     8.6496e-03  9.0283e-04     5.1608e-03  5.3867e-04     5.8152e-04  6.0707e-05     3.4696e-04  3.6221e-05 
6.6945e-01     9.6330e-03  4.7216e-04     6.4488e-03  3.1609e-04     7.2665e-04  3.5642e-05     4.8646e-04  2.3860e-05 
7.5114e-01     1.0984e-02  2.8014e-04     8.2503e-03  2.1042e-04     9.2964e-04  2.3771e-05     6.9829e-04  1.7855e-05 
8.4279e-01     1.3249e-02  5.5579e-04     1.1166e-02  4.6841e-04     1.2582e-03  5.2831e-05     1.0604e-03  4.4525e-05 
9.4563e-01     1.3151e-02  4.6710e-04     1.2436e-02  4.4170e-04     1.4013e-03  4.9837e-05     1.3251e-03  4.7127e-05 
1.0610e+00     1.4625e-02  5.2879e-04     1.5517e-02  5.6106e-04     1.7485e-03  6.3300e-05     1.8551e-03  6.7162e-05 
1.1905e+00     1.6397e-02  5.0499e-04     1.9520e-02  6.0118e-04     2.1996e-03  6.7860e-05     2.6185e-03  8.0786e-05 
1.3357e+00     1.8386e-02  5.9683e-04     2.4559e-02  7.9721e-04     2.7674e-03  8.9972e-05     3.6964e-03  1.2018e-04 
1.4987e+00     1.9796e-02  5.3770e-04     2.9668e-02  8.0586e-04     3.3430e-03  9.1009e-05     5.0102e-03  1.3640e-04 
1.6816e+00     2.2321e-02  3.6778e-04     3.7535e-02  6.1846e-04     4.2295e-03  7.0115e-05     7.1122e-03  1.1790e-04 
1.8868e+00     2.4327e-02  6.1533e-04     4.5899e-02  1.1610e-03     5.1719e-03  1.3116e-04     9.7582e-03  2.4747e-04 
2.1170e+00     2.6462e-02  5.1128e-04     5.6020e-02  1.0824e-03     6.3124e-03  1.2251e-04     1.3363e-02  2.5935e-04 
2.3753e+00     3.0733e-02  3.3067e-04     7.2999e-02  7.8544e-04     8.2256e-03  8.9770e-05     1.9538e-02  2.1323e-04 
2.6651e+00     3.3461e-02  7.8641e-04     8.9178e-02  2.0959e-03     1.0049e-02  2.3688e-04     2.6781e-02  6.3131e-04 
2.9903e+00     3.7482e-02  4.0916e-04     1.1208e-01  1.2235e-03     1.2630e-02  1.3978e-04     3.7767e-02  4.1800e-04 
3.3552e+00     4.0739e-02  4.5014e-04     1.3669e-01  1.5103e-03     1.5402e-02  1.7249e-04     5.1676e-02  5.7875e-04 
3.7646e+00     4.5722e-02  4.7749e-04     1.7212e-01  1.7976e-03     1.9395e-02  2.0562e-04     7.3015e-02  7.7409e-04 
4.2240e+00     5.1595e-02  5.0690e-04     2.1794e-01  2.1411e-03     2.4557e-02  2.4539e-04     1.0373e-01  1.0365e-03 
4.7394e+00     5.8368e-02  2.8014e-04     2.7663e-01  1.3277e-03     3.1171e-02  1.6007e-04     1.4773e-01  7.5863e-04 
5.3176e+00     6.5976e-02  3.7744e-04     3.5084e-01  2.0071e-03     3.9532e-02  2.3740e-04     2.1022e-01  1.2624e-03 
5.9665e+00     7.4758e-02  1.0743e-03     4.4605e-01  6.4101e-03     5.0261e-02  7.2810e-04     2.9988e-01  4.3442e-03 
6.6945e+00     8.5381e-02  3.0339e-04     5.7158e-01  2.0310e-03     6.4406e-02  2.5731e-04     4.3117e-01  1.7226e-03 
7.5114e+00     9.8509e-02  4.9096e-04     7.3994e-01  3.6878e-03     8.3377e-02  4.4256e-04     6.2627e-01  3.3242e-03 
8.4279e+00     1.1312e-01  4.4080e-04     9.5334e-01  3.7150e-03     1.0742e-01  4.6230e-04     9.0535e-01  3.8962e-03 
9.4563e+00     1.1852e-01  2.4655e-04     1.1208e+00  2.3314e-03     1.2629e-01  3.4959e-04     1.1942e+00  3.3058e-03 
1.0610e+01     1.0111e-01  3.1360e-04     1.0727e+00  3.3273e-03     1.2088e-01  4.3509e-04     1.2825e+00  4.6163e-03 
1.1905e+01     6.9031e-02  5.0678e-04     8.2179e-01  6.0331e-03     9.2600e-02  7.0053e-04     1.1024e+00  8.3396e-03 
1.3357e+01     4.1881e-02  3.3671e-04     5.5942e-01  4.4975e-03     6.3035e-02  5.1969e-04     8.4198e-01  6.9417e-03 
1.4987e+01     2.2917e-02  1.6528e-04     3.4346e-01  2.4770e-03     3.8701e-02  2.8792e-04     5.8002e-01  4.3151e-03 
1.6816e+01     1.1474e-02  7.4623e-05     1.9294e-01  1.2548e-03     2.1741e-02  1.4687e-04     3.6559e-01  2.4697e-03 
1.8868e+01     4.9525e-03  1.5149e-04     9.3442e-02  2.8582e-03     1.0529e-02  3.2264e-04     1.9866e-01  6.0875e-03 
2.1170e+01     1.8627e-03  3.7449e-05     3.9433e-02  7.9279e-04     4.4433e-03  8.9700e-05     9.4064e-02  1.8989e-03 
2.3753e+01     5.7669e-04  3.1152e-05     1.3698e-02  7.3996e-04     1.5435e-03  8.3426e-05     3.6663e-02  1.9816e-03 
2.6651e+01     1.5446e-04  1.2080e-05     4.1164e-03  3.2196e-04     4.6384e-04  3.6288e-05     1.2362e-02  9.6712e-04 
2.9903e+01     3.4924e-05  1.1987e-05     1.0443e-03  3.5846e-04     1.1768e-04  4.0392e-05     3.5189e-03  1.2079e-03 
3.3552e+01     5.9658e-06  3.1326e-06     2.0017e-04  1.0510e-04     2.2555e-05  1.1843e-05     7.5676e-04  3.9737e-04 
3.7646e+01     6.9353e-07  8.4819e-07     2.6108e-05  3.1931e-05     2.9419e-06  3.5980e-06     1.1075e-04  1.3545e-04 
4.2240e+01     2.0604e-07  1.7556e-07     8.7028e-06  7.4157e-06     9.8064e-07  8.3561e-07     4.1422e-05  3.5296e-05 
4.7394e+01     0.0000e+00  0.0000e+00     0.0000e+00  0.0000e+00     0.0000e+00  0.0000e+00     0.0000e+00  0.0000e+00 
5.3176e+01     1.6366e-07  1.5017e-07     8.7028e-06  7.9854e-06     9.8064e-07  8.9980e-07     5.2147e-05  4.7848e-05 
5.9665e+01     2.9172e-07  1.2548e-07     1.7406e-05  7.4870e-06     1.9613e-06  8.4364e-07     1.1702e-04  5.0336e-05 
6.6945e+01     1.3000e-07  1.1928e-07     8.7028e-06  7.9854e-06     9.8064e-07  8.9980e-07     6.5649e-05  6.0237e-05 
7.5114e+01     1.1586e-07  1.7965e-07     8.7028e-06  1.3494e-05     9.8064e-07  1.5206e-06     7.3659e-05  1.1421e-04 
8.4279e+01     0.0000e+00  0.0000e+00     0.0000e+00  0.0000e+00     0.0000e+00  0.0000e+00     0.0000e+00  0.0000e+00 
9.4563e+01     0.0000e+00  0.0000e+00     0.0000e+00  0.0000e+00     0.0000e+00  0.0000e+00     0.0000e+00  0.0000e+00 
1.0610e+02     0.0000e+00  0.0000e+00     0.0000e+00  0.0000e+00     0.0000e+00  0.0000e+00     0.0000e+00  0.0000e+00 
1.1905e+02     0.0000e+00  0.0000e+00     0.0000e+00  0.0000e+00     0.0000e+00  0.0000e+00     0.0000e+00  0.0000e+00 
1.3357e+02     6.5154e-08  6.5158e-09     8.7028e-06  8.7033e-07     9.8064e-07  9.8086e-08     1.3099e-04  1.3102e-05 
1.4987e+02     0.0000e+00  0.0000e+00     0.0000e+00  0.0000e+00     0.0000e+00  0.0000e+00     0.0000e+00  0.0000e+00 
1.6816e+02     0.0000e+00  0.0000e+00     0.0000e+00  0.0000e+00     0.0000e+00  0.0000e+00     0.0000e+00  0.0000e+00 
1.8868e+02     0.0000e+00  0.0000e+00     0.0000e+00  0.0000e+00     0.0000e+00  0.0000e+00     0.0000e+00  0.0000e+00 
2.1170e+02     4.1109e-08  4.1347e-08     8.7028e-06  8.7530e-06     9.8064e-07  9.8630e-07     2.0760e-04  2.0880e-04 
2.3753e+02     0.0000e+00  0.0000e+00     0.0000e+00  0.0000e+00     0.0000e+00  0.0000e+00     0.0000e+00  0.0000e+00 
2.6651e+02     0.0000e+00  0.0000e+00     0.0000e+00  0.0000e+00     0.0000e+00  0.0000e+00     0.0000e+00  0.0000e+00 
2.9903e+02     0.0000e+00  0.0000e+00     0.0000e+00  0.0000e+00     0.0000e+00  0.0000e+00     0.0000e+00  0.0000e+00 
3.3552e+02     0.0000e+00  0.0000e+00     0.0000e+00  0.0000e+00     0.0000e+00  0.0000e+00     0.0000e+00  0.0000e+00 
3.7646e+02     0.0000e+00  0.0000e+00     0.0000e+00  0.0000e+00     0.0000e+00  0.0000e+00     0.0000e+00  0.0000e+00 
4.2240e+02     0.0000e+00  0.0000e+00     0.0000e+00  0.0000e+00     0.0000e+00  0.0000e+00     0.0000e+00  0.0000e+00 
4.7394e+02     0.0000e+00  0.0000e+00     0.0000e+00  0.0000e+00     0.0000e+00  0.0000e+00     0.0000e+00  0.0000e+00 
5.3176e+02     0.0000e+00  0.0000e+00     0.0000e+00  0.0000e+00     0.0000e+00  0.0000e+00     0.0000e+00  0.0000e+00 
5.9665e+02     0.0000e+00  0.0000e+00     0.0000e+00  0.0000e+00     0.0000e+00  0.0000e+00     0.0000e+00  0.0000e+00 
6.6945e+02     1.3000e-08  1.8296e-08     8.7028e-06  1.2248e-05     9.8064e-07  1.3801e-06     6.5649e-04  9.2392e-04 
7.5114e+02     0.0000e+00  0.0000e+00     0.0000e+00  0.0000e+00     0.0000e+00  0.0000e+00     0.0000e+00  0.0000e+00 
8.4279e+02     0.0000e+00  0.0000e+00     0.0000e+00  0.0000e+00     0.0000e+00  0.0000e+00     0.0000e+00  0.0000e+00 
9.4563e+02     0.0000e+00  0.0000e+00     0.0000e+00  0.0000e+00     0.0000e+00  0.0000e+00     0.0000e+00  0.0000e+00 
1.0610e+03     0.0000e+00  0.0000e+00     0.0000e+00  0.0000e+00     0.0000e+00  0.0000e+00     0.0000e+00  0.0000e+00 
1.1905e+03     0.0000e+00  0.0000e+00     0.0000e+00  0.0000e+00     0.0000e+00  0.0000e+00     0.0000e+00  0.0000e+00 
1.3357e+03     0.0000e+00  0.0000e+00     0.0000e+00  0.0000e+00     0.0000e+00  0.0000e+00     0.0000e+00  0.0000e+00 
1.4987e+03     0.0000e+00  0.0000e+00     0.0000e+00  0.0000e+00     0.0000e+00  0.0000e+00     0.0000e+00  0.0000e+00 
1.6816e+03     0.0000e+00  0.0000e+00     0.0000e+00  0.0000e+00     0.0000e+00  0.0000e+00     0.0000e+00  0.0000e+00 
1.8868e+03     0.0000e+00  0.0000e+00     0.0000e+00  0.0000e+00     0.0000e+00  0.0000e+00     0.0000e+00  0.0000e+00 
2.1170e+03     0.0000e+00  0.0000e+00     0.0000e+00  0.0000e+00     0.0000e+00  0.0000e+00     0.0000e+00  0.0000e+00 
2.3753e+03     0.0000e+00  0.0000e+00     0.0000e+00  0.0000e+00     0.0000e+00  0.0000e+00     0.0000e+00  0.0000e+00 
2.6651e+03     0.0000e+00  0.0000e+00     0.0000e+00  0.0000e+00     0.0000e+00  0.0000e+00     0.0000e+00  0.0000e+00 
2.9903e+03     0.0000e+00  0.0000e+00     0.0000e+00  0.0000e+00     0.0000e+00  0.0000e+00     0.0000e+00  0.0000e+00 
3.3552e+03     0.0000e+00  0.0000e+00     0.0000e+00  0.0000e+00     0.0000e+00  0.0000e+00     0.0000e+00  0.0000e+00 
3.7646e+03     0.0000e+00  0.0000e+00     0.0000e+00  0.0000e+00     0.0000e+00  0.0000e+00     0.0000e+00  0.0000e+00 
4.2240e+03     0.0000e+00  0.0000e+00     0.0000e+00  0.0000e+00     0.0000e+00  0.0000e+00     0.0000e+00  0.0000e+00 
4.7394e+03     0.0000e+00  0.0000e+00     0.0000e+00  0.0000e+00     0.0000e+00  0.0000e+00     0.0000e+00  0.0000e+00 
5.3176e+03     0.0000e+00  0.0000e+00     0.0000e+00  0.0000e+00     0.0000e+00  0.0000e+00     0.0000e+00  0.0000e+00 
5.9665e+03     0.0000e+00  0.0000e+00     0.0000e+00  0.0000e+00     0.0000e+00  0.0000e+00     0.0000e+00  0.0000e+00 
6.6945e+03     0.0000e+00  0.0000e+00     0.0000e+00  0.0000e+00     0.0000e+00  0.0000e+00     0.0000e+00  0.0000e+00 
7.5114e+03     0.0000e+00  0.0000e+00     0.0000e+00  0.0000e+00     0.0000e+00  0.0000e+00     0.0000e+00  0.0000e+00 
8.4279e+03     0.0000e+00  0.0000e+00     0.0000e+00  0.0000e+00     0.0000e+00  0.0000e+00     0.0000e+00  0.0000e+00 
9.4563e+03     0.0000e+00  0.0000e+00     0.0000e+00  0.0000e+00     0.0000e+00  0.0000e+00     0.0000e+00  0.0000e+00 
