yF = 9.2303e+00 (std: 1.5244e-02) keV/um
yD = 1.0934e+01 (std: 2.8673e-02) keV/um
y (keV/um)     f(y)(std)                  yf(y)(std)                 d(y)(std)                  yd(y)(std)  
1.0610e-03     0.0000e+00  0.0000e+00     0.0000e+00  0.0000e+00     0.0000e+00  0.0000e+00     0.0000e+00  0.0000e+00 
1.1905e-03     0.0000e+00  0.0000e+00     0.0000e+00  0.0000e+00     0.0000e+00  0.0000e+00     0.0000e+00  0.0000e+00 
1.3357e-03     0.0000e+00  0.0000e+00     0.0000e+00  0.0000e+00     0.0000e+00  0.0000e+00     0.0000e+00  0.0000e+00 
1.4987e-03     0.0000e+00  0.0000e+00     0.0000e+00  0.0000e+00     0.0000e+00  0.0000e+00     0.0000e+00  0.0000e+00 
1.6816e-03     0.0000e+00  0.0000e+00     0.0000e+00  0.0000e+00     0.0000e+00  0.0000e+00     0.0000e+00  0.0000e+00 
1.8868e-03     0.0000e+00  0.0000e+00     0.0000e+00  0.0000e+00     0.0000e+00  0.0000e+00     0.0000e+00  0.0000e+00 
2.1170e-03     0.0000e+00  0.0000e+00     0.0000e+00  0.0000e+00     0.0000e+00  0.0000e+00     0.0000e+00  0.0000e+00 
2.3753e-03     0.0000e+00  0.0000e+00     0.0000e+00  0.0000e+00     0.0000e+00  0.0000e+00     0.0000e+00  0.0000e+00 
2.6651e-03     0.0000e+00  0.0000e+00     0.0000e+00  0.0000e+00     0.0000e+00  0.0000e+00     0.0000e+00  0.0000e+00 
2.9903e-03     0.0000e+00  0.0000e+00     0.0000e+00  0.0000e+00     0.0000e+00  0.0000e+00     0.0000e+00  0.0000e+00 
3.3552e-03     0.0000e+00  0.0000e+00     0.0000e+00  0.0000e+00     0.0000e+00  0.0000e+00     0.0000e+00  0.0000e+00 
3.7646e-03     0.0000e+00  0.0000e+00     0.0000e+00  0.0000e+00     0.0000e+00  0.0000e+00     0.0000e+00  0.0000e+00 
4.2240e-03     0.0000e+00  0.0000e+00     0.0000e+00  0.0000e+00     0.0000e+00  0.0000e+00     0.0000e+00  0.0000e+00 
4.7394e-03     0.0000e+00  0.0000e+00     0.0000e+00  0.0000e+00     0.0000e+00  0.0000e+00     0.0000e+00  0.0000e+00 
5.3176e-03     0.0000e+00  0.0000e+00     0.0000e+00  0.0000e+00     0.0000e+00  0.0000e+00     0.0000e+00  0.0000e+00 
5.9665e-03     1.4587e-03  3.4653e-03     8.7031e-06  2.0676e-05     9.4288e-07  2.2400e-06     5.6257e-09  1.3365e-08 
6.6945e-03     0.0000e+00  0.0000e+00     0.0000e+00  0.0000e+00     0.0000e+00  0.0000e+00     0.0000e+00  0.0000e+00 
7.5114e-03     1.1587e-03  1.7965e-03     8.7031e-06  1.3494e-05     9.4288e-07  1.4620e-06     7.0823e-09  1.0981e-08 
8.4279e-03     0.0000e+00  0.0000e+00     0.0000e+00  0.0000e+00     0.0000e+00  0.0000e+00     0.0000e+00  0.0000e+00 
9.4563e-03     9.2035e-04  3.5638e-04     8.7031e-06  3.3700e-06     9.4288e-07  3.6511e-07     8.9161e-09  3.4526e-09 
1.0610e-02     0.0000e+00  0.0000e+00     0.0000e+00  0.0000e+00     0.0000e+00  0.0000e+00     0.0000e+00  0.0000e+00 
1.1905e-02     0.0000e+00  0.0000e+00     0.0000e+00  0.0000e+00     0.0000e+00  0.0000e+00     0.0000e+00  0.0000e+00 
1.3357e-02     0.0000e+00  0.0000e+00     0.0000e+00  0.0000e+00     0.0000e+00  0.0000e+00     0.0000e+00  0.0000e+00 
1.4987e-02     0.0000e+00  0.0000e+00     0.0000e+00  0.0000e+00     0.0000e+00  0.0000e+00     0.0000e+00  0.0000e+00 
1.6816e-02     0.0000e+00  0.0000e+00     0.0000e+00  0.0000e+00     0.0000e+00  0.0000e+00     0.0000e+00  0.0000e+00 
1.8868e-02     0.0000e+00  0.0000e+00     0.0000e+00  0.0000e+00     0.0000e+00  0.0000e+00     0.0000e+00  0.0000e+00 
2.1170e-02     0.0000e+00  0.0000e+00     0.0000e+00  0.0000e+00     0.0000e+00  0.0000e+00     0.0000e+00  0.0000e+00 
2.3753e-02     1.8320e-03  9.3025e-04     4.3515e-05  2.2096e-05     4.7144e-06  2.3939e-06     1.1198e-07  5.6862e-08 
2.6651e-02     3.9186e-03  1.7419e-03     1.0444e-04  4.6424e-05     1.1315e-05  5.0295e-06     3.0155e-07  1.3404e-07 
2.9903e-02     1.4552e-03  9.9824e-04     4.3515e-05  2.9851e-05     4.7144e-06  3.2340e-06     1.4098e-07  9.6707e-08 
3.3552e-02     2.8533e-03  9.9463e-04     9.5734e-05  3.3372e-05     1.0372e-05  3.6155e-06     3.4799e-07  1.2131e-07 
3.7646e-02     9.2472e-04  6.7471e-04     3.4812e-05  2.5400e-05     3.7715e-06  2.7518e-06     1.4198e-07  1.0360e-07 
4.2240e-02     1.0302e-03  4.7990e-04     4.3515e-05  2.0271e-05     4.7144e-06  2.1961e-06     1.9913e-07  9.2764e-08 
4.7394e-02     1.1018e-03  5.1851e-04     5.2218e-05  2.4574e-05     5.6573e-06  2.6624e-06     2.6812e-07  1.2618e-07 
5.3176e-02     1.1456e-03  5.7221e-04     6.0921e-05  3.0428e-05     6.6002e-06  3.2965e-06     3.5097e-07  1.7530e-07 
5.9665e-02     1.0211e-03  3.6756e-04     6.0921e-05  2.1930e-05     6.6002e-06  2.3759e-06     3.9380e-07  1.4176e-07 
6.6945e-02     2.3400e-03  7.9085e-04     1.5665e-04  5.2943e-05     1.6972e-05  5.7359e-06     1.1362e-06  3.8399e-07 
7.5114e-02     6.9519e-04  4.3476e-04     5.2218e-05  3.2657e-05     5.6573e-06  3.5380e-06     4.2494e-07  2.6575e-07 
8.4279e-02     1.3424e-03  5.0134e-04     1.1314e-04  4.2252e-05     1.2257e-05  4.5776e-06     1.0330e-06  3.8580e-07 
9.4563e-02     1.4726e-03  1.0252e-03     1.3925e-04  9.6943e-05     1.5086e-05  1.0503e-05     1.4266e-06  9.9316e-07 
1.0610e-01     1.8046e-03  5.5802e-04     1.9147e-04  5.9206e-05     2.0743e-05  6.4144e-06     2.2009e-06  6.8057e-07 
1.1905e-01     1.2428e-03  5.1499e-04     1.4795e-04  6.1308e-05     1.6029e-05  6.6421e-06     1.9082e-06  7.9072e-07 
1.3357e-01     2.0198e-03  8.7112e-04     2.6979e-04  1.1636e-04     2.9229e-05  1.2606e-05     3.9042e-06  1.6839e-06 
1.4987e-01     2.3228e-03  4.5295e-04     3.4812e-04  6.7884e-05     3.7715e-05  7.3548e-06     5.6524e-06  1.1023e-06 
1.6816e-01     2.3290e-03  6.6956e-04     3.9164e-04  1.1259e-04     4.2430e-05  1.2198e-05     7.1349e-06  2.0513e-06 
1.8868e-01     2.7676e-03  3.7139e-04     5.2218e-04  7.0073e-05     5.6573e-05  7.5922e-06     1.0674e-05  1.4325e-06 
2.1170e-01     2.2611e-03  6.4054e-04     4.7867e-04  1.3560e-04     5.1858e-05  1.4691e-05     1.0978e-05  3.1101e-06 
2.3753e-01     3.6640e-03  4.1331e-04     8.7031e-04  9.8173e-05     9.4288e-05  1.0637e-05     2.2396e-05  2.5266e-06 
2.6651e-01     3.2329e-03  4.8022e-04     8.6160e-04  1.2799e-04     9.3345e-05  1.3867e-05     2.4878e-05  3.6957e-06 
2.9903e-01     3.2888e-03  5.1085e-04     9.8345e-04  1.5276e-04     1.0655e-04  1.6551e-05     3.1861e-05  4.9492e-06 
3.3552e-01     4.5134e-03  2.8094e-04     1.5143e-03  9.4263e-05     1.6406e-04  1.0216e-05     5.5046e-05  3.4276e-06 
3.7646e-01     4.9473e-03  4.3092e-04     1.8625e-03  1.6222e-04     2.0178e-04  1.7578e-05     7.5961e-05  6.6175e-06 
4.2240e-01     5.9752e-03  7.1955e-04     2.5239e-03  3.0393e-04     2.7343e-04  3.2931e-05     1.1550e-04  1.3910e-05 
4.7394e-01     6.5557e-03  1.0872e-03     3.1070e-03  5.1526e-04     3.3661e-04  5.5825e-05     1.5953e-04  2.6457e-05 
5.3176e-01     7.1848e-03  6.8196e-04     3.8206e-03  3.6264e-04     4.1392e-04  3.9294e-05     2.2011e-04  2.0895e-05 
5.9665e-01     8.7082e-03  4.0238e-04     5.1957e-03  2.4008e-04     5.6290e-04  2.6026e-05     3.3585e-04  1.5529e-05 
6.6945e-01     8.7102e-03  4.2926e-04     5.8310e-03  2.8737e-04     6.3173e-04  3.1151e-05     4.2291e-04  2.0854e-05 
7.5114e-01     1.0486e-02  5.6808e-04     7.8763e-03  4.2671e-04     8.5331e-04  4.6250e-05     6.4095e-04  3.4740e-05 
8.4279e-01     1.1132e-02  4.5829e-04     9.3819e-03  3.8625e-04     1.0164e-03  4.1879e-05     8.5663e-04  3.5295e-05 
9.4563e-01     1.2342e-02  9.7262e-04     1.1671e-02  9.1973e-04     1.2644e-03  9.9664e-05     1.1956e-03  9.4245e-05 
1.0610e+00     1.3731e-02  7.0590e-04     1.4569e-02  7.4896e-04     1.5784e-03  8.1184e-05     1.6747e-03  8.6137e-05 
1.1905e+00     1.4899e-02  1.4519e-03     1.7737e-02  1.7284e-03     1.9216e-03  1.8728e-04     2.2876e-03  2.2295e-04 
1.3357e+00     1.6804e-02  2.4487e-04     2.2445e-02  3.2708e-04     2.4317e-03  3.5662e-05     3.2481e-03  4.7636e-05 
1.4987e+00     1.8693e-02  5.3881e-04     2.8015e-02  8.0752e-04     3.0351e-03  8.7629e-05     4.5488e-03  1.3133e-04 
1.6816e+00     2.0831e-02  3.2733e-04     3.5030e-02  5.5043e-04     3.7951e-03  5.9962e-05     6.3818e-03  1.0083e-04 
1.8868e+00     2.2178e-02  6.4134e-04     4.1844e-02  1.2101e-03     4.5334e-03  1.3131e-04     8.5534e-03  2.4775e-04 
2.1170e+00     2.5497e-02  2.7570e-04     5.3976e-02  5.8366e-04     5.8477e-03  6.3967e-05     1.2380e-02  1.3542e-04 
2.3753e+00     2.7762e-02  3.6592e-04     6.5943e-02  8.6917e-04     7.1442e-03  9.4902e-05     1.6970e-02  2.2542e-04 
2.6651e+00     3.0970e-02  4.4826e-04     8.2540e-02  1.1947e-03     8.9423e-03  1.3027e-04     2.3832e-02  3.4718e-04 
2.9903e+00     3.4317e-02  4.8250e-04     1.0262e-01  1.4428e-03     1.1117e-02  1.5739e-04     3.3245e-02  4.7065e-04 
3.3552e+00     3.8356e-02  8.1694e-04     1.2869e-01  2.7410e-03     1.3942e-02  2.9785e-04     4.6779e-02  9.9934e-04 
3.7646e+00     4.2376e-02  5.6718e-04     1.5953e-01  2.1352e-03     1.7283e-02  2.3308e-04     6.5064e-02  8.7745e-04 
4.2240e+00     4.7041e-02  7.2058e-04     1.9870e-01  3.0437e-03     2.1527e-02  3.3166e-04     9.0929e-02  1.4009e-03 
4.7394e+00     5.3050e-02  5.4767e-04     2.5142e-01  2.5956e-03     2.7239e-02  2.8478e-04     1.2909e-01  1.3497e-03 
5.3176e+00     6.0569e-02  7.0191e-04     3.2208e-01  3.7325e-03     3.4894e-02  4.0846e-04     1.8555e-01  2.1720e-03 
5.9665e+00     6.8768e-02  4.8684e-04     4.1031e-01  2.9047e-03     4.4452e-02  3.2314e-04     2.6522e-01  1.9280e-03 
6.6945e+00     7.7887e-02  5.5007e-04     5.2142e-01  3.6824e-03     5.6490e-02  4.0971e-04     3.7817e-01  2.7428e-03 
7.5114e+00     9.0268e-02  2.5685e-04     6.7804e-01  1.9293e-03     7.3458e-02  2.4167e-04     5.5177e-01  1.8153e-03 
8.4279e+00     1.0440e-01  3.9598e-04     8.7990e-01  3.3373e-03     9.5328e-02  3.9435e-04     8.0341e-01  3.3235e-03 
9.4563e+00     1.1399e-01  3.6656e-04     1.0779e+00  3.4663e-03     1.1678e-01  4.2217e-04     1.1043e+00  3.9921e-03 
1.0610e+01     1.0546e-01  5.8035e-04     1.1190e+00  6.1576e-03     1.2123e-01  6.9650e-04     1.2862e+00  7.3899e-03 
1.1905e+01     7.7973e-02  4.0273e-04     9.2825e-01  4.7943e-03     1.0057e-01  5.4532e-04     1.1972e+00  6.4919e-03 
1.3357e+01     4.8761e-02  1.9761e-04     6.5131e-01  2.6395e-03     7.0562e-02  3.0880e-04     9.4252e-01  4.1247e-03 
1.4987e+01     2.7528e-02  1.4312e-04     4.1256e-01  2.1450e-03     4.4696e-02  2.4383e-04     6.6987e-01  3.6543e-03 
1.6816e+01     1.4098e-02  1.1925e-04     2.3707e-01  2.0054e-03     2.5684e-02  2.2136e-04     4.3190e-01  3.7224e-03 
1.8868e+01     6.3369e-03  9.0637e-05     1.1956e-01  1.7101e-03     1.2953e-02  1.8650e-04     2.4440e-01  3.5189e-03 
2.1170e+01     2.4070e-03  8.0005e-05     5.0956e-02  1.6937e-03     5.5206e-03  1.8372e-04     1.1687e-01  3.8893e-03 
2.3753e+01     7.6394e-04  2.8024e-05     1.8146e-02  6.6567e-04     1.9659e-03  7.2191e-05     4.6696e-02  1.7147e-03 
2.6651e+01     1.9920e-04  1.3437e-05     5.3089e-03  3.5812e-04     5.7516e-04  3.8810e-05     1.5329e-02  1.0343e-03 
2.9903e+01     4.6566e-05  8.1337e-06     1.3925e-03  2.4322e-04     1.5086e-04  2.6352e-05     4.5112e-03  7.8801e-04 
3.3552e+01     5.9660e-06  1.3910e-06     2.0017e-04  4.6672e-05     2.1686e-05  5.0565e-06     7.2762e-04  1.6965e-04 
3.7646e+01     2.0806e-06  7.5299e-07     7.8327e-05  2.8347e-05     8.4859e-06  3.0711e-06     3.1946e-04  1.1561e-04 
4.2240e+01     0.0000e+00  0.0000e+00     0.0000e+00  0.0000e+00     0.0000e+00  0.0000e+00     0.0000e+00  0.0000e+00 
4.7394e+01     3.6727e-07  2.6590e-07     1.7406e-05  1.2602e-05     1.8858e-06  1.3653e-06     8.9373e-05  6.4705e-05 
5.3176e+01     0.0000e+00  0.0000e+00     0.0000e+00  0.0000e+00     0.0000e+00  0.0000e+00     0.0000e+00  0.0000e+00 
5.9665e+01     1.4587e-07  1.0363e-07     8.7031e-06  6.1833e-06     9.4288e-07  6.6989e-07     5.6257e-05  3.9969e-05 
6.6945e+01     0.0000e+00  0.0000e+00     0.0000e+00  0.0000e+00     0.0000e+00  0.0000e+00     0.0000e+00  0.0000e+00 
7.5114e+01     2.3173e-07  1.0749e-07     1.7406e-05  8.0739e-06     1.8858e-06  8.7472e-07     1.4165e-04  6.5704e-05 
8.4279e+01     0.0000e+00  0.0000e+00     0.0000e+00  0.0000e+00     0.0000e+00  0.0000e+00     0.0000e+00  0.0000e+00 
9.4563e+01     9.2035e-08  4.9611e-08     8.7031e-06  4.6914e-06     9.4288e-07  5.0826e-07     8.9161e-05  4.8062e-05 
1.0610e+02     0.0000e+00  0.0000e+00     0.0000e+00  0.0000e+00     0.0000e+00  0.0000e+00     0.0000e+00  0.0000e+00 
1.1905e+02     0.0000e+00  0.0000e+00     0.0000e+00  0.0000e+00     0.0000e+00  0.0000e+00     0.0000e+00  0.0000e+00 
1.3357e+02     0.0000e+00  0.0000e+00     0.0000e+00  0.0000e+00     0.0000e+00  0.0000e+00     0.0000e+00  0.0000e+00 
1.4987e+02     5.8070e-08  1.1614e-07     8.7031e-06  1.7406e-05     9.4288e-07  1.8857e-06     1.4131e-04  2.8261e-04 
1.6816e+02     0.0000e+00  0.0000e+00     0.0000e+00  0.0000e+00     0.0000e+00  0.0000e+00     0.0000e+00  0.0000e+00 
1.8868e+02     0.0000e+00  0.0000e+00     0.0000e+00  0.0000e+00     0.0000e+00  0.0000e+00     0.0000e+00  0.0000e+00 
2.1170e+02     0.0000e+00  0.0000e+00     0.0000e+00  0.0000e+00     0.0000e+00  0.0000e+00     0.0000e+00  0.0000e+00 
2.3753e+02     0.0000e+00  0.0000e+00     0.0000e+00  0.0000e+00     0.0000e+00  0.0000e+00     0.0000e+00  0.0000e+00 
2.6651e+02     3.2655e-08  1.5318e-08     8.7031e-06  4.0824e-06     9.4288e-07  4.4228e-07     2.5129e-04  1.1787e-04 
2.9903e+02     0.0000e+00  0.0000e+00     0.0000e+00  0.0000e+00     0.0000e+00  0.0000e+00     0.0000e+00  0.0000e+00 
3.3552e+02     0.0000e+00  0.0000e+00     0.0000e+00  0.0000e+00     0.0000e+00  0.0000e+00     0.0000e+00  0.0000e+00 
3.7646e+02     0.0000e+00  0.0000e+00     0.0000e+00  0.0000e+00     0.0000e+00  0.0000e+00     0.0000e+00  0.0000e+00 
4.2240e+02     0.0000e+00  0.0000e+00     0.0000e+00  0.0000e+00     0.0000e+00  0.0000e+00     0.0000e+00  0.0000e+00 
4.7394e+02     0.0000e+00  0.0000e+00     0.0000e+00  0.0000e+00     0.0000e+00  0.0000e+00     0.0000e+00  0.0000e+00 
5.3176e+02     1.6366e-08  8.6672e-09     8.7031e-06  4.6089e-06     9.4288e-07  4.9932e-07     5.0139e-04  2.6552e-04 
5.9665e+02     0.0000e+00  0.0000e+00     0.0000e+00  0.0000e+00     0.0000e+00  0.0000e+00     0.0000e+00  0.0000e+00 
6.6945e+02     0.0000e+00  0.0000e+00     0.0000e+00  0.0000e+00     0.0000e+00  0.0000e+00     0.0000e+00  0.0000e+00 
7.5114e+02     0.0000e+00  0.0000e+00     0.0000e+00  0.0000e+00     0.0000e+00  0.0000e+00     0.0000e+00  0.0000e+00 
8.4279e+02     0.0000e+00  0.0000e+00     0.0000e+00  0.0000e+00     0.0000e+00  0.0000e+00     0.0000e+00  0.0000e+00 
9.4563e+02     0.0000e+00  0.0000e+00     0.0000e+00  0.0000e+00     0.0000e+00  0.0000e+00     0.0000e+00  0.0000e+00 
1.0610e+03     0.0000e+00  0.0000e+00     0.0000e+00  0.0000e+00     0.0000e+00  0.0000e+00     0.0000e+00  0.0000e+00 
1.1905e+03     0.0000e+00  0.0000e+00     0.0000e+00  0.0000e+00     0.0000e+00  0.0000e+00     0.0000e+00  0.0000e+00 
1.3357e+03     0.0000e+00  0.0000e+00     0.0000e+00  0.0000e+00     0.0000e+00  0.0000e+00     0.0000e+00  0.0000e+00 
1.4987e+03     0.0000e+00  0.0000e+00     0.0000e+00  0.0000e+00     0.0000e+00  0.0000e+00     0.0000e+00  0.0000e+00 
1.6816e+03     0.0000e+00  0.0000e+00     0.0000e+00  0.0000e+00     0.0000e+00  0.0000e+00     0.0000e+00  0.0000e+00 
1.8868e+03     0.0000e+00  0.0000e+00     0.0000e+00  0.0000e+00     0.0000e+00  0.0000e+00     0.0000e+00  0.0000e+00 
2.1170e+03     0.0000e+00  0.0000e+00     0.0000e+00  0.0000e+00     0.0000e+00  0.0000e+00     0.0000e+00  0.0000e+00 
2.3753e+03     0.0000e+00  0.0000e+00     0.0000e+00  0.0000e+00     0.0000e+00  0.0000e+00     0.0000e+00  0.0000e+00 
2.6651e+03     0.0000e+00  0.0000e+00     0.0000e+00  0.0000e+00     0.0000e+00  0.0000e+00     0.0000e+00  0.0000e+00 
2.9903e+03     0.0000e+00  0.0000e+00     0.0000e+00  0.0000e+00     0.0000e+00  0.0000e+00     0.0000e+00  0.0000e+00 
3.3552e+03     0.0000e+00  0.0000e+00     0.0000e+00  0.0000e+00     0.0000e+00  0.0000e+00     0.0000e+00  0.0000e+00 
3.7646e+03     0.0000e+00  0.0000e+00     0.0000e+00  0.0000e+00     0.0000e+00  0.0000e+00     0.0000e+00  0.0000e+00 
4.2240e+03     0.0000e+00  0.0000e+00     0.0000e+00  0.0000e+00     0.0000e+00  0.0000e+00     0.0000e+00  0.0000e+00 
4.7394e+03     0.0000e+00  0.0000e+00     0.0000e+00  0.0000e+00     0.0000e+00  0.0000e+00     0.0000e+00  0.0000e+00 
5.3176e+03     0.0000e+00  0.0000e+00     0.0000e+00  0.0000e+00     0.0000e+00  0.0000e+00     0.0000e+00  0.0000e+00 
5.9665e+03     0.0000e+00  0.0000e+00     0.0000e+00  0.0000e+00     0.0000e+00  0.0000e+00     0.0000e+00  0.0000e+00 
6.6945e+03     0.0000e+00  0.0000e+00     0.0000e+00  0.0000e+00     0.0000e+00  0.0000e+00     0.0000e+00  0.0000e+00 
7.5114e+03     0.0000e+00  0.0000e+00     0.0000e+00  0.0000e+00     0.0000e+00  0.0000e+00     0.0000e+00  0.0000e+00 
8.4279e+03     0.0000e+00  0.0000e+00     0.0000e+00  0.0000e+00     0.0000e+00  0.0000e+00     0.0000e+00  0.0000e+00 
9.4563e+03     0.0000e+00  0.0000e+00     0.0000e+00  0.0000e+00     0.0000e+00  0.0000e+00     0.0000e+00  0.0000e+00 
