yF = 8.0624e+00 (std: 1.7392e-02) keV/um
yD = 9.5842e+00 (std: 2.7088e-02) keV/um
y (keV/um)     f(y)(std)                  yf(y)(std)                 d(y)(std)                  yd(y)(std)  
1.0610e-03     0.0000e+00  0.0000e+00     0.0000e+00  0.0000e+00     0.0000e+00  0.0000e+00     0.0000e+00  0.0000e+00 
1.1905e-03     0.0000e+00  0.0000e+00     0.0000e+00  0.0000e+00     0.0000e+00  0.0000e+00     0.0000e+00  0.0000e+00 
1.3357e-03     0.0000e+00  0.0000e+00     0.0000e+00  0.0000e+00     0.0000e+00  0.0000e+00     0.0000e+00  0.0000e+00 
1.4987e-03     0.0000e+00  0.0000e+00     0.0000e+00  0.0000e+00     0.0000e+00  0.0000e+00     0.0000e+00  0.0000e+00 
1.6816e-03     0.0000e+00  0.0000e+00     0.0000e+00  0.0000e+00     0.0000e+00  0.0000e+00     0.0000e+00  0.0000e+00 
1.8868e-03     0.0000e+00  0.0000e+00     0.0000e+00  0.0000e+00     0.0000e+00  0.0000e+00     0.0000e+00  0.0000e+00 
2.1170e-03     0.0000e+00  0.0000e+00     0.0000e+00  0.0000e+00     0.0000e+00  0.0000e+00     0.0000e+00  0.0000e+00 
2.3753e-03     0.0000e+00  0.0000e+00     0.0000e+00  0.0000e+00     0.0000e+00  0.0000e+00     0.0000e+00  0.0000e+00 
2.6651e-03     0.0000e+00  0.0000e+00     0.0000e+00  0.0000e+00     0.0000e+00  0.0000e+00     0.0000e+00  0.0000e+00 
2.9903e-03     0.0000e+00  0.0000e+00     0.0000e+00  0.0000e+00     0.0000e+00  0.0000e+00     0.0000e+00  0.0000e+00 
3.3552e-03     0.0000e+00  0.0000e+00     0.0000e+00  0.0000e+00     0.0000e+00  0.0000e+00     0.0000e+00  0.0000e+00 
3.7646e-03     0.0000e+00  0.0000e+00     0.0000e+00  0.0000e+00     0.0000e+00  0.0000e+00     0.0000e+00  0.0000e+00 
4.2240e-03     0.0000e+00  0.0000e+00     0.0000e+00  0.0000e+00     0.0000e+00  0.0000e+00     0.0000e+00  0.0000e+00 
4.7394e-03     0.0000e+00  0.0000e+00     0.0000e+00  0.0000e+00     0.0000e+00  0.0000e+00     0.0000e+00  0.0000e+00 
5.3176e-03     0.0000e+00  0.0000e+00     0.0000e+00  0.0000e+00     0.0000e+00  0.0000e+00     0.0000e+00  0.0000e+00 
5.9665e-03     0.0000e+00  0.0000e+00     0.0000e+00  0.0000e+00     0.0000e+00  0.0000e+00     0.0000e+00  0.0000e+00 
6.6945e-03     0.0000e+00  0.0000e+00     0.0000e+00  0.0000e+00     0.0000e+00  0.0000e+00     0.0000e+00  0.0000e+00 
7.5114e-03     0.0000e+00  0.0000e+00     0.0000e+00  0.0000e+00     0.0000e+00  0.0000e+00     0.0000e+00  0.0000e+00 
8.4279e-03     0.0000e+00  0.0000e+00     0.0000e+00  0.0000e+00     0.0000e+00  0.0000e+00     0.0000e+00  0.0000e+00 
9.4563e-03     0.0000e+00  0.0000e+00     0.0000e+00  0.0000e+00     0.0000e+00  0.0000e+00     0.0000e+00  0.0000e+00 
1.0610e-02     8.2025e-04  3.0685e-04     8.7030e-06  3.2557e-06     1.0795e-06  4.0382e-07     1.1453e-08  4.2846e-09 
1.1905e-02     0.0000e+00  0.0000e+00     0.0000e+00  0.0000e+00     0.0000e+00  0.0000e+00     0.0000e+00  0.0000e+00 
1.3357e-02     0.0000e+00  0.0000e+00     0.0000e+00  0.0000e+00     0.0000e+00  0.0000e+00     0.0000e+00  0.0000e+00 
1.4987e-02     5.8070e-04  4.8821e-04     8.7030e-06  7.3169e-06     1.0795e-06  9.0754e-07     1.6178e-08  1.3601e-08 
1.6816e-02     5.1755e-04  3.1597e-04     8.7030e-06  5.3133e-06     1.0795e-06  6.5903e-07     1.8152e-08  1.1082e-08 
1.8868e-02     0.0000e+00  0.0000e+00     0.0000e+00  0.0000e+00     0.0000e+00  0.0000e+00     0.0000e+00  0.0000e+00 
2.1170e-02     0.0000e+00  0.0000e+00     0.0000e+00  0.0000e+00     0.0000e+00  0.0000e+00     0.0000e+00  0.0000e+00 
2.3753e-02     1.8320e-03  7.7122e-04     4.3515e-05  1.8319e-05     5.3973e-06  2.2722e-06     1.2820e-07  5.3971e-08 
2.6651e-02     3.5920e-03  1.2447e-03     9.5733e-05  3.3174e-05     1.1874e-05  4.1147e-06     3.1646e-07  1.0966e-07 
2.9903e-02     2.6193e-03  2.1637e-03     7.8327e-05  6.4702e-05     9.7151e-06  8.0252e-06     2.9051e-07  2.3998e-07 
3.3552e-02     1.2969e-03  4.8895e-04     4.3515e-05  1.6405e-05     5.3973e-06  2.0348e-06     1.8109e-07  6.8273e-08 
3.7646e-02     1.1559e-03  4.9903e-04     4.3515e-05  1.8786e-05     5.3973e-06  2.3302e-06     2.0319e-07  8.7721e-08 
4.2240e-02     2.4725e-03  8.5982e-04     1.0444e-04  3.6318e-05     1.2953e-05  4.5048e-06     5.4715e-07  1.9028e-07 
4.7394e-02     7.3453e-04  2.2014e-03     3.4812e-05  1.0433e-04     4.3178e-06  1.2941e-05     2.0464e-07  6.1330e-07 
5.3176e-02     1.3093e-03  9.7672e-04     6.9624e-05  5.1938e-05     8.6356e-06  6.4421e-06     4.5921e-07  3.4257e-07 
5.9665e-02     1.1669e-03  4.4626e-04     6.9624e-05  2.6626e-05     8.6356e-06  3.3026e-06     5.1524e-07  1.9705e-07 
6.6945e-02     1.3000e-03  7.3542e-04     8.7030e-05  4.9233e-05     1.0795e-05  6.1065e-06     7.2264e-07  4.0880e-07 
7.5114e-02     1.6221e-03  5.6652e-04     1.2184e-04  4.2554e-05     1.5112e-05  5.2781e-06     1.1351e-06  3.9646e-07 
8.4279e-02     1.1359e-03  3.0605e-04     9.5733e-05  2.5794e-05     1.1874e-05  3.1994e-06     1.0007e-06  2.6964e-07 
9.4563e-02     2.9451e-03  8.4234e-04     2.7849e-04  7.9654e-05     3.4543e-05  9.8800e-06     3.2664e-06  9.3428e-07 
1.0610e-01     2.9529e-03  8.0907e-04     3.1331e-04  8.5843e-05     3.8860e-05  1.0648e-05     4.1231e-06  1.1297e-06 
1.1905e-01     2.1932e-03  7.7763e-04     2.6109e-04  9.2574e-05     3.2384e-05  1.1482e-05     3.8552e-06  1.3670e-06 
1.3357e-01     2.4107e-03  7.2309e-04     3.2201e-04  9.6586e-05     3.9940e-05  1.1980e-05     5.3349e-06  1.6002e-06 
1.4987e-01     3.2519e-03  5.0978e-04     4.8737e-04  7.6401e-05     6.0449e-05  9.4771e-06     9.0596e-06  1.4204e-06 
1.6816e-01     2.7947e-03  4.1552e-04     4.6996e-04  6.9874e-05     5.8291e-05  8.6676e-06     9.8021e-06  1.4575e-06 
1.8868e-01     3.7824e-03  5.9755e-04     7.1364e-04  1.1274e-04     8.8515e-05  1.3985e-05     1.6701e-05  2.6387e-06 
2.1170e-01     3.0833e-03  5.1828e-04     6.5272e-04  1.0972e-04     8.0959e-05  1.3610e-05     1.7139e-05  2.8812e-06 
2.3753e-01     4.0303e-03  4.9990e-04     9.5733e-04  1.1874e-04     1.1874e-04  1.4730e-05     2.8204e-05  3.4989e-06 
2.6651e-01     5.0289e-03  3.6918e-04     1.3403e-03  9.8392e-05     1.6624e-04  1.2209e-05     4.4304e-05  3.2539e-06 
2.9903e-01     5.9081e-03  3.2048e-04     1.7667e-03  9.5833e-05     2.1913e-04  1.1896e-05     6.5527e-05  3.5572e-06 
3.3552e-01     5.7843e-03  4.0291e-04     1.9408e-03  1.3518e-04     2.4072e-04  1.6775e-05     8.0766e-05  5.6285e-06 
3.7646e-01     6.4961e-03  5.6740e-04     2.4455e-03  2.1360e-04     3.0333e-04  2.6502e-05     1.1419e-04  9.9769e-06 
4.2240e-01     7.6852e-03  3.1703e-04     3.2462e-03  1.3391e-04     4.0264e-04  1.6632e-05     1.7007e-04  7.0254e-06 
4.7394e-01     8.5389e-03  7.3741e-04     4.0469e-03  3.4948e-04     5.0195e-04  4.3361e-05     2.3789e-04  2.0550e-05 
5.3176e-01     9.9179e-03  4.9867e-04     5.2740e-03  2.6517e-04     6.5415e-04  3.2921e-05     3.4785e-04  1.7506e-05 
5.9665e-01     1.1056e-02  1.1071e-03     6.5968e-03  6.6054e-04     8.1823e-04  8.1948e-05     4.8819e-04  4.8894e-05 
6.6945e-01     1.2792e-02  1.2003e-03     8.5637e-03  8.0353e-04     1.0622e-03  9.9691e-05     7.1108e-04  6.6738e-05 
7.5114e-01     1.3429e-02  1.0303e-03     1.0087e-02  7.7390e-04     1.2511e-03  9.6027e-05     9.3974e-04  7.2129e-05 
8.4279e-01     1.4694e-02  4.4342e-04     1.2384e-02  3.7371e-04     1.5361e-03  4.6471e-05     1.2946e-03  3.9165e-05 
9.4563e-01     1.6419e-02  1.3033e-03     1.5526e-02  1.2325e-03     1.9257e-03  1.5292e-04     1.8210e-03  1.4461e-04 
1.0610e+00     1.8021e-02  6.5828e-04     1.9120e-02  6.9844e-04     2.3716e-03  8.6780e-05     2.5162e-03  9.2074e-05 
1.1905e+00     1.9387e-02  9.1529e-04     2.3080e-02  1.0896e-03     2.8627e-03  1.3529e-04     3.4080e-03  1.6106e-04 
1.3357e+00     2.2146e-02  6.1685e-04     2.9581e-02  8.2395e-04     3.6691e-03  1.0250e-04     4.9009e-03  1.3692e-04 
1.4987e+00     2.4598e-02  4.8273e-04     3.6866e-02  7.2348e-04     4.5726e-03  9.0276e-05     6.8530e-03  1.3530e-04 
1.6816e+00     2.6716e-02  5.5538e-04     4.4925e-02  9.3392e-04     5.5721e-03  1.1646e-04     9.3700e-03  1.9583e-04 
1.8868e+00     2.9442e-02  3.1032e-04     5.5551e-02  5.8551e-04     6.8902e-03  7.4128e-05     1.3000e-02  1.3986e-04 
2.1170e+00     3.2588e-02  1.0229e-03     6.8988e-02  2.1655e-03     8.5568e-03  2.6922e-04     1.8115e-02  5.6994e-04 
2.3753e+00     3.6017e-02  3.3672e-04     8.5550e-02  7.9981e-04     1.0611e-02  1.0181e-04     2.5204e-02  2.4183e-04 
2.6651e+00     4.0819e-02  6.6759e-04     1.0879e-01  1.7792e-03     1.3493e-02  2.2259e-04     3.5961e-02  5.9324e-04 
2.9903e+00     4.4910e-02  4.7062e-04     1.3430e-01  1.4073e-03     1.6657e-02  1.7821e-04     4.9810e-02  5.3291e-04 
3.3552e+00     5.0217e-02  5.0233e-04     1.6849e-01  1.6854e-03     2.0898e-02  2.1385e-04     7.0118e-02  7.1752e-04 
3.7646e+00     5.6456e-02  7.7239e-04     2.1254e-01  2.9077e-03     2.6361e-02  3.6511e-04     9.9240e-02  1.3745e-03 
4.2240e+00     6.3695e-02  5.3564e-04     2.6904e-01  2.2625e-03     3.3370e-02  2.8971e-04     1.4095e-01  1.2237e-03 
4.7394e+00     7.1831e-02  1.1327e-03     3.4043e-01  5.3683e-03     4.2225e-02  6.7205e-04     2.0012e-01  3.1851e-03 
5.3176e+00     8.1324e-02  5.9886e-04     4.3245e-01  3.1845e-03     5.3638e-02  4.1158e-04     2.8523e-01  2.1886e-03 
5.9665e+00     9.2936e-02  3.8240e-04     5.5450e-01  2.2816e-03     6.8776e-02  3.1952e-04     4.1035e-01  1.9064e-03 
6.6945e+00     1.0703e-01  6.0840e-04     7.1649e-01  4.0730e-03     8.8868e-02  5.4033e-04     5.9493e-01  3.6172e-03 
7.5114e+00     1.2294e-01  3.2355e-04     9.2344e-01  2.4303e-03     1.1454e-01  3.8975e-04     8.6033e-01  2.9276e-03 
8.4279e+00     1.3014e-01  6.2729e-04     1.0968e+00  5.2867e-03     1.3604e-01  7.1840e-04     1.1466e+00  6.0546e-03 
9.4563e+00     1.1370e-01  5.8770e-04     1.0752e+00  5.5575e-03     1.3336e-01  7.4693e-04     1.2611e+00  7.0632e-03 
1.0610e+01     7.9734e-02  3.9274e-04     8.4598e-01  4.1670e-03     1.0493e-01  5.6424e-04     1.1133e+00  5.9866e-03 
1.1905e+01     4.9008e-02  4.5191e-04     5.8343e-01  5.3798e-03     7.2364e-02  6.8529e-04     8.6148e-01  8.1582e-03 
1.3357e+01     2.7827e-02  4.0354e-04     3.7169e-01  5.3902e-03     4.6102e-02  6.7592e-04     6.1580e-01  9.0285e-03 
1.4987e+01     1.4578e-02  2.4525e-04     2.1848e-01  3.6756e-03     2.7099e-02  4.5963e-04     4.0613e-01  6.8885e-03 
1.6816e+01     6.9687e-03  7.7440e-05     1.1719e-01  1.3022e-03     1.4535e-02  1.6453e-04     2.4442e-01  2.7668e-03 
1.8868e+01     2.8206e-03  6.3961e-05     5.3219e-02  1.2068e-03     6.6009e-03  1.5036e-04     1.2454e-01  2.8369e-03 
2.1170e+01     9.9527e-04  2.9009e-05     2.1070e-02  6.1412e-04     2.6134e-03  7.6379e-05     5.5325e-02  1.6169e-03 
2.3753e+01     2.9898e-04  1.4105e-05     7.1016e-03  3.3503e-04     8.8083e-04  4.1598e-05     2.0922e-02  9.8807e-04 
2.6651e+01     7.4453e-05  8.2033e-06     1.9843e-03  2.1863e-04     2.4612e-04  2.7123e-05     6.5593e-03  7.2285e-04 
2.9903e+01     1.6298e-05  9.1956e-06     4.8737e-04  2.7498e-04     6.0449e-05  3.4107e-05     1.8076e-03  1.0199e-03 
3.3552e+01     1.8157e-06  6.0019e-07     6.0921e-05  2.0138e-05     7.5562e-06  2.4978e-06     2.5353e-04  8.3806e-05 
3.7646e+01     2.3118e-07  4.2977e-07     8.7030e-06  1.6179e-05     1.0795e-06  2.0068e-06     4.0637e-05  7.5546e-05 
4.2240e+01     4.1208e-07  2.6319e-07     1.7406e-05  1.1117e-05     2.1589e-06  1.3789e-06     9.1191e-05  5.8244e-05 
4.7394e+01     3.6726e-07  2.6465e-07     1.7406e-05  1.2543e-05     2.1589e-06  1.5557e-06     1.0232e-04  7.3730e-05 
5.3176e+01     1.6366e-07  1.3242e-07     8.7030e-06  7.0414e-06     1.0795e-06  8.7337e-07     5.7401e-05  4.6443e-05 
5.9665e+01     0.0000e+00  0.0000e+00     0.0000e+00  0.0000e+00     0.0000e+00  0.0000e+00     0.0000e+00  0.0000e+00 
6.6945e+01     0.0000e+00  0.0000e+00     0.0000e+00  0.0000e+00     0.0000e+00  0.0000e+00     0.0000e+00  0.0000e+00 
7.5114e+01     1.1586e-07  6.9741e-08     8.7030e-06  5.2385e-06     1.0795e-06  6.4975e-07     8.1082e-05  4.8805e-05 
8.4279e+01     0.0000e+00  0.0000e+00     0.0000e+00  0.0000e+00     0.0000e+00  0.0000e+00     0.0000e+00  0.0000e+00 
9.4563e+01     0.0000e+00  0.0000e+00     0.0000e+00  0.0000e+00     0.0000e+00  0.0000e+00     0.0000e+00  0.0000e+00 
1.0610e+02     8.2025e-08  2.1700e-08     8.7030e-06  2.3023e-06     1.0795e-06  2.8558e-07     1.1453e-04  3.0300e-05 
1.1905e+02     0.0000e+00  0.0000e+00     0.0000e+00  0.0000e+00     0.0000e+00  0.0000e+00     0.0000e+00  0.0000e+00 
1.3357e+02     0.0000e+00  0.0000e+00     0.0000e+00  0.0000e+00     0.0000e+00  0.0000e+00     0.0000e+00  0.0000e+00 
1.4987e+02     0.0000e+00  0.0000e+00     0.0000e+00  0.0000e+00     0.0000e+00  0.0000e+00     0.0000e+00  0.0000e+00 
1.6816e+02     0.0000e+00  0.0000e+00     0.0000e+00  0.0000e+00     0.0000e+00  0.0000e+00     0.0000e+00  0.0000e+00 
1.8868e+02     0.0000e+00  0.0000e+00     0.0000e+00  0.0000e+00     0.0000e+00  0.0000e+00     0.0000e+00  0.0000e+00 
2.1170e+02     0.0000e+00  0.0000e+00     0.0000e+00  0.0000e+00     0.0000e+00  0.0000e+00     0.0000e+00  0.0000e+00 
2.3753e+02     0.0000e+00  0.0000e+00     0.0000e+00  0.0000e+00     0.0000e+00  0.0000e+00     0.0000e+00  0.0000e+00 
2.6651e+02     0.0000e+00  0.0000e+00     0.0000e+00  0.0000e+00     0.0000e+00  0.0000e+00     0.0000e+00  0.0000e+00 
2.9903e+02     0.0000e+00  0.0000e+00     0.0000e+00  0.0000e+00     0.0000e+00  0.0000e+00     0.0000e+00  0.0000e+00 
3.3552e+02     0.0000e+00  0.0000e+00     0.0000e+00  0.0000e+00     0.0000e+00  0.0000e+00     0.0000e+00  0.0000e+00 
3.7646e+02     0.0000e+00  0.0000e+00     0.0000e+00  0.0000e+00     0.0000e+00  0.0000e+00     0.0000e+00  0.0000e+00 
4.2240e+02     0.0000e+00  0.0000e+00     0.0000e+00  0.0000e+00     0.0000e+00  0.0000e+00     0.0000e+00  0.0000e+00 
4.7394e+02     0.0000e+00  0.0000e+00     0.0000e+00  0.0000e+00     0.0000e+00  0.0000e+00     0.0000e+00  0.0000e+00 
5.3176e+02     0.0000e+00  0.0000e+00     0.0000e+00  0.0000e+00     0.0000e+00  0.0000e+00     0.0000e+00  0.0000e+00 
5.9665e+02     0.0000e+00  0.0000e+00     0.0000e+00  0.0000e+00     0.0000e+00  0.0000e+00     0.0000e+00  0.0000e+00 
6.6945e+02     0.0000e+00  0.0000e+00     0.0000e+00  0.0000e+00     0.0000e+00  0.0000e+00     0.0000e+00  0.0000e+00 
7.5114e+02     0.0000e+00  0.0000e+00     0.0000e+00  0.0000e+00     0.0000e+00  0.0000e+00     0.0000e+00  0.0000e+00 
8.4279e+02     0.0000e+00  0.0000e+00     0.0000e+00  0.0000e+00     0.0000e+00  0.0000e+00     0.0000e+00  0.0000e+00 
9.4563e+02     0.0000e+00  0.0000e+00     0.0000e+00  0.0000e+00     0.0000e+00  0.0000e+00     0.0000e+00  0.0000e+00 
1.0610e+03     0.0000e+00  0.0000e+00     0.0000e+00  0.0000e+00     0.0000e+00  0.0000e+00     0.0000e+00  0.0000e+00 
1.1905e+03     0.0000e+00  0.0000e+00     0.0000e+00  0.0000e+00     0.0000e+00  0.0000e+00     0.0000e+00  0.0000e+00 
1.3357e+03     0.0000e+00  0.0000e+00     0.0000e+00  0.0000e+00     0.0000e+00  0.0000e+00     0.0000e+00  0.0000e+00 
1.4987e+03     0.0000e+00  0.0000e+00     0.0000e+00  0.0000e+00     0.0000e+00  0.0000e+00     0.0000e+00  0.0000e+00 
1.6816e+03     0.0000e+00  0.0000e+00     0.0000e+00  0.0000e+00     0.0000e+00  0.0000e+00     0.0000e+00  0.0000e+00 
1.8868e+03     0.0000e+00  0.0000e+00     0.0000e+00  0.0000e+00     0.0000e+00  0.0000e+00     0.0000e+00  0.0000e+00 
2.1170e+03     0.0000e+00  0.0000e+00     0.0000e+00  0.0000e+00     0.0000e+00  0.0000e+00     0.0000e+00  0.0000e+00 
2.3753e+03     0.0000e+00  0.0000e+00     0.0000e+00  0.0000e+00     0.0000e+00  0.0000e+00     0.0000e+00  0.0000e+00 
2.6651e+03     0.0000e+00  0.0000e+00     0.0000e+00  0.0000e+00     0.0000e+00  0.0000e+00     0.0000e+00  0.0000e+00 
2.9903e+03     0.0000e+00  0.0000e+00     0.0000e+00  0.0000e+00     0.0000e+00  0.0000e+00     0.0000e+00  0.0000e+00 
3.3552e+03     0.0000e+00  0.0000e+00     0.0000e+00  0.0000e+00     0.0000e+00  0.0000e+00     0.0000e+00  0.0000e+00 
3.7646e+03     0.0000e+00  0.0000e+00     0.0000e+00  0.0000e+00     0.0000e+00  0.0000e+00     0.0000e+00  0.0000e+00 
4.2240e+03     0.0000e+00  0.0000e+00     0.0000e+00  0.0000e+00     0.0000e+00  0.0000e+00     0.0000e+00  0.0000e+00 
4.7394e+03     0.0000e+00  0.0000e+00     0.0000e+00  0.0000e+00     0.0000e+00  0.0000e+00     0.0000e+00  0.0000e+00 
5.3176e+03     0.0000e+00  0.0000e+00     0.0000e+00  0.0000e+00     0.0000e+00  0.0000e+00     0.0000e+00  0.0000e+00 
5.9665e+03     0.0000e+00  0.0000e+00     0.0000e+00  0.0000e+00     0.0000e+00  0.0000e+00     0.0000e+00  0.0000e+00 
6.6945e+03     0.0000e+00  0.0000e+00     0.0000e+00  0.0000e+00     0.0000e+00  0.0000e+00     0.0000e+00  0.0000e+00 
7.5114e+03     0.0000e+00  0.0000e+00     0.0000e+00  0.0000e+00     0.0000e+00  0.0000e+00     0.0000e+00  0.0000e+00 
8.4279e+03     0.0000e+00  0.0000e+00     0.0000e+00  0.0000e+00     0.0000e+00  0.0000e+00     0.0000e+00  0.0000e+00 
9.4563e+03     0.0000e+00  0.0000e+00     0.0000e+00  0.0000e+00     0.0000e+00  0.0000e+00     0.0000e+00  0.0000e+00 
