count,y,ymin,ymax,BinWidth,fy_bw,fy_bw_norm,yfy,yfy_norm,ydy,ydy_norm
160,0.104874938274653,0.1,0.109749876549306,0.00974987654930562,16410.4641931487,0.0164145765566832,0.00172147770318672,0.000551559687501479,5.78447881815044e-05,1.24748834895465e-05
197,0.115100115287592,0.109749876549306,0.120450354025878,0.0107004774765726,18410.3934082669,0.018415006942023,0.00211956942204865,0.000679107865236197,7.81653935813967e-05,1.68572521137566e-05
207,0.126322234436241,0.120450354025878,0.132194114846603,0.0117437608207247,17626.3807786939,0.0176307978436048,0.00222716177849782,0.000713580345705038,9.01410637192454e-05,1.94399409674202e-05
342,0.138638496348098,0.132194114846603,0.145082877849594,0.0128887630029911,26534.7419236922,0.026541391370277,0.0036796585905616,0.00117895883203441,0.000163449079729561,3.52496446127852e-05
323,0.152155578591852,0.145082877849594,0.159228279334109,0.0141454014845152,22834.2758848933,0.0228399980169659,0.00347523311330819,0.00111346111914361,0.000169419320822827,3.65371946995675e-05
400,0.166990559667439,0.159228279334109,0.174752840000768,0.0155245606666592,25765.6244571898,0.0257720811675677,0.00430369425796679,0.0013788992187537,0.000230263152264674,4.96588558233494e-05
465,0.183271933084009,0.174752840000768,0.191791026167249,0.0170381861664805,27291.6374698853,0.0272984765899374,0.00500304457488639,0.00160297034180117,0.000293779473218235,6.33568695682361e-05
551,0.201140720309225,0.191791026167249,0.210490414451202,0.0186993882839532,29466.2045427891,0.0294735885962587,0.00592833884034925,0.00189943367383322,0.000382053457334412,8.23941536801951e-05
680,0.220751692229759,0.210490414451202,0.231012970008316,0.0205225555571139,33134.2750227949,0.0331425782726447,0.00731628023854357,0.00234412867188129,0.000517470371122093,0.000111598344327667
781,0.242274709702664,0.231012970008316,0.253536449397011,0.0225234793886952,34674.9268406547,0.0346836161685752,0.00840296303868016,0.00269230072461659,0.000652276376488755,0.000140670785657446
936,0.265896194808862,0.253536449397011,0.278255940220712,0.0247194908237012,37864.8576006491,0.0378743463060145,0.0100706445636423,0.00322662417188366,0.00085794708938216,0.00018502600349499
1065,0.291820745552027,0.278255940220712,0.305385550883342,0.0271296106626291,39256.0001410942,0.0392658374584054,0.0114585859618366,0.00367131916993171,0.00107136709732892,0.000231052444548243
1289,0.320272907988613,0.305385550883342,0.335160265093884,0.0297747142105427,43291.7673326849,0.0433026159889587,0.013868654746298,0.00444350273243379,0.00142313354177192,0.000306914860989099
1484,0.351499121138374,0.335160265093884,0.367837977182863,0.0326777120889792,45413.2160770365,0.0454245963555943,0.0159667056970568,0.00511571610157621,0.00179816971369747,0.000387795657621227
1757,0.385769851521259,0.367837977182863,0.403701725859655,0.035863748676792,48990.9745864626,0.0490032514297645,0.0189039770281192,0.00605681481837563,0.00233653655317653,0.000503900561939714
2153,0.423381935809022,0.403701725859655,0.443062145758388,0.0393604198987326,54699.6197078,0.0547133271032028,0.0231646343435062,0.00742192504494177,0.00314230899295691,0.000677674511527135
2570,0.464661151882462,0.443062145758388,0.486260158006536,0.0431980122481474,59493.4782007294,0.0595083869082112,0.0276512356074366,0.00885942748049249,0.00411663177810478,0.000887798251418649
2966,0.509965040563583,0.486260158006536,0.533669923120631,0.0474097651140955,62560.9511640076,0.0625766285617475,0.0319118929228238,0.0102245377070587,0.00521415678652407,0.00112449194565318
3562,0.559686002463149,0.533669923120631,0.585702081805667,0.0520321586850358,68457.6632993783,0.0684748183776807,0.0383243973671943,0.0122790975430017,0.00687243901769767,0.00148211928386324
4205,0.614254696767049,0.585702081805667,0.642807311728432,0.0571052299227655,73635.987556433,0.0736544402916202,0.0452425858868759,0.0144956780371482,0.00890403831714128,0.00192025667453842
4769,0.674143771400148,0.642807311728432,0.705480231071864,0.0626729193434322,76093.4714699829,0.0761125400358447,0.0513107947906091,0.016439925935591,0.0110828736717584,0.00239014718751716
6095,0.739871956876496,0.705480231071864,0.774263682681127,0.0687834516092628,88611.4298919424,0.0886336353828256,0.065577541255769,0.0210109768457594,0.0155454325547588,0.00335254853569031
7163,0.812008559294886,0.774263682681127,0.849753435908644,0.0754897532275173,94887.0501458861,0.0949108282694252,0.0770684049245403,0.0246926377598318,0.0200506332125515,0.00432414606538726
8347,0.891178391395932,0.849753435908644,0.93260334688322,0.0828499109745754,100748.448632147,0.100773695586861,0.0898073399281223,0.0287741794473429,0.0256429269536209,0.00553018752655155
9970,0.978067184391123,0.93260334688322,1.02353102189903,0.0909276750158065,109647.585273316,0.109675062298098,0.107269579379822,0.0343690630274359,0.0336152527054052,0.00724950983752893
11844,1.07342752743853,1.02353102189903,1.12332403297803,0.0997930110790013,118685.666179806,0.118715408093253,0.127432386978397,0.040829205867297,0.0438271935014112,0.00945183048969537
14004,1.17808538621005,1.12332403297803,1.23284673944207,0.109522706464039,127863.896466055,0.127895938388759,0.150672335971417,0.0482752616485669,0.056872380263643,0.0122651727124654
16708,1.29294725701094,1.23284673944207,1.35304777457981,0.120201035137741,139000.466850006,0.139035299530205,0.179765309155273,0.0575966203673419,0.074469392317055,0.0160601675950061
20151,1.41900801841714,1.35304777457981,1.48496826225447,0.131920487674658,152751.102995438,0.152789381502275,0.216809357480723,0.0694654953927646,0.0985720949656517,0.0212581883117726
24046,1.55735954843755,1.48496826225447,1.62975083462064,0.144782572366179,166083.525157874,0.166125144689442,0.258716580317674,0.0828925265353784,0.129093467693985,0.0278404679033629
28413,1.70920018183904,1.62975083462064,1.78864952905744,0.158898694436791,178812.041852884,0.17885685107411,0.305702162379026,0.097946658756122,0.16741044695649,0.0361039583058389
34177,1.87584508954885,1.78864952905744,1.96304065004027,0.174391120982836,195979.01434078,0.196028125501965,0.367718396636327,0.117816596498363,0.221005684008812,0.0476623779809951
40433,2.05873767003608,1.96304065004027,2.15443469003188,0.191394039991613,211255.272116999,0.211308211416419,0.435028174830929,0.139382580279671,0.286952168568586,0.0618844840218536
48504,2.25946205133865,2.15443469003188,2.36448941264541,0.210054722613524,230911.256821593,0.230969121792449,0.521865965721053,0.167205319266073,0.377794073663655,0.0814755693668903
57284,2.47975681202257,2.36448941264541,2.59502421139974,0.230534798754329,248483.093700076,0.248545362067469,0.616332054683424,0.197472157117717,0.48968292679745,0.105605667349847
69395,2.72153003991777,2.59502421139974,2.8480358684358,0.253011657036065,274275.900221105,0.274344632110538,0.746637157579018,0.239221778213533,0.651049255610677,0.140406143146636
82183,2.98687585906202,2.8480358684358,3.12571584968824,0.277679981252435,295962.998950539,0.296037165496355,0.884226263006212,0.283305186237088,0.846197421518627,0.182492054590578
95710,3.27809256800158,3.12571584968824,3.43046928631492,0.304753436626683,314057.163913932,0.31413586474856,1.029766443575,0.32993611056729,1.08156111196598,0.233250899221273
101505,3.59770254655369,3.43046928631492,3.76493580679247,0.33446652047755,303483.289912161,0.30355934099762,1.0921162141373,0.349912912998985,1.25888257816847,0.271492281039988
90238,3.9484741034539,3.76493580679247,4.13201240011534,0.367076593322869,245828.804237129,0.245890407455563,0.970891906126018,0.31107276925474,1.22826277369203,0.264888773527476
68093,4.33344545412196,4.13201240011534,4.53487850812859,0.402866108013246,169021.4159136,0.169063771662906,0.732628632769331,0.234733461256489,1.01720465061224,0.219371699687026
47780,4.75595103623035,4.53487850812859,4.97702356433211,0.442145056203527,108064.082883256,0.108091163091873,0.514076279114136,0.16470951168013,0.783350372752108,0.168938376970321
32781,5.21965039100823,4.97702356433211,5.46227721768434,0.485253653352231,67554.3600208719,0.0675712887368106,0.352698503676023,0.113004238224912,0.589842616236251,0.127206238384485
22430,5.72855986043688,5.46227721768434,5.99484250318941,0.532565285505069,42116.9021160064,0.0421274563581296,0.241329655515488,0.0773217736916135,0.442942409107561,0.0955255455142745
14857,6.28708737488255,5.99484250318941,6.57933224657568,0.58448974338627,25418.7522845572,0.0254251220708568,0.159849963976532,0.0512157642325592,0.321997984701484,0.0694425110593484
8615,6.90007063248058,6.57933224657568,7.22080901838547,0.641476771809785,13429.9484854217,0.0134333139496628,0.0926908150809597,0.0296980419239077,0.204918586921333,0.0441930133561023
4274,7.57281900096232,7.22080901838547,7.92482898353918,0.704019965153711,6070.85056041961,0.00607237187902306,0.0459849731463751,0.0147335381523832,0.111574417671771,0.0240622864155355
1865,8.31115950485851,7.92482898353918,8.69749002617784,0.772661042638657,2413.73629195925,0.00241434115974313,0.0200659744777703,0.00642911760743914,0.053433421910921,0.0115235224078434
812,9.12148729639809,8.69749002617784,9.54548456661834,0.847994540440507,957.553334692687,0.000957793291793816,0.0087364993436726,0.00279916541407001,0.0255325517649565,0.00550638386744911
332,10.0108210472575,9.54548456661834,10.4761575278967,0.93067296127831,356.731111586166,0.00035682050625518,0.00357206623411243,0.00114448635156557,0.0114572480565515,0.00247088526226143
81,10.986863740937,10.4761575278967,11.4975699539774,1.02141242608072,79.3019527976635,7.93218253896307e-05,0.00087149808723827,0.000279227091797622,0.00306783001035858,0.000661612275679392
22,12.0580693923188,11.4975699539774,12.6185688306602,1.12099887668284,19.6253541886682,1.96302721842818e-05,0.000236703184188175,7.58394570314537e-05,0.000914477435561048,0.000197217412684571
4,13.2337162722995,12.6185688306602,13.8488637139387,1.23029488327852,3.25125305677993,3.25206780122316e-06,4.30369425796681e-05,1.3788992187537e-05,0.000182479610290819,3.93537939918275e-05
3,14.523987271734,13.8488637139387,15.1991108295293,1.35024711559062,2.22181552203336,2.22237229562768e-06,3.22777069347507e-05,1.03417441406527e-05,0.000150203360266369,3.23930552426236e-05
2,15.940058100765,15.1991108295293,16.6810053720006,1.48189454247124,1.34962370309074,1.3499619106659e-06,2.15184712898341e-05,6.89449609376852e-06,0.000109898668310167,2.37008920928855e-05
1,17.4941940874771,16.6810053720006,18.3073828029537,1.62637743095311,0.614863426513469,6.15017507586628e-07,1.07592356449169e-05,3.44724804688422e-06,6.03068263998691e-05,1.30058499065128e-05
2,19.1998564143021,18.3073828029537,20.0923300256505,1.78494722269678,1.12048130867326,1.12076209454383e-06,2.15184712898341e-05,6.89449609376852e-06,0.000132373335049322,2.85478084331719e-05
1,21.0718187123405,20.0923300256505,22.0513073990305,1.95897737337998,0.510470418693311,5.10598339507164e-07,1.0759235644917e-05,3.44724804688426e-06,7.26397859004149e-05,1.56655922564692e-05
0,23.1262950234871,22.0513073990305,24.2012826479438,2.14997524891338,0,0,0,0,0,0
4,25.3810802387054,24.2012826479438,26.5608778294669,2.35959518152303,1.69520603844349,1.69563084687145e-06,4.30369425796681e-05,1.3788992187537e-05,0.000349979517122759,7.5477045332671e-05
2,27.8557042288593,26.5608778294669,29.1505306282518,2.58965279878492,0.772304303085886,7.72497837894907e-07,2.15184712898339e-05,6.89449609376845e-06,0.00019205104399504,4.14179820378345e-05
4,30.5716010031128,29.1505306282518,31.9926713779739,2.84214074972206,1.40738983471919,1.40774251813917e-06,4.30369425796681e-05,1.3788992187537e-05,0.000421551567392422,9.09123683114747e-05
2,33.5522943600626,31.9926713779739,35.1119173421513,3.1192459641775,0.641180600365824,6.41341276364318e-07,2.15184712898339e-05,6.89449609376845e-06,0.000231326162402421,4.98881059949463e-05
2,36.8236016396283,35.1119173421513,38.5352859371053,3.42336859495397,0.584219882997113,5.84366284982743e-07,2.1518471289834e-05,6.89449609376851e-06,0.000253880177662905,5.47521347422408e-05
1,40.4138573405002,38.5352859371053,42.292428743895,3.75714280678967,0.26615969938456,2.66226397402923e-07,1.0759235644917e-05,3.44724804688426e-06,0.000139316590784098,3.00452001438594e-05
1,44.3541585400114,42.292428743895,46.4158883361278,4.12345959223283,0.242514805258102,2.42575578008342e-07,1.07592356449169e-05,3.44724804688422e-06,0.000152899786398247,3.29745700668771e-05
2,48.6786342421458,46.4158883361278,50.9413801481638,4.52549181203598,0.441940916715573,4.42051664448783e-07,2.15184712898341e-05,6.89449609376852e-06,0.000335614653632461,7.23790998821247e-05
1,53.424740986643,50.9413801481638,55.9081018251223,4.96672167695849,0.201340051857381,2.01390506462294e-07,1.07592356449169e-05,3.44724804688422e-06,0.0001841683340215,3.97179863840647e-05
0,58.633587279627,55.9081018251223,61.3590727341318,5.45097090900947,0,0,0,0,0,0
1,64.35028965582,61.3590727341318,67.3415065775083,5.98243384337653,0.167156048220601,1.67197936519992e-07,1.07592356449169e-05,3.44724804688422e-06,0.000221831410332459,4.78404552115561e-05
0,70.6243634563831,67.3415065775083,73.9072203352578,6.56571375774955,0,0,0,0,0,0
0,77.5101517071133,73.9072203352578,81.1130830789687,7.2058627437109,0,0,0,0,0,0
1,85.0672958117363,81.1130830789687,89.0215085445039,7.9084254655352,0.126447420457838,1.26479107420181e-07,1.07592356449169e-05,3.44724804688422e-06,0.00029324806934073,6.32422663055021e-05
1,93.3612521372133,89.0215085445039,97.7009957299226,8.67948718541864,0.115214180128059,1.15243052108e-07,1.0759235644917e-05,3.44724804688426e-06,0.000321839394084677,6.94083091972725e-05
0,102.463858965478,97.7009957299226,107.226722201032,9.52572647110986,0,0,0,0,0,0
0,112.453958722266,107.226722201032,117.6811952435,10.4544730424675,0,0,0,0,0,0
0,123.418080872494,117.6811952435,129.154966501488,11.4737712579885,0,0,0,0,0,0
2,135.451191397085,129.154966501488,141.747416292681,12.5924497911922,0.158825330508675,1.5886513118036e-07,2.15184712898338e-05,6.89449609376844e-06,0.00093386770998348,0.000201399144900292
0,148.657515342864,141.747416292681,155.567614393047,13.8201981003666,0,0,0,0,0,0
1,163.151439570058,155.567614393047,170.735264747069,15.167650354022,0.0659297898263347,6.59463114347627e-08,1.07592356449169e-05,3.44724804688422e-06,0.000562423481404233,0.000121292991518747
3,179.058503516554,170.735264747069,187.381742286039,16.6464775389693,0.180218307024836,1.80263468647648e-07,3.22777069347511e-05,1.03417441406528e-05,0.00185177722957637,0.000399356725364357
0,196.516486560452,187.381742286039,205.651230834865,18.2694885488268,0,0,0,0,0,0
2,215.676601399129,205.651230834865,225.701971963392,20.0507411285268,0.0997469363940139,9.97719323757899e-08,2.15184712898341e-05,6.89449609376852e-06,0.00148698148586356,0.000320684393018348
2,236.704803781282,225.701971963392,247.707635599171,22.005663635779,0.0908856934788461,9.09084688864929e-08,2.15184712898341e-05,6.89449609376852e-06,0.00163196034504629,0.000351950725450527
1,259.783229936233,247.707635599171,271.858824273294,24.1511886741231,0.0414058294808261,4.14162055324277e-08,1.07592356449169e-05,3.44724804688423e-06,0.000895537232010954,0.000193132743348168
1,285.111774150814,271.858824273294,298.364724028334,26.5058997550398,0.0377274497089978,3.77369039807727e-08,1.0759235644917e-05,3.44724804688426e-06,0.000982851006585099,0.000211962947400903
0,312.909820158054,298.364724028334,327.454916287773,29.0901922594392,0,0,0,0,0,0
1,343.418141334118,327.454916287773,359.381366380463,31.9264500926897,0.0313219915492256,3.1329840651747e-08,1.0759235644917e-05,3.44724804688426e-06,0.00118384751697866,0.000255310120548075
0,376.900986162114,359.381366380463,394.420605943766,35.0392395633031,0,0,0,0,0,0
0,413.648367026036,394.420605943766,432.876128108306,38.4555221645401,0,0,0,0,0,0
1,453.978572159293,432.876128108306,475.08101621028,42.2048881019737,0.0236939379529651,2.36998755111768e-08,1.0759235644917e-05,3.44724804688426e-06,0.00156497674620343,0.000337504953972322
2,498.240922505124,475.08101621028,521.400828799969,46.3198125896892,0.0431780676169057,4.31888877807152e-08,2.15184712898338e-05,6.89449609376845e-06,0.00343512009396717,0.00074082254066482
0,546.818797367496,521.400828799969,572.236765935022,50.8359371350531,0,0,0,0,0,0
4,600.132955059224,572.236765935022,628.029144183426,55.7923782484039,0.0716943805870909,7.17123467672602e-08,4.30369425796677e-05,1.37889921875369e-05,0.00827522862879507,0.00178464674586856
0,658.645177309198,628.029144183426,689.26121043497,61.2320662515442,0,0,0,0,0,0
0,722.8622689948,689.26121043497,756.463327554629,67.2021171196589,0,0,0,0,0,0
0,793.340447843302,756.463327554629,830.217568131975,73.7542405773462,0,0,0,0,0,0
0,870.690162123733,830.217568131975,911.16275611549,80.9451879835144,0,0,0,0,0,0
0,955.581378057745,911.16275611549,1000,88.8372438845104,0,0,0,0,0,0
