count,y,ymin,ymax,BinWidth,fy_bw,fy_bw_norm,yfy,yfy_norm,ydy,ydy_norm
11,0.104874938274653,0.1,0.109749876549306,0.00974987654930562,1128.21941327897,0.0011274277838236,0.000118238919237629,4.98070467933413e-06,5.22351095809442e-07,1.92215093856508e-08
6,0.115100115287592,0.109749876549306,0.120450354025878,0.0107004774765726,560.722641876148,0.000560329203725397,6.44939559477978e-05,2.71674800690953e-06,3.12698008802623e-07,1.150668153909e-08
3,0.126322234436241,0.120450354025878,0.132194114846603,0.0117437608207247,255.454793894114,0.000255275550799215,3.22469779738988e-05,1.35837400345476e-06,1.71592839316507e-07,6.3142843920365e-09
6,0.138638496348098,0.132194114846603,0.145082877849594,0.0128887630029911,465.521788134951,0.000465195148870223,6.44939559477976e-05,2.71674800690953e-06,3.7664585863463e-07,1.38598386504642e-08
5,0.152155578591852,0.145082877849594,0.159228279334109,0.0141454014845152,353.471762924045,0.000353223744980124,5.37449632898315e-05,2.26395667242461e-06,3.4447363739965e-07,1.26759631740146e-08
5,0.166990559667439,0.159228279334109,0.174752840000768,0.0155245606666592,322.070305714872,0.000321844321001524,5.37449632898313e-05,2.26395667242461e-06,3.78059391791017e-07,1.39118539349164e-08
8,0.183271933084009,0.174752840000768,0.191791026167249,0.0170381861664805,469.533547868994,0.000469204093702186,8.599194126373e-05,3.62233067587937e-06,6.63871545237915e-07,2.44291880308647e-08
10,0.201140720309225,0.191791026167249,0.210490414451202,0.0186993882839532,534.776851956246,0.000534401618997943,0.000107489926579663,4.52791334484921e-06,9.10747751680725e-07,3.35137546323398e-08
7,0.220751692229759,0.210490414451202,0.231012970008316,0.0205225555571139,341.088125234654,0.000340848796427123,7.52429486057641e-05,3.16953934139446e-06,6.99681173201623e-07,2.57469130352211e-08
16,0.242274709702664,0.231012970008316,0.253536449397011,0.0225234793886952,710.36982003902,0.00070987138004842,0.00017198388252746,7.24466135175874e-06,1.75519822589145e-06,6.45878977632278e-08
12,0.265896194808862,0.253536449397011,0.278255940220712,0.0247194908237012,485.446892316015,0.00048510627234932,0.000128987911895596,5.43349601381907e-06,1.44474591458361e-06,5.31638535457009e-08
11,0.291820745552027,0.278255940220712,0.305385550883342,0.0271296106626291,405.461034321161,0.000405176537445823,0.000118238919237629,4.98070467933413e-06,1.45347295289775e-06,5.34849916656551e-08
31,0.320272907988613,0.305385550883342,0.335160265093884,0.0297747142105427,1041.15189085588,0.0010404213534315,0.000333218772396954,1.40365313690326e-05,4.49552071963345e-06,1.65426462008123e-07
26,0.351499121138374,0.335160265093884,0.367837977182863,0.0326777120889792,795.64933827692,0.000795091060831139,0.000279473809107123,1.17725746966079e-05,4.13804965939355e-06,1.52272218828347e-07
43,0.385769851521259,0.367837977182863,0.403701725859655,0.035863748676792,1198.98230348201,0.00119814102234757,0.000462206684292551,1.94700273828517e-05,7.51094957259754e-06,2.76388407841116e-07
25,0.423381935809022,0.403701725859655,0.443062145758388,0.0393604198987326,635.155825682769,0.000634710160544904,0.000268724816449156,1.1319783362123e-05,4.7925917927944e-06,1.76358102559427e-07
38,0.464661151882462,0.443062145758388,0.486260158006536,0.0431980122481474,879.670105691719,0.000879052874009231,0.000408461721002718,1.7206070710427e-05,7.99499263567809e-06,2.94200255762377e-07
48,0.509965040563583,0.486260158006536,0.533669923120631,0.0474097651140955,1012.44964796776,0.00101173924983599,0.000515951647582382,2.17339840552763e-05,1.10835720603572e-05,4.07854001061412e-07
55,0.559686002463149,0.533669923120631,0.585702081805667,0.0520321586850358,1057.03859670573,0.00105629691217277,0.000591194596188144,2.49035233966707e-05,1.39381534571301e-05,5.12897071805138e-07
66,0.614254696767049,0.585702081805667,0.642807311728432,0.0571052299227655,1155.76104131381,0.00115495008692595,0.000709433515425774,2.98842280760048e-05,1.83565274549437e-05,6.75484683757371e-07
95,0.674143771400148,0.642807311728432,0.705480231071864,0.0626729193434322,1515.80620458133,0.00151474261993986,0.0010211543025068,4.30151767760676e-05,2.89984134992623e-05,1.06708549425231e-06
103,0.739871956876496,0.705480231071864,0.774263682681127,0.0687834516092628,1497.4532040804,0.00149640249705442,0.00110714624377053,4.66375074519469e-05,3.45057839023141e-05,1.26974606631156e-06
135,0.812008559294886,0.774263682681127,0.849753435908644,0.0754897532275173,1788.32217921187,0.00178706738028172,0.00145111400882545,6.11268301554644e-05,4.96355092888018e-05,1.8264906789902e-06
151,0.891178391395932,0.849753435908644,0.93260334688322,0.0828499109745754,1822.57286970819,0.00182129403834681,0.00162309789135291,6.83714915072233e-05,6.09311958187479e-05,2.24215008201352e-06
165,0.978067184391123,0.93260334688322,1.02353102189903,0.0909276750158065,1814.62904414214,0.00181335578666668,0.00177358378856443,7.47105701900119e-05,7.30719570300004e-05,2.68890659778077e-06
219,1.07342752743853,1.02353102189903,1.12332403297803,0.0997930110790013,2194.54245975831,0.00219300263121808,0.00235402939209461,9.91613022521978e-05,0.000106442471494161,3.91687694592926e-06
244,1.17808538621005,1.12332403297803,1.23284673944207,0.109522706464039,2227.84852454423,0.00222628532638138,0.00262275420854377,0.000110481085614321,0.000130156152414852,4.78949450917771e-06
303,1.29294725701094,1.23284673944207,1.35304777457981,0.120201035137741,2520.77696047115,0.00251900822535735,0.00325694477536378,0.000137195774348931,0.000177386900117942,6.52749461590561e-06
353,1.41900801841714,1.35304777457981,1.48496826225447,0.131920487674658,2675.85426814498,0.00267397672107213,0.00379439440826211,0.000159835341073178,0.000226807630609277,8.34608185082445e-06
394,1.55735954843755,1.48496826225447,1.62975083462064,0.144782572366179,2721.32200416711,0.00271941255408081,0.00423510310723871,0.000178399785787059,0.000277832609834691,1.02237023343502e-05
499,1.70920018183904,1.62975083462064,1.78864952905744,0.158898694436791,3140.36563842568,0.0031381621610606,0.00536374733632517,0.000225942875907976,0.000386181604587148,1.4210735646366e-05
639,1.87584508954885,1.78864952905744,1.96304065004027,0.174391120982836,3664.17737553789,0.00366160635902635,0.00686860630844044,0.000289333662735864,0.000542745130484255,1.99719703917788e-05
752,2.05873767003608,1.96304065004027,2.15443469003188,0.191394039991613,3929.06696589379,0.00392631008624279,0.00808324247879064,0.000340499083532661,0.000700998289881451,2.5795380379937e-05
883,2.25946205133865,2.15443469003188,2.36448941264541,0.210054722613524,4203.66649706141,0.00420071694116789,0.0094913605169842,0.000399814748350185,0.000903366251462754,3.32421297102171e-05
1062,2.47975681202257,2.36448941264541,2.59502421139974,0.230534798754329,4606.67979731654,0.00460344746203131,0.0114154302027602,0.000480864397222986,0.00119242676467283,4.38789971586879e-05
1339,2.72153003991777,2.59502421139974,2.8480358684358,0.253011657036065,5292.24627705251,0.00528853290535488,0.0143929011690169,0.000606287596875313,0.00165002990772572,6.07179071938326e-05
1570,2.98687585906202,2.8480358684358,3.12571584968824,0.277679981252435,5653.99058628118,0.00565002339210263,0.016875918473007,0.000710882395141326,0.00212331746467981,7.81339733054727e-05
1815,3.27809256800158,3.12571584968824,3.43046928631492,0.304753436626683,5955.63423366196,0.00595145538739385,0.0195094216742087,0.000821816272090131,0.00269398981380142,9.91336112937388e-05
2211,3.59770254655369,3.43046928631492,3.76493580679247,0.33446652047755,6610.52710699757,0.00660588874684188,0.0237660227667634,0.00100112164054616,0.00360173787560294,0.000132536983144019
2614,3.9484741034539,3.76493580679247,4.13201240011534,0.367076593322869,7121.12961585869,0.00711613298497902,0.0280978668079238,0.00118359654834358,0.00467340032007207,0.000171972087042274
3198,4.33344545412196,4.13201240011534,4.53487850812859,0.402866108013246,7938.12121791802,0.00793255133452261,0.0343752785201761,0.00144802668768278,0.00627494466718621,0.000230905819442868
3889,4.75595103623035,4.53487850812859,4.97702356433211,0.442145056203527,8795.75592994943,0.00878958427628487,0.041802832446831,0.00176090549981187,0.00837478033653397,0.000308175708125971
4626,5.21965039100823,4.97702356433211,5.46227721768434,0.485253653352231,9533.15852037929,0.00952646945883805,0.0497248400357519,0.00209461271332725,0.0109331460681294,0.000402318615676658
5407,5.72855986043688,5.46227721768434,5.99484250318941,0.532565285505069,10152.7458645228,0.0101456220616662,0.0581198033016236,0.00244824274555997,0.0140249051208206,0.000516089365132797
6577,6.28708737488255,5.99484250318941,6.57933224657568,0.58448974338627,11252.5498940252,0.0112446543997275,0.0706961247114441,0.00297800860690733,0.0187230003147786,0.000688970175740474
7826,6.90007063248058,6.57933224657568,7.22080901838547,0.641476771809785,12199.9740971457,0.012191413830644,0.084121616541244,0.00354354498367899,0.0244507106767573,0.000899738831849939
9587,7.57281900096232,7.22080901838547,7.92482898353918,0.704019965153711,13617.5115401832,0.0136079566405624,0.103050592611923,0.00434091052370694,0.0328729296954052,0.00120966019166653
11288,8.31115950485851,7.92482898353918,8.69749002617784,0.772661042638657,14609.2521520837,0.0145990013850889,0.121334629123124,0.00511110858366582,0.042479238685498,0.00156315377078576
13263,9.12148729639809,8.69749002617784,9.54548456661834,0.847994540440507,15640.4308842723,0.0156294565776464,0.142563889622607,0.00600537146927352,0.0547779195671299,0.00201572142479074
15819,10.0108210472575,9.54548456661834,10.4761575278967,0.93067296127831,16997.3778740408,0.0169854514483556,0.170038314856368,0.00716270612021696,0.0717045691835881,0.00263858937142766
19103,10.986863740937,10.4761575278967,11.4975699539774,1.02141242608072,18702.5333863428,0.0186894105166736,0.205338006745128,0.0086496728626654,0.0950327771457853,0.00349702227583449
23175,12.0580693923188,11.4975699539774,12.6185688306602,1.12099887668284,20673.5265146539,0.0206590206726672,0.249107904848369,0.0104934391766881,0.126530617756582,0.00465608185048699
27337,13.2337162722995,12.6185688306602,13.8488637139387,1.23029488327852,22219.8762032982,0.0222042853454472,0.293845212290825,0.0123779567108144,0.163806367141722,0.00602775728567174
32409,14.523987271734,13.8488637139387,15.1991108295293,1.35024711559062,24002.2730845264,0.0239854315853056,0.348364103052027,0.0146745143593217,0.213132459773667,0.00784286203052383
38233,15.940058100765,15.1991108295293,16.6810053720006,1.48189454247124,25800.0815201342,0.0257819785658312,0.410966236292026,0.0173115710913621,0.275947449011835,0.0101543320645438
45252,17.4941940874771,16.6810053720006,18.3073828029537,1.62637743095311,27823.7997765875,0.0278042768547124,0.486413415758287,0.0204897134681115,0.358451024207938,0.0131903039572115
53567,19.1998564143021,18.3073828029537,20.0923300256505,1.78494722269678,30010.4111308504,0.0299893539453957,0.575791289709282,0.0242546734143539,0.465686246931385,0.0171363526141153
64929,21.0718187123405,20.0923300256505,22.0513073990305,1.95897737337998,33144.333815338,0.0331210776732986,0.697921344289095,0.0293992885567716,0.619496478740077,0.022796271465704
77617,23.1262950234871,22.0513073990305,24.2012826479438,2.14997524891338,36101.3458360642,0.0360760148690501,0.834304563133363,0.0351443050087159,0.812757566026981,0.0299079054470779
85338,25.3810802387054,24.2012826479438,26.5608778294669,2.35959518152303,36166.3732271726,0.0361409966328651,0.917297535445529,0.0386403069022744,0.980732729934827,0.0360890663855988
103073,27.8557042288593,26.5608778294669,29.1505306282518,2.58965279878492,39801.8607159858,0.0397739332357895,1.10793092023455,0.0466705612193641,1.30004134952148,0.0478390056075949
120194,30.5716010031128,29.1505306282518,31.9926713779739,2.84214074972206,42289.9534485595,0.0422602801665524,1.2919644235316,0.0544228016570809,1.66379217773182,0.0612243320950387
126933,33.5522943600626,31.9926713779739,35.1119173421513,3.1192459641775,40693.4885731175,0.0406649354709309,1.36440188505363,0.0574741624601742,1.92839001696183,0.0709610204852509
75041,36.8236016396283,35.1119173421513,38.5352859371053,3.42336859495397,21920.2221199932,0.0219048415182288,0.80661515804645,0.0339779145310831,1.25118918923794,0.0460413406559322
10146,40.4138573405002,38.5352859371053,42.292428743895,3.75714280678967,2700.45630995574,0.00269856150054833,0.109059279507726,0.00459402087968404,0.18566210445083,0.00683200611981333
144,44.3541585400114,42.292428743895,46.4158883361278,4.12345959223283,34.9221319571667,3.48976284005214e-05,0.00154785494274713,6.52019521658282e-05,0.00289197772348139,0.00010641918319105
6,48.6786342421458,46.4158883361278,50.9413801481638,4.52549181203598,1.32582275014672,1.32489246980474e-06,6.4493955947798e-05,2.71674800690954e-06,0.000132247582556428,4.86645509070658e-06
5,53.424740986643,50.9413801481638,55.9081018251223,4.96672167695849,1.00670025928691,1.0059938952866e-06,5.3744963289831e-05,2.26395667242459e-06,0.000120951298829266,4.4507737119815e-06
4,58.633587279627,55.9081018251223,61.3590727341318,5.45097090900947,0.733814226267237,7.33299336211769e-07,4.29959706318653e-05,1.8111653379397e-06,0.000106195120919922,3.90777492351096e-06
8,64.35028965582,61.3590727341318,67.3415065775083,5.98243384337653,1.33724838576481,1.33631008848073e-06,8.59919412637296e-05,3.62233067587935e-06,0.000233098028221998,8.57755630875591e-06
3,70.6243634563831,67.3415065775083,73.9072203352578,6.56571375774955,0.456919096794173,4.56598493716894e-07,3.22469779738989e-05,1.35837400345477e-06,9.59342993296918e-05,3.53019654742758e-06
2,77.5101517071133,73.9072203352578,81.1130830789687,7.2058627437109,0.27755177570452,2.77357027982178e-07,2.14979853159326e-05,9.05582668969847e-07,7.01918500551854e-05,2.58292423516641e-06
3,85.0672958117363,81.1130830789687,89.0215085445039,7.9084254655352,0.379342261373513,3.79076091066358e-07,3.22469779738986e-05,1.35837400345476e-06,0.000115553203174858,4.25213423918581e-06
1,93.3612521372133,89.0215085445039,97.7009957299226,8.67948718541864,0.115214180128059,1.15133338637838e-07,1.07489926579663e-05,4.52791334484924e-07,4.22731659443922e-05,1.55557069273908e-06
0,102.463858965478,97.7009957299226,107.226722201032,9.52572647110986,0,0,0,0,0,0
0,112.453958722266,107.226722201032,117.6811952435,10.4544730424675,0,0,0,0,0,0
0,123.418080872494,117.6811952435,129.154966501488,11.4737712579885,0,0,0,0,0,0
0,135.451191397085,129.154966501488,141.747416292681,12.5924497911922,0,0,0,0,0,0
0,148.657515342864,141.747416292681,155.567614393047,13.8201981003666,0,0,0,0,0,0
0,163.151439570058,155.567614393047,170.735264747069,15.167650354022,0,0,0,0,0,0
0,179.058503516554,170.735264747069,187.381742286039,16.6464775389693,0,0,0,0,0,0
0,196.516486560452,187.381742286039,205.651230834865,18.2694885488268,0,0,0,0,0,0
0,215.676601399129,205.651230834865,225.701971963392,20.0507411285268,0,0,0,0,0,0
0,236.704803781282,225.701971963392,247.707635599171,22.005663635779,0,0,0,0,0,0
0,259.783229936233,247.707635599171,271.858824273294,24.1511886741231,0,0,0,0,0,0
0,285.111774150814,271.858824273294,298.364724028334,26.5058997550398,0,0,0,0,0,0
0,312.909820158054,298.364724028334,327.454916287773,29.0901922594392,0,0,0,0,0,0
0,343.418141334118,327.454916287773,359.381366380463,31.9264500926897,0,0,0,0,0,0
0,376.900986162114,359.381366380463,394.420605943766,35.0392395633031,0,0,0,0,0,0
0,413.648367026036,394.420605943766,432.876128108306,38.4555221645401,0,0,0,0,0,0
0,453.978572159293,432.876128108306,475.08101621028,42.2048881019737,0,0,0,0,0,0
0,498.240922505124,475.08101621028,521.400828799969,46.3198125896892,0,0,0,0,0,0
0,546.818797367496,521.400828799969,572.236765935022,50.8359371350531,0,0,0,0,0,0
0,600.132955059224,572.236765935022,628.029144183426,55.7923782484039,0,0,0,0,0,0
0,658.645177309198,628.029144183426,689.26121043497,61.2320662515442,0,0,0,0,0,0
0,722.8622689948,689.26121043497,756.463327554629,67.2021171196589,0,0,0,0,0,0
0,793.340447843302,756.463327554629,830.217568131975,73.7542405773462,0,0,0,0,0,0
0,870.690162123733,830.217568131975,911.16275611549,80.9451879835144,0,0,0,0,0,0
0,955.581378057745,911.16275611549,1000,88.8372438845104,0,0,0,0,0,0
