count,y,ymin,ymax,BinWidth,fy_bw,fy_bw_norm,yfy,yfy_norm,ydy,ydy_norm
396,0.104874938274653,0.1,0.109749876549306,0.00974987654930562,40615.898878043,0.0406826808665715,0.00426659364472909,0.00202146612329501,0.000212001134904866,4.50214181404682e-05
471,0.115100115287592,0.109749876549306,0.120450354025878,0.0107004774765726,44016.7273872776,0.0440891011292023,0.00507466062289749,0.00240431955573725,0.00027673745805357,5.87690854567876e-05
569,0.126322234436241,0.120450354025878,0.132194114846603,0.0117437608207247,48451.259241917,0.0485309243860666,0.00613053480770417,0.00290458137412844,0.00036691320928179,7.79191725730589e-05
650,0.138638496348098,0.132194114846603,0.145082877849594,0.0128887630029911,50431.527047953,0.0505144482131574,0.00700324714412602,0.00331806308116605,0.000460011276361,9.76898544985274e-05
789,0.152155578591852,0.145082877849594,0.159228279334109,0.0141454014845152,55777.8441894143,0.0558695559440153,0.00850086461033146,0.00402761810929234,0.000612824563766396,0.000130141902044335
941,0.166990559667439,0.159228279334109,0.174752840000768,0.0155245606666592,60613.631535539,0.0607132944497596,0.0101385470194194,0.00480353439904193,0.000802144897677806,0.000170346733586126
1089,0.183271933084009,0.174752840000768,0.191791026167249,0.0170381861664805,63915.2542036668,0.064020345753797,0.011733132523005,0.00555903183906127,0.00101881451122031,0.000216359568724995
1266,0.201140720309225,0.191791026167249,0.210490414451202,0.0186993882839532,67702.7494576607,0.0678140685312877,0.0136401705914824,0.00646256593962496,0.00129988516814203,0.000276048869812781
1552,0.220751692229759,0.210490414451202,0.231012970008316,0.0205225555571139,75624.1100520261,0.0757484536856642,0.0167215993348979,0.00792251369533805,0.00174890830495932,0.000371405238572162
1782,0.242274709702664,0.231012970008316,0.253536449397011,0.0225234793886952,79117.4387068458,0.079247526185643,0.0191996714012809,0.00909659755482754,0.0022038755318778,0.000468023918337712
2093,0.265896194808862,0.253536449397011,0.278255940220712,0.0247194908237012,84670.0288014515,0.0848092460303772,0.0225504558040859,0.0106841631213547,0.00284087831868539,0.00060330040558094
2519,0.291820745552027,0.278255940220712,0.305385550883342,0.0271296106626291,92850.5768595458,0.0930032448129824,0.0271402762400822,0.0128587706176266,0.00375245602851829,0.000796886733599107
2931,0.320272907988613,0.305385550883342,0.335160265093884,0.0297747142105427,98439.2320031803,0.0986010890060779,0.0315792575068206,0.0149619121398426,0.00479189511009753,0.00101762621947178
3459,0.351499121138374,0.335160265093884,0.367837977182863,0.0326777120889792,105851.963888456,0.106026009147416,0.037268049033126,0.017657200304236,0.00620649038870316,0.0013180353921218
4077,0.385769851521259,0.367837977182863,0.403701725859655,0.035863748676792,113680.252355725,0.113867169142462,0.0439265209332337,0.0208119125875601,0.00802860842877647,0.0017049877460337
4943,0.423381935809022,0.403701725859655,0.443062145758388,0.0393604198987326,125583.009853997,0.125789497543673,0.0532570009744845,0.0252325935541597,0.0106830243044424,0.00226869023333726
5845,0.464661151882462,0.443062145758388,0.486260158006536,0.0431980122481474,135307.151783371,0.135529628225056,0.0629753531652563,0.0298370441683316,0.0138641153120249,0.00294423958103072
7075,0.509965040563583,0.486260158006536,0.533669923120631,0.0474097651140955,149230.859570247,0.149476229827393,0.0762276516072181,0.0361158404603844,0.0184178160453679,0.00391128187962214
8219,0.559686002463149,0.533669923120631,0.585702081805667,0.0520321586850358,157960.004114989,0.158219727116921,0.0885533665808797,0.0419556314832366,0.0234819796656697,0.00498672814071724
9912,0.614254696767049,0.585702081805667,0.642807311728432,0.0571052299227655,173574.29456822,0.173859691096892,0.106794131834734,0.0505979096315661,0.0310800036377842,0.00660027523065792
11406,0.674143771400148,0.642807311728432,0.705480231071864,0.0626729193434322,181992.47967847,0.182291717662262,0.122890826039849,0.0582243500058154,0.0392515829002427,0.00833562484097114
13744,0.739871956876496,0.705480231071864,0.774263682681127,0.0687834516092628,199815.50327069,0.200144046452445,0.148080967305951,0.070159167673148,0.0519088006791582,0.0110235627823187
16043,0.812008559294886,0.774263682681127,0.849753435908644,0.0754897532275173,212518.909045156,0.212868339581916,0.172850913743406,0.0818949015556108,0.066499361025768,0.0141220731679505
19485,0.891178391395932,0.849753435908644,0.93260334688322,0.0828499109745754,235184.320306385,0.235571018053194,0.209935800928148,0.0994653217484935,0.0886413454355012,0.0188242344984436
23206,0.978067184391123,0.93260334688322,1.02353102189903,0.0909276750158065,255213.827868864,0.255633458786703,0.250026697271675,0.118459956710061,0.115861796322503,0.0246048795025646
27319,1.07342752743853,1.02353102189903,1.12332403297803,0.0997930110790013,273756.645927568,0.274206765552959,0.294341090354429,0.139455638945193,0.149695521700298,0.0317899462153774
33044,1.17808538621005,1.12332403297803,1.23284673944207,0.109522706464039,301709.125594424,0.302205205600554,0.356023536354616,0.168680117621617,0.198719581514219,0.0422008937643906
38612,1.29294725701094,1.23284673944207,1.35304777457981,0.120201035137741,321228.514843934,0.321756689267889,0.416014428813837,0.197103156446129,0.25484398547522,0.0541196991035538
46359,1.41900801841714,1.35304777457981,1.48496826225447,0.131920487674658,351416.226676865,0.351994036723347,0.499482360545446,0.236649363661197,0.335807344588551,0.0713134053841068
54972,1.55735954843755,1.48496826225447,1.62975083462064,0.144782572366179,379686.581759071,0.38031087484744,0.592280772318301,0.280616251842862,0.437020399254238,0.0928074188827742
65682,1.70920018183904,1.62975083462064,1.78864952905744,0.158898694436791,413357.707140433,0.414037363393746,0.707672736800748,0.335287721995614,0.5730738354033,0.1217002766548
77804,1.87584508954885,1.78864952905744,1.96304065004027,0.174391120982836,446146.567333881,0.446880136102879,0.838277908925509,0.397167046103144,0.745023853163205,0.158216277629529
89409,2.05873767003608,1.96304065004027,2.15443469003188,0.191394039991613,467146.207917018,0.467914304981469,0.963312806014099,0.45640723388304,0.939622765271981,0.19954208937889
94247,2.25946205133865,2.15443469003188,2.36448941264541,0.210054722613524,448678.319760529,0.449416051319621,1.01543851321915,0.48110383263178,1.08703585258509,0.230847328599797
86269,2.47975681202257,2.36448941264541,2.59502421139974,0.230534798754329,374212.485343409,0.374827777743522,0.929481735194781,0.440378436844791,1.09203142863372,0.23190820932687
67432,2.72153003991777,2.59502421139974,2.8480358684358,0.253011657036065,266517.364416882,0.266955580978987,0.726527632958014,0.344220968752601,0.936807706829799,0.198944272186674
47684,2.98687585906202,2.8480358684358,3.12571584968824,0.277679981252435,171722.858035816,0.172005210372025,0.513758210493085,0.243413107634342,0.72704473497228,0.154398159399955
33184,3.27809256800158,3.12571584968824,3.43046928631492,0.304753436626683,108888.025570159,0.109067062820974,0.357531928047197,0.169394777362176,0.55529176072923,0.117924003383124
23696,3.59770254655369,3.43046928631492,3.76493580679247,0.33446652047755,70847.1507586677,0.0709636399596934,0.255306068195708,0.120961265802017,0.435182654010274,0.0924171478726623
17157,3.9484741034539,3.76493580679247,4.13201240011534,0.367076593322869,46739.5642001865,0.0468164149193991,0.1848534019258,0.0875815512054861,0.345813486875184,0.0734383502154715
13000,4.33344545412196,4.13201240011534,4.53487850812859,0.402866108013246,32268.7854386911,0.0323218428304644,0.14006494288252,0.066361261623321,0.287572907511379,0.061070145311957
10059,4.75595103623035,4.53487850812859,4.97702356433211,0.442145056203527,22750.4522754851,0.02278785931275,0.108377943111945,0.0513483023591531,0.244210011813683,0.0518614254630584
7896,5.21965039100823,4.97702356433211,5.46227721768434,0.485253653352231,16271.9022215553,0.0162986570150602,0.0850732914615679,0.0403068093675187,0.210387453275463,0.044678730185446
6297,5.72855986043688,5.46227721768434,5.99484250318941,0.532565285505069,11823.9024799149,0.0118433437268549,0.0678453034870178,0.0321443741878502,0.184140971711382,0.0391049212445512
5108,6.28708737488255,5.99484250318941,6.57933224657568,0.58448974338627,8739.24659551175,0.00875361595041983,0.055034748326455,0.0260748711055326,0.163934992929284,0.0348138978965182
3747,6.90007063248058,6.57933224657568,7.22080901838547,0.641476771809785,5841.20916713581,0.00585081347417733,0.0403710262292926,0.0191273574848142,0.131980117657924,0.0280278313886007
2313,7.57281900096232,7.22080901838547,7.92482898353918,0.704019965153711,3285.41819051253,0.00329082018249033,0.0249207856067131,0.0118071998565186,0.0894137874216035,0.0189882734016371
999,8.31115950485851,7.92482898353918,8.69749002617784,0.772661042638657,1292.9343462023,0.00129506023111588,0.010763452149203,0.00509960772013062,0.0423836531742134,0.00900076394748133
442,9.12148729639809,8.69749002617784,9.54548456661834,0.847994540440507,521.229770854887,0.000522086793881324,0.0047622080580057,0.00225628289519292,0.0205806557655825,0.00437059126708505
228,10.0108210472575,9.54548456661834,10.4761575278967,0.93067296127831,244.984016390499,0.000245386827117929,0.0024565236136319,0.0011638744346244,0.0116513386865029,0.00247432539045912
105,10.986863740937,10.4761575278967,11.4975699539774,1.02141242608072,102.798827700675,0.000102967852893318,0.00113129376943574,0.000535994805419129,0.00588890189299001,0.00125059101514467
53,12.0580693923188,11.4975699539774,12.6185688306602,1.12099887668284,47.2792623636098,4.73570004721836e-05,0.000571033997905663,0.000270549758925849,0.003262307767203,0.000692796867130226
12,13.2337162722995,12.6185688306602,13.8488637139387,1.23029488327852,9.75375917033979,9.76979661998431e-06,0.000129290716506943,6.12565491907582e-05,0.00081065179181065,0.000172153292018011
3,14.523987271734,13.8488637139387,15.1991108295293,1.35024711559062,2.22181552203336,2.22546870373815e-06,3.23226791267353e-05,1.53141372976894e-05,0.000222422335189228,4.72345063663325e-05
3,15.940058100765,15.1991108295293,16.6810053720006,1.48189454247124,2.02443555463611,2.02776419774684e-06,3.23226791267357e-05,1.53141372976896e-05,0.000244108238288263,5.18398124257244e-05
1,17.4941940874771,16.6810053720006,18.3073828029537,1.62637743095311,0.614863426513469,6.15874405057101e-07,1.07742263755784e-05,5.10471243256313e-06,8.9302830056017e-05,1.89647100468745e-05
0,19.1998564143021,18.3073828029537,20.0923300256505,1.78494722269678,0,0,0,0,0,0
2,21.0718187123405,20.0923300256505,22.0513073990305,1.95897737337998,1.02094083738662,1.02261950168248e-06,2.15484527511571e-05,1.02094248651264e-05,0.000215131149915204,4.56861207828838e-05
2,23.1262950234871,22.0513073990305,24.2012826479438,2.14997524891338,0.93024326722404,9.31772803610444e-07,2.15484527511569e-05,1.02094248651263e-05,0.000236106171451035,5.0140461159381e-05
0,25.3810802387054,24.2012826479438,26.5608778294669,2.35959518152303,0,0,0,0,0,0
1,27.8557042288593,26.5608778294669,29.1505306282518,2.58965279878492,0.386152151542943,3.86787075532488e-07,1.07742263755784e-05,5.10471243256313e-06,0.00014219535969486,3.01971814883412e-05
2,30.5716010031128,29.1505306282518,31.9926713779739,2.84214074972206,0.703694917359594,7.04851955544069e-07,2.15484527511571e-05,1.02094248651264e-05,0.000312118463447902,6.62827388096492e-05
2,33.5522943600626,31.9926713779739,35.1119173421513,3.1192459641775,0.641180600365824,6.42234850466921e-07,2.15484527511569e-05,1.02094248651263e-05,0.000342549628321659,7.2745224017088e-05
3,36.8236016396283,35.1119173421513,38.5352859371053,3.42336859495397,0.87632982449567,8.77770714637296e-07,3.23226791267357e-05,1.53141372976895e-05,0.000563921691304694,0.000119756690331406
1,40.4138573405002,38.5352859371053,42.292428743895,3.75714280678967,0.26615969938456,2.66597327862127e-07,1.07742263755786e-05,5.10471243256319e-06,0.000206301120013886,4.38109399327508e-05
1,44.3541585400114,42.292428743895,46.4158883361278,4.12345959223283,0.242514805258102,2.42913556027878e-07,1.07742263755784e-05,5.10471243256313e-06,0.000226415224535072,4.80824524912838e-05
0,48.6786342421458,46.4158883361278,50.9413801481638,4.52549181203598,0,0,0,0,0,0
0,53.424740986643,50.9413801481638,55.9081018251223,4.96672167695849,0,0,0,0,0,0
2,58.633587279627,55.9081018251223,61.3590727341318,5.45097090900947,0.366907113133618,3.67510393801957e-07,2.15484527511571e-05,1.02094248651264e-05,0.000598615203904182,0.000127124344934784
2,64.35028965582,61.3590727341318,67.3415065775083,5.98243384337653,0.334312096441201,3.34861783317676e-07,2.15484527511569e-05,1.02094248651263e-05,0.000656979447290206,0.000139518811630037
0,70.6243634563831,67.3415065775083,73.9072203352578,6.56571375774955,0,0,0,0,0,0
1,77.5101517071133,73.9072203352578,81.1130830789687,7.2058627437109,0.13877588785226,1.3900406770317e-07,1.07742263755786e-05,5.10471243256319e-06,0.00039566703506916,8.40254512705397e-05
1,85.0672958117363,81.1130830789687,89.0215085445039,7.9084254655352,0.126447420457838,1.26655329439683e-07,1.07742263755784e-05,5.10471243256313e-06,0.000434244082534696,9.22178290394133e-05
1,93.3612521372133,89.0215085445039,97.7009957299226,8.67948718541864,0.115214180128059,1.15403619048978e-07,1.07742263755786e-05,5.10471243256319e-06,0.000476582344504499,0.000101208953527207
0,102.463858965478,97.7009957299226,107.226722201032,9.52572647110986,0,0,0,0,0,0
0,112.453958722266,107.226722201032,117.6811952435,10.4544730424675,0,0,0,0,0,0
3,123.418080872494,117.6811952435,129.154966501488,11.4737712579885,0.26146590624345,2.61895817032911e-07,3.23226791267357e-05,1.53141372976896e-05,0.00189004143549873,0.000401376840782403
0,135.451191397085,129.154966501488,141.747416292681,12.5924497911922,0,0,0,0,0,0
0,148.657515342864,141.747416292681,155.567614393047,13.8201981003666,0,0,0,0,0,0
1,163.151439570058,155.567614393047,170.735264747069,15.167650354022,0.0659297898263347,6.60381937417839e-08,1.07742263755784e-05,5.10471243256313e-06,0.000832841181963849,0.00017686552062385
3,179.058503516554,170.735264747069,187.381742286039,16.6464775389693,0.180218307024836,1.80514627855959e-07,3.23226791267356e-05,1.53141372976895e-05,0.00274212650717133,0.000582329071628891
0,196.516486560452,187.381742286039,205.651230834865,18.2694885488268,0,0,0,0,0,0
0,215.676601399129,205.651230834865,225.701971963392,20.0507411285268,0,0,0,0,0,0
0,236.704803781282,225.701971963392,247.707635599171,22.005663635779,0,0,0,0,0,0
0,259.783229936233,247.707635599171,271.858824273294,24.1511886741231,0,0,0,0,0,0
0,285.111774150814,271.858824273294,298.364724028334,26.5058997550398,0,0,0,0,0,0
1,312.909820158054,298.364724028334,327.454916287773,29.0901922594392,0.0343758470580586,3.44323689494189e-08,1.07742263755784e-05,5.10471243256313e-06,0.00159731464923191,0.000339212196940529
1,343.418141334118,327.454916287773,359.381366380463,31.9264500926897,0.0313219915492256,3.13734921915384e-08,1.07742263755786e-05,5.10471243256319e-06,0.00175305085563602,0.000372284967382423
2,376.900986162114,359.381366380463,394.420605943766,35.0392395633031,0.0570788642940361,5.7172715228419e-08,2.15484527511569e-05,1.02094248651262e-05,0.00384794229981409,0.000817164584227652
4,413.648367026036,394.420605943766,432.876128108306,38.4555221645401,0.104016270612193,1.04187297564266e-07,4.30969055023143e-05,2.04188497302528e-05,0.00844622384746907,0.00179367424478901
0,453.978572159293,432.876128108306,475.08101621028,42.2048881019737,0,0,0,0,0,0
0,498.240922505124,475.08101621028,521.400828799969,46.3198125896892,0,0,0,0,0,0
1,546.818797367496,521.400828799969,572.236765935022,50.8359371350531,0.0196711235467806,1.97034674510972e-08,1.07742263755785e-05,5.10471243256318e-06,0.0027913527132811,0.00059278294778258
0,600.132955059224,572.236765935022,628.029144183426,55.7923782484039,0,0,0,0,0,0
1,658.645177309198,628.029144183426,689.26121043497,61.2320662515442,0.0163313123534318,1.63581648310174e-08,1.07742263755786e-05,5.10471243256319e-06,0.00336219422525805,0.000714009159209156
1,722.8622689948,689.26121043497,756.463327554629,67.2021171196589,0.0148804835749359,1.49049505524213e-08,1.07742263755786e-05,5.10471243256318e-06,0.00369000401156859,0.000783624170782782
1,793.340447843302,756.463327554629,830.217568131975,73.7542405773462,0.0135585424264697,1.35808358251091e-08,1.07742263755784e-05,5.10471243256313e-06,0.0040497748473609,0.000860026560044614
0,870.690162123733,830.217568131975,911.16275611549,80.9451879835144,0,0,0,0,0,0
1,955.581378057745,911.16275611549,1000,88.8372438845104,0.011256540120718,1.12750484919218e-08,1.07742263755786e-05,5.10471243256319e-06,0.00487796814089723,0.00103590503629033
