count,y,ymin,ymax,BinWidth,fy_bw,fy_bw_norm,yfy,yfy_norm,ydy,ydy_norm
23,0.104874938274653,0.1,0.109749876549306,0.00974987654930562,2359.00422776512,0.00235764842957993,0.000247258233525527,3.24599418114277e-05,3.4042343938723e-06,3.9128607777826e-07
40,0.115100115287592,0.109749876549306,0.120450354025878,0.0107004774765726,3738.15094584099,0.00373600250616941,0.000430014319174831,5.64520727155266e-05,6.49764007778063e-06,7.46845195332629e-07
37,0.126322234436241,0.120450354025878,0.132194114846603,0.0117437608207247,3150.60912469408,0.00314879836484751,0.000397763245236718,5.22181672618619e-05,6.59631556668375e-06,7.5818705390008e-07
38,0.138638496348098,0.132194114846603,0.145082877849594,0.0128887630029911,2948.30465818802,0.00294661016944657,0.000408513603216088,5.36294690797501e-05,7.43510895316339e-06,8.5459879771324e-07
51,0.152155578591852,0.145082877849594,0.159228279334109,0.0141454014845152,3605.41198182526,0.00360333983165091,0.00054826825694791,7.19763927122964e-05,1.09516096780938e-05,1.25878887893655e-06
57,0.166990559667439,0.159228279334109,0.174752840000768,0.0155245606666592,3671.60148514955,0.00366949129366632,0.000612770404824133,8.04442036196251e-05,1.34334225844426e-05,1.54405091601974e-06
67,0.183271933084009,0.174752840000768,0.191791026167249,0.0170381861664805,3932.34346340282,0.00393008341483297,0.000720273984617839,9.45572217985066e-05,1.73296848260657e-05,1.99189116264449e-06
85,0.201140720309225,0.191791026167249,0.210490414451202,0.0186993882839532,4545.60324162809,0.00454299073226796,0.000913780428246513,0.000119960654520494,2.41289724590182e-05,2.77340802716273e-06
84,0.220751692229759,0.210490414451202,0.231012970008316,0.0205225555571139,4093.05750281585,0.00409070508654253,0.000903030070267146,0.000118549352702606,2.61699702218428e-05,3.00800233441941e-06
119,0.242274709702664,0.231012970008316,0.253536449397011,0.0225234793886952,5283.37553654021,0.00528033900490545,0.00127929259954512,0.000167944916328691,4.06888058495717e-05,4.67681170221949e-06
135,0.265896194808862,0.253536449397011,0.278255940220712,0.0247194908237012,5461.27753855516,0.0054581387607232,0.00145129832721506,0.000190525745414902,5.06600707189444e-05,5.82291877647031e-06
158,0.291820745552027,0.278255940220712,0.305385550883342,0.0271296106626291,5823.89485661303,0.0058205476705485,0.00169855656074058,0.000222985687226329,6.50718494938184e-05,7.47942292341712e-06
184,0.320272907988613,0.305385550883342,0.335160265093884,0.0297747142105427,6179.74025540265,0.00617618855315276,0.00197806586820422,0.000259679534491422,8.31683196566969e-05,9.55944915322368e-06
203,0.351499121138374,0.335160265093884,0.367837977182863,0.0326777120889792,6212.18521808518,0.00620861486863619,0.00218232266981226,0.000286494269031296,0.000100702483775682,1.15748433686125e-05
257,0.385769851521259,0.367837977182863,0.403701725859655,0.035863748676792,7166.01051150876,0.00716189196694142,0.00276284200069829,0.000362704567197258,0.000139920487033769,1.60825995621267e-05
349,0.423381935809022,0.403701725859655,0.443062145758388,0.0393604198987326,8866.77532653145,0.00886167929586107,0.00375187493480039,0.000492544334442968,0.00020853437378823,2.39691477615107e-05
324,0.464661151882462,0.443062145758388,0.486260158006536,0.0431980122481474,7500.34511168729,0.00749603441390596,0.00348311598531612,0.000457261788995764,0.000212471789586607,2.44217182387676e-05
432,0.509965040563583,0.486260158006536,0.533669923120631,0.0474097651140955,9112.04683170981,0.00910680983534819,0.00464415464708818,0.000609682385327687,0.000310916702364536,3.5737074157689e-05
541,0.559686002463149,0.533669923120631,0.585702081805667,0.0520321586850358,10397.4160148691,0.0103914402740892,0.00581594366683957,0.000763514283477494,0.000427328257143034,4.91175337286689e-05
686,0.614254696767049,0.585702081805667,0.642807311728432,0.0571052299227655,12012.910217292,0.0120060059982661,0.00737474557384834,0.000968153047071279,0.000594692556352863,6.83545522829142e-05
714,0.674143771400148,0.642807311728432,0.705480231071864,0.0626729193434322,11392.4803165376,0.0113859326792099,0.00767575559727072,0.00100766949797215,0.000679314115687838,7.8081038246179e-05
928,0.739871956876496,0.705480231071864,0.774263682681127,0.0687834516092628,13491.6172173458,0.0134838631362283,0.00997633220485605,0.00130968808700021,0.000969001487826681,0.000111377992131062
1073,0.812008559294886,0.774263682681127,0.849753435908644,0.0754897532275173,14213.8496169951,0.0142056804448976,0.0115351341118648,0.001514326850594,0.00122964636425239,0.000141336772752395
1206,0.891178391395932,0.849753435908644,0.93260334688322,0.0828499109745754,14556.4429196561,0.0145480768477937,0.0129649317231212,0.00170202999237313,0.00151681235071071,0.00017434391606628
1521,0.978067184391123,0.93260334688322,1.02353102189903,0.0909276750158065,16727.5804614557,0.0167179665646405,0.0163512944866229,0.00214659006500789,0.00209950930092422,0.000241319681481496
1875,1.07342752743853,1.02353102189903,1.12332403297803,0.0997930110790013,18788.8909225883,0.0187780923220963,0.0201569212113202,0.0026461909085403,0.00284049416408472,0.000326489216611341
2173,1.17808538621005,1.12332403297803,1.23284673944207,0.109522706464039,19840.6346058796,0.019829231533314,0.0233605278891726,0.00306675885027097,0.00361290378453455,0.00041527074451319
2662,1.29294725701094,1.23284673944207,1.35304777457981,0.120201035137741,22146.2319101458,0.0221335037341302,0.028617452941085,0.00375688543921828,0.00485745472354161,0.000558320663871236
3138,1.41900801841714,1.35304777457981,1.48496826225447,0.131920487674658,23787.0557887789,0.0237733845767099,0.0337346233392656,0.00442866510453307,0.00628431129421659,0.000722324973356071
3691,1.55735954843755,1.48496826225447,1.62975083462064,0.144782572366179,25493.3997903066,0.0254787478855904,0.0396795713018574,0.0052091150098252,0.00811246499946066,0.000932454773521523
4384,1.70920018183904,1.62975083462064,1.78864952905744,0.158898694436791,27589.9057291748,0.0275740488927702,0.0471295693815614,0.0061871471696217,0.0105750730673823,0.00121550938742726
5278,1.87584508954885,1.78864952905744,1.96304065004027,0.174391120982836,30265.3023287778,0.0302479078529694,0.0567403894151188,0.0074488509948137,0.0139728905614024,0.0016060579003718
6549,2.05873767003608,1.96304065004027,2.15443469003188,0.191394039991613,34217.3664356894,0.0341977005772014,0.0704040944068991,0.00924261560534957,0.0190281209163965,0.00218711109148924
7805,2.25946205133865,2.15443469003188,2.36448941264541,0.210054722613524,37156.984155792,0.0371356288012349,0.0839065440289886,0.0110152106886171,0.0248884505384301,0.00286070319091132
9266,2.47975681202257,2.36448941264541,2.59502421139974,0.230534798754329,40193.4981185829,0.0401703975784633,0.0996128170368494,0.0130771226445517,0.0324280839594817,0.00372731613463796
11012,2.72153003991777,2.59502421139974,2.8480358684358,0.253011657036065,43523.6863352519,0.0434986718252091,0.118382942068831,0.0155412556185845,0.0422959940240186,0.00486154350510676
13335,2.98687585906202,2.8480358684358,3.12571584968824,0.277679981252435,48022.9073044965,0.0479953069425281,0.143356023654909,0.0188197097415386,0.056212136701556,0.00646107874742079
15839,3.27809256800158,3.12571584968824,3.43046928631492,0.304753436626683,51973.1628798742,0.0519432921746495,0.170274920035253,0.0223536094935305,0.073277201148752,0.00842255418124987
19052,3.59770254655369,3.43046928631492,3.76493580679247,0.33446652047755,56962.3529816905,0.0569296148229843,0.204815820222972,0.0268881222344052,0.0967354658347667,0.0111188703917309
23135,3.9484741034539,3.76493580679247,4.13201240011534,0.367076593322869,63024.9937501495,0.0629887711901631,0.248709531852742,0.0326504675568426,0.128919525613855,0.014818138145035
27521,4.33344545412196,4.13201240011534,4.53487850812859,0.402866108013246,68313.0187737092,0.0682737570098732,0.295860601950262,0.0388404373301,0.168312916584231,0.0193460535761609
32761,4.75595103623035,4.53487850812859,4.97702356433211,0.442145056203527,74095.5927027702,0.074053007501381,0.352192477762167,0.0462356588558342,0.219894529646198,0.0252748953435853
39933,5.21965039100823,4.97702356433211,5.46227721768434,0.485253653352231,82293.0434920679,0.0822457469430802,0.429294045190212,0.0563575154937279,0.294166527783089,0.0338117924773579
47269,5.72855986043688,5.46227721768434,5.99484250318941,0.532565285505069,88757.193317945,0.0887061816070684,0.508158671326876,0.0667108256297554,0.382156957959221,0.043925499796576
57068,6.28708737488255,5.99484250318941,6.57933224657568,0.58448974338627,97637.2992781254,0.0975811838750199,0.61350142916673,0.0805401721432415,0.506363099452641,0.0582018768957597
68834,6.90007063248058,6.57933224657568,7.22080901838547,0.641476771809785,107305.522233954,0.107243850181571,0.739990141152006,0.0971455493325136,0.67031115202547,0.077046228673087
82772,7.57281900096232,7.22080901838547,7.92482898353918,0.704019965153711,117570.529383962,0.117502957690577,0.889828630668475,0.116816274070239,0.884628499900726,0.1016800772121
100518,8.31115950485851,7.92482898353918,8.69749002617784,0.772661042638657,130093.267879442,0.130018498951765,1.08060448337039,0.141861236130483,1.17903136103684,0.135519034079465
119899,9.12148729639809,8.69749002617784,9.54548456661834,0.847994540440507,141391.240488077,0.141309978239795,1.28895717136858,0.169213676662973,1.54348040205812,0.177409168339302
124046,10.0108210472575,9.54548456661834,10.4761575278967,0.93067296127831,133286.347794631,0.133209743697731,1.33353890590902,0.175066345301755,1.75255785421325,0.201440738066966
97376,10.986863740937,10.4761575278967,11.4975699539774,1.02141242608072,95334.6537731516,0.095279861776999,1.0468268585992,0.137426925818677,1.50989090830566,0.173548358611096
49954,12.0580693923188,11.4975699539774,12.6185688306602,1.12099887668284,44562.0428700333,0.0445364315819565,0.537023382501489,0.0705001710107855,0.850095954218393,0.0977108721596918
12252,13.2337162722995,12.6185688306602,13.8488637139387,1.23029488327852,9958.58811291693,0.00995286458112683,0.131713385963251,0.0172912698727658,0.228827759483943,0.0263016896417085
1046,14.523987271734,13.8488637139387,15.1991108295293,1.35024711559062,774.673012015631,0.000774227781671637,0.0112448744464217,0.00147622170151101,0.0214406252030034,0.0024644067270744
38,15.940058100765,15.1991108295293,16.6810053720006,1.48189454247124,25.6428503587241,2.56281125597959e-05,0.000408513603216091,5.36294690797504e-05,0.0008548568530444,9.82580945929298e-05
5,17.4941940874771,16.6810053720006,18.3073828029537,1.62637743095311,3.07431713256735,3.07255022026597e-06,5.37517898968534e-05,7.05650908944076e-06,0.000123447939590723,1.41892286204525e-05
3,19.1998564143021,18.3073828029537,20.0923300256505,1.78494722269678,1.6807219630099,1.67975599620049e-06,3.22510739381124e-05,4.2339054536645e-06,8.1290376782089e-05,9.34359653654733e-06
2,21.0718187123405,20.0923300256505,22.0513073990305,1.95897737337998,1.02094083738662,1.02035406873304e-06,2.15007159587416e-05,2.82260363577634e-06,5.9477392109872e-05,6.83639044275059e-06
8,23.1262950234871,22.0513073990305,24.2012826479438,2.14997524891338,3.72097306889616,3.71883450192176e-06,8.60028638349655e-05,1.12904145431052e-05,0.000261105457661321,3.00117202853889e-05
4,25.3810802387054,24.2012826479438,26.5608778294669,2.35959518152303,1.69520603844349,1.69423174715422e-06,4.30014319174832e-05,5.64520727155267e-06,0.000143281458723401,1.64689129817688e-05
7,27.8557042288593,26.5608778294669,29.1505306282518,2.58965279878492,2.7030650608006,2.70151151941192e-06,7.52525058555949e-05,9.87911272521707e-06,0.000275189642117207,3.16305704163813e-05
5,30.5716010031128,29.1505306282518,31.9926713779739,2.84214074972206,1.75923729339899,1.75822620121795e-06,5.3751789896854e-05,7.05650908944083e-06,0.000215728780357224,2.47960799884429e-05
1,33.5522943600626,31.9926713779739,35.1119173421513,3.1192459641775,0.320590300182912,3.2040604627524e-07,1.07503579793707e-05,1.41130181788815e-06,4.73524140246748e-05,5.44273343527658e-06
2,36.8236016396283,35.1119173421513,38.5352859371053,3.42336859495397,0.584219882997113,5.83884112400435e-07,2.15007159587416e-05,2.82260363577633e-06,0.000103938431870394,1.19467864522478e-05
1,40.4138573405002,38.5352859371053,42.292428743895,3.75714280678967,0.26615969938456,2.66006728553414e-07,1.07503579793708e-05,1.41130181788817e-06,5.7036150332521e-05,6.55579169147555e-06
1,44.3541585400114,42.292428743895,46.4158883361278,4.12345959223283,0.242514805258102,2.4237542393399e-07,1.07503579793707e-05,1.41130181788815e-06,6.25971045784174e-05,7.19497328822396e-06
3,48.6786342421458,46.4158883361278,50.9413801481638,4.52549181203598,0.662911375073359,6.62530377859072e-07,3.22510739381124e-05,4.2339054536645e-06,0.000206100734994761,2.36894229047442e-05
1,53.424740986643,50.9413801481638,55.9081018251223,4.96672167695849,0.201340051857381,2.01224335033434e-07,1.07503579793707e-05,1.41130181788815e-06,7.53984340746529e-05,8.66637079773313e-06
3,58.633587279627,55.9081018251223,61.3590727341318,5.45097090900947,0.550360669700428,5.50044359119717e-07,3.22510739381125e-05,4.23390545366451e-06,0.000248249064951127,2.85339937554519e-05
2,64.35028965582,61.3590727341318,67.3415065775083,5.98243384337653,0.334312096441201,3.34119956160862e-07,2.15007159587414e-05,2.8226036357763e-06,0.000181635361545776,2.08773486141298e-05
2,70.6243634563831,67.3415065775083,73.9072203352578,6.56571375774955,0.304612731196115,3.04437660128721e-07,2.15007159587416e-05,2.82260363577633e-06,0.000199344585066376,2.29128643307759e-05
1,77.5101517071133,73.9072203352578,81.1130830789687,7.2058627437109,0.13877588785226,1.38696128734118e-07,1.07503579793708e-05,1.41130181788817e-06,0.000109390218009037,1.25734201584682e-05
1,85.0672958117363,81.1130830789687,89.0215085445039,7.9084254655352,0.126447420457838,1.26374746919926e-07,1.07503579793707e-05,1.41130181788815e-06,0.000120055629221933,1.37993131019442e-05
2,93.3612521372133,89.0215085445039,97.7009957299226,8.67948718541864,0.230428360256117,2.30295925413918e-07,2.15007159587416e-05,2.82260363577634e-06,0.000263521809723129,3.02894581880722e-05
5,102.463858965478,97.7009957299226,107.226722201032,9.52572647110986,0.524894349545336,5.24592675305775e-07,5.37517898968534e-05,7.05650908944076e-06,0.000723037152129068,8.31066074221559e-05
1,112.453958722266,107.226722201032,117.6811952435,10.4544730424675,0.0956528364402361,9.55978615739226e-08,1.07503579793708e-05,1.41130181788817e-06,0.000158706476373455,1.82418798100266e-05
1,123.418080872494,117.6811952435,129.154966501488,11.4737712579885,0.0871553020811498,8.71052110304425e-08,1.07503579793708e-05,1.41130181788817e-06,0.00017418016189562,2.0020440571777e-05
0,135.451191397085,129.154966501488,141.747416292681,12.5924497911922,0,0,0,0,0,0
0,148.657515342864,141.747416292681,155.567614393047,13.8201981003666,0,0,0,0,0,0
0,163.151439570058,155.567614393047,170.735264747069,15.167650354022,0,0,0,0,0,0
0,179.058503516554,170.735264747069,187.381742286039,16.6464775389693,0,0,0,0,0,0
0,196.516486560452,187.381742286039,205.651230834865,18.2694885488268,0,0,0,0,0,0
0,215.676601399129,205.651230834865,225.701971963392,20.0507411285268,0,0,0,0,0,0
0,236.704803781282,225.701971963392,247.707635599171,22.005663635779,0,0,0,0,0,0
0,259.783229936233,247.707635599171,271.858824273294,24.1511886741231,0,0,0,0,0,0
0,285.111774150814,271.858824273294,298.364724028334,26.5058997550398,0,0,0,0,0,0
0,312.909820158054,298.364724028334,327.454916287773,29.0901922594392,0,0,0,0,0,0
0,343.418141334118,327.454916287773,359.381366380463,31.9264500926897,0,0,0,0,0,0
0,376.900986162114,359.381366380463,394.420605943766,35.0392395633031,0,0,0,0,0,0
0,413.648367026036,394.420605943766,432.876128108306,38.4555221645401,0,0,0,0,0,0
0,453.978572159293,432.876128108306,475.08101621028,42.2048881019737,0,0,0,0,0,0
0,498.240922505124,475.08101621028,521.400828799969,46.3198125896892,0,0,0,0,0,0
0,546.818797367496,521.400828799969,572.236765935022,50.8359371350531,0,0,0,0,0,0
0,600.132955059224,572.236765935022,628.029144183426,55.7923782484039,0,0,0,0,0,0
0,658.645177309198,628.029144183426,689.26121043497,61.2320662515442,0,0,0,0,0,0
0,722.8622689948,689.26121043497,756.463327554629,67.2021171196589,0,0,0,0,0,0
0,793.340447843302,756.463327554629,830.217568131975,73.7542405773462,0,0,0,0,0,0
0,870.690162123733,830.217568131975,911.16275611549,80.9451879835144,0,0,0,0,0,0
0,955.581378057745,911.16275611549,1000,88.8372438845104,0,0,0,0,0,0
