count,y,ymin,ymax,BinWidth,fy_bw,fy_bw_norm,yfy,yfy_norm,ydy,ydy_norm
1373,0.104874938274653,0.1,0.109749876549306,0.00974987654930562,140822.295857457,0.141828207002201,0.0148742244549605,0.012735232534989,0.00133560672602032,0.000360708236296041
1596,0.115100115287592,0.109749876549306,0.120450354025878,0.0107004774765726,149152.222739055,0.150217635585814,0.0172900671741567,0.014803664330548,0.00170390347112489,0.000460174394089426
1814,0.126322234436241,0.120450354025878,0.132194114846603,0.0117437608207247,154464.998707974,0.155568361373149,0.0196517430162407,0.0168257187315878,0.00212546238616987,0.000574025103118002
2245,0.138638496348098,0.132194114846603,0.145082877849594,0.0128887630029911,174182.735727161,0.175426944636148,0.0243209278232967,0.020823450139148,0.00288693181607108,0.000779675681017861
2547,0.152155578591852,0.145082877849594,0.159228279334109,0.0141454014845152,180058.516033508,0.1813446963708,0.0275926072008628,0.0236246447681114,0.00359462149371895,0.00097080192386773
3070,0.166990559667439,0.159228279334109,0.174752840000768,0.0155245606666592,197751.167708932,0.199163728853979,0.0332584625467799,0.028475720234826,0.00475517645894701,0.00128423380952421
3631,0.183271933084009,0.174752840000768,0.191791026167249,0.0170381861664805,213109.539039039,0.214631806937495,0.0393359861587485,0.033679263899887,0.00617246379977877,0.00166700158620307
4195,0.201140720309225,0.191791026167249,0.210490414451202,0.0186993882839532,224338.889395645,0.225941369938009,0.0454460098969843,0.0389106340016597,0.00782651295078246,0.0021137117894253
5116,0.220751692229759,0.210490414451202,0.231012970008316,0.0205225555571139,249286.692671498,0.251067378470347,0.0554235486610185,0.0474533500721077,0.0104754073303889,0.00282910053462079
5873,0.242274709702664,0.231012970008316,0.253536449397011,0.0225234793886952,260750.122068073,0.262612692566477,0.063624413855778,0.0544748876023235,0.0131978875799382,0.00356436266682929
7138,0.265896194808862,0.253536449397011,0.278255940220712,0.0247194908237012,288759.993112643,0.29082264159781,0.0773286337651192,0.0662083684156967,0.017604553226237,0.00475447391908321
8440,0.291820745552027,0.278255940220712,0.305385550883342,0.0271296106626291,311099.193606418,0.313321413774496,0.0914336885650887,0.0782850419485118,0.0228451993069864,0.00616981884660654
9814,0.320272907988613,0.305385550883342,0.335160265093884,0.0297747142105427,329608.537318052,0.331962972026507,0.106318746395472,0.0910295499624048,0.0291542986793541,0.0078737216968147
11432,0.351499121138374,0.335160265093884,0.367837977182863,0.0326777120889792,349840.893660837,0.352339850602831,0.123847147828921,0.106037274828837,0.0372720089102446,0.0100660773379634
13553,0.385769851521259,0.367837977182863,0.403701725859655,0.035863748676792,377902.4920719,0.38060189649566,0.14682473709984,0.125710565583908,0.0484953462199578,0.0130971718416614
16215,0.423381935809022,0.403701725859655,0.443062145758388,0.0393604198987326,411962.068537844,0.414904764745364,0.175663182474279,0.150401890425962,0.0636774435178802,0.0171974114053885
19288,0.464661151882462,0.443062145758388,0.486260158006536,0.0431980122481474,446502.026278471,0.449691445692843,0.208954145147326,0.1789054370975,0.0831304064797595,0.0224510866258028
22931,0.509965040563583,0.486260158006536,0.533669923120631,0.0474097651140955,483676.726615596,0.487131689530335,0.248420131811144,0.212696006744234,0.108467527707035,0.0292939005564738
27371,0.559686002463149,0.533669923120631,0.585702081805667,0.0520321586850358,526040.0623715,0.529797631853658,0.296520318686617,0.253879133077336,0.142092597100864,0.0383750464058362
32165,0.614254696767049,0.585702081805667,0.642807311728432,0.0571052299227655,563258.392331193,0.567281816965528,0.348455520461621,0.298345778942404,0.183260295975996,0.0494932354388175
38084,0.674143771400148,0.642807311728432,0.705480231071864,0.0626729193434322,607662.773634479,0.612003384278007,0.41257826958683,0.353247338574305,0.238139493063547,0.06431449831893
45723,0.739871956876496,0.705480231071864,0.774263682681127,0.0687834516092628,664738.3771861,0.669486685952685,0.495334424438573,0.424102721920831,0.313781710784213,0.0847432446047792
54064,0.812008559294886,0.774263682681127,0.849753435908644,0.0754897532275173,716176.668866004,0.721292407736979,0.585695608836844,0.501469491457861,0.407197519289037,0.109972116900404
63601,0.891178391395932,0.849753435908644,0.93260334688322,0.0828499109745754,767665.278717289,0.773148807121601,0.689013510240312,0.589929733763901,0.525732631172344,0.141984976908965
74872,0.978067184391123,0.93260334688322,1.02353102189903,0.0909276750158065,823423.67147279,0.829305488999888,0.811116484626223,0.694473656489216,0.679241893836215,0.183443330114165
84331,1.07342752743853,1.02353102189903,1.12332403297803,0.0997930110790013,845059.178876156,0.851095541519045,0.913589382746743,0.782210411440754,0.839646187889521,0.226763829236449
87346,1.17808538621005,1.12332403297803,1.23284673944207,0.109522706464039,797514.988626395,0.803211737214926,0.946252009645289,0.810175980335867,0.954456482692083,0.257770725308512
81958,1.29294725701094,1.23284673944207,1.35304777457981,0.120201035137741,681841.049921763,0.68671152520328,0.887881782869378,0.760199700001913,0.98289811689801,0.265451977215925
67211,1.41900801841714,1.35304777457981,1.48496826225447,0.131920487674658,509481.136590064,0.513120423609298,0.728121995515191,0.623414212606808,0.884629766484266,0.238912575556065
49678,1.55735954843755,1.48496826225447,1.62975083462064,0.144782572366179,343121.407418816,0.345572366236248,0.53818042423418,0.460787240985566,0.717611409547068,0.193805811876168
35565,1.70920018183904,1.62975083462064,1.78864952905744,0.158898694436791,223821.851564348,0.225420638841284,0.385288996897795,0.329882407215501,0.563835070398235,0.152275329139146
25402,1.87584508954885,1.78864952905744,1.96304065004027,0.174391120982836,145661.085592196,0.146701560812832,0.275189402479903,0.235615715115652,0.441978582220236,0.119365462727432
18453,2.05873767003608,1.96304065004027,2.15443469003188,0.191394039991613,96413.6605340931,0.0971023552826504,0.199908276669619,0.171160412212783,0.352374388241361,0.0951659958146273
13971,2.25946205133865,2.15443469003188,2.36448941264541,0.210054722613524,66511.2396720782,0.0669863377155344,0.151353088026405,0.129587715765718,0.292798526092298,0.079076301338742
10594,2.47975681202257,2.36448941264541,2.59502421139974,0.230534798754329,45954.0167351896,0.0462822719826859,0.114768779224947,0.0982644235074094,0.243671873571969,0.0658086321659928
8350,2.72153003991777,2.59502421139974,2.8480358684358,0.253011657036065,33002.4319741512,0.0332381724435444,0.090458684777073,0.0774502488471657,0.210783178836668,0.0569263595321928
6801,2.98687585906202,2.8480358684358,3.12571584968824,0.277679981252435,24492.2229154766,0.0246671739048794,0.0736777862477688,0.0630825320250983,0.188419692034273,0.0508866371163302
5459,3.27809256800158,3.12571584968824,3.43046928631492,0.304753436626683,17912.8414774439,0.018040795128295,0.0591393964309028,0.0506348393361287,0.165985690509717,0.0448278707404697
4464,3.59770254655369,3.43046928631492,3.76493580679247,0.33446652047755,13346.6273205053,0.0134419639366618,0.048360187885611,0.0414057378267959,0.148965528421398,0.0402312237419602
3812,3.9484741034539,3.76493580679247,4.13201240011534,0.367076593322869,10384.7536708697,0.0104589332557809,0.0412968271102036,0.0353581255814843,0.139610643205162,0.0377047433930965
3244,4.33344545412196,4.13201240011534,4.53487850812859,0.402866108013246,8052.3030740857,0.00810982167477147,0.0351434698702782,0.0300896535640963,0.130391872453438,0.0352150235722176
2742,4.75595103623035,4.53487850812859,4.97702356433211,0.442145056203527,6201.58466441793,0.00624588335370593,0.0297051154082316,0.0254333631543626,0.120959829848814,0.0326677052738735
2311,5.21965039100823,4.97702356433211,5.46227721768434,0.485253653352231,4762.45770440911,0.00479647653113017,0.0250359306011754,0.0214356317468023,0.111886503628705,0.0302172657586832
1914,5.72855986043688,5.46227721768434,5.99484250318941,0.532565285505069,3593.92557512422,0.00361959743175307,0.020735080558481,0.017753266621973,0.101700650562268,0.0274663653452713
1448,6.28708737488255,5.99484250318941,6.57933224657568,0.58448974338627,2477.37452433458,0.00249507071816922,0.0156867276116408,0.0134308934527779,0.0844412006603525,0.0228050937207189
557,6.90007063248058,6.57933224657568,7.22080901838547,0.641476771809785,868.308915424245,0.000874511353822139,0.00603419011027897,0.00516644174944564,0.0356488129897714,0.00962769968814325
202,7.57281900096232,7.22080901838547,7.92482898353918,0.704019965153711,286.923681142902,0.000288973212623661,0.00218834183532558,0.00187364673857813,0.0141887876229955,0.00383197572980174
98,8.31115950485851,7.92482898353918,8.69749002617784,0.772661042638657,126.834400328154,0.000127740394198302,0.00106167079139559,0.000908996932577513,0.00755481849607882,0.00204033507930676
61,9.12148729639809,8.69749002617784,9.54548456661834,0.847994540440507,71.9344253894753,7.24482619218897e-05,0.000660835900766638,0.000565804213134981,0.00516097594235924,0.0013938283579042
24,10.0108210472575,9.54548456661834,10.4761575278967,0.93067296127831,25.7877911989999,2.59719965935183e-05,0.000260001010137693,0.000222611493692451,0.00222852382641782,0.000601858977878977
10,10.986863740937,10.4761575278967,11.4975699539774,1.02141242608072,9.79036454292142,9.86029833248838e-06,0.000108333754224038,9.27547890385207e-05,0.00101908422848559,0.00027522478550962
3,12.0580693923188,11.4975699539774,12.6185688306602,1.12099887668284,2.67618466209112,2.69530098142535e-06,3.25001262672118e-05,2.78264367115565e-05,0.000335533104808916,9.06176586989706e-05
2,13.2337162722995,12.6185688306602,13.8488637139387,1.23029488327852,1.62562652838997,1.63723858053087e-06,2.16667508448079e-05,1.85509578077044e-05,0.000245498112206558,6.63018457026609e-05
1,14.523987271734,13.8488637139387,15.1991108295293,1.35024711559062,0.740605174011119,7.45895408727552e-07,1.08333754224038e-05,9.27547890385207e-06,0.000134716937538785,3.63830969042903e-05
0,15.940058100765,15.1991108295293,16.6810053720006,1.48189454247124,0,0,0,0,0,0
1,17.4941940874771,16.6810053720006,18.3073828029537,1.62637743095311,0.614863426513469,6.19255472314594e-07,1.08333754224038e-05,9.27547890385207e-06,0.000162267028198288,4.3823569026796e-05
1,19.1998564143021,18.3073828029537,20.0923300256505,1.78494722269678,0.560240654336632,5.6424252289377e-07,1.08333754224039e-05,9.27547890385218e-06,0.00017808786312785,4.80963129064089e-05
1,21.0718187123405,20.0923300256505,22.0513073990305,1.95897737337998,0.510470418693311,5.14116772277445e-07,1.08333754224039e-05,9.27547890385218e-06,0.000195451209932112,5.27856440395514e-05
1,23.1262950234871,22.0513073990305,24.2012826479438,2.14997524891338,0.46512163361202,4.68444055193511e-07,1.08333754224038e-05,9.27547890385207e-06,0.000214507461614614,5.7932179169163e-05
2,25.3810802387054,24.2012826479438,26.5608778294669,2.35959518152303,0.847603019221743,8.53657552832081e-07,2.16667508448079e-05,1.85509578077043e-05,0.000470843348622182,0.000127160990240959
0,27.8557042288593,26.5608778294669,29.1505306282518,2.58965279878492,0,0,0,0,0,0
0,30.5716010031128,29.1505306282518,31.9926713779739,2.84214074972206,0,0,0,0,0,0
0,33.5522943600626,31.9926713779739,35.1119173421513,3.1192459641775,0,0,0,0,0,0
1,36.8236016396283,35.1119173421513,38.5352859371053,3.42336859495397,0.292109941498557,2.94196519080997e-07,1.08333754224039e-05,9.27547890385217e-06,0.000341556540172229,9.22444120718124e-05
1,40.4138573405002,38.5352859371053,42.292428743895,3.75714280678967,0.26615969938456,2.68060911165425e-07,1.0833375422404e-05,9.27547890385218e-06,0.000374857881185101,0.000101238128372447
4,44.3541585400114,42.292428743895,46.4158883361278,4.12345959223283,0.97005922103241,9.76988474497258e-07,4.33335016896153e-05,3.71019156154083e-05,0.00164562424734394,0.000444434883638347
0,48.6786342421458,46.4158883361278,50.9413801481638,4.52549181203598,0,0,0,0,0,0
0,53.424740986643,50.9413801481638,55.9081018251223,4.96672167695849,0,0,0,0,0,0
0,58.633587279627,55.9081018251223,61.3590727341318,5.45097090900947,0,0,0,0,0,0
0,64.35028965582,61.3590727341318,67.3415065775083,5.98243384337653,0,0,0,0,0,0
0,70.6243634563831,67.3415065775083,73.9072203352578,6.56571375774955,0,0,0,0,0,0
2,77.5101517071133,73.9072203352578,81.1130830789687,7.2058627437109,0.27755177570452,2.79534362501054e-07,2.16667508448079e-05,1.85509578077044e-05,0.00143788755398742,0.000388331290556066
1,85.0672958117363,81.1130830789687,89.0215085445039,7.9084254655352,0.126447420457838,1.27350650082722e-07,1.08333754224038e-05,9.27547890385207e-06,0.000789039907709504,0.000213096555993801
0,93.3612521372133,89.0215085445039,97.7009957299226,8.67948718541864,0,0,0,0,0,0
0,102.463858965478,97.7009957299226,107.226722201032,9.52572647110986,0,0,0,0,0,0
0,112.453958722266,107.226722201032,117.6811952435,10.4544730424675,0,0,0,0,0,0
1,123.418080872494,117.6811952435,129.154966501488,11.4737712579885,0.0871553020811498,8.77778632256983e-08,1.0833375422404e-05,9.27547890385219e-06,0.00114476180548674,0.000309166616034182
0,135.451191397085,129.154966501488,141.747416292681,12.5924497911922,0,0,0,0,0,0
2,148.657515342864,141.747416292681,155.567614393047,13.8201981003666,0.144715725887239,1.4574944828612e-07,2.16667508448079e-05,1.85509578077043e-05,0.00275773929492363,0.000744784567085999
0,163.151439570058,155.567614393047,170.735264747069,15.167650354022,0,0,0,0,0,0
3,179.058503516554,170.735264747069,187.381742286039,16.6464775389693,0.180218307024836,1.8150562876902e-07,3.25001262672118e-05,2.78264367115565e-05,0.0049825601157694,0.00134564347167778
1,196.516486560452,187.381742286039,205.651230834865,18.2694885488268,0.0547360697770718,5.51270563198844e-08,1.08333754224038e-05,9.27547890385209e-06,0.0018227845253506,0.000492280682986715
0,215.676601399129,205.651230834865,225.701971963392,20.0507411285268,0,0,0,0,0,0
1,236.704803781282,225.701971963392,247.707635599171,22.005663635779,0.0454428467394231,4.57674506361693e-08,1.08333754224039e-05,9.27547890385217e-06,0.00219555041391375,0.000592953825458515
0,259.783229936233,247.707635599171,271.858824273294,24.1511886741231,0,0,0,0,0,0
0,285.111774150814,271.858824273294,298.364724028334,26.5058997550398,0,0,0,0,0,0
0,312.909820158054,298.364724028334,327.454916287773,29.0901922594392,0,0,0,0,0,0
0,343.418141334118,327.454916287773,359.381366380463,31.9264500926897,0,0,0,0,0,0
0,376.900986162114,359.381366380463,394.420605943766,35.0392395633031,0,0,0,0,0,0
0,413.648367026036,394.420605943766,432.876128108306,38.4555221645401,0,0,0,0,0,0
0,453.978572159293,432.876128108306,475.08101621028,42.2048881019737,0,0,0,0,0,0
3,498.240922505124,475.08101621028,521.400828799969,46.3198125896892,0.0647671014253586,6.52297408727547e-08,3.25001262672115e-05,2.78264367115562e-05,0.0138642694971962,0.00374433289413562
1,546.818797367496,521.400828799969,572.236765935022,50.8359371350531,0.0196711235467806,1.9811636824773e-08,1.08333754224039e-05,9.27547890385217e-06,0.00507200621921202,0.00136980024296964
0,600.132955059224,572.236765935022,628.029144183426,55.7923782484039,0,0,0,0,0,0
0,658.645177309198,628.029144183426,689.26121043497,61.2320662515442,0,0,0,0,0,0
2,722.8622689948,689.26121043497,756.463327554629,67.2021171196589,0.0297609671498717,2.99735534335432e-08,2.16667508448079e-05,1.85509578077044e-05,0.013409787452904,0.00362159061272067
0,793.340447843302,756.463327554629,830.217568131975,73.7542405773462,0,0,0,0,0,0
0,870.690162123733,830.217568131975,911.16275611549,80.9451879835144,0,0,0,0,0,0
0,955.581378057745,911.16275611549,1000,88.8372438845104,0,0,0,0,0,0
