yF = 2.9892e+01 (std: 9.5253e-02) keV/um
yD = 3.4666e+01 (std: 1.3718e-01) keV/um
y (keV/um)     f(y)(std)                  yf(y)(std)                 d(y)(std)                  yd(y)(std)  
1.0610e-01     1.0108e-02  4.8052e-03     1.0725e-03  5.0984e-04     3.5879e-05  1.7057e-05     3.8067e-06  1.8097e-06 
1.1905e-01     1.3184e-03  6.5798e-04     1.5695e-04  7.8331e-05     5.2505e-06  2.6205e-06     6.2506e-07  3.1197e-07 
1.3357e-01     3.9166e-04  2.2836e-04     5.2316e-05  3.0503e-05     1.7502e-06  1.0205e-06     2.3378e-07  1.3631e-07 
1.4987e-01     5.2361e-04  1.6953e-03     7.8474e-05  2.5407e-04     2.6253e-06  8.4997e-06     3.9345e-07  1.2739e-06 
1.6816e-01     6.2222e-04  1.4874e-04     1.0463e-04  2.5012e-05     3.5003e-06  8.3681e-07     5.8861e-07  1.4072e-07 
1.8868e-01     6.9319e-04  3.2502e-04     1.3079e-04  6.1324e-05     4.3754e-06  2.0516e-06     8.2554e-07  3.8708e-07 
2.1170e-01     1.4827e-03  5.0772e-04     3.1389e-04  1.0748e-04     1.0501e-05  3.5959e-06     2.2231e-06  7.6125e-07 
2.3753e-01     8.8099e-04  6.5868e-04     2.0926e-04  1.5646e-04     7.0007e-06  5.2342e-06     1.6629e-06  1.2433e-06 
2.6651e-01     1.0796e-03  3.2487e-04     2.8774e-04  8.6583e-05     9.6259e-06  2.8967e-06     2.5654e-06  7.7201e-07 
2.9903e-01     2.0994e-03  1.2593e-03     6.2779e-04  3.7658e-04     2.1002e-05  1.2598e-05     6.2803e-06  3.7673e-06 
3.3552e-01     1.6372e-03  5.1912e-04     5.4932e-04  1.7417e-04     1.8377e-05  5.8271e-06     6.1658e-06  1.9551e-06 
3.7646e-01     1.1812e-03  5.8357e-04     4.4468e-04  2.1969e-04     1.4876e-05  7.3497e-06     5.6004e-06  2.7669e-06 
4.2240e-01     1.5482e-03  5.3772e-04     6.5395e-04  2.2713e-04     2.1877e-05  7.5988e-06     9.2408e-06  3.2097e-06 
4.7394e-01     2.2629e-03  7.0494e-04     1.0725e-03  3.3409e-04     3.5879e-05  1.1177e-05     1.7004e-05  5.2974e-06 
5.3176e-01     1.9676e-03  3.3735e-04     1.0463e-03  1.7939e-04     3.5003e-05  6.0023e-06     1.8614e-05  3.1918e-06 
5.9665e-01     2.0167e-03  5.2749e-04     1.2033e-03  3.1473e-04     4.0254e-05  1.0530e-05     2.4017e-05  6.2825e-06 
6.6945e-01     2.0709e-03  5.0641e-04     1.3864e-03  3.3902e-04     4.6380e-05  1.1342e-05     3.1049e-05  7.5932e-06 
7.5114e-01     2.3332e-03  3.6667e-04     1.7526e-03  2.7542e-04     5.8631e-05  9.2158e-06     4.4040e-05  6.9223e-06 
8.4279e-01     2.2657e-03  5.9577e-04     1.9095e-03  5.0211e-04     6.3881e-05  1.6799e-05     5.3838e-05  1.4158e-05 
9.4563e-01     2.0746e-03  4.4023e-04     1.9618e-03  4.1629e-04     6.5631e-05  1.3928e-05     6.2063e-05  1.3171e-05 
1.0610e+00     2.4900e-03  2.6148e-04     2.6419e-03  2.7743e-04     8.8384e-05  9.2854e-06     9.3776e-05  9.8518e-06 
1.1905e+00     2.3731e-03  4.6715e-04     2.8251e-03  5.5613e-04     9.4509e-05  1.8607e-05     1.1251e-04  2.2151e-05 
1.3357e+00     2.5654e-03  3.3173e-04     3.4267e-03  4.4310e-04     1.1464e-04  1.4828e-05     1.5312e-04  1.9806e-05 
1.4987e+00     2.9671e-03  6.2391e-04     4.4468e-03  9.3506e-04     1.4876e-04  3.1285e-05     2.2296e-04  4.6888e-05 
1.6816e+00     3.0955e-03  4.6191e-04     5.2054e-03  7.7674e-04     1.7414e-04  2.5991e-05     2.9283e-04  4.3706e-05 
1.8868e+00     3.0223e-03  3.2549e-04     5.7024e-03  6.1413e-04     1.9077e-04  2.0554e-05     3.5994e-04  3.8781e-05 
2.1170e+00     2.9037e-03  8.0907e-04     6.1471e-03  1.7128e-03     2.0565e-04  5.7304e-05     4.3535e-04  1.2131e-04 
2.3753e+00     3.6561e-03  5.1043e-04     8.6844e-03  1.2124e-03     2.9053e-04  4.0571e-05     6.9009e-04  9.6368e-05 
2.6651e+00     3.5726e-03  3.6598e-04     9.5215e-03  9.7539e-04     3.1853e-04  3.2647e-05     8.4893e-04  8.7008e-05 
2.9903e+00     4.0238e-03  4.4943e-04     1.2033e-02  1.3440e-03     4.0254e-04  4.4979e-05     1.2037e-03  1.3450e-04 
3.3552e+00     4.6933e-03  4.3396e-04     1.5747e-02  1.4560e-03     5.2680e-04  4.8739e-05     1.7675e-03  1.6353e-04 
3.7646e+00     4.5234e-03  5.2370e-04     1.7029e-02  1.9715e-03     5.6968e-04  6.5980e-05     2.1446e-03  2.4839e-04 
4.2240e+00     5.3443e-03  5.2467e-04     2.2574e-02  2.2162e-03     7.5520e-04  7.4180e-05     3.1899e-03  3.1333e-04 
4.7394e+00     6.0160e-03  5.7872e-04     2.8512e-02  2.7427e-03     9.5384e-04  9.1806e-05     4.5206e-03  4.3510e-04 
5.3176e+00     6.4883e-03  4.5767e-04     3.4502e-02  2.4337e-03     1.1542e-03  8.1500e-05     6.1378e-03  4.3339e-04 
5.9665e+00     7.2119e-03  2.2623e-04     4.3030e-02  1.3498e-03     1.4395e-03  4.5388e-05     8.5889e-03  2.7081e-04 
6.6945e+00     7.9788e-03  3.8918e-04     5.3414e-02  2.6054e-03     1.7869e-03  8.7346e-05     1.1963e-02  5.8474e-04 
7.5114e+00     8.9046e-03  3.6275e-04     6.6886e-02  2.7247e-03     2.2376e-03  9.1431e-05     1.6807e-02  6.8677e-04 
8.4279e+00     9.7302e-03  2.9080e-04     8.2005e-02  2.4508e-03     2.7434e-03  8.2454e-05     2.3121e-02  6.9492e-04 
9.4563e+00     1.0603e-02  3.5188e-04     1.0026e-01  3.3275e-03     3.3542e-03  1.1183e-04     3.1718e-02  1.0575e-03 
1.0610e+01     1.1499e-02  5.2209e-04     1.2200e-01  5.5394e-03     4.0814e-03  1.8577e-04     4.3304e-02  1.9710e-03 
1.1905e+01     1.3124e-02  7.3721e-04     1.5624e-01  8.7762e-03     5.2269e-03  2.9407e-04     6.2225e-02  3.5009e-03 
1.3357e+01     1.4260e-02  2.0355e-04     1.9048e-01  2.7189e-03     6.3724e-03  9.3198e-05     8.5118e-02  1.2449e-03 
1.4987e+01     1.6171e-02  3.8255e-04     2.4235e-01  5.7333e-03     8.1077e-03  1.9354e-04     1.2151e-01  2.9005e-03 
1.6816e+01     1.7945e-02  3.2686e-04     3.0176e-01  5.4964e-03     1.0095e-02  1.8667e-04     1.6976e-01  3.1390e-03 
1.8868e+01     1.9402e-02  1.3609e-04     3.6608e-01  2.5676e-03     1.2247e-02  9.4348e-05     2.3107e-01  1.7801e-03 
2.1170e+01     2.1585e-02  3.1723e-04     4.5695e-01  6.7157e-03     1.5287e-02  2.2989e-04     3.2362e-01  4.8667e-03 
2.3753e+01     2.4230e-02  2.2664e-04     5.7553e-01  5.3835e-03     1.9254e-02  1.9026e-04     4.5733e-01  4.5193e-03 
2.6651e+01     2.7153e-02  2.3901e-04     7.2366e-01  6.3699e-03     2.4209e-02  2.2663e-04     6.4521e-01  6.0400e-03 
2.9903e+01     2.9958e-02  3.4140e-04     8.9583e-01  1.0209e-02     2.9969e-02  3.5463e-04     8.9617e-01  1.0605e-02 
3.3552e+01     3.1625e-02  1.9339e-04     1.0611e+00  6.4885e-03     3.5498e-02  2.4477e-04     1.1910e+00  8.2126e-03 
3.7646e+01     3.0888e-02  1.9815e-04     1.1628e+00  7.4596e-03     3.8901e-02  2.7864e-04     1.4645e+00  1.0490e-02 
4.2240e+01     2.4524e-02  1.9844e-04     1.0359e+00  8.3819e-03     3.4654e-02  3.0137e-04     1.4638e+00  1.2730e-02 
4.7394e+01     1.3141e-02  1.1408e-04     6.2282e-01  5.4065e-03     2.0836e-02  1.9267e-04     9.8748e-01  9.1313e-03 
5.3176e+01     3.9402e-03  1.4526e-04     2.0952e-01  7.7243e-03     7.0094e-03  2.5937e-04     3.7274e-01  1.3792e-02 
5.9665e+01     5.2127e-04  1.8260e-05     3.1102e-02  1.0895e-03     1.0405e-03  3.6597e-05     6.2080e-02  2.1836e-03 
6.6945e+01     2.6179e-05  5.1468e-06     1.7526e-03  3.4455e-04     5.8631e-05  1.1528e-05     3.9250e-03  7.7175e-04 
7.5114e+01     0.0000e+00  0.0000e+00     0.0000e+00  0.0000e+00     0.0000e+00  0.0000e+00     0.0000e+00  0.0000e+00 
8.4279e+01     0.0000e+00  0.0000e+00     0.0000e+00  0.0000e+00     0.0000e+00  0.0000e+00     0.0000e+00  0.0000e+00 
9.4563e+01     0.0000e+00  0.0000e+00     0.0000e+00  0.0000e+00     0.0000e+00  0.0000e+00     0.0000e+00  0.0000e+00 
1.0610e+02     0.0000e+00  0.0000e+00     0.0000e+00  0.0000e+00     0.0000e+00  0.0000e+00     0.0000e+00  0.0000e+00 
1.1905e+02     0.0000e+00  0.0000e+00     0.0000e+00  0.0000e+00     0.0000e+00  0.0000e+00     0.0000e+00  0.0000e+00 
1.3357e+02     0.0000e+00  0.0000e+00     0.0000e+00  0.0000e+00     0.0000e+00  0.0000e+00     0.0000e+00  0.0000e+00 
1.4987e+02     0.0000e+00  0.0000e+00     0.0000e+00  0.0000e+00     0.0000e+00  0.0000e+00     0.0000e+00  0.0000e+00 
1.6816e+02     0.0000e+00  0.0000e+00     0.0000e+00  0.0000e+00     0.0000e+00  0.0000e+00     0.0000e+00  0.0000e+00 
1.8868e+02     0.0000e+00  0.0000e+00     0.0000e+00  0.0000e+00     0.0000e+00  0.0000e+00     0.0000e+00  0.0000e+00 
2.1170e+02     0.0000e+00  0.0000e+00     0.0000e+00  0.0000e+00     0.0000e+00  0.0000e+00     0.0000e+00  0.0000e+00 
2.3753e+02     0.0000e+00  0.0000e+00     0.0000e+00  0.0000e+00     0.0000e+00  0.0000e+00     0.0000e+00  0.0000e+00 
2.6651e+02     0.0000e+00  0.0000e+00     0.0000e+00  0.0000e+00     0.0000e+00  0.0000e+00     0.0000e+00  0.0000e+00 
2.9903e+02     0.0000e+00  0.0000e+00     0.0000e+00  0.0000e+00     0.0000e+00  0.0000e+00     0.0000e+00  0.0000e+00 
3.3552e+02     0.0000e+00  0.0000e+00     0.0000e+00  0.0000e+00     0.0000e+00  0.0000e+00     0.0000e+00  0.0000e+00 
3.7646e+02     0.0000e+00  0.0000e+00     0.0000e+00  0.0000e+00     0.0000e+00  0.0000e+00     0.0000e+00  0.0000e+00 
4.2240e+02     0.0000e+00  0.0000e+00     0.0000e+00  0.0000e+00     0.0000e+00  0.0000e+00     0.0000e+00  0.0000e+00 
4.7394e+02     0.0000e+00  0.0000e+00     0.0000e+00  0.0000e+00     0.0000e+00  0.0000e+00     0.0000e+00  0.0000e+00 
5.3176e+02     0.0000e+00  0.0000e+00     0.0000e+00  0.0000e+00     0.0000e+00  0.0000e+00     0.0000e+00  0.0000e+00 
5.9665e+02     0.0000e+00  0.0000e+00     0.0000e+00  0.0000e+00     0.0000e+00  0.0000e+00     0.0000e+00  0.0000e+00 
6.6945e+02     0.0000e+00  0.0000e+00     0.0000e+00  0.0000e+00     0.0000e+00  0.0000e+00     0.0000e+00  0.0000e+00 
7.5114e+02     0.0000e+00  0.0000e+00     0.0000e+00  0.0000e+00     0.0000e+00  0.0000e+00     0.0000e+00  0.0000e+00 
8.4279e+02     0.0000e+00  0.0000e+00     0.0000e+00  0.0000e+00     0.0000e+00  0.0000e+00     0.0000e+00  0.0000e+00 
9.4563e+02     0.0000e+00  0.0000e+00     0.0000e+00  0.0000e+00     0.0000e+00  0.0000e+00     0.0000e+00  0.0000e+00 
1.0610e+03     0.0000e+00  0.0000e+00     0.0000e+00  0.0000e+00     0.0000e+00  0.0000e+00     0.0000e+00  0.0000e+00 
1.1905e+03     0.0000e+00  0.0000e+00     0.0000e+00  0.0000e+00     0.0000e+00  0.0000e+00     0.0000e+00  0.0000e+00 
1.3357e+03     0.0000e+00  0.0000e+00     0.0000e+00  0.0000e+00     0.0000e+00  0.0000e+00     0.0000e+00  0.0000e+00 
1.4987e+03     0.0000e+00  0.0000e+00     0.0000e+00  0.0000e+00     0.0000e+00  0.0000e+00     0.0000e+00  0.0000e+00 
1.6816e+03     0.0000e+00  0.0000e+00     0.0000e+00  0.0000e+00     0.0000e+00  0.0000e+00     0.0000e+00  0.0000e+00 
1.8868e+03     0.0000e+00  0.0000e+00     0.0000e+00  0.0000e+00     0.0000e+00  0.0000e+00     0.0000e+00  0.0000e+00 
2.1170e+03     0.0000e+00  0.0000e+00     0.0000e+00  0.0000e+00     0.0000e+00  0.0000e+00     0.0000e+00  0.0000e+00 
2.3753e+03     0.0000e+00  0.0000e+00     0.0000e+00  0.0000e+00     0.0000e+00  0.0000e+00     0.0000e+00  0.0000e+00 
2.6651e+03     0.0000e+00  0.0000e+00     0.0000e+00  0.0000e+00     0.0000e+00  0.0000e+00     0.0000e+00  0.0000e+00 
2.9903e+03     0.0000e+00  0.0000e+00     0.0000e+00  0.0000e+00     0.0000e+00  0.0000e+00     0.0000e+00  0.0000e+00 
3.3552e+03     0.0000e+00  0.0000e+00     0.0000e+00  0.0000e+00     0.0000e+00  0.0000e+00     0.0000e+00  0.0000e+00 
3.7646e+03     0.0000e+00  0.0000e+00     0.0000e+00  0.0000e+00     0.0000e+00  0.0000e+00     0.0000e+00  0.0000e+00 
4.2240e+03     0.0000e+00  0.0000e+00     0.0000e+00  0.0000e+00     0.0000e+00  0.0000e+00     0.0000e+00  0.0000e+00 
4.7394e+03     0.0000e+00  0.0000e+00     0.0000e+00  0.0000e+00     0.0000e+00  0.0000e+00     0.0000e+00  0.0000e+00 
5.3176e+03     0.0000e+00  0.0000e+00     0.0000e+00  0.0000e+00     0.0000e+00  0.0000e+00     0.0000e+00  0.0000e+00 
5.9665e+03     0.0000e+00  0.0000e+00     0.0000e+00  0.0000e+00     0.0000e+00  0.0000e+00     0.0000e+00  0.0000e+00 
6.6945e+03     0.0000e+00  0.0000e+00     0.0000e+00  0.0000e+00     0.0000e+00  0.0000e+00     0.0000e+00  0.0000e+00 
7.5114e+03     0.0000e+00  0.0000e+00     0.0000e+00  0.0000e+00     0.0000e+00  0.0000e+00     0.0000e+00  0.0000e+00 
8.4279e+03     0.0000e+00  0.0000e+00     0.0000e+00  0.0000e+00     0.0000e+00  0.0000e+00     0.0000e+00  0.0000e+00 
9.4563e+03     0.0000e+00  0.0000e+00     0.0000e+00  0.0000e+00     0.0000e+00  0.0000e+00     0.0000e+00  0.0000e+00 
