yF = 4.3600e+00 (std: 1.1316e-02) keV/um
yD = 7.1285e+00 (std: 1.3003e+00) keV/um
y (keV/um)     f(y)(std)                  yf(y)(std)                 d(y)(std)                  yd(y)(std)  
1.0610e-03     0.0000e+00  0.0000e+00     0.0000e+00  0.0000e+00     0.0000e+00  0.0000e+00     0.0000e+00  0.0000e+00 
1.1905e-03     0.0000e+00  0.0000e+00     0.0000e+00  0.0000e+00     0.0000e+00  0.0000e+00     0.0000e+00  0.0000e+00 
1.3357e-03     0.0000e+00  0.0000e+00     0.0000e+00  0.0000e+00     0.0000e+00  0.0000e+00     0.0000e+00  0.0000e+00 
1.4987e-03     0.0000e+00  0.0000e+00     0.0000e+00  0.0000e+00     0.0000e+00  0.0000e+00     0.0000e+00  0.0000e+00 
1.6816e-03     0.0000e+00  0.0000e+00     0.0000e+00  0.0000e+00     0.0000e+00  0.0000e+00     0.0000e+00  0.0000e+00 
1.8868e-03     0.0000e+00  0.0000e+00     0.0000e+00  0.0000e+00     0.0000e+00  0.0000e+00     0.0000e+00  0.0000e+00 
2.1170e-03     0.0000e+00  0.0000e+00     0.0000e+00  0.0000e+00     0.0000e+00  0.0000e+00     0.0000e+00  0.0000e+00 
2.3753e-03     0.0000e+00  0.0000e+00     0.0000e+00  0.0000e+00     0.0000e+00  0.0000e+00     0.0000e+00  0.0000e+00 
2.6651e-03     0.0000e+00  0.0000e+00     0.0000e+00  0.0000e+00     0.0000e+00  0.0000e+00     0.0000e+00  0.0000e+00 
2.9903e-03     0.0000e+00  0.0000e+00     0.0000e+00  0.0000e+00     0.0000e+00  0.0000e+00     0.0000e+00  0.0000e+00 
3.3552e-03     0.0000e+00  0.0000e+00     0.0000e+00  0.0000e+00     0.0000e+00  0.0000e+00     0.0000e+00  0.0000e+00 
3.7646e-03     0.0000e+00  0.0000e+00     0.0000e+00  0.0000e+00     0.0000e+00  0.0000e+00     0.0000e+00  0.0000e+00 
4.2240e-03     0.0000e+00  0.0000e+00     0.0000e+00  0.0000e+00     0.0000e+00  0.0000e+00     0.0000e+00  0.0000e+00 
4.7394e-03     0.0000e+00  0.0000e+00     0.0000e+00  0.0000e+00     0.0000e+00  0.0000e+00     0.0000e+00  0.0000e+00 
5.3176e-03     1.6375e-03  8.3534e-04     8.7076e-06  4.4421e-06     1.9972e-06  1.0188e-06     1.0620e-08  5.4178e-09 
5.9665e-03     0.0000e+00  0.0000e+00     0.0000e+00  0.0000e+00     0.0000e+00  0.0000e+00     0.0000e+00  0.0000e+00 
6.6945e-03     0.0000e+00  0.0000e+00     0.0000e+00  0.0000e+00     0.0000e+00  0.0000e+00     0.0000e+00  0.0000e+00 
7.5114e-03     0.0000e+00  0.0000e+00     0.0000e+00  0.0000e+00     0.0000e+00  0.0000e+00     0.0000e+00  0.0000e+00 
8.4279e-03     0.0000e+00  0.0000e+00     0.0000e+00  0.0000e+00     0.0000e+00  0.0000e+00     0.0000e+00  0.0000e+00 
9.4563e-03     0.0000e+00  0.0000e+00     0.0000e+00  0.0000e+00     0.0000e+00  0.0000e+00     0.0000e+00  0.0000e+00 
1.0610e-02     0.0000e+00  0.0000e+00     0.0000e+00  0.0000e+00     0.0000e+00  0.0000e+00     0.0000e+00  0.0000e+00 
1.1905e-02     6.5830e-03  2.0959e-03     7.8368e-05  2.4951e-05     1.7975e-05  5.7229e-06     2.1398e-07  6.8129e-08 
1.3357e-02     3.9114e-03  1.9451e-03     5.2246e-05  2.5981e-05     1.1983e-05  5.9591e-06     1.6006e-07  7.9597e-08 
1.4987e-02     3.4860e-03  4.5212e-03     5.2246e-05  6.7759e-05     1.1983e-05  1.5541e-05     1.7959e-07  2.3292e-07 
1.6816e-02     2.5891e-03  1.3196e-03     4.3538e-05  2.2190e-05     9.9858e-06  5.0896e-06     1.6792e-07  8.5586e-08 
1.8868e-02     2.7690e-03  6.2700e-03     5.2246e-05  1.1830e-04     1.1983e-05  2.7133e-05     2.2609e-07  5.1194e-07 
2.1170e-02     2.4679e-03  1.8513e-03     5.2246e-05  3.9191e-05     1.1983e-05  8.9889e-06     2.5368e-07  1.9030e-07 
2.3753e-02     2.1995e-03  2.2463e-03     5.2246e-05  5.3356e-05     1.1983e-05  1.2238e-05     2.8463e-07  2.9068e-07 
2.6651e-02     3.2672e-03  3.3643e-03     8.7076e-05  8.9664e-05     1.9972e-05  2.0565e-05     5.3227e-07  5.4809e-07 
2.9903e-02     3.2031e-03  1.9039e-03     9.5784e-05  5.6933e-05     2.1969e-05  1.3058e-05     6.5694e-07  3.9048e-07 
3.3552e-02     4.1524e-03  1.4514e-03     1.3932e-04  4.8697e-05     3.1955e-05  1.1169e-05     1.0721e-06  3.7476e-07 
3.7646e-02     4.6260e-03  1.5896e-03     1.7415e-04  5.9842e-05     3.9943e-05  1.3726e-05     1.5037e-06  5.1672e-07 
4.2240e-02     3.0922e-03  1.1343e-03     1.3061e-04  4.7911e-05     2.9958e-05  1.0989e-05     1.2654e-06  4.6418e-07 
4.7394e-02     3.1234e-03  6.8024e-04     1.4803e-04  3.2239e-05     3.3952e-05  7.3949e-06     1.6091e-06  3.5047e-07 
5.3176e-02     3.7662e-03  9.9973e-04     2.0027e-04  5.3162e-05     4.5935e-05  1.2194e-05     2.4427e-06  6.4842e-07 
5.9665e-02     4.8161e-03  1.2596e-03     2.8735e-04  7.5152e-05     6.5907e-05  1.7238e-05     3.9323e-06  1.0285e-06 
6.6945e-02     4.6825e-03  8.1343e-04     3.1347e-04  5.4455e-05     7.1898e-05  1.2491e-05     4.8132e-06  8.3622e-07 
7.5114e-02     6.4918e-03  1.5445e-03     4.8763e-04  1.1601e-04     1.1184e-04  2.6610e-05     8.4008e-06  1.9987e-06 
8.4279e-02     5.2693e-03  1.0576e-03     4.4409e-04  8.9130e-05     1.0186e-04  2.0444e-05     8.5843e-06  1.7230e-06 
9.4563e-02     5.8012e-03  1.0593e-03     5.4858e-04  1.0017e-04     1.2582e-04  2.2977e-05     1.1898e-05  2.1728e-06 
1.0610e-01     6.6476e-03  1.7394e-03     7.0532e-04  1.8456e-04     1.6177e-04  4.2331e-05     1.7164e-05  4.4914e-06 
1.1905e-01     8.2653e-03  7.1017e-04     9.8396e-04  8.4544e-05     2.2568e-04  1.9400e-05     2.6867e-05  2.3095e-06 
1.3357e-01     8.8006e-03  1.2450e-03     1.1755e-03  1.6630e-04     2.6962e-04  3.8148e-05     3.6014e-05  5.0955e-06 
1.4987e-01     1.0109e-02  1.6994e-03     1.5151e-03  2.5469e-04     3.4751e-04  5.8423e-05     5.2081e-05  8.7560e-06 
1.6816e-01     1.1392e-02  1.7054e-03     1.9157e-03  2.8677e-04     4.3938e-04  6.5783e-05     7.3885e-05  1.1062e-05 
1.8868e-01     1.2922e-02  2.1576e-03     2.4381e-03  4.0708e-04     5.5921e-04  9.3379e-05     1.0551e-04  1.7619e-05 
2.1170e-01     1.3203e-02  7.5524e-04     2.7951e-03  1.5988e-04     6.4109e-04  3.6708e-05     1.3572e-04  7.7711e-06 
2.3753e-01     1.4004e-02  8.6857e-04     3.3263e-03  2.0631e-04     7.6292e-04  4.7361e-05     1.8122e-04  1.1250e-05 
2.6651e-01     1.8035e-02  6.2525e-04     4.8066e-03  1.6664e-04     1.1024e-03  3.8327e-05     2.9381e-04  1.0215e-05 
2.9903e-01     1.9044e-02  2.0833e-03     5.6948e-03  6.2298e-04     1.3061e-03  1.4293e-04     3.9058e-04  4.2739e-05 
3.3552e-01     2.4084e-02  7.9122e-04     8.0806e-03  2.6547e-04     1.8534e-03  6.1078e-05     6.2184e-04  2.0493e-05 
3.7646e-01     2.6137e-02  1.2084e-03     9.8396e-03  4.5490e-04     2.2568e-03  1.0450e-04     8.4960e-04  3.9340e-05 
4.2240e-01     2.7644e-02  2.0420e-03     1.1677e-02  8.6253e-04     2.6782e-03  1.9795e-04     1.1313e-03  8.3613e-05 
4.7394e-01     3.0793e-02  1.6963e-03     1.4594e-02  8.0395e-04     3.3473e-03  1.8460e-04     1.5864e-03  8.7487e-05 
5.3176e-01     3.2897e-02  7.6556e-04     1.7494e-02  4.0710e-04     4.0123e-03  9.3951e-05     2.1336e-03  4.9960e-05 
5.9665e-01     3.8397e-02  1.8758e-03     2.2910e-02  1.1192e-03     5.2545e-03  2.5706e-04     3.1351e-03  1.5337e-04 
6.6945e-01     4.2312e-02  1.4584e-03     2.8326e-02  9.7631e-04     6.4968e-03  2.2456e-04     4.3493e-03  1.5033e-04 
7.5114e-01     4.6138e-02  1.8850e-03     3.4656e-02  1.4159e-03     7.9487e-03  3.2540e-04     5.9706e-03  2.4442e-04 
8.4279e-01     4.9500e-02  1.3447e-03     4.1718e-02  1.1333e-03     9.5684e-03  2.6112e-04     8.0642e-03  2.2007e-04 
9.4563e-01     5.7193e-02  6.7495e-04     5.4083e-02  6.3825e-04     1.2404e-02  1.4989e-04     1.1730e-02  1.4174e-04 
1.0610e+00     6.0690e-02  1.0589e-03     6.4393e-02  1.1235e-03     1.4769e-02  2.6052e-04     1.5670e-02  2.7642e-04 
1.1905e+00     6.7834e-02  1.7817e-03     8.0754e-02  2.1210e-03     1.8522e-02  4.8885e-04     2.2050e-02  5.8196e-04 
1.3357e+00     7.5522e-02  1.0980e-03     1.0088e-01  1.4667e-03     2.3137e-02  3.4171e-04     3.0905e-02  4.5643e-04 
1.4987e+00     8.2735e-02  1.6278e-03     1.2400e-01  2.4396e-03     2.8440e-02  5.6440e-04     4.2623e-02  8.4587e-04 
1.6816e+00     9.2478e-02  8.1827e-04     1.5551e-01  1.3760e-03     3.5667e-02  3.2889e-04     5.9978e-02  5.5306e-04 
1.8868e+00     1.0424e-01  1.9376e-03     1.9668e-01  3.6559e-03     4.5110e-02  8.4664e-04     8.5112e-02  1.5974e-03 
2.1170e+00     1.1746e-01  1.5304e-03     2.4867e-01  3.2399e-03     5.7035e-02  7.5769e-04     1.2074e-01  1.6040e-03 
2.3753e+00     1.3079e-01  8.3225e-04     3.1067e-01  1.9768e-03     7.1255e-02  4.8967e-04     1.6925e-01  1.1631e-03 
2.6651e+00     1.5016e-01  1.3680e-03     4.0021e-01  3.6459e-03     9.1792e-02  8.6949e-04     2.4464e-01  2.3173e-03 
2.9903e+00     1.6974e-01  1.4337e-03     5.0759e-01  4.2872e-03     1.1642e-01  1.0287e-03     3.4814e-01  3.0761e-03 
3.3552e+00     1.9404e-01  1.0672e-03     6.5105e-01  3.5808e-03     1.4932e-01  9.0813e-04     5.0101e-01  3.0470e-03 
3.7646e+00     2.2301e-01  8.4287e-04     8.3954e-01  3.1731e-03     1.9256e-01  8.8284e-04     7.2490e-01  3.3235e-03 
4.2240e+00     2.3651e-01  1.2195e-03     9.9900e-01  5.1510e-03     2.2913e-01  1.3226e-03     9.6783e-01  5.5868e-03 
4.7394e+00     2.1377e-01  9.1962e-04     1.0131e+00  4.3584e-03     2.3237e-01  1.1675e-03     1.1013e+00  5.5331e-03 
5.3176e+00     1.6113e-01  6.9392e-04     8.5684e-01  3.6900e-03     1.9652e-01  9.8815e-04     1.0450e+00  5.2547e-03 
5.9665e+00     1.0726e-01  4.6851e-04     6.3995e-01  2.7953e-03     1.4678e-01  7.4577e-04     8.7575e-01  4.4496e-03 
6.6945e+00     6.8121e-02  4.8414e-04     4.5603e-01  3.2411e-03     1.0460e-01  7.9139e-04     7.0022e-01  5.2980e-03 
7.5114e+00     4.1857e-02  2.0893e-04     3.1441e-01  1.5694e-03     7.2112e-02  4.0570e-04     5.4166e-01  3.0473e-03 
8.4279e+00     2.4365e-02  3.0971e-04     2.0534e-01  2.6102e-03     4.7097e-02  6.1103e-04     3.9693e-01  5.1497e-03 
9.4563e+00     1.3548e-02  1.1748e-04     1.2811e-01  1.1109e-03     2.9384e-02  2.6597e-04     2.7787e-01  2.5150e-03 
1.0610e+01     6.7403e-03  8.2850e-05     7.1515e-02  8.7905e-04     1.6403e-02  2.0606e-04     1.7403e-01  2.1863e-03 
1.1905e+01     2.8892e-03  6.2254e-05     3.4395e-02  7.4112e-04     7.8888e-03  1.7121e-04     9.3914e-02  2.0382e-03 
1.3357e+01     1.1702e-03  5.6647e-05     1.5630e-02  7.5665e-04     3.5849e-03  1.7379e-04     4.7885e-02  2.3214e-03 
1.4987e+01     3.9450e-04  2.0307e-05     5.9125e-03  3.0434e-04     1.3561e-03  6.9892e-05     2.0324e-02  1.0475e-03 
1.6816e+01     1.0667e-04  2.8182e-05     1.7938e-03  4.7391e-04     4.1142e-04  1.0870e-04     6.9183e-03  1.8279e-03 
1.8868e+01     2.8152e-05  3.9642e-06     5.3116e-04  7.4796e-05     1.2183e-04  1.7158e-05     2.2986e-03  3.2373e-04 
2.1170e+01     9.0490e-06  2.9824e-06     1.9157e-04  6.3137e-05     4.3938e-05  1.4481e-05     9.3016e-04  3.0657e-04 
2.3753e+01     1.4664e-06  1.0396e-06     3.4830e-05  2.4692e-05     7.9887e-06  5.6635e-06     1.8976e-04  1.3453e-04 
2.6651e+01     0.0000e+00  0.0000e+00     0.0000e+00  0.0000e+00     0.0000e+00  0.0000e+00     0.0000e+00  0.0000e+00 
2.9903e+01     5.8238e-07  3.0620e-07     1.7415e-05  9.1564e-06     3.9943e-06  2.1001e-06     1.1944e-04  6.2801e-05 
3.3552e+01     2.5952e-07  7.7844e-08     8.7076e-06  2.6118e-06     1.9972e-06  5.9907e-07     6.7009e-05  2.0100e-05 
3.7646e+01     2.3130e-07  1.5858e-07     8.7076e-06  5.9698e-06     1.9972e-06  1.3692e-06     7.5185e-05  5.1546e-05 
4.2240e+01     2.0615e-07  1.7809e-07     8.7076e-06  7.5225e-06     1.9972e-06  1.7254e-06     8.4359e-05  7.2879e-05 
4.7394e+01     0.0000e+00  0.0000e+00     0.0000e+00  0.0000e+00     0.0000e+00  0.0000e+00     0.0000e+00  0.0000e+00 
5.3176e+01     1.6375e-07  6.1256e-08     8.7076e-06  3.2574e-06     1.9972e-06  7.4712e-07     1.0620e-04  3.9729e-05 
5.9665e+01     0.0000e+00  0.0000e+00     0.0000e+00  0.0000e+00     0.0000e+00  0.0000e+00     0.0000e+00  0.0000e+00 
6.6945e+01     1.3007e-07  2.6012e-08     8.7076e-06  1.7414e-06     1.9972e-06  3.9944e-07     1.3370e-04  2.6741e-05 
7.5114e+01     1.1593e-07  2.5919e-08     8.7076e-06  1.9469e-06     1.9972e-06  4.4657e-07     1.5001e-04  3.3543e-05 
8.4279e+01     0.0000e+00  0.0000e+00     0.0000e+00  0.0000e+00     0.0000e+00  0.0000e+00     0.0000e+00  0.0000e+00 
9.4563e+01     1.8417e-07  6.9868e-08     1.7415e-05  6.6069e-06     3.9943e-06  1.5154e-06     3.7771e-04  1.4330e-04 
1.0610e+02     4.1034e-07  2.1169e-07     4.3538e-05  2.2461e-05     9.9858e-06  5.1516e-06     1.0595e-03  5.4659e-04 
1.1905e+02     5.1201e-07  4.6506e-07     6.0953e-05  5.5364e-05     1.3980e-05  1.2698e-05     1.6643e-03  1.5117e-03 
1.3357e+02     1.3038e-07  5.6315e-08     1.7415e-05  7.5221e-06     3.9943e-06  1.7253e-06     5.3354e-04  2.3045e-04 
1.4987e+02     1.7430e-07  9.5555e-08     2.6123e-05  1.4321e-05     5.9915e-06  3.2847e-06     8.9796e-04  4.9228e-04 
1.6816e+02     5.1782e-08  4.3534e-08     8.7076e-06  7.3205e-06     1.9972e-06  1.6790e-06     3.3584e-04  2.8235e-04 
1.8868e+02     4.6151e-08  3.9323e-08     8.7076e-06  7.4194e-06     1.9972e-06  1.7017e-06     3.7682e-04  3.2108e-04 
2.1170e+02     8.2264e-08  8.8947e-08     1.7415e-05  1.8830e-05     3.9943e-06  4.3188e-06     8.4560e-04  9.1429e-04 
2.3753e+02     7.3318e-08  1.7424e-07     1.7415e-05  4.1387e-05     3.9943e-06  9.4924e-06     9.4878e-04  2.2547e-03 
2.6651e+02     6.5344e-08  3.5240e-08     1.7415e-05  9.3918e-06     3.9943e-06  2.1541e-06     1.0645e-03  5.7410e-04 
2.9903e+02     2.9119e-08  1.0497e-08     8.7076e-06  3.1389e-06     1.9972e-06  7.1995e-07     5.9722e-04  2.1529e-04 
3.3552e+02     7.7857e-08  5.1498e-08     2.6123e-05  1.7279e-05     5.9915e-06  3.9631e-06     2.0103e-03  1.3297e-03 
3.7646e+02     4.6260e-08  2.2463e-08     1.7415e-05  8.4565e-06     3.9943e-06  1.9396e-06     1.5037e-03  7.3019e-04 
4.2240e+02     8.2459e-08  7.5784e-08     3.4830e-05  3.2011e-05     7.9887e-06  7.3420e-06     3.3744e-03  3.1012e-03 
4.7394e+02     9.1865e-08  3.1334e-08     4.3538e-05  1.4850e-05     9.9858e-06  3.4062e-06     4.7326e-03  1.6143e-03 
5.3176e+02     1.3100e-07  4.3108e-08     6.9661e-05  2.2923e-05     1.5977e-05  5.2578e-06     8.4962e-03  2.7959e-03 
5.9665e+02     2.9188e-08  6.2137e-08     1.7415e-05  3.7074e-05     3.9943e-06  8.5033e-06     2.3832e-03  5.0735e-03 
6.6945e+02     1.3007e-08  1.5278e-07     8.7076e-06  1.0228e-04     1.9972e-06  2.3459e-05     1.3370e-03  1.5705e-02 
7.5114e+02     1.1593e-08  6.1390e-09     8.7076e-06  4.6112e-06     1.9972e-06  1.0576e-06     1.5001e-03  7.9443e-04 
8.4279e+02     1.0332e-08  1.1737e-08     8.7076e-06  9.8915e-06     1.9972e-06  2.2687e-06     1.6832e-03  1.9120e-03 
9.4563e+02     0.0000e+00  0.0000e+00     0.0000e+00  0.0000e+00     0.0000e+00  0.0000e+00     0.0000e+00  0.0000e+00 
1.0610e+03     0.0000e+00  0.0000e+00     0.0000e+00  0.0000e+00     0.0000e+00  0.0000e+00     0.0000e+00  0.0000e+00 
1.1905e+03     0.0000e+00  0.0000e+00     0.0000e+00  0.0000e+00     0.0000e+00  0.0000e+00     0.0000e+00  0.0000e+00 
1.3357e+03     0.0000e+00  0.0000e+00     0.0000e+00  0.0000e+00     0.0000e+00  0.0000e+00     0.0000e+00  0.0000e+00 
1.4987e+03     0.0000e+00  0.0000e+00     0.0000e+00  0.0000e+00     0.0000e+00  0.0000e+00     0.0000e+00  0.0000e+00 
1.6816e+03     0.0000e+00  0.0000e+00     0.0000e+00  0.0000e+00     0.0000e+00  0.0000e+00     0.0000e+00  0.0000e+00 
1.8868e+03     0.0000e+00  0.0000e+00     0.0000e+00  0.0000e+00     0.0000e+00  0.0000e+00     0.0000e+00  0.0000e+00 
2.1170e+03     0.0000e+00  0.0000e+00     0.0000e+00  0.0000e+00     0.0000e+00  0.0000e+00     0.0000e+00  0.0000e+00 
2.3753e+03     0.0000e+00  0.0000e+00     0.0000e+00  0.0000e+00     0.0000e+00  0.0000e+00     0.0000e+00  0.0000e+00 
2.6651e+03     0.0000e+00  0.0000e+00     0.0000e+00  0.0000e+00     0.0000e+00  0.0000e+00     0.0000e+00  0.0000e+00 
2.9903e+03     0.0000e+00  0.0000e+00     0.0000e+00  0.0000e+00     0.0000e+00  0.0000e+00     0.0000e+00  0.0000e+00 
3.3552e+03     0.0000e+00  0.0000e+00     0.0000e+00  0.0000e+00     0.0000e+00  0.0000e+00     0.0000e+00  0.0000e+00 
3.7646e+03     0.0000e+00  0.0000e+00     0.0000e+00  0.0000e+00     0.0000e+00  0.0000e+00     0.0000e+00  0.0000e+00 
4.2240e+03     0.0000e+00  0.0000e+00     0.0000e+00  0.0000e+00     0.0000e+00  0.0000e+00     0.0000e+00  0.0000e+00 
4.7394e+03     0.0000e+00  0.0000e+00     0.0000e+00  0.0000e+00     0.0000e+00  0.0000e+00     0.0000e+00  0.0000e+00 
5.3176e+03     0.0000e+00  0.0000e+00     0.0000e+00  0.0000e+00     0.0000e+00  0.0000e+00     0.0000e+00  0.0000e+00 
5.9665e+03     0.0000e+00  0.0000e+00     0.0000e+00  0.0000e+00     0.0000e+00  0.0000e+00     0.0000e+00  0.0000e+00 
6.6945e+03     0.0000e+00  0.0000e+00     0.0000e+00  0.0000e+00     0.0000e+00  0.0000e+00     0.0000e+00  0.0000e+00 
7.5114e+03     0.0000e+00  0.0000e+00     0.0000e+00  0.0000e+00     0.0000e+00  0.0000e+00     0.0000e+00  0.0000e+00 
8.4279e+03     0.0000e+00  0.0000e+00     0.0000e+00  0.0000e+00     0.0000e+00  0.0000e+00     0.0000e+00  0.0000e+00 
9.4563e+03     0.0000e+00  0.0000e+00     0.0000e+00  0.0000e+00     0.0000e+00  0.0000e+00     0.0000e+00  0.0000e+00 
