yF = 3.5894e+00 (std: 7.6475e-03) keV/um
yD = 5.9609e+00 (std: 4.7858e-01) keV/um
y (keV/um)     f(y)(std)                  yf(y)(std)                 d(y)(std)                  yd(y)(std)  
1.0610e-03     0.0000e+00  0.0000e+00     0.0000e+00  0.0000e+00     0.0000e+00  0.0000e+00     0.0000e+00  0.0000e+00 
1.1905e-03     0.0000e+00  0.0000e+00     0.0000e+00  0.0000e+00     0.0000e+00  0.0000e+00     0.0000e+00  0.0000e+00 
1.3357e-03     0.0000e+00  0.0000e+00     0.0000e+00  0.0000e+00     0.0000e+00  0.0000e+00     0.0000e+00  0.0000e+00 
1.4987e-03     0.0000e+00  0.0000e+00     0.0000e+00  0.0000e+00     0.0000e+00  0.0000e+00     0.0000e+00  0.0000e+00 
1.6816e-03     5.1776e-03  5.8817e-03     8.7066e-06  9.8905e-06     2.4256e-06  2.7555e-06     4.0789e-09  4.6336e-09 
1.8868e-03     0.0000e+00  0.0000e+00     0.0000e+00  0.0000e+00     0.0000e+00  0.0000e+00     0.0000e+00  0.0000e+00 
2.1170e-03     0.0000e+00  0.0000e+00     0.0000e+00  0.0000e+00     0.0000e+00  0.0000e+00     0.0000e+00  0.0000e+00 
2.3753e-03     0.0000e+00  0.0000e+00     0.0000e+00  0.0000e+00     0.0000e+00  0.0000e+00     0.0000e+00  0.0000e+00 
2.6651e-03     0.0000e+00  0.0000e+00     0.0000e+00  0.0000e+00     0.0000e+00  0.0000e+00     0.0000e+00  0.0000e+00 
2.9903e-03     2.9116e-03  9.2056e-04     8.7066e-06  2.7528e-06     2.4256e-06  7.6693e-07     7.2535e-09  2.2934e-09 
3.3552e-03     0.0000e+00  0.0000e+00     0.0000e+00  0.0000e+00     0.0000e+00  0.0000e+00     0.0000e+00  0.0000e+00 
3.7646e-03     0.0000e+00  0.0000e+00     0.0000e+00  0.0000e+00     0.0000e+00  0.0000e+00     0.0000e+00  0.0000e+00 
4.2240e-03     2.0612e-03  2.5753e-03     8.7066e-06  1.0878e-05     2.4256e-06  3.0306e-06     1.0246e-08  1.2801e-08 
4.7394e-03     1.8371e-03  1.3835e-03     8.7066e-06  6.5570e-06     2.4256e-06  1.8268e-06     1.1496e-08  8.6577e-09 
5.3176e-03     0.0000e+00  0.0000e+00     0.0000e+00  0.0000e+00     0.0000e+00  0.0000e+00     0.0000e+00  0.0000e+00 
5.9665e-03     0.0000e+00  0.0000e+00     0.0000e+00  0.0000e+00     0.0000e+00  0.0000e+00     0.0000e+00  0.0000e+00 
6.6945e-03     2.6011e-03  1.0254e-03     1.7413e-05  6.8645e-06     4.8513e-06  1.9125e-06     3.2477e-08  1.2803e-08 
7.5114e-03     1.1591e-03  7.7555e-04     8.7066e-06  5.8255e-06     2.4256e-06  1.6230e-06     1.8220e-08  1.2191e-08 
8.4279e-03     0.0000e+00  0.0000e+00     0.0000e+00  0.0000e+00     0.0000e+00  0.0000e+00     0.0000e+00  0.0000e+00 
9.4563e-03     0.0000e+00  0.0000e+00     0.0000e+00  0.0000e+00     0.0000e+00  0.0000e+00     0.0000e+00  0.0000e+00 
1.0610e-02     0.0000e+00  0.0000e+00     0.0000e+00  0.0000e+00     0.0000e+00  0.0000e+00     0.0000e+00  0.0000e+00 
1.1905e-02     8.7763e-03  2.1474e-03     1.0448e-04  2.5564e-05     2.9108e-05  7.1224e-06     3.4652e-07  8.4790e-08 
1.3357e-02     9.1255e-03  2.8763e-03     1.2189e-04  3.8419e-05     3.3959e-05  1.0704e-05     4.5360e-07  1.4297e-07 
1.4987e-02     5.8094e-03  2.2332e-03     8.7066e-05  3.3469e-05     2.4256e-05  9.3246e-06     3.6353e-07  1.3975e-07 
1.6816e-02     4.6599e-03  1.4070e-03     7.8360e-05  2.3660e-05     2.1831e-05  6.5916e-06     3.6710e-07  1.1084e-07 
1.8868e-02     2.7687e-03  1.0139e-03     5.2240e-05  1.9130e-05     1.4554e-05  5.3296e-06     2.7460e-07  1.0056e-07 
2.1170e-02     3.2902e-03  1.9934e-03     6.9653e-05  4.2200e-05     1.9405e-05  1.1757e-05     4.1080e-07  2.4889e-07 
2.3753e-02     3.2989e-03  1.0391e-03     7.8360e-05  2.4682e-05     2.1831e-05  6.8765e-06     5.1855e-07  1.6334e-07 
2.6651e-02     4.5736e-03  1.0696e-03     1.2189e-04  2.8505e-05     3.3959e-05  7.9418e-06     9.0505e-07  2.1166e-07 
2.9903e-02     5.5320e-03  1.4866e-03     1.6543e-04  4.4455e-05     4.6087e-05  1.2385e-05     1.3782e-06  3.7036e-07 
3.3552e-02     4.6709e-03  1.4220e-03     1.5672e-04  4.7712e-05     4.3661e-05  1.3293e-05     1.4649e-06  4.4600e-07 
3.7646e-02     5.3193e-03  1.3833e-03     2.0025e-04  5.2077e-05     5.5790e-05  1.4509e-05     2.1003e-06  5.4620e-07 
4.2240e-02     5.5654e-03  1.8212e-03     2.3508e-04  7.6926e-05     6.5492e-05  2.1432e-05     2.7664e-06  9.0527e-07 
4.7394e-02     5.6950e-03  1.5469e-03     2.6991e-04  7.3313e-05     7.5195e-05  2.0426e-05     3.5637e-06  9.6804e-07 
5.3176e-02     7.0404e-03  2.1204e-03     3.7438e-04  1.1276e-04     1.0430e-04  3.1414e-05     5.5464e-06  1.6705e-06 
5.9665e-02     6.7126e-03  1.4495e-03     4.0050e-04  8.6483e-05     1.1158e-04  2.4095e-05     6.6574e-06  1.4376e-06 
6.6945e-02     7.6733e-03  1.5548e-03     5.1369e-04  1.0409e-04     1.4311e-04  2.8999e-05     9.5807e-06  1.9414e-06 
7.5114e-02     8.3457e-03  1.7337e-03     6.2688e-04  1.3023e-04     1.7465e-04  3.6283e-05     1.3118e-05  2.7253e-06 
8.4279e-02     9.8142e-03  2.0912e-03     8.2713e-04  1.7625e-04     2.3044e-04  4.9105e-05     1.9421e-05  4.1385e-06 
9.4563e-02     9.0231e-03  1.4500e-03     8.5325e-04  1.3712e-04     2.3771e-04  3.8204e-05     2.2479e-05  3.6127e-06 
1.0610e-01     1.1078e-02  1.1565e-03     1.1754e-03  1.2271e-04     3.2746e-04  3.4193e-05     3.4744e-05  3.6279e-06 
1.1905e-01     1.1702e-02  1.1504e-03     1.3931e-03  1.3695e-04     3.8810e-04  3.8162e-05     4.6202e-05  4.5431e-06 
1.3357e-01     1.3884e-02  1.8494e-03     1.8545e-03  2.4703e-04     5.1666e-04  6.8831e-05     6.9012e-05  9.1940e-06 
1.4987e-01     1.5395e-02  1.4080e-03     2.3073e-03  2.1103e-04     6.4279e-04  5.8807e-05     9.6337e-05  8.8135e-06 
1.6816e-01     1.5844e-02  1.6521e-03     2.6642e-03  2.7781e-04     7.4225e-04  7.7413e-05     1.2481e-04  1.3018e-05 
1.8868e-01     2.0073e-02  1.3048e-03     3.7874e-03  2.4619e-04     1.0552e-03  6.8624e-05     1.9908e-04  1.2948e-05 
2.1170e-01     2.2661e-02  1.2373e-03     4.7973e-03  2.6193e-04     1.3365e-03  7.3028e-05     2.8294e-04  1.5460e-05 
2.3753e-01     2.5842e-02  1.4318e-03     6.1382e-03  3.4010e-04     1.7101e-03  9.4821e-05     4.0619e-04  2.2523e-05 
2.6651e-01     2.6266e-02  1.9060e-03     7.0001e-03  5.0798e-04     1.9502e-03  1.4158e-04     5.1976e-04  3.7734e-05 
2.9903e-01     3.0484e-02  1.5291e-03     9.1158e-03  4.5726e-04     2.5396e-03  1.2751e-04     7.5944e-04  3.8128e-05 
3.3552e-01     3.4461e-02  1.0705e-03     1.1562e-02  3.5916e-04     3.2212e-03  1.0030e-04     1.0808e-03  3.3651e-05 
3.7646e-01     3.9317e-02  1.8888e-03     1.4801e-02  7.1105e-04     4.1236e-03  1.9829e-04     1.5524e-03  7.4649e-05 
4.2240e-01     4.2833e-02  1.3018e-03     1.8092e-02  5.4986e-04     5.0405e-03  1.5356e-04     2.1291e-03  6.4865e-05 
4.7394e-01     4.6515e-02  1.4758e-03     2.2045e-02  6.9943e-04     6.1417e-03  1.9530e-04     2.9108e-03  9.2558e-05 
5.3176e-01     5.0167e-02  2.2083e-03     2.6677e-02  1.1743e-03     7.4322e-03  3.2753e-04     3.9522e-03  1.7417e-04 
5.9665e-01     5.6079e-02  1.2357e-03     3.3460e-02  7.3727e-04     9.3217e-03  2.0636e-04     5.5618e-03  1.2312e-04 
6.6945e-01     6.1347e-02  6.8681e-04     4.1069e-02  4.5978e-04     1.1442e-02  1.3039e-04     7.6597e-03  8.7292e-05 
7.5114e-01     6.7797e-02  2.0305e-03     5.0925e-02  1.5252e-03     1.4188e-02  4.2598e-04     1.0657e-02  3.1997e-04 
8.4279e-01     7.4381e-02  1.2314e-03     6.2688e-02  1.0378e-03     1.7465e-02  2.9151e-04     1.4719e-02  2.4568e-04 
9.4563e-01     8.3344e-02  1.4883e-03     7.8812e-02  1.4074e-03     2.1957e-02  3.9487e-04     2.0763e-02  3.7340e-04 
1.0610e+00     9.1242e-02  1.9881e-03     9.6809e-02  2.1094e-03     2.6971e-02  5.9047e-04     2.8616e-02  6.2650e-04 
1.1905e+00     1.0218e-01  5.8983e-04     1.2164e-01  7.0218e-04     3.3889e-02  2.0852e-04     4.0343e-02  2.4824e-04 
1.3357e+00     1.1243e-01  1.9234e-03     1.5018e-01  2.5692e-03     4.1840e-02  7.2130e-04     5.5887e-02  9.6347e-04 
1.4987e+00     1.2662e-01  1.4844e-03     1.8977e-01  2.2247e-03     5.2869e-02  6.2995e-04     7.9236e-02  9.4411e-04 
1.6816e+00     1.3999e-01  2.1055e-03     2.3540e-01  3.5405e-03     6.5582e-02  9.9623e-04     1.1028e-01  1.6752e-03 
1.8868e+00     1.5981e-01  1.3829e-03     3.0153e-01  2.6093e-03     8.4005e-02  7.4864e-04     1.5850e-01  1.4125e-03 
2.1170e+00     1.7803e-01  1.7817e-03     3.7688e-01  3.7719e-03     1.0500e-01  1.0744e-03     2.2228e-01  2.2745e-03 
2.3753e+00     2.0388e-01  2.8448e-03     4.8427e-01  6.7573e-03     1.3492e-01  1.9044e-03     3.2047e-01  4.5235e-03 
2.6651e+00     2.3069e-01  6.4555e-04     6.1483e-01  1.7205e-03     1.7129e-01  6.0244e-04     4.5651e-01  1.6056e-03 
2.9903e+00     2.6593e-01  8.3351e-04     7.9522e-01  2.4925e-03     2.2155e-01  8.3963e-04     6.6249e-01  2.5108e-03 
3.3552e+00     2.8565e-01  1.1808e-03     9.5840e-01  3.9617e-03     2.6701e-01  1.2417e-03     8.9586e-01  4.1662e-03 
3.7646e+00     2.6496e-01  1.5024e-03     9.9748e-01  5.6560e-03     2.7790e-01  1.6833e-03     1.0462e+00  6.3369e-03 
4.2240e+00     2.0681e-01  4.3578e-04     8.7353e-01  1.8407e-03     2.4336e-01  7.2926e-04     1.0280e+00  3.0804e-03 
4.7394e+00     1.4055e-01  6.8405e-04     6.6611e-01  3.2420e-03     1.8558e-01  9.8595e-04     8.7951e-01  4.6728e-03 
5.3176e+00     9.0458e-02  7.4939e-04     4.8102e-01  3.9850e-03     1.3401e-01  1.1463e-03     7.1263e-01  6.0958e-03 
5.9665e+00     5.6965e-02  3.8929e-04     3.3988e-01  2.3227e-03     9.4690e-02  6.7781e-04     5.6497e-01  4.0441e-03 
6.6945e+00     3.5267e-02  2.4325e-04     2.3610e-01  1.6284e-03     6.5776e-02  4.7482e-04     4.4034e-01  3.1787e-03 
7.5114e+00     2.0938e-02  3.7475e-04     1.5728e-01  2.8149e-03     4.3817e-02  7.8975e-04     3.2912e-01  5.9321e-03 
8.4279e+00     1.1816e-02  2.7669e-04     9.9586e-02  2.3319e-03     2.7744e-02  6.5234e-04     2.3383e-01  5.4979e-03 
9.4563e+00     6.2922e-03  1.3150e-04     5.9501e-02  1.2435e-03     1.6577e-02  3.4823e-04     1.5675e-01  3.2930e-03 
1.0610e+01     2.9197e-03  7.5025e-05     3.0978e-02  7.9602e-04     8.6304e-03  2.2253e-04     9.1570e-02  2.3611e-03 
1.1905e+01     1.2104e-03  3.5163e-05     1.4409e-02  4.1861e-04     4.0144e-03  1.1694e-04     4.7791e-02  1.3921e-03 
1.3357e+01     4.3737e-04  3.2791e-05     5.8421e-03  4.3800e-04     1.6276e-03  1.2207e-04     2.1740e-02  1.6306e-03 
1.4987e+01     1.2723e-04  1.2628e-05     1.9067e-03  1.8925e-04     5.3121e-04  5.2738e-05     7.9614e-03  7.9039e-04 
1.6816e+01     4.1421e-05  6.6117e-06     6.9653e-04  1.1118e-04     1.9405e-04  3.0978e-05     3.2631e-03  5.2091e-04 
1.8868e+01     5.0760e-06  4.7046e-06     9.5773e-05  8.8765e-05     2.6682e-05  2.4730e-05     5.0343e-04  4.6659e-04 
2.1170e+01     1.2338e-06  8.2307e-07     2.6120e-05  1.7424e-05     7.2769e-06  4.8544e-06     1.5405e-04  1.0277e-04 
2.3753e+01     0.0000e+00  0.0000e+00     0.0000e+00  0.0000e+00     0.0000e+00  0.0000e+00     0.0000e+00  0.0000e+00 
2.6651e+01     6.5337e-07  3.1579e-07     1.7413e-05  8.4163e-06     4.8513e-06  2.3448e-06     1.2929e-04  6.2492e-05 
2.9903e+01     2.9116e-07  5.0661e-07     8.7066e-06  1.5149e-05     2.4256e-06  4.2206e-06     7.2535e-05  1.2621e-04 
3.3552e+01     0.0000e+00  0.0000e+00     0.0000e+00  0.0000e+00     0.0000e+00  0.0000e+00     0.0000e+00  0.0000e+00 
3.7646e+01     4.6255e-07  3.3640e-07     1.7413e-05  1.2664e-05     4.8513e-06  3.5282e-06     1.8263e-04  1.3282e-04 
4.2240e+01     0.0000e+00  0.0000e+00     0.0000e+00  0.0000e+00     0.0000e+00  0.0000e+00     0.0000e+00  0.0000e+00 
4.7394e+01     0.0000e+00  0.0000e+00     0.0000e+00  0.0000e+00     0.0000e+00  0.0000e+00     0.0000e+00  0.0000e+00 
5.3176e+01     1.6373e-07  5.4293e-08     8.7066e-06  2.8871e-06     2.4256e-06  8.0435e-07     1.2899e-04  4.2773e-05 
5.9665e+01     1.4593e-07  1.7141e-06     8.7066e-06  1.0227e-04     2.4256e-06  2.8492e-05     1.4473e-04  1.7000e-03 
6.6945e+01     5.2022e-07  2.3840e-07     3.4826e-05  1.5959e-05     9.7026e-06  4.4463e-06     6.4954e-04  2.9766e-04 
7.5114e+01     1.1591e-07  3.0664e-08     8.7066e-06  2.3033e-06     2.4256e-06  6.4170e-07     1.8220e-04  4.8201e-05 
8.4279e+01     0.0000e+00  0.0000e+00     0.0000e+00  0.0000e+00     0.0000e+00  0.0000e+00     0.0000e+00  0.0000e+00 
9.4563e+01     1.8415e-07  8.4634e-08     1.7413e-05  8.0032e-06     4.8513e-06  2.2297e-06     4.5875e-04  2.1085e-04 
1.0610e+02     8.2060e-08  2.9581e-08     8.7066e-06  3.1386e-06     2.4256e-06  8.7441e-07     2.5736e-04  9.2776e-05 
1.1905e+02     7.3136e-08  6.2317e-08     8.7066e-06  7.4187e-06     2.4256e-06  2.0668e-06     2.8877e-04  2.4605e-04 
1.3357e+02     1.3036e-07  6.8196e-08     1.7413e-05  9.1091e-06     4.8513e-06  2.5378e-06     6.4800e-04  3.3898e-04 
1.4987e+02     0.0000e+00  0.0000e+00     0.0000e+00  0.0000e+00     0.0000e+00  0.0000e+00     0.0000e+00  0.0000e+00 
1.6816e+02     0.0000e+00  0.0000e+00     0.0000e+00  0.0000e+00     0.0000e+00  0.0000e+00     0.0000e+00  0.0000e+00 
1.8868e+02     9.2291e-08  5.1989e-08     1.7413e-05  9.8091e-06     4.8513e-06  2.7328e-06     9.1532e-04  5.1562e-04 
2.1170e+02     8.2255e-08  4.4041e-08     1.7413e-05  9.3235e-06     4.8513e-06  2.5975e-06     1.0270e-03  5.4989e-04 
2.3753e+02     3.6655e-08  4.3056e-07     8.7066e-06  1.0227e-04     2.4256e-06  2.8492e-05     5.7616e-04  6.7678e-03 
2.6651e+02     3.2669e-08  8.6036e-08     8.7066e-06  2.2930e-05     2.4256e-06  6.3882e-06     6.4647e-04  1.7025e-03 
2.9903e+02     5.8232e-08  3.0900e-08     1.7413e-05  9.2400e-06     4.8513e-06  2.5743e-06     1.4507e-03  7.6979e-04 
3.3552e+02     0.0000e+00  0.0000e+00     0.0000e+00  0.0000e+00     0.0000e+00  0.0000e+00     0.0000e+00  0.0000e+00 
3.7646e+02     2.3128e-08  3.2548e-08     8.7066e-06  1.2253e-05     2.4256e-06  3.4136e-06     9.1316e-04  1.2851e-03 
4.2240e+02     8.2450e-08  3.5829e-08     3.4826e-05  1.5134e-05     9.7026e-06  4.2164e-06     4.0983e-03  1.7810e-03 
4.7394e+02     0.0000e+00  0.0000e+00     0.0000e+00  0.0000e+00     0.0000e+00  0.0000e+00     0.0000e+00  0.0000e+00 
5.3176e+02     3.2746e-08  1.8254e-08     1.7413e-05  9.7070e-06     4.8513e-06  2.7044e-06     2.5797e-03  1.4381e-03 
5.9665e+02     1.4593e-08  6.6870e-09     8.7066e-06  3.9898e-06     2.4256e-06  1.1116e-06     1.4473e-03  6.6321e-04 
6.6945e+02     3.9017e-08  3.6501e-08     2.6120e-05  2.4436e-05     7.2769e-06  6.8077e-06     4.8715e-03  4.5574e-03 
7.5114e+02     3.4774e-08  1.6019e-08     2.6120e-05  1.2032e-05     7.2769e-06  3.3522e-06     5.4660e-03  2.5179e-03 
8.4279e+02     0.0000e+00  0.0000e+00     0.0000e+00  0.0000e+00     0.0000e+00  0.0000e+00     0.0000e+00  0.0000e+00 
9.4563e+02     0.0000e+00  0.0000e+00     0.0000e+00  0.0000e+00     0.0000e+00  0.0000e+00     0.0000e+00  0.0000e+00 
1.0610e+03     0.0000e+00  0.0000e+00     0.0000e+00  0.0000e+00     0.0000e+00  0.0000e+00     0.0000e+00  0.0000e+00 
1.1905e+03     0.0000e+00  0.0000e+00     0.0000e+00  0.0000e+00     0.0000e+00  0.0000e+00     0.0000e+00  0.0000e+00 
1.3357e+03     0.0000e+00  0.0000e+00     0.0000e+00  0.0000e+00     0.0000e+00  0.0000e+00     0.0000e+00  0.0000e+00 
1.4987e+03     0.0000e+00  0.0000e+00     0.0000e+00  0.0000e+00     0.0000e+00  0.0000e+00     0.0000e+00  0.0000e+00 
1.6816e+03     0.0000e+00  0.0000e+00     0.0000e+00  0.0000e+00     0.0000e+00  0.0000e+00     0.0000e+00  0.0000e+00 
1.8868e+03     0.0000e+00  0.0000e+00     0.0000e+00  0.0000e+00     0.0000e+00  0.0000e+00     0.0000e+00  0.0000e+00 
2.1170e+03     0.0000e+00  0.0000e+00     0.0000e+00  0.0000e+00     0.0000e+00  0.0000e+00     0.0000e+00  0.0000e+00 
2.3753e+03     0.0000e+00  0.0000e+00     0.0000e+00  0.0000e+00     0.0000e+00  0.0000e+00     0.0000e+00  0.0000e+00 
2.6651e+03     0.0000e+00  0.0000e+00     0.0000e+00  0.0000e+00     0.0000e+00  0.0000e+00     0.0000e+00  0.0000e+00 
2.9903e+03     0.0000e+00  0.0000e+00     0.0000e+00  0.0000e+00     0.0000e+00  0.0000e+00     0.0000e+00  0.0000e+00 
3.3552e+03     0.0000e+00  0.0000e+00     0.0000e+00  0.0000e+00     0.0000e+00  0.0000e+00     0.0000e+00  0.0000e+00 
3.7646e+03     0.0000e+00  0.0000e+00     0.0000e+00  0.0000e+00     0.0000e+00  0.0000e+00     0.0000e+00  0.0000e+00 
4.2240e+03     0.0000e+00  0.0000e+00     0.0000e+00  0.0000e+00     0.0000e+00  0.0000e+00     0.0000e+00  0.0000e+00 
4.7394e+03     0.0000e+00  0.0000e+00     0.0000e+00  0.0000e+00     0.0000e+00  0.0000e+00     0.0000e+00  0.0000e+00 
5.3176e+03     0.0000e+00  0.0000e+00     0.0000e+00  0.0000e+00     0.0000e+00  0.0000e+00     0.0000e+00  0.0000e+00 
5.9665e+03     0.0000e+00  0.0000e+00     0.0000e+00  0.0000e+00     0.0000e+00  0.0000e+00     0.0000e+00  0.0000e+00 
6.6945e+03     0.0000e+00  0.0000e+00     0.0000e+00  0.0000e+00     0.0000e+00  0.0000e+00     0.0000e+00  0.0000e+00 
7.5114e+03     0.0000e+00  0.0000e+00     0.0000e+00  0.0000e+00     0.0000e+00  0.0000e+00     0.0000e+00  0.0000e+00 
8.4279e+03     0.0000e+00  0.0000e+00     0.0000e+00  0.0000e+00     0.0000e+00  0.0000e+00     0.0000e+00  0.0000e+00 
9.4563e+03     0.0000e+00  0.0000e+00     0.0000e+00  0.0000e+00     0.0000e+00  0.0000e+00     0.0000e+00  0.0000e+00 
