yF = 1.7997e+00 (std: 4.1073e-03) keV/um
yD = 3.7795e+00 (std: 4.8739e-01) keV/um
y (keV/um)     f(y)(std)                  yf(y)(std)                 d(y)(std)                  yd(y)(std)  
1.0610e-03     8.2054e-03  5.8987e-03     8.7060e-06  6.2586e-06     4.8375e-06  3.4776e-06     5.1326e-09  3.6898e-09 
1.1905e-03     7.3130e-03  3.4306e-03     8.7060e-06  4.0840e-06     4.8375e-06  2.2693e-06     5.7589e-09  2.7015e-09 
1.3357e-03     0.0000e+00  0.0000e+00     0.0000e+00  0.0000e+00     0.0000e+00  0.0000e+00     0.0000e+00  0.0000e+00 
1.4987e-03     0.0000e+00  0.0000e+00     0.0000e+00  0.0000e+00     0.0000e+00  0.0000e+00     0.0000e+00  0.0000e+00 
1.6816e-03     0.0000e+00  0.0000e+00     0.0000e+00  0.0000e+00     0.0000e+00  0.0000e+00     0.0000e+00  0.0000e+00 
1.8868e-03     4.6142e-03  1.5982e-03     8.7060e-06  3.0154e-06     4.8375e-06  1.6756e-06     9.1272e-09  3.1614e-09 
2.1170e-03     0.0000e+00  0.0000e+00     0.0000e+00  0.0000e+00     0.0000e+00  0.0000e+00     0.0000e+00  0.0000e+00 
2.3753e-03     3.6652e-03  1.4193e-03     8.7060e-06  3.3714e-06     4.8375e-06  1.8733e-06     1.1491e-08  4.4498e-09 
2.6651e-03     0.0000e+00  0.0000e+00     0.0000e+00  0.0000e+00     0.0000e+00  0.0000e+00     0.0000e+00  0.0000e+00 
2.9903e-03     5.8227e-03  3.0317e-03     1.7412e-05  9.0659e-06     9.6750e-06  5.0375e-06     2.8931e-08  1.5064e-08 
3.3552e-03     0.0000e+00  0.0000e+00     0.0000e+00  0.0000e+00     0.0000e+00  0.0000e+00     0.0000e+00  0.0000e+00 
3.7646e-03     4.6252e-03  2.0816e-03     1.7412e-05  7.8366e-06     9.6750e-06  4.3545e-06     3.6422e-08  1.6393e-08 
4.2240e-03     0.0000e+00  0.0000e+00     0.0000e+00  0.0000e+00     0.0000e+00  0.0000e+00     0.0000e+00  0.0000e+00 
4.7394e-03     1.8370e-03  1.0410e-03     8.7060e-06  4.9337e-06     4.8375e-06  2.7414e-06     2.2927e-08  1.2993e-08 
5.3176e-03     1.6372e-03  4.9111e-04     8.7060e-06  2.6116e-06     4.8375e-06  1.4512e-06     2.5724e-08  7.7167e-09 
5.9665e-03     1.4591e-03  4.8389e-04     8.7060e-06  2.8871e-06     4.8375e-06  1.6043e-06     2.8863e-08  9.5718e-09 
6.6945e-03     5.2018e-03  7.3204e-03     3.4824e-05  4.9007e-05     1.9350e-05  2.7231e-05     1.2954e-07  1.8230e-07 
7.5114e-03     1.1590e-03  5.0519e-04     8.7060e-06  3.7947e-06     4.8375e-06  2.1086e-06     3.6336e-08  1.5838e-08 
8.4279e-03     1.0330e-03  2.3098e-04     8.7060e-06  1.9467e-06     4.8375e-06  1.0817e-06     4.0770e-08  9.1168e-09 
9.4563e-03     0.0000e+00  0.0000e+00     0.0000e+00  0.0000e+00     0.0000e+00  0.0000e+00     0.0000e+00  0.0000e+00 
1.0610e-02     0.0000e+00  0.0000e+00     0.0000e+00  0.0000e+00     0.0000e+00  0.0000e+00     0.0000e+00  0.0000e+00 
1.1905e-02     4.3878e-02  1.2035e-02     5.2236e-04  1.4327e-04     2.9025e-04  7.9612e-05     3.4553e-06  9.4776e-07 
1.3357e-02     3.3241e-02  1.0586e-02     4.4400e-04  1.4139e-04     2.4671e-04  7.8568e-05     3.2954e-06  1.0495e-06 
1.4987e-02     3.3111e-02  4.3199e-03     4.9624e-04  6.4743e-05     2.7574e-04  3.5980e-05     4.1325e-06  5.3924e-07 
1.6816e-02     1.9156e-02  7.6728e-03     3.2212e-04  1.2902e-04     1.7899e-04  7.1694e-05     3.0098e-06  1.2056e-06 
1.8868e-02     1.9380e-02  3.0792e-03     3.6565e-04  5.8097e-05     2.0317e-04  3.2285e-05     3.8334e-06  6.0915e-07 
2.1170e-02     1.4393e-02  3.1831e-03     3.0471e-04  6.7386e-05     1.6931e-04  3.7445e-05     3.5843e-06  7.9271e-07 
2.3753e-02     2.0525e-02  3.0124e-03     4.8753e-04  7.1554e-05     2.7090e-04  3.9764e-05     6.4347e-06  9.4451e-07 
2.6651e-02     2.5153e-02  3.9260e-03     6.7036e-04  1.0463e-04     3.7249e-04  5.8146e-05     9.9273e-06  1.5497e-06 
2.9903e-02     2.9405e-02  4.8145e-03     8.7930e-04  1.4397e-04     4.8859e-04  8.0006e-05     1.4610e-05  2.3924e-06 
3.3552e-02     2.9580e-02  2.3591e-03     9.9248e-04  7.9152e-05     5.5147e-04  4.3999e-05     1.8503e-05  1.4763e-06 
3.7646e-02     2.9370e-02  2.8337e-03     1.1057e-03  1.0668e-04     6.1436e-04  5.9292e-05     2.3128e-05  2.2321e-06 
4.2240e-02     2.9061e-02  4.0415e-03     1.2275e-03  1.7071e-04     6.8209e-04  9.4869e-05     2.8811e-05  4.0072e-06 
4.7394e-02     3.1779e-02  4.3343e-03     1.5061e-03  2.0542e-04     8.3689e-04  1.1416e-04     3.9663e-05  5.4104e-06 
5.3176e-02     3.2907e-02  2.1495e-03     1.7499e-03  1.1430e-04     9.7234e-04  6.3552e-05     5.1705e-05  3.3795e-06 
5.9665e-02     3.7500e-02  3.4204e-03     2.2374e-03  2.0408e-04     1.2432e-03  1.1343e-04     7.4178e-05  6.7679e-06 
6.6945e-02     3.4332e-02  3.1545e-03     2.2984e-03  2.1118e-04     1.2771e-03  1.1738e-04     8.5495e-05  7.8579e-06 
7.5114e-02     4.2653e-02  2.8617e-03     3.2038e-03  2.1495e-04     1.7802e-03  1.1951e-04     1.3372e-04  8.9767e-06 
8.4279e-02     4.5762e-02  9.7136e-03     3.8567e-03  8.1865e-04     2.1430e-03  4.5491e-04     1.8061e-04  3.8340e-05 
9.4563e-02     4.9255e-02  4.7219e-03     4.6577e-03  4.4652e-04     2.5881e-03  2.4818e-04     2.4473e-04  2.3468e-05 
1.0610e-01     5.4648e-02  3.6608e-03     5.7982e-03  3.8842e-04     3.2218e-03  2.1595e-04     3.4183e-04  2.2913e-05 
1.1905e-01     6.0186e-02  3.3002e-03     7.1650e-03  3.9288e-04     3.9813e-03  2.1849e-04     4.7396e-04  2.6011e-05 
1.3357e-01     6.5177e-02  1.0454e-02     8.7060e-03  1.3964e-03     4.8375e-03  7.7598e-04     6.4616e-04  1.0365e-04 
1.4987e-01     7.2031e-02  2.7401e-03     1.0795e-02  4.1066e-04     5.9985e-03  2.2859e-04     8.9900e-04  3.4259e-05 
1.6816e-01     7.8021e-02  4.2413e-03     1.3120e-02  7.1321e-04     7.2901e-03  3.9664e-04     1.2259e-03  6.6699e-05 
1.8868e-01     8.8593e-02  3.2992e-03     1.6715e-02  6.2248e-04     9.2880e-03  3.4653e-04     1.7524e-03  6.5382e-05 
2.1170e-01     9.5367e-02  2.2650e-03     2.0189e-02  4.7949e-04     1.1218e-02  2.6766e-04     2.3749e-03  5.6663e-05 
2.3753e-01     1.0296e-01  5.0385e-03     2.4455e-02  1.1968e-03     1.3589e-02  6.6573e-04     3.2277e-03  1.5813e-04 
2.6651e-01     1.1482e-01  2.7078e-03     3.0601e-02  7.2166e-04     1.7004e-02  4.0286e-04     4.5317e-03  1.0737e-04 
2.9903e-01     1.2434e-01  3.2042e-03     3.7183e-02  9.5815e-04     2.0661e-02  5.3448e-04     6.1783e-03  1.5983e-04 
3.3552e-01     1.3921e-01  3.0554e-03     4.6707e-02  1.0251e-03     2.5953e-02  5.7269e-04     8.7078e-03  1.9215e-04 
3.7646e-01     1.5203e-01  2.9420e-03     5.7233e-02  1.1075e-03     3.1802e-02  6.1967e-04     1.1972e-02  2.3328e-04 
4.2240e-01     1.6808e-01  2.9734e-03     7.0997e-02  1.2560e-03     3.9450e-02  7.0366e-04     1.6663e-02  2.9722e-04 
4.7394e-01     1.8325e-01  2.5562e-03     8.6851e-02  1.2115e-03     4.8259e-02  6.8211e-04     2.2872e-02  3.2327e-04 
5.3176e-01     2.0376e-01  2.9056e-03     1.0835e-01  1.5451e-03     6.0207e-02  8.6947e-04     3.2016e-02  4.6235e-04 
5.9665e-01     2.2356e-01  3.3963e-03     1.3338e-01  2.0264e-03     7.4115e-02  1.1386e-03     4.4221e-02  6.7935e-04 
6.6945e-01     2.5181e-01  4.0127e-03     1.6857e-01  2.6863e-03     9.3668e-02  1.5079e-03     6.2706e-02  1.0095e-03 
7.5114e-01     2.8307e-01  2.4899e-03     2.1263e-01  1.8703e-03     1.1815e-01  1.0736e-03     8.8744e-02  8.0645e-04 
8.4279e-01     3.1202e-01  4.4750e-03     2.6296e-01  3.7715e-03     1.4612e-01  2.1220e-03     1.2315e-01  1.7884e-03 
9.4563e-01     3.5443e-01  2.5398e-03     3.3515e-01  2.4017e-03     1.8623e-01  1.4005e-03     1.7610e-01  1.3244e-03 
1.0610e+00     4.0256e-01  2.0531e-03     4.2712e-01  2.1783e-03     2.3733e-01  1.3260e-03     2.5181e-01  1.4069e-03 
1.1905e+00     4.5568e-01  1.5873e-03     5.4247e-01  1.8896e-03     3.0142e-01  1.2553e-03     3.5884e-01  1.4943e-03 
1.3357e+00     5.1720e-01  2.9081e-03     6.9084e-01  3.8844e-03     3.8386e-01  2.3294e-03     5.1274e-01  3.1114e-03 
1.4987e+00     5.6539e-01  2.0442e-03     8.4735e-01  3.0637e-03     4.7083e-01  2.0131e-03     7.0564e-01  3.0171e-03 
1.6816e+00     5.5682e-01  2.5631e-03     9.3634e-01  4.3101e-03     5.2028e-01  2.6731e-03     8.7489e-01  4.4950e-03 
1.8868e+00     4.7433e-01  1.8843e-03     8.9495e-01  3.5552e-03     4.9728e-01  2.2783e-03     9.3825e-01  4.2986e-03 
2.1170e+00     3.4701e-01  1.4934e-03     7.3463e-01  3.1615e-03     4.0820e-01  1.9884e-03     8.6415e-01  4.2094e-03 
2.3753e+00     2.2894e-01  1.4965e-03     5.4381e-01  3.5546e-03     3.0217e-01  2.0921e-03     7.1774e-01  4.9693e-03 
2.6651e+00     1.4466e-01  1.2245e-03     3.8554e-01  3.2634e-03     2.1423e-01  1.8781e-03     5.7095e-01  5.0054e-03 
2.9903e+00     9.2716e-02  1.6673e-03     2.7725e-01  4.9858e-03     1.5405e-01  2.7926e-03     4.6067e-01  8.3507e-03 
3.3552e+00     6.1973e-02  1.4518e-03     2.0793e-01  4.8712e-03     1.1554e-01  2.7195e-03     3.8766e-01  9.1245e-03 
3.7646e+00     4.0019e-02  3.2577e-04     1.5066e-01  1.2264e-03     8.3713e-02  7.0773e-04     3.1515e-01  2.6643e-03 
4.2240e+00     2.6862e-02  4.1743e-04     1.1346e-01  1.7632e-03     6.3047e-02  9.9024e-04     2.6631e-01  4.1827e-03 
4.7394e+00     1.7874e-02  2.0928e-04     8.4709e-02  9.9183e-04     4.7069e-02  5.6149e-04     2.2308e-01  2.6611e-03 
5.3176e+00     1.1798e-02  1.3535e-04     6.2735e-02  7.1973e-04     3.4859e-02  4.0776e-04     1.8537e-01  2.1683e-03 
5.9665e+00     7.5525e-03  1.0740e-04     4.5062e-02  6.4082e-04     2.5039e-02  3.6063e-04     1.4939e-01  2.1517e-03 
6.6945e+00     4.3722e-03  1.1971e-04     2.9269e-02  8.0141e-04     1.6264e-02  4.4685e-04     1.0888e-01  2.9914e-03 
7.5114e+00     2.3865e-03  7.8638e-05     1.7926e-02  5.9068e-04     9.9604e-03  3.2900e-04     7.4816e-02  2.4712e-03 
8.4279e+00     1.1859e-03  6.1570e-05     9.9944e-03  5.1890e-04     5.5534e-03  2.8861e-04     4.6804e-02  2.4324e-03 
9.4563e+00     5.1833e-04  4.3244e-05     4.9015e-03  4.0893e-04     2.7235e-03  2.2731e-04     2.5754e-02  2.1495e-03 
1.0610e+01     1.9693e-04  1.2474e-05     2.0894e-03  1.3235e-04     1.1610e-03  7.3587e-05     1.2318e-02  7.8077e-04 
1.1905e+01     7.0936e-05  1.5742e-05     8.4448e-04  1.8740e-04     4.6924e-04  1.0414e-04     5.5861e-03  1.2397e-03 
1.3357e+01     1.5643e-05  2.9130e-06     2.0894e-04  3.8910e-05     1.1610e-04  2.1622e-05     1.5508e-03  2.8881e-04 
1.4987e+01     5.8090e-06  1.9280e-06     8.7060e-05  2.8895e-05     4.8375e-05  1.6056e-05     7.2500e-04  2.4063e-04 
1.6816e+01     2.5886e-06  5.5756e-06     4.3530e-05  9.3758e-05     2.4187e-05  5.2097e-05     4.0673e-04  8.7606e-04 
1.8868e+01     9.2284e-07  4.8279e-07     1.7412e-05  9.1091e-06     9.6750e-06  5.0616e-06     1.8254e-04  9.5500e-05 
2.1170e+01     4.1124e-07  3.0261e-07     8.7060e-06  6.4062e-06     4.8375e-06  3.5596e-06     1.0241e-04  7.5357e-05 
2.3753e+01     0.0000e+00  0.0000e+00     0.0000e+00  0.0000e+00     0.0000e+00  0.0000e+00     0.0000e+00  0.0000e+00 
2.6651e+01     6.5332e-07  2.0854e-07     1.7412e-05  5.5579e-06     9.6750e-06  3.0883e-06     2.5785e-04  8.2308e-05 
2.9903e+01     2.9114e-07  6.5100e-08     8.7060e-06  1.9467e-06     4.8375e-06  1.0817e-06     1.4466e-04  3.2348e-05 
3.3552e+01     0.0000e+00  0.0000e+00     0.0000e+00  0.0000e+00     0.0000e+00  0.0000e+00     0.0000e+00  0.0000e+00 
3.7646e+01     2.3126e-07  1.5474e-07     8.7060e-06  5.8255e-06     4.8375e-06  3.2370e-06     1.8211e-04  1.2186e-04 
4.2240e+01     2.0611e-07  1.8614e-07     8.7060e-06  7.8624e-06     4.8375e-06  4.3688e-06     2.0433e-04  1.8454e-04 
4.7394e+01     0.0000e+00  0.0000e+00     0.0000e+00  0.0000e+00     0.0000e+00  0.0000e+00     0.0000e+00  0.0000e+00 
5.3176e+01     1.6372e-07  1.6373e-08     8.7060e-06  8.7068e-07     4.8375e-06  4.8392e-07     2.5724e-04  2.5733e-05 
5.9665e+01     1.4591e-07  8.9088e-08     8.7060e-06  5.3154e-06     4.8375e-06  2.9535e-06     2.8863e-04  1.7622e-04 
6.6945e+01     0.0000e+00  0.0000e+00     0.0000e+00  0.0000e+00     0.0000e+00  0.0000e+00     0.0000e+00  0.0000e+00 
7.5114e+01     1.1590e-07  4.6800e-07     8.7060e-06  3.5153e-05     4.8375e-06  1.9533e-05     3.6336e-04  1.4672e-03 
8.4279e+01     2.0660e-07  1.3153e-07     1.7412e-05  1.1085e-05     9.6750e-06  6.1595e-06     8.1540e-04  5.1912e-04 
9.4563e+01     0.0000e+00  0.0000e+00     0.0000e+00  0.0000e+00     0.0000e+00  0.0000e+00     0.0000e+00  0.0000e+00 
1.0610e+02     0.0000e+00  0.0000e+00     0.0000e+00  0.0000e+00     0.0000e+00  0.0000e+00     0.0000e+00  0.0000e+00 
1.1905e+02     0.0000e+00  0.0000e+00     0.0000e+00  0.0000e+00     0.0000e+00  0.0000e+00     0.0000e+00  0.0000e+00 
1.3357e+02     6.5177e-08  2.7650e-08     8.7060e-06  3.6934e-06     4.8375e-06  2.0523e-06     6.4616e-04  2.7413e-04 
1.4987e+02     0.0000e+00  0.0000e+00     0.0000e+00  0.0000e+00     0.0000e+00  0.0000e+00     0.0000e+00  0.0000e+00 
1.6816e+02     0.0000e+00  0.0000e+00     0.0000e+00  0.0000e+00     0.0000e+00  0.0000e+00     0.0000e+00  0.0000e+00 
1.8868e+02     4.6142e-08  3.2401e-08     8.7060e-06  6.1133e-06     4.8375e-06  3.3969e-06     9.1272e-04  6.4091e-04 
2.1170e+02     4.1124e-08  2.5806e-08     8.7060e-06  5.4632e-06     4.8375e-06  3.0357e-06     1.0241e-03  6.4264e-04 
2.3753e+02     0.0000e+00  0.0000e+00     0.0000e+00  0.0000e+00     0.0000e+00  0.0000e+00     0.0000e+00  0.0000e+00 
2.6651e+02     0.0000e+00  0.0000e+00     0.0000e+00  0.0000e+00     0.0000e+00  0.0000e+00     0.0000e+00  0.0000e+00 
2.9903e+02     8.7341e-08  4.3353e-08     2.6118e-05  1.2964e-05     1.4512e-05  7.2036e-06     4.3397e-03  2.1541e-03 
3.3552e+02     0.0000e+00  0.0000e+00     0.0000e+00  0.0000e+00     0.0000e+00  0.0000e+00     0.0000e+00  0.0000e+00 
3.7646e+02     0.0000e+00  0.0000e+00     0.0000e+00  0.0000e+00     0.0000e+00  0.0000e+00     0.0000e+00  0.0000e+00 
4.2240e+02     2.0611e-08  8.4973e-09     8.7060e-06  3.5892e-06     4.8375e-06  1.9944e-06     2.0433e-03  8.4242e-04 
4.7394e+02     0.0000e+00  0.0000e+00     0.0000e+00  0.0000e+00     0.0000e+00  0.0000e+00     0.0000e+00  0.0000e+00 
5.3176e+02     3.2744e-08  3.5054e-08     1.7412e-05  1.8641e-05     9.6750e-06  1.0358e-05     5.1448e-03  5.5079e-03 
5.9665e+02     1.4591e-08  1.2268e-08     8.7060e-06  7.3198e-06     4.8375e-06  4.0673e-06     2.8863e-03  2.4267e-03 
6.6945e+02     2.6009e-08  1.5516e-08     1.7412e-05  1.0387e-05     9.6750e-06  5.7717e-06     6.4769e-03  3.8639e-03 
7.5114e+02     0.0000e+00  0.0000e+00     0.0000e+00  0.0000e+00     0.0000e+00  0.0000e+00     0.0000e+00  0.0000e+00 
8.4279e+02     0.0000e+00  0.0000e+00     0.0000e+00  0.0000e+00     0.0000e+00  0.0000e+00     0.0000e+00  0.0000e+00 
9.4563e+02     0.0000e+00  0.0000e+00     0.0000e+00  0.0000e+00     0.0000e+00  0.0000e+00     0.0000e+00  0.0000e+00 
1.0610e+03     0.0000e+00  0.0000e+00     0.0000e+00  0.0000e+00     0.0000e+00  0.0000e+00     0.0000e+00  0.0000e+00 
1.1905e+03     0.0000e+00  0.0000e+00     0.0000e+00  0.0000e+00     0.0000e+00  0.0000e+00     0.0000e+00  0.0000e+00 
1.3357e+03     0.0000e+00  0.0000e+00     0.0000e+00  0.0000e+00     0.0000e+00  0.0000e+00     0.0000e+00  0.0000e+00 
1.4987e+03     0.0000e+00  0.0000e+00     0.0000e+00  0.0000e+00     0.0000e+00  0.0000e+00     0.0000e+00  0.0000e+00 
1.6816e+03     0.0000e+00  0.0000e+00     0.0000e+00  0.0000e+00     0.0000e+00  0.0000e+00     0.0000e+00  0.0000e+00 
1.8868e+03     0.0000e+00  0.0000e+00     0.0000e+00  0.0000e+00     0.0000e+00  0.0000e+00     0.0000e+00  0.0000e+00 
2.1170e+03     0.0000e+00  0.0000e+00     0.0000e+00  0.0000e+00     0.0000e+00  0.0000e+00     0.0000e+00  0.0000e+00 
2.3753e+03     0.0000e+00  0.0000e+00     0.0000e+00  0.0000e+00     0.0000e+00  0.0000e+00     0.0000e+00  0.0000e+00 
2.6651e+03     0.0000e+00  0.0000e+00     0.0000e+00  0.0000e+00     0.0000e+00  0.0000e+00     0.0000e+00  0.0000e+00 
2.9903e+03     0.0000e+00  0.0000e+00     0.0000e+00  0.0000e+00     0.0000e+00  0.0000e+00     0.0000e+00  0.0000e+00 
3.3552e+03     0.0000e+00  0.0000e+00     0.0000e+00  0.0000e+00     0.0000e+00  0.0000e+00     0.0000e+00  0.0000e+00 
3.7646e+03     0.0000e+00  0.0000e+00     0.0000e+00  0.0000e+00     0.0000e+00  0.0000e+00     0.0000e+00  0.0000e+00 
4.2240e+03     0.0000e+00  0.0000e+00     0.0000e+00  0.0000e+00     0.0000e+00  0.0000e+00     0.0000e+00  0.0000e+00 
4.7394e+03     0.0000e+00  0.0000e+00     0.0000e+00  0.0000e+00     0.0000e+00  0.0000e+00     0.0000e+00  0.0000e+00 
5.3176e+03     0.0000e+00  0.0000e+00     0.0000e+00  0.0000e+00     0.0000e+00  0.0000e+00     0.0000e+00  0.0000e+00 
5.9665e+03     0.0000e+00  0.0000e+00     0.0000e+00  0.0000e+00     0.0000e+00  0.0000e+00     0.0000e+00  0.0000e+00 
6.6945e+03     0.0000e+00  0.0000e+00     0.0000e+00  0.0000e+00     0.0000e+00  0.0000e+00     0.0000e+00  0.0000e+00 
7.5114e+03     0.0000e+00  0.0000e+00     0.0000e+00  0.0000e+00     0.0000e+00  0.0000e+00     0.0000e+00  0.0000e+00 
8.4279e+03     0.0000e+00  0.0000e+00     0.0000e+00  0.0000e+00     0.0000e+00  0.0000e+00     0.0000e+00  0.0000e+00 
9.4563e+03     0.0000e+00  0.0000e+00     0.0000e+00  0.0000e+00     0.0000e+00  0.0000e+00     0.0000e+00  0.0000e+00 
