yF = 6.4503e+00 (std: 2.6099e-02) keV/um
yD = 8.2842e+00 (std: 4.1876e-02) keV/um
y (keV/um)     f(y)(std)                  yf(y)(std)                 d(y)(std)                  yd(y)(std)  
1.0610e-01     7.8920e-02  1.0866e-02     8.3735e-03  1.1529e-03     1.2982e-03  1.7881e-04     1.3774e-04  1.8972e-05 
1.1905e-01     1.1869e-02  2.4464e-03     1.4130e-03  2.9124e-04     2.1906e-04  4.5160e-05     2.6079e-05  5.3761e-06 
1.3357e-01     1.4105e-02  3.0055e-03     1.8840e-03  4.0146e-04     2.9208e-04  6.2250e-05     3.9015e-05  8.3149e-06 
1.4987e-01     1.6238e-02  1.8782e-03     2.4335e-03  2.8149e-04     3.7728e-04  4.3666e-05     5.6543e-05  6.5443e-06 
1.6816e-01     1.4005e-02  2.3867e-03     2.3550e-03  4.0135e-04     3.6511e-04  6.2239e-05     6.1396e-05  1.0466e-05 
1.8868e-01     1.7336e-02  2.8722e-03     3.2709e-03  5.4192e-04     5.0709e-04  8.4039e-05     9.5676e-05  1.5856e-05 
2.1170e-01     1.6934e-02  2.3166e-03     3.5849e-03  4.9043e-04     5.5577e-04  7.6065e-05     1.1766e-04  1.6103e-05 
2.3753e-01     1.7186e-02  1.9258e-03     4.0821e-03  4.5743e-04     6.3285e-04  7.0963e-05     1.5032e-04  1.6856e-05 
2.6651e-01     1.9146e-02  2.1487e-03     5.1026e-03  5.7266e-04     7.9106e-04  8.8837e-05     2.1083e-04  2.3676e-05 
2.9903e-01     2.0214e-02  3.5694e-03     6.0446e-03  1.0674e-03     9.3710e-04  1.6552e-04     2.8023e-04  4.9496e-05 
3.3552e-01     2.3007e-02  2.2155e-03     7.7193e-03  7.4336e-04     1.1967e-03  1.1535e-04     4.0153e-04  3.8701e-05 
3.7646e-01     2.2243e-02  1.9650e-03     8.3735e-03  7.3975e-04     1.2982e-03  1.1480e-04     4.8870e-04  4.3219e-05 
4.2240e-01     2.3789e-02  2.7936e-03     1.0048e-02  1.1800e-03     1.5578e-03  1.8305e-04     6.5800e-04  7.7319e-05 
4.7394e-01     2.6557e-02  1.7116e-03     1.2586e-02  8.1121e-04     1.9513e-03  1.2601e-04     9.2478e-04  5.9721e-05 
5.3176e-01     2.6720e-02  2.8597e-03     1.4209e-02  1.5207e-03     2.2028e-03  2.3592e-04     1.1714e-03  1.2546e-04 
5.9665e-01     2.8112e-02  3.7434e-03     1.6773e-02  2.2335e-03     2.6004e-03  3.4642e-04     1.5515e-03  2.0669e-04 
6.6945e-01     3.4397e-02  1.6426e-03     2.3027e-02  1.0997e-03     3.5699e-03  1.7109e-04     2.3899e-03  1.1454e-04 
7.5114e-01     3.4175e-02  1.6944e-03     2.5670e-02  1.2727e-03     3.9797e-03  1.9797e-04     2.9893e-03  1.4870e-04 
8.4279e-01     3.6792e-02  2.4149e-03     3.1008e-02  2.0352e-03     4.8072e-03  3.1612e-04     4.0515e-03  2.6642e-04 
9.4563e-01     3.9349e-02  4.4635e-03     3.7210e-02  4.2208e-03     5.7687e-03  6.5477e-04     5.4550e-03  6.1917e-04 
1.0610e+00     4.5897e-02  1.2093e-03     4.8697e-02  1.2831e-03     7.5496e-03  2.0125e-04     8.0102e-03  2.1352e-04 
1.1905e+00     4.7961e-02  3.3187e-03     5.7097e-02  3.9508e-03     8.8518e-03  6.1355e-04     1.0538e-02  7.3041e-04 
1.3357e+00     5.2071e-02  2.2949e-03     6.9552e-02  3.0654e-03     1.0783e-02  4.7723e-04     1.4403e-02  6.3745e-04 
1.4987e+00     5.2432e-02  1.6796e-03     7.8580e-02  2.5172e-03     1.2182e-02  3.9334e-04     1.8258e-02  5.8951e-04 
1.6816e+00     5.8105e-02  3.6704e-03     9.7708e-02  6.1721e-03     1.5148e-02  9.5882e-04     2.5472e-02  1.6123e-03 
1.8868e+00     6.3200e-02  1.5779e-03     1.1924e-01  2.9772e-03     1.8487e-02  4.6757e-04     3.4880e-02  8.8220e-04 
2.1170e+00     7.0196e-02  2.9893e-03     1.4860e-01  6.3283e-03     2.3038e-02  9.8550e-04     4.8772e-02  2.0863e-03 
2.3753e+00     7.3787e-02  1.3612e-03     1.7527e-01  3.2332e-03     2.7172e-02  5.1316e-04     6.4542e-02  1.2189e-03 
2.6651e+00     7.8517e-02  1.2825e-03     2.0926e-01  3.4181e-03     3.2442e-02  5.4592e-04     8.6461e-02  1.4550e-03 
2.9903e+00     8.6920e-02  2.0573e-03     2.5992e-01  6.1520e-03     4.0295e-02  9.6759e-04     1.2050e-01  2.8934e-03 
3.3552e+00     9.4648e-02  3.0596e-03     3.1756e-01  1.0266e-02     4.9232e-02  1.6039e-03     1.6519e-01  5.3814e-03 
3.7646e+00     1.0161e-01  3.9041e-03     3.8251e-01  1.4698e-02     5.9301e-02  2.2912e-03     2.2325e-01  8.6254e-03 
4.2240e+00     1.1002e-01  1.0627e-03     4.6470e-01  4.4886e-03     7.2043e-02  7.5446e-04     3.0431e-01  3.1868e-03 
4.7394e+00     1.1623e-01  1.6746e-03     5.5087e-01  7.9363e-03     8.5402e-02  1.2780e-03     4.0475e-01  6.0568e-03 
5.3176e+00     1.2328e-01  8.1475e-04     6.5557e-01  4.3325e-03     1.0163e-01  7.8756e-04     5.4045e-01  4.1880e-03 
5.9665e+00     1.2107e-01  1.9573e-03     7.2234e-01  1.1678e-02     1.1199e-01  1.8663e-03     6.6816e-01  1.1135e-02 
6.6945e+00     1.1604e-01  1.3547e-03     7.7680e-01  9.0688e-03     1.2043e-01  1.4880e-03     8.0621e-01  9.9613e-03 
7.5114e+00     1.0258e-01  7.0687e-04     7.7052e-01  5.3096e-03     1.1945e-01  9.5456e-04     8.9727e-01  7.1701e-03 
8.4279e+00     8.5066e-02  1.0649e-03     7.1693e-01  8.9745e-03     1.1115e-01  1.4622e-03     9.3673e-01  1.2323e-02 
9.4563e+00     6.4030e-02  1.0509e-03     6.0548e-01  9.9374e-03     9.3869e-02  1.5867e-03     8.8765e-01  1.5005e-02 
1.0610e+01     4.4447e-02  7.5667e-04     4.7158e-01  8.0284e-03     7.3110e-02  1.2793e-03     7.7571e-01  1.3574e-02 
1.1905e+01     2.8003e-02  4.6956e-04     3.3337e-01  5.5900e-03     5.1683e-02  8.9150e-04     6.1527e-01  1.0613e-02 
1.3357e+01     1.5684e-02  3.3139e-04     2.0949e-01  4.4265e-03     3.2478e-02  6.9871e-04     4.3382e-01  9.3329e-03 
1.4987e+01     8.0996e-03  1.4201e-04     1.2139e-01  2.1284e-03     1.8819e-02  3.3864e-04     2.8205e-01  5.0752e-03 
1.6816e+01     3.7549e-03  6.4056e-05     6.3141e-02  1.0772e-03     9.7889e-03  1.7163e-04     1.6461e-01  2.8860e-03 
1.8868e+01     1.5034e-03  1.3067e-04     2.8365e-02  2.4654e-03     4.3975e-03  3.8262e-04     8.2971e-02  7.2192e-03 
2.1170e+01     5.2903e-04  5.4625e-05     1.1200e-02  1.1564e-03     1.7363e-03  1.7942e-04     3.6757e-02  3.7983e-03 
2.3753e+01     1.5423e-04  1.5220e-05     3.6634e-03  3.6152e-04     5.6794e-04  5.6093e-05     1.3490e-02  1.3324e-03 
2.6651e+01     2.7491e-05  6.9330e-06     7.3268e-04  1.8477e-04     1.1359e-04  2.8649e-05     3.0273e-03  7.6355e-04 
2.9903e+01     4.3753e-06  2.0565e-06     1.3084e-04  6.1496e-05     2.0284e-05  9.5341e-06     6.0655e-04  2.8510e-04 
3.3552e+01     7.7990e-07  3.4896e-07     2.6167e-05  1.1708e-05     4.0567e-06  1.8152e-06     1.3611e-04  6.0905e-05 
3.7646e+01     0.0000e+00  0.0000e+00     0.0000e+00  0.0000e+00     0.0000e+00  0.0000e+00     0.0000e+00  0.0000e+00 
4.2240e+01     0.0000e+00  0.0000e+00     0.0000e+00  0.0000e+00     0.0000e+00  0.0000e+00     0.0000e+00  0.0000e+00 
4.7394e+01     0.0000e+00  0.0000e+00     0.0000e+00  0.0000e+00     0.0000e+00  0.0000e+00     0.0000e+00  0.0000e+00 
5.3176e+01     0.0000e+00  0.0000e+00     0.0000e+00  0.0000e+00     0.0000e+00  0.0000e+00     0.0000e+00  0.0000e+00 
5.9665e+01     0.0000e+00  0.0000e+00     0.0000e+00  0.0000e+00     0.0000e+00  0.0000e+00     0.0000e+00  0.0000e+00 
6.6945e+01     0.0000e+00  0.0000e+00     0.0000e+00  0.0000e+00     0.0000e+00  0.0000e+00     0.0000e+00  0.0000e+00 
7.5114e+01     0.0000e+00  0.0000e+00     0.0000e+00  0.0000e+00     0.0000e+00  0.0000e+00     0.0000e+00  0.0000e+00 
8.4279e+01     0.0000e+00  0.0000e+00     0.0000e+00  0.0000e+00     0.0000e+00  0.0000e+00     0.0000e+00  0.0000e+00 
9.4563e+01     0.0000e+00  0.0000e+00     0.0000e+00  0.0000e+00     0.0000e+00  0.0000e+00     0.0000e+00  0.0000e+00 
1.0610e+02     0.0000e+00  0.0000e+00     0.0000e+00  0.0000e+00     0.0000e+00  0.0000e+00     0.0000e+00  0.0000e+00 
1.1905e+02     0.0000e+00  0.0000e+00     0.0000e+00  0.0000e+00     0.0000e+00  0.0000e+00     0.0000e+00  0.0000e+00 
1.3357e+02     0.0000e+00  0.0000e+00     0.0000e+00  0.0000e+00     0.0000e+00  0.0000e+00     0.0000e+00  0.0000e+00 
1.4987e+02     0.0000e+00  0.0000e+00     0.0000e+00  0.0000e+00     0.0000e+00  0.0000e+00     0.0000e+00  0.0000e+00 
1.6816e+02     0.0000e+00  0.0000e+00     0.0000e+00  0.0000e+00     0.0000e+00  0.0000e+00     0.0000e+00  0.0000e+00 
1.8868e+02     0.0000e+00  0.0000e+00     0.0000e+00  0.0000e+00     0.0000e+00  0.0000e+00     0.0000e+00  0.0000e+00 
2.1170e+02     0.0000e+00  0.0000e+00     0.0000e+00  0.0000e+00     0.0000e+00  0.0000e+00     0.0000e+00  0.0000e+00 
2.3753e+02     0.0000e+00  0.0000e+00     0.0000e+00  0.0000e+00     0.0000e+00  0.0000e+00     0.0000e+00  0.0000e+00 
2.6651e+02     0.0000e+00  0.0000e+00     0.0000e+00  0.0000e+00     0.0000e+00  0.0000e+00     0.0000e+00  0.0000e+00 
2.9903e+02     0.0000e+00  0.0000e+00     0.0000e+00  0.0000e+00     0.0000e+00  0.0000e+00     0.0000e+00  0.0000e+00 
3.3552e+02     0.0000e+00  0.0000e+00     0.0000e+00  0.0000e+00     0.0000e+00  0.0000e+00     0.0000e+00  0.0000e+00 
3.7646e+02     0.0000e+00  0.0000e+00     0.0000e+00  0.0000e+00     0.0000e+00  0.0000e+00     0.0000e+00  0.0000e+00 
4.2240e+02     0.0000e+00  0.0000e+00     0.0000e+00  0.0000e+00     0.0000e+00  0.0000e+00     0.0000e+00  0.0000e+00 
4.7394e+02     0.0000e+00  0.0000e+00     0.0000e+00  0.0000e+00     0.0000e+00  0.0000e+00     0.0000e+00  0.0000e+00 
5.3176e+02     0.0000e+00  0.0000e+00     0.0000e+00  0.0000e+00     0.0000e+00  0.0000e+00     0.0000e+00  0.0000e+00 
5.9665e+02     0.0000e+00  0.0000e+00     0.0000e+00  0.0000e+00     0.0000e+00  0.0000e+00     0.0000e+00  0.0000e+00 
6.6945e+02     0.0000e+00  0.0000e+00     0.0000e+00  0.0000e+00     0.0000e+00  0.0000e+00     0.0000e+00  0.0000e+00 
7.5114e+02     0.0000e+00  0.0000e+00     0.0000e+00  0.0000e+00     0.0000e+00  0.0000e+00     0.0000e+00  0.0000e+00 
8.4279e+02     0.0000e+00  0.0000e+00     0.0000e+00  0.0000e+00     0.0000e+00  0.0000e+00     0.0000e+00  0.0000e+00 
9.4563e+02     0.0000e+00  0.0000e+00     0.0000e+00  0.0000e+00     0.0000e+00  0.0000e+00     0.0000e+00  0.0000e+00 
1.0610e+03     0.0000e+00  0.0000e+00     0.0000e+00  0.0000e+00     0.0000e+00  0.0000e+00     0.0000e+00  0.0000e+00 
1.1905e+03     0.0000e+00  0.0000e+00     0.0000e+00  0.0000e+00     0.0000e+00  0.0000e+00     0.0000e+00  0.0000e+00 
1.3357e+03     0.0000e+00  0.0000e+00     0.0000e+00  0.0000e+00     0.0000e+00  0.0000e+00     0.0000e+00  0.0000e+00 
1.4987e+03     0.0000e+00  0.0000e+00     0.0000e+00  0.0000e+00     0.0000e+00  0.0000e+00     0.0000e+00  0.0000e+00 
1.6816e+03     0.0000e+00  0.0000e+00     0.0000e+00  0.0000e+00     0.0000e+00  0.0000e+00     0.0000e+00  0.0000e+00 
1.8868e+03     0.0000e+00  0.0000e+00     0.0000e+00  0.0000e+00     0.0000e+00  0.0000e+00     0.0000e+00  0.0000e+00 
2.1170e+03     0.0000e+00  0.0000e+00     0.0000e+00  0.0000e+00     0.0000e+00  0.0000e+00     0.0000e+00  0.0000e+00 
2.3753e+03     0.0000e+00  0.0000e+00     0.0000e+00  0.0000e+00     0.0000e+00  0.0000e+00     0.0000e+00  0.0000e+00 
2.6651e+03     0.0000e+00  0.0000e+00     0.0000e+00  0.0000e+00     0.0000e+00  0.0000e+00     0.0000e+00  0.0000e+00 
2.9903e+03     0.0000e+00  0.0000e+00     0.0000e+00  0.0000e+00     0.0000e+00  0.0000e+00     0.0000e+00  0.0000e+00 
3.3552e+03     0.0000e+00  0.0000e+00     0.0000e+00  0.0000e+00     0.0000e+00  0.0000e+00     0.0000e+00  0.0000e+00 
3.7646e+03     0.0000e+00  0.0000e+00     0.0000e+00  0.0000e+00     0.0000e+00  0.0000e+00     0.0000e+00  0.0000e+00 
4.2240e+03     0.0000e+00  0.0000e+00     0.0000e+00  0.0000e+00     0.0000e+00  0.0000e+00     0.0000e+00  0.0000e+00 
4.7394e+03     0.0000e+00  0.0000e+00     0.0000e+00  0.0000e+00     0.0000e+00  0.0000e+00     0.0000e+00  0.0000e+00 
5.3176e+03     0.0000e+00  0.0000e+00     0.0000e+00  0.0000e+00     0.0000e+00  0.0000e+00     0.0000e+00  0.0000e+00 
5.9665e+03     0.0000e+00  0.0000e+00     0.0000e+00  0.0000e+00     0.0000e+00  0.0000e+00     0.0000e+00  0.0000e+00 
6.6945e+03     0.0000e+00  0.0000e+00     0.0000e+00  0.0000e+00     0.0000e+00  0.0000e+00     0.0000e+00  0.0000e+00 
7.5114e+03     0.0000e+00  0.0000e+00     0.0000e+00  0.0000e+00     0.0000e+00  0.0000e+00     0.0000e+00  0.0000e+00 
8.4279e+03     0.0000e+00  0.0000e+00     0.0000e+00  0.0000e+00     0.0000e+00  0.0000e+00     0.0000e+00  0.0000e+00 
9.4563e+03     0.0000e+00  0.0000e+00     0.0000e+00  0.0000e+00     0.0000e+00  0.0000e+00     0.0000e+00  0.0000e+00 
