yF = 1.0403e+01 (std: 4.0347e-02) keV/um
yD = 1.2806e+01 (std: 6.3009e-02) keV/um
y (keV/um)     f(y)(std)                  yf(y)(std)                 d(y)(std)                  yd(y)(std)  
1.0610e-01     2.9341e-02  4.6078e-03     3.1131e-03  4.8889e-04     2.9926e-04  4.7011e-05     3.1752e-05  4.9879e-06 
1.1905e-01     5.9331e-03  1.2973e-03     7.0632e-04  1.5443e-04     6.7899e-05  1.4848e-05     8.0832e-06  1.7676e-06 
1.3357e-01     5.2879e-03  1.8969e-03     7.0632e-04  2.5338e-04     6.7899e-05  2.4359e-05     9.0695e-06  3.2537e-06 
1.4987e-01     4.8874e-03  1.5178e-03     7.3248e-04  2.2748e-04     7.0414e-05  2.1869e-05     1.0553e-05  3.2775e-06 
1.6816e-01     4.9782e-03  2.1811e-03     8.3713e-04  3.6677e-04     8.0473e-05  3.5259e-05     1.3532e-05  5.9291e-06 
1.8868e-01     5.6847e-03  1.4814e-03     1.0726e-03  2.7951e-04     1.0311e-04  2.6872e-05     1.9454e-05  5.0701e-06 
2.1170e-01     7.7851e-03  1.7983e-03     1.6481e-03  3.8070e-04     1.5843e-04  3.6602e-05     3.3540e-05  7.7485e-06 
2.3753e-01     6.0574e-03  1.7390e-03     1.4388e-03  4.1306e-04     1.3831e-04  3.9711e-05     3.2854e-05  9.4325e-06 
2.6651e-01     8.7360e-03  2.3798e-03     2.3283e-03  6.3426e-04     2.2382e-04  6.0978e-05     5.9650e-05  1.6251e-05 
2.9903e-01     7.6985e-03  1.3812e-03     2.3021e-03  4.1302e-04     2.2130e-04  3.9713e-05     6.6176e-05  1.1875e-05 
3.3552e-01     8.2647e-03  1.8157e-03     2.7730e-03  6.0920e-04     2.6657e-04  5.8571e-05     8.9439e-05  1.9652e-05 
3.7646e-01     7.8524e-03  8.8425e-04     2.9561e-03  3.3288e-04     2.8417e-04  3.2019e-05     1.0698e-04  1.2054e-05 
4.2240e-01     9.9712e-03  1.4095e-03     4.2118e-03  5.9538e-04     4.0488e-04  5.7256e-05     1.7102e-04  2.4184e-05 
4.7394e-01     9.9356e-03  2.2102e-03     4.7088e-03  1.0475e-03     4.5266e-04  1.0071e-04     2.1453e-04  4.7730e-05 
5.3176e-01     1.0774e-02  1.3465e-03     5.7291e-03  7.1603e-04     5.5074e-04  6.8865e-05     2.9286e-04  3.6620e-05 
5.9665e-01     1.1663e-02  1.9600e-03     6.9586e-03  1.1694e-03     6.6893e-04  1.1245e-04     3.9912e-04  6.7091e-05 
6.6945e-01     1.2309e-02  1.7412e-03     8.2405e-03  1.1656e-03     7.9216e-04  1.1210e-04     5.3031e-04  7.5043e-05 
7.5114e-01     1.3548e-02  1.2366e-03     1.0176e-02  9.2882e-04     9.7825e-04  8.9368e-05     7.3480e-04  6.7128e-05 
8.4279e-01     1.4403e-02  1.2446e-03     1.2138e-02  1.0490e-03     1.1669e-03  1.0094e-04     9.8342e-04  8.5070e-05 
9.4563e-01     1.5907e-02  7.7733e-04     1.5042e-02  7.3507e-04     1.4460e-03  7.0884e-05     1.3674e-03  6.7030e-05 
1.0610e+00     1.6495e-02  9.1268e-04     1.7501e-02  9.6836e-04     1.6824e-03  9.3317e-05     1.7850e-03  9.9010e-05 
1.1905e+00     1.7887e-02  1.2228e-03     2.1294e-02  1.4557e-03     2.0470e-03  1.4016e-04     2.4369e-03  1.6686e-04 
1.3357e+00     1.8919e-02  2.0965e-03     2.5271e-02  2.8003e-03     2.4293e-03  2.6936e-04     3.2449e-03  3.5980e-04 
1.4987e+00     2.0876e-02  6.3404e-04     3.1288e-02  9.5025e-04     3.0077e-03  9.2089e-05     4.5077e-03  1.3802e-04 
1.6816e+00     2.2822e-02  2.2966e-03     3.8377e-02  3.8620e-03     3.6892e-03  3.7153e-04     6.2037e-03  6.2476e-04 
1.8868e+00     2.4902e-02  1.5562e-03     4.6984e-02  2.9361e-03     4.5165e-03  2.8279e-04     8.5217e-03  5.3357e-04 
2.1170e+00     2.6136e-02  1.5456e-03     5.5329e-02  3.2720e-03     5.3188e-03  3.1522e-04     1.1260e-02  6.6732e-04 
2.3753e+00     2.9813e-02  5.5943e-04     7.0816e-02  1.3288e-03     6.8075e-03  1.3044e-04     1.6170e-02  3.0983e-04 
2.6651e+00     3.2951e-02  1.0752e-03     8.7820e-02  2.8656e-03     8.4421e-03  2.7741e-04     2.2499e-02  7.3932e-04 
2.9903e+00     3.4372e-02  5.9140e-04     1.0278e-01  1.7685e-03     9.8806e-03  1.7427e-04     2.9546e-02  5.2112e-04 
3.3552e+00     3.8462e-02  7.7895e-04     1.2905e-01  2.6135e-03     1.2405e-02  2.5581e-04     4.1623e-02  8.5828e-04 
3.7646e+00     4.1367e-02  4.9425e-04     1.5573e-01  1.8606e-03     1.4971e-02  1.8805e-04     5.6358e-02  7.0794e-04 
4.2240e+00     4.3972e-02  1.0510e-03     1.8574e-01  4.4395e-03     1.7855e-02  4.3235e-04     7.5419e-02  1.8262e-03 
4.7394e+00     4.8988e-02  9.5420e-04     2.3217e-01  4.5223e-03     2.2319e-02  4.4326e-04     1.0578e-01  2.1008e-03 
5.3176e+00     5.3534e-02  6.4059e-04     2.8467e-01  3.4064e-03     2.7366e-02  3.4423e-04     1.4552e-01  1.8305e-03 
5.9665e+00     5.8244e-02  7.5656e-04     3.4751e-01  4.5140e-03     3.3406e-02  4.5286e-04     1.9932e-01  2.7020e-03 
6.6945e+00     6.4149e-02  6.0885e-04     4.2945e-01  4.0760e-03     4.1283e-02  4.2328e-04     2.7637e-01  2.8336e-03 
7.5114e+00     6.8965e-02  7.4459e-04     5.1802e-01  5.5929e-03     4.9798e-02  5.7129e-04     3.7405e-01  4.2912e-03 
8.4279e+00     7.4878e-02  1.5028e-03     6.3106e-01  1.2665e-02     6.0664e-02  1.2400e-03     5.1127e-01  1.0451e-02 
9.4563e+00     7.8559e-02  7.5564e-04     7.4287e-01  7.1455e-03     7.1412e-02  7.4064e-04     6.7529e-01  7.0037e-03 
1.0610e+01     7.8911e-02  8.7025e-04     8.3726e-01  9.2335e-03     8.0486e-02  9.4091e-04     8.5396e-01  9.9831e-03 
1.1905e+01     7.4610e-02  6.5347e-04     8.8822e-01  7.7793e-03     8.5384e-02  8.1788e-04     1.0165e+00  9.7366e-03 
1.3357e+01     6.2762e-02  7.8845e-04     8.3833e-01  1.0532e-02     8.0589e-02  1.0596e-03     1.0764e+00  1.4153e-02 
1.4987e+01     4.7563e-02  7.0454e-04     7.1284e-01  1.0559e-02     6.8525e-02  1.0493e-03     1.0270e+00  1.5725e-02 
1.6816e+01     3.1526e-02  3.8926e-04     5.3014e-01  6.5457e-03     5.0962e-02  6.5955e-04     8.5697e-01  1.1091e-02 
1.8868e+01     1.7804e-02  2.1434e-04     3.3592e-01  4.0442e-03     3.2292e-02  4.0845e-04     6.0928e-01  7.7064e-03 
2.1170e+01     8.5623e-03  1.3818e-04     1.8126e-01  2.9252e-03     1.7425e-02  2.8921e-04     3.6888e-01  6.1225e-03 
2.3753e+01     3.6245e-03  2.2005e-04     8.6093e-02  5.2269e-03     8.2761e-03  5.0349e-04     1.9658e-01  1.1959e-02 
2.6651e+01     1.1661e-03  5.1027e-05     3.1078e-02  1.3599e-03     2.9876e-03  1.3124e-04     7.9623e-02  3.4978e-03 
2.9903e+01     3.3768e-04  2.5851e-05     1.0098e-02  7.7303e-04     9.7071e-04  7.4407e-05     2.9027e-02  2.2250e-03 
3.3552e+01     6.7833e-05  1.6026e-05     2.2759e-03  5.3770e-04     2.1879e-04  5.1696e-05     7.3407e-03  1.7345e-03 
3.7646e+01     9.7286e-06  2.7178e-06     3.6624e-04  1.0231e-04     3.5207e-05  9.8364e-06     1.3254e-03  3.7030e-04 
4.2240e+01     1.2387e-06  9.7137e-07     5.2320e-05  4.1030e-05     5.0296e-06  3.9443e-06     2.1245e-04  1.6661e-04 
4.7394e+01     0.0000e+00  0.0000e+00     0.0000e+00  0.0000e+00     0.0000e+00  0.0000e+00     0.0000e+00  0.0000e+00 
5.3176e+01     0.0000e+00  0.0000e+00     0.0000e+00  0.0000e+00     0.0000e+00  0.0000e+00     0.0000e+00  0.0000e+00 
5.9665e+01     0.0000e+00  0.0000e+00     0.0000e+00  0.0000e+00     0.0000e+00  0.0000e+00     0.0000e+00  0.0000e+00 
6.6945e+01     0.0000e+00  0.0000e+00     0.0000e+00  0.0000e+00     0.0000e+00  0.0000e+00     0.0000e+00  0.0000e+00 
7.5114e+01     0.0000e+00  0.0000e+00     0.0000e+00  0.0000e+00     0.0000e+00  0.0000e+00     0.0000e+00  0.0000e+00 
8.4279e+01     0.0000e+00  0.0000e+00     0.0000e+00  0.0000e+00     0.0000e+00  0.0000e+00     0.0000e+00  0.0000e+00 
9.4563e+01     0.0000e+00  0.0000e+00     0.0000e+00  0.0000e+00     0.0000e+00  0.0000e+00     0.0000e+00  0.0000e+00 
1.0610e+02     0.0000e+00  0.0000e+00     0.0000e+00  0.0000e+00     0.0000e+00  0.0000e+00     0.0000e+00  0.0000e+00 
1.1905e+02     0.0000e+00  0.0000e+00     0.0000e+00  0.0000e+00     0.0000e+00  0.0000e+00     0.0000e+00  0.0000e+00 
1.3357e+02     0.0000e+00  0.0000e+00     0.0000e+00  0.0000e+00     0.0000e+00  0.0000e+00     0.0000e+00  0.0000e+00 
1.4987e+02     0.0000e+00  0.0000e+00     0.0000e+00  0.0000e+00     0.0000e+00  0.0000e+00     0.0000e+00  0.0000e+00 
1.6816e+02     0.0000e+00  0.0000e+00     0.0000e+00  0.0000e+00     0.0000e+00  0.0000e+00     0.0000e+00  0.0000e+00 
1.8868e+02     0.0000e+00  0.0000e+00     0.0000e+00  0.0000e+00     0.0000e+00  0.0000e+00     0.0000e+00  0.0000e+00 
2.1170e+02     0.0000e+00  0.0000e+00     0.0000e+00  0.0000e+00     0.0000e+00  0.0000e+00     0.0000e+00  0.0000e+00 
2.3753e+02     0.0000e+00  0.0000e+00     0.0000e+00  0.0000e+00     0.0000e+00  0.0000e+00     0.0000e+00  0.0000e+00 
2.6651e+02     0.0000e+00  0.0000e+00     0.0000e+00  0.0000e+00     0.0000e+00  0.0000e+00     0.0000e+00  0.0000e+00 
2.9903e+02     0.0000e+00  0.0000e+00     0.0000e+00  0.0000e+00     0.0000e+00  0.0000e+00     0.0000e+00  0.0000e+00 
3.3552e+02     0.0000e+00  0.0000e+00     0.0000e+00  0.0000e+00     0.0000e+00  0.0000e+00     0.0000e+00  0.0000e+00 
3.7646e+02     0.0000e+00  0.0000e+00     0.0000e+00  0.0000e+00     0.0000e+00  0.0000e+00     0.0000e+00  0.0000e+00 
4.2240e+02     0.0000e+00  0.0000e+00     0.0000e+00  0.0000e+00     0.0000e+00  0.0000e+00     0.0000e+00  0.0000e+00 
4.7394e+02     0.0000e+00  0.0000e+00     0.0000e+00  0.0000e+00     0.0000e+00  0.0000e+00     0.0000e+00  0.0000e+00 
5.3176e+02     0.0000e+00  0.0000e+00     0.0000e+00  0.0000e+00     0.0000e+00  0.0000e+00     0.0000e+00  0.0000e+00 
5.9665e+02     0.0000e+00  0.0000e+00     0.0000e+00  0.0000e+00     0.0000e+00  0.0000e+00     0.0000e+00  0.0000e+00 
6.6945e+02     0.0000e+00  0.0000e+00     0.0000e+00  0.0000e+00     0.0000e+00  0.0000e+00     0.0000e+00  0.0000e+00 
7.5114e+02     0.0000e+00  0.0000e+00     0.0000e+00  0.0000e+00     0.0000e+00  0.0000e+00     0.0000e+00  0.0000e+00 
8.4279e+02     0.0000e+00  0.0000e+00     0.0000e+00  0.0000e+00     0.0000e+00  0.0000e+00     0.0000e+00  0.0000e+00 
9.4563e+02     0.0000e+00  0.0000e+00     0.0000e+00  0.0000e+00     0.0000e+00  0.0000e+00     0.0000e+00  0.0000e+00 
1.0610e+03     0.0000e+00  0.0000e+00     0.0000e+00  0.0000e+00     0.0000e+00  0.0000e+00     0.0000e+00  0.0000e+00 
1.1905e+03     0.0000e+00  0.0000e+00     0.0000e+00  0.0000e+00     0.0000e+00  0.0000e+00     0.0000e+00  0.0000e+00 
1.3357e+03     0.0000e+00  0.0000e+00     0.0000e+00  0.0000e+00     0.0000e+00  0.0000e+00     0.0000e+00  0.0000e+00 
1.4987e+03     0.0000e+00  0.0000e+00     0.0000e+00  0.0000e+00     0.0000e+00  0.0000e+00     0.0000e+00  0.0000e+00 
1.6816e+03     0.0000e+00  0.0000e+00     0.0000e+00  0.0000e+00     0.0000e+00  0.0000e+00     0.0000e+00  0.0000e+00 
1.8868e+03     0.0000e+00  0.0000e+00     0.0000e+00  0.0000e+00     0.0000e+00  0.0000e+00     0.0000e+00  0.0000e+00 
2.1170e+03     0.0000e+00  0.0000e+00     0.0000e+00  0.0000e+00     0.0000e+00  0.0000e+00     0.0000e+00  0.0000e+00 
2.3753e+03     0.0000e+00  0.0000e+00     0.0000e+00  0.0000e+00     0.0000e+00  0.0000e+00     0.0000e+00  0.0000e+00 
2.6651e+03     0.0000e+00  0.0000e+00     0.0000e+00  0.0000e+00     0.0000e+00  0.0000e+00     0.0000e+00  0.0000e+00 
2.9903e+03     0.0000e+00  0.0000e+00     0.0000e+00  0.0000e+00     0.0000e+00  0.0000e+00     0.0000e+00  0.0000e+00 
3.3552e+03     0.0000e+00  0.0000e+00     0.0000e+00  0.0000e+00     0.0000e+00  0.0000e+00     0.0000e+00  0.0000e+00 
3.7646e+03     0.0000e+00  0.0000e+00     0.0000e+00  0.0000e+00     0.0000e+00  0.0000e+00     0.0000e+00  0.0000e+00 
4.2240e+03     0.0000e+00  0.0000e+00     0.0000e+00  0.0000e+00     0.0000e+00  0.0000e+00     0.0000e+00  0.0000e+00 
4.7394e+03     0.0000e+00  0.0000e+00     0.0000e+00  0.0000e+00     0.0000e+00  0.0000e+00     0.0000e+00  0.0000e+00 
5.3176e+03     0.0000e+00  0.0000e+00     0.0000e+00  0.0000e+00     0.0000e+00  0.0000e+00     0.0000e+00  0.0000e+00 
5.9665e+03     0.0000e+00  0.0000e+00     0.0000e+00  0.0000e+00     0.0000e+00  0.0000e+00     0.0000e+00  0.0000e+00 
6.6945e+03     0.0000e+00  0.0000e+00     0.0000e+00  0.0000e+00     0.0000e+00  0.0000e+00     0.0000e+00  0.0000e+00 
7.5114e+03     0.0000e+00  0.0000e+00     0.0000e+00  0.0000e+00     0.0000e+00  0.0000e+00     0.0000e+00  0.0000e+00 
8.4279e+03     0.0000e+00  0.0000e+00     0.0000e+00  0.0000e+00     0.0000e+00  0.0000e+00     0.0000e+00  0.0000e+00 
9.4563e+03     0.0000e+00  0.0000e+00     0.0000e+00  0.0000e+00     0.0000e+00  0.0000e+00     0.0000e+00  0.0000e+00 
