yF = 2.9135e+01 (std: 1.0234e-01) keV/um
yD = 3.3829e+01 (std: 1.4154e-01) keV/um
y (keV/um)     f(y)(std)                  yf(y)(std)                 d(y)(std)                  yd(y)(std)  
1.0610e-01     1.0601e-02  3.0043e-03     1.1248e-03  3.1875e-04     3.8606e-05  1.0941e-05     4.0961e-06  1.1609e-06 
1.1905e-01     1.0986e-03  8.8962e-04     1.3079e-04  1.0591e-04     4.4891e-06  3.6351e-06     5.3441e-07  4.3274e-07 
1.3357e-01     1.9583e-04  1.6619e-04     2.6158e-05  2.2199e-05     8.9781e-07  7.6193e-07     1.1992e-07  1.0177e-07 
1.4987e-01     6.9814e-04  5.4011e-04     1.0463e-04  8.0947e-05     3.5913e-06  2.7784e-06     5.3823e-07  4.1640e-07 
1.6816e-01     1.2444e-03  5.3101e-04     2.0926e-04  8.9294e-05     7.1825e-06  3.0650e-06     1.2078e-06  5.1540e-07 
1.8868e-01     1.3864e-03  6.3132e-04     2.6158e-04  1.1912e-04     8.9781e-06  4.0885e-06     1.6940e-06  7.7141e-07 
2.1170e-01     1.2356e-03  5.8319e-04     2.6158e-04  1.2346e-04     8.9781e-06  4.2377e-06     1.9007e-06  8.9711e-07 
2.3753e-01     1.4316e-03  4.6908e-04     3.4005e-04  1.1142e-04     1.1672e-05  3.8245e-06     2.7724e-06  9.0844e-07 
2.6651e-01     1.5704e-03  7.8130e-04     4.1852e-04  2.0823e-04     1.4365e-05  7.1471e-06     3.8285e-06  1.9048e-06 
2.9903e-01     1.7495e-03  8.6437e-04     5.2316e-04  2.5847e-04     1.7956e-05  8.8718e-06     5.3695e-06  2.6530e-06 
3.3552e-01     1.6372e-03  4.9836e-04     5.4931e-04  1.6721e-04     1.8854e-05  5.7395e-06     6.3259e-06  1.9257e-06 
3.7646e-01     1.1117e-03  3.4141e-04     4.1852e-04  1.2853e-04     1.4365e-05  4.4117e-06     5.4079e-06  1.6608e-06 
4.2240e-01     2.1055e-03  6.6164e-04     8.8937e-04  2.7947e-04     3.0526e-05  9.5929e-06     1.2894e-05  4.0520e-06 
4.7394e-01     2.1525e-03  5.1827e-04     1.0202e-03  2.4563e-04     3.5015e-05  8.4315e-06     1.6595e-05  3.9960e-06 
5.3176e-01     2.0660e-03  5.4419e-04     1.0986e-03  2.8938e-04     3.7708e-05  9.9333e-06     2.0052e-05  5.2822e-06 
5.9665e-01     1.9729e-03  3.7973e-04     1.1771e-03  2.2656e-04     4.0402e-05  7.7776e-06     2.4106e-05  4.6405e-06 
6.6945e-01     1.9537e-03  2.8398e-04     1.3079e-03  1.9011e-04     4.4891e-05  6.5271e-06     3.0052e-05  4.3696e-06 
7.5114e-01     2.8904e-03  4.6803e-04     2.1711e-03  3.5155e-04     7.4519e-05  1.2069e-05     5.5974e-05  9.0656e-06 
8.4279e-01     2.0174e-03  4.3433e-04     1.7003e-03  3.6605e-04     5.8358e-05  1.2566e-05     4.9183e-05  1.0590e-05 
9.4563e-01     2.4342e-03  6.8162e-04     2.3019e-03  6.4456e-04     7.9008e-05  2.2125e-05     7.4712e-05  2.0922e-05 
1.0610e+00     2.5640e-03  3.4119e-04     2.7204e-03  3.6201e-04     9.3373e-05  1.2429e-05     9.9069e-05  1.3188e-05 
1.1905e+00     2.5049e-03  4.9062e-04     2.9820e-03  5.8407e-04     1.0235e-04  2.0050e-05     1.2185e-04  2.3869e-05 
1.3357e+00     2.8983e-03  4.5613e-04     3.8714e-03  6.0927e-04     1.3288e-04  2.0917e-05     1.7749e-04  2.7940e-05 
1.4987e+00     3.1765e-03  3.9514e-04     4.7607e-03  5.9220e-04     1.6340e-04  2.0334e-05     2.4489e-04  3.0475e-05 
1.6816e+00     3.1733e-03  2.5499e-04     5.3362e-03  4.2878e-04     1.8315e-04  1.4731e-05     3.0799e-04  2.4772e-05 
1.8868e+00     3.0916e-03  5.0194e-04     5.8332e-03  9.4704e-04     2.0021e-04  3.2513e-05     3.7775e-04  6.1344e-05 
2.1170e+00     3.1385e-03  3.1556e-04     6.6441e-03  6.6804e-04     2.2804e-04  2.2943e-05     4.8277e-04  4.8570e-05 
2.3753e+00     3.7662e-03  2.0149e-04     8.9460e-03  4.7861e-04     3.0705e-04  1.6463e-05     7.2934e-04  3.9104e-05 
2.6651e+00     3.8180e-03  2.3263e-04     1.0175e-02  6.1999e-04     3.4925e-04  2.1315e-05     9.3080e-04  5.6808e-05 
2.9903e+00     4.3912e-03  2.6291e-04     1.3131e-02  7.8619e-04     4.5070e-04  2.7031e-05     1.3477e-03  8.0831e-05 
3.3552e+00     4.6777e-03  2.0893e-04     1.5695e-02  7.0100e-04     5.3869e-04  2.4135e-05     1.8074e-03  8.0976e-05 
3.7646e+00     5.0792e-03  3.5361e-04     1.9121e-02  1.3312e-03     6.5630e-04  4.5749e-05     2.4707e-03  1.7223e-04 
4.2240e+00     5.6106e-03  2.4905e-04     2.3699e-02  1.0520e-03     8.1342e-04  3.6220e-05     3.4358e-03  1.5299e-04 
4.7394e+00     6.5900e-03  2.7709e-04     3.1232e-02  1.3132e-03     1.0720e-03  4.5230e-05     5.0805e-03  2.1436e-04 
5.3176e+00     6.9211e-03  2.5934e-04     3.6804e-02  1.3791e-03     1.2632e-03  4.7542e-05     6.7174e-03  2.5281e-04 
5.9665e+00     7.5188e-03  3.0191e-04     4.4861e-02  1.8013e-03     1.5397e-03  6.2064e-05     9.1869e-03  3.7030e-04 
6.6945e+00     8.2992e-03  6.5278e-04     5.5559e-02  4.3700e-03     1.9070e-03  1.5014e-04     1.2766e-02  1.0051e-03 
7.5114e+00     9.2772e-03  1.8557e-04     6.9684e-02  1.3939e-03     2.3918e-03  4.8574e-05     1.7966e-02  3.6486e-04 
8.4279e+00     1.0428e-02  3.0745e-04     8.7890e-02  2.5912e-03     3.0167e-03  8.9566e-05     2.5424e-02  7.5485e-04 
9.4563e+00     1.1062e-02  2.0266e-04     1.0461e-01  1.9164e-03     3.5904e-03  6.6974e-05     3.3951e-02  6.3332e-04 
1.0610e+01     1.2290e-02  4.1982e-04     1.3040e-01  4.4544e-03     4.4756e-03  1.5369e-04     4.7487e-02  1.6307e-03 
1.1905e+01     1.3810e-02  2.1789e-04     1.6440e-01  2.5939e-03     5.6428e-03  9.1211e-05     6.7175e-02  1.0858e-03 
1.3357e+01     1.4989e-02  4.3686e-04     2.0021e-01  5.8353e-03     6.8719e-03  2.0174e-04     9.1790e-02  2.6946e-03 
1.4987e+01     1.6987e-02  2.9668e-04     2.5459e-01  4.4463e-03     8.7384e-03  1.5567e-04     1.3096e-01  2.3330e-03 
1.6816e+01     1.8639e-02  6.0302e-04     3.1342e-01  1.0140e-02     1.0758e-02  3.5009e-04     1.8090e-01  5.8870e-03 
1.8868e+01     2.0402e-02  2.3125e-04     3.8494e-01  4.3631e-03     1.3212e-02  1.5678e-04     2.4928e-01  2.9581e-03 
2.1170e+01     2.2813e-02  2.0318e-04     4.8295e-01  4.3013e-03     1.6576e-02  1.5870e-04     3.5092e-01  3.3597e-03 
2.3753e+01     2.5575e-02  3.6405e-04     6.0749e-01  8.6473e-03     2.0851e-02  3.0570e-04     4.9527e-01  7.2614e-03 
2.6651e+01     2.8481e-02  3.7357e-04     7.5905e-01  9.9560e-03     2.6053e-02  3.5376e-04     6.9434e-01  9.4282e-03 
2.9903e+01     3.1247e-02  1.9649e-04     9.3438e-01  5.8757e-03     3.2071e-02  2.3100e-04     9.5902e-01  6.9077e-03 
3.3552e+01     3.2346e-02  3.1357e-04     1.0853e+00  1.0521e-02     3.7249e-02  3.8409e-04     1.2498e+00  1.2887e-02 
3.7646e+01     3.0550e-02  1.9150e-04     1.1501e+00  7.2093e-03     3.9474e-02  2.8365e-04     1.4860e+00  1.0678e-02 
4.2240e+01     2.2751e-02  2.4345e-04     9.6099e-01  1.0283e-02     3.2984e-02  3.7148e-04     1.3932e+00  1.5691e-02 
4.7394e+01     1.0963e-02  1.9101e-04     5.1957e-01  9.0525e-03     1.7833e-02  3.1696e-04     8.4518e-01  1.5022e-02 
5.3176e+01     2.9495e-03  4.3683e-05     1.5684e-01  2.3229e-03     5.3833e-03  8.1941e-05     2.8626e-01  4.3573e-03 
5.9665e+01     3.4240e-04  1.2820e-05     2.0429e-02  7.6493e-04     7.0119e-04  2.6370e-05     4.1837e-02  1.5734e-03 
6.6945e+01     1.3285e-05  2.9299e-06     8.8937e-04  1.9614e-04     3.0526e-05  6.7330e-06     2.0435e-03  4.5074e-04 
7.5114e+01     0.0000e+00  0.0000e+00     0.0000e+00  0.0000e+00     0.0000e+00  0.0000e+00     0.0000e+00  0.0000e+00 
8.4279e+01     0.0000e+00  0.0000e+00     0.0000e+00  0.0000e+00     0.0000e+00  0.0000e+00     0.0000e+00  0.0000e+00 
9.4563e+01     0.0000e+00  0.0000e+00     0.0000e+00  0.0000e+00     0.0000e+00  0.0000e+00     0.0000e+00  0.0000e+00 
1.0610e+02     0.0000e+00  0.0000e+00     0.0000e+00  0.0000e+00     0.0000e+00  0.0000e+00     0.0000e+00  0.0000e+00 
1.1905e+02     0.0000e+00  0.0000e+00     0.0000e+00  0.0000e+00     0.0000e+00  0.0000e+00     0.0000e+00  0.0000e+00 
1.3357e+02     0.0000e+00  0.0000e+00     0.0000e+00  0.0000e+00     0.0000e+00  0.0000e+00     0.0000e+00  0.0000e+00 
1.4987e+02     0.0000e+00  0.0000e+00     0.0000e+00  0.0000e+00     0.0000e+00  0.0000e+00     0.0000e+00  0.0000e+00 
1.6816e+02     0.0000e+00  0.0000e+00     0.0000e+00  0.0000e+00     0.0000e+00  0.0000e+00     0.0000e+00  0.0000e+00 
1.8868e+02     0.0000e+00  0.0000e+00     0.0000e+00  0.0000e+00     0.0000e+00  0.0000e+00     0.0000e+00  0.0000e+00 
2.1170e+02     0.0000e+00  0.0000e+00     0.0000e+00  0.0000e+00     0.0000e+00  0.0000e+00     0.0000e+00  0.0000e+00 
2.3753e+02     0.0000e+00  0.0000e+00     0.0000e+00  0.0000e+00     0.0000e+00  0.0000e+00     0.0000e+00  0.0000e+00 
2.6651e+02     0.0000e+00  0.0000e+00     0.0000e+00  0.0000e+00     0.0000e+00  0.0000e+00     0.0000e+00  0.0000e+00 
2.9903e+02     0.0000e+00  0.0000e+00     0.0000e+00  0.0000e+00     0.0000e+00  0.0000e+00     0.0000e+00  0.0000e+00 
3.3552e+02     0.0000e+00  0.0000e+00     0.0000e+00  0.0000e+00     0.0000e+00  0.0000e+00     0.0000e+00  0.0000e+00 
3.7646e+02     0.0000e+00  0.0000e+00     0.0000e+00  0.0000e+00     0.0000e+00  0.0000e+00     0.0000e+00  0.0000e+00 
4.2240e+02     0.0000e+00  0.0000e+00     0.0000e+00  0.0000e+00     0.0000e+00  0.0000e+00     0.0000e+00  0.0000e+00 
4.7394e+02     0.0000e+00  0.0000e+00     0.0000e+00  0.0000e+00     0.0000e+00  0.0000e+00     0.0000e+00  0.0000e+00 
5.3176e+02     0.0000e+00  0.0000e+00     0.0000e+00  0.0000e+00     0.0000e+00  0.0000e+00     0.0000e+00  0.0000e+00 
5.9665e+02     0.0000e+00  0.0000e+00     0.0000e+00  0.0000e+00     0.0000e+00  0.0000e+00     0.0000e+00  0.0000e+00 
6.6945e+02     0.0000e+00  0.0000e+00     0.0000e+00  0.0000e+00     0.0000e+00  0.0000e+00     0.0000e+00  0.0000e+00 
7.5114e+02     0.0000e+00  0.0000e+00     0.0000e+00  0.0000e+00     0.0000e+00  0.0000e+00     0.0000e+00  0.0000e+00 
8.4279e+02     0.0000e+00  0.0000e+00     0.0000e+00  0.0000e+00     0.0000e+00  0.0000e+00     0.0000e+00  0.0000e+00 
9.4563e+02     0.0000e+00  0.0000e+00     0.0000e+00  0.0000e+00     0.0000e+00  0.0000e+00     0.0000e+00  0.0000e+00 
1.0610e+03     0.0000e+00  0.0000e+00     0.0000e+00  0.0000e+00     0.0000e+00  0.0000e+00     0.0000e+00  0.0000e+00 
1.1905e+03     0.0000e+00  0.0000e+00     0.0000e+00  0.0000e+00     0.0000e+00  0.0000e+00     0.0000e+00  0.0000e+00 
1.3357e+03     0.0000e+00  0.0000e+00     0.0000e+00  0.0000e+00     0.0000e+00  0.0000e+00     0.0000e+00  0.0000e+00 
1.4987e+03     0.0000e+00  0.0000e+00     0.0000e+00  0.0000e+00     0.0000e+00  0.0000e+00     0.0000e+00  0.0000e+00 
1.6816e+03     0.0000e+00  0.0000e+00     0.0000e+00  0.0000e+00     0.0000e+00  0.0000e+00     0.0000e+00  0.0000e+00 
1.8868e+03     0.0000e+00  0.0000e+00     0.0000e+00  0.0000e+00     0.0000e+00  0.0000e+00     0.0000e+00  0.0000e+00 
2.1170e+03     0.0000e+00  0.0000e+00     0.0000e+00  0.0000e+00     0.0000e+00  0.0000e+00     0.0000e+00  0.0000e+00 
2.3753e+03     0.0000e+00  0.0000e+00     0.0000e+00  0.0000e+00     0.0000e+00  0.0000e+00     0.0000e+00  0.0000e+00 
2.6651e+03     0.0000e+00  0.0000e+00     0.0000e+00  0.0000e+00     0.0000e+00  0.0000e+00     0.0000e+00  0.0000e+00 
2.9903e+03     0.0000e+00  0.0000e+00     0.0000e+00  0.0000e+00     0.0000e+00  0.0000e+00     0.0000e+00  0.0000e+00 
3.3552e+03     0.0000e+00  0.0000e+00     0.0000e+00  0.0000e+00     0.0000e+00  0.0000e+00     0.0000e+00  0.0000e+00 
3.7646e+03     0.0000e+00  0.0000e+00     0.0000e+00  0.0000e+00     0.0000e+00  0.0000e+00     0.0000e+00  0.0000e+00 
4.2240e+03     0.0000e+00  0.0000e+00     0.0000e+00  0.0000e+00     0.0000e+00  0.0000e+00     0.0000e+00  0.0000e+00 
4.7394e+03     0.0000e+00  0.0000e+00     0.0000e+00  0.0000e+00     0.0000e+00  0.0000e+00     0.0000e+00  0.0000e+00 
5.3176e+03     0.0000e+00  0.0000e+00     0.0000e+00  0.0000e+00     0.0000e+00  0.0000e+00     0.0000e+00  0.0000e+00 
5.9665e+03     0.0000e+00  0.0000e+00     0.0000e+00  0.0000e+00     0.0000e+00  0.0000e+00     0.0000e+00  0.0000e+00 
6.6945e+03     0.0000e+00  0.0000e+00     0.0000e+00  0.0000e+00     0.0000e+00  0.0000e+00     0.0000e+00  0.0000e+00 
7.5114e+03     0.0000e+00  0.0000e+00     0.0000e+00  0.0000e+00     0.0000e+00  0.0000e+00     0.0000e+00  0.0000e+00 
8.4279e+03     0.0000e+00  0.0000e+00     0.0000e+00  0.0000e+00     0.0000e+00  0.0000e+00     0.0000e+00  0.0000e+00 
9.4563e+03     0.0000e+00  0.0000e+00     0.0000e+00  0.0000e+00     0.0000e+00  0.0000e+00     0.0000e+00  0.0000e+00 
