yF = 2.5319e+01 (std: 7.2141e-02) keV/um
yD = 2.9634e+01 (std: 1.0376e-01) keV/um
y (keV/um)     f(y)(std)                  yf(y)(std)                 d(y)(std)                  yd(y)(std)  
1.0610e-01     1.7011e-02  5.7386e-03     1.8049e-03  6.0887e-04     7.1287e-05  2.4049e-05     7.5636e-06  2.5516e-06 
1.1905e-01     1.9776e-03  1.7613e-03     2.3543e-04  2.0968e-04     9.2983e-06  8.2814e-06     1.1069e-06  9.8588e-07 
1.3357e-01     1.5667e-03  6.1096e-04     2.0927e-04  8.1608e-05     8.2651e-06  3.2232e-06     1.1040e-06  4.3054e-07 
1.4987e-01     8.7269e-04  5.0031e-04     1.3079e-04  7.4983e-05     5.1657e-06  2.9615e-06     7.7419e-07  4.4385e-07 
1.6816e-01     2.8000e-03  8.2420e-04     4.7085e-04  1.3860e-04     1.8597e-05  5.4742e-06     3.1272e-06  9.2053e-07 
1.8868e-01     2.0796e-03  1.5928e-03     3.9238e-04  3.0053e-04     1.5497e-05  1.1870e-05     2.9240e-06  2.2396e-06 
2.1170e-01     1.7299e-03  7.0950e-04     3.6622e-04  1.5020e-04     1.4464e-05  5.9324e-06     3.0620e-06  1.2559e-06 
2.3753e-01     2.2025e-03  4.9022e-04     5.2317e-04  1.1644e-04     2.0663e-05  4.5993e-06     4.9081e-06  1.0925e-06 
2.6651e-01     2.0612e-03  5.4235e-04     5.4933e-04  1.4454e-04     2.1696e-05  5.7092e-06     5.7823e-06  1.5216e-06 
2.9903e-01     2.0120e-03  4.7230e-04     6.0164e-04  1.4123e-04     2.3762e-05  5.5786e-06     7.1057e-06  1.6682e-06 
3.3552e-01     2.8067e-03  6.3881e-04     9.4170e-04  2.1433e-04     3.7193e-05  8.4659e-06     1.2479e-05  2.8405e-06 
3.7646e-01     1.7371e-03  5.2367e-04     6.5396e-04  1.9714e-04     2.5829e-05  7.7866e-06     9.7234e-06  2.9314e-06 
4.2240e-01     2.9726e-03  1.7027e-03     1.2556e-03  7.1920e-04     4.9591e-05  2.8406e-05     2.0947e-05  1.1998e-05 
4.7394e-01     3.2012e-03  7.2315e-04     1.5172e-03  3.4273e-04     5.9922e-05  1.3537e-05     2.8399e-05  6.4158e-06 
5.3176e-01     2.4596e-03  7.8823e-04     1.3079e-03  4.1915e-04     5.1657e-05  1.6555e-05     2.7469e-05  8.8035e-06 
5.9665e-01     2.4990e-03  1.0607e-03     1.4910e-03  6.3284e-04     5.8889e-05  2.4995e-05     3.5136e-05  1.4913e-05 
6.6945e-01     3.3213e-03  6.9253e-04     2.2235e-03  4.6362e-04     8.7817e-05  1.8313e-05     5.8789e-05  1.2259e-05 
7.5114e-01     3.2736e-03  6.1948e-04     2.4589e-03  4.6531e-04     9.7115e-05  1.8380e-05     7.2947e-05  1.3806e-05 
8.4279e-01     2.9796e-03  5.3650e-04     2.5112e-03  4.5216e-04     9.9182e-05  1.7861e-05     8.3589e-05  1.5053e-05 
9.4563e-01     3.7344e-03  5.9272e-04     3.5314e-03  5.6049e-04     1.3947e-04  2.2140e-05     1.3189e-04  2.0937e-05 
1.0610e+00     3.2544e-03  4.5640e-04     3.4529e-03  4.8425e-04     1.3637e-04  1.9130e-05     1.4469e-04  2.0297e-05 
1.1905e+00     3.6475e-03  4.5934e-04     4.3423e-03  5.4684e-04     1.7150e-04  2.1603e-05     2.0417e-04  2.5718e-05 
1.3357e+00     4.0146e-03  5.8525e-04     5.3625e-03  7.8174e-04     2.1179e-04  3.0881e-05     2.8290e-04  4.1249e-05 
1.4987e+00     3.8049e-03  4.7400e-04     5.7025e-03  7.1039e-04     2.2522e-04  2.8065e-05     3.3755e-04  4.2061e-05 
1.6816e+00     4.3556e-03  3.5456e-04     7.3243e-03  5.9622e-04     2.8928e-04  2.3562e-05     4.8645e-04  3.9622e-05 
1.8868e+00     4.1038e-03  6.6630e-04     7.7429e-03  1.2572e-03     3.0581e-04  4.9660e-05     5.7699e-04  9.3697e-05 
2.1170e+00     4.9549e-03  4.6262e-04     1.0490e-02  9.7936e-04     4.1429e-04  3.8699e-05     8.7705e-04  8.1925e-05 
2.3753e+00     5.5614e-03  5.1706e-04     1.3210e-02  1.2282e-03     5.2174e-04  4.8531e-05     1.2393e-03  1.1527e-04 
2.6651e+00     5.3099e-03  2.8033e-04     1.4152e-02  7.4713e-04     5.5893e-04  2.9551e-05     1.4896e-03  7.8758e-05 
2.9903e+00     5.9571e-03  3.8463e-04     1.7814e-02  1.1502e-03     7.0357e-04  4.5471e-05     2.1039e-03  1.3597e-04 
3.3552e+00     6.0967e-03  2.5633e-04     2.0456e-02  8.6005e-04     8.0792e-04  3.4046e-05     2.7107e-03  1.1423e-04 
3.7646e+00     6.6775e-03  3.5382e-04     2.5138e-02  1.3320e-03     9.9285e-04  5.2684e-05     3.7377e-03  1.9834e-04 
4.2240e+00     7.6048e-03  3.1528e-04     3.2122e-02  1.3317e-03     1.2687e-03  5.2722e-05     5.3589e-03  2.2269e-04 
4.7394e+00     8.7041e-03  5.3986e-04     4.1252e-02  2.5586e-03     1.6293e-03  1.0116e-04     7.7217e-03  4.7944e-04 
5.3176e+00     9.1300e-03  2.7071e-04     4.8550e-02  1.4395e-03     1.9175e-03  5.7117e-05     1.0197e-02  3.0373e-04 
5.9665e+00     1.0671e-02  3.3997e-04     6.3669e-02  2.0284e-03     2.5147e-03  8.0434e-05     1.5004e-02  4.7991e-04 
6.6945e+00     1.1335e-02  3.7454e-04     7.5885e-02  2.5074e-03     2.9971e-03  9.9397e-05     2.0064e-02  6.6542e-04 
7.5114e+00     1.2391e-02  3.1133e-04     9.3071e-02  2.3385e-03     3.6759e-03  9.2953e-05     2.7611e-02  6.9820e-04 
8.4279e+00     1.3470e-02  3.5563e-04     1.1353e-01  2.9973e-03     4.4838e-03  1.1907e-04     3.7789e-02  1.0035e-03 
9.4563e+00     1.5026e-02  4.2124e-04     1.4209e-01  3.9834e-03     5.6120e-03  1.5814e-04     5.3069e-02  1.4954e-03 
1.0610e+01     1.6385e-02  6.0409e-04     1.7385e-01  6.4095e-03     6.8663e-03  2.5390e-04     7.2852e-02  2.6939e-03 
1.1905e+01     1.8330e-02  5.2980e-04     2.1821e-01  6.3071e-03     8.6185e-03  2.5031e-04     1.0260e-01  2.9799e-03 
1.3357e+01     2.0103e-02  2.1024e-04     2.6852e-01  2.8082e-03     1.0605e-02  1.1496e-04     1.4166e-01  1.5355e-03 
1.4987e+01     2.2055e-02  2.1901e-04     3.3054e-01  3.2823e-03     1.3055e-02  1.3487e-04     1.9565e-01  2.0213e-03 
1.6816e+01     2.4633e-02  3.3532e-04     4.1422e-01  5.6387e-03     1.6360e-02  2.2753e-04     2.7510e-01  3.8261e-03 
1.8868e+01     2.7050e-02  4.5674e-04     5.1038e-01  8.6177e-03     2.0158e-02  3.4517e-04     3.8033e-01  6.5126e-03 
2.1170e+01     3.0005e-02  2.6532e-04     6.3520e-01  5.6168e-03     2.5088e-02  2.3307e-04     5.3111e-01  4.9341e-03 
2.3753e+01     3.3065e-02  2.0438e-04     7.8540e-01  4.8547e-03     3.1020e-02  2.1113e-04     7.3682e-01  5.0150e-03 
2.6651e+01     3.5637e-02  2.5319e-04     9.4978e-01  6.7478e-03     3.7512e-02  2.8714e-04     9.9975e-01  7.6527e-03 
2.9903e+01     3.6062e-02  2.0470e-04     1.0784e+00  6.1213e-03     4.2591e-02  2.7051e-04     1.2736e+00  8.0892e-03 
3.3552e+01     3.1949e-02  2.1555e-04     1.0720e+00  7.2321e-03     4.2338e-02  3.1006e-04     1.4205e+00  1.0403e-02 
3.7646e+01     2.2624e-02  2.1789e-04     8.5169e-01  8.2026e-03     3.3638e-02  3.3785e-04     1.2663e+00  1.2719e-02 
4.2240e+01     1.0973e-02  1.0671e-04     4.6347e-01  4.5073e-03     1.8305e-02  1.8550e-04     7.7320e-01  7.8356e-03 
4.7394e+01     3.1714e-03  1.0309e-04     1.5031e-01  4.8859e-03     5.9364e-03  1.9371e-04     2.8135e-01  9.1806e-03 
5.3176e+01     4.3879e-04  1.9823e-05     2.3333e-02  1.0541e-03     9.2156e-04  4.1716e-05     4.9005e-02  2.2183e-03 
5.9665e+01     2.7182e-05  5.2758e-06     1.6218e-03  3.1478e-04     6.4055e-05  1.2434e-05     3.8218e-03  7.4186e-04 
6.6945e+01     1.1722e-06  5.1402e-07     7.8475e-05  3.4411e-05     3.0994e-06  1.3591e-06     2.0749e-04  9.0986e-05 
7.5114e+01     0.0000e+00  0.0000e+00     0.0000e+00  0.0000e+00     0.0000e+00  0.0000e+00     0.0000e+00  0.0000e+00 
8.4279e+01     0.0000e+00  0.0000e+00     0.0000e+00  0.0000e+00     0.0000e+00  0.0000e+00     0.0000e+00  0.0000e+00 
9.4563e+01     0.0000e+00  0.0000e+00     0.0000e+00  0.0000e+00     0.0000e+00  0.0000e+00     0.0000e+00  0.0000e+00 
1.0610e+02     0.0000e+00  0.0000e+00     0.0000e+00  0.0000e+00     0.0000e+00  0.0000e+00     0.0000e+00  0.0000e+00 
1.1905e+02     0.0000e+00  0.0000e+00     0.0000e+00  0.0000e+00     0.0000e+00  0.0000e+00     0.0000e+00  0.0000e+00 
1.3357e+02     0.0000e+00  0.0000e+00     0.0000e+00  0.0000e+00     0.0000e+00  0.0000e+00     0.0000e+00  0.0000e+00 
1.4987e+02     0.0000e+00  0.0000e+00     0.0000e+00  0.0000e+00     0.0000e+00  0.0000e+00     0.0000e+00  0.0000e+00 
1.6816e+02     0.0000e+00  0.0000e+00     0.0000e+00  0.0000e+00     0.0000e+00  0.0000e+00     0.0000e+00  0.0000e+00 
1.8868e+02     0.0000e+00  0.0000e+00     0.0000e+00  0.0000e+00     0.0000e+00  0.0000e+00     0.0000e+00  0.0000e+00 
2.1170e+02     0.0000e+00  0.0000e+00     0.0000e+00  0.0000e+00     0.0000e+00  0.0000e+00     0.0000e+00  0.0000e+00 
2.3753e+02     0.0000e+00  0.0000e+00     0.0000e+00  0.0000e+00     0.0000e+00  0.0000e+00     0.0000e+00  0.0000e+00 
2.6651e+02     0.0000e+00  0.0000e+00     0.0000e+00  0.0000e+00     0.0000e+00  0.0000e+00     0.0000e+00  0.0000e+00 
2.9903e+02     0.0000e+00  0.0000e+00     0.0000e+00  0.0000e+00     0.0000e+00  0.0000e+00     0.0000e+00  0.0000e+00 
3.3552e+02     0.0000e+00  0.0000e+00     0.0000e+00  0.0000e+00     0.0000e+00  0.0000e+00     0.0000e+00  0.0000e+00 
3.7646e+02     0.0000e+00  0.0000e+00     0.0000e+00  0.0000e+00     0.0000e+00  0.0000e+00     0.0000e+00  0.0000e+00 
4.2240e+02     0.0000e+00  0.0000e+00     0.0000e+00  0.0000e+00     0.0000e+00  0.0000e+00     0.0000e+00  0.0000e+00 
4.7394e+02     0.0000e+00  0.0000e+00     0.0000e+00  0.0000e+00     0.0000e+00  0.0000e+00     0.0000e+00  0.0000e+00 
5.3176e+02     0.0000e+00  0.0000e+00     0.0000e+00  0.0000e+00     0.0000e+00  0.0000e+00     0.0000e+00  0.0000e+00 
5.9665e+02     0.0000e+00  0.0000e+00     0.0000e+00  0.0000e+00     0.0000e+00  0.0000e+00     0.0000e+00  0.0000e+00 
6.6945e+02     0.0000e+00  0.0000e+00     0.0000e+00  0.0000e+00     0.0000e+00  0.0000e+00     0.0000e+00  0.0000e+00 
7.5114e+02     0.0000e+00  0.0000e+00     0.0000e+00  0.0000e+00     0.0000e+00  0.0000e+00     0.0000e+00  0.0000e+00 
8.4279e+02     0.0000e+00  0.0000e+00     0.0000e+00  0.0000e+00     0.0000e+00  0.0000e+00     0.0000e+00  0.0000e+00 
9.4563e+02     0.0000e+00  0.0000e+00     0.0000e+00  0.0000e+00     0.0000e+00  0.0000e+00     0.0000e+00  0.0000e+00 
1.0610e+03     0.0000e+00  0.0000e+00     0.0000e+00  0.0000e+00     0.0000e+00  0.0000e+00     0.0000e+00  0.0000e+00 
1.1905e+03     0.0000e+00  0.0000e+00     0.0000e+00  0.0000e+00     0.0000e+00  0.0000e+00     0.0000e+00  0.0000e+00 
1.3357e+03     0.0000e+00  0.0000e+00     0.0000e+00  0.0000e+00     0.0000e+00  0.0000e+00     0.0000e+00  0.0000e+00 
1.4987e+03     0.0000e+00  0.0000e+00     0.0000e+00  0.0000e+00     0.0000e+00  0.0000e+00     0.0000e+00  0.0000e+00 
1.6816e+03     0.0000e+00  0.0000e+00     0.0000e+00  0.0000e+00     0.0000e+00  0.0000e+00     0.0000e+00  0.0000e+00 
1.8868e+03     0.0000e+00  0.0000e+00     0.0000e+00  0.0000e+00     0.0000e+00  0.0000e+00     0.0000e+00  0.0000e+00 
2.1170e+03     0.0000e+00  0.0000e+00     0.0000e+00  0.0000e+00     0.0000e+00  0.0000e+00     0.0000e+00  0.0000e+00 
2.3753e+03     0.0000e+00  0.0000e+00     0.0000e+00  0.0000e+00     0.0000e+00  0.0000e+00     0.0000e+00  0.0000e+00 
2.6651e+03     0.0000e+00  0.0000e+00     0.0000e+00  0.0000e+00     0.0000e+00  0.0000e+00     0.0000e+00  0.0000e+00 
2.9903e+03     0.0000e+00  0.0000e+00     0.0000e+00  0.0000e+00     0.0000e+00  0.0000e+00     0.0000e+00  0.0000e+00 
3.3552e+03     0.0000e+00  0.0000e+00     0.0000e+00  0.0000e+00     0.0000e+00  0.0000e+00     0.0000e+00  0.0000e+00 
3.7646e+03     0.0000e+00  0.0000e+00     0.0000e+00  0.0000e+00     0.0000e+00  0.0000e+00     0.0000e+00  0.0000e+00 
4.2240e+03     0.0000e+00  0.0000e+00     0.0000e+00  0.0000e+00     0.0000e+00  0.0000e+00     0.0000e+00  0.0000e+00 
4.7394e+03     0.0000e+00  0.0000e+00     0.0000e+00  0.0000e+00     0.0000e+00  0.0000e+00     0.0000e+00  0.0000e+00 
5.3176e+03     0.0000e+00  0.0000e+00     0.0000e+00  0.0000e+00     0.0000e+00  0.0000e+00     0.0000e+00  0.0000e+00 
5.9665e+03     0.0000e+00  0.0000e+00     0.0000e+00  0.0000e+00     0.0000e+00  0.0000e+00     0.0000e+00  0.0000e+00 
6.6945e+03     0.0000e+00  0.0000e+00     0.0000e+00  0.0000e+00     0.0000e+00  0.0000e+00     0.0000e+00  0.0000e+00 
7.5114e+03     0.0000e+00  0.0000e+00     0.0000e+00  0.0000e+00     0.0000e+00  0.0000e+00     0.0000e+00  0.0000e+00 
8.4279e+03     0.0000e+00  0.0000e+00     0.0000e+00  0.0000e+00     0.0000e+00  0.0000e+00     0.0000e+00  0.0000e+00 
9.4563e+03     0.0000e+00  0.0000e+00     0.0000e+00  0.0000e+00     0.0000e+00  0.0000e+00     0.0000e+00  0.0000e+00 
