yF = 3.8311e+00 (std: 1.3999e-02) keV/um
yD = 5.3303e+00 (std: 5.4345e-02) keV/um
y (keV/um)     f(y)(std)                  yf(y)(std)                 d(y)(std)                  yd(y)(std)  
1.0610e-01     2.4629e-01  1.9417e-02     2.6131e-02  2.0602e-03     6.8208e-03  5.3834e-04     7.2369e-04  5.7118e-05 
1.1905e-01     3.4751e-02  3.4446e-03     4.1370e-03  4.1007e-04     1.0798e-03  1.0711e-04     1.2855e-04  1.2751e-05 
1.3357e-01     3.6656e-02  4.2582e-03     4.8963e-03  5.6878e-04     1.2780e-03  1.4854e-04     1.7071e-04  1.9841e-05 
1.4987e-01     3.9484e-02  4.4118e-03     5.9175e-03  6.6120e-04     1.5446e-03  1.7268e-04     2.3149e-04  2.5880e-05 
1.6816e-01     4.5466e-02  4.6091e-03     7.6456e-03  7.7507e-04     1.9957e-03  2.0244e-04     3.3559e-04  3.4042e-05 
1.8868e-01     4.3159e-02  6.3672e-03     8.1431e-03  1.2013e-03     2.1255e-03  3.1367e-04     4.0104e-04  5.9183e-05 
2.1170e-01     4.5020e-02  5.3895e-03     9.5308e-03  1.1409e-03     2.4877e-03  2.9795e-04     5.2665e-04  6.3076e-05 
2.3753e-01     5.3132e-02  3.0240e-03     1.2620e-02  7.1829e-04     3.2942e-03  1.8788e-04     7.8248e-04  4.4626e-05 
2.6651e-01     5.5999e-02  3.3518e-03     1.4925e-02  8.9329e-04     3.8956e-03  2.3360e-04     1.0382e-03  6.2259e-05 
2.9903e-01     5.6389e-02  3.1500e-03     1.6862e-02  9.4196e-04     4.4014e-03  2.4640e-04     1.3162e-03  7.3681e-05 
3.3552e-01     6.0870e-02  4.6231e-03     2.0423e-02  1.5512e-03     5.3309e-03  4.0536e-04     1.7886e-03  1.3601e-04 
3.7646e-01     6.7952e-02  2.8734e-03     2.5581e-02  1.0817e-03     6.6773e-03  2.8340e-04     2.5137e-03  1.0669e-04 
4.2240e-01     6.7505e-02  2.3198e-03     2.8514e-02  9.7987e-04     7.4427e-03  2.5721e-04     3.1438e-03  1.0864e-04 
4.7394e-01     7.4307e-02  3.4809e-03     3.5217e-02  1.6497e-03     9.1924e-03  4.3192e-04     4.3566e-03  2.0470e-04 
5.3176e-01     7.8930e-02  5.2429e-03     4.1972e-02  2.7880e-03     1.0956e-02  7.2883e-04     5.8258e-03  3.8757e-04 
5.9665e-01     8.3336e-02  3.0014e-03     4.9722e-02  1.7908e-03     1.2979e-02  4.6983e-04     7.7437e-03  2.8032e-04 
6.6945e-01     9.0270e-02  5.7249e-03     6.0431e-02  3.8326e-03     1.5774e-02  1.0020e-03     1.0560e-02  6.7082e-04 
7.5114e-01     9.6907e-02  2.8725e-03     7.2790e-02  2.1577e-03     1.9000e-02  5.6746e-04     1.4271e-02  4.2624e-04 
8.4279e-01     1.0346e-01  2.0691e-03     8.7191e-02  1.7438e-03     2.2759e-02  4.6271e-04     1.9181e-02  3.8997e-04 
9.4563e-01     1.1560e-01  2.9925e-03     1.0932e-01  2.8298e-03     2.8534e-02  7.4595e-04     2.6982e-02  7.0539e-04 
1.0610e+00     1.2156e-01  3.1567e-03     1.2898e-01  3.3493e-03     3.3667e-02  8.8286e-04     3.5721e-02  9.3672e-04 
1.1905e+00     1.3148e-01  2.4856e-03     1.5652e-01  2.9590e-03     4.0856e-02  7.8666e-04     4.8638e-02  9.3650e-04 
1.3357e+00     1.3722e-01  3.3842e-03     1.8328e-01  4.5204e-03     4.7841e-02  1.1928e-03     6.3903e-02  1.5933e-03 
1.4987e+00     1.4819e-01  5.4046e-03     2.2209e-01  8.1000e-03     5.7970e-02  2.1249e-03     8.6880e-02  3.1846e-03 
1.6816e+00     1.5703e-01  3.6310e-03     2.6406e-01  6.1059e-03     6.8926e-02  1.6135e-03     1.1590e-01  2.7133e-03 
1.8868e+00     1.6923e-01  2.5264e-03     3.1931e-01  4.7668e-03     8.3346e-02  1.2810e-03     1.5726e-01  2.4169e-03 
2.1170e+00     1.8032e-01  2.3668e-03     3.8173e-01  5.0106e-03     9.9640e-02  1.3576e-03     2.1094e-01  2.8740e-03 
2.3753e+00     1.9034e-01  2.2572e-03     4.5211e-01  5.3616e-03     1.1801e-01  1.4644e-03     2.8031e-01  3.4784e-03 
2.6651e+00     2.0041e-01  1.4765e-03     5.3412e-01  3.9352e-03     1.3942e-01  1.1466e-03     3.7156e-01  3.0557e-03 
2.9903e+00     1.9825e-01  2.5790e-03     5.9285e-01  7.7120e-03     1.5475e-01  2.0909e-03     4.6274e-01  6.2525e-03 
3.3552e+00     1.9606e-01  1.1095e-03     6.5783e-01  3.7224e-03     1.7171e-01  1.1566e-03     5.7612e-01  3.8806e-03 
3.7646e+00     1.8031e-01  3.1873e-03     6.7878e-01  1.1999e-02     1.7718e-01  3.1982e-03     6.6700e-01  1.2040e-02 
4.2240e+00     1.5590e-01  1.8271e-03     6.5851e-01  7.7178e-03     1.7189e-01  2.1101e-03     7.2604e-01  8.9131e-03 
4.7394e+00     1.3370e-01  8.6099e-04     6.3364e-01  4.0805e-03     1.6539e-01  1.2246e-03     7.8386e-01  5.8039e-03 
5.3176e+00     1.0760e-01  1.3826e-03     5.7219e-01  7.3522e-03     1.4935e-01  1.9952e-03     7.9421e-01  1.0610e-02 
5.9665e+00     7.9470e-02  7.8256e-04     4.7416e-01  4.6691e-03     1.2377e-01  1.2999e-03     7.3844e-01  7.7561e-03 
6.6945e+00     5.5492e-02  7.3261e-04     3.7149e-01  4.9045e-03     9.6967e-02  1.3283e-03     6.4915e-01  8.8924e-03 
7.5114e+00     3.6859e-02  8.1730e-04     2.7686e-01  6.1391e-03     7.2268e-02  1.6240e-03     5.4283e-01  1.2199e-02 
8.4279e+00     2.3145e-02  4.6829e-04     1.9507e-01  3.9467e-03     5.0917e-02  1.0468e-03     4.2912e-01  8.8226e-03 
9.4563e+00     1.3565e-02  2.7053e-04     1.2827e-01  2.5582e-03     3.3482e-02  6.7886e-04     3.1661e-01  6.4195e-03 
1.0610e+01     7.8106e-03  2.7894e-04     8.2871e-02  2.9596e-03     2.1631e-02  7.7654e-04     2.2951e-01  8.2392e-03 
1.1905e+01     3.8248e-03  1.6058e-04     4.5533e-02  1.9117e-03     1.1885e-02  5.0088e-04     1.4149e-01  5.9628e-03 
1.3357e+01     1.9289e-03  1.2829e-04     2.5765e-02  1.7136e-03     6.7251e-03  4.4797e-04     8.9829e-02  5.9837e-03 
1.4987e+01     7.3551e-04  8.9749e-05     1.1023e-02  1.3451e-03     2.8773e-03  3.5125e-04     4.3123e-02  5.2643e-03 
1.6816e+01     2.7716e-04  3.7643e-05     4.6607e-03  6.3300e-04     1.2165e-03  1.6529e-04     2.0457e-02  2.7794e-03 
1.8868e+01     6.3836e-05  1.5220e-05     1.2044e-03  2.8717e-04     3.1439e-04  7.4965e-05     5.9317e-03  1.4144e-03 
2.1170e+01     1.9789e-05  1.2000e-05     4.1894e-04  2.5404e-04     1.0935e-04  6.6311e-05     2.3150e-03  1.4038e-03 
2.3753e+01     4.4093e-06  2.7682e-06     1.0473e-04  6.5753e-05     2.7338e-05  1.7163e-05     6.4936e-04  4.0768e-04 
2.6651e+01     9.8244e-07  8.5144e-07     2.6183e-05  2.2692e-05     6.8345e-06  5.9232e-06     1.8215e-04  1.5786e-04 
2.9903e+01     0.0000e+00  0.0000e+00     0.0000e+00  0.0000e+00     0.0000e+00  0.0000e+00     0.0000e+00  0.0000e+00 
3.3552e+01     0.0000e+00  0.0000e+00     0.0000e+00  0.0000e+00     0.0000e+00  0.0000e+00     0.0000e+00  0.0000e+00 
3.7646e+01     0.0000e+00  0.0000e+00     0.0000e+00  0.0000e+00     0.0000e+00  0.0000e+00     0.0000e+00  0.0000e+00 
4.2240e+01     0.0000e+00  0.0000e+00     0.0000e+00  0.0000e+00     0.0000e+00  0.0000e+00     0.0000e+00  0.0000e+00 
4.7394e+01     0.0000e+00  0.0000e+00     0.0000e+00  0.0000e+00     0.0000e+00  0.0000e+00     0.0000e+00  0.0000e+00 
5.3176e+01     0.0000e+00  0.0000e+00     0.0000e+00  0.0000e+00     0.0000e+00  0.0000e+00     0.0000e+00  0.0000e+00 
5.9665e+01     0.0000e+00  0.0000e+00     0.0000e+00  0.0000e+00     0.0000e+00  0.0000e+00     0.0000e+00  0.0000e+00 
6.6945e+01     0.0000e+00  0.0000e+00     0.0000e+00  0.0000e+00     0.0000e+00  0.0000e+00     0.0000e+00  0.0000e+00 
7.5114e+01     0.0000e+00  0.0000e+00     0.0000e+00  0.0000e+00     0.0000e+00  0.0000e+00     0.0000e+00  0.0000e+00 
8.4279e+01     0.0000e+00  0.0000e+00     0.0000e+00  0.0000e+00     0.0000e+00  0.0000e+00     0.0000e+00  0.0000e+00 
9.4563e+01     0.0000e+00  0.0000e+00     0.0000e+00  0.0000e+00     0.0000e+00  0.0000e+00     0.0000e+00  0.0000e+00 
1.0610e+02     0.0000e+00  0.0000e+00     0.0000e+00  0.0000e+00     0.0000e+00  0.0000e+00     0.0000e+00  0.0000e+00 
1.1905e+02     0.0000e+00  0.0000e+00     0.0000e+00  0.0000e+00     0.0000e+00  0.0000e+00     0.0000e+00  0.0000e+00 
1.3357e+02     1.9602e-07  1.5703e-07     2.6183e-05  2.0975e-05     6.8345e-06  5.4750e-06     9.1290e-04  7.3131e-04 
1.4987e+02     0.0000e+00  0.0000e+00     0.0000e+00  0.0000e+00     0.0000e+00  0.0000e+00     0.0000e+00  0.0000e+00 
1.6816e+02     0.0000e+00  0.0000e+00     0.0000e+00  0.0000e+00     0.0000e+00  0.0000e+00     0.0000e+00  0.0000e+00 
1.8868e+02     0.0000e+00  0.0000e+00     0.0000e+00  0.0000e+00     0.0000e+00  0.0000e+00     0.0000e+00  0.0000e+00 
2.1170e+02     0.0000e+00  0.0000e+00     0.0000e+00  0.0000e+00     0.0000e+00  0.0000e+00     0.0000e+00  0.0000e+00 
2.3753e+02     0.0000e+00  0.0000e+00     0.0000e+00  0.0000e+00     0.0000e+00  0.0000e+00     0.0000e+00  0.0000e+00 
2.6651e+02     9.8244e-08  7.9190e-08     2.6183e-05  2.1105e-05     6.8345e-06  5.5090e-06     1.8215e-03  1.4682e-03 
2.9903e+02     0.0000e+00  0.0000e+00     0.0000e+00  0.0000e+00     0.0000e+00  0.0000e+00     0.0000e+00  0.0000e+00 
3.3552e+02     0.0000e+00  0.0000e+00     0.0000e+00  0.0000e+00     0.0000e+00  0.0000e+00     0.0000e+00  0.0000e+00 
3.7646e+02     0.0000e+00  0.0000e+00     0.0000e+00  0.0000e+00     0.0000e+00  0.0000e+00     0.0000e+00  0.0000e+00 
4.2240e+02     0.0000e+00  0.0000e+00     0.0000e+00  0.0000e+00     0.0000e+00  0.0000e+00     0.0000e+00  0.0000e+00 
4.7394e+02     0.0000e+00  0.0000e+00     0.0000e+00  0.0000e+00     0.0000e+00  0.0000e+00     0.0000e+00  0.0000e+00 
5.3176e+02     0.0000e+00  0.0000e+00     0.0000e+00  0.0000e+00     0.0000e+00  0.0000e+00     0.0000e+00  0.0000e+00 
5.9665e+02     0.0000e+00  0.0000e+00     0.0000e+00  0.0000e+00     0.0000e+00  0.0000e+00     0.0000e+00  0.0000e+00 
6.6945e+02     0.0000e+00  0.0000e+00     0.0000e+00  0.0000e+00     0.0000e+00  0.0000e+00     0.0000e+00  0.0000e+00 
7.5114e+02     0.0000e+00  0.0000e+00     0.0000e+00  0.0000e+00     0.0000e+00  0.0000e+00     0.0000e+00  0.0000e+00 
8.4279e+02     0.0000e+00  0.0000e+00     0.0000e+00  0.0000e+00     0.0000e+00  0.0000e+00     0.0000e+00  0.0000e+00 
9.4563e+02     0.0000e+00  0.0000e+00     0.0000e+00  0.0000e+00     0.0000e+00  0.0000e+00     0.0000e+00  0.0000e+00 
1.0610e+03     0.0000e+00  0.0000e+00     0.0000e+00  0.0000e+00     0.0000e+00  0.0000e+00     0.0000e+00  0.0000e+00 
1.1905e+03     0.0000e+00  0.0000e+00     0.0000e+00  0.0000e+00     0.0000e+00  0.0000e+00     0.0000e+00  0.0000e+00 
1.3357e+03     0.0000e+00  0.0000e+00     0.0000e+00  0.0000e+00     0.0000e+00  0.0000e+00     0.0000e+00  0.0000e+00 
1.4987e+03     0.0000e+00  0.0000e+00     0.0000e+00  0.0000e+00     0.0000e+00  0.0000e+00     0.0000e+00  0.0000e+00 
1.6816e+03     0.0000e+00  0.0000e+00     0.0000e+00  0.0000e+00     0.0000e+00  0.0000e+00     0.0000e+00  0.0000e+00 
1.8868e+03     0.0000e+00  0.0000e+00     0.0000e+00  0.0000e+00     0.0000e+00  0.0000e+00     0.0000e+00  0.0000e+00 
2.1170e+03     0.0000e+00  0.0000e+00     0.0000e+00  0.0000e+00     0.0000e+00  0.0000e+00     0.0000e+00  0.0000e+00 
2.3753e+03     0.0000e+00  0.0000e+00     0.0000e+00  0.0000e+00     0.0000e+00  0.0000e+00     0.0000e+00  0.0000e+00 
2.6651e+03     0.0000e+00  0.0000e+00     0.0000e+00  0.0000e+00     0.0000e+00  0.0000e+00     0.0000e+00  0.0000e+00 
2.9903e+03     0.0000e+00  0.0000e+00     0.0000e+00  0.0000e+00     0.0000e+00  0.0000e+00     0.0000e+00  0.0000e+00 
3.3552e+03     0.0000e+00  0.0000e+00     0.0000e+00  0.0000e+00     0.0000e+00  0.0000e+00     0.0000e+00  0.0000e+00 
3.7646e+03     0.0000e+00  0.0000e+00     0.0000e+00  0.0000e+00     0.0000e+00  0.0000e+00     0.0000e+00  0.0000e+00 
4.2240e+03     0.0000e+00  0.0000e+00     0.0000e+00  0.0000e+00     0.0000e+00  0.0000e+00     0.0000e+00  0.0000e+00 
4.7394e+03     0.0000e+00  0.0000e+00     0.0000e+00  0.0000e+00     0.0000e+00  0.0000e+00     0.0000e+00  0.0000e+00 
5.3176e+03     0.0000e+00  0.0000e+00     0.0000e+00  0.0000e+00     0.0000e+00  0.0000e+00     0.0000e+00  0.0000e+00 
5.9665e+03     0.0000e+00  0.0000e+00     0.0000e+00  0.0000e+00     0.0000e+00  0.0000e+00     0.0000e+00  0.0000e+00 
6.6945e+03     0.0000e+00  0.0000e+00     0.0000e+00  0.0000e+00     0.0000e+00  0.0000e+00     0.0000e+00  0.0000e+00 
7.5114e+03     0.0000e+00  0.0000e+00     0.0000e+00  0.0000e+00     0.0000e+00  0.0000e+00     0.0000e+00  0.0000e+00 
8.4279e+03     0.0000e+00  0.0000e+00     0.0000e+00  0.0000e+00     0.0000e+00  0.0000e+00     0.0000e+00  0.0000e+00 
9.4563e+03     0.0000e+00  0.0000e+00     0.0000e+00  0.0000e+00     0.0000e+00  0.0000e+00     0.0000e+00  0.0000e+00 
