yF = 2.7399e+00 (std: 1.1636e-02) keV/um
yD = 4.0159e+00 (std: 2.6040e-02) keV/um
y (keV/um)     f(y)(std)                  yf(y)(std)                 d(y)(std)                  yd(y)(std)  
1.0610e-01     4.8063e-01  1.7133e-02     5.0995e-02  1.8179e-03     1.8612e-02  6.6818e-04     1.9748e-03  7.0894e-05 
1.1905e-01     7.0440e-02  9.6959e-03     8.3856e-03  1.1543e-03     3.0606e-03  4.2149e-04     3.6435e-04  5.0177e-05 
1.3357e-01     7.3177e-02  6.0113e-03     9.7745e-03  8.0295e-04     3.5675e-03  2.9345e-04     4.7652e-04  3.9197e-05 
1.4987e-01     7.9907e-02  5.6217e-03     1.1976e-02  8.4254e-04     4.3709e-03  3.0807e-04     6.5507e-04  4.6171e-05 
1.6816e-01     8.0411e-02  5.7195e-03     1.3522e-02  9.6179e-04     4.9352e-03  3.5166e-04     8.2989e-04  5.9134e-05 
1.8868e-01     8.7917e-02  1.0743e-02     1.6588e-02  2.0269e-03     6.0542e-03  7.4021e-04     1.1423e-03  1.3966e-04 
2.1170e-01     9.3581e-02  4.4061e-03     1.9811e-02  9.3276e-04     7.2306e-03  3.4182e-04     1.5307e-03  7.2363e-05 
2.3753e-01     1.0525e-01  6.9196e-03     2.5000e-02  1.6436e-03     9.1244e-03  6.0113e-04     2.1673e-03  1.4279e-04 
2.6651e-01     1.0078e-01  4.9972e-03     2.6860e-02  1.3318e-03     9.8034e-03  4.8787e-04     2.6127e-03  1.3002e-04 
2.9903e-01     1.1401e-01  3.5217e-03     3.4093e-02  1.0531e-03     1.2443e-02  3.8798e-04     3.7209e-03  1.1602e-04 
3.3552e-01     1.1864e-01  6.2695e-03     3.9806e-02  2.1036e-03     1.4528e-02  7.7023e-04     4.8745e-03  2.5843e-04 
3.7646e-01     1.2530e-01  3.6168e-03     4.7169e-02  1.3616e-03     1.7216e-02  5.0229e-04     6.4811e-03  1.8909e-04 
4.2240e-01     1.3419e-01  2.5749e-03     5.6682e-02  1.0876e-03     2.0688e-02  4.0657e-04     8.7384e-03  1.7173e-04 
4.7394e-01     1.4636e-01  5.9914e-03     6.9365e-02  2.8396e-03     2.5317e-02  1.0419e-03     1.1998e-02  4.9381e-04 
5.3176e-01     1.5139e-01  3.6263e-03     8.0502e-02  1.9283e-03     2.9382e-02  7.1478e-04     1.5624e-02  3.8009e-04 
5.9665e-01     1.6663e-01  6.2007e-03     9.9422e-02  3.6996e-03     3.6287e-02  1.3591e-03     2.1651e-02  8.1088e-04 
6.6945e-01     1.7259e-01  4.9348e-03     1.1554e-01  3.3036e-03     4.2169e-02  1.2190e-03     2.8230e-02  8.1604e-04 
7.5114e-01     1.8490e-01  2.3215e-03     1.3889e-01  1.7438e-03     5.0691e-02  6.7187e-04     3.8076e-02  5.0467e-04 
8.4279e-01     2.0161e-01  4.6407e-03     1.6991e-01  3.9111e-03     6.2015e-02  1.4516e-03     5.2266e-02  1.2234e-03 
9.4563e-01     2.1599e-01  5.4791e-03     2.0424e-01  5.1812e-03     7.4544e-02  1.9174e-03     7.0491e-02  1.8131e-03 
1.0610e+00     2.2831e-01  3.2602e-03     2.4224e-01  3.4591e-03     8.8413e-02  1.3171e-03     9.3806e-02  1.3975e-03 
1.1905e+00     2.4746e-01  1.1340e-02     2.9460e-01  1.3500e-02     1.0752e-01  4.9483e-03     1.2800e-01  5.8909e-03 
1.3357e+00     2.5777e-01  3.3179e-03     3.4431e-01  4.4318e-03     1.2567e-01  1.7033e-03     1.6786e-01  2.2751e-03 
1.4987e+00     2.7097e-01  4.6564e-03     4.0610e-01  6.9786e-03     1.4822e-01  2.6237e-03     2.2214e-01  3.9321e-03 
1.6816e+00     2.7667e-01  3.4608e-03     4.6525e-01  5.8196e-03     1.6980e-01  2.2431e-03     2.8554e-01  3.7719e-03 
1.8868e+00     2.7997e-01  1.8903e-03     5.2824e-01  3.5665e-03     1.9280e-01  1.5378e-03     3.6376e-01  2.9014e-03 
2.1170e+00     2.6887e-01  3.3224e-03     5.6920e-01  7.0335e-03     2.0775e-01  2.7144e-03     4.3980e-01  5.7464e-03 
2.3753e+00     2.5737e-01  6.6314e-03     6.1134e-01  1.5752e-02     2.2313e-01  5.8266e-03     5.2999e-01  1.3840e-02 
2.6651e+00     2.3107e-01  3.3567e-03     6.1582e-01  8.9461e-03     2.2476e-01  3.4018e-03     5.9902e-01  9.0662e-03 
2.9903e+00     1.9855e-01  1.8743e-03     5.9373e-01  5.6047e-03     2.1670e-01  2.2431e-03     6.4800e-01  6.7075e-03 
3.3552e+00     1.6537e-01  7.9053e-04     5.5487e-01  2.6524e-03     2.0251e-01  1.2949e-03     6.7948e-01  4.3447e-03 
3.7646e+00     1.3517e-01  3.4468e-03     5.0888e-01  1.2976e-02     1.8573e-01  4.8012e-03     6.9920e-01  1.8075e-02 
4.2240e+00     1.0589e-01  1.9321e-03     4.4727e-01  8.1610e-03     1.6324e-01  3.0582e-03     6.8953e-01  1.2918e-02 
4.7394e+00     7.5834e-02  8.2309e-04     3.5940e-01  3.9009e-03     1.3117e-01  1.5289e-03     6.2168e-01  7.2458e-03 
5.3176e+00     5.3606e-02  4.9453e-04     2.8506e-01  2.6297e-03     1.0404e-01  1.0566e-03     5.5325e-01  5.6186e-03 
5.9665e+00     3.5145e-02  5.0599e-04     2.0969e-01  3.0190e-03     7.6534e-02  1.1488e-03     4.5664e-01  6.8544e-03 
6.6945e+00     2.2676e-02  5.6142e-04     1.5181e-01  3.7584e-03     5.5406e-02  1.3918e-03     3.7092e-01  9.3172e-03 
7.5114e+00     1.3683e-02  3.9172e-04     1.0278e-01  2.9423e-03     3.7511e-02  1.0856e-03     2.8176e-01  8.1547e-03 
8.4279e+00     8.2055e-03  3.3020e-04     6.9155e-02  2.7829e-03     2.5240e-02  1.0213e-03     2.1272e-01  8.6077e-03 
9.4563e+00     4.9189e-03  2.4075e-04     4.6514e-02  2.2766e-03     1.6977e-02  8.3404e-04     1.6054e-01  7.8869e-03 
1.0610e+01     2.5069e-03  1.0371e-04     2.6598e-02  1.1004e-03     9.7078e-03  4.0373e-04     1.0300e-01  4.2836e-03 
1.1905e+01     1.1579e-03  7.0768e-05     1.3784e-02  8.4248e-04     5.0308e-03  3.0823e-04     5.9891e-02  3.6694e-03 
1.3357e+01     4.7281e-04  2.2289e-05     6.3154e-03  2.9772e-04     2.3050e-03  1.0910e-04     3.0789e-02  1.4573e-03 
1.4987e+01     1.6611e-04  3.8504e-05     2.4895e-03  5.7706e-04     9.0861e-04  2.1065e-04     1.3617e-02  3.1571e-03 
1.6816e+01     6.2334e-05  2.3242e-05     1.0482e-03  3.9084e-04     3.8257e-04  1.4266e-04     6.4333e-03  2.3989e-03 
1.8868e+01     1.9444e-05  1.8111e-05     3.6687e-04  3.4172e-04     1.3390e-04  1.2472e-04     2.5264e-03  2.3532e-03 
2.1170e+01     1.2378e-06  2.1259e-05     2.6205e-05  4.5005e-04     9.5643e-06  1.6426e-04     2.0248e-04  3.4774e-03 
2.3753e+01     1.1032e-06  3.9005e-07     2.6205e-05  9.2650e-06     9.5643e-06  3.3818e-06     2.2718e-04  8.0327e-05 
2.6651e+01     0.0000e+00  0.0000e+00     0.0000e+00  0.0000e+00     0.0000e+00  0.0000e+00     0.0000e+00  0.0000e+00 
2.9903e+01     0.0000e+00  0.0000e+00     0.0000e+00  0.0000e+00     0.0000e+00  0.0000e+00     0.0000e+00  0.0000e+00 
3.3552e+01     0.0000e+00  0.0000e+00     0.0000e+00  0.0000e+00     0.0000e+00  0.0000e+00     0.0000e+00  0.0000e+00 
3.7646e+01     0.0000e+00  0.0000e+00     0.0000e+00  0.0000e+00     0.0000e+00  0.0000e+00     0.0000e+00  0.0000e+00 
4.2240e+01     0.0000e+00  0.0000e+00     0.0000e+00  0.0000e+00     0.0000e+00  0.0000e+00     0.0000e+00  0.0000e+00 
4.7394e+01     5.5293e-07  4.0037e-07     2.6205e-05  1.8975e-05     9.5643e-06  6.9256e-06     4.5329e-04  3.2823e-04 
5.3176e+01     0.0000e+00  0.0000e+00     0.0000e+00  0.0000e+00     0.0000e+00  0.0000e+00     0.0000e+00  0.0000e+00 
5.9665e+01     0.0000e+00  0.0000e+00     0.0000e+00  0.0000e+00     0.0000e+00  0.0000e+00     0.0000e+00  0.0000e+00 
6.6945e+01     0.0000e+00  0.0000e+00     0.0000e+00  0.0000e+00     0.0000e+00  0.0000e+00     0.0000e+00  0.0000e+00 
7.5114e+01     0.0000e+00  0.0000e+00     0.0000e+00  0.0000e+00     0.0000e+00  0.0000e+00     0.0000e+00  0.0000e+00 
8.4279e+01     3.1093e-07  2.5057e-07     2.6205e-05  2.1118e-05     9.5643e-06  7.7077e-06     8.0607e-04  6.4959e-04 
9.4563e+01     0.0000e+00  0.0000e+00     0.0000e+00  0.0000e+00     0.0000e+00  0.0000e+00     0.0000e+00  0.0000e+00 
1.0610e+02     0.0000e+00  0.0000e+00     0.0000e+00  0.0000e+00     0.0000e+00  0.0000e+00     0.0000e+00  0.0000e+00 
1.1905e+02     0.0000e+00  0.0000e+00     0.0000e+00  0.0000e+00     0.0000e+00  0.0000e+00     0.0000e+00  0.0000e+00 
1.3357e+02     0.0000e+00  0.0000e+00     0.0000e+00  0.0000e+00     0.0000e+00  0.0000e+00     0.0000e+00  0.0000e+00 
1.4987e+02     0.0000e+00  0.0000e+00     0.0000e+00  0.0000e+00     0.0000e+00  0.0000e+00     0.0000e+00  0.0000e+00 
1.6816e+02     0.0000e+00  0.0000e+00     0.0000e+00  0.0000e+00     0.0000e+00  0.0000e+00     0.0000e+00  0.0000e+00 
1.8868e+02     0.0000e+00  0.0000e+00     0.0000e+00  0.0000e+00     0.0000e+00  0.0000e+00     0.0000e+00  0.0000e+00 
2.1170e+02     0.0000e+00  0.0000e+00     0.0000e+00  0.0000e+00     0.0000e+00  0.0000e+00     0.0000e+00  0.0000e+00 
2.3753e+02     0.0000e+00  0.0000e+00     0.0000e+00  0.0000e+00     0.0000e+00  0.0000e+00     0.0000e+00  0.0000e+00 
2.6651e+02     0.0000e+00  0.0000e+00     0.0000e+00  0.0000e+00     0.0000e+00  0.0000e+00     0.0000e+00  0.0000e+00 
2.9903e+02     0.0000e+00  0.0000e+00     0.0000e+00  0.0000e+00     0.0000e+00  0.0000e+00     0.0000e+00  0.0000e+00 
3.3552e+02     0.0000e+00  0.0000e+00     0.0000e+00  0.0000e+00     0.0000e+00  0.0000e+00     0.0000e+00  0.0000e+00 
3.7646e+02     0.0000e+00  0.0000e+00     0.0000e+00  0.0000e+00     0.0000e+00  0.0000e+00     0.0000e+00  0.0000e+00 
4.2240e+02     0.0000e+00  0.0000e+00     0.0000e+00  0.0000e+00     0.0000e+00  0.0000e+00     0.0000e+00  0.0000e+00 
4.7394e+02     0.0000e+00  0.0000e+00     0.0000e+00  0.0000e+00     0.0000e+00  0.0000e+00     0.0000e+00  0.0000e+00 
5.3176e+02     0.0000e+00  0.0000e+00     0.0000e+00  0.0000e+00     0.0000e+00  0.0000e+00     0.0000e+00  0.0000e+00 
5.9665e+02     0.0000e+00  0.0000e+00     0.0000e+00  0.0000e+00     0.0000e+00  0.0000e+00     0.0000e+00  0.0000e+00 
6.6945e+02     0.0000e+00  0.0000e+00     0.0000e+00  0.0000e+00     0.0000e+00  0.0000e+00     0.0000e+00  0.0000e+00 
7.5114e+02     0.0000e+00  0.0000e+00     0.0000e+00  0.0000e+00     0.0000e+00  0.0000e+00     0.0000e+00  0.0000e+00 
8.4279e+02     0.0000e+00  0.0000e+00     0.0000e+00  0.0000e+00     0.0000e+00  0.0000e+00     0.0000e+00  0.0000e+00 
9.4563e+02     0.0000e+00  0.0000e+00     0.0000e+00  0.0000e+00     0.0000e+00  0.0000e+00     0.0000e+00  0.0000e+00 
1.0610e+03     0.0000e+00  0.0000e+00     0.0000e+00  0.0000e+00     0.0000e+00  0.0000e+00     0.0000e+00  0.0000e+00 
1.1905e+03     0.0000e+00  0.0000e+00     0.0000e+00  0.0000e+00     0.0000e+00  0.0000e+00     0.0000e+00  0.0000e+00 
1.3357e+03     0.0000e+00  0.0000e+00     0.0000e+00  0.0000e+00     0.0000e+00  0.0000e+00     0.0000e+00  0.0000e+00 
1.4987e+03     0.0000e+00  0.0000e+00     0.0000e+00  0.0000e+00     0.0000e+00  0.0000e+00     0.0000e+00  0.0000e+00 
1.6816e+03     0.0000e+00  0.0000e+00     0.0000e+00  0.0000e+00     0.0000e+00  0.0000e+00     0.0000e+00  0.0000e+00 
1.8868e+03     0.0000e+00  0.0000e+00     0.0000e+00  0.0000e+00     0.0000e+00  0.0000e+00     0.0000e+00  0.0000e+00 
2.1170e+03     0.0000e+00  0.0000e+00     0.0000e+00  0.0000e+00     0.0000e+00  0.0000e+00     0.0000e+00  0.0000e+00 
2.3753e+03     0.0000e+00  0.0000e+00     0.0000e+00  0.0000e+00     0.0000e+00  0.0000e+00     0.0000e+00  0.0000e+00 
2.6651e+03     0.0000e+00  0.0000e+00     0.0000e+00  0.0000e+00     0.0000e+00  0.0000e+00     0.0000e+00  0.0000e+00 
2.9903e+03     0.0000e+00  0.0000e+00     0.0000e+00  0.0000e+00     0.0000e+00  0.0000e+00     0.0000e+00  0.0000e+00 
3.3552e+03     0.0000e+00  0.0000e+00     0.0000e+00  0.0000e+00     0.0000e+00  0.0000e+00     0.0000e+00  0.0000e+00 
3.7646e+03     0.0000e+00  0.0000e+00     0.0000e+00  0.0000e+00     0.0000e+00  0.0000e+00     0.0000e+00  0.0000e+00 
4.2240e+03     0.0000e+00  0.0000e+00     0.0000e+00  0.0000e+00     0.0000e+00  0.0000e+00     0.0000e+00  0.0000e+00 
4.7394e+03     0.0000e+00  0.0000e+00     0.0000e+00  0.0000e+00     0.0000e+00  0.0000e+00     0.0000e+00  0.0000e+00 
5.3176e+03     0.0000e+00  0.0000e+00     0.0000e+00  0.0000e+00     0.0000e+00  0.0000e+00     0.0000e+00  0.0000e+00 
5.9665e+03     0.0000e+00  0.0000e+00     0.0000e+00  0.0000e+00     0.0000e+00  0.0000e+00     0.0000e+00  0.0000e+00 
6.6945e+03     0.0000e+00  0.0000e+00     0.0000e+00  0.0000e+00     0.0000e+00  0.0000e+00     0.0000e+00  0.0000e+00 
7.5114e+03     0.0000e+00  0.0000e+00     0.0000e+00  0.0000e+00     0.0000e+00  0.0000e+00     0.0000e+00  0.0000e+00 
8.4279e+03     0.0000e+00  0.0000e+00     0.0000e+00  0.0000e+00     0.0000e+00  0.0000e+00     0.0000e+00  0.0000e+00 
9.4563e+03     0.0000e+00  0.0000e+00     0.0000e+00  0.0000e+00     0.0000e+00  0.0000e+00     0.0000e+00  0.0000e+00 
