yF = 3.6408e+00 (std: 1.2232e-02) keV/um
yD = 5.0513e+00 (std: 2.6242e-02) keV/um
y (keV/um)     f(y)(std)                  yf(y)(std)                 d(y)(std)                  yd(y)(std)  
1.0610e-01     2.7395e-01  2.0463e-02     2.9066e-02  2.1711e-03     7.9834e-03  5.9693e-04     8.4705e-04  6.3335e-05 
1.1905e-01     3.9153e-02  4.3273e-03     4.6611e-03  5.1515e-04     1.2802e-03  1.4156e-04     1.5241e-04  1.6852e-05 
1.3357e-01     3.9993e-02  3.0704e-03     5.3419e-03  4.1013e-04     1.4672e-03  1.1275e-04     1.9598e-04  1.5061e-05 
1.4987e-01     4.4554e-02  4.6521e-03     6.6774e-03  6.9721e-04     1.8340e-03  1.9160e-04     2.7487e-04  2.8715e-05 
1.6816e-01     5.2167e-02  6.8328e-03     8.7723e-03  1.1490e-03     2.4094e-03  3.1569e-04     4.0516e-04  5.3086e-05 
1.8868e-01     4.7326e-02  4.0225e-03     8.9294e-03  7.5895e-04     2.4526e-03  2.0862e-04     4.6274e-04  3.9362e-05 
2.1170e-01     4.9849e-02  6.3375e-03     1.0553e-02  1.3416e-03     2.8985e-03  3.6863e-04     6.1361e-04  7.8038e-05 
2.3753e-01     5.7988e-02  4.2429e-03     1.3774e-02  1.0078e-03     3.7831e-03  2.7710e-04     8.9861e-04  6.5819e-05 
2.6651e-01     5.8952e-02  3.2947e-03     1.5712e-02  8.7809e-04     4.3154e-03  2.4161e-04     1.1501e-03  6.4393e-05 
2.9903e-01     6.3750e-02  6.1515e-03     1.9063e-02  1.8395e-03     5.2360e-03  5.0554e-04     1.5657e-03  1.5117e-04 
3.3552e-01     6.7588e-02  5.9150e-03     2.2677e-02  1.9846e-03     6.2285e-03  5.4550e-04     2.0898e-03  1.8303e-04 
3.7646e-01     7.4288e-02  2.3001e-03     2.7967e-02  8.6591e-04     7.6814e-03  2.3923e-04     2.8917e-03  9.0060e-05 
4.2240e-01     7.3649e-02  4.8045e-03     3.1109e-02  2.0294e-03     8.5444e-03  5.5814e-04     3.6091e-03  2.3576e-04 
4.7394e-01     7.9895e-02  5.5402e-03     3.7865e-02  2.6257e-03     1.0400e-02  7.2203e-04     4.9290e-03  3.4220e-04 
5.3176e-01     8.6816e-02  2.3037e-03     4.6166e-02  1.2250e-03     1.2680e-02  3.3915e-04     6.7428e-03  1.8035e-04 
5.9665e-01     9.3131e-02  4.6438e-03     5.5567e-02  2.7707e-03     1.5262e-02  7.6273e-04     9.1061e-03  4.5508e-04 
6.6945e-01     9.8532e-02  3.7898e-03     6.5962e-02  2.5371e-03     1.8117e-02  6.9950e-04     1.2129e-02  4.6828e-04 
7.5114e-01     1.0818e-01  1.9675e-03     8.1255e-02  1.4779e-03     2.2318e-02  4.1278e-04     1.6764e-02  3.1006e-04 
8.4279e-01     1.1844e-01  2.0794e-03     9.9821e-02  1.7525e-03     2.7417e-02  4.9007e-04     2.3107e-02  4.1303e-04 
9.4563e-01     1.2395e-01  2.0911e-03     1.1721e-01  1.9774e-03     3.2193e-02  5.5377e-04     3.0442e-02  5.2366e-04 
1.0610e+00     1.3698e-01  3.4842e-03     1.4533e-01  3.6967e-03     3.9917e-02  1.0242e-03     4.2353e-02  1.0867e-03 
1.1905e+00     1.4227e-01  2.1638e-03     1.6937e-01  2.5759e-03     4.6520e-02  7.2456e-04     5.5380e-02  8.6257e-04 
1.3357e+00     1.4819e-01  3.6983e-03     1.9794e-01  4.9399e-03     5.4367e-02  1.3690e-03     7.2619e-02  1.8287e-03 
1.4987e+00     1.6693e-01  3.1918e-03     2.5018e-01  4.7835e-03     6.8715e-02  1.3340e-03     1.0298e-01  1.9993e-03 
1.6816e+00     1.7430e-01  2.0453e-03     2.9310e-01  3.4394e-03     8.0503e-02  9.8264e-04     1.3537e-01  1.6524e-03 
1.8868e+00     1.8654e-01  4.0745e-03     3.5197e-01  7.6876e-03     9.6672e-02  2.1363e-03     1.8240e-01  4.0308e-03 
2.1170e+00     1.9432e-01  3.2297e-03     4.1138e-01  6.8373e-03     1.1299e-01  1.9159e-03     2.3920e-01  4.0560e-03 
2.3753e+00     2.0489e-01  2.6196e-03     4.8667e-01  6.2224e-03     1.3367e-01  1.7671e-03     3.1750e-01  4.1974e-03 
2.6651e+00     2.1164e-01  3.0261e-03     5.6404e-01  8.0651e-03     1.5492e-01  2.2755e-03     4.1289e-01  6.0645e-03 
2.9903e+00     2.0719e-01  1.7419e-03     6.1956e-01  5.2090e-03     1.7017e-01  1.5407e-03     5.0886e-01  4.6072e-03 
3.3552e+00     1.9684e-01  1.5988e-03     6.6044e-01  5.3642e-03     1.8140e-01  1.5944e-03     6.0862e-01  5.3496e-03 
3.7646e+00     1.7664e-01  2.2030e-03     6.6499e-01  8.2934e-03     1.8265e-01  2.3591e-03     6.8760e-01  8.8811e-03 
4.2240e+00     1.5137e-01  1.9381e-03     6.3938e-01  8.1863e-03     1.7561e-01  2.3246e-03     7.4179e-01  9.8190e-03 
4.7394e+00     1.2712e-01  1.1485e-03     6.0246e-01  5.4432e-03     1.6547e-01  1.5951e-03     7.8424e-01  7.5596e-03 
5.3176e+00     9.7310e-02  1.1309e-03     5.1746e-01  6.0136e-03     1.4213e-01  1.7193e-03     7.5578e-01  9.1429e-03 
5.9665e+00     7.1994e-02  7.4695e-04     4.2955e-01  4.4567e-03     1.1798e-01  1.2867e-03     7.0394e-01  7.6769e-03 
6.6945e+00     4.8816e-02  8.0935e-04     3.2680e-01  5.4182e-03     8.9760e-02  1.5184e-03     6.0090e-01  1.0165e-02 
7.5114e+00     3.2167e-02  3.6133e-04     2.4162e-01  2.7141e-03     6.6363e-02  7.7809e-04     4.9848e-01  5.8446e-03 
8.4279e+00     1.9637e-02  3.2788e-04     1.6550e-01  2.7633e-03     4.5455e-02  7.7419e-04     3.8309e-01  6.5248e-03 
9.4563e+00     1.1473e-02  3.2787e-04     1.0849e-01  3.1004e-03     2.9798e-02  8.5744e-04     2.8177e-01  8.1082e-03 
1.0610e+01     6.5773e-03  1.5304e-04     6.9785e-02  1.6238e-03     1.9167e-02  4.5063e-04     2.0337e-01  4.7812e-03 
1.1905e+01     3.0993e-03  1.8570e-04     3.6896e-02  2.2107e-03     1.0134e-02  6.0816e-04     1.2064e-01  7.2400e-03 
1.3357e+01     1.5076e-03  1.0379e-04     2.0137e-02  1.3863e-03     5.5309e-03  3.8123e-04     7.3878e-02  5.0922e-03 
1.4987e+01     6.0454e-04  8.1460e-05     9.0603e-03  1.2209e-03     2.4885e-03  3.3543e-04     3.7296e-02  5.0271e-03 
1.6816e+01     2.1490e-04  2.1192e-05     3.6137e-03  3.5636e-04     9.9254e-04  9.7935e-05     1.6690e-02  1.6469e-03 
1.8868e+01     5.4127e-05  1.4673e-05     1.0213e-03  2.7684e-04     2.8050e-04  7.6043e-05     5.2924e-03  1.4348e-03 
2.1170e+01     1.9791e-05  5.2496e-06     4.1897e-04  1.1113e-04     1.1508e-04  3.0527e-05     2.4362e-03  6.4625e-04 
2.3753e+01     5.5121e-06  1.0542e-05     1.3093e-04  2.5040e-04     3.5961e-05  6.8776e-05     8.5419e-04  1.6336e-03 
2.6651e+01     9.8254e-07  1.9272e-06     2.6186e-05  5.1362e-05     7.1923e-06  1.4107e-05     1.9168e-04  3.7597e-04 
2.9903e+01     0.0000e+00  0.0000e+00     0.0000e+00  0.0000e+00     0.0000e+00  0.0000e+00     0.0000e+00  0.0000e+00 
3.3552e+01     0.0000e+00  0.0000e+00     0.0000e+00  0.0000e+00     0.0000e+00  0.0000e+00     0.0000e+00  0.0000e+00 
3.7646e+01     0.0000e+00  0.0000e+00     0.0000e+00  0.0000e+00     0.0000e+00  0.0000e+00     0.0000e+00  0.0000e+00 
4.2240e+01     0.0000e+00  0.0000e+00     0.0000e+00  0.0000e+00     0.0000e+00  0.0000e+00     0.0000e+00  0.0000e+00 
4.7394e+01     0.0000e+00  0.0000e+00     0.0000e+00  0.0000e+00     0.0000e+00  0.0000e+00     0.0000e+00  0.0000e+00 
5.3176e+01     0.0000e+00  0.0000e+00     0.0000e+00  0.0000e+00     0.0000e+00  0.0000e+00     0.0000e+00  0.0000e+00 
5.9665e+01     0.0000e+00  0.0000e+00     0.0000e+00  0.0000e+00     0.0000e+00  0.0000e+00     0.0000e+00  0.0000e+00 
6.6945e+01     0.0000e+00  0.0000e+00     0.0000e+00  0.0000e+00     0.0000e+00  0.0000e+00     0.0000e+00  0.0000e+00 
7.5114e+01     0.0000e+00  0.0000e+00     0.0000e+00  0.0000e+00     0.0000e+00  0.0000e+00     0.0000e+00  0.0000e+00 
8.4279e+01     0.0000e+00  0.0000e+00     0.0000e+00  0.0000e+00     0.0000e+00  0.0000e+00     0.0000e+00  0.0000e+00 
9.4563e+01     2.7692e-07  2.5097e-07     2.6186e-05  2.3732e-05     7.1923e-06  6.5184e-06     6.8012e-04  6.1640e-04 
1.0610e+02     0.0000e+00  0.0000e+00     0.0000e+00  0.0000e+00     0.0000e+00  0.0000e+00     0.0000e+00  0.0000e+00 
1.1905e+02     0.0000e+00  0.0000e+00     0.0000e+00  0.0000e+00     0.0000e+00  0.0000e+00     0.0000e+00  0.0000e+00 
1.3357e+02     0.0000e+00  0.0000e+00     0.0000e+00  0.0000e+00     0.0000e+00  0.0000e+00     0.0000e+00  0.0000e+00 
1.4987e+02     0.0000e+00  0.0000e+00     0.0000e+00  0.0000e+00     0.0000e+00  0.0000e+00     0.0000e+00  0.0000e+00 
1.6816e+02     0.0000e+00  0.0000e+00     0.0000e+00  0.0000e+00     0.0000e+00  0.0000e+00     0.0000e+00  0.0000e+00 
1.8868e+02     0.0000e+00  0.0000e+00     0.0000e+00  0.0000e+00     0.0000e+00  0.0000e+00     0.0000e+00  0.0000e+00 
2.1170e+02     0.0000e+00  0.0000e+00     0.0000e+00  0.0000e+00     0.0000e+00  0.0000e+00     0.0000e+00  0.0000e+00 
2.3753e+02     0.0000e+00  0.0000e+00     0.0000e+00  0.0000e+00     0.0000e+00  0.0000e+00     0.0000e+00  0.0000e+00 
2.6651e+02     0.0000e+00  0.0000e+00     0.0000e+00  0.0000e+00     0.0000e+00  0.0000e+00     0.0000e+00  0.0000e+00 
2.9903e+02     0.0000e+00  0.0000e+00     0.0000e+00  0.0000e+00     0.0000e+00  0.0000e+00     0.0000e+00  0.0000e+00 
3.3552e+02     0.0000e+00  0.0000e+00     0.0000e+00  0.0000e+00     0.0000e+00  0.0000e+00     0.0000e+00  0.0000e+00 
3.7646e+02     0.0000e+00  0.0000e+00     0.0000e+00  0.0000e+00     0.0000e+00  0.0000e+00     0.0000e+00  0.0000e+00 
4.2240e+02     0.0000e+00  0.0000e+00     0.0000e+00  0.0000e+00     0.0000e+00  0.0000e+00     0.0000e+00  0.0000e+00 
4.7394e+02     0.0000e+00  0.0000e+00     0.0000e+00  0.0000e+00     0.0000e+00  0.0000e+00     0.0000e+00  0.0000e+00 
5.3176e+02     0.0000e+00  0.0000e+00     0.0000e+00  0.0000e+00     0.0000e+00  0.0000e+00     0.0000e+00  0.0000e+00 
5.9665e+02     0.0000e+00  0.0000e+00     0.0000e+00  0.0000e+00     0.0000e+00  0.0000e+00     0.0000e+00  0.0000e+00 
6.6945e+02     0.0000e+00  0.0000e+00     0.0000e+00  0.0000e+00     0.0000e+00  0.0000e+00     0.0000e+00  0.0000e+00 
7.5114e+02     0.0000e+00  0.0000e+00     0.0000e+00  0.0000e+00     0.0000e+00  0.0000e+00     0.0000e+00  0.0000e+00 
8.4279e+02     0.0000e+00  0.0000e+00     0.0000e+00  0.0000e+00     0.0000e+00  0.0000e+00     0.0000e+00  0.0000e+00 
9.4563e+02     0.0000e+00  0.0000e+00     0.0000e+00  0.0000e+00     0.0000e+00  0.0000e+00     0.0000e+00  0.0000e+00 
1.0610e+03     0.0000e+00  0.0000e+00     0.0000e+00  0.0000e+00     0.0000e+00  0.0000e+00     0.0000e+00  0.0000e+00 
1.1905e+03     0.0000e+00  0.0000e+00     0.0000e+00  0.0000e+00     0.0000e+00  0.0000e+00     0.0000e+00  0.0000e+00 
1.3357e+03     0.0000e+00  0.0000e+00     0.0000e+00  0.0000e+00     0.0000e+00  0.0000e+00     0.0000e+00  0.0000e+00 
1.4987e+03     0.0000e+00  0.0000e+00     0.0000e+00  0.0000e+00     0.0000e+00  0.0000e+00     0.0000e+00  0.0000e+00 
1.6816e+03     0.0000e+00  0.0000e+00     0.0000e+00  0.0000e+00     0.0000e+00  0.0000e+00     0.0000e+00  0.0000e+00 
1.8868e+03     0.0000e+00  0.0000e+00     0.0000e+00  0.0000e+00     0.0000e+00  0.0000e+00     0.0000e+00  0.0000e+00 
2.1170e+03     0.0000e+00  0.0000e+00     0.0000e+00  0.0000e+00     0.0000e+00  0.0000e+00     0.0000e+00  0.0000e+00 
2.3753e+03     0.0000e+00  0.0000e+00     0.0000e+00  0.0000e+00     0.0000e+00  0.0000e+00     0.0000e+00  0.0000e+00 
2.6651e+03     0.0000e+00  0.0000e+00     0.0000e+00  0.0000e+00     0.0000e+00  0.0000e+00     0.0000e+00  0.0000e+00 
2.9903e+03     0.0000e+00  0.0000e+00     0.0000e+00  0.0000e+00     0.0000e+00  0.0000e+00     0.0000e+00  0.0000e+00 
3.3552e+03     0.0000e+00  0.0000e+00     0.0000e+00  0.0000e+00     0.0000e+00  0.0000e+00     0.0000e+00  0.0000e+00 
3.7646e+03     0.0000e+00  0.0000e+00     0.0000e+00  0.0000e+00     0.0000e+00  0.0000e+00     0.0000e+00  0.0000e+00 
4.2240e+03     0.0000e+00  0.0000e+00     0.0000e+00  0.0000e+00     0.0000e+00  0.0000e+00     0.0000e+00  0.0000e+00 
4.7394e+03     0.0000e+00  0.0000e+00     0.0000e+00  0.0000e+00     0.0000e+00  0.0000e+00     0.0000e+00  0.0000e+00 
5.3176e+03     0.0000e+00  0.0000e+00     0.0000e+00  0.0000e+00     0.0000e+00  0.0000e+00     0.0000e+00  0.0000e+00 
5.9665e+03     0.0000e+00  0.0000e+00     0.0000e+00  0.0000e+00     0.0000e+00  0.0000e+00     0.0000e+00  0.0000e+00 
6.6945e+03     0.0000e+00  0.0000e+00     0.0000e+00  0.0000e+00     0.0000e+00  0.0000e+00     0.0000e+00  0.0000e+00 
7.5114e+03     0.0000e+00  0.0000e+00     0.0000e+00  0.0000e+00     0.0000e+00  0.0000e+00     0.0000e+00  0.0000e+00 
8.4279e+03     0.0000e+00  0.0000e+00     0.0000e+00  0.0000e+00     0.0000e+00  0.0000e+00     0.0000e+00  0.0000e+00 
9.4563e+03     0.0000e+00  0.0000e+00     0.0000e+00  0.0000e+00     0.0000e+00  0.0000e+00     0.0000e+00  0.0000e+00 
