yF = 3.1368e+00 (std: 1.2983e-02) keV/um
yD = 4.4777e+00 (std: 2.8511e-02) keV/um
y (keV/um)     f(y)(std)                  yf(y)(std)                 d(y)(std)                  yd(y)(std)  
1.0610e-01     3.6218e-01  1.5840e-02     3.8428e-02  1.6807e-03     1.2250e-02  5.3818e-04     1.2998e-03  5.7101e-05 
1.1905e-01     5.5449e-02  9.8774e-03     6.6011e-03  1.1759e-03     2.1044e-03  3.7496e-04     2.5052e-04  4.4638e-05 
1.3357e-01     6.1186e-02  6.0034e-03     8.1728e-03  8.0190e-04     2.6054e-03  2.5587e-04     3.4801e-04  3.4177e-05 
1.4987e-01     6.2048e-02  5.2822e-03     9.2992e-03  7.9166e-04     2.9645e-03  2.5267e-04     4.4429e-04  3.7868e-05 
1.6816e-01     6.1998e-02  7.5077e-03     1.0426e-02  1.2625e-03     3.3236e-03  4.0271e-04     5.5889e-04  6.7719e-05 
1.8868e-01     6.9001e-02  2.9252e-03     1.3019e-02  5.5192e-04     4.1503e-03  1.7678e-04     7.8307e-04  3.3355e-05 
2.1170e-01     7.0035e-02  7.9500e-03     1.4826e-02  1.6830e-03     4.7265e-03  5.3688e-04     1.0006e-03  1.1366e-04 
2.3753e-01     7.4990e-02  8.9578e-03     1.7812e-02  2.1277e-03     5.6785e-03  6.7871e-04     1.3488e-03  1.6121e-04 
2.6651e-01     8.1087e-02  4.1652e-03     2.1611e-02  1.1101e-03     6.8893e-03  3.5503e-04     1.8361e-03  9.4621e-05 
2.9903e-01     8.7774e-02  8.1576e-03     2.6247e-02  2.4394e-03     8.3674e-03  7.7843e-04     2.5021e-03  2.3278e-04 
3.3552e-01     9.2047e-02  4.2947e-03     3.0884e-02  1.4410e-03     9.8455e-03  4.6117e-04     3.3034e-03  1.5473e-04 
3.7646e-01     9.8528e-02  4.3607e-03     3.7092e-02  1.6416e-03     1.1825e-02  5.2562e-04     4.4515e-03  1.9788e-04 
4.2240e-01     9.9906e-02  4.9964e-03     4.2200e-02  2.1104e-03     1.3453e-02  6.7509e-04     5.6825e-03  2.8516e-04 
4.7394e-01     1.0977e-01  4.1611e-03     5.2023e-02  1.9721e-03     1.6584e-02  6.3242e-04     7.8600e-03  2.9973e-04 
5.3176e-01     1.1596e-01  8.5887e-03     6.1663e-02  4.5671e-03     1.9658e-02  1.4582e-03     1.0453e-02  7.7544e-04 
5.9665e-01     1.2038e-01  2.5855e-03     7.1826e-02  1.5426e-03     2.2898e-02  5.0082e-04     1.3662e-02  2.9881e-04 
6.6945e-01     1.3554e-01  4.4235e-03     9.0739e-02  2.9613e-03     2.8927e-02  9.5161e-04     1.9365e-02  6.3705e-04 
7.5114e-01     1.4696e-01  1.9626e-03     1.1039e-01  1.4742e-03     3.5190e-02  4.9201e-04     2.6432e-02  3.6957e-04 
8.4279e-01     1.5690e-01  3.4081e-03     1.3223e-01  2.8723e-03     4.2154e-02  9.3214e-04     3.5527e-02  7.8560e-04 
9.4563e-01     1.6150e-01  2.7976e-03     1.5272e-01  2.6455e-03     4.8685e-02  8.6709e-04     4.6037e-02  8.1995e-04 
1.0610e+00     1.7877e-01  3.8608e-03     1.8968e-01  4.0964e-03     6.0467e-02  1.3297e-03     6.4157e-02  1.4108e-03 
1.1905e+00     1.9132e-01  3.7605e-03     2.2776e-01  4.4768e-03     7.2609e-02  1.4585e-03     8.6439e-02  1.7363e-03 
1.3357e+00     2.0458e-01  3.8436e-03     2.7326e-01  5.1341e-03     8.7115e-02  1.6759e-03     1.1636e-01  2.2386e-03 
1.4987e+00     2.1517e-01  2.7042e-03     3.2248e-01  4.0528e-03     1.0281e-01  1.3603e-03     1.5408e-01  2.0386e-03 
1.6816e+00     2.2910e-01  2.8849e-03     3.8525e-01  4.8512e-03     1.2281e-01  1.6279e-03     2.0652e-01  2.7375e-03 
1.8868e+00     2.3213e-01  3.1533e-03     4.3798e-01  5.9496e-03     1.3962e-01  1.9828e-03     2.6344e-01  3.7410e-03 
2.1170e+00     2.4471e-01  2.2020e-03     5.1806e-01  4.6616e-03     1.6515e-01  1.6357e-03     3.4963e-01  3.4628e-03 
2.3753e+00     2.4011e-01  3.0820e-03     5.7034e-01  7.3207e-03     1.8182e-01  2.4521e-03     4.3188e-01  5.8245e-03 
2.6651e+00     2.3263e-01  2.6035e-03     6.1998e-01  6.9387e-03     1.9764e-01  2.3584e-03     5.2675e-01  6.2855e-03 
2.9903e+00     2.1465e-01  1.8842e-03     6.4188e-01  5.6344e-03     2.0463e-01  1.9859e-03     6.1190e-01  5.9383e-03 
3.3552e+00     1.8921e-01  1.7738e-03     6.3483e-01  5.9516e-03     2.0238e-01  2.0740e-03     6.7902e-01  6.9587e-03 
3.7646e+00     1.5618e-01  1.3984e-03     5.8794e-01  5.2642e-03     1.8743e-01  1.8488e-03     7.0561e-01  6.9601e-03 
4.2240e+00     1.2952e-01  2.3121e-03     5.4708e-01  9.7662e-03     1.7440e-01  3.1960e-03     7.3668e-01  1.3500e-02 
4.7394e+00     1.0041e-01  1.4397e-03     4.7586e-01  6.8232e-03     1.5170e-01  2.2640e-03     7.1895e-01  1.0730e-02 
5.3176e+00     7.2969e-02  9.7014e-04     3.8802e-01  5.1588e-03     1.2370e-01  1.7224e-03     6.5779e-01  9.1593e-03 
5.9665e+00     4.9953e-02  6.2103e-04     2.9804e-01  3.7054e-03     9.5014e-02  1.2450e-03     5.6690e-01  7.4282e-03 
6.6945e+00     3.2864e-02  1.2043e-03     2.2001e-01  8.0619e-03     7.0138e-02  2.5864e-03     4.6954e-01  1.7315e-02 
7.5114e+00     2.0565e-02  7.3306e-04     1.5447e-01  5.5063e-03     4.9244e-02  1.7672e-03     3.6989e-01  1.3274e-02 
8.4279e+00     1.2224e-02  2.9561e-04     1.0302e-01  2.4914e-03     3.2843e-02  8.0578e-04     2.7680e-01  6.7910e-03 
9.4563e+00     7.2023e-03  2.5537e-04     6.8107e-02  2.4148e-03     2.1712e-02  7.7505e-04     2.0531e-01  7.3291e-03 
1.0610e+01     3.8514e-03  1.3432e-04     4.0864e-02  1.4251e-03     1.3027e-02  4.5751e-04     1.3822e-01  4.8542e-03 
1.1905e+01     1.9847e-03  1.6927e-04     2.3628e-02  2.0151e-03     7.5323e-03  6.4316e-04     8.9670e-02  7.6566e-03 
1.3357e+01     8.2758e-04  6.2363e-05     1.1054e-02  8.3301e-04     3.5240e-03  2.6596e-04     4.7071e-02  3.5525e-03 
1.4987e+01     3.3558e-04  2.5939e-05     5.0294e-03  3.8876e-04     1.6033e-03  1.2411e-04     2.4029e-02  1.8601e-03 
1.6816e+01     1.1527e-04  1.7840e-05     1.9384e-03  3.0000e-04     6.1795e-04  9.5672e-05     1.0391e-02  1.6088e-03 
1.8868e+01     2.3602e-05  7.2937e-06     4.4531e-04  1.3762e-04     1.4196e-04  4.3875e-05     2.6785e-03  8.2782e-04 
2.1170e+01     7.4242e-06  3.5990e-06     1.5717e-04  7.6190e-05     5.0104e-05  2.4290e-05     1.0607e-03  5.1421e-04 
2.3753e+01     2.2056e-06  1.9149e-06     5.2390e-05  4.5484e-05     1.6701e-05  1.4500e-05     3.9671e-04  3.4442e-04 
2.6651e+01     0.0000e+00  0.0000e+00     0.0000e+00  0.0000e+00     0.0000e+00  0.0000e+00     0.0000e+00  0.0000e+00 
2.9903e+01     0.0000e+00  0.0000e+00     0.0000e+00  0.0000e+00     0.0000e+00  0.0000e+00     0.0000e+00  0.0000e+00 
3.3552e+01     0.0000e+00  0.0000e+00     0.0000e+00  0.0000e+00     0.0000e+00  0.0000e+00     0.0000e+00  0.0000e+00 
3.7646e+01     0.0000e+00  0.0000e+00     0.0000e+00  0.0000e+00     0.0000e+00  0.0000e+00     0.0000e+00  0.0000e+00 
4.2240e+01     0.0000e+00  0.0000e+00     0.0000e+00  0.0000e+00     0.0000e+00  0.0000e+00     0.0000e+00  0.0000e+00 
4.7394e+01     5.5271e-07  4.4013e-07     2.6195e-05  2.0859e-05     8.3507e-06  6.6499e-06     3.9577e-04  3.1516e-04 
5.3176e+01     0.0000e+00  0.0000e+00     0.0000e+00  0.0000e+00     0.0000e+00  0.0000e+00     0.0000e+00  0.0000e+00 
5.9665e+01     0.0000e+00  0.0000e+00     0.0000e+00  0.0000e+00     0.0000e+00  0.0000e+00     0.0000e+00  0.0000e+00 
6.6945e+01     0.0000e+00  0.0000e+00     0.0000e+00  0.0000e+00     0.0000e+00  0.0000e+00     0.0000e+00  0.0000e+00 
7.5114e+01     0.0000e+00  0.0000e+00     0.0000e+00  0.0000e+00     0.0000e+00  0.0000e+00     0.0000e+00  0.0000e+00 
8.4279e+01     0.0000e+00  0.0000e+00     0.0000e+00  0.0000e+00     0.0000e+00  0.0000e+00     0.0000e+00  0.0000e+00 
9.4563e+01     2.7701e-07  1.7754e-07     2.6195e-05  1.6788e-05     8.3507e-06  5.3521e-06     7.8966e-04  5.0611e-04 
1.0610e+02     0.0000e+00  0.0000e+00     0.0000e+00  0.0000e+00     0.0000e+00  0.0000e+00     0.0000e+00  0.0000e+00 
1.1905e+02     0.0000e+00  0.0000e+00     0.0000e+00  0.0000e+00     0.0000e+00  0.0000e+00     0.0000e+00  0.0000e+00 
1.3357e+02     0.0000e+00  0.0000e+00     0.0000e+00  0.0000e+00     0.0000e+00  0.0000e+00     0.0000e+00  0.0000e+00 
1.4987e+02     0.0000e+00  0.0000e+00     0.0000e+00  0.0000e+00     0.0000e+00  0.0000e+00     0.0000e+00  0.0000e+00 
1.6816e+02     0.0000e+00  0.0000e+00     0.0000e+00  0.0000e+00     0.0000e+00  0.0000e+00     0.0000e+00  0.0000e+00 
1.8868e+02     0.0000e+00  0.0000e+00     0.0000e+00  0.0000e+00     0.0000e+00  0.0000e+00     0.0000e+00  0.0000e+00 
2.1170e+02     0.0000e+00  0.0000e+00     0.0000e+00  0.0000e+00     0.0000e+00  0.0000e+00     0.0000e+00  0.0000e+00 
2.3753e+02     0.0000e+00  0.0000e+00     0.0000e+00  0.0000e+00     0.0000e+00  0.0000e+00     0.0000e+00  0.0000e+00 
2.6651e+02     0.0000e+00  0.0000e+00     0.0000e+00  0.0000e+00     0.0000e+00  0.0000e+00     0.0000e+00  0.0000e+00 
2.9903e+02     0.0000e+00  0.0000e+00     0.0000e+00  0.0000e+00     0.0000e+00  0.0000e+00     0.0000e+00  0.0000e+00 
3.3552e+02     0.0000e+00  0.0000e+00     0.0000e+00  0.0000e+00     0.0000e+00  0.0000e+00     0.0000e+00  0.0000e+00 
3.7646e+02     0.0000e+00  0.0000e+00     0.0000e+00  0.0000e+00     0.0000e+00  0.0000e+00     0.0000e+00  0.0000e+00 
4.2240e+02     0.0000e+00  0.0000e+00     0.0000e+00  0.0000e+00     0.0000e+00  0.0000e+00     0.0000e+00  0.0000e+00 
4.7394e+02     0.0000e+00  0.0000e+00     0.0000e+00  0.0000e+00     0.0000e+00  0.0000e+00     0.0000e+00  0.0000e+00 
5.3176e+02     0.0000e+00  0.0000e+00     0.0000e+00  0.0000e+00     0.0000e+00  0.0000e+00     0.0000e+00  0.0000e+00 
5.9665e+02     0.0000e+00  0.0000e+00     0.0000e+00  0.0000e+00     0.0000e+00  0.0000e+00     0.0000e+00  0.0000e+00 
6.6945e+02     0.0000e+00  0.0000e+00     0.0000e+00  0.0000e+00     0.0000e+00  0.0000e+00     0.0000e+00  0.0000e+00 
7.5114e+02     0.0000e+00  0.0000e+00     0.0000e+00  0.0000e+00     0.0000e+00  0.0000e+00     0.0000e+00  0.0000e+00 
8.4279e+02     0.0000e+00  0.0000e+00     0.0000e+00  0.0000e+00     0.0000e+00  0.0000e+00     0.0000e+00  0.0000e+00 
9.4563e+02     0.0000e+00  0.0000e+00     0.0000e+00  0.0000e+00     0.0000e+00  0.0000e+00     0.0000e+00  0.0000e+00 
1.0610e+03     0.0000e+00  0.0000e+00     0.0000e+00  0.0000e+00     0.0000e+00  0.0000e+00     0.0000e+00  0.0000e+00 
1.1905e+03     0.0000e+00  0.0000e+00     0.0000e+00  0.0000e+00     0.0000e+00  0.0000e+00     0.0000e+00  0.0000e+00 
1.3357e+03     0.0000e+00  0.0000e+00     0.0000e+00  0.0000e+00     0.0000e+00  0.0000e+00     0.0000e+00  0.0000e+00 
1.4987e+03     0.0000e+00  0.0000e+00     0.0000e+00  0.0000e+00     0.0000e+00  0.0000e+00     0.0000e+00  0.0000e+00 
1.6816e+03     0.0000e+00  0.0000e+00     0.0000e+00  0.0000e+00     0.0000e+00  0.0000e+00     0.0000e+00  0.0000e+00 
1.8868e+03     0.0000e+00  0.0000e+00     0.0000e+00  0.0000e+00     0.0000e+00  0.0000e+00     0.0000e+00  0.0000e+00 
2.1170e+03     0.0000e+00  0.0000e+00     0.0000e+00  0.0000e+00     0.0000e+00  0.0000e+00     0.0000e+00  0.0000e+00 
2.3753e+03     0.0000e+00  0.0000e+00     0.0000e+00  0.0000e+00     0.0000e+00  0.0000e+00     0.0000e+00  0.0000e+00 
2.6651e+03     0.0000e+00  0.0000e+00     0.0000e+00  0.0000e+00     0.0000e+00  0.0000e+00     0.0000e+00  0.0000e+00 
2.9903e+03     0.0000e+00  0.0000e+00     0.0000e+00  0.0000e+00     0.0000e+00  0.0000e+00     0.0000e+00  0.0000e+00 
3.3552e+03     0.0000e+00  0.0000e+00     0.0000e+00  0.0000e+00     0.0000e+00  0.0000e+00     0.0000e+00  0.0000e+00 
3.7646e+03     0.0000e+00  0.0000e+00     0.0000e+00  0.0000e+00     0.0000e+00  0.0000e+00     0.0000e+00  0.0000e+00 
4.2240e+03     0.0000e+00  0.0000e+00     0.0000e+00  0.0000e+00     0.0000e+00  0.0000e+00     0.0000e+00  0.0000e+00 
4.7394e+03     0.0000e+00  0.0000e+00     0.0000e+00  0.0000e+00     0.0000e+00  0.0000e+00     0.0000e+00  0.0000e+00 
5.3176e+03     0.0000e+00  0.0000e+00     0.0000e+00  0.0000e+00     0.0000e+00  0.0000e+00     0.0000e+00  0.0000e+00 
5.9665e+03     0.0000e+00  0.0000e+00     0.0000e+00  0.0000e+00     0.0000e+00  0.0000e+00     0.0000e+00  0.0000e+00 
6.6945e+03     0.0000e+00  0.0000e+00     0.0000e+00  0.0000e+00     0.0000e+00  0.0000e+00     0.0000e+00  0.0000e+00 
7.5114e+03     0.0000e+00  0.0000e+00     0.0000e+00  0.0000e+00     0.0000e+00  0.0000e+00     0.0000e+00  0.0000e+00 
8.4279e+03     0.0000e+00  0.0000e+00     0.0000e+00  0.0000e+00     0.0000e+00  0.0000e+00     0.0000e+00  0.0000e+00 
9.4563e+03     0.0000e+00  0.0000e+00     0.0000e+00  0.0000e+00     0.0000e+00  0.0000e+00     0.0000e+00  0.0000e+00 
