yF = 3.0945e+00 (std: 1.1306e-02) keV/um
yD = 4.4273e+00 (std: 2.5861e-02) keV/um
y (keV/um)     f(y)(std)                  yf(y)(std)                 d(y)(std)                  yd(y)(std)  
1.0610e-01     3.7725e-01  1.6524e-02     4.0026e-02  1.7532e-03     1.2935e-02  5.6854e-04     1.3724e-03  6.0323e-05 
1.1905e-01     5.7431e-02  3.6845e-03     6.8370e-03  4.3863e-04     2.2094e-03  1.4197e-04     2.6302e-04  1.6902e-05 
1.3357e-01     6.1383e-02  8.1936e-03     8.1991e-03  1.0944e-03     2.6496e-03  3.5381e-04     3.5392e-04  4.7260e-05 
1.4987e-01     6.4496e-02  6.1348e-03     9.6661e-03  9.1943e-04     3.1237e-03  2.9734e-04     4.6815e-04  4.4563e-05 
1.6816e-01     6.5427e-02  6.3717e-03     1.1002e-02  1.0715e-03     3.5554e-03  3.4649e-04     5.9787e-04  5.8266e-05 
1.8868e-01     6.9974e-02  3.6809e-03     1.3202e-02  6.9451e-04     4.2665e-03  2.2497e-04     8.0498e-04  4.2448e-05 
2.1170e-01     7.1273e-02  7.8303e-03     1.5089e-02  1.6577e-03     4.8759e-03  5.3598e-04     1.0322e-03  1.1347e-04 
2.3753e-01     7.6095e-02  4.3557e-03     1.8075e-02  1.0346e-03     5.8410e-03  3.3502e-04     1.3874e-03  7.9578e-05 
2.6651e-01     8.3644e-02  4.1029e-03     2.2292e-02  1.0935e-03     7.2039e-03  3.5434e-04     1.9199e-03  9.4437e-05 
2.9903e-01     9.0403e-02  3.7821e-03     2.7034e-02  1.1310e-03     8.7361e-03  3.6688e-04     2.6124e-03  1.0971e-04 
3.3552e-01     9.2517e-02  3.6354e-03     3.1041e-02  1.2198e-03     1.0031e-02  3.9587e-04     3.3657e-03  1.3282e-04 
3.7646e-01     1.0027e-01  6.3690e-03     3.7747e-02  2.3977e-03     1.2198e-02  7.7610e-04     4.5922e-03  2.9217e-04 
4.2240e-01     1.0307e-01  4.5315e-03     4.3537e-02  1.9141e-03     1.4069e-02  6.2068e-04     5.9427e-03  2.6217e-04 
4.7394e-01     1.1414e-01  2.9169e-03     5.4093e-02  1.3824e-03     1.7481e-02  4.5129e-04     8.2847e-03  2.1388e-04 
5.3176e-01     1.1995e-01  2.9748e-03     6.3786e-02  1.5819e-03     2.0613e-02  5.1672e-04     1.0961e-02  2.7477e-04 
5.9665e-01     1.2385e-01  5.1941e-03     7.3897e-02  3.0991e-03     2.3880e-02  1.0053e-03     1.4248e-02  5.9980e-04 
6.6945e-01     1.4110e-01  4.5102e-03     9.4460e-02  3.0194e-03     3.0525e-02  9.8208e-04     2.0435e-02  6.5745e-04 
7.5114e-01     1.5191e-01  4.8980e-03     1.1411e-01  3.6790e-03     3.6874e-02  1.1965e-03     2.7698e-02  8.9874e-04 
8.4279e-01     1.6069e-01  7.0119e-03     1.3543e-01  5.9095e-03     4.3765e-02  1.9164e-03     3.6885e-02  1.6151e-03 
9.4563e-01     1.6563e-01  3.3874e-03     1.5662e-01  3.2032e-03     5.0613e-02  1.0515e-03     4.7861e-02  9.9434e-04 
1.0610e+00     1.8262e-01  5.9209e-03     1.9377e-01  6.2821e-03     6.2617e-02  2.0430e-03     6.6437e-02  2.1676e-03 
1.1905e+00     1.9722e-01  3.0197e-03     2.3479e-01  3.5948e-03     7.5874e-02  1.1943e-03     9.0325e-02  1.4218e-03 
1.3357e+00     2.0837e-01  3.4308e-03     2.7833e-01  4.5826e-03     8.9943e-02  1.5169e-03     1.2014e-01  2.0262e-03 
1.4987e+00     2.1998e-01  5.9346e-03     3.2969e-01  8.8943e-03     1.0654e-01  2.9005e-03     1.5968e-01  4.3470e-03 
1.6816e+00     2.3110e-01  1.5096e-03     3.8861e-01  2.5386e-03     1.2558e-01  9.3994e-04     2.1118e-01  1.5806e-03 
1.8868e+00     2.3705e-01  2.2790e-03     4.4726e-01  4.2999e-03     1.4453e-01  1.4865e-03     2.7270e-01  2.8047e-03 
2.1170e+00     2.4845e-01  2.8881e-03     5.2598e-01  6.1141e-03     1.6997e-01  2.0711e-03     3.5983e-01  4.3845e-03 
2.3753e+00     2.4357e-01  2.8942e-03     5.7855e-01  6.8747e-03     1.8696e-01  2.3242e-03     4.4409e-01  5.5208e-03 
2.6651e+00     2.3336e-01  4.7298e-03     6.2193e-01  1.2605e-02     2.0098e-01  4.1392e-03     5.3564e-01  1.1031e-02 
2.9903e+00     2.1400e-01  4.0131e-03     6.3993e-01  1.2001e-02     2.0680e-01  3.9510e-03     6.1839e-01  1.1815e-02 
3.3552e+00     1.8720e-01  1.7706e-03     6.2809e-01  5.9407e-03     2.0297e-01  2.0580e-03     6.8101e-01  6.9051e-03 
3.7646e+00     1.5466e-01  1.6625e-03     5.8222e-01  6.2586e-03     1.8815e-01  2.1361e-03     7.0830e-01  8.0417e-03 
4.2240e+00     1.2767e-01  8.1747e-04     5.3926e-01  3.4530e-03     1.7426e-01  1.2847e-03     7.3608e-01  5.4266e-03 
4.7394e+00     9.7555e-02  5.8025e-04     4.6235e-01  2.7500e-03     1.4941e-01  1.0430e-03     7.0811e-01  4.9429e-03 
5.3176e+00     7.0872e-02  1.1813e-03     3.7687e-01  6.2819e-03     1.2179e-01  2.0782e-03     6.4763e-01  1.1051e-02 
5.9665e+00     4.8084e-02  5.9903e-04     2.8689e-01  3.5741e-03     9.2711e-02  1.2036e-03     5.5316e-01  7.1815e-03 
6.6945e+00     3.2157e-02  6.0369e-04     2.1527e-01  4.0414e-03     6.9567e-02  1.3305e-03     4.6572e-01  8.9071e-03 
7.5114e+00     1.9502e-02  3.3715e-04     1.4648e-01  2.5325e-03     4.7337e-02  8.3646e-04     3.5557e-01  6.2830e-03 
8.4279e+00     1.1715e-02  2.4266e-04     9.8730e-02  2.0451e-03     3.1905e-02  6.7109e-04     2.6889e-01  5.6559e-03 
9.4563e+00     6.9337e-03  2.2190e-04     6.5567e-02  2.0984e-03     2.1188e-02  6.8250e-04     2.0036e-01  6.4539e-03 
1.0610e+01     3.5923e-03  2.4742e-04     3.8114e-02  2.6252e-03     1.2317e-02  8.4953e-04     1.3068e-01  9.0136e-03 
1.1905e+01     1.9826e-03  1.1778e-04     2.3602e-02  1.4022e-03     7.6271e-03  4.5398e-04     9.0799e-02  5.4045e-03 
1.3357e+01     8.0210e-04  1.2338e-04     1.0714e-02  1.6480e-03     3.4623e-03  5.3271e-04     4.6247e-02  7.1156e-03 
1.4987e+01     2.9539e-04  4.2983e-05     4.4270e-03  6.4420e-04     1.4306e-03  2.0824e-04     2.1441e-02  3.1210e-03 
1.6816e+01     8.8793e-05  2.9828e-05     1.4931e-03  5.0158e-04     4.8252e-04  1.6210e-04     8.1139e-03  2.7258e-03 
1.8868e+01     9.7186e-06  3.3649e-06     1.8337e-04  6.3488e-05     5.9256e-05  2.0518e-05     1.1180e-03  3.8712e-04 
2.1170e+01     8.6617e-06  3.8074e-06     1.8337e-04  8.0603e-05     5.9256e-05  2.6048e-05     1.2545e-03  5.5144e-04 
2.3753e+01     1.1028e-06  5.1769e-07     2.6195e-05  1.2297e-05     8.4652e-06  3.9739e-06     2.0107e-04  9.4392e-05 
2.6651e+01     0.0000e+00  0.0000e+00     0.0000e+00  0.0000e+00     0.0000e+00  0.0000e+00     0.0000e+00  0.0000e+00 
2.9903e+01     0.0000e+00  0.0000e+00     0.0000e+00  0.0000e+00     0.0000e+00  0.0000e+00     0.0000e+00  0.0000e+00 
3.3552e+01     0.0000e+00  0.0000e+00     0.0000e+00  0.0000e+00     0.0000e+00  0.0000e+00     0.0000e+00  0.0000e+00 
3.7646e+01     0.0000e+00  0.0000e+00     0.0000e+00  0.0000e+00     0.0000e+00  0.0000e+00     0.0000e+00  0.0000e+00 
4.2240e+01     0.0000e+00  0.0000e+00     0.0000e+00  0.0000e+00     0.0000e+00  0.0000e+00     0.0000e+00  0.0000e+00 
4.7394e+01     5.5272e-07  1.2967e-07     2.6195e-05  6.1457e-06     8.4652e-06  1.9863e-06     4.0120e-04  9.4136e-05 
5.3176e+01     0.0000e+00  0.0000e+00     0.0000e+00  0.0000e+00     0.0000e+00  0.0000e+00     0.0000e+00  0.0000e+00 
5.9665e+01     0.0000e+00  0.0000e+00     0.0000e+00  0.0000e+00     0.0000e+00  0.0000e+00     0.0000e+00  0.0000e+00 
6.6945e+01     0.0000e+00  0.0000e+00     0.0000e+00  0.0000e+00     0.0000e+00  0.0000e+00     0.0000e+00  0.0000e+00 
7.5114e+01     0.0000e+00  0.0000e+00     0.0000e+00  0.0000e+00     0.0000e+00  0.0000e+00     0.0000e+00  0.0000e+00 
8.4279e+01     0.0000e+00  0.0000e+00     0.0000e+00  0.0000e+00     0.0000e+00  0.0000e+00     0.0000e+00  0.0000e+00 
9.4563e+01     0.0000e+00  0.0000e+00     0.0000e+00  0.0000e+00     0.0000e+00  0.0000e+00     0.0000e+00  0.0000e+00 
1.0610e+02     2.4689e-07  1.0625e-07     2.6195e-05  1.1273e-05     8.4652e-06  3.6432e-06     8.9816e-04  3.8655e-04 
1.1905e+02     0.0000e+00  0.0000e+00     0.0000e+00  0.0000e+00     0.0000e+00  0.0000e+00     0.0000e+00  0.0000e+00 
1.3357e+02     0.0000e+00  0.0000e+00     0.0000e+00  0.0000e+00     0.0000e+00  0.0000e+00     0.0000e+00  0.0000e+00 
1.4987e+02     0.0000e+00  0.0000e+00     0.0000e+00  0.0000e+00     0.0000e+00  0.0000e+00     0.0000e+00  0.0000e+00 
1.6816e+02     0.0000e+00  0.0000e+00     0.0000e+00  0.0000e+00     0.0000e+00  0.0000e+00     0.0000e+00  0.0000e+00 
1.8868e+02     0.0000e+00  0.0000e+00     0.0000e+00  0.0000e+00     0.0000e+00  0.0000e+00     0.0000e+00  0.0000e+00 
2.1170e+02     0.0000e+00  0.0000e+00     0.0000e+00  0.0000e+00     0.0000e+00  0.0000e+00     0.0000e+00  0.0000e+00 
2.3753e+02     0.0000e+00  0.0000e+00     0.0000e+00  0.0000e+00     0.0000e+00  0.0000e+00     0.0000e+00  0.0000e+00 
2.6651e+02     0.0000e+00  0.0000e+00     0.0000e+00  0.0000e+00     0.0000e+00  0.0000e+00     0.0000e+00  0.0000e+00 
2.9903e+02     0.0000e+00  0.0000e+00     0.0000e+00  0.0000e+00     0.0000e+00  0.0000e+00     0.0000e+00  0.0000e+00 
3.3552e+02     0.0000e+00  0.0000e+00     0.0000e+00  0.0000e+00     0.0000e+00  0.0000e+00     0.0000e+00  0.0000e+00 
3.7646e+02     0.0000e+00  0.0000e+00     0.0000e+00  0.0000e+00     0.0000e+00  0.0000e+00     0.0000e+00  0.0000e+00 
4.2240e+02     0.0000e+00  0.0000e+00     0.0000e+00  0.0000e+00     0.0000e+00  0.0000e+00     0.0000e+00  0.0000e+00 
4.7394e+02     0.0000e+00  0.0000e+00     0.0000e+00  0.0000e+00     0.0000e+00  0.0000e+00     0.0000e+00  0.0000e+00 
5.3176e+02     0.0000e+00  0.0000e+00     0.0000e+00  0.0000e+00     0.0000e+00  0.0000e+00     0.0000e+00  0.0000e+00 
5.9665e+02     0.0000e+00  0.0000e+00     0.0000e+00  0.0000e+00     0.0000e+00  0.0000e+00     0.0000e+00  0.0000e+00 
6.6945e+02     0.0000e+00  0.0000e+00     0.0000e+00  0.0000e+00     0.0000e+00  0.0000e+00     0.0000e+00  0.0000e+00 
7.5114e+02     0.0000e+00  0.0000e+00     0.0000e+00  0.0000e+00     0.0000e+00  0.0000e+00     0.0000e+00  0.0000e+00 
8.4279e+02     0.0000e+00  0.0000e+00     0.0000e+00  0.0000e+00     0.0000e+00  0.0000e+00     0.0000e+00  0.0000e+00 
9.4563e+02     0.0000e+00  0.0000e+00     0.0000e+00  0.0000e+00     0.0000e+00  0.0000e+00     0.0000e+00  0.0000e+00 
1.0610e+03     0.0000e+00  0.0000e+00     0.0000e+00  0.0000e+00     0.0000e+00  0.0000e+00     0.0000e+00  0.0000e+00 
1.1905e+03     0.0000e+00  0.0000e+00     0.0000e+00  0.0000e+00     0.0000e+00  0.0000e+00     0.0000e+00  0.0000e+00 
1.3357e+03     0.0000e+00  0.0000e+00     0.0000e+00  0.0000e+00     0.0000e+00  0.0000e+00     0.0000e+00  0.0000e+00 
1.4987e+03     0.0000e+00  0.0000e+00     0.0000e+00  0.0000e+00     0.0000e+00  0.0000e+00     0.0000e+00  0.0000e+00 
1.6816e+03     0.0000e+00  0.0000e+00     0.0000e+00  0.0000e+00     0.0000e+00  0.0000e+00     0.0000e+00  0.0000e+00 
1.8868e+03     0.0000e+00  0.0000e+00     0.0000e+00  0.0000e+00     0.0000e+00  0.0000e+00     0.0000e+00  0.0000e+00 
2.1170e+03     0.0000e+00  0.0000e+00     0.0000e+00  0.0000e+00     0.0000e+00  0.0000e+00     0.0000e+00  0.0000e+00 
2.3753e+03     0.0000e+00  0.0000e+00     0.0000e+00  0.0000e+00     0.0000e+00  0.0000e+00     0.0000e+00  0.0000e+00 
2.6651e+03     0.0000e+00  0.0000e+00     0.0000e+00  0.0000e+00     0.0000e+00  0.0000e+00     0.0000e+00  0.0000e+00 
2.9903e+03     0.0000e+00  0.0000e+00     0.0000e+00  0.0000e+00     0.0000e+00  0.0000e+00     0.0000e+00  0.0000e+00 
3.3552e+03     0.0000e+00  0.0000e+00     0.0000e+00  0.0000e+00     0.0000e+00  0.0000e+00     0.0000e+00  0.0000e+00 
3.7646e+03     0.0000e+00  0.0000e+00     0.0000e+00  0.0000e+00     0.0000e+00  0.0000e+00     0.0000e+00  0.0000e+00 
4.2240e+03     0.0000e+00  0.0000e+00     0.0000e+00  0.0000e+00     0.0000e+00  0.0000e+00     0.0000e+00  0.0000e+00 
4.7394e+03     0.0000e+00  0.0000e+00     0.0000e+00  0.0000e+00     0.0000e+00  0.0000e+00     0.0000e+00  0.0000e+00 
5.3176e+03     0.0000e+00  0.0000e+00     0.0000e+00  0.0000e+00     0.0000e+00  0.0000e+00     0.0000e+00  0.0000e+00 
5.9665e+03     0.0000e+00  0.0000e+00     0.0000e+00  0.0000e+00     0.0000e+00  0.0000e+00     0.0000e+00  0.0000e+00 
6.6945e+03     0.0000e+00  0.0000e+00     0.0000e+00  0.0000e+00     0.0000e+00  0.0000e+00     0.0000e+00  0.0000e+00 
7.5114e+03     0.0000e+00  0.0000e+00     0.0000e+00  0.0000e+00     0.0000e+00  0.0000e+00     0.0000e+00  0.0000e+00 
8.4279e+03     0.0000e+00  0.0000e+00     0.0000e+00  0.0000e+00     0.0000e+00  0.0000e+00     0.0000e+00  0.0000e+00 
9.4563e+03     0.0000e+00  0.0000e+00     0.0000e+00  0.0000e+00     0.0000e+00  0.0000e+00     0.0000e+00  0.0000e+00 
