yF = 2.2536e+00 (std: 1.0010e-02) keV/um
yD = 3.9121e+00 (std: 1.0903e-01) keV/um
y (keV/um)     f(y)(std)                  yf(y)(std)                 d(y)(std)                  yd(y)(std)  
1.0610e-01     6.8849e-01  2.4714e-02     7.3050e-02  2.6222e-03     3.2415e-02  1.1724e-03     3.4392e-03  1.2439e-04 
1.1905e-01     1.0356e-01  8.4624e-03     1.2328e-02  1.0074e-03     5.4704e-03  4.4769e-04     6.5123e-04  5.3296e-05 
1.3357e-01     1.1056e-01  4.4784e-03     1.4767e-02  5.9820e-04     6.5528e-03  2.6703e-04     8.7528e-04  3.5668e-05 
1.4987e-01     1.1428e-01  7.8671e-03     1.7128e-02  1.1791e-03     7.6003e-03  5.2427e-04     1.1391e-03  7.8574e-05 
1.6816e-01     1.3009e-01  1.4864e-02     2.1876e-02  2.4994e-03     9.7070e-03  1.1099e-03     1.6323e-03  1.8664e-04 
1.8868e-01     1.3151e-01  1.1227e-02     2.4813e-02  2.1183e-03     1.1011e-02  9.4124e-04     2.0774e-03  1.7759e-04 
2.1170e-01     1.3406e-01  7.4923e-03     2.8381e-02  1.5861e-03     1.2593e-02  7.0604e-04     2.6660e-03  1.4947e-04 
2.3753e-01     1.4499e-01  9.6735e-03     3.4440e-02  2.2978e-03     1.5282e-02  1.0219e-03     3.6300e-03  2.4272e-04 
2.6651e-01     1.5767e-01  1.0022e-02     4.2020e-02  2.6710e-03     1.8646e-02  1.1881e-03     4.9694e-03  3.1665e-04 
2.9903e-01     1.6999e-01  6.4365e-03     5.0833e-02  1.9247e-03     2.2557e-02  8.5993e-04     6.7451e-03  2.5715e-04 
3.3552e-01     1.7074e-01  2.9455e-03     5.7286e-02  9.8828e-04     2.5420e-02  4.5284e-04     8.5288e-03  1.5194e-04 
3.7646e-01     1.8394e-01  2.7415e-03     6.9247e-02  1.0321e-03     3.0727e-02  4.7787e-04     1.1568e-02  1.7990e-04 
4.2240e-01     2.0306e-01  4.2224e-03     8.5771e-02  1.7835e-03     3.8060e-02  8.0927e-04     1.6076e-02  3.4183e-04 
4.7394e-01     2.0998e-01  1.1823e-02     9.9516e-02  5.6033e-03     4.4159e-02  2.4941e-03     2.0928e-02  1.1820e-03 
5.3176e-01     2.2483e-01  3.9941e-03     1.1956e-01  2.1239e-03     5.3051e-02  9.7147e-04     2.8211e-02  5.1659e-04 
5.9665e-01     2.4328e-01  4.7459e-03     1.4516e-01  2.8316e-03     6.4411e-02  1.2887e-03     3.8431e-02  7.6888e-04 
6.6945e-01     2.6145e-01  4.8273e-03     1.7503e-01  3.2316e-03     7.7668e-02  1.4749e-03     5.1995e-02  9.8738e-04 
7.5114e-01     2.7182e-01  7.4428e-03     2.0417e-01  5.5906e-03     9.0599e-02  2.5132e-03     6.8052e-02  1.8877e-03 
8.4279e-01     2.9112e-01  3.4248e-03     2.4535e-01  2.8864e-03     1.0887e-01  1.3691e-03     9.1756e-02  1.1538e-03 
9.4563e-01     3.0745e-01  4.5733e-03     2.9073e-01  4.3246e-03     1.2901e-01  2.0027e-03     1.2199e-01  1.8938e-03 
1.0610e+00     3.2605e-01  4.3401e-03     3.4594e-01  4.6048e-03     1.5351e-01  2.1541e-03     1.6287e-01  2.2855e-03 
1.1905e+00     3.3305e-01  6.2331e-03     3.9649e-01  7.4203e-03     1.7594e-01  3.3841e-03     2.0945e-01  4.0287e-03 
1.3357e+00     3.4088e-01  5.4622e-03     4.5532e-01  7.2961e-03     2.0204e-01  3.3596e-03     2.6987e-01  4.4876e-03 
1.4987e+00     3.4208e-01  3.1269e-03     5.1269e-01  4.6864e-03     2.2750e-01  2.3120e-03     3.4095e-01  3.4651e-03 
1.6816e+00     3.3174e-01  2.6067e-03     5.5785e-01  4.3834e-03     2.4754e-01  2.2343e-03     4.1626e-01  3.7572e-03 
1.8868e+00     3.1096e-01  2.6973e-03     5.8671e-01  5.0891e-03     2.6034e-01  2.5371e-03     4.9121e-01  4.7869e-03 
2.1170e+00     2.7532e-01  2.6456e-03     5.8285e-01  5.6006e-03     2.5863e-01  2.7379e-03     5.4752e-01  5.7961e-03 
2.3753e+00     2.3678e-01  2.3311e-03     5.6242e-01  5.5371e-03     2.4956e-01  2.6955e-03     5.9279e-01  6.4027e-03 
2.6651e+00     1.9304e-01  4.4643e-03     5.1447e-01  1.1898e-02     2.2829e-01  5.3760e-03     6.0842e-01  1.4328e-02 
2.9903e+00     1.6173e-01  1.3686e-03     4.8362e-01  4.0925e-03     2.1460e-01  2.0510e-03     6.4173e-01  6.1330e-03 
3.3552e+00     1.3028e-01  2.0388e-03     4.3712e-01  6.8405e-03     1.9397e-01  3.1553e-03     6.5079e-01  1.0587e-02 
3.7646e+00     1.0002e-01  1.1580e-03     3.7653e-01  4.3594e-03     1.6708e-01  2.0719e-03     6.2899e-01  7.7998e-03 
4.2240e+00     7.1959e-02  2.8602e-03     3.0395e-01  1.2081e-02     1.3487e-01  5.3943e-03     5.6970e-01  2.2785e-02 
4.7394e+00     4.9196e-02  7.9800e-04     2.3316e-01  3.7820e-03     1.0346e-01  1.7400e-03     4.9033e-01  8.2464e-03 
5.3176e+00     3.2555e-02  6.7865e-04     1.7312e-01  3.6088e-03     7.6818e-02  1.6373e-03     4.0849e-01  8.7066e-03 
5.9665e+00     2.1066e-02  5.3293e-04     1.2569e-01  3.1797e-03     5.5774e-02  1.4326e-03     3.3278e-01  8.5473e-03 
6.6945e+00     1.2918e-02  4.1644e-04     8.6480e-02  2.7879e-03     3.8374e-02  1.2488e-03     2.5690e-01  8.3599e-03 
7.5114e+00     7.9304e-03  3.0796e-04     5.9568e-02  2.3132e-03     2.6432e-02  1.0331e-03     1.9854e-01  7.7603e-03 
8.4279e+00     4.6653e-03  1.9757e-04     3.9318e-02  1.6651e-03     1.7447e-02  7.4290e-04     1.4704e-01  6.2611e-03 
9.4563e+00     2.5907e-03  1.2846e-04     2.4499e-02  1.2147e-03     1.0871e-02  5.4117e-04     1.0280e-01  5.1174e-03 
1.0610e+01     1.3572e-03  6.3596e-05     1.4400e-02  6.7476e-04     6.3898e-03  3.0076e-04     6.7797e-02  3.1911e-03 
1.1905e+01     5.9930e-04  5.0722e-05     7.1345e-03  6.0383e-04     3.1658e-03  2.6831e-04     3.7688e-02  3.1942e-03 
1.3357e+01     2.0422e-04  3.0702e-05     2.7279e-03  4.1010e-04     1.2105e-03  1.8206e-04     1.6169e-02  2.4318e-03 
1.4987e+01     8.7507e-05  2.6320e-05     1.3115e-03  3.9446e-04     5.8195e-04  1.7506e-04     8.7218e-03  2.6236e-03 
1.6816e+01     2.6517e-05  2.3905e-05     4.4591e-04  4.0199e-04     1.9786e-04  1.7838e-04     3.3273e-03  2.9996e-03 
1.8868e+01     6.9510e-06  3.3362e-06     1.3115e-04  6.2946e-05     5.8195e-05  2.7933e-05     1.0980e-03  5.2702e-04 
2.1170e+01     1.2390e-06  1.0178e-06     2.6230e-05  2.1546e-05     1.1639e-05  9.5609e-06     2.4640e-04  2.0240e-04 
2.3753e+01     0.0000e+00  0.0000e+00     0.0000e+00  0.0000e+00     0.0000e+00  0.0000e+00     0.0000e+00  0.0000e+00 
2.6651e+01     0.0000e+00  0.0000e+00     0.0000e+00  0.0000e+00     0.0000e+00  0.0000e+00     0.0000e+00  0.0000e+00 
2.9903e+01     0.0000e+00  0.0000e+00     0.0000e+00  0.0000e+00     0.0000e+00  0.0000e+00     0.0000e+00  0.0000e+00 
3.3552e+01     0.0000e+00  0.0000e+00     0.0000e+00  0.0000e+00     0.0000e+00  0.0000e+00     0.0000e+00  0.0000e+00 
3.7646e+01     0.0000e+00  0.0000e+00     0.0000e+00  0.0000e+00     0.0000e+00  0.0000e+00     0.0000e+00  0.0000e+00 
4.2240e+01     0.0000e+00  0.0000e+00     0.0000e+00  0.0000e+00     0.0000e+00  0.0000e+00     0.0000e+00  0.0000e+00 
4.7394e+01     0.0000e+00  0.0000e+00     0.0000e+00  0.0000e+00     0.0000e+00  0.0000e+00     0.0000e+00  0.0000e+00 
5.3176e+01     0.0000e+00  0.0000e+00     0.0000e+00  0.0000e+00     0.0000e+00  0.0000e+00     0.0000e+00  0.0000e+00 
5.9665e+01     4.3962e-07  9.8329e-08     2.6230e-05  5.8668e-06     1.1639e-05  2.6038e-06     6.9444e-04  1.5536e-04 
6.6945e+01     0.0000e+00  0.0000e+00     0.0000e+00  0.0000e+00     0.0000e+00  0.0000e+00     0.0000e+00  0.0000e+00 
7.5114e+01     0.0000e+00  0.0000e+00     0.0000e+00  0.0000e+00     0.0000e+00  0.0000e+00     0.0000e+00  0.0000e+00 
8.4279e+01     0.0000e+00  0.0000e+00     0.0000e+00  0.0000e+00     0.0000e+00  0.0000e+00     0.0000e+00  0.0000e+00 
9.4563e+01     0.0000e+00  0.0000e+00     0.0000e+00  0.0000e+00     0.0000e+00  0.0000e+00     0.0000e+00  0.0000e+00 
1.0610e+02     0.0000e+00  0.0000e+00     0.0000e+00  0.0000e+00     0.0000e+00  0.0000e+00     0.0000e+00  0.0000e+00 
1.1905e+02     0.0000e+00  0.0000e+00     0.0000e+00  0.0000e+00     0.0000e+00  0.0000e+00     0.0000e+00  0.0000e+00 
1.3357e+02     0.0000e+00  0.0000e+00     0.0000e+00  0.0000e+00     0.0000e+00  0.0000e+00     0.0000e+00  0.0000e+00 
1.4987e+02     0.0000e+00  0.0000e+00     0.0000e+00  0.0000e+00     0.0000e+00  0.0000e+00     0.0000e+00  0.0000e+00 
1.6816e+02     0.0000e+00  0.0000e+00     0.0000e+00  0.0000e+00     0.0000e+00  0.0000e+00     0.0000e+00  0.0000e+00 
1.8868e+02     0.0000e+00  0.0000e+00     0.0000e+00  0.0000e+00     0.0000e+00  0.0000e+00     0.0000e+00  0.0000e+00 
2.1170e+02     0.0000e+00  0.0000e+00     0.0000e+00  0.0000e+00     0.0000e+00  0.0000e+00     0.0000e+00  0.0000e+00 
2.3753e+02     0.0000e+00  0.0000e+00     0.0000e+00  0.0000e+00     0.0000e+00  0.0000e+00     0.0000e+00  0.0000e+00 
2.6651e+02     0.0000e+00  0.0000e+00     0.0000e+00  0.0000e+00     0.0000e+00  0.0000e+00     0.0000e+00  0.0000e+00 
2.9903e+02     0.0000e+00  0.0000e+00     0.0000e+00  0.0000e+00     0.0000e+00  0.0000e+00     0.0000e+00  0.0000e+00 
3.3552e+02     0.0000e+00  0.0000e+00     0.0000e+00  0.0000e+00     0.0000e+00  0.0000e+00     0.0000e+00  0.0000e+00 
3.7646e+02     0.0000e+00  0.0000e+00     0.0000e+00  0.0000e+00     0.0000e+00  0.0000e+00     0.0000e+00  0.0000e+00 
4.2240e+02     0.0000e+00  0.0000e+00     0.0000e+00  0.0000e+00     0.0000e+00  0.0000e+00     0.0000e+00  0.0000e+00 
4.7394e+02     0.0000e+00  0.0000e+00     0.0000e+00  0.0000e+00     0.0000e+00  0.0000e+00     0.0000e+00  0.0000e+00 
5.3176e+02     0.0000e+00  0.0000e+00     0.0000e+00  0.0000e+00     0.0000e+00  0.0000e+00     0.0000e+00  0.0000e+00 
5.9665e+02     4.3962e-08  9.8329e-09     2.6230e-05  5.8668e-06     1.1639e-05  2.6038e-06     6.9444e-03  1.5536e-03 
6.6945e+02     0.0000e+00  0.0000e+00     0.0000e+00  0.0000e+00     0.0000e+00  0.0000e+00     0.0000e+00  0.0000e+00 
7.5114e+02     0.0000e+00  0.0000e+00     0.0000e+00  0.0000e+00     0.0000e+00  0.0000e+00     0.0000e+00  0.0000e+00 
8.4279e+02     0.0000e+00  0.0000e+00     0.0000e+00  0.0000e+00     0.0000e+00  0.0000e+00     0.0000e+00  0.0000e+00 
9.4563e+02     0.0000e+00  0.0000e+00     0.0000e+00  0.0000e+00     0.0000e+00  0.0000e+00     0.0000e+00  0.0000e+00 
1.0610e+03     0.0000e+00  0.0000e+00     0.0000e+00  0.0000e+00     0.0000e+00  0.0000e+00     0.0000e+00  0.0000e+00 
1.1905e+03     0.0000e+00  0.0000e+00     0.0000e+00  0.0000e+00     0.0000e+00  0.0000e+00     0.0000e+00  0.0000e+00 
1.3357e+03     0.0000e+00  0.0000e+00     0.0000e+00  0.0000e+00     0.0000e+00  0.0000e+00     0.0000e+00  0.0000e+00 
1.4987e+03     0.0000e+00  0.0000e+00     0.0000e+00  0.0000e+00     0.0000e+00  0.0000e+00     0.0000e+00  0.0000e+00 
1.6816e+03     0.0000e+00  0.0000e+00     0.0000e+00  0.0000e+00     0.0000e+00  0.0000e+00     0.0000e+00  0.0000e+00 
1.8868e+03     0.0000e+00  0.0000e+00     0.0000e+00  0.0000e+00     0.0000e+00  0.0000e+00     0.0000e+00  0.0000e+00 
2.1170e+03     0.0000e+00  0.0000e+00     0.0000e+00  0.0000e+00     0.0000e+00  0.0000e+00     0.0000e+00  0.0000e+00 
2.3753e+03     0.0000e+00  0.0000e+00     0.0000e+00  0.0000e+00     0.0000e+00  0.0000e+00     0.0000e+00  0.0000e+00 
2.6651e+03     0.0000e+00  0.0000e+00     0.0000e+00  0.0000e+00     0.0000e+00  0.0000e+00     0.0000e+00  0.0000e+00 
2.9903e+03     0.0000e+00  0.0000e+00     0.0000e+00  0.0000e+00     0.0000e+00  0.0000e+00     0.0000e+00  0.0000e+00 
3.3552e+03     0.0000e+00  0.0000e+00     0.0000e+00  0.0000e+00     0.0000e+00  0.0000e+00     0.0000e+00  0.0000e+00 
3.7646e+03     0.0000e+00  0.0000e+00     0.0000e+00  0.0000e+00     0.0000e+00  0.0000e+00     0.0000e+00  0.0000e+00 
4.2240e+03     0.0000e+00  0.0000e+00     0.0000e+00  0.0000e+00     0.0000e+00  0.0000e+00     0.0000e+00  0.0000e+00 
4.7394e+03     0.0000e+00  0.0000e+00     0.0000e+00  0.0000e+00     0.0000e+00  0.0000e+00     0.0000e+00  0.0000e+00 
5.3176e+03     0.0000e+00  0.0000e+00     0.0000e+00  0.0000e+00     0.0000e+00  0.0000e+00     0.0000e+00  0.0000e+00 
5.9665e+03     0.0000e+00  0.0000e+00     0.0000e+00  0.0000e+00     0.0000e+00  0.0000e+00     0.0000e+00  0.0000e+00 
6.6945e+03     0.0000e+00  0.0000e+00     0.0000e+00  0.0000e+00     0.0000e+00  0.0000e+00     0.0000e+00  0.0000e+00 
7.5114e+03     0.0000e+00  0.0000e+00     0.0000e+00  0.0000e+00     0.0000e+00  0.0000e+00     0.0000e+00  0.0000e+00 
8.4279e+03     0.0000e+00  0.0000e+00     0.0000e+00  0.0000e+00     0.0000e+00  0.0000e+00     0.0000e+00  0.0000e+00 
9.4563e+03     0.0000e+00  0.0000e+00     0.0000e+00  0.0000e+00     0.0000e+00  0.0000e+00     0.0000e+00  0.0000e+00 
