yF = 3.4176e+00 (std: 1.4311e-02) keV/um
yD = 4.7971e+00 (std: 2.9988e-02) keV/um
y (keV/um)     f(y)(std)                  yf(y)(std)                 d(y)(std)                  yd(y)(std)  
1.0610e-01     3.1002e-01  1.8080e-02     3.2893e-02  1.9183e-03     9.6247e-03  5.6276e-04     1.0212e-03  5.9709e-05 
1.1905e-01     4.6198e-02  3.8390e-03     5.4997e-03  4.5702e-04     1.6092e-03  1.3390e-04     1.9157e-04  1.5940e-05 
1.3357e-01     4.6663e-02  7.1443e-03     6.2330e-03  9.5428e-04     1.8238e-03  2.7933e-04     2.4361e-04  3.7311e-05 
1.4987e-01     4.9452e-02  7.8068e-03     7.4115e-03  1.1700e-03     2.1686e-03  3.4247e-04     3.2502e-04  5.1327e-05 
1.6816e-01     5.7468e-02  5.8798e-03     9.6637e-03  9.8874e-04     2.8276e-03  2.8955e-04     4.7549e-04  4.8690e-05 
1.8868e-01     5.7187e-02  6.3478e-03     1.0790e-02  1.1977e-03     3.1572e-03  3.5070e-04     5.9568e-04  6.6169e-05 
2.1170e-01     5.5669e-02  8.0012e-03     1.1785e-02  1.6938e-03     3.4484e-03  4.9584e-04     7.3001e-04  1.0497e-04 
2.3753e-01     6.4058e-02  2.4448e-03     1.5216e-02  5.8072e-04     4.4522e-03  1.7094e-04     1.0575e-03  4.0604e-05 
2.6651e-01     6.9277e-02  3.2696e-03     1.8463e-02  8.7140e-04     5.4024e-03  2.5598e-04     1.4398e-03  6.8221e-05 
2.9903e-01     7.3479e-02  6.4401e-03     2.1973e-02  1.9258e-03     6.4293e-03  5.6414e-04     1.9226e-03  1.6870e-04 
3.3552e-01     7.5479e-02  7.2420e-03     2.5325e-02  2.4298e-03     7.4101e-03  7.1166e-04     2.4862e-03  2.3878e-04 
3.7646e-01     8.2714e-02  9.1674e-03     3.1139e-02  3.4512e-03     9.1113e-03  1.0105e-03     3.4300e-03  3.8043e-04 
4.2240e-01     8.3764e-02  3.4910e-03     3.5381e-02  1.4746e-03     1.0353e-02  4.3363e-04     4.3729e-03  1.8317e-04 
4.7394e-01     8.9574e-02  2.2065e-03     4.2452e-02  1.0458e-03     1.2422e-02  3.1038e-04     5.8871e-03  1.4710e-04 
5.3176e-01     9.9878e-02  2.8515e-03     5.3111e-02  1.5163e-03     1.5541e-02  4.4844e-04     8.2639e-03  2.3846e-04 
5.9665e-01     1.0359e-01  1.9229e-03     6.1806e-02  1.1473e-03     1.8085e-02  3.4414e-04     1.0790e-02  2.0533e-04 
6.6945e-01     1.1137e-01  4.1479e-03     7.4560e-02  2.7768e-03     2.1817e-02  8.1763e-04     1.4605e-02  5.4736e-04 
7.5114e-01     1.2472e-01  3.4377e-03     9.3678e-02  2.5822e-03     2.7411e-02  7.6422e-04     2.0589e-02  5.7404e-04 
8.4279e-01     1.3421e-01  3.4396e-03     1.1311e-01  2.8989e-03     3.3097e-02  8.5947e-04     2.7893e-02  7.2435e-04 
9.4563e-01     1.4027e-01  2.4869e-03     1.3265e-01  2.3517e-03     3.8813e-02  7.0705e-04     3.6703e-02  6.6860e-04 
1.0610e+00     1.5192e-01  6.0407e-03     1.6119e-01  6.4092e-03     4.7166e-02  1.8857e-03     5.0043e-02  2.0008e-03 
1.1905e+00     1.5789e-01  2.2788e-03     1.8796e-01  2.7128e-03     5.4997e-02  8.2651e-04     6.5473e-02  9.8393e-04 
1.3357e+00     1.7395e-01  2.4058e-03     2.3235e-01  3.2135e-03     6.7986e-02  9.8245e-04     9.0811e-02  1.3123e-03 
1.4987e+00     1.8769e-01  5.0061e-03     2.8130e-01  7.5027e-03     8.2308e-02  2.2222e-03     1.2336e-01  3.3305e-03 
1.6816e+00     1.9721e-01  1.9470e-03     3.3163e-01  3.2740e-03     9.7037e-02  1.0406e-03     1.6318e-01  1.7499e-03 
1.8868e+00     2.0326e-01  2.5214e-03     3.8351e-01  4.7573e-03     1.1222e-01  1.4692e-03     2.1173e-01  2.7720e-03 
2.1170e+00     2.1498e-01  2.1933e-03     4.5511e-01  4.6431e-03     1.3317e-01  1.4686e-03     2.8191e-01  3.1090e-03 
2.3753e+00     2.2609e-01  4.6015e-03     5.3703e-01  1.0930e-02     1.5714e-01  3.2652e-03     3.7325e-01  7.7558e-03 
2.6651e+00     2.2006e-01  1.6123e-03     5.8650e-01  4.2971e-03     1.7161e-01  1.4482e-03     4.5737e-01  3.8597e-03 
2.9903e+00     2.1648e-01  1.6047e-03     6.4734e-01  4.7985e-03     1.8941e-01  1.6126e-03     5.6641e-01  4.8222e-03 
3.3552e+00     1.9380e-01  1.8912e-03     6.5025e-01  6.3455e-03     1.9026e-01  2.0204e-03     6.3838e-01  6.7789e-03 
3.7646e+00     1.7001e-01  1.2277e-03     6.4001e-01  4.6219e-03     1.8727e-01  1.5633e-03     7.0499e-01  5.8852e-03 
4.2240e+00     1.4317e-01  1.9602e-03     6.0476e-01  8.2797e-03     1.7695e-01  2.5335e-03     7.4745e-01  1.0701e-02 
4.7394e+00     1.1578e-01  1.2393e-03     5.4871e-01  5.8737e-03     1.6056e-01  1.8455e-03     7.6093e-01  8.7464e-03 
5.3176e+00     8.6846e-02  2.2045e-03     4.6182e-01  1.1723e-02     1.3513e-01  3.4765e-03     7.1857e-01  1.8487e-02 
5.9665e+00     6.1631e-02  5.7051e-04     3.6772e-01  3.4039e-03     1.0760e-01  1.0932e-03     6.4197e-01  6.5224e-03 
6.6945e+00     4.1389e-02  1.2463e-03     2.7708e-01  8.3432e-03     8.1075e-02  2.4647e-03     5.4275e-01  1.6500e-02 
7.5114e+00     2.6505e-02  2.7435e-04     1.9909e-01  2.0607e-03     5.8254e-02  6.5045e-04     4.3757e-01  4.8858e-03 
8.4279e+00     1.6152e-02  3.4932e-04     1.3613e-01  2.9440e-03     3.9832e-02  8.7743e-04     3.3570e-01  7.3949e-03 
9.4563e+00     9.4938e-03  5.0998e-04     8.9776e-02  4.8225e-03     2.6269e-02  1.4154e-03     2.4840e-01  1.3384e-02 
1.0610e+01     5.2945e-03  1.7351e-04     5.6175e-02  1.8409e-03     1.6437e-02  5.4305e-04     1.7440e-01  5.7618e-03 
1.1905e+01     2.5497e-03  1.1119e-04     3.0353e-02  1.3237e-03     8.8814e-03  3.8909e-04     1.0573e-01  4.6320e-03 
1.3357e+01     1.1921e-03  4.2729e-05     1.5923e-02  5.7075e-04     4.6591e-03  1.6814e-04     6.2233e-02  2.2459e-03 
1.4987e+01     4.8404e-04  4.6681e-05     7.2544e-03  6.9961e-04     2.1227e-03  2.0490e-04     3.1812e-02  3.0709e-03 
1.6816e+01     1.4172e-04  3.7438e-05     2.3832e-03  6.2955e-04     6.9733e-04  1.8423e-04     1.1726e-02  3.0980e-03 
1.8868e+01     3.7477e-05  1.0872e-05     7.0710e-04  2.0514e-04     2.0690e-04  6.0030e-05     3.9037e-03  1.1326e-03 
2.1170e+01     8.6596e-06  4.1292e-06     1.8332e-04  8.7416e-05     5.3641e-05  2.5579e-05     1.1356e-03  5.4151e-04 
2.3753e+01     3.3077e-06  1.4706e-06     7.8567e-05  3.4931e-05     2.2989e-05  1.0221e-05     5.4606e-04  2.4279e-04 
2.6651e+01     0.0000e+00  0.0000e+00     0.0000e+00  0.0000e+00     0.0000e+00  0.0000e+00     0.0000e+00  0.0000e+00 
2.9903e+01     0.0000e+00  0.0000e+00     0.0000e+00  0.0000e+00     0.0000e+00  0.0000e+00     0.0000e+00  0.0000e+00 
3.3552e+01     0.0000e+00  0.0000e+00     0.0000e+00  0.0000e+00     0.0000e+00  0.0000e+00     0.0000e+00  0.0000e+00 
3.7646e+01     0.0000e+00  0.0000e+00     0.0000e+00  0.0000e+00     0.0000e+00  0.0000e+00     0.0000e+00  0.0000e+00 
4.2240e+01     0.0000e+00  0.0000e+00     0.0000e+00  0.0000e+00     0.0000e+00  0.0000e+00     0.0000e+00  0.0000e+00 
4.7394e+01     0.0000e+00  0.0000e+00     0.0000e+00  0.0000e+00     0.0000e+00  0.0000e+00     0.0000e+00  0.0000e+00 
5.3176e+01     0.0000e+00  0.0000e+00     0.0000e+00  0.0000e+00     0.0000e+00  0.0000e+00     0.0000e+00  0.0000e+00 
5.9665e+01     0.0000e+00  0.0000e+00     0.0000e+00  0.0000e+00     0.0000e+00  0.0000e+00     0.0000e+00  0.0000e+00 
6.6945e+01     0.0000e+00  0.0000e+00     0.0000e+00  0.0000e+00     0.0000e+00  0.0000e+00     0.0000e+00  0.0000e+00 
7.5114e+01     0.0000e+00  0.0000e+00     0.0000e+00  0.0000e+00     0.0000e+00  0.0000e+00     0.0000e+00  0.0000e+00 
8.4279e+01     0.0000e+00  0.0000e+00     0.0000e+00  0.0000e+00     0.0000e+00  0.0000e+00     0.0000e+00  0.0000e+00 
9.4563e+01     2.7695e-07  2.7702e-07     2.6189e-05  2.6196e-05     7.6630e-06  7.6651e-06     7.2463e-04  7.2483e-04 
1.0610e+02     0.0000e+00  0.0000e+00     0.0000e+00  0.0000e+00     0.0000e+00  0.0000e+00     0.0000e+00  0.0000e+00 
1.1905e+02     0.0000e+00  0.0000e+00     0.0000e+00  0.0000e+00     0.0000e+00  0.0000e+00     0.0000e+00  0.0000e+00 
1.3357e+02     0.0000e+00  0.0000e+00     0.0000e+00  0.0000e+00     0.0000e+00  0.0000e+00     0.0000e+00  0.0000e+00 
1.4987e+02     0.0000e+00  0.0000e+00     0.0000e+00  0.0000e+00     0.0000e+00  0.0000e+00     0.0000e+00  0.0000e+00 
1.6816e+02     0.0000e+00  0.0000e+00     0.0000e+00  0.0000e+00     0.0000e+00  0.0000e+00     0.0000e+00  0.0000e+00 
1.8868e+02     0.0000e+00  0.0000e+00     0.0000e+00  0.0000e+00     0.0000e+00  0.0000e+00     0.0000e+00  0.0000e+00 
2.1170e+02     0.0000e+00  0.0000e+00     0.0000e+00  0.0000e+00     0.0000e+00  0.0000e+00     0.0000e+00  0.0000e+00 
2.3753e+02     0.0000e+00  0.0000e+00     0.0000e+00  0.0000e+00     0.0000e+00  0.0000e+00     0.0000e+00  0.0000e+00 
2.6651e+02     0.0000e+00  0.0000e+00     0.0000e+00  0.0000e+00     0.0000e+00  0.0000e+00     0.0000e+00  0.0000e+00 
2.9903e+02     0.0000e+00  0.0000e+00     0.0000e+00  0.0000e+00     0.0000e+00  0.0000e+00     0.0000e+00  0.0000e+00 
3.3552e+02     0.0000e+00  0.0000e+00     0.0000e+00  0.0000e+00     0.0000e+00  0.0000e+00     0.0000e+00  0.0000e+00 
3.7646e+02     0.0000e+00  0.0000e+00     0.0000e+00  0.0000e+00     0.0000e+00  0.0000e+00     0.0000e+00  0.0000e+00 
4.2240e+02     0.0000e+00  0.0000e+00     0.0000e+00  0.0000e+00     0.0000e+00  0.0000e+00     0.0000e+00  0.0000e+00 
4.7394e+02     0.0000e+00  0.0000e+00     0.0000e+00  0.0000e+00     0.0000e+00  0.0000e+00     0.0000e+00  0.0000e+00 
5.3176e+02     0.0000e+00  0.0000e+00     0.0000e+00  0.0000e+00     0.0000e+00  0.0000e+00     0.0000e+00  0.0000e+00 
5.9665e+02     0.0000e+00  0.0000e+00     0.0000e+00  0.0000e+00     0.0000e+00  0.0000e+00     0.0000e+00  0.0000e+00 
6.6945e+02     0.0000e+00  0.0000e+00     0.0000e+00  0.0000e+00     0.0000e+00  0.0000e+00     0.0000e+00  0.0000e+00 
7.5114e+02     0.0000e+00  0.0000e+00     0.0000e+00  0.0000e+00     0.0000e+00  0.0000e+00     0.0000e+00  0.0000e+00 
8.4279e+02     0.0000e+00  0.0000e+00     0.0000e+00  0.0000e+00     0.0000e+00  0.0000e+00     0.0000e+00  0.0000e+00 
9.4563e+02     0.0000e+00  0.0000e+00     0.0000e+00  0.0000e+00     0.0000e+00  0.0000e+00     0.0000e+00  0.0000e+00 
1.0610e+03     0.0000e+00  0.0000e+00     0.0000e+00  0.0000e+00     0.0000e+00  0.0000e+00     0.0000e+00  0.0000e+00 
1.1905e+03     0.0000e+00  0.0000e+00     0.0000e+00  0.0000e+00     0.0000e+00  0.0000e+00     0.0000e+00  0.0000e+00 
1.3357e+03     0.0000e+00  0.0000e+00     0.0000e+00  0.0000e+00     0.0000e+00  0.0000e+00     0.0000e+00  0.0000e+00 
1.4987e+03     0.0000e+00  0.0000e+00     0.0000e+00  0.0000e+00     0.0000e+00  0.0000e+00     0.0000e+00  0.0000e+00 
1.6816e+03     0.0000e+00  0.0000e+00     0.0000e+00  0.0000e+00     0.0000e+00  0.0000e+00     0.0000e+00  0.0000e+00 
1.8868e+03     0.0000e+00  0.0000e+00     0.0000e+00  0.0000e+00     0.0000e+00  0.0000e+00     0.0000e+00  0.0000e+00 
2.1170e+03     0.0000e+00  0.0000e+00     0.0000e+00  0.0000e+00     0.0000e+00  0.0000e+00     0.0000e+00  0.0000e+00 
2.3753e+03     0.0000e+00  0.0000e+00     0.0000e+00  0.0000e+00     0.0000e+00  0.0000e+00     0.0000e+00  0.0000e+00 
2.6651e+03     0.0000e+00  0.0000e+00     0.0000e+00  0.0000e+00     0.0000e+00  0.0000e+00     0.0000e+00  0.0000e+00 
2.9903e+03     0.0000e+00  0.0000e+00     0.0000e+00  0.0000e+00     0.0000e+00  0.0000e+00     0.0000e+00  0.0000e+00 
3.3552e+03     0.0000e+00  0.0000e+00     0.0000e+00  0.0000e+00     0.0000e+00  0.0000e+00     0.0000e+00  0.0000e+00 
3.7646e+03     0.0000e+00  0.0000e+00     0.0000e+00  0.0000e+00     0.0000e+00  0.0000e+00     0.0000e+00  0.0000e+00 
4.2240e+03     0.0000e+00  0.0000e+00     0.0000e+00  0.0000e+00     0.0000e+00  0.0000e+00     0.0000e+00  0.0000e+00 
4.7394e+03     0.0000e+00  0.0000e+00     0.0000e+00  0.0000e+00     0.0000e+00  0.0000e+00     0.0000e+00  0.0000e+00 
5.3176e+03     0.0000e+00  0.0000e+00     0.0000e+00  0.0000e+00     0.0000e+00  0.0000e+00     0.0000e+00  0.0000e+00 
5.9665e+03     0.0000e+00  0.0000e+00     0.0000e+00  0.0000e+00     0.0000e+00  0.0000e+00     0.0000e+00  0.0000e+00 
6.6945e+03     0.0000e+00  0.0000e+00     0.0000e+00  0.0000e+00     0.0000e+00  0.0000e+00     0.0000e+00  0.0000e+00 
7.5114e+03     0.0000e+00  0.0000e+00     0.0000e+00  0.0000e+00     0.0000e+00  0.0000e+00     0.0000e+00  0.0000e+00 
8.4279e+03     0.0000e+00  0.0000e+00     0.0000e+00  0.0000e+00     0.0000e+00  0.0000e+00     0.0000e+00  0.0000e+00 
9.4563e+03     0.0000e+00  0.0000e+00     0.0000e+00  0.0000e+00     0.0000e+00  0.0000e+00     0.0000e+00  0.0000e+00 
