yF = 1.3852e+01 (std: 4.7309e-02) keV/um
yD = 1.6683e+01 (std: 6.9192e-02) keV/um
y (keV/um)     f(y)(std)                  yf(y)(std)                 d(y)(std)                  yd(y)(std)  
1.0610e-01     1.4793e-02  7.4352e-03     1.5695e-03  7.8889e-04     1.1331e-04  5.6952e-05     1.2022e-05  6.0427e-06 
1.1905e-01     3.9552e-03  1.4738e-03     4.7086e-04  1.7545e-04     3.3992e-05  1.2666e-05     4.0467e-06  1.5079e-06 
1.3357e-01     2.9376e-03  2.3198e-03     3.9238e-04  3.0986e-04     2.8327e-05  2.2370e-05     3.7837e-06  2.9880e-06 
1.4987e-01     4.0145e-03  2.9501e-03     6.0165e-04  4.4213e-04     4.3434e-05  3.1918e-05     6.5096e-06  4.7837e-06 
1.6816e-01     2.3334e-03  8.6120e-04     3.9238e-04  1.4482e-04     2.8327e-05  1.0455e-05     4.7634e-06  1.7581e-06 
1.8868e-01     3.0502e-03  6.3452e-04     5.7550e-04  1.1972e-04     4.1546e-05  8.6438e-06     7.8388e-06  1.6309e-06 
2.1170e-01     3.9541e-03  1.1556e-03     8.3708e-04  2.4464e-04     6.0430e-05  1.7662e-05     1.2793e-05  3.7390e-06 
2.3753e-01     2.7532e-03  6.6835e-04     6.5397e-04  1.5875e-04     4.7211e-05  1.1462e-05     1.1214e-05  2.7225e-06 
2.6651e-01     4.1224e-03  1.0310e-03     1.0987e-03  2.7477e-04     7.9315e-05  1.9838e-05     2.1138e-05  5.2872e-06 
2.9903e-01     4.0240e-03  7.5856e-04     1.2033e-03  2.2683e-04     8.6869e-05  1.6378e-05     2.5977e-05  4.8976e-06 
3.3552e-01     4.3660e-03  8.8672e-04     1.4649e-03  2.9751e-04     1.0575e-04  2.1481e-05     3.5482e-05  7.2073e-06 
3.7646e-01     5.7674e-03  1.1896e-03     2.1712e-03  4.4784e-04     1.5674e-04  3.2334e-05     5.9007e-05  1.2173e-05 
4.2240e-01     4.7686e-03  7.8615e-04     2.0142e-03  3.3207e-04     1.4541e-04  2.3977e-05     6.1421e-05  1.0128e-05 
4.7394e-01     5.2435e-03  6.9881e-04     2.4851e-03  3.3119e-04     1.7940e-04  2.3917e-05     8.5025e-05  1.1335e-05 
5.3176e-01     6.3459e-03  1.2586e-03     3.3745e-03  6.6927e-04     2.4361e-04  4.8323e-05     1.2954e-04  2.5696e-05 
5.9665e-01     6.7080e-03  1.0868e-03     4.0023e-03  6.4844e-04     2.8893e-04  4.6823e-05     1.7239e-04  2.7937e-05 
6.6945e-01     6.7209e-03  6.0589e-04     4.4993e-03  4.0561e-04     3.2481e-04  2.9303e-05     2.1745e-04  1.9617e-05 
7.5114e-01     7.1393e-03  1.0595e-03     5.3626e-03  7.9586e-04     3.8713e-04  5.7469e-05     2.9079e-04  4.3167e-05 
8.4279e-01     7.4803e-03  5.1629e-04     6.3043e-03  4.3512e-04     4.5512e-04  3.1450e-05     3.8357e-04  2.6506e-05 
9.4563e-01     8.0776e-03  1.3959e-03     7.6384e-03  1.3200e-03     5.5143e-04  9.5309e-05     5.2144e-04  9.0127e-05 
1.0610e+00     9.6647e-03  1.4596e-03     1.0254e-02  1.5486e-03     7.4027e-04  1.1183e-04     7.8544e-04  1.1865e-04 
1.1905e+00     1.0569e-02  4.8149e-04     1.2582e-02  5.7320e-04     9.0834e-04  4.1497e-05     1.0814e-03  4.9401e-05 
1.3357e+00     1.0556e-02  6.3205e-04     1.4100e-02  8.4425e-04     1.0179e-03  6.1047e-05     1.3596e-03  8.1542e-05 
1.4987e+00     1.1851e-02  5.7732e-04     1.7762e-02  8.6523e-04     1.2823e-03  6.2616e-05     1.9217e-03  9.3843e-05 
1.6816e+00     1.2974e-02  1.2327e-03     2.1817e-02  2.0729e-03     1.5750e-03  1.4975e-04     2.6484e-03  2.5181e-04 
1.8868e+00     1.4308e-02  4.1974e-04     2.6996e-02  7.9196e-04     1.9489e-03  5.7559e-05     3.6771e-03  1.0860e-04 
2.1170e+00     1.4729e-02  5.7464e-04     3.1181e-02  1.2165e-03     2.2510e-03  8.8158e-05     4.7654e-03  1.8663e-04 
2.3753e+00     1.6508e-02  7.8821e-04     3.9212e-02  1.8722e-03     2.8308e-03  1.3550e-04     6.7240e-03  3.2186e-04 
2.6651e+00     1.7785e-02  9.4436e-04     4.7400e-02  2.5169e-03     3.4219e-03  1.8207e-04     9.1197e-03  4.8524e-04 
2.9903e+00     1.9455e-02  8.5804e-04     5.8177e-02  2.5658e-03     4.1999e-03  1.8579e-04     1.2559e-02  5.5556e-04 
3.3552e+00     2.1565e-02  9.9647e-04     7.2356e-02  3.3434e-03     5.2235e-03  2.4202e-04     1.7526e-02  8.1203e-04 
3.7646e+00     2.3737e-02  5.9905e-04     8.9359e-02  2.2552e-03     6.4509e-03  1.6429e-04     2.4285e-02  6.1849e-04 
4.2240e+00     2.5837e-02  5.6932e-04     1.0913e-01  2.4048e-03     7.8786e-03  1.7568e-04     3.3279e-02  7.4205e-04 
4.7394e+00     2.7874e-02  3.8385e-04     1.3210e-01  1.8192e-03     9.5367e-03  1.3531e-04     4.5198e-02  6.4128e-04 
5.3176e+00     3.0396e-02  9.1300e-04     1.6164e-01  4.8550e-03     1.1669e-02  3.5275e-04     6.2050e-02  1.8758e-03 
5.9665e+00     3.3685e-02  6.4686e-04     2.0098e-01  3.8595e-03     1.4509e-02  2.8300e-04     8.6568e-02  1.6885e-03 
6.6945e+00     3.6688e-02  7.8003e-04     2.4561e-01  5.2219e-03     1.7731e-02  3.8181e-04     1.1870e-01  2.5560e-03 
7.5114e+00     4.0182e-02  7.0519e-04     3.0182e-01  5.2970e-03     2.1789e-02  3.8957e-04     1.6366e-01  2.9262e-03 
8.4279e+00     4.4500e-02  7.0946e-04     3.7504e-01  5.9793e-03     2.7075e-02  4.4145e-04     2.2818e-01  3.7205e-03 
9.4563e+00     4.7918e-02  6.3026e-04     4.5312e-01  5.9599e-03     3.2712e-02  4.4452e-04     3.0933e-01  4.2035e-03 
1.0610e+01     5.2628e-02  5.4295e-04     5.5839e-01  5.7607e-03     4.0311e-02  4.3807e-04     4.2770e-01  4.6480e-03 
1.1905e+01     5.7147e-02  1.0357e-03     6.8031e-01  1.2330e-02     4.9113e-02  9.0579e-04     5.8468e-01  1.0783e-02 
1.3357e+01     6.1699e-02  6.2921e-04     8.2414e-01  8.4045e-03     5.9496e-02  6.3985e-04     7.9470e-01  8.5467e-03 
1.4987e+01     6.1517e-02  5.9427e-04     9.2197e-01  8.9064e-03     6.6558e-02  6.8197e-04     9.9752e-01  1.0221e-02 
1.6816e+01     5.6982e-02  4.4049e-04     9.5820e-01  7.4072e-03     6.9174e-02  5.8460e-04     1.1632e+00  9.8306e-03 
1.8868e+01     4.5926e-02  3.2654e-04     8.6651e-01  6.1611e-03     6.2555e-02  4.9343e-04     1.1803e+00  9.3099e-03 
2.1170e+01     3.1764e-02  3.1410e-04     6.7244e-01  6.6494e-03     4.8545e-02  5.0785e-04     1.0277e+00  1.0751e-02 
2.3753e+01     1.7644e-02  3.7436e-04     4.1909e-01  8.8922e-03     3.0255e-02  6.5020e-04     7.1864e-01  1.5444e-02 
2.6651e+01     8.0043e-03  9.1585e-05     2.1333e-01  2.4409e-03     1.5400e-02  1.8389e-04     4.1044e-01  4.9009e-03 
2.9903e+01     2.7731e-03  6.4220e-05     8.2924e-02  1.9204e-03     5.9864e-03  1.4014e-04     1.7901e-01  4.1905e-03 
3.3552e+01     7.2741e-04  2.6594e-05     2.4406e-02  8.9227e-04     1.7619e-03  6.4695e-05     5.9116e-02  2.1706e-03 
3.7646e+01     1.3758e-04  1.1631e-05     5.1795e-03  4.3786e-04     3.7391e-04  3.1636e-05     1.4076e-02  1.1910e-03 
4.2240e+01     1.8579e-05  1.8556e-05     7.8477e-04  7.8379e-04     5.6654e-05  5.6583e-05     2.3930e-03  2.3901e-03 
4.7394e+01     5.5195e-07  8.7272e-08     2.6159e-05  4.1361e-06     1.8885e-06  2.9866e-07     8.9500e-05  1.4155e-05 
5.3176e+01     0.0000e+00  0.0000e+00     0.0000e+00  0.0000e+00     0.0000e+00  0.0000e+00     0.0000e+00  0.0000e+00 
5.9665e+01     0.0000e+00  0.0000e+00     0.0000e+00  0.0000e+00     0.0000e+00  0.0000e+00     0.0000e+00  0.0000e+00 
6.6945e+01     0.0000e+00  0.0000e+00     0.0000e+00  0.0000e+00     0.0000e+00  0.0000e+00     0.0000e+00  0.0000e+00 
7.5114e+01     0.0000e+00  0.0000e+00     0.0000e+00  0.0000e+00     0.0000e+00  0.0000e+00     0.0000e+00  0.0000e+00 
8.4279e+01     0.0000e+00  0.0000e+00     0.0000e+00  0.0000e+00     0.0000e+00  0.0000e+00     0.0000e+00  0.0000e+00 
9.4563e+01     0.0000e+00  0.0000e+00     0.0000e+00  0.0000e+00     0.0000e+00  0.0000e+00     0.0000e+00  0.0000e+00 
1.0610e+02     0.0000e+00  0.0000e+00     0.0000e+00  0.0000e+00     0.0000e+00  0.0000e+00     0.0000e+00  0.0000e+00 
1.1905e+02     0.0000e+00  0.0000e+00     0.0000e+00  0.0000e+00     0.0000e+00  0.0000e+00     0.0000e+00  0.0000e+00 
1.3357e+02     0.0000e+00  0.0000e+00     0.0000e+00  0.0000e+00     0.0000e+00  0.0000e+00     0.0000e+00  0.0000e+00 
1.4987e+02     0.0000e+00  0.0000e+00     0.0000e+00  0.0000e+00     0.0000e+00  0.0000e+00     0.0000e+00  0.0000e+00 
1.6816e+02     0.0000e+00  0.0000e+00     0.0000e+00  0.0000e+00     0.0000e+00  0.0000e+00     0.0000e+00  0.0000e+00 
1.8868e+02     0.0000e+00  0.0000e+00     0.0000e+00  0.0000e+00     0.0000e+00  0.0000e+00     0.0000e+00  0.0000e+00 
2.1170e+02     0.0000e+00  0.0000e+00     0.0000e+00  0.0000e+00     0.0000e+00  0.0000e+00     0.0000e+00  0.0000e+00 
2.3753e+02     1.1013e-07  9.3456e-08     2.6159e-05  2.2199e-05     1.8885e-06  1.6026e-06     4.4856e-04  3.8066e-04 
2.6651e+02     0.0000e+00  0.0000e+00     0.0000e+00  0.0000e+00     0.0000e+00  0.0000e+00     0.0000e+00  0.0000e+00 
2.9903e+02     0.0000e+00  0.0000e+00     0.0000e+00  0.0000e+00     0.0000e+00  0.0000e+00     0.0000e+00  0.0000e+00 
3.3552e+02     0.0000e+00  0.0000e+00     0.0000e+00  0.0000e+00     0.0000e+00  0.0000e+00     0.0000e+00  0.0000e+00 
3.7646e+02     0.0000e+00  0.0000e+00     0.0000e+00  0.0000e+00     0.0000e+00  0.0000e+00     0.0000e+00  0.0000e+00 
4.2240e+02     0.0000e+00  0.0000e+00     0.0000e+00  0.0000e+00     0.0000e+00  0.0000e+00     0.0000e+00  0.0000e+00 
4.7394e+02     0.0000e+00  0.0000e+00     0.0000e+00  0.0000e+00     0.0000e+00  0.0000e+00     0.0000e+00  0.0000e+00 
5.3176e+02     0.0000e+00  0.0000e+00     0.0000e+00  0.0000e+00     0.0000e+00  0.0000e+00     0.0000e+00  0.0000e+00 
5.9665e+02     0.0000e+00  0.0000e+00     0.0000e+00  0.0000e+00     0.0000e+00  0.0000e+00     0.0000e+00  0.0000e+00 
6.6945e+02     0.0000e+00  0.0000e+00     0.0000e+00  0.0000e+00     0.0000e+00  0.0000e+00     0.0000e+00  0.0000e+00 
7.5114e+02     0.0000e+00  0.0000e+00     0.0000e+00  0.0000e+00     0.0000e+00  0.0000e+00     0.0000e+00  0.0000e+00 
8.4279e+02     0.0000e+00  0.0000e+00     0.0000e+00  0.0000e+00     0.0000e+00  0.0000e+00     0.0000e+00  0.0000e+00 
9.4563e+02     0.0000e+00  0.0000e+00     0.0000e+00  0.0000e+00     0.0000e+00  0.0000e+00     0.0000e+00  0.0000e+00 
1.0610e+03     0.0000e+00  0.0000e+00     0.0000e+00  0.0000e+00     0.0000e+00  0.0000e+00     0.0000e+00  0.0000e+00 
1.1905e+03     0.0000e+00  0.0000e+00     0.0000e+00  0.0000e+00     0.0000e+00  0.0000e+00     0.0000e+00  0.0000e+00 
1.3357e+03     0.0000e+00  0.0000e+00     0.0000e+00  0.0000e+00     0.0000e+00  0.0000e+00     0.0000e+00  0.0000e+00 
1.4987e+03     0.0000e+00  0.0000e+00     0.0000e+00  0.0000e+00     0.0000e+00  0.0000e+00     0.0000e+00  0.0000e+00 
1.6816e+03     0.0000e+00  0.0000e+00     0.0000e+00  0.0000e+00     0.0000e+00  0.0000e+00     0.0000e+00  0.0000e+00 
1.8868e+03     0.0000e+00  0.0000e+00     0.0000e+00  0.0000e+00     0.0000e+00  0.0000e+00     0.0000e+00  0.0000e+00 
2.1170e+03     0.0000e+00  0.0000e+00     0.0000e+00  0.0000e+00     0.0000e+00  0.0000e+00     0.0000e+00  0.0000e+00 
2.3753e+03     0.0000e+00  0.0000e+00     0.0000e+00  0.0000e+00     0.0000e+00  0.0000e+00     0.0000e+00  0.0000e+00 
2.6651e+03     0.0000e+00  0.0000e+00     0.0000e+00  0.0000e+00     0.0000e+00  0.0000e+00     0.0000e+00  0.0000e+00 
2.9903e+03     0.0000e+00  0.0000e+00     0.0000e+00  0.0000e+00     0.0000e+00  0.0000e+00     0.0000e+00  0.0000e+00 
3.3552e+03     0.0000e+00  0.0000e+00     0.0000e+00  0.0000e+00     0.0000e+00  0.0000e+00     0.0000e+00  0.0000e+00 
3.7646e+03     0.0000e+00  0.0000e+00     0.0000e+00  0.0000e+00     0.0000e+00  0.0000e+00     0.0000e+00  0.0000e+00 
4.2240e+03     0.0000e+00  0.0000e+00     0.0000e+00  0.0000e+00     0.0000e+00  0.0000e+00     0.0000e+00  0.0000e+00 
4.7394e+03     0.0000e+00  0.0000e+00     0.0000e+00  0.0000e+00     0.0000e+00  0.0000e+00     0.0000e+00  0.0000e+00 
5.3176e+03     0.0000e+00  0.0000e+00     0.0000e+00  0.0000e+00     0.0000e+00  0.0000e+00     0.0000e+00  0.0000e+00 
5.9665e+03     0.0000e+00  0.0000e+00     0.0000e+00  0.0000e+00     0.0000e+00  0.0000e+00     0.0000e+00  0.0000e+00 
6.6945e+03     0.0000e+00  0.0000e+00     0.0000e+00  0.0000e+00     0.0000e+00  0.0000e+00     0.0000e+00  0.0000e+00 
7.5114e+03     0.0000e+00  0.0000e+00     0.0000e+00  0.0000e+00     0.0000e+00  0.0000e+00     0.0000e+00  0.0000e+00 
8.4279e+03     0.0000e+00  0.0000e+00     0.0000e+00  0.0000e+00     0.0000e+00  0.0000e+00     0.0000e+00  0.0000e+00 
9.4563e+03     0.0000e+00  0.0000e+00     0.0000e+00  0.0000e+00     0.0000e+00  0.0000e+00     0.0000e+00  0.0000e+00 
