yF = 1.8814e+00 (std: 9.8629e-03) keV/um
yD = 2.9973e+00 (std: 2.7472e-02) keV/um
y (keV/um)     f(y)(std)                  yf(y)(std)                 d(y)(std)                  yd(y)(std)  
1.0610e-01     9.8174e-01  2.2721e-02     1.0416e-01  2.4107e-03     5.5364e-02  1.3138e-03     5.8742e-03  1.3939e-04 
1.1905e-01     1.4561e-01  1.2168e-02     1.7334e-02  1.4486e-03     9.2134e-03  7.7147e-04     1.0968e-03  9.1841e-05 
1.3357e-01     1.5750e-01  9.6050e-03     2.1038e-02  1.2830e-03     1.1182e-02  6.8443e-04     1.4936e-03  9.1421e-05 
1.4987e-01     1.7069e-01  1.2959e-02     2.5581e-02  1.9422e-03     1.3597e-02  1.0347e-03     2.0378e-03  1.5508e-04 
1.6816e-01     1.8368e-01  6.6660e-03     3.0887e-02  1.1209e-03     1.6417e-02  6.0197e-04     2.7606e-03  1.0123e-04 
1.8868e-01     1.9168e-01  8.8042e-03     3.6166e-02  1.6611e-03     1.9222e-02  8.8864e-04     3.6268e-03  1.6767e-04 
2.1170e-01     1.9255e-01  7.6749e-03     4.0762e-02  1.6248e-03     2.1665e-02  8.7101e-04     4.5865e-03  1.8439e-04 
2.3753e-01     2.1163e-01  1.3854e-02     5.0270e-02  3.2908e-03     2.6719e-02  1.7547e-03     6.3465e-03  4.1679e-04 
2.6651e-01     2.3100e-01  8.9691e-03     6.1563e-02  2.3904e-03     3.2721e-02  1.2820e-03     8.7207e-03  3.4168e-04 
2.9903e-01     2.3785e-01  9.1609e-03     7.1124e-02  2.7394e-03     3.7803e-02  1.4694e-03     1.1304e-02  4.3941e-04 
3.3552e-01     2.4799e-01  1.0820e-02     8.3205e-02  3.6305e-03     4.4224e-02  1.9435e-03     1.4838e-02  6.5209e-04 
3.7646e-01     2.6958e-01  6.9140e-03     1.0148e-01  2.6028e-03     5.3940e-02  1.4120e-03     2.0306e-02  5.3157e-04 
4.2240e-01     2.7147e-01  8.9939e-03     1.1467e-01  3.7990e-03     6.0948e-02  2.0443e-03     2.5744e-02  8.6351e-04 
4.7394e-01     3.0236e-01  9.7820e-03     1.4330e-01  4.6361e-03     7.6164e-02  2.4962e-03     3.6097e-02  1.1831e-03 
5.3176e-01     3.2010e-01  1.5729e-02     1.7022e-01  8.3643e-03     9.0473e-02  4.4709e-03     4.8110e-02  2.3775e-03 
5.9665e-01     3.3270e-01  3.8018e-03     1.9851e-01  2.2683e-03     1.0551e-01  1.3265e-03     6.2951e-02  7.9143e-04 
6.6945e-01     3.5297e-01  7.6517e-03     2.3630e-01  5.1224e-03     1.2559e-01  2.8011e-03     8.4080e-02  1.8752e-03 
7.5114e-01     3.8417e-01  3.2991e-03     2.8857e-01  2.4781e-03     1.5337e-01  1.5431e-03     1.1521e-01  1.1591e-03 
8.4279e-01     4.0254e-01  4.9829e-03     3.3926e-01  4.1995e-03     1.8032e-01  2.4240e-03     1.5197e-01  2.0429e-03 
9.4563e-01     4.0537e-01  7.5257e-03     3.8333e-01  7.1165e-03     2.0374e-01  3.9304e-03     1.9266e-01  3.7167e-03 
1.0610e+00     4.1943e-01  3.5918e-03     4.4502e-01  3.8109e-03     2.3653e-01  2.3749e-03     2.5096e-01  2.5198e-03 
1.1905e+00     4.1432e-01  4.0732e-03     4.9324e-01  4.8491e-03     2.6216e-01  2.9208e-03     3.1210e-01  3.4772e-03 
1.3357e+00     4.0191e-01  5.5457e-03     5.3684e-01  7.4076e-03     2.8534e-01  4.2118e-03     3.8113e-01  5.6258e-03 
1.4987e+00     3.7799e-01  3.6773e-03     5.6649e-01  5.5112e-03     3.0110e-01  3.3274e-03     4.5126e-01  4.9869e-03 
1.6816e+00     3.3315e-01  2.8061e-03     5.6022e-01  4.7188e-03     2.9776e-01  2.9541e-03     5.0071e-01  4.9676e-03 
1.8868e+00     2.8588e-01  2.8263e-03     5.3939e-01  5.3325e-03     2.8669e-01  3.2081e-03     5.4092e-01  6.0529e-03 
2.1170e+00     2.4005e-01  2.2564e-03     5.0819e-01  4.7768e-03     2.7011e-01  2.9070e-03     5.7181e-01  6.1542e-03 
2.3753e+00     1.9240e-01  3.3036e-03     4.5700e-01  7.8471e-03     2.4290e-01  4.3609e-03     5.7696e-01  1.0358e-02 
2.6651e+00     1.5322e-01  3.9293e-03     4.0836e-01  1.0472e-02     2.1704e-01  5.6811e-03     5.7845e-01  1.5141e-02 
2.9903e+00     1.2707e-01  1.4950e-03     3.7999e-01  4.4707e-03     2.0197e-01  2.6014e-03     6.0395e-01  7.7790e-03 
3.3552e+00     9.7763e-02  2.9196e-03     3.2801e-01  9.7958e-03     1.7434e-01  5.2861e-03     5.8495e-01  1.7736e-02 
3.7646e+00     7.0903e-02  8.7581e-04     2.6692e-01  3.2971e-03     1.4187e-01  1.9037e-03     5.3409e-01  7.1667e-03 
4.2240e+00     4.8954e-02  2.0811e-03     2.0678e-01  8.7904e-03     1.0990e-01  4.7075e-03     4.6423e-01  1.9884e-02 
4.7394e+00     3.1222e-02  8.5928e-04     1.4797e-01  4.0724e-03     7.8649e-02  2.2034e-03     3.7274e-01  1.0443e-02 
5.3176e+00     2.0621e-02  7.0131e-04     1.0965e-01  3.7293e-03     5.8282e-02  2.0056e-03     3.0992e-01  1.0665e-02 
5.9665e+00     1.3325e-02  8.2885e-04     7.9502e-02  4.9453e-03     4.2256e-02  2.6378e-03     2.5212e-01  1.5738e-02 
6.6945e+00     8.1368e-03  4.3511e-04     5.4472e-02  2.9129e-03     2.8952e-02  1.5556e-03     1.9382e-01  1.0414e-02 
7.5114e+00     4.8428e-03  2.3928e-04     3.6376e-02  1.7973e-03     1.9334e-02  9.6066e-04     1.4523e-01  7.2159e-03 
8.4279e+00     2.9543e-03  1.6174e-04     2.4898e-02  1.3631e-03     1.3234e-02  7.2784e-04     1.1153e-01  6.1341e-03 
9.4563e+00     1.4887e-03  1.1510e-04     1.4078e-02  1.0885e-03     7.4824e-03  5.7985e-04     7.0755e-02  5.4832e-03 
1.0610e+01     7.7728e-04  1.5516e-04     8.2470e-03  1.6462e-03     4.3833e-03  8.7528e-04     4.6508e-02  9.2868e-03 
1.1905e+01     3.2872e-04  5.5129e-05     3.9134e-03  6.5629e-04     2.0800e-03  3.4899e-04     2.4762e-02  4.1547e-03 
1.3357e+01     1.0225e-04  3.0184e-05     1.3657e-03  4.0317e-04     7.2590e-04  2.1432e-04     9.6961e-03  2.8628e-03 
1.4987e+01     3.8554e-05  1.3368e-05     5.7781e-04  2.0035e-04     3.0711e-04  1.0650e-04     4.6027e-03  1.5961e-03 
1.6816e+01     9.3712e-06  8.6208e-06     1.5759e-04  1.4497e-04     8.3758e-05  7.7052e-05     1.4085e-03  1.2957e-03 
1.8868e+01     5.5681e-06  3.2337e-06     1.0506e-04  6.1013e-05     5.5839e-05  3.2430e-05     1.0535e-03  6.1188e-04 
2.1170e+01     0.0000e+00  0.0000e+00     0.0000e+00  0.0000e+00     0.0000e+00  0.0000e+00     0.0000e+00  0.0000e+00 
2.3753e+01     0.0000e+00  0.0000e+00     0.0000e+00  0.0000e+00     0.0000e+00  0.0000e+00     0.0000e+00  0.0000e+00 
2.6651e+01     0.0000e+00  0.0000e+00     0.0000e+00  0.0000e+00     0.0000e+00  0.0000e+00     0.0000e+00  0.0000e+00 
2.9903e+01     0.0000e+00  0.0000e+00     0.0000e+00  0.0000e+00     0.0000e+00  0.0000e+00     0.0000e+00  0.0000e+00 
3.3552e+01     0.0000e+00  0.0000e+00     0.0000e+00  0.0000e+00     0.0000e+00  0.0000e+00     0.0000e+00  0.0000e+00 
3.7646e+01     0.0000e+00  0.0000e+00     0.0000e+00  0.0000e+00     0.0000e+00  0.0000e+00     0.0000e+00  0.0000e+00 
4.2240e+01     0.0000e+00  0.0000e+00     0.0000e+00  0.0000e+00     0.0000e+00  0.0000e+00     0.0000e+00  0.0000e+00 
4.7394e+01     0.0000e+00  0.0000e+00     0.0000e+00  0.0000e+00     0.0000e+00  0.0000e+00     0.0000e+00  0.0000e+00 
5.3176e+01     0.0000e+00  0.0000e+00     0.0000e+00  0.0000e+00     0.0000e+00  0.0000e+00     0.0000e+00  0.0000e+00 
5.9665e+01     0.0000e+00  0.0000e+00     0.0000e+00  0.0000e+00     0.0000e+00  0.0000e+00     0.0000e+00  0.0000e+00 
6.6945e+01     0.0000e+00  0.0000e+00     0.0000e+00  0.0000e+00     0.0000e+00  0.0000e+00     0.0000e+00  0.0000e+00 
7.5114e+01     0.0000e+00  0.0000e+00     0.0000e+00  0.0000e+00     0.0000e+00  0.0000e+00     0.0000e+00  0.0000e+00 
8.4279e+01     0.0000e+00  0.0000e+00     0.0000e+00  0.0000e+00     0.0000e+00  0.0000e+00     0.0000e+00  0.0000e+00 
9.4563e+01     0.0000e+00  0.0000e+00     0.0000e+00  0.0000e+00     0.0000e+00  0.0000e+00     0.0000e+00  0.0000e+00 
1.0610e+02     0.0000e+00  0.0000e+00     0.0000e+00  0.0000e+00     0.0000e+00  0.0000e+00     0.0000e+00  0.0000e+00 
1.1905e+02     0.0000e+00  0.0000e+00     0.0000e+00  0.0000e+00     0.0000e+00  0.0000e+00     0.0000e+00  0.0000e+00 
1.3357e+02     0.0000e+00  0.0000e+00     0.0000e+00  0.0000e+00     0.0000e+00  0.0000e+00     0.0000e+00  0.0000e+00 
1.4987e+02     0.0000e+00  0.0000e+00     0.0000e+00  0.0000e+00     0.0000e+00  0.0000e+00     0.0000e+00  0.0000e+00 
1.6816e+02     0.0000e+00  0.0000e+00     0.0000e+00  0.0000e+00     0.0000e+00  0.0000e+00     0.0000e+00  0.0000e+00 
1.8868e+02     0.0000e+00  0.0000e+00     0.0000e+00  0.0000e+00     0.0000e+00  0.0000e+00     0.0000e+00  0.0000e+00 
2.1170e+02     0.0000e+00  0.0000e+00     0.0000e+00  0.0000e+00     0.0000e+00  0.0000e+00     0.0000e+00  0.0000e+00 
2.3753e+02     0.0000e+00  0.0000e+00     0.0000e+00  0.0000e+00     0.0000e+00  0.0000e+00     0.0000e+00  0.0000e+00 
2.6651e+02     0.0000e+00  0.0000e+00     0.0000e+00  0.0000e+00     0.0000e+00  0.0000e+00     0.0000e+00  0.0000e+00 
2.9903e+02     0.0000e+00  0.0000e+00     0.0000e+00  0.0000e+00     0.0000e+00  0.0000e+00     0.0000e+00  0.0000e+00 
3.3552e+02     0.0000e+00  0.0000e+00     0.0000e+00  0.0000e+00     0.0000e+00  0.0000e+00     0.0000e+00  0.0000e+00 
3.7646e+02     0.0000e+00  0.0000e+00     0.0000e+00  0.0000e+00     0.0000e+00  0.0000e+00     0.0000e+00  0.0000e+00 
4.2240e+02     0.0000e+00  0.0000e+00     0.0000e+00  0.0000e+00     0.0000e+00  0.0000e+00     0.0000e+00  0.0000e+00 
4.7394e+02     0.0000e+00  0.0000e+00     0.0000e+00  0.0000e+00     0.0000e+00  0.0000e+00     0.0000e+00  0.0000e+00 
5.3176e+02     0.0000e+00  0.0000e+00     0.0000e+00  0.0000e+00     0.0000e+00  0.0000e+00     0.0000e+00  0.0000e+00 
5.9665e+02     0.0000e+00  0.0000e+00     0.0000e+00  0.0000e+00     0.0000e+00  0.0000e+00     0.0000e+00  0.0000e+00 
6.6945e+02     0.0000e+00  0.0000e+00     0.0000e+00  0.0000e+00     0.0000e+00  0.0000e+00     0.0000e+00  0.0000e+00 
7.5114e+02     0.0000e+00  0.0000e+00     0.0000e+00  0.0000e+00     0.0000e+00  0.0000e+00     0.0000e+00  0.0000e+00 
8.4279e+02     0.0000e+00  0.0000e+00     0.0000e+00  0.0000e+00     0.0000e+00  0.0000e+00     0.0000e+00  0.0000e+00 
9.4563e+02     0.0000e+00  0.0000e+00     0.0000e+00  0.0000e+00     0.0000e+00  0.0000e+00     0.0000e+00  0.0000e+00 
1.0610e+03     0.0000e+00  0.0000e+00     0.0000e+00  0.0000e+00     0.0000e+00  0.0000e+00     0.0000e+00  0.0000e+00 
1.1905e+03     0.0000e+00  0.0000e+00     0.0000e+00  0.0000e+00     0.0000e+00  0.0000e+00     0.0000e+00  0.0000e+00 
1.3357e+03     0.0000e+00  0.0000e+00     0.0000e+00  0.0000e+00     0.0000e+00  0.0000e+00     0.0000e+00  0.0000e+00 
1.4987e+03     0.0000e+00  0.0000e+00     0.0000e+00  0.0000e+00     0.0000e+00  0.0000e+00     0.0000e+00  0.0000e+00 
1.6816e+03     0.0000e+00  0.0000e+00     0.0000e+00  0.0000e+00     0.0000e+00  0.0000e+00     0.0000e+00  0.0000e+00 
1.8868e+03     0.0000e+00  0.0000e+00     0.0000e+00  0.0000e+00     0.0000e+00  0.0000e+00     0.0000e+00  0.0000e+00 
2.1170e+03     0.0000e+00  0.0000e+00     0.0000e+00  0.0000e+00     0.0000e+00  0.0000e+00     0.0000e+00  0.0000e+00 
2.3753e+03     0.0000e+00  0.0000e+00     0.0000e+00  0.0000e+00     0.0000e+00  0.0000e+00     0.0000e+00  0.0000e+00 
2.6651e+03     0.0000e+00  0.0000e+00     0.0000e+00  0.0000e+00     0.0000e+00  0.0000e+00     0.0000e+00  0.0000e+00 
2.9903e+03     0.0000e+00  0.0000e+00     0.0000e+00  0.0000e+00     0.0000e+00  0.0000e+00     0.0000e+00  0.0000e+00 
3.3552e+03     0.0000e+00  0.0000e+00     0.0000e+00  0.0000e+00     0.0000e+00  0.0000e+00     0.0000e+00  0.0000e+00 
3.7646e+03     0.0000e+00  0.0000e+00     0.0000e+00  0.0000e+00     0.0000e+00  0.0000e+00     0.0000e+00  0.0000e+00 
4.2240e+03     0.0000e+00  0.0000e+00     0.0000e+00  0.0000e+00     0.0000e+00  0.0000e+00     0.0000e+00  0.0000e+00 
4.7394e+03     0.0000e+00  0.0000e+00     0.0000e+00  0.0000e+00     0.0000e+00  0.0000e+00     0.0000e+00  0.0000e+00 
5.3176e+03     0.0000e+00  0.0000e+00     0.0000e+00  0.0000e+00     0.0000e+00  0.0000e+00     0.0000e+00  0.0000e+00 
5.9665e+03     0.0000e+00  0.0000e+00     0.0000e+00  0.0000e+00     0.0000e+00  0.0000e+00     0.0000e+00  0.0000e+00 
6.6945e+03     0.0000e+00  0.0000e+00     0.0000e+00  0.0000e+00     0.0000e+00  0.0000e+00     0.0000e+00  0.0000e+00 
7.5114e+03     0.0000e+00  0.0000e+00     0.0000e+00  0.0000e+00     0.0000e+00  0.0000e+00     0.0000e+00  0.0000e+00 
8.4279e+03     0.0000e+00  0.0000e+00     0.0000e+00  0.0000e+00     0.0000e+00  0.0000e+00     0.0000e+00  0.0000e+00 
9.4563e+03     0.0000e+00  0.0000e+00     0.0000e+00  0.0000e+00     0.0000e+00  0.0000e+00     0.0000e+00  0.0000e+00 
