yF = 1.2772e+00 (std: 6.0907e-03) keV/um
yD = 2.5529e+00 (std: 1.1828e-01) keV/um
y (keV/um)     f(y)(std)                  yf(y)(std)                 d(y)(std)                  yd(y)(std)  
1.0610e-01     2.1963e+00  4.4708e-02     2.3303e-01  4.7436e-03     1.8246e-01  3.8147e-03     1.9359e-02  4.0475e-04 
1.1905e-01     3.3031e-01  2.2317e-02     3.9322e-02  2.6567e-03     3.0788e-02  2.0854e-03     3.6653e-03  2.4826e-04 
1.3357e-01     3.5306e-01  2.0143e-02     4.7160e-02  2.6905e-03     3.6925e-02  2.1140e-03     4.9322e-03  2.8237e-04 
1.4987e-01     3.7155e-01  1.1510e-02     5.5684e-02  1.7251e-03     4.3600e-02  1.3666e-03     6.5343e-03  2.0482e-04 
1.6816e-01     3.8701e-01  1.7610e-02     6.5079e-02  2.9613e-03     5.0956e-02  2.3314e-03     8.5687e-03  3.9204e-04 
1.8868e-01     4.1332e-01  2.1136e-02     7.7984e-02  3.9878e-03     6.1060e-02  3.1360e-03     1.1521e-02  5.9168e-04 
2.1170e-01     4.2285e-01  1.9260e-02     8.9517e-02  4.0773e-03     7.0090e-02  3.2099e-03     1.4838e-02  6.7953e-04 
2.3753e-01     4.5197e-01  7.5317e-03     1.0736e-01  1.7890e-03     8.4058e-02  1.4570e-03     1.9966e-02  3.4608e-04 
2.6651e-01     4.6788e-01  1.1107e-02     1.2470e-01  2.9602e-03     9.7634e-02  2.3641e-03     2.6021e-02  6.3006e-04 
2.9903e-01     5.0304e-01  1.0028e-02     1.5043e-01  2.9987e-03     1.1778e-01  2.4142e-03     3.5220e-02  7.2191e-04 
3.3552e-01     5.3163e-01  8.0483e-03     1.7837e-01  2.7004e-03     1.3966e-01  2.2168e-03     4.6860e-02  7.4377e-04 
3.7646e-01     5.6236e-01  1.3943e-02     2.1171e-01  5.2489e-03     1.6576e-01  4.1851e-03     6.2403e-02  1.5755e-03 
4.2240e-01     5.7393e-01  1.1775e-02     2.4242e-01  4.9735e-03     1.8981e-01  3.9980e-03     8.0176e-02  1.6887e-03 
4.7394e-01     6.0879e-01  1.0064e-02     2.8853e-01  4.7695e-03     2.2591e-01  3.8867e-03     1.0707e-01  1.8421e-03 
5.3176e-01     6.2115e-01  5.4204e-03     3.3030e-01  2.8824e-03     2.5862e-01  2.5719e-03     1.3753e-01  1.3676e-03 
5.9665e-01     6.3467e-01  1.0225e-02     3.7868e-01  6.1008e-03     2.9650e-01  4.9817e-03     1.7691e-01  2.9723e-03 
6.6945e-01     6.2896e-01  1.0152e-02     4.2106e-01  6.7962e-03     3.2968e-01  5.5487e-03     2.2071e-01  3.7146e-03 
7.5114e-01     6.2577e-01  8.5731e-03     4.7004e-01  6.4395e-03     3.6803e-01  5.3388e-03     2.7644e-01  4.0102e-03 
8.4279e-01     5.9317e-01  5.2829e-03     4.9992e-01  4.4523e-03     3.9143e-01  3.9544e-03     3.2989e-01  3.3327e-03 
9.4563e-01     5.5774e-01  6.9539e-03     5.2742e-01  6.5758e-03     4.1296e-01  5.5125e-03     3.9050e-01  5.2128e-03 
1.0610e+00     5.0423e-01  6.5832e-03     5.3499e-01  6.9849e-03     4.1889e-01  5.8224e-03     4.4444e-01  6.1777e-03 
1.1905e+00     4.3201e-01  4.6157e-03     5.1430e-01  5.4949e-03     4.0269e-01  4.7115e-03     4.7939e-01  5.6089e-03 
1.3357e+00     3.5482e-01  3.2362e-03     4.7395e-01  4.3227e-03     3.7109e-01  3.8193e-03     4.9568e-01  5.1016e-03 
1.4987e+00     2.8070e-01  5.4084e-03     4.2069e-01  8.1057e-03     3.2939e-01  6.5381e-03     4.9367e-01  9.7988e-03 
1.6816e+00     2.1734e-01  2.1650e-03     3.6548e-01  3.6407e-03     2.8617e-01  3.1604e-03     4.8121e-01  5.3146e-03 
1.8868e+00     1.6663e-01  4.6971e-03     3.1439e-01  8.8623e-03     2.4616e-01  7.0376e-03     4.6445e-01  1.3278e-02 
2.1170e+00     1.3193e-01  2.2460e-03     2.7929e-01  4.7548e-03     2.1868e-01  3.8662e-03     4.6294e-01  8.1847e-03 
2.3753e+00     1.1056e-01  9.0227e-04     2.6261e-01  2.1432e-03     2.0562e-01  1.9436e-03     4.8841e-01  4.6166e-03 
2.6651e+00     8.9714e-02  1.7171e-03     2.3910e-01  4.5764e-03     1.8721e-01  3.6928e-03     4.9894e-01  9.8417e-03 
2.9903e+00     6.8855e-02  2.8530e-03     2.0590e-01  8.5316e-03     1.6122e-01  6.7242e-03     4.8209e-01  2.0107e-02 
3.3552e+00     4.7060e-02  1.2307e-03     1.5789e-01  4.1292e-03     1.2363e-01  3.2864e-03     4.1480e-01  1.1027e-02 
3.7646e+00     3.0852e-02  1.2762e-03     1.1614e-01  4.8043e-03     9.0939e-02  3.7866e-03     3.4235e-01  1.4255e-02 
4.2240e+00     1.9306e-02  4.2429e-04     8.1547e-02  1.7922e-03     6.3850e-02  1.4359e-03     2.6970e-01  6.0652e-03 
4.7394e+00     1.2958e-02  2.4895e-04     6.1411e-02  1.1799e-03     4.8084e-02  9.5184e-04     2.2789e-01  4.5111e-03 
5.3176e+00     8.4269e-03  2.5080e-04     4.4811e-02  1.3336e-03     3.5086e-02  1.0575e-03     1.8658e-01  5.6236e-03 
5.9665e+00     5.0601e-03  3.4624e-04     3.0191e-02  2.0658e-03     2.3639e-02  1.6214e-03     1.4104e-01  9.6742e-03 
6.6945e+00     3.0315e-03  2.9464e-04     2.0294e-02  1.9725e-03     1.5890e-02  1.5463e-03     1.0638e-01  1.0351e-02 
7.5114e+00     1.8375e-03  1.0075e-04     1.3802e-02  7.5677e-04     1.0807e-02  5.9477e-04     8.1175e-02  4.4676e-03 
8.4279e+00     1.0803e-03  1.0589e-04     9.1047e-03  8.9245e-04     7.1289e-03  6.9960e-04     6.0081e-02  5.8961e-03 
9.4563e+00     6.1956e-04  4.3409e-05     5.8587e-03  4.1048e-04     4.5873e-03  3.2215e-04     4.3378e-02  3.0463e-03 
1.0610e+01     2.6614e-04  4.4795e-05     2.8238e-03  4.7528e-04     2.2110e-03  3.7228e-04     2.3459e-02  3.9500e-03 
1.1905e+01     1.2192e-04  3.0265e-05     1.4515e-03  3.6030e-04     1.1365e-03  2.8216e-04     1.3530e-02  3.3590e-03 
1.3357e+01     3.1612e-05  7.4143e-06     4.2225e-04  9.9035e-05     3.3061e-04  7.7559e-05     4.4161e-03  1.0360e-03 
1.4987e+01     1.7609e-05  7.8434e-06     2.6391e-04  1.1755e-04     2.0663e-04  9.2045e-05     3.0968e-03  1.3795e-03 
1.6816e+01     1.5694e-06  1.5866e-06     2.6391e-05  2.6680e-05     2.0663e-05  2.0890e-05     3.4747e-04  3.5128e-04 
1.8868e+01     0.0000e+00  0.0000e+00     0.0000e+00  0.0000e+00     0.0000e+00  0.0000e+00     0.0000e+00  0.0000e+00 
2.1170e+01     0.0000e+00  0.0000e+00     0.0000e+00  0.0000e+00     0.0000e+00  0.0000e+00     0.0000e+00  0.0000e+00 
2.3753e+01     0.0000e+00  0.0000e+00     0.0000e+00  0.0000e+00     0.0000e+00  0.0000e+00     0.0000e+00  0.0000e+00 
2.6651e+01     0.0000e+00  0.0000e+00     0.0000e+00  0.0000e+00     0.0000e+00  0.0000e+00     0.0000e+00  0.0000e+00 
2.9903e+01     0.0000e+00  0.0000e+00     0.0000e+00  0.0000e+00     0.0000e+00  0.0000e+00     0.0000e+00  0.0000e+00 
3.3552e+01     0.0000e+00  0.0000e+00     0.0000e+00  0.0000e+00     0.0000e+00  0.0000e+00     0.0000e+00  0.0000e+00 
3.7646e+01     0.0000e+00  0.0000e+00     0.0000e+00  0.0000e+00     0.0000e+00  0.0000e+00     0.0000e+00  0.0000e+00 
4.2240e+01     0.0000e+00  0.0000e+00     0.0000e+00  0.0000e+00     0.0000e+00  0.0000e+00     0.0000e+00  0.0000e+00 
4.7394e+01     0.0000e+00  0.0000e+00     0.0000e+00  0.0000e+00     0.0000e+00  0.0000e+00     0.0000e+00  0.0000e+00 
5.3176e+01     0.0000e+00  0.0000e+00     0.0000e+00  0.0000e+00     0.0000e+00  0.0000e+00     0.0000e+00  0.0000e+00 
5.9665e+01     0.0000e+00  0.0000e+00     0.0000e+00  0.0000e+00     0.0000e+00  0.0000e+00     0.0000e+00  0.0000e+00 
6.6945e+01     0.0000e+00  0.0000e+00     0.0000e+00  0.0000e+00     0.0000e+00  0.0000e+00     0.0000e+00  0.0000e+00 
7.5114e+01     0.0000e+00  0.0000e+00     0.0000e+00  0.0000e+00     0.0000e+00  0.0000e+00     0.0000e+00  0.0000e+00 
8.4279e+01     0.0000e+00  0.0000e+00     0.0000e+00  0.0000e+00     0.0000e+00  0.0000e+00     0.0000e+00  0.0000e+00 
9.4563e+01     0.0000e+00  0.0000e+00     0.0000e+00  0.0000e+00     0.0000e+00  0.0000e+00     0.0000e+00  0.0000e+00 
1.0610e+02     0.0000e+00  0.0000e+00     0.0000e+00  0.0000e+00     0.0000e+00  0.0000e+00     0.0000e+00  0.0000e+00 
1.1905e+02     0.0000e+00  0.0000e+00     0.0000e+00  0.0000e+00     0.0000e+00  0.0000e+00     0.0000e+00  0.0000e+00 
1.3357e+02     0.0000e+00  0.0000e+00     0.0000e+00  0.0000e+00     0.0000e+00  0.0000e+00     0.0000e+00  0.0000e+00 
1.4987e+02     0.0000e+00  0.0000e+00     0.0000e+00  0.0000e+00     0.0000e+00  0.0000e+00     0.0000e+00  0.0000e+00 
1.6816e+02     0.0000e+00  0.0000e+00     0.0000e+00  0.0000e+00     0.0000e+00  0.0000e+00     0.0000e+00  0.0000e+00 
1.8868e+02     0.0000e+00  0.0000e+00     0.0000e+00  0.0000e+00     0.0000e+00  0.0000e+00     0.0000e+00  0.0000e+00 
2.1170e+02     0.0000e+00  0.0000e+00     0.0000e+00  0.0000e+00     0.0000e+00  0.0000e+00     0.0000e+00  0.0000e+00 
2.3753e+02     0.0000e+00  0.0000e+00     0.0000e+00  0.0000e+00     0.0000e+00  0.0000e+00     0.0000e+00  0.0000e+00 
2.6651e+02     0.0000e+00  0.0000e+00     0.0000e+00  0.0000e+00     0.0000e+00  0.0000e+00     0.0000e+00  0.0000e+00 
2.9903e+02     0.0000e+00  0.0000e+00     0.0000e+00  0.0000e+00     0.0000e+00  0.0000e+00     0.0000e+00  0.0000e+00 
3.3552e+02     7.8656e-08  3.4300e-08     2.6391e-05  1.1508e-05     2.0663e-05  9.0113e-06     6.9330e-03  3.0235e-03 
3.7646e+02     0.0000e+00  0.0000e+00     0.0000e+00  0.0000e+00     0.0000e+00  0.0000e+00     0.0000e+00  0.0000e+00 
4.2240e+02     0.0000e+00  0.0000e+00     0.0000e+00  0.0000e+00     0.0000e+00  0.0000e+00     0.0000e+00  0.0000e+00 
4.7394e+02     0.0000e+00  0.0000e+00     0.0000e+00  0.0000e+00     0.0000e+00  0.0000e+00     0.0000e+00  0.0000e+00 
5.3176e+02     0.0000e+00  0.0000e+00     0.0000e+00  0.0000e+00     0.0000e+00  0.0000e+00     0.0000e+00  0.0000e+00 
5.9665e+02     0.0000e+00  0.0000e+00     0.0000e+00  0.0000e+00     0.0000e+00  0.0000e+00     0.0000e+00  0.0000e+00 
6.6945e+02     0.0000e+00  0.0000e+00     0.0000e+00  0.0000e+00     0.0000e+00  0.0000e+00     0.0000e+00  0.0000e+00 
7.5114e+02     0.0000e+00  0.0000e+00     0.0000e+00  0.0000e+00     0.0000e+00  0.0000e+00     0.0000e+00  0.0000e+00 
8.4279e+02     0.0000e+00  0.0000e+00     0.0000e+00  0.0000e+00     0.0000e+00  0.0000e+00     0.0000e+00  0.0000e+00 
9.4563e+02     0.0000e+00  0.0000e+00     0.0000e+00  0.0000e+00     0.0000e+00  0.0000e+00     0.0000e+00  0.0000e+00 
1.0610e+03     0.0000e+00  0.0000e+00     0.0000e+00  0.0000e+00     0.0000e+00  0.0000e+00     0.0000e+00  0.0000e+00 
1.1905e+03     0.0000e+00  0.0000e+00     0.0000e+00  0.0000e+00     0.0000e+00  0.0000e+00     0.0000e+00  0.0000e+00 
1.3357e+03     0.0000e+00  0.0000e+00     0.0000e+00  0.0000e+00     0.0000e+00  0.0000e+00     0.0000e+00  0.0000e+00 
1.4987e+03     0.0000e+00  0.0000e+00     0.0000e+00  0.0000e+00     0.0000e+00  0.0000e+00     0.0000e+00  0.0000e+00 
1.6816e+03     0.0000e+00  0.0000e+00     0.0000e+00  0.0000e+00     0.0000e+00  0.0000e+00     0.0000e+00  0.0000e+00 
1.8868e+03     0.0000e+00  0.0000e+00     0.0000e+00  0.0000e+00     0.0000e+00  0.0000e+00     0.0000e+00  0.0000e+00 
2.1170e+03     0.0000e+00  0.0000e+00     0.0000e+00  0.0000e+00     0.0000e+00  0.0000e+00     0.0000e+00  0.0000e+00 
2.3753e+03     0.0000e+00  0.0000e+00     0.0000e+00  0.0000e+00     0.0000e+00  0.0000e+00     0.0000e+00  0.0000e+00 
2.6651e+03     0.0000e+00  0.0000e+00     0.0000e+00  0.0000e+00     0.0000e+00  0.0000e+00     0.0000e+00  0.0000e+00 
2.9903e+03     0.0000e+00  0.0000e+00     0.0000e+00  0.0000e+00     0.0000e+00  0.0000e+00     0.0000e+00  0.0000e+00 
3.3552e+03     0.0000e+00  0.0000e+00     0.0000e+00  0.0000e+00     0.0000e+00  0.0000e+00     0.0000e+00  0.0000e+00 
3.7646e+03     0.0000e+00  0.0000e+00     0.0000e+00  0.0000e+00     0.0000e+00  0.0000e+00     0.0000e+00  0.0000e+00 
4.2240e+03     0.0000e+00  0.0000e+00     0.0000e+00  0.0000e+00     0.0000e+00  0.0000e+00     0.0000e+00  0.0000e+00 
4.7394e+03     0.0000e+00  0.0000e+00     0.0000e+00  0.0000e+00     0.0000e+00  0.0000e+00     0.0000e+00  0.0000e+00 
5.3176e+03     0.0000e+00  0.0000e+00     0.0000e+00  0.0000e+00     0.0000e+00  0.0000e+00     0.0000e+00  0.0000e+00 
5.9665e+03     0.0000e+00  0.0000e+00     0.0000e+00  0.0000e+00     0.0000e+00  0.0000e+00     0.0000e+00  0.0000e+00 
6.6945e+03     0.0000e+00  0.0000e+00     0.0000e+00  0.0000e+00     0.0000e+00  0.0000e+00     0.0000e+00  0.0000e+00 
7.5114e+03     0.0000e+00  0.0000e+00     0.0000e+00  0.0000e+00     0.0000e+00  0.0000e+00     0.0000e+00  0.0000e+00 
8.4279e+03     0.0000e+00  0.0000e+00     0.0000e+00  0.0000e+00     0.0000e+00  0.0000e+00     0.0000e+00  0.0000e+00 
9.4563e+03     0.0000e+00  0.0000e+00     0.0000e+00  0.0000e+00     0.0000e+00  0.0000e+00     0.0000e+00  0.0000e+00 
