yF = 9.2856e+00 (std: 3.1877e-02) keV/um
yD = 1.1536e+01 (std: 5.3634e-02) keV/um
y (keV/um)     f(y)(std)                  yf(y)(std)                 d(y)(std)                  yd(y)(std)  
1.0610e-01     3.8711e-02  6.6028e-03     4.1073e-03  7.0056e-04     4.4232e-04  7.5461e-05     4.6931e-05  8.0065e-06 
1.1905e-01     6.3728e-03  1.6238e-03     7.5867e-04  1.9331e-04     8.1703e-05  2.0820e-05     9.7265e-06  2.4786e-06 
1.3357e-01     7.4425e-03  5.6854e-03     9.9412e-04  7.5942e-04     1.0706e-04  8.1785e-05     1.4300e-05  1.0924e-05 
1.4987e-01     6.6331e-03  1.4337e-03     9.9412e-04  2.1486e-04     1.0706e-04  2.3142e-05     1.6045e-05  3.4684e-06 
1.6816e-01     6.3785e-03  1.5511e-03     1.0726e-03  2.6083e-04     1.1551e-04  2.8093e-05     1.9424e-05  4.7240e-06 
1.8868e-01     8.5966e-03  1.6217e-03     1.6220e-03  3.0598e-04     1.7468e-04  3.2958e-05     3.2957e-05  6.2184e-06 
2.1170e-01     7.9089e-03  1.6410e-03     1.6743e-03  3.4740e-04     1.8031e-04  3.7418e-05     3.8172e-05  7.9213e-06 
2.3753e-01     7.9299e-03  1.5334e-03     1.8836e-03  3.6423e-04     2.0285e-04  3.9231e-05     4.8183e-05  9.3186e-06 
2.6651e-01     9.2270e-03  1.5973e-03     2.4591e-03  4.2570e-04     2.6483e-04  4.5854e-05     7.0581e-05  1.2221e-05 
2.9903e-01     8.8360e-03  1.2477e-03     2.6423e-03  3.7311e-04     2.8455e-04  4.0193e-05     8.5091e-05  1.2019e-05 
3.3552e-01     1.0136e-02  2.1141e-03     3.4009e-03  7.0932e-04     3.6626e-04  7.6400e-05     1.2289e-04  2.5634e-05 
3.7646e-01     1.1188e-02  1.5377e-03     4.2119e-03  5.7889e-04     4.5359e-04  6.2362e-05     1.7076e-04  2.3477e-05 
4.2240e-01     1.1582e-02  2.2421e-03     4.8921e-03  9.4705e-04     5.2685e-04  1.0201e-04     2.2254e-04  4.3087e-05 
4.7394e-01     1.2254e-02  1.0387e-03     5.8077e-03  4.9228e-04     6.2545e-04  5.3058e-05     2.9642e-04  2.5146e-05 
5.3176e-01     1.3431e-02  1.5702e-03     7.1419e-03  8.3500e-04     7.6914e-04  8.9963e-05     4.0900e-04  4.7839e-05 
5.9665e-01     1.5346e-02  1.7945e-03     9.1563e-03  1.0707e-03     9.8607e-04  1.1535e-04     5.8834e-04  6.8825e-05 
6.6945e-01     1.6452e-02  3.3736e-03     1.1014e-02  2.2585e-03     1.1861e-03  2.4326e-04     7.9404e-04  1.6285e-04 
7.5114e-01     1.6578e-02  1.9551e-03     1.2453e-02  1.4685e-03     1.3411e-03  1.5822e-04     1.0073e-03  1.1884e-04 
8.4279e-01     1.8004e-02  8.1182e-04     1.5173e-02  6.8419e-04     1.6341e-03  7.3896e-05     1.3772e-03  6.2279e-05 
9.4563e-01     1.9034e-02  1.4914e-03     1.7999e-02  1.4103e-03     1.9383e-03  1.5202e-04     1.8329e-03  1.4376e-04 
1.0610e+00     2.1747e-02  1.7472e-03     2.3074e-02  1.8538e-03     2.4849e-03  1.9982e-04     2.6365e-03  2.1201e-04 
1.1905e+00     2.3404e-02  1.5362e-03     2.7861e-02  1.8288e-03     3.0005e-03  1.9721e-04     3.5720e-03  2.3478e-04 
1.3357e+00     2.6049e-02  9.2646e-04     3.4794e-02  1.2375e-03     3.7471e-03  1.3389e-04     5.0051e-03  1.7884e-04 
1.4987e+00     2.5974e-02  9.8382e-04     3.8927e-02  1.4745e-03     4.1922e-03  1.5944e-04     6.2829e-03  2.3896e-04 
1.6816e+00     2.8423e-02  1.4647e-03     4.7796e-02  2.4631e-03     5.1473e-03  2.6584e-04     8.6556e-03  4.4704e-04 
1.8868e+00     3.0060e-02  7.6615e-04     5.6717e-02  1.4456e-03     6.1080e-03  1.5708e-04     1.1524e-02  2.9638e-04 
2.1170e+00     3.4181e-02  1.0175e-03     7.2361e-02  2.1541e-03     7.7928e-03  2.3352e-04     1.6497e-02  4.9435e-04 
2.3753e+00     3.6907e-02  1.0001e-03     8.7665e-02  2.3755e-03     9.4410e-03  2.5787e-04     2.2425e-02  6.1252e-04 
2.6651e+00     3.9558e-02  1.1289e-03     1.0543e-01  3.0085e-03     1.1354e-02  3.2634e-04     3.0260e-02  8.6973e-04 
2.9903e+00     4.3524e-02  1.1445e-03     1.3015e-01  3.4223e-03     1.4016e-02  3.7169e-04     4.1913e-02  1.1115e-03 
3.3552e+00     4.6876e-02  1.1921e-03     1.5728e-01  3.9996e-03     1.6938e-02  4.3463e-04     5.6830e-02  1.4583e-03 
3.7646e+00     5.1077e-02  6.7474e-04     1.9228e-01  2.5401e-03     2.0708e-02  2.8264e-04     7.7956e-02  1.0640e-03 
4.2240e+00     5.5512e-02  8.2129e-04     2.3448e-01  3.4691e-03     2.5252e-02  3.8352e-04     1.0666e-01  1.6200e-03 
4.7394e+00     6.0874e-02  9.0745e-04     2.8850e-01  4.3007e-03     3.1070e-02  4.7528e-04     1.4725e-01  2.2525e-03 
5.3176e+00     6.6248e-02  7.4257e-04     3.5228e-01  3.9487e-03     3.7938e-02  4.4475e-04     2.0174e-01  2.3650e-03 
5.9665e+00     7.2338e-02  1.0937e-03     4.3160e-01  6.5257e-03     4.6481e-02  7.2066e-04     2.7733e-01  4.2998e-03 
6.6945e+00     7.7711e-02  9.0090e-04     5.2024e-01  6.0311e-03     5.6026e-02  6.7739e-04     3.7507e-01  4.5348e-03 
7.5114e+00     8.4278e-02  1.4637e-03     6.3304e-01  1.0994e-02     6.8174e-02  1.2069e-03     5.1208e-01  9.0654e-03 
8.4279e+00     8.8103e-02  1.0950e-03     7.4253e-01  9.2289e-03     7.9965e-02  1.0311e-03     6.7394e-01  8.6900e-03 
9.4563e+00     8.7381e-02  6.7934e-04     8.2629e-01  6.4240e-03     8.8986e-02  7.5626e-04     8.4148e-01  7.1514e-03 
1.0610e+01     8.0950e-02  4.2418e-04     8.5889e-01  4.5006e-03     9.2497e-02  5.7943e-04     9.8140e-01  6.1478e-03 
1.1905e+01     6.8060e-02  6.0263e-04     8.1023e-01  7.1741e-03     8.7256e-02  8.2864e-04     1.0388e+00  9.8647e-03 
1.3357e+01     5.1565e-02  2.3310e-04     6.8877e-01  3.1135e-03     7.4175e-02  4.2104e-04     9.9078e-01  5.6239e-03 
1.4987e+01     3.4758e-02  5.5385e-04     5.2092e-01  8.3007e-03     5.6099e-02  9.1444e-04     8.4077e-01  1.3705e-02 
1.6816e+01     2.0690e-02  3.5031e-04     3.4791e-01  5.8907e-03     3.7468e-02  6.4729e-04     6.3006e-01  1.0885e-02 
1.8868e+01     1.0468e-02  2.6199e-04     1.9752e-01  4.9432e-03     2.1271e-02  5.3733e-04     4.0134e-01  1.0138e-02 
2.1170e+01     4.6020e-03  1.6065e-04     9.7423e-02  3.4009e-03     1.0492e-02  3.6802e-04     2.2211e-01  7.7909e-03 
2.3753e+01     1.7985e-03  9.4259e-05     4.2721e-02  2.2389e-03     4.6007e-03  2.4163e-04     1.0928e-01  5.7396e-03 
2.6651e+01     5.0847e-04  6.0073e-05     1.3551e-02  1.6010e-03     1.4594e-03  1.7249e-04     3.8895e-02  4.5972e-03 
2.9903e+01     1.2948e-04  2.0531e-05     3.8718e-03  6.1394e-04     4.1697e-04  6.6133e-05     1.2469e-02  1.9776e-03 
3.3552e+01     2.6510e-05  6.4394e-06     8.8947e-04  2.1606e-04     9.5790e-05  2.3270e-05     3.2140e-03  7.8076e-04 
3.7646e+01     6.9492e-07  6.6273e-07     2.6161e-05  2.4949e-05     2.8174e-06  2.6869e-06     1.0606e-04  1.0115e-04 
4.2240e+01     0.0000e+00  0.0000e+00     0.0000e+00  0.0000e+00     0.0000e+00  0.0000e+00     0.0000e+00  0.0000e+00 
4.7394e+01     0.0000e+00  0.0000e+00     0.0000e+00  0.0000e+00     0.0000e+00  0.0000e+00     0.0000e+00  0.0000e+00 
5.3176e+01     0.0000e+00  0.0000e+00     0.0000e+00  0.0000e+00     0.0000e+00  0.0000e+00     0.0000e+00  0.0000e+00 
5.9665e+01     0.0000e+00  0.0000e+00     0.0000e+00  0.0000e+00     0.0000e+00  0.0000e+00     0.0000e+00  0.0000e+00 
6.6945e+01     0.0000e+00  0.0000e+00     0.0000e+00  0.0000e+00     0.0000e+00  0.0000e+00     0.0000e+00  0.0000e+00 
7.5114e+01     0.0000e+00  0.0000e+00     0.0000e+00  0.0000e+00     0.0000e+00  0.0000e+00     0.0000e+00  0.0000e+00 
8.4279e+01     0.0000e+00  0.0000e+00     0.0000e+00  0.0000e+00     0.0000e+00  0.0000e+00     0.0000e+00  0.0000e+00 
9.4563e+01     0.0000e+00  0.0000e+00     0.0000e+00  0.0000e+00     0.0000e+00  0.0000e+00     0.0000e+00  0.0000e+00 
1.0610e+02     0.0000e+00  0.0000e+00     0.0000e+00  0.0000e+00     0.0000e+00  0.0000e+00     0.0000e+00  0.0000e+00 
1.1905e+02     0.0000e+00  0.0000e+00     0.0000e+00  0.0000e+00     0.0000e+00  0.0000e+00     0.0000e+00  0.0000e+00 
1.3357e+02     0.0000e+00  0.0000e+00     0.0000e+00  0.0000e+00     0.0000e+00  0.0000e+00     0.0000e+00  0.0000e+00 
1.4987e+02     0.0000e+00  0.0000e+00     0.0000e+00  0.0000e+00     0.0000e+00  0.0000e+00     0.0000e+00  0.0000e+00 
1.6816e+02     0.0000e+00  0.0000e+00     0.0000e+00  0.0000e+00     0.0000e+00  0.0000e+00     0.0000e+00  0.0000e+00 
1.8868e+02     0.0000e+00  0.0000e+00     0.0000e+00  0.0000e+00     0.0000e+00  0.0000e+00     0.0000e+00  0.0000e+00 
2.1170e+02     0.0000e+00  0.0000e+00     0.0000e+00  0.0000e+00     0.0000e+00  0.0000e+00     0.0000e+00  0.0000e+00 
2.3753e+02     0.0000e+00  0.0000e+00     0.0000e+00  0.0000e+00     0.0000e+00  0.0000e+00     0.0000e+00  0.0000e+00 
2.6651e+02     0.0000e+00  0.0000e+00     0.0000e+00  0.0000e+00     0.0000e+00  0.0000e+00     0.0000e+00  0.0000e+00 
2.9903e+02     0.0000e+00  0.0000e+00     0.0000e+00  0.0000e+00     0.0000e+00  0.0000e+00     0.0000e+00  0.0000e+00 
3.3552e+02     0.0000e+00  0.0000e+00     0.0000e+00  0.0000e+00     0.0000e+00  0.0000e+00     0.0000e+00  0.0000e+00 
3.7646e+02     0.0000e+00  0.0000e+00     0.0000e+00  0.0000e+00     0.0000e+00  0.0000e+00     0.0000e+00  0.0000e+00 
4.2240e+02     0.0000e+00  0.0000e+00     0.0000e+00  0.0000e+00     0.0000e+00  0.0000e+00     0.0000e+00  0.0000e+00 
4.7394e+02     0.0000e+00  0.0000e+00     0.0000e+00  0.0000e+00     0.0000e+00  0.0000e+00     0.0000e+00  0.0000e+00 
5.3176e+02     0.0000e+00  0.0000e+00     0.0000e+00  0.0000e+00     0.0000e+00  0.0000e+00     0.0000e+00  0.0000e+00 
5.9665e+02     0.0000e+00  0.0000e+00     0.0000e+00  0.0000e+00     0.0000e+00  0.0000e+00     0.0000e+00  0.0000e+00 
6.6945e+02     0.0000e+00  0.0000e+00     0.0000e+00  0.0000e+00     0.0000e+00  0.0000e+00     0.0000e+00  0.0000e+00 
7.5114e+02     0.0000e+00  0.0000e+00     0.0000e+00  0.0000e+00     0.0000e+00  0.0000e+00     0.0000e+00  0.0000e+00 
8.4279e+02     0.0000e+00  0.0000e+00     0.0000e+00  0.0000e+00     0.0000e+00  0.0000e+00     0.0000e+00  0.0000e+00 
9.4563e+02     0.0000e+00  0.0000e+00     0.0000e+00  0.0000e+00     0.0000e+00  0.0000e+00     0.0000e+00  0.0000e+00 
1.0610e+03     0.0000e+00  0.0000e+00     0.0000e+00  0.0000e+00     0.0000e+00  0.0000e+00     0.0000e+00  0.0000e+00 
1.1905e+03     0.0000e+00  0.0000e+00     0.0000e+00  0.0000e+00     0.0000e+00  0.0000e+00     0.0000e+00  0.0000e+00 
1.3357e+03     0.0000e+00  0.0000e+00     0.0000e+00  0.0000e+00     0.0000e+00  0.0000e+00     0.0000e+00  0.0000e+00 
1.4987e+03     0.0000e+00  0.0000e+00     0.0000e+00  0.0000e+00     0.0000e+00  0.0000e+00     0.0000e+00  0.0000e+00 
1.6816e+03     0.0000e+00  0.0000e+00     0.0000e+00  0.0000e+00     0.0000e+00  0.0000e+00     0.0000e+00  0.0000e+00 
1.8868e+03     0.0000e+00  0.0000e+00     0.0000e+00  0.0000e+00     0.0000e+00  0.0000e+00     0.0000e+00  0.0000e+00 
2.1170e+03     0.0000e+00  0.0000e+00     0.0000e+00  0.0000e+00     0.0000e+00  0.0000e+00     0.0000e+00  0.0000e+00 
2.3753e+03     0.0000e+00  0.0000e+00     0.0000e+00  0.0000e+00     0.0000e+00  0.0000e+00     0.0000e+00  0.0000e+00 
2.6651e+03     0.0000e+00  0.0000e+00     0.0000e+00  0.0000e+00     0.0000e+00  0.0000e+00     0.0000e+00  0.0000e+00 
2.9903e+03     0.0000e+00  0.0000e+00     0.0000e+00  0.0000e+00     0.0000e+00  0.0000e+00     0.0000e+00  0.0000e+00 
3.3552e+03     0.0000e+00  0.0000e+00     0.0000e+00  0.0000e+00     0.0000e+00  0.0000e+00     0.0000e+00  0.0000e+00 
3.7646e+03     0.0000e+00  0.0000e+00     0.0000e+00  0.0000e+00     0.0000e+00  0.0000e+00     0.0000e+00  0.0000e+00 
4.2240e+03     0.0000e+00  0.0000e+00     0.0000e+00  0.0000e+00     0.0000e+00  0.0000e+00     0.0000e+00  0.0000e+00 
4.7394e+03     0.0000e+00  0.0000e+00     0.0000e+00  0.0000e+00     0.0000e+00  0.0000e+00     0.0000e+00  0.0000e+00 
5.3176e+03     0.0000e+00  0.0000e+00     0.0000e+00  0.0000e+00     0.0000e+00  0.0000e+00     0.0000e+00  0.0000e+00 
5.9665e+03     0.0000e+00  0.0000e+00     0.0000e+00  0.0000e+00     0.0000e+00  0.0000e+00     0.0000e+00  0.0000e+00 
6.6945e+03     0.0000e+00  0.0000e+00     0.0000e+00  0.0000e+00     0.0000e+00  0.0000e+00     0.0000e+00  0.0000e+00 
7.5114e+03     0.0000e+00  0.0000e+00     0.0000e+00  0.0000e+00     0.0000e+00  0.0000e+00     0.0000e+00  0.0000e+00 
8.4279e+03     0.0000e+00  0.0000e+00     0.0000e+00  0.0000e+00     0.0000e+00  0.0000e+00     0.0000e+00  0.0000e+00 
9.4563e+03     0.0000e+00  0.0000e+00     0.0000e+00  0.0000e+00     0.0000e+00  0.0000e+00     0.0000e+00  0.0000e+00 
