yF = 8.7952e+00 (std: 3.5177e-02) keV/um
yD = 1.0996e+01 (std: 5.8237e-02) keV/um
y (keV/um)     f(y)(std)                  yf(y)(std)                 d(y)(std)                  yd(y)(std)  
1.0610e-01     4.3890e-02  5.0640e-03     4.6568e-03  5.3729e-04     5.2947e-04  6.1126e-05     5.6178e-05  6.4855e-06 
1.1905e-01     7.2521e-03  2.0489e-03     8.6334e-04  2.4392e-04     9.8161e-05  2.7736e-05     1.1686e-05  3.3019e-06 
1.3357e-01     7.0510e-03  2.0136e-03     9.4183e-04  2.6896e-04     1.0708e-04  3.0583e-05     1.4304e-05  4.0851e-06 
1.4987e-01     8.0299e-03  1.9193e-03     1.2034e-03  2.8765e-04     1.3683e-04  3.2710e-05     2.0507e-05  4.9023e-06 
1.6816e-01     7.7789e-03  2.6060e-03     1.3081e-03  4.3822e-04     1.4873e-04  4.9828e-05     2.5010e-05  8.3790e-06 
1.8868e-01     1.0122e-02  2.7586e-03     1.9098e-03  5.2049e-04     2.1714e-04  5.9185e-05     4.0970e-05  1.1167e-05 
2.1170e-01     9.2685e-03  2.4800e-03     1.9621e-03  5.2501e-04     2.2309e-04  5.9700e-05     4.7229e-05  1.2638e-05 
2.3753e-01     8.3707e-03  1.9834e-03     1.9883e-03  4.7111e-04     2.2607e-04  5.3573e-05     5.3698e-05  1.2725e-05 
2.6651e-01     1.0503e-02  2.3659e-03     2.7993e-03  6.3053e-04     3.1828e-04  7.1702e-05     8.4826e-05  1.9110e-05 
2.9903e-01     1.0411e-02  1.2181e-03     3.1133e-03  3.6425e-04     3.5397e-04  4.1439e-05     1.0585e-04  1.2392e-05 
3.3552e-01     1.2086e-02  3.0863e-03     4.0551e-03  1.0355e-03     4.6106e-04  1.1775e-04     1.5469e-04  3.9509e-05 
3.7646e-01     1.1745e-02  1.4221e-03     4.4214e-03  5.3537e-04     5.0270e-04  6.0904e-05     1.8925e-04  2.2928e-05 
4.2240e-01     1.2697e-02  1.9922e-03     5.3632e-03  8.4151e-04     6.0979e-04  9.5710e-05     2.5757e-04  4.0427e-05 
4.7394e-01     1.4518e-02  1.3318e-03     6.8806e-03  6.3119e-04     7.8231e-04  7.1834e-05     3.7077e-04  3.4045e-05 
5.3176e-01     1.6727e-02  9.0841e-04     8.8950e-03  4.8306e-04     1.0114e-03  5.5072e-05     5.3780e-04  2.9285e-05 
5.9665e-01     1.7364e-02  1.4013e-03     1.0360e-02  8.3607e-04     1.1779e-03  9.5176e-05     7.0281e-04  5.6787e-05 
6.6945e-01     1.7117e-02  1.9089e-03     1.1459e-02  1.2779e-03     1.3029e-03  1.4539e-04     8.7220e-04  9.7335e-05 
7.5114e-01     1.7345e-02  1.5764e-03     1.3029e-02  1.1841e-03     1.4813e-03  1.3476e-04     1.1127e-03  1.0122e-04 
8.4279e-01     2.0457e-02  1.2046e-03     1.7241e-02  1.0153e-03     1.9602e-03  1.1570e-04     1.6521e-03  9.7511e-05 
9.4563e-01     2.0971e-02  1.5545e-03     1.9831e-02  1.4700e-03     2.2547e-03  1.6738e-04     2.1321e-03  1.5828e-04 
1.0610e+00     2.3992e-02  1.4479e-03     2.5456e-02  1.5363e-03     2.8943e-03  1.7505e-04     3.0708e-03  1.8573e-04 
1.1905e+00     2.5712e-02  1.3509e-03     3.0609e-02  1.6082e-03     3.4803e-03  1.8338e-04     4.1431e-03  2.1831e-04 
1.3357e+00     2.7773e-02  8.5445e-04     3.7098e-02  1.1413e-03     4.2179e-03  1.3086e-04     5.6340e-03  1.7479e-04 
1.4987e+00     2.9117e-02  8.5592e-04     4.3638e-02  1.2828e-03     4.9616e-03  1.4719e-04     7.4360e-03  2.2060e-04 
1.6816e+00     3.2251e-02  1.2517e-03     5.4234e-02  2.1048e-03     6.1663e-03  2.4058e-04     1.0369e-02  4.0456e-04 
1.8868e+00     3.3680e-02  7.3301e-04     6.3547e-02  1.3830e-03     7.2252e-03  1.5988e-04     1.3632e-02  3.0166e-04 
2.1170e+00     3.8681e-02  2.3310e-03     8.1887e-02  4.9347e-03     9.3104e-03  5.6230e-04     1.9710e-02  1.1904e-03 
2.3753e+00     4.1270e-02  1.4210e-03     9.8029e-02  3.3753e-03     1.1146e-02  3.8635e-04     2.6475e-02  9.1769e-04 
2.6651e+00     4.4075e-02  1.5303e-03     1.1747e-01  4.0785e-03     1.3356e-02  4.6679e-04     3.5595e-02  1.2441e-03 
2.9903e+00     4.8084e-02  1.0414e-03     1.4379e-01  3.1142e-03     1.6348e-02  3.6007e-04     4.8887e-02  1.0767e-03 
3.3552e+00     5.1323e-02  1.1343e-03     1.7220e-01  3.8059e-03     1.9579e-02  4.3976e-04     6.5690e-02  1.4755e-03 
3.7646e+00     5.6673e-02  1.2961e-03     2.1335e-01  4.8793e-03     2.4258e-02  5.6319e-04     9.1320e-02  2.1202e-03 
4.2240e+00     6.1404e-02  9.4657e-04     2.5937e-01  3.9982e-03     2.9490e-02  4.6965e-04     1.2456e-01  1.9838e-03 
4.7394e+00     6.7213e-02  1.0351e-03     3.1855e-01  4.9057e-03     3.6218e-02  5.7628e-04     1.7165e-01  2.7312e-03 
5.3176e+00     7.2794e-02  8.4633e-04     3.8709e-01  4.5005e-03     4.4012e-02  5.4113e-04     2.3404e-01  2.8776e-03 
5.9665e+00     8.0891e-02  7.6376e-04     4.8263e-01  4.5570e-03     5.4875e-02  5.6269e-04     3.2741e-01  3.3573e-03 
6.6945e+00     8.6092e-02  1.2662e-03     5.7635e-01  8.4763e-03     6.5530e-02  9.9875e-04     4.3869e-01  6.6862e-03 
7.5114e+00     9.0456e-02  1.9806e-03     6.7945e-01  1.4877e-02     7.7253e-02  1.7195e-03     5.8027e-01  1.2916e-02 
8.4279e+00     9.2679e-02  8.8807e-04     7.8109e-01  7.4846e-03     8.8809e-02  9.2214e-04     7.4847e-01  7.7717e-03 
9.4563e+00     8.8897e-02  4.5799e-04     8.4063e-01  4.3309e-03     9.5579e-02  6.2339e-04     9.0382e-01  5.8949e-03 
1.0610e+01     7.8574e-02  7.5125e-04     8.3367e-01  7.9709e-03     9.4788e-02  9.8238e-04     1.0057e+00  1.0423e-02 
1.1905e+01     6.3131e-02  6.2827e-04     7.5155e-01  7.4794e-03     8.5451e-02  9.1651e-04     1.0173e+00  1.0911e-02 
1.3357e+01     4.5614e-02  8.3221e-04     6.0928e-01  1.1116e-02     6.9275e-02  1.2939e-03     9.2533e-01  1.7283e-02 
1.4987e+01     2.9030e-02  5.3877e-04     4.3507e-01  8.0747e-03     4.9467e-02  9.3916e-04     7.4137e-01  1.4075e-02 
1.6816e+01     1.6211e-02  2.4758e-04     2.7261e-01  4.1632e-03     3.0995e-02  4.8932e-04     5.2121e-01  8.2283e-03 
1.8868e+01     8.0339e-03  1.9506e-04     1.5158e-01  3.6803e-03     1.7235e-02  4.2409e-04     3.2518e-01  8.0016e-03 
2.1170e+01     3.3972e-03  1.6104e-04     7.1919e-02  3.4091e-03     8.1771e-03  3.8899e-04     1.7311e-01  8.2349e-03 
2.3753e+01     1.2171e-03  7.0259e-05     2.8909e-02  1.6689e-03     3.2869e-03  1.9020e-04     7.8074e-02  4.5179e-03 
2.6651e+01     3.3474e-04  1.9167e-05     8.9212e-03  5.1083e-04     1.0143e-03  5.8222e-05     2.7033e-02  1.5517e-03 
2.9903e+01     9.0113e-05  9.1659e-06     2.6947e-03  2.7409e-04     3.0638e-04  3.1188e-05     9.1618e-03  9.3262e-04 
3.3552e+01     1.3256e-05  2.1728e-05     4.4475e-04  7.2903e-04     5.0568e-05  8.2890e-05     1.6967e-03  2.7811e-03 
3.7646e+01     1.3899e-06  1.6547e-06     5.2324e-05  6.2292e-05     5.9492e-06  7.0825e-06     2.2396e-04  2.6663e-04 
4.2240e+01     0.0000e+00  0.0000e+00     0.0000e+00  0.0000e+00     0.0000e+00  0.0000e+00     0.0000e+00  0.0000e+00 
4.7394e+01     0.0000e+00  0.0000e+00     0.0000e+00  0.0000e+00     0.0000e+00  0.0000e+00     0.0000e+00  0.0000e+00 
5.3176e+01     0.0000e+00  0.0000e+00     0.0000e+00  0.0000e+00     0.0000e+00  0.0000e+00     0.0000e+00  0.0000e+00 
5.9665e+01     0.0000e+00  0.0000e+00     0.0000e+00  0.0000e+00     0.0000e+00  0.0000e+00     0.0000e+00  0.0000e+00 
6.6945e+01     0.0000e+00  0.0000e+00     0.0000e+00  0.0000e+00     0.0000e+00  0.0000e+00     0.0000e+00  0.0000e+00 
7.5114e+01     0.0000e+00  0.0000e+00     0.0000e+00  0.0000e+00     0.0000e+00  0.0000e+00     0.0000e+00  0.0000e+00 
8.4279e+01     0.0000e+00  0.0000e+00     0.0000e+00  0.0000e+00     0.0000e+00  0.0000e+00     0.0000e+00  0.0000e+00 
9.4563e+01     0.0000e+00  0.0000e+00     0.0000e+00  0.0000e+00     0.0000e+00  0.0000e+00     0.0000e+00  0.0000e+00 
1.0610e+02     0.0000e+00  0.0000e+00     0.0000e+00  0.0000e+00     0.0000e+00  0.0000e+00     0.0000e+00  0.0000e+00 
1.1905e+02     0.0000e+00  0.0000e+00     0.0000e+00  0.0000e+00     0.0000e+00  0.0000e+00     0.0000e+00  0.0000e+00 
1.3357e+02     0.0000e+00  0.0000e+00     0.0000e+00  0.0000e+00     0.0000e+00  0.0000e+00     0.0000e+00  0.0000e+00 
1.4987e+02     0.0000e+00  0.0000e+00     0.0000e+00  0.0000e+00     0.0000e+00  0.0000e+00     0.0000e+00  0.0000e+00 
1.6816e+02     0.0000e+00  0.0000e+00     0.0000e+00  0.0000e+00     0.0000e+00  0.0000e+00     0.0000e+00  0.0000e+00 
1.8868e+02     0.0000e+00  0.0000e+00     0.0000e+00  0.0000e+00     0.0000e+00  0.0000e+00     0.0000e+00  0.0000e+00 
2.1170e+02     0.0000e+00  0.0000e+00     0.0000e+00  0.0000e+00     0.0000e+00  0.0000e+00     0.0000e+00  0.0000e+00 
2.3753e+02     0.0000e+00  0.0000e+00     0.0000e+00  0.0000e+00     0.0000e+00  0.0000e+00     0.0000e+00  0.0000e+00 
2.6651e+02     9.8164e-08  5.6128e-08     2.6162e-05  1.4959e-05     2.9746e-06  1.7009e-06     7.9276e-04  4.5330e-04 
2.9903e+02     0.0000e+00  0.0000e+00     0.0000e+00  0.0000e+00     0.0000e+00  0.0000e+00     0.0000e+00  0.0000e+00 
3.3552e+02     0.0000e+00  0.0000e+00     0.0000e+00  0.0000e+00     0.0000e+00  0.0000e+00     0.0000e+00  0.0000e+00 
3.7646e+02     0.0000e+00  0.0000e+00     0.0000e+00  0.0000e+00     0.0000e+00  0.0000e+00     0.0000e+00  0.0000e+00 
4.2240e+02     0.0000e+00  0.0000e+00     0.0000e+00  0.0000e+00     0.0000e+00  0.0000e+00     0.0000e+00  0.0000e+00 
4.7394e+02     0.0000e+00  0.0000e+00     0.0000e+00  0.0000e+00     0.0000e+00  0.0000e+00     0.0000e+00  0.0000e+00 
5.3176e+02     0.0000e+00  0.0000e+00     0.0000e+00  0.0000e+00     0.0000e+00  0.0000e+00     0.0000e+00  0.0000e+00 
5.9665e+02     0.0000e+00  0.0000e+00     0.0000e+00  0.0000e+00     0.0000e+00  0.0000e+00     0.0000e+00  0.0000e+00 
6.6945e+02     0.0000e+00  0.0000e+00     0.0000e+00  0.0000e+00     0.0000e+00  0.0000e+00     0.0000e+00  0.0000e+00 
7.5114e+02     0.0000e+00  0.0000e+00     0.0000e+00  0.0000e+00     0.0000e+00  0.0000e+00     0.0000e+00  0.0000e+00 
8.4279e+02     0.0000e+00  0.0000e+00     0.0000e+00  0.0000e+00     0.0000e+00  0.0000e+00     0.0000e+00  0.0000e+00 
9.4563e+02     0.0000e+00  0.0000e+00     0.0000e+00  0.0000e+00     0.0000e+00  0.0000e+00     0.0000e+00  0.0000e+00 
1.0610e+03     0.0000e+00  0.0000e+00     0.0000e+00  0.0000e+00     0.0000e+00  0.0000e+00     0.0000e+00  0.0000e+00 
1.1905e+03     0.0000e+00  0.0000e+00     0.0000e+00  0.0000e+00     0.0000e+00  0.0000e+00     0.0000e+00  0.0000e+00 
1.3357e+03     0.0000e+00  0.0000e+00     0.0000e+00  0.0000e+00     0.0000e+00  0.0000e+00     0.0000e+00  0.0000e+00 
1.4987e+03     0.0000e+00  0.0000e+00     0.0000e+00  0.0000e+00     0.0000e+00  0.0000e+00     0.0000e+00  0.0000e+00 
1.6816e+03     0.0000e+00  0.0000e+00     0.0000e+00  0.0000e+00     0.0000e+00  0.0000e+00     0.0000e+00  0.0000e+00 
1.8868e+03     0.0000e+00  0.0000e+00     0.0000e+00  0.0000e+00     0.0000e+00  0.0000e+00     0.0000e+00  0.0000e+00 
2.1170e+03     0.0000e+00  0.0000e+00     0.0000e+00  0.0000e+00     0.0000e+00  0.0000e+00     0.0000e+00  0.0000e+00 
2.3753e+03     0.0000e+00  0.0000e+00     0.0000e+00  0.0000e+00     0.0000e+00  0.0000e+00     0.0000e+00  0.0000e+00 
2.6651e+03     0.0000e+00  0.0000e+00     0.0000e+00  0.0000e+00     0.0000e+00  0.0000e+00     0.0000e+00  0.0000e+00 
2.9903e+03     0.0000e+00  0.0000e+00     0.0000e+00  0.0000e+00     0.0000e+00  0.0000e+00     0.0000e+00  0.0000e+00 
3.3552e+03     0.0000e+00  0.0000e+00     0.0000e+00  0.0000e+00     0.0000e+00  0.0000e+00     0.0000e+00  0.0000e+00 
3.7646e+03     0.0000e+00  0.0000e+00     0.0000e+00  0.0000e+00     0.0000e+00  0.0000e+00     0.0000e+00  0.0000e+00 
4.2240e+03     0.0000e+00  0.0000e+00     0.0000e+00  0.0000e+00     0.0000e+00  0.0000e+00     0.0000e+00  0.0000e+00 
4.7394e+03     0.0000e+00  0.0000e+00     0.0000e+00  0.0000e+00     0.0000e+00  0.0000e+00     0.0000e+00  0.0000e+00 
5.3176e+03     0.0000e+00  0.0000e+00     0.0000e+00  0.0000e+00     0.0000e+00  0.0000e+00     0.0000e+00  0.0000e+00 
5.9665e+03     0.0000e+00  0.0000e+00     0.0000e+00  0.0000e+00     0.0000e+00  0.0000e+00     0.0000e+00  0.0000e+00 
6.6945e+03     0.0000e+00  0.0000e+00     0.0000e+00  0.0000e+00     0.0000e+00  0.0000e+00     0.0000e+00  0.0000e+00 
7.5114e+03     0.0000e+00  0.0000e+00     0.0000e+00  0.0000e+00     0.0000e+00  0.0000e+00     0.0000e+00  0.0000e+00 
8.4279e+03     0.0000e+00  0.0000e+00     0.0000e+00  0.0000e+00     0.0000e+00  0.0000e+00     0.0000e+00  0.0000e+00 
9.4563e+03     0.0000e+00  0.0000e+00     0.0000e+00  0.0000e+00     0.0000e+00  0.0000e+00     0.0000e+00  0.0000e+00 
