yF = 1.0457e+01 (std: 3.5637e-02) keV/um
yD = 1.2868e+01 (std: 5.4226e-02) keV/um
y (keV/um)     f(y)(std)                  yf(y)(std)                 d(y)(std)                  yd(y)(std)  
1.0610e-01     2.9341e-02  6.7797e-03     3.1131e-03  7.1933e-04     2.9771e-04  6.8799e-05     3.1587e-05  7.2996e-06 
1.1905e-01     5.7134e-03  1.4768e-03     6.8016e-04  1.7581e-04     6.5045e-05  1.6815e-05     7.7435e-06  2.0018e-06 
1.3357e-01     5.2879e-03  1.4978e-03     7.0632e-04  2.0006e-04     6.7547e-05  1.9134e-05     9.0225e-06  2.5558e-06 
1.4987e-01     4.8874e-03  1.1739e-03     7.3248e-04  1.7594e-04     7.0049e-05  1.6827e-05     1.0498e-05  2.5219e-06 
1.6816e-01     5.2893e-03  1.3295e-03     8.8945e-04  2.2357e-04     8.5059e-05  2.1382e-05     1.4303e-05  3.5956e-06 
1.8868e-01     5.9620e-03  1.8648e-03     1.1249e-03  3.5184e-04     1.0758e-04  3.3649e-05     2.0297e-05  6.3488e-06 
2.1170e-01     7.7851e-03  1.3910e-03     1.6481e-03  2.9448e-04     1.5761e-04  2.8167e-05     3.3366e-05  5.9628e-06 
2.3753e-01     5.7270e-03  8.6198e-04     1.3603e-03  2.0475e-04     1.3009e-04  1.9585e-05     3.0901e-05  4.6521e-06 
2.6651e-01     8.4415e-03  4.0748e-03     2.2498e-03  1.0860e-03     2.1515e-04  1.0386e-04     5.7340e-05  2.7679e-05 
2.9903e-01     7.2610e-03  1.3029e-03     2.1713e-03  3.8962e-04     2.0765e-04  3.7267e-05     6.2093e-05  1.1144e-05 
3.3552e-01     8.3427e-03  1.1361e-03     2.7991e-03  3.8119e-04     2.6769e-04  3.6465e-05     8.9814e-05  1.2235e-05 
3.7646e-01     7.8524e-03  1.0630e-03     2.9561e-03  4.0016e-04     2.8270e-04  3.8281e-05     1.0642e-04  1.4411e-05 
4.2240e-01     9.7854e-03  1.8247e-03     4.1333e-03  7.7074e-04     3.9528e-04  7.3720e-05     1.6696e-04  3.1139e-05 
4.7394e-01     9.8804e-03  1.0142e-03     4.6827e-03  4.8066e-04     4.4781e-04  4.5992e-05     2.1223e-04  2.1797e-05 
5.3176e-01     1.0577e-02  1.3981e-03     5.6244e-03  7.4346e-04     5.3788e-04  7.1123e-05     2.8602e-04  3.7820e-05 
5.9665e-01     1.1268e-02  1.4613e-03     6.7232e-03  8.7185e-04     6.4295e-04  8.3406e-05     3.8362e-04  4.9764e-05 
6.6945e-01     1.2075e-02  1.3309e-03     8.0835e-03  8.9100e-04     7.7304e-04  8.5249e-05     5.1751e-04  5.7070e-05 
7.5114e-01     1.3478e-02  1.4444e-03     1.0124e-02  1.0849e-03     9.6818e-04  1.0381e-04     7.2723e-04  7.7973e-05 
8.4279e-01     1.4403e-02  9.6164e-04     1.2138e-02  8.1046e-04     1.1608e-03  7.7607e-05     9.7832e-04  6.5406e-05 
9.4563e-01     1.5326e-02  1.5204e-03     1.4493e-02  1.4377e-03     1.3860e-03  1.3757e-04     1.3106e-03  1.3009e-04 
1.0610e+00     1.6569e-02  1.2744e-03     1.7580e-02  1.3522e-03     1.6812e-03  1.2944e-04     1.7837e-03  1.3734e-04 
1.1905e+00     1.7580e-02  1.3802e-03     2.0928e-02  1.6431e-03     2.0014e-03  1.5728e-04     2.3826e-03  1.8724e-04 
1.3357e+00     1.9134e-02  1.5303e-03     2.5558e-02  2.0440e-03     2.4442e-03  1.9565e-04     3.2648e-03  2.6134e-04 
1.4987e+00     2.0702e-02  1.6539e-03     3.1026e-02  2.4787e-03     2.9671e-03  2.3726e-04     4.4468e-03  3.5559e-04 
1.6816e+00     2.2480e-02  1.3968e-03     3.7801e-02  2.3489e-03     3.6150e-03  2.2497e-04     6.0790e-03  3.7830e-04 
1.8868e+00     2.4638e-02  1.6513e-03     4.6487e-02  3.1157e-03     4.4456e-03  2.9834e-04     8.3878e-03  5.6290e-04 
2.1170e+00     2.5715e-02  1.1043e-03     5.4439e-02  2.3378e-03     5.2061e-03  2.2427e-04     1.1021e-02  4.7478e-04 
2.3753e+00     2.9108e-02  6.7313e-04     6.9141e-02  1.5989e-03     6.6121e-03  1.5456e-04     1.5706e-02  3.6712e-04 
2.6651e+00     3.2647e-02  5.2946e-04     8.7009e-02  1.4111e-03     8.3208e-03  1.3789e-04     2.2176e-02  3.6750e-04 
2.9903e+00     3.4022e-02  5.1404e-04     1.0174e-01  1.5372e-03     9.7293e-03  1.5069e-04     2.9094e-02  4.5063e-04 
3.3552e+00     3.8415e-02  1.3587e-03     1.2889e-01  4.5586e-03     1.2326e-02  4.3797e-04     4.1357e-02  1.4695e-03 
3.7646e+00     4.0784e-02  7.1290e-04     1.5353e-01  2.6838e-03     1.4683e-02  2.6149e-04     5.5275e-02  9.8440e-04 
4.2240e+00     4.3656e-02  1.4140e-03     1.8440e-01  5.9728e-03     1.7635e-02  5.7434e-04     7.4489e-02  2.4260e-03 
4.7394e+00     4.8315e-02  1.4438e-03     2.2898e-01  6.8427e-03     2.1898e-02  6.5862e-04     1.0378e-01  3.1214e-03 
5.3176e+00     5.3121e-02  1.5130e-03     2.8248e-01  8.0453e-03     2.7014e-02  7.7488e-04     1.4365e-01  4.1205e-03 
5.9665e+00     5.7915e-02  9.9858e-04     3.4555e-01  5.9580e-03     3.3046e-02  5.8080e-04     1.9717e-01  3.4653e-03 
6.6945e+00     6.3492e-02  6.0787e-04     4.2505e-01  4.0694e-03     4.0648e-02  4.1309e-04     2.7212e-01  2.7654e-03 
7.5114e+00     6.8561e-02  6.0783e-04     5.1499e-01  4.5656e-03     4.9249e-02  4.6777e-04     3.6993e-01  3.5136e-03 
8.4279e+00     7.3943e-02  5.9935e-04     6.2319e-01  5.0512e-03     5.9597e-02  5.2402e-04     5.0227e-01  4.4164e-03 
9.4563e+00     7.7911e-02  1.6315e-03     7.3675e-01  1.5428e-02     7.0457e-02  1.4948e-03     6.6626e-01  1.4135e-02 
1.0610e+01     7.8889e-02  5.6083e-04     8.3702e-01  5.9504e-03     8.0046e-02  6.3106e-04     8.4929e-01  6.6956e-03 
1.1905e+01     7.4483e-02  4.7896e-04     8.8670e-01  5.7019e-03     8.4797e-02  6.1713e-04     1.0095e+00  7.3468e-03 
1.3357e+01     6.3148e-02  3.7395e-04     8.4348e-01  4.9950e-03     8.0664e-02  5.5114e-04     1.0775e+00  7.3617e-03 
1.4987e+01     4.8097e-02  7.0865e-04     7.2084e-01  1.0621e-02     6.8936e-02  1.0425e-03     1.0331e+00  1.5624e-02 
1.6816e+01     3.2288e-02  2.8550e-04     5.4295e-01  4.8009e-03     5.1924e-02  4.9204e-04     8.7314e-01  8.2740e-03 
1.8868e+01     1.8116e-02  2.0504e-04     3.4181e-01  3.8686e-03     3.2688e-02  3.8637e-04     6.1674e-01  7.2900e-03 
2.1170e+01     8.7984e-03  1.9061e-04     1.8626e-01  4.0352e-03     1.7812e-02  3.9064e-04     3.7709e-01  8.2699e-03 
2.3753e+01     3.7291e-03  8.6314e-05     8.8578e-02  2.0502e-03     8.4709e-03  1.9818e-04     2.0121e-01  4.7074e-03 
2.6651e+01     1.2338e-03  9.7530e-05     3.2883e-02  2.5993e-03     3.1447e-03  2.4881e-04     8.3810e-02  6.6311e-03 
2.9903e+01     3.3768e-04  1.9563e-05     1.0098e-02  5.8500e-04     9.6567e-04  5.6041e-05     2.8877e-02  1.6758e-03 
3.3552e+01     7.1731e-05  1.8939e-05     2.4067e-03  6.3543e-04     2.3016e-04  6.0772e-05     7.7224e-03  2.0390e-03 
3.7646e+01     1.1813e-05  1.1861e-05     4.4472e-04  4.4654e-04     4.2530e-05  4.2703e-05     1.6011e-03  1.6076e-03 
4.2240e+01     1.2387e-06  9.6862e-07     5.2320e-05  4.0914e-05     5.0035e-06  3.9127e-06     2.1135e-04  1.6527e-04 
4.7394e+01     0.0000e+00  0.0000e+00     0.0000e+00  0.0000e+00     0.0000e+00  0.0000e+00     0.0000e+00  0.0000e+00 
5.3176e+01     0.0000e+00  0.0000e+00     0.0000e+00  0.0000e+00     0.0000e+00  0.0000e+00     0.0000e+00  0.0000e+00 
5.9665e+01     0.0000e+00  0.0000e+00     0.0000e+00  0.0000e+00     0.0000e+00  0.0000e+00     0.0000e+00  0.0000e+00 
6.6945e+01     0.0000e+00  0.0000e+00     0.0000e+00  0.0000e+00     0.0000e+00  0.0000e+00     0.0000e+00  0.0000e+00 
7.5114e+01     0.0000e+00  0.0000e+00     0.0000e+00  0.0000e+00     0.0000e+00  0.0000e+00     0.0000e+00  0.0000e+00 
8.4279e+01     0.0000e+00  0.0000e+00     0.0000e+00  0.0000e+00     0.0000e+00  0.0000e+00     0.0000e+00  0.0000e+00 
9.4563e+01     0.0000e+00  0.0000e+00     0.0000e+00  0.0000e+00     0.0000e+00  0.0000e+00     0.0000e+00  0.0000e+00 
1.0610e+02     0.0000e+00  0.0000e+00     0.0000e+00  0.0000e+00     0.0000e+00  0.0000e+00     0.0000e+00  0.0000e+00 
1.1905e+02     0.0000e+00  0.0000e+00     0.0000e+00  0.0000e+00     0.0000e+00  0.0000e+00     0.0000e+00  0.0000e+00 
1.3357e+02     0.0000e+00  0.0000e+00     0.0000e+00  0.0000e+00     0.0000e+00  0.0000e+00     0.0000e+00  0.0000e+00 
1.4987e+02     0.0000e+00  0.0000e+00     0.0000e+00  0.0000e+00     0.0000e+00  0.0000e+00     0.0000e+00  0.0000e+00 
1.6816e+02     0.0000e+00  0.0000e+00     0.0000e+00  0.0000e+00     0.0000e+00  0.0000e+00     0.0000e+00  0.0000e+00 
1.8868e+02     0.0000e+00  0.0000e+00     0.0000e+00  0.0000e+00     0.0000e+00  0.0000e+00     0.0000e+00  0.0000e+00 
2.1170e+02     0.0000e+00  0.0000e+00     0.0000e+00  0.0000e+00     0.0000e+00  0.0000e+00     0.0000e+00  0.0000e+00 
2.3753e+02     0.0000e+00  0.0000e+00     0.0000e+00  0.0000e+00     0.0000e+00  0.0000e+00     0.0000e+00  0.0000e+00 
2.6651e+02     0.0000e+00  0.0000e+00     0.0000e+00  0.0000e+00     0.0000e+00  0.0000e+00     0.0000e+00  0.0000e+00 
2.9903e+02     0.0000e+00  0.0000e+00     0.0000e+00  0.0000e+00     0.0000e+00  0.0000e+00     0.0000e+00  0.0000e+00 
3.3552e+02     0.0000e+00  0.0000e+00     0.0000e+00  0.0000e+00     0.0000e+00  0.0000e+00     0.0000e+00  0.0000e+00 
3.7646e+02     0.0000e+00  0.0000e+00     0.0000e+00  0.0000e+00     0.0000e+00  0.0000e+00     0.0000e+00  0.0000e+00 
4.2240e+02     0.0000e+00  0.0000e+00     0.0000e+00  0.0000e+00     0.0000e+00  0.0000e+00     0.0000e+00  0.0000e+00 
4.7394e+02     0.0000e+00  0.0000e+00     0.0000e+00  0.0000e+00     0.0000e+00  0.0000e+00     0.0000e+00  0.0000e+00 
5.3176e+02     0.0000e+00  0.0000e+00     0.0000e+00  0.0000e+00     0.0000e+00  0.0000e+00     0.0000e+00  0.0000e+00 
5.9665e+02     0.0000e+00  0.0000e+00     0.0000e+00  0.0000e+00     0.0000e+00  0.0000e+00     0.0000e+00  0.0000e+00 
6.6945e+02     0.0000e+00  0.0000e+00     0.0000e+00  0.0000e+00     0.0000e+00  0.0000e+00     0.0000e+00  0.0000e+00 
7.5114e+02     0.0000e+00  0.0000e+00     0.0000e+00  0.0000e+00     0.0000e+00  0.0000e+00     0.0000e+00  0.0000e+00 
8.4279e+02     0.0000e+00  0.0000e+00     0.0000e+00  0.0000e+00     0.0000e+00  0.0000e+00     0.0000e+00  0.0000e+00 
9.4563e+02     0.0000e+00  0.0000e+00     0.0000e+00  0.0000e+00     0.0000e+00  0.0000e+00     0.0000e+00  0.0000e+00 
1.0610e+03     0.0000e+00  0.0000e+00     0.0000e+00  0.0000e+00     0.0000e+00  0.0000e+00     0.0000e+00  0.0000e+00 
1.1905e+03     0.0000e+00  0.0000e+00     0.0000e+00  0.0000e+00     0.0000e+00  0.0000e+00     0.0000e+00  0.0000e+00 
1.3357e+03     0.0000e+00  0.0000e+00     0.0000e+00  0.0000e+00     0.0000e+00  0.0000e+00     0.0000e+00  0.0000e+00 
1.4987e+03     0.0000e+00  0.0000e+00     0.0000e+00  0.0000e+00     0.0000e+00  0.0000e+00     0.0000e+00  0.0000e+00 
1.6816e+03     0.0000e+00  0.0000e+00     0.0000e+00  0.0000e+00     0.0000e+00  0.0000e+00     0.0000e+00  0.0000e+00 
1.8868e+03     0.0000e+00  0.0000e+00     0.0000e+00  0.0000e+00     0.0000e+00  0.0000e+00     0.0000e+00  0.0000e+00 
2.1170e+03     0.0000e+00  0.0000e+00     0.0000e+00  0.0000e+00     0.0000e+00  0.0000e+00     0.0000e+00  0.0000e+00 
2.3753e+03     0.0000e+00  0.0000e+00     0.0000e+00  0.0000e+00     0.0000e+00  0.0000e+00     0.0000e+00  0.0000e+00 
2.6651e+03     0.0000e+00  0.0000e+00     0.0000e+00  0.0000e+00     0.0000e+00  0.0000e+00     0.0000e+00  0.0000e+00 
2.9903e+03     0.0000e+00  0.0000e+00     0.0000e+00  0.0000e+00     0.0000e+00  0.0000e+00     0.0000e+00  0.0000e+00 
3.3552e+03     0.0000e+00  0.0000e+00     0.0000e+00  0.0000e+00     0.0000e+00  0.0000e+00     0.0000e+00  0.0000e+00 
3.7646e+03     0.0000e+00  0.0000e+00     0.0000e+00  0.0000e+00     0.0000e+00  0.0000e+00     0.0000e+00  0.0000e+00 
4.2240e+03     0.0000e+00  0.0000e+00     0.0000e+00  0.0000e+00     0.0000e+00  0.0000e+00     0.0000e+00  0.0000e+00 
4.7394e+03     0.0000e+00  0.0000e+00     0.0000e+00  0.0000e+00     0.0000e+00  0.0000e+00     0.0000e+00  0.0000e+00 
5.3176e+03     0.0000e+00  0.0000e+00     0.0000e+00  0.0000e+00     0.0000e+00  0.0000e+00     0.0000e+00  0.0000e+00 
5.9665e+03     0.0000e+00  0.0000e+00     0.0000e+00  0.0000e+00     0.0000e+00  0.0000e+00     0.0000e+00  0.0000e+00 
6.6945e+03     0.0000e+00  0.0000e+00     0.0000e+00  0.0000e+00     0.0000e+00  0.0000e+00     0.0000e+00  0.0000e+00 
7.5114e+03     0.0000e+00  0.0000e+00     0.0000e+00  0.0000e+00     0.0000e+00  0.0000e+00     0.0000e+00  0.0000e+00 
8.4279e+03     0.0000e+00  0.0000e+00     0.0000e+00  0.0000e+00     0.0000e+00  0.0000e+00     0.0000e+00  0.0000e+00 
9.4563e+03     0.0000e+00  0.0000e+00     0.0000e+00  0.0000e+00     0.0000e+00  0.0000e+00     0.0000e+00  0.0000e+00 
