yF = 1.5037e+00 (std: 6.2033e-03) keV/um
yD = 2.5499e+00 (std: 1.9967e-02) keV/um
y (keV/um)     f(y)(std)                  yf(y)(std)                 d(y)(std)                  yd(y)(std)  
1.0610e-01     1.5619e+00  3.8120e-02     1.6572e-01  4.0446e-03     1.1020e-01  2.7278e-03     1.1693e-02  2.8943e-04 
1.1905e-01     2.3175e-01  5.6843e-03     2.7589e-02  6.7670e-04     1.8347e-02  4.5633e-04     2.1842e-03  5.4325e-05 
1.3357e-01     2.5089e-01  9.2825e-03     3.3512e-02  1.2399e-03     2.2286e-02  8.2965e-04     2.9768e-03  1.1082e-04 
1.4987e-01     2.7244e-01  1.2186e-02     4.0831e-02  1.8263e-03     2.7153e-02  1.2197e-03     4.0694e-03  1.8279e-04 
1.6816e-01     2.8210e-01  8.2407e-03     4.7438e-02  1.3857e-03     3.1547e-02  9.3068e-04     5.3049e-03  1.5650e-04 
1.8868e-01     2.9314e-01  7.9596e-03     5.5309e-02  1.5018e-03     3.6781e-02  1.0102e-03     6.9398e-03  1.9060e-04 
2.1170e-01     3.1101e-01  1.5815e-02     6.5840e-02  3.3480e-03     4.3784e-02  2.2338e-03     9.2691e-03  4.7289e-04 
2.3753e-01     3.2107e-01  1.0132e-02     7.6264e-02  2.4066e-03     5.0717e-02  1.6140e-03     1.2047e-02  3.8337e-04 
2.6651e-01     3.4463e-01  1.2762e-02     9.1849e-02  3.4013e-03     6.1081e-02  2.2759e-03     1.6279e-02  6.0656e-04 
2.9903e-01     3.6033e-01  1.0277e-02     1.0775e-01  3.0730e-03     7.1655e-02  2.0649e-03     2.1427e-02  6.1746e-04 
3.3552e-01     3.8509e-01  1.2150e-02     1.2920e-01  4.0766e-03     8.5923e-02  2.7341e-03     2.8829e-02  9.1733e-04 
3.7646e-01     4.0845e-01  6.4363e-03     1.5377e-01  2.4230e-03     1.0226e-01  1.6656e-03     3.8495e-02  6.2704e-04 
4.2240e-01     4.3396e-01  7.1884e-03     1.8330e-01  3.0363e-03     1.2190e-01  2.0809e-03     5.1489e-02  8.7895e-04 
4.7394e-01     4.5687e-01  1.2971e-02     2.1653e-01  6.1472e-03     1.4399e-01  4.1309e-03     6.8243e-02  1.9578e-03 
5.3176e-01     4.6892e-01  7.6139e-03     2.4935e-01  4.0488e-03     1.6582e-01  2.7780e-03     8.8179e-02  1.4773e-03 
5.9665e-01     5.0497e-01  8.0370e-03     3.0129e-01  4.7953e-03     2.0036e-01  3.2943e-03     1.1955e-01  1.9655e-03 
6.6945e-01     5.1951e-01  6.6788e-03     3.4778e-01  4.4712e-03     2.3128e-01  3.1227e-03     1.5483e-01  2.0905e-03 
7.5114e-01     5.3594e-01  1.3476e-02     4.0257e-01  1.0123e-02     2.6771e-01  6.8216e-03     2.0109e-01  5.1239e-03 
8.4279e-01     5.2923e-01  6.1929e-03     4.4603e-01  5.2193e-03     2.9661e-01  3.6803e-03     2.4998e-01  3.1017e-03 
9.4563e-01     5.1410e-01  1.0151e-02     4.8615e-01  9.5993e-03     3.2329e-01  6.5215e-03     3.0572e-01  6.1669e-03 
1.0610e+00     5.0340e-01  9.1503e-03     5.3411e-01  9.7086e-03     3.5519e-01  6.6205e-03     3.7686e-01  7.0244e-03 
1.1905e+00     4.5717e-01  3.6803e-03     5.4425e-01  4.3813e-03     3.6193e-01  3.2739e-03     4.3087e-01  3.8975e-03 
1.3357e+00     4.0956e-01  4.3452e-03     5.4707e-01  5.8040e-03     3.6381e-01  4.1412e-03     4.8595e-01  5.5316e-03 
1.4987e+00     3.4345e-01  3.9536e-03     5.1474e-01  5.9253e-03     3.4231e-01  4.1858e-03     5.1302e-01  6.2733e-03 
1.6816e+00     2.7581e-01  1.8788e-03     4.6380e-01  3.1594e-03     3.0843e-01  2.4563e-03     5.1865e-01  4.1304e-03 
1.8868e+00     2.1915e-01  5.0179e-03     4.1349e-01  9.4677e-03     2.7498e-01  6.3975e-03     5.1882e-01  1.2071e-02 
2.1170e+00     1.7566e-01  1.8037e-03     3.7187e-01  3.8184e-03     2.4730e-01  2.7365e-03     5.2353e-01  5.7932e-03 
2.3753e+00     1.3928e-01  1.8587e-03     3.3083e-01  4.4149e-03     2.2001e-01  3.0730e-03     5.2258e-01  7.2994e-03 
2.6651e+00     1.1146e-01  1.2343e-03     2.9705e-01  3.2896e-03     1.9754e-01  2.3345e-03     5.2648e-01  6.2216e-03 
2.9903e+00     8.9443e-02  1.5800e-03     2.6746e-01  4.7249e-03     1.7787e-01  3.2266e-03     5.3188e-01  9.6487e-03 
3.3552e+00     6.4668e-02  8.0894e-04     2.1697e-01  2.7142e-03     1.4429e-01  1.9006e-03     4.8412e-01  6.3768e-03 
3.7646e+00     4.4209e-02  1.4057e-03     1.6643e-01  5.2919e-03     1.1068e-01  3.5487e-03     4.1665e-01  1.3359e-02 
4.2240e+00     2.8569e-02  6.4452e-04     1.2068e-01  2.7224e-03     8.0250e-02  1.8404e-03     3.3897e-01  7.7740e-03 
4.7394e+00     1.8552e-02  5.1046e-04     8.7926e-02  2.4193e-03     5.8472e-02  1.6268e-03     2.7712e-01  7.7101e-03 
5.3176e+00     1.2238e-02  7.1577e-04     6.5076e-02  3.8062e-03     4.3276e-02  2.5375e-03     2.3013e-01  1.3493e-02 
5.9665e+00     7.5537e-03  2.9750e-04     4.5069e-02  1.7750e-03     2.9971e-02  1.1869e-03     1.7882e-01  7.0815e-03 
6.6945e+00     4.7385e-03  1.6978e-04     3.1722e-02  1.1366e-03     2.1095e-02  7.6086e-04     1.4122e-01  5.0936e-03 
7.5114e+00     2.7477e-03  1.3203e-04     2.0639e-02  9.9175e-04     1.3725e-02  6.6195e-04     1.0310e-01  4.9722e-03 
8.4279e+00     1.5462e-03  8.8517e-05     1.3031e-02  7.4601e-04     8.6658e-03  4.9739e-04     7.3034e-02  4.1920e-03 
9.4563e+00     8.6579e-04  1.2577e-04     8.1872e-03  1.1893e-03     5.4446e-03  7.9124e-04     5.1485e-02  7.4822e-03 
1.0610e+01     3.7962e-04  4.1143e-05     4.0278e-03  4.3653e-04     2.6785e-03  2.9051e-04     2.8419e-02  3.0823e-03 
1.1905e+01     1.5922e-04  4.9189e-05     1.8954e-03  5.8558e-04     1.2605e-03  3.8945e-04     1.5006e-02  4.6363e-03 
1.3357e+01     5.5184e-05  1.9795e-05     7.3711e-04  2.6440e-04     4.9019e-04  1.7584e-04     6.5476e-03  2.3488e-03 
1.4987e+01     1.5809e-05  1.5230e-05     2.3693e-04  2.2826e-04     1.5756e-04  1.5180e-04     2.3614e-03  2.2750e-03 
1.6816e+01     3.1310e-06  1.5043e-06     5.2651e-05  2.5296e-05     3.5013e-05  1.6823e-05     5.8878e-04  2.8289e-04 
1.8868e+01     2.7905e-06  3.9271e-06     5.2651e-05  7.4096e-05     3.5013e-05  4.9275e-05     6.6062e-04  9.2970e-04 
2.1170e+01     0.0000e+00  0.0000e+00     0.0000e+00  0.0000e+00     0.0000e+00  0.0000e+00     0.0000e+00  0.0000e+00 
2.3753e+01     0.0000e+00  0.0000e+00     0.0000e+00  0.0000e+00     0.0000e+00  0.0000e+00     0.0000e+00  0.0000e+00 
2.6651e+01     0.0000e+00  0.0000e+00     0.0000e+00  0.0000e+00     0.0000e+00  0.0000e+00     0.0000e+00  0.0000e+00 
2.9903e+01     0.0000e+00  0.0000e+00     0.0000e+00  0.0000e+00     0.0000e+00  0.0000e+00     0.0000e+00  0.0000e+00 
3.3552e+01     0.0000e+00  0.0000e+00     0.0000e+00  0.0000e+00     0.0000e+00  0.0000e+00     0.0000e+00  0.0000e+00 
3.7646e+01     0.0000e+00  0.0000e+00     0.0000e+00  0.0000e+00     0.0000e+00  0.0000e+00     0.0000e+00  0.0000e+00 
4.2240e+01     0.0000e+00  0.0000e+00     0.0000e+00  0.0000e+00     0.0000e+00  0.0000e+00     0.0000e+00  0.0000e+00 
4.7394e+01     0.0000e+00  0.0000e+00     0.0000e+00  0.0000e+00     0.0000e+00  0.0000e+00     0.0000e+00  0.0000e+00 
5.3176e+01     0.0000e+00  0.0000e+00     0.0000e+00  0.0000e+00     0.0000e+00  0.0000e+00     0.0000e+00  0.0000e+00 
5.9665e+01     0.0000e+00  0.0000e+00     0.0000e+00  0.0000e+00     0.0000e+00  0.0000e+00     0.0000e+00  0.0000e+00 
6.6945e+01     0.0000e+00  0.0000e+00     0.0000e+00  0.0000e+00     0.0000e+00  0.0000e+00     0.0000e+00  0.0000e+00 
7.5114e+01     0.0000e+00  0.0000e+00     0.0000e+00  0.0000e+00     0.0000e+00  0.0000e+00     0.0000e+00  0.0000e+00 
8.4279e+01     0.0000e+00  0.0000e+00     0.0000e+00  0.0000e+00     0.0000e+00  0.0000e+00     0.0000e+00  0.0000e+00 
9.4563e+01     0.0000e+00  0.0000e+00     0.0000e+00  0.0000e+00     0.0000e+00  0.0000e+00     0.0000e+00  0.0000e+00 
1.0610e+02     0.0000e+00  0.0000e+00     0.0000e+00  0.0000e+00     0.0000e+00  0.0000e+00     0.0000e+00  0.0000e+00 
1.1905e+02     0.0000e+00  0.0000e+00     0.0000e+00  0.0000e+00     0.0000e+00  0.0000e+00     0.0000e+00  0.0000e+00 
1.3357e+02     0.0000e+00  0.0000e+00     0.0000e+00  0.0000e+00     0.0000e+00  0.0000e+00     0.0000e+00  0.0000e+00 
1.4987e+02     0.0000e+00  0.0000e+00     0.0000e+00  0.0000e+00     0.0000e+00  0.0000e+00     0.0000e+00  0.0000e+00 
1.6816e+02     0.0000e+00  0.0000e+00     0.0000e+00  0.0000e+00     0.0000e+00  0.0000e+00     0.0000e+00  0.0000e+00 
1.8868e+02     0.0000e+00  0.0000e+00     0.0000e+00  0.0000e+00     0.0000e+00  0.0000e+00     0.0000e+00  0.0000e+00 
2.1170e+02     0.0000e+00  0.0000e+00     0.0000e+00  0.0000e+00     0.0000e+00  0.0000e+00     0.0000e+00  0.0000e+00 
2.3753e+02     0.0000e+00  0.0000e+00     0.0000e+00  0.0000e+00     0.0000e+00  0.0000e+00     0.0000e+00  0.0000e+00 
2.6651e+02     0.0000e+00  0.0000e+00     0.0000e+00  0.0000e+00     0.0000e+00  0.0000e+00     0.0000e+00  0.0000e+00 
2.9903e+02     0.0000e+00  0.0000e+00     0.0000e+00  0.0000e+00     0.0000e+00  0.0000e+00     0.0000e+00  0.0000e+00 
3.3552e+02     0.0000e+00  0.0000e+00     0.0000e+00  0.0000e+00     0.0000e+00  0.0000e+00     0.0000e+00  0.0000e+00 
3.7646e+02     0.0000e+00  0.0000e+00     0.0000e+00  0.0000e+00     0.0000e+00  0.0000e+00     0.0000e+00  0.0000e+00 
4.2240e+02     0.0000e+00  0.0000e+00     0.0000e+00  0.0000e+00     0.0000e+00  0.0000e+00     0.0000e+00  0.0000e+00 
4.7394e+02     0.0000e+00  0.0000e+00     0.0000e+00  0.0000e+00     0.0000e+00  0.0000e+00     0.0000e+00  0.0000e+00 
5.3176e+02     0.0000e+00  0.0000e+00     0.0000e+00  0.0000e+00     0.0000e+00  0.0000e+00     0.0000e+00  0.0000e+00 
5.9665e+02     0.0000e+00  0.0000e+00     0.0000e+00  0.0000e+00     0.0000e+00  0.0000e+00     0.0000e+00  0.0000e+00 
6.6945e+02     0.0000e+00  0.0000e+00     0.0000e+00  0.0000e+00     0.0000e+00  0.0000e+00     0.0000e+00  0.0000e+00 
7.5114e+02     0.0000e+00  0.0000e+00     0.0000e+00  0.0000e+00     0.0000e+00  0.0000e+00     0.0000e+00  0.0000e+00 
8.4279e+02     0.0000e+00  0.0000e+00     0.0000e+00  0.0000e+00     0.0000e+00  0.0000e+00     0.0000e+00  0.0000e+00 
9.4563e+02     0.0000e+00  0.0000e+00     0.0000e+00  0.0000e+00     0.0000e+00  0.0000e+00     0.0000e+00  0.0000e+00 
1.0610e+03     0.0000e+00  0.0000e+00     0.0000e+00  0.0000e+00     0.0000e+00  0.0000e+00     0.0000e+00  0.0000e+00 
1.1905e+03     0.0000e+00  0.0000e+00     0.0000e+00  0.0000e+00     0.0000e+00  0.0000e+00     0.0000e+00  0.0000e+00 
1.3357e+03     0.0000e+00  0.0000e+00     0.0000e+00  0.0000e+00     0.0000e+00  0.0000e+00     0.0000e+00  0.0000e+00 
1.4987e+03     0.0000e+00  0.0000e+00     0.0000e+00  0.0000e+00     0.0000e+00  0.0000e+00     0.0000e+00  0.0000e+00 
1.6816e+03     0.0000e+00  0.0000e+00     0.0000e+00  0.0000e+00     0.0000e+00  0.0000e+00     0.0000e+00  0.0000e+00 
1.8868e+03     0.0000e+00  0.0000e+00     0.0000e+00  0.0000e+00     0.0000e+00  0.0000e+00     0.0000e+00  0.0000e+00 
2.1170e+03     0.0000e+00  0.0000e+00     0.0000e+00  0.0000e+00     0.0000e+00  0.0000e+00     0.0000e+00  0.0000e+00 
2.3753e+03     0.0000e+00  0.0000e+00     0.0000e+00  0.0000e+00     0.0000e+00  0.0000e+00     0.0000e+00  0.0000e+00 
2.6651e+03     0.0000e+00  0.0000e+00     0.0000e+00  0.0000e+00     0.0000e+00  0.0000e+00     0.0000e+00  0.0000e+00 
2.9903e+03     0.0000e+00  0.0000e+00     0.0000e+00  0.0000e+00     0.0000e+00  0.0000e+00     0.0000e+00  0.0000e+00 
3.3552e+03     0.0000e+00  0.0000e+00     0.0000e+00  0.0000e+00     0.0000e+00  0.0000e+00     0.0000e+00  0.0000e+00 
3.7646e+03     0.0000e+00  0.0000e+00     0.0000e+00  0.0000e+00     0.0000e+00  0.0000e+00     0.0000e+00  0.0000e+00 
4.2240e+03     0.0000e+00  0.0000e+00     0.0000e+00  0.0000e+00     0.0000e+00  0.0000e+00     0.0000e+00  0.0000e+00 
4.7394e+03     0.0000e+00  0.0000e+00     0.0000e+00  0.0000e+00     0.0000e+00  0.0000e+00     0.0000e+00  0.0000e+00 
5.3176e+03     0.0000e+00  0.0000e+00     0.0000e+00  0.0000e+00     0.0000e+00  0.0000e+00     0.0000e+00  0.0000e+00 
5.9665e+03     0.0000e+00  0.0000e+00     0.0000e+00  0.0000e+00     0.0000e+00  0.0000e+00     0.0000e+00  0.0000e+00 
6.6945e+03     0.0000e+00  0.0000e+00     0.0000e+00  0.0000e+00     0.0000e+00  0.0000e+00     0.0000e+00  0.0000e+00 
7.5114e+03     0.0000e+00  0.0000e+00     0.0000e+00  0.0000e+00     0.0000e+00  0.0000e+00     0.0000e+00  0.0000e+00 
8.4279e+03     0.0000e+00  0.0000e+00     0.0000e+00  0.0000e+00     0.0000e+00  0.0000e+00     0.0000e+00  0.0000e+00 
9.4563e+03     0.0000e+00  0.0000e+00     0.0000e+00  0.0000e+00     0.0000e+00  0.0000e+00     0.0000e+00  0.0000e+00 
