yF = 8.0556e-01 (std: 3.7877e-03) keV/um
yD = 1.7101e+00 (std: 1.9341e-02) keV/um
y (keV/um)     f(y)(std)                  yf(y)(std)                 d(y)(std)                  yd(y)(std)  
1.0610e-01     5.5642e+00  7.4820e-02     5.9036e-01  7.9384e-03     7.3286e-01  1.0440e-02     7.7757e-02  1.1077e-03 
1.1905e-01     8.0643e-01  3.4202e-02     9.6003e-02  4.0716e-03     1.1918e-01  5.0854e-03     1.4188e-02  6.0540e-04 
1.3357e-01     8.2310e-01  1.7526e-02     1.0994e-01  2.3410e-03     1.3648e-01  2.9760e-03     1.8230e-02  3.9752e-04 
1.4987e-01     8.4785e-01  2.3659e-02     1.2707e-01  3.5459e-03     1.5774e-01  4.4638e-03     2.3641e-02  6.6900e-04 
1.6816e-01     9.0330e-01  1.9765e-02     1.5190e-01  3.3237e-03     1.8856e-01  4.2202e-03     3.1708e-02  7.0966e-04 
1.8868e-01     9.3327e-01  1.6722e-02     1.7609e-01  3.1552e-03     2.1859e-01  4.0493e-03     4.1243e-02  7.6402e-04 
2.1170e-01     9.5918e-01  3.5955e-02     2.0306e-01  7.6116e-03     2.5207e-01  9.5228e-03     5.3363e-02  2.0160e-03 
2.3753e-01     1.0015e+00  2.4638e-02     2.3789e-01  5.8524e-03     2.9532e-01  7.3965e-03     7.0147e-02  1.7569e-03 
2.6651e-01     1.0005e+00  3.2993e-02     2.6666e-01  8.7930e-03     3.3102e-01  1.1026e-02     8.8222e-02  2.9385e-03 
2.9903e-01     1.0549e+00  1.3647e-02     3.1546e-01  4.0810e-03     3.9161e-01  5.3903e-03     1.1710e-01  1.6119e-03 
3.3552e-01     1.0570e+00  1.6586e-02     3.5466e-01  5.5649e-03     4.4027e-01  7.2116e-03     1.4772e-01  2.4196e-03 
3.7646e-01     1.0501e+00  1.6586e-02     3.9531e-01  6.2440e-03     4.9072e-01  8.0873e-03     1.8474e-01  3.0445e-03 
4.2240e-01     1.0132e+00  1.5184e-02     4.2798e-01  6.4136e-03     5.3128e-01  8.3444e-03     2.2441e-01  3.5246e-03 
4.7394e-01     9.8974e-01  7.1022e-03     4.6907e-01  3.3660e-03     5.8230e-01  4.9956e-03     2.7597e-01  2.3676e-03 
5.3176e-01     9.1587e-01  1.3062e-02     4.8703e-01  6.9460e-03     6.0458e-01  9.0790e-03     3.2150e-01  4.8279e-03 
5.9665e-01     8.4197e-01  6.8258e-03     5.0236e-01  4.0726e-03     6.2362e-01  5.8444e-03     3.7208e-01  3.4871e-03 
6.6945e-01     7.4077e-01  1.1128e-02     4.9591e-01  7.4497e-03     6.1561e-01  9.6902e-03     4.1212e-01  6.4871e-03 
7.5114e-01     6.1861e-01  8.2616e-03     4.6466e-01  6.2056e-03     5.7681e-01  8.1669e-03     4.3327e-01  6.1345e-03 
8.4279e-01     5.1070e-01  5.2151e-03     4.3041e-01  4.3953e-03     5.3430e-01  6.0068e-03     4.5030e-01  5.0624e-03 
9.4563e-01     4.0499e-01  1.0878e-02     3.8297e-01  1.0286e-02     4.7541e-01  1.2963e-02     4.4956e-01  1.2258e-02 
1.0610e+00     3.0032e-01  6.5274e-03     3.1865e-01  6.9256e-03     3.9556e-01  8.7962e-03     4.1969e-01  9.3328e-03 
1.1905e+00     2.2635e-01  3.2676e-03     2.6947e-01  3.8900e-03     3.3451e-01  5.0787e-03     3.9822e-01  6.0460e-03 
1.3357e+00     1.6502e-01  2.8063e-03     2.2042e-01  3.7484e-03     2.7363e-01  4.8278e-03     3.6549e-01  6.4486e-03 
1.4987e+00     1.2201e-01  3.1907e-03     1.8286e-01  4.7819e-03     2.2699e-01  6.0313e-03     3.4020e-01  9.0393e-03 
1.6816e+00     9.8016e-02  2.7164e-03     1.6482e-01  4.5679e-03     2.0461e-01  5.7515e-03     3.4406e-01  9.6716e-03 
1.8868e+00     8.0890e-02  2.0202e-03     1.5262e-01  3.8117e-03     1.8946e-01  4.8148e-03     3.5747e-01  9.0845e-03 
2.1170e+00     7.1284e-02  2.2060e-03     1.5091e-01  4.6702e-03     1.8733e-01  5.8640e-03     3.9658e-01  1.2414e-02 
2.3753e+00     6.1764e-02  1.3768e-03     1.4671e-01  3.2704e-03     1.8212e-01  4.1492e-03     4.3259e-01  9.8555e-03 
2.6651e+00     4.3642e-02  6.9251e-04     1.1631e-01  1.8456e-03     1.4439e-01  2.3896e-03     3.8481e-01  6.3685e-03 
2.9903e+00     2.8096e-02  4.4841e-04     8.4016e-02  1.3409e-03     1.0430e-01  1.7353e-03     3.1188e-01  5.1890e-03 
3.3552e+00     1.7512e-02  6.6272e-04     5.8758e-02  2.2236e-03     7.2941e-02  2.7815e-03     2.4473e-01  9.3325e-03 
3.7646e+00     1.1329e-02  3.5795e-04     4.2650e-02  1.3475e-03     5.2945e-02  1.6912e-03     1.9932e-01  6.3667e-03 
4.2240e+00     7.0820e-03  5.2688e-04     2.9914e-02  2.2255e-03     3.7135e-02  2.7682e-03     1.5685e-01  1.1693e-02 
4.7394e+00     4.8270e-03  2.0648e-04     2.2877e-02  9.7856e-04     2.8399e-02  1.2221e-03     1.3459e-01  5.7918e-03 
5.3176e+00     3.1851e-03  2.5541e-04     1.6937e-02  1.3582e-03     2.1025e-02  1.6889e-03     1.1180e-01  8.9810e-03 
5.9665e+00     2.0046e-03  1.4349e-04     1.1960e-02  8.5614e-04     1.4847e-02  1.0651e-03     8.8586e-02  6.3548e-03 
6.6945e+00     1.2350e-03  1.5834e-04     8.2679e-03  1.0600e-03     1.0263e-02  1.3167e-03     6.8709e-02  8.8150e-03 
7.5114e+00     7.9436e-04  6.2436e-05     5.9668e-03  4.6898e-04     7.4070e-03  5.8322e-04     5.5637e-02  4.3808e-03 
8.4279e+00     3.9050e-04  9.6741e-05     3.2911e-03  8.1532e-04     4.0855e-03  1.0123e-03     3.4432e-02  8.5316e-03 
9.4563e+00     2.0090e-04  5.3378e-05     1.8997e-03  5.0475e-04     2.3583e-03  6.2668e-04     2.2300e-02  5.9261e-03 
1.0610e+01     6.8089e-05  2.1233e-05     7.2243e-04  2.2529e-04     8.9681e-04  2.7970e-04     9.5152e-03  2.9676e-03 
1.1905e+01     2.9219e-05  1.2199e-05     3.4784e-04  1.4523e-04     4.3180e-04  1.8029e-04     5.1404e-03  2.1463e-03 
1.3357e+01     1.8028e-05  6.6188e-06     2.4081e-04  8.8409e-05     2.9894e-04  1.0976e-04     3.9930e-03  1.4661e-03 
1.4987e+01     1.7853e-06  9.8834e-07     2.6757e-05  1.4812e-05     3.3215e-05  1.8388e-05     4.9780e-04  2.7559e-04 
1.6816e+01     3.1823e-06  7.4899e-06     5.3514e-05  1.2595e-04     6.6430e-05  1.5635e-04     1.1171e-03  2.6292e-03 
1.8868e+01     0.0000e+00  0.0000e+00     0.0000e+00  0.0000e+00     0.0000e+00  0.0000e+00     0.0000e+00  0.0000e+00 
2.1170e+01     0.0000e+00  0.0000e+00     0.0000e+00  0.0000e+00     0.0000e+00  0.0000e+00     0.0000e+00  0.0000e+00 
2.3753e+01     0.0000e+00  0.0000e+00     0.0000e+00  0.0000e+00     0.0000e+00  0.0000e+00     0.0000e+00  0.0000e+00 
2.6651e+01     0.0000e+00  0.0000e+00     0.0000e+00  0.0000e+00     0.0000e+00  0.0000e+00     0.0000e+00  0.0000e+00 
2.9903e+01     0.0000e+00  0.0000e+00     0.0000e+00  0.0000e+00     0.0000e+00  0.0000e+00     0.0000e+00  0.0000e+00 
3.3552e+01     0.0000e+00  0.0000e+00     0.0000e+00  0.0000e+00     0.0000e+00  0.0000e+00     0.0000e+00  0.0000e+00 
3.7646e+01     0.0000e+00  0.0000e+00     0.0000e+00  0.0000e+00     0.0000e+00  0.0000e+00     0.0000e+00  0.0000e+00 
4.2240e+01     0.0000e+00  0.0000e+00     0.0000e+00  0.0000e+00     0.0000e+00  0.0000e+00     0.0000e+00  0.0000e+00 
4.7394e+01     0.0000e+00  0.0000e+00     0.0000e+00  0.0000e+00     0.0000e+00  0.0000e+00     0.0000e+00  0.0000e+00 
5.3176e+01     0.0000e+00  0.0000e+00     0.0000e+00  0.0000e+00     0.0000e+00  0.0000e+00     0.0000e+00  0.0000e+00 
5.9665e+01     0.0000e+00  0.0000e+00     0.0000e+00  0.0000e+00     0.0000e+00  0.0000e+00     0.0000e+00  0.0000e+00 
6.6945e+01     0.0000e+00  0.0000e+00     0.0000e+00  0.0000e+00     0.0000e+00  0.0000e+00     0.0000e+00  0.0000e+00 
7.5114e+01     0.0000e+00  0.0000e+00     0.0000e+00  0.0000e+00     0.0000e+00  0.0000e+00     0.0000e+00  0.0000e+00 
8.4279e+01     0.0000e+00  0.0000e+00     0.0000e+00  0.0000e+00     0.0000e+00  0.0000e+00     0.0000e+00  0.0000e+00 
9.4563e+01     0.0000e+00  0.0000e+00     0.0000e+00  0.0000e+00     0.0000e+00  0.0000e+00     0.0000e+00  0.0000e+00 
1.0610e+02     0.0000e+00  0.0000e+00     0.0000e+00  0.0000e+00     0.0000e+00  0.0000e+00     0.0000e+00  0.0000e+00 
1.1905e+02     0.0000e+00  0.0000e+00     0.0000e+00  0.0000e+00     0.0000e+00  0.0000e+00     0.0000e+00  0.0000e+00 
1.3357e+02     0.0000e+00  0.0000e+00     0.0000e+00  0.0000e+00     0.0000e+00  0.0000e+00     0.0000e+00  0.0000e+00 
1.4987e+02     0.0000e+00  0.0000e+00     0.0000e+00  0.0000e+00     0.0000e+00  0.0000e+00     0.0000e+00  0.0000e+00 
1.6816e+02     0.0000e+00  0.0000e+00     0.0000e+00  0.0000e+00     0.0000e+00  0.0000e+00     0.0000e+00  0.0000e+00 
1.8868e+02     0.0000e+00  0.0000e+00     0.0000e+00  0.0000e+00     0.0000e+00  0.0000e+00     0.0000e+00  0.0000e+00 
2.1170e+02     0.0000e+00  0.0000e+00     0.0000e+00  0.0000e+00     0.0000e+00  0.0000e+00     0.0000e+00  0.0000e+00 
2.3753e+02     0.0000e+00  0.0000e+00     0.0000e+00  0.0000e+00     0.0000e+00  0.0000e+00     0.0000e+00  0.0000e+00 
2.6651e+02     0.0000e+00  0.0000e+00     0.0000e+00  0.0000e+00     0.0000e+00  0.0000e+00     0.0000e+00  0.0000e+00 
2.9903e+02     0.0000e+00  0.0000e+00     0.0000e+00  0.0000e+00     0.0000e+00  0.0000e+00     0.0000e+00  0.0000e+00 
3.3552e+02     0.0000e+00  0.0000e+00     0.0000e+00  0.0000e+00     0.0000e+00  0.0000e+00     0.0000e+00  0.0000e+00 
3.7646e+02     0.0000e+00  0.0000e+00     0.0000e+00  0.0000e+00     0.0000e+00  0.0000e+00     0.0000e+00  0.0000e+00 
4.2240e+02     0.0000e+00  0.0000e+00     0.0000e+00  0.0000e+00     0.0000e+00  0.0000e+00     0.0000e+00  0.0000e+00 
4.7394e+02     0.0000e+00  0.0000e+00     0.0000e+00  0.0000e+00     0.0000e+00  0.0000e+00     0.0000e+00  0.0000e+00 
5.3176e+02     0.0000e+00  0.0000e+00     0.0000e+00  0.0000e+00     0.0000e+00  0.0000e+00     0.0000e+00  0.0000e+00 
5.9665e+02     0.0000e+00  0.0000e+00     0.0000e+00  0.0000e+00     0.0000e+00  0.0000e+00     0.0000e+00  0.0000e+00 
6.6945e+02     0.0000e+00  0.0000e+00     0.0000e+00  0.0000e+00     0.0000e+00  0.0000e+00     0.0000e+00  0.0000e+00 
7.5114e+02     0.0000e+00  0.0000e+00     0.0000e+00  0.0000e+00     0.0000e+00  0.0000e+00     0.0000e+00  0.0000e+00 
8.4279e+02     0.0000e+00  0.0000e+00     0.0000e+00  0.0000e+00     0.0000e+00  0.0000e+00     0.0000e+00  0.0000e+00 
9.4563e+02     0.0000e+00  0.0000e+00     0.0000e+00  0.0000e+00     0.0000e+00  0.0000e+00     0.0000e+00  0.0000e+00 
1.0610e+03     0.0000e+00  0.0000e+00     0.0000e+00  0.0000e+00     0.0000e+00  0.0000e+00     0.0000e+00  0.0000e+00 
1.1905e+03     0.0000e+00  0.0000e+00     0.0000e+00  0.0000e+00     0.0000e+00  0.0000e+00     0.0000e+00  0.0000e+00 
1.3357e+03     0.0000e+00  0.0000e+00     0.0000e+00  0.0000e+00     0.0000e+00  0.0000e+00     0.0000e+00  0.0000e+00 
1.4987e+03     0.0000e+00  0.0000e+00     0.0000e+00  0.0000e+00     0.0000e+00  0.0000e+00     0.0000e+00  0.0000e+00 
1.6816e+03     0.0000e+00  0.0000e+00     0.0000e+00  0.0000e+00     0.0000e+00  0.0000e+00     0.0000e+00  0.0000e+00 
1.8868e+03     0.0000e+00  0.0000e+00     0.0000e+00  0.0000e+00     0.0000e+00  0.0000e+00     0.0000e+00  0.0000e+00 
2.1170e+03     0.0000e+00  0.0000e+00     0.0000e+00  0.0000e+00     0.0000e+00  0.0000e+00     0.0000e+00  0.0000e+00 
2.3753e+03     0.0000e+00  0.0000e+00     0.0000e+00  0.0000e+00     0.0000e+00  0.0000e+00     0.0000e+00  0.0000e+00 
2.6651e+03     0.0000e+00  0.0000e+00     0.0000e+00  0.0000e+00     0.0000e+00  0.0000e+00     0.0000e+00  0.0000e+00 
2.9903e+03     0.0000e+00  0.0000e+00     0.0000e+00  0.0000e+00     0.0000e+00  0.0000e+00     0.0000e+00  0.0000e+00 
3.3552e+03     0.0000e+00  0.0000e+00     0.0000e+00  0.0000e+00     0.0000e+00  0.0000e+00     0.0000e+00  0.0000e+00 
3.7646e+03     0.0000e+00  0.0000e+00     0.0000e+00  0.0000e+00     0.0000e+00  0.0000e+00     0.0000e+00  0.0000e+00 
4.2240e+03     0.0000e+00  0.0000e+00     0.0000e+00  0.0000e+00     0.0000e+00  0.0000e+00     0.0000e+00  0.0000e+00 
4.7394e+03     0.0000e+00  0.0000e+00     0.0000e+00  0.0000e+00     0.0000e+00  0.0000e+00     0.0000e+00  0.0000e+00 
5.3176e+03     0.0000e+00  0.0000e+00     0.0000e+00  0.0000e+00     0.0000e+00  0.0000e+00     0.0000e+00  0.0000e+00 
5.9665e+03     0.0000e+00  0.0000e+00     0.0000e+00  0.0000e+00     0.0000e+00  0.0000e+00     0.0000e+00  0.0000e+00 
6.6945e+03     0.0000e+00  0.0000e+00     0.0000e+00  0.0000e+00     0.0000e+00  0.0000e+00     0.0000e+00  0.0000e+00 
7.5114e+03     0.0000e+00  0.0000e+00     0.0000e+00  0.0000e+00     0.0000e+00  0.0000e+00     0.0000e+00  0.0000e+00 
8.4279e+03     0.0000e+00  0.0000e+00     0.0000e+00  0.0000e+00     0.0000e+00  0.0000e+00     0.0000e+00  0.0000e+00 
9.4563e+03     0.0000e+00  0.0000e+00     0.0000e+00  0.0000e+00     0.0000e+00  0.0000e+00     0.0000e+00  0.0000e+00 
