yF = 5.4530e+00 (std: 1.9840e-02) keV/um
yD = 7.1446e+00 (std: 4.0292e-02) keV/um
y (keV/um)     f(y)(std)                  yf(y)(std)                 d(y)(std)                  yd(y)(std)  
1.0610e-01     1.1346e-01  8.8464e-03     1.2038e-02  9.3861e-04     2.2076e-03  1.7232e-04     2.3423e-04  1.8283e-05 
1.1905e-01     1.8466e-02  3.5296e-03     2.1983e-03  4.2019e-04     4.0313e-04  7.7070e-05     4.7992e-05  9.1750e-06 
1.3357e-01     1.8221e-02  2.1451e-03     2.4338e-03  2.8653e-04     4.4633e-04  5.2570e-05     5.9617e-05  7.0219e-06 
1.4987e-01     2.2176e-02  2.5351e-03     3.3236e-03  3.7995e-04     6.0950e-04  6.9712e-05     9.1347e-05  1.0448e-05 
1.6816e-01     1.8520e-02  3.1517e-03     3.1142e-03  5.2999e-04     5.7111e-04  9.7215e-05     9.6037e-05  1.6348e-05 
1.8868e-01     1.9835e-02  2.5645e-03     3.7423e-03  4.8387e-04     6.8629e-04  8.8770e-05     1.2949e-04  1.6749e-05 
2.1170e-01     2.3364e-02  4.1014e-03     4.9461e-03  8.6825e-04     9.0705e-04  1.5926e-04     1.9202e-04  3.3715e-05 
2.3753e-01     2.4349e-02  3.4374e-03     5.7836e-03  8.1649e-04     1.0606e-03  1.4978e-04     2.5193e-04  3.5578e-05 
2.6651e-01     2.9164e-02  3.5370e-03     7.7725e-03  9.4267e-04     1.4254e-03  1.7295e-04     3.7988e-04  4.6093e-05 
2.9903e-01     2.7130e-02  1.8496e-03     8.1127e-03  5.5308e-04     1.4878e-03  1.0157e-04     4.4489e-04  3.0373e-05 
3.3552e-01     3.4241e-02  4.5910e-03     1.1489e-02  1.5404e-03     2.1069e-03  2.8259e-04     7.0689e-04  9.4814e-05 
3.7646e-01     3.0726e-02  2.7984e-03     1.1567e-02  1.0535e-03     2.1213e-03  1.9335e-04     7.9857e-04  7.2788e-05 
4.2240e-01     3.3952e-02  2.1118e-03     1.4341e-02  8.9203e-04     2.6300e-03  1.6387e-04     1.1109e-03  6.9216e-05 
4.7394e-01     3.6389e-02  3.0424e-03     1.7246e-02  1.4419e-03     3.1627e-03  2.6468e-04     1.4989e-03  1.2544e-04 
5.3176e-01     3.8288e-02  1.7884e-03     2.0360e-02  9.5100e-04     3.7338e-03  1.7493e-04     1.9855e-03  9.3021e-05 
5.9665e-01     4.2546e-02  2.8818e-03     2.5385e-02  1.7194e-03     4.6552e-03  3.1578e-04     2.7775e-03  1.8841e-04 
6.6945e-01     4.5659e-02  2.4726e-03     3.0567e-02  1.6553e-03     5.6055e-03  3.0424e-04     3.7526e-03  2.0367e-04 
7.5114e-01     4.9056e-02  1.1195e-03     3.6847e-02  8.4087e-04     6.7573e-03  1.5615e-04     5.0757e-03  1.1729e-04 
8.4279e-01     5.0614e-02  5.6580e-03     4.2657e-02  4.7685e-03     7.8227e-03  8.7494e-04     6.5929e-03  7.3739e-04 
9.4563e-01     5.6208e-02  1.7075e-03     5.3151e-02  1.6146e-03     9.7472e-03  2.9821e-04     9.2172e-03  2.8200e-04 
1.0610e+00     6.2132e-02  3.2284e-03     6.5922e-02  3.4254e-03     1.2089e-02  6.2971e-04     1.2827e-02  6.6812e-04 
1.1905e+00     6.3333e-02  4.5907e-03     7.5396e-02  5.4651e-03     1.3827e-02  1.0035e-03     1.6460e-02  1.1946e-03 
1.3357e+00     7.0258e-02  1.4070e-03     9.3846e-02  1.8793e-03     1.7210e-02  3.5028e-04     2.2988e-02  4.6788e-04 
1.4987e+00     7.6482e-02  3.6143e-03     1.1462e-01  5.4168e-03     2.1021e-02  9.9630e-04     3.1504e-02  1.4932e-03 
1.6816e+00     8.2031e-02  1.8755e-03     1.3794e-01  3.1537e-03     2.5297e-02  5.8563e-04     4.2539e-02  9.8478e-04 
1.8868e+00     8.6828e-02  1.0573e-03     1.6382e-01  1.9948e-03     3.0043e-02  3.8180e-04     5.6684e-02  7.2037e-04 
2.1170e+00     9.4482e-02  1.8665e-03     2.0002e-01  3.9514e-03     3.6680e-02  7.3682e-04     7.7652e-02  1.5598e-03 
2.3753e+00     1.0047e-01  2.6966e-03     2.3865e-01  6.4052e-03     4.3764e-02  1.1854e-03     1.0395e-01  2.8156e-03 
2.6651e+00     1.1116e-01  2.1560e-03     2.9625e-01  5.7461e-03     5.4327e-02  1.0721e-03     1.4479e-01  2.8574e-03 
2.9903e+00     1.1796e-01  1.7982e-03     3.5275e-01  5.3773e-03     6.4689e-02  1.0138e-03     1.9344e-01  3.0316e-03 
3.3552e+00     1.2749e-01  1.2307e-03     4.2775e-01  4.1293e-03     7.8443e-02  8.0925e-04     2.6319e-01  2.7152e-03 
3.7646e+00     1.3730e-01  2.0196e-03     5.1689e-01  7.6031e-03     9.4789e-02  1.4363e-03     3.5684e-01  5.4072e-03 
4.2240e+00     1.4054e-01  1.3915e-03     5.9362e-01  5.8775e-03     1.0886e-01  1.1483e-03     4.5982e-01  4.8504e-03 
4.7394e+00     1.4435e-01  2.5381e-03     6.8411e-01  1.2029e-02     1.2546e-01  2.2527e-03     5.9458e-01  1.0676e-02 
5.3176e+00     1.3777e-01  9.0472e-04     7.3261e-01  4.8110e-03     1.3435e-01  1.0086e-03     7.1442e-01  5.3636e-03 
5.9665e+00     1.2453e-01  9.5960e-04     7.4299e-01  5.7255e-03     1.3625e-01  1.1611e-03     8.1296e-01  6.9278e-03 
6.6945e+00     1.0619e-01  6.5538e-04     7.1091e-01  4.3875e-03     1.3037e-01  9.3401e-04     8.7277e-01  6.2527e-03 
7.5114e+00     8.4879e-02  9.9883e-04     6.3756e-01  7.5026e-03     1.1692e-01  1.4401e-03     8.7822e-01  1.0817e-02 
8.4279e+00     6.2790e-02  4.3630e-04     5.2919e-01  3.6771e-03     9.7045e-02  7.6117e-04     8.1789e-01  6.4151e-03 
9.4563e+00     4.1997e-02  4.9761e-04     3.9713e-01  4.7055e-03     7.2828e-02  9.0269e-04     6.8868e-01  8.5361e-03 
1.0610e+01     2.6116e-02  6.5303e-04     2.7709e-01  6.9287e-03     5.0814e-02  1.2840e-03     5.3914e-01  1.3623e-02 
1.1905e+01     1.5331e-02  1.9420e-04     1.8251e-01  2.3119e-03     3.3470e-02  4.4112e-04     3.9845e-01  5.2514e-03 
1.3357e+01     8.0524e-03  3.1192e-04     1.0756e-01  4.1664e-03     1.9725e-02  7.6742e-04     2.6347e-01  1.0251e-02 
1.4987e+01     3.7962e-03  2.8288e-04     5.6894e-02  4.2396e-03     1.0434e-02  7.7841e-04     1.5637e-01  1.1666e-02 
1.6816e+01     1.5609e-03  1.2080e-04     2.6249e-02  2.0314e-03     4.8136e-03  3.7294e-04     8.0945e-02  6.2713e-03 
1.8868e+01     6.0058e-04  5.2160e-05     1.1332e-02  9.8413e-04     2.0781e-03  1.8063e-04     3.9208e-02  3.4082e-03 
2.1170e+01     1.5329e-04  2.8830e-05     3.2451e-03  6.1033e-04     5.9510e-04  1.1195e-04     1.2598e-02  2.3699e-03 
2.3753e+01     4.8477e-05  1.4479e-05     1.1515e-03  3.4391e-04     2.1117e-04  6.3073e-05     5.0158e-03  1.4982e-03 
2.6651e+01     1.1783e-05  8.4473e-06     3.1404e-04  2.2513e-04     5.7591e-05  4.1287e-05     1.5349e-03  1.1003e-03 
2.9903e+01     1.7503e-06  3.6414e-06     5.2340e-05  1.0889e-04     9.5984e-06  1.9969e-05     2.8702e-04  5.9713e-04 
3.3552e+01     7.7998e-07  1.3356e-06     2.6170e-05  4.4812e-05     4.7992e-06  8.2179e-06     1.6102e-04  2.7573e-04 
3.7646e+01     0.0000e+00  0.0000e+00     0.0000e+00  0.0000e+00     0.0000e+00  0.0000e+00     0.0000e+00  0.0000e+00 
4.2240e+01     0.0000e+00  0.0000e+00     0.0000e+00  0.0000e+00     0.0000e+00  0.0000e+00     0.0000e+00  0.0000e+00 
4.7394e+01     0.0000e+00  0.0000e+00     0.0000e+00  0.0000e+00     0.0000e+00  0.0000e+00     0.0000e+00  0.0000e+00 
5.3176e+01     0.0000e+00  0.0000e+00     0.0000e+00  0.0000e+00     0.0000e+00  0.0000e+00     0.0000e+00  0.0000e+00 
5.9665e+01     0.0000e+00  0.0000e+00     0.0000e+00  0.0000e+00     0.0000e+00  0.0000e+00     0.0000e+00  0.0000e+00 
6.6945e+01     0.0000e+00  0.0000e+00     0.0000e+00  0.0000e+00     0.0000e+00  0.0000e+00     0.0000e+00  0.0000e+00 
7.5114e+01     0.0000e+00  0.0000e+00     0.0000e+00  0.0000e+00     0.0000e+00  0.0000e+00     0.0000e+00  0.0000e+00 
8.4279e+01     0.0000e+00  0.0000e+00     0.0000e+00  0.0000e+00     0.0000e+00  0.0000e+00     0.0000e+00  0.0000e+00 
9.4563e+01     0.0000e+00  0.0000e+00     0.0000e+00  0.0000e+00     0.0000e+00  0.0000e+00     0.0000e+00  0.0000e+00 
1.0610e+02     0.0000e+00  0.0000e+00     0.0000e+00  0.0000e+00     0.0000e+00  0.0000e+00     0.0000e+00  0.0000e+00 
1.1905e+02     0.0000e+00  0.0000e+00     0.0000e+00  0.0000e+00     0.0000e+00  0.0000e+00     0.0000e+00  0.0000e+00 
1.3357e+02     1.9592e-07  1.5046e-07     2.6170e-05  2.0097e-05     4.7992e-06  3.6856e-06     6.4105e-04  4.9229e-04 
1.4987e+02     0.0000e+00  0.0000e+00     0.0000e+00  0.0000e+00     0.0000e+00  0.0000e+00     0.0000e+00  0.0000e+00 
1.6816e+02     0.0000e+00  0.0000e+00     0.0000e+00  0.0000e+00     0.0000e+00  0.0000e+00     0.0000e+00  0.0000e+00 
1.8868e+02     0.0000e+00  0.0000e+00     0.0000e+00  0.0000e+00     0.0000e+00  0.0000e+00     0.0000e+00  0.0000e+00 
2.1170e+02     0.0000e+00  0.0000e+00     0.0000e+00  0.0000e+00     0.0000e+00  0.0000e+00     0.0000e+00  0.0000e+00 
2.3753e+02     0.0000e+00  0.0000e+00     0.0000e+00  0.0000e+00     0.0000e+00  0.0000e+00     0.0000e+00  0.0000e+00 
2.6651e+02     0.0000e+00  0.0000e+00     0.0000e+00  0.0000e+00     0.0000e+00  0.0000e+00     0.0000e+00  0.0000e+00 
2.9903e+02     0.0000e+00  0.0000e+00     0.0000e+00  0.0000e+00     0.0000e+00  0.0000e+00     0.0000e+00  0.0000e+00 
3.3552e+02     0.0000e+00  0.0000e+00     0.0000e+00  0.0000e+00     0.0000e+00  0.0000e+00     0.0000e+00  0.0000e+00 
3.7646e+02     0.0000e+00  0.0000e+00     0.0000e+00  0.0000e+00     0.0000e+00  0.0000e+00     0.0000e+00  0.0000e+00 
4.2240e+02     0.0000e+00  0.0000e+00     0.0000e+00  0.0000e+00     0.0000e+00  0.0000e+00     0.0000e+00  0.0000e+00 
4.7394e+02     0.0000e+00  0.0000e+00     0.0000e+00  0.0000e+00     0.0000e+00  0.0000e+00     0.0000e+00  0.0000e+00 
5.3176e+02     0.0000e+00  0.0000e+00     0.0000e+00  0.0000e+00     0.0000e+00  0.0000e+00     0.0000e+00  0.0000e+00 
5.9665e+02     0.0000e+00  0.0000e+00     0.0000e+00  0.0000e+00     0.0000e+00  0.0000e+00     0.0000e+00  0.0000e+00 
6.6945e+02     0.0000e+00  0.0000e+00     0.0000e+00  0.0000e+00     0.0000e+00  0.0000e+00     0.0000e+00  0.0000e+00 
7.5114e+02     0.0000e+00  0.0000e+00     0.0000e+00  0.0000e+00     0.0000e+00  0.0000e+00     0.0000e+00  0.0000e+00 
8.4279e+02     0.0000e+00  0.0000e+00     0.0000e+00  0.0000e+00     0.0000e+00  0.0000e+00     0.0000e+00  0.0000e+00 
9.4563e+02     0.0000e+00  0.0000e+00     0.0000e+00  0.0000e+00     0.0000e+00  0.0000e+00     0.0000e+00  0.0000e+00 
1.0610e+03     0.0000e+00  0.0000e+00     0.0000e+00  0.0000e+00     0.0000e+00  0.0000e+00     0.0000e+00  0.0000e+00 
1.1905e+03     0.0000e+00  0.0000e+00     0.0000e+00  0.0000e+00     0.0000e+00  0.0000e+00     0.0000e+00  0.0000e+00 
1.3357e+03     0.0000e+00  0.0000e+00     0.0000e+00  0.0000e+00     0.0000e+00  0.0000e+00     0.0000e+00  0.0000e+00 
1.4987e+03     0.0000e+00  0.0000e+00     0.0000e+00  0.0000e+00     0.0000e+00  0.0000e+00     0.0000e+00  0.0000e+00 
1.6816e+03     0.0000e+00  0.0000e+00     0.0000e+00  0.0000e+00     0.0000e+00  0.0000e+00     0.0000e+00  0.0000e+00 
1.8868e+03     0.0000e+00  0.0000e+00     0.0000e+00  0.0000e+00     0.0000e+00  0.0000e+00     0.0000e+00  0.0000e+00 
2.1170e+03     0.0000e+00  0.0000e+00     0.0000e+00  0.0000e+00     0.0000e+00  0.0000e+00     0.0000e+00  0.0000e+00 
2.3753e+03     0.0000e+00  0.0000e+00     0.0000e+00  0.0000e+00     0.0000e+00  0.0000e+00     0.0000e+00  0.0000e+00 
2.6651e+03     0.0000e+00  0.0000e+00     0.0000e+00  0.0000e+00     0.0000e+00  0.0000e+00     0.0000e+00  0.0000e+00 
2.9903e+03     0.0000e+00  0.0000e+00     0.0000e+00  0.0000e+00     0.0000e+00  0.0000e+00     0.0000e+00  0.0000e+00 
3.3552e+03     0.0000e+00  0.0000e+00     0.0000e+00  0.0000e+00     0.0000e+00  0.0000e+00     0.0000e+00  0.0000e+00 
3.7646e+03     0.0000e+00  0.0000e+00     0.0000e+00  0.0000e+00     0.0000e+00  0.0000e+00     0.0000e+00  0.0000e+00 
4.2240e+03     0.0000e+00  0.0000e+00     0.0000e+00  0.0000e+00     0.0000e+00  0.0000e+00     0.0000e+00  0.0000e+00 
4.7394e+03     0.0000e+00  0.0000e+00     0.0000e+00  0.0000e+00     0.0000e+00  0.0000e+00     0.0000e+00  0.0000e+00 
5.3176e+03     0.0000e+00  0.0000e+00     0.0000e+00  0.0000e+00     0.0000e+00  0.0000e+00     0.0000e+00  0.0000e+00 
5.9665e+03     0.0000e+00  0.0000e+00     0.0000e+00  0.0000e+00     0.0000e+00  0.0000e+00     0.0000e+00  0.0000e+00 
6.6945e+03     0.0000e+00  0.0000e+00     0.0000e+00  0.0000e+00     0.0000e+00  0.0000e+00     0.0000e+00  0.0000e+00 
7.5114e+03     0.0000e+00  0.0000e+00     0.0000e+00  0.0000e+00     0.0000e+00  0.0000e+00     0.0000e+00  0.0000e+00 
8.4279e+03     0.0000e+00  0.0000e+00     0.0000e+00  0.0000e+00     0.0000e+00  0.0000e+00     0.0000e+00  0.0000e+00 
9.4563e+03     0.0000e+00  0.0000e+00     0.0000e+00  0.0000e+00     0.0000e+00  0.0000e+00     0.0000e+00  0.0000e+00 
