yF = 4.2370e+00 (std: 1.6889e-02) keV/um
yD = 5.7861e+00 (std: 4.5209e-02) keV/um
y (keV/um)     f(y)(std)                  yf(y)(std)                 d(y)(std)                  yd(y)(std)  
1.0610e-01     1.9590e-01  1.4075e-02     2.0785e-02  1.4934e-03     4.9056e-03  3.5301e-04     5.2049e-04  3.7454e-05 
1.1905e-01     2.6607e-02  3.4704e-03     3.1675e-03  4.1314e-04     7.4759e-04  9.7553e-05     8.8998e-05  1.1613e-05 
1.3357e-01     2.9789e-02  6.7100e-03     3.9791e-03  8.9627e-04     9.3912e-04  2.1157e-04     1.2544e-04  2.8260e-05 
1.4987e-01     3.2489e-02  3.8673e-03     4.8691e-03  5.7960e-04     1.1492e-03  1.3687e-04     1.7223e-04  2.0513e-05 
1.6816e-01     3.7206e-02  3.8811e-03     6.2566e-03  6.5265e-04     1.4766e-03  1.5415e-04     2.4831e-04  2.5921e-05 
1.8868e-01     3.5796e-02  4.6718e-03     6.7539e-03  8.8146e-04     1.5940e-03  2.0813e-04     3.0076e-04  3.9270e-05 
2.1170e-01     3.9076e-02  2.8811e-03     8.2723e-03  6.0992e-04     1.9524e-03  1.4416e-04     4.1332e-04  3.0519e-05 
2.3753e-01     4.4414e-02  2.1600e-03     1.0550e-02  5.1307e-04     2.4899e-03  1.2150e-04     5.9143e-04  2.8859e-05 
2.6651e-01     4.5674e-02  4.3190e-03     1.2173e-02  1.1511e-03     2.8730e-03  2.7191e-04     7.6568e-04  7.2468e-05 
2.9903e-01     4.7711e-02  2.9416e-03     1.4267e-02  8.7965e-04     3.3672e-03  2.0804e-04     1.0069e-03  6.2212e-05 
3.3552e-01     5.0402e-02  2.5140e-03     1.6911e-02  8.4349e-04     3.9912e-03  1.9971e-04     1.3391e-03  6.7007e-05 
3.7646e-01     5.5143e-02  4.5126e-03     2.0759e-02  1.6988e-03     4.8995e-03  4.0142e-04     1.8445e-03  1.5112e-04 
4.2240e-01     5.4910e-02  2.7431e-03     2.3194e-02  1.1587e-03     5.4741e-03  2.7434e-04     2.3122e-03  1.1588e-04 
4.7394e-01     6.2968e-02  2.2009e-03     2.9843e-02  1.0431e-03     7.0434e-03  2.4778e-04     3.3381e-03  1.1743e-04 
5.3176e-01     6.7443e-02  2.6663e-03     3.5864e-02  1.4178e-03     8.4644e-03  3.3633e-04     4.5011e-03  1.7885e-04 
5.9665e-01     6.6690e-02  2.6621e-03     3.9791e-02  1.5883e-03     9.3912e-03  3.7673e-04     5.6032e-03  2.2477e-04 
6.6945e-01     7.5587e-02  5.0359e-03     5.0602e-02  3.3713e-03     1.1943e-02  7.9710e-04     7.9951e-03  5.3362e-04 
7.5114e-01     7.8659e-02  2.5029e-03     5.9084e-02  1.8800e-03     1.3945e-02  4.4718e-04     1.0474e-02  3.3590e-04 
8.4279e-01     8.3151e-02  3.1045e-03     7.0079e-02  2.6164e-03     1.6540e-02  6.2102e-04     1.3939e-02  5.2339e-04 
9.4563e-01     9.0331e-02  2.6374e-03     8.5419e-02  2.4940e-03     2.0160e-02  5.9407e-04     1.9064e-02  5.6177e-04 
1.0610e+00     9.9259e-02  1.9974e-03     1.0531e-01  2.1193e-03     2.4856e-02  5.0989e-04     2.6372e-02  5.4100e-04 
1.1905e+00     1.0661e-01  1.1780e-03     1.2691e-01  1.4024e-03     2.9953e-02  3.5186e-04     3.5658e-02  4.1887e-04 
1.3357e+00     1.1594e-01  2.5159e-03     1.5487e-01  3.3606e-03     3.6551e-02  8.0642e-04     4.8823e-02  1.0772e-03 
1.4987e+00     1.2333e-01  2.7096e-03     1.8484e-01  4.0610e-03     4.3626e-02  9.7410e-04     6.5382e-02  1.4599e-03 
1.6816e+00     1.3019e-01  2.7517e-03     2.1893e-01  4.6273e-03     5.1670e-02  1.1114e-03     8.6887e-02  1.8688e-03 
1.8868e+00     1.4106e-01  3.0182e-03     2.6615e-01  5.6946e-03     6.2816e-02  1.3671e-03     1.1852e-01  2.5795e-03 
2.1170e+00     1.5087e-01  3.5305e-03     3.1940e-01  7.4741e-03     7.5383e-02  1.7894e-03     1.5958e-01  3.7881e-03 
2.3753e+00     1.6120e-01  1.8147e-03     3.8291e-01  4.3105e-03     9.0371e-02  1.0792e-03     2.1466e-01  2.5635e-03 
2.6651e+00     1.7208e-01  2.0223e-03     4.5861e-01  5.3897e-03     1.0824e-01  1.3432e-03     2.8847e-01  3.5799e-03 
2.9903e+00     1.7944e-01  2.3044e-03     5.3657e-01  6.8911e-03     1.2664e-01  1.7029e-03     3.7869e-01  5.0923e-03 
3.3552e+00     1.8111e-01  2.1668e-03     6.0767e-01  7.2700e-03     1.4342e-01  1.8086e-03     4.8120e-01  6.0681e-03 
3.7646e+00     1.7911e-01  2.5803e-03     6.7427e-01  9.7139e-03     1.5914e-01  2.3788e-03     5.9909e-01  8.9551e-03 
4.2240e+00     1.6405e-01  1.7626e-03     6.9296e-01  7.4450e-03     1.6355e-01  1.8742e-03     6.9082e-01  7.9164e-03 
4.7394e+00     1.4529e-01  1.6661e-03     6.8856e-01  7.8961e-03     1.6251e-01  1.9730e-03     7.7019e-01  9.3506e-03 
5.3176e+00     1.2117e-01  1.0075e-03     6.4432e-01  5.3574e-03     1.5207e-01  1.4022e-03     8.0865e-01  7.4564e-03 
5.9665e+00     9.6613e-02  1.2307e-03     5.7644e-01  7.3428e-03     1.3605e-01  1.8159e-03     8.1173e-01  1.0834e-02 
6.6945e+00     7.0703e-02  6.0162e-04     4.7333e-01  4.0276e-03     1.1171e-01  1.0497e-03     7.4785e-01  7.0272e-03 
7.5114e+00     4.8868e-02  9.6568e-04     3.6707e-01  7.2536e-03     8.6633e-02  1.7464e-03     6.5074e-01  1.3118e-02 
8.4279e+00     3.0971e-02  8.4338e-04     2.6102e-01  7.1079e-03     6.1605e-02  1.6955e-03     5.1920e-01  1.4289e-02 
9.4563e+00     1.9215e-02  6.4045e-04     1.8170e-01  6.0563e-03     4.2884e-02  1.4396e-03     4.0552e-01  1.3613e-02 
1.0610e+01     1.0965e-02  2.5097e-04     1.1634e-01  2.6628e-03     2.7457e-02  6.3793e-04     2.9132e-01  6.7685e-03 
1.1905e+01     5.8360e-03  1.6678e-04     6.9477e-02  1.9854e-03     1.6397e-02  4.7313e-04     1.9521e-01  5.6325e-03 
1.3357e+01     2.7144e-03  9.6399e-05     3.6257e-02  1.2876e-03     8.5571e-03  3.0581e-04     1.1430e-01  4.0848e-03 
1.4987e+01     1.1598e-03  9.1483e-05     1.7382e-02  1.3711e-03     4.1025e-03  3.2400e-04     6.1484e-02  4.8559e-03 
1.6816e+01     4.7014e-04  7.8799e-05     7.9058e-03  1.3251e-03     1.8659e-03  3.1283e-04     3.1376e-02  5.2604e-03 
1.8868e+01     1.3042e-04  2.5474e-05     2.4607e-03  4.8064e-04     5.8077e-04  1.1346e-04     1.0958e-02  2.1408e-03 
2.1170e+01     4.4516e-05  1.0395e-05     9.4241e-04  2.2005e-04     2.2242e-04  5.1943e-05     4.7087e-03  1.0996e-03 
2.3753e+01     7.7146e-06  4.9496e-06     1.8325e-04  1.1757e-04     4.3249e-05  2.7748e-05     1.0273e-03  6.5910e-04 
2.6651e+01     0.0000e+00  0.0000e+00     0.0000e+00  0.0000e+00     0.0000e+00  0.0000e+00     0.0000e+00  0.0000e+00 
2.9903e+01     8.7542e-07  1.6385e-07     2.6178e-05  4.8997e-06     6.1784e-06  1.1567e-06     1.8475e-04  3.4588e-05 
3.3552e+01     0.0000e+00  0.0000e+00     0.0000e+00  0.0000e+00     0.0000e+00  0.0000e+00     0.0000e+00  0.0000e+00 
3.7646e+01     0.0000e+00  0.0000e+00     0.0000e+00  0.0000e+00     0.0000e+00  0.0000e+00     0.0000e+00  0.0000e+00 
4.2240e+01     0.0000e+00  0.0000e+00     0.0000e+00  0.0000e+00     0.0000e+00  0.0000e+00     0.0000e+00  0.0000e+00 
4.7394e+01     0.0000e+00  0.0000e+00     0.0000e+00  0.0000e+00     0.0000e+00  0.0000e+00     0.0000e+00  0.0000e+00 
5.3176e+01     0.0000e+00  0.0000e+00     0.0000e+00  0.0000e+00     0.0000e+00  0.0000e+00     0.0000e+00  0.0000e+00 
5.9665e+01     0.0000e+00  0.0000e+00     0.0000e+00  0.0000e+00     0.0000e+00  0.0000e+00     0.0000e+00  0.0000e+00 
6.6945e+01     0.0000e+00  0.0000e+00     0.0000e+00  0.0000e+00     0.0000e+00  0.0000e+00     0.0000e+00  0.0000e+00 
7.5114e+01     0.0000e+00  0.0000e+00     0.0000e+00  0.0000e+00     0.0000e+00  0.0000e+00     0.0000e+00  0.0000e+00 
8.4279e+01     0.0000e+00  0.0000e+00     0.0000e+00  0.0000e+00     0.0000e+00  0.0000e+00     0.0000e+00  0.0000e+00 
9.4563e+01     2.7683e-07  1.1914e-07     2.6178e-05  1.1267e-05     6.1784e-06  2.6592e-06     5.8424e-04  2.5146e-04 
1.0610e+02     0.0000e+00  0.0000e+00     0.0000e+00  0.0000e+00     0.0000e+00  0.0000e+00     0.0000e+00  0.0000e+00 
1.1905e+02     0.0000e+00  0.0000e+00     0.0000e+00  0.0000e+00     0.0000e+00  0.0000e+00     0.0000e+00  0.0000e+00 
1.3357e+02     0.0000e+00  0.0000e+00     0.0000e+00  0.0000e+00     0.0000e+00  0.0000e+00     0.0000e+00  0.0000e+00 
1.4987e+02     0.0000e+00  0.0000e+00     0.0000e+00  0.0000e+00     0.0000e+00  0.0000e+00     0.0000e+00  0.0000e+00 
1.6816e+02     0.0000e+00  0.0000e+00     0.0000e+00  0.0000e+00     0.0000e+00  0.0000e+00     0.0000e+00  0.0000e+00 
1.8868e+02     0.0000e+00  0.0000e+00     0.0000e+00  0.0000e+00     0.0000e+00  0.0000e+00     0.0000e+00  0.0000e+00 
2.1170e+02     0.0000e+00  0.0000e+00     0.0000e+00  0.0000e+00     0.0000e+00  0.0000e+00     0.0000e+00  0.0000e+00 
2.3753e+02     0.0000e+00  0.0000e+00     0.0000e+00  0.0000e+00     0.0000e+00  0.0000e+00     0.0000e+00  0.0000e+00 
2.6651e+02     9.8224e-08  6.0040e-08     2.6178e-05  1.6001e-05     6.1784e-06  3.7767e-06     1.6466e-03  1.0065e-03 
2.9903e+02     0.0000e+00  0.0000e+00     0.0000e+00  0.0000e+00     0.0000e+00  0.0000e+00     0.0000e+00  0.0000e+00 
3.3552e+02     0.0000e+00  0.0000e+00     0.0000e+00  0.0000e+00     0.0000e+00  0.0000e+00     0.0000e+00  0.0000e+00 
3.7646e+02     0.0000e+00  0.0000e+00     0.0000e+00  0.0000e+00     0.0000e+00  0.0000e+00     0.0000e+00  0.0000e+00 
4.2240e+02     0.0000e+00  0.0000e+00     0.0000e+00  0.0000e+00     0.0000e+00  0.0000e+00     0.0000e+00  0.0000e+00 
4.7394e+02     0.0000e+00  0.0000e+00     0.0000e+00  0.0000e+00     0.0000e+00  0.0000e+00     0.0000e+00  0.0000e+00 
5.3176e+02     0.0000e+00  0.0000e+00     0.0000e+00  0.0000e+00     0.0000e+00  0.0000e+00     0.0000e+00  0.0000e+00 
5.9665e+02     0.0000e+00  0.0000e+00     0.0000e+00  0.0000e+00     0.0000e+00  0.0000e+00     0.0000e+00  0.0000e+00 
6.6945e+02     0.0000e+00  0.0000e+00     0.0000e+00  0.0000e+00     0.0000e+00  0.0000e+00     0.0000e+00  0.0000e+00 
7.5114e+02     0.0000e+00  0.0000e+00     0.0000e+00  0.0000e+00     0.0000e+00  0.0000e+00     0.0000e+00  0.0000e+00 
8.4279e+02     0.0000e+00  0.0000e+00     0.0000e+00  0.0000e+00     0.0000e+00  0.0000e+00     0.0000e+00  0.0000e+00 
9.4563e+02     0.0000e+00  0.0000e+00     0.0000e+00  0.0000e+00     0.0000e+00  0.0000e+00     0.0000e+00  0.0000e+00 
1.0610e+03     0.0000e+00  0.0000e+00     0.0000e+00  0.0000e+00     0.0000e+00  0.0000e+00     0.0000e+00  0.0000e+00 
1.1905e+03     0.0000e+00  0.0000e+00     0.0000e+00  0.0000e+00     0.0000e+00  0.0000e+00     0.0000e+00  0.0000e+00 
1.3357e+03     0.0000e+00  0.0000e+00     0.0000e+00  0.0000e+00     0.0000e+00  0.0000e+00     0.0000e+00  0.0000e+00 
1.4987e+03     0.0000e+00  0.0000e+00     0.0000e+00  0.0000e+00     0.0000e+00  0.0000e+00     0.0000e+00  0.0000e+00 
1.6816e+03     0.0000e+00  0.0000e+00     0.0000e+00  0.0000e+00     0.0000e+00  0.0000e+00     0.0000e+00  0.0000e+00 
1.8868e+03     0.0000e+00  0.0000e+00     0.0000e+00  0.0000e+00     0.0000e+00  0.0000e+00     0.0000e+00  0.0000e+00 
2.1170e+03     0.0000e+00  0.0000e+00     0.0000e+00  0.0000e+00     0.0000e+00  0.0000e+00     0.0000e+00  0.0000e+00 
2.3753e+03     0.0000e+00  0.0000e+00     0.0000e+00  0.0000e+00     0.0000e+00  0.0000e+00     0.0000e+00  0.0000e+00 
2.6651e+03     0.0000e+00  0.0000e+00     0.0000e+00  0.0000e+00     0.0000e+00  0.0000e+00     0.0000e+00  0.0000e+00 
2.9903e+03     0.0000e+00  0.0000e+00     0.0000e+00  0.0000e+00     0.0000e+00  0.0000e+00     0.0000e+00  0.0000e+00 
3.3552e+03     0.0000e+00  0.0000e+00     0.0000e+00  0.0000e+00     0.0000e+00  0.0000e+00     0.0000e+00  0.0000e+00 
3.7646e+03     0.0000e+00  0.0000e+00     0.0000e+00  0.0000e+00     0.0000e+00  0.0000e+00     0.0000e+00  0.0000e+00 
4.2240e+03     0.0000e+00  0.0000e+00     0.0000e+00  0.0000e+00     0.0000e+00  0.0000e+00     0.0000e+00  0.0000e+00 
4.7394e+03     0.0000e+00  0.0000e+00     0.0000e+00  0.0000e+00     0.0000e+00  0.0000e+00     0.0000e+00  0.0000e+00 
5.3176e+03     0.0000e+00  0.0000e+00     0.0000e+00  0.0000e+00     0.0000e+00  0.0000e+00     0.0000e+00  0.0000e+00 
5.9665e+03     0.0000e+00  0.0000e+00     0.0000e+00  0.0000e+00     0.0000e+00  0.0000e+00     0.0000e+00  0.0000e+00 
6.6945e+03     0.0000e+00  0.0000e+00     0.0000e+00  0.0000e+00     0.0000e+00  0.0000e+00     0.0000e+00  0.0000e+00 
7.5114e+03     0.0000e+00  0.0000e+00     0.0000e+00  0.0000e+00     0.0000e+00  0.0000e+00     0.0000e+00  0.0000e+00 
8.4279e+03     0.0000e+00  0.0000e+00     0.0000e+00  0.0000e+00     0.0000e+00  0.0000e+00     0.0000e+00  0.0000e+00 
9.4563e+03     0.0000e+00  0.0000e+00     0.0000e+00  0.0000e+00     0.0000e+00  0.0000e+00     0.0000e+00  0.0000e+00 
