yF = 1.2646e+00 (std: 6.0643e-03) keV/um
yD = 2.5378e+00 (std: 2.4963e-01) keV/um
y (keV/um)     f(y)(std)                  yf(y)(std)                 d(y)(std)                  yd(y)(std)  
1.0610e-01     2.2493e+00  4.6687e-02     2.3865e-01  4.9536e-03     1.8872e-01  4.0203e-03     2.0023e-02  4.2656e-04 
1.1905e-01     3.3877e-01  2.2436e-02     4.0329e-02  2.6709e-03     3.1891e-02  2.1176e-03     3.7965e-03  2.5209e-04 
1.3357e-01     3.6002e-01  1.7361e-02     4.8089e-02  2.3190e-03     3.8027e-02  1.8428e-03     5.0794e-03  2.4615e-04 
1.4987e-01     3.7757e-01  7.0366e-03     5.6588e-02  1.0546e-03     4.4748e-02  8.6109e-04     6.7064e-03  1.2905e-04 
1.6816e-01     3.9694e-01  1.8399e-02     6.6749e-02  3.0940e-03     5.2783e-02  2.4597e-03     8.8759e-03  4.1362e-04 
1.8868e-01     4.1826e-01  1.5534e-02     7.8917e-02  2.9309e-03     6.2404e-02  2.3369e-03     1.1774e-02  4.4091e-04 
2.1170e-01     4.2751e-01  1.1278e-02     9.0503e-02  2.3875e-03     7.1567e-02  1.9189e-03     1.5151e-02  4.0622e-04 
2.3753e-01     4.6058e-01  1.1075e-02     1.0940e-01  2.6307e-03     8.6510e-02  2.1212e-03     2.0549e-02  5.0385e-04 
2.6651e-01     4.7684e-01  1.5975e-02     1.2708e-01  4.2575e-03     1.0049e-01  3.4010e-03     2.6783e-02  9.0641e-04 
2.9903e-01     5.0910e-01  1.6610e-02     1.5224e-01  4.9668e-03     1.2038e-01  3.9698e-03     3.5999e-02  1.1871e-03 
3.3552e-01     5.4019e-01  1.4314e-02     1.8124e-01  4.8025e-03     1.4332e-01  3.8593e-03     4.8087e-02  1.2949e-03 
3.7646e-01     5.7069e-01  7.9577e-03     2.1484e-01  2.9958e-03     1.6989e-01  2.5051e-03     6.3957e-02  9.4308e-04 
4.2240e-01     5.8543e-01  2.0859e-02     2.4728e-01  8.8109e-03     1.9554e-01  7.0301e-03     8.2596e-02  2.9695e-03 
4.7394e-01     6.2100e-01  8.8759e-03     2.9431e-01  4.2066e-03     2.3273e-01  3.5087e-03     1.1030e-01  1.6629e-03 
5.3176e-01     6.2762e-01  8.3540e-03     3.3375e-01  4.4423e-03     2.6391e-01  3.7339e-03     1.4034e-01  1.9855e-03 
5.9665e-01     6.4386e-01  1.4585e-02     3.8416e-01  8.7022e-03     3.0378e-01  7.0339e-03     1.8125e-01  4.1968e-03 
6.6945e-01     6.3258e-01  1.3185e-02     4.2348e-01  8.8267e-03     3.3488e-01  7.1622e-03     2.2418e-01  4.7947e-03 
7.5114e-01     6.2897e-01  7.8854e-03     4.7244e-01  5.9230e-03     3.7359e-01  5.0146e-03     2.8062e-01  3.7667e-03 
8.4279e-01     5.9461e-01  1.0175e-02     5.0113e-01  8.5755e-03     3.9628e-01  7.0424e-03     3.3398e-01  5.9353e-03 
9.4563e-01     5.5954e-01  1.1599e-02     5.2911e-01  1.0969e-02     4.1840e-01  8.9027e-03     3.9565e-01  8.4186e-03 
1.0610e+00     5.0122e-01  8.6518e-03     5.3180e-01  9.1796e-03     4.2053e-01  7.5338e-03     4.4619e-01  7.9935e-03 
1.1905e+00     4.2982e-01  2.8208e-03     5.1169e-01  3.3580e-03     4.0463e-01  3.2888e-03     4.8170e-01  3.9152e-03 
1.3357e+00     3.5065e-01  5.9845e-03     4.6838e-01  7.9936e-03     3.7038e-01  6.5659e-03     4.9473e-01  8.7702e-03 
1.4987e+00     2.7563e-01  4.4871e-03     4.1309e-01  6.7248e-03     3.2665e-01  5.5437e-03     4.8956e-01  8.3084e-03 
1.6816e+00     2.1536e-01  6.3458e-03     3.6215e-01  1.0671e-02     2.8637e-01  8.5492e-03     4.8156e-01  1.4376e-02 
1.8868e+00     1.6483e-01  1.5919e-03     3.1100e-01  3.0035e-03     2.4592e-01  2.6517e-03     4.6400e-01  5.0032e-03 
2.1170e+00     1.3056e-01  2.1080e-03     2.7639e-01  4.4626e-03     2.1856e-01  3.6812e-03     4.6269e-01  7.7932e-03 
2.3753e+00     1.0842e-01  1.2681e-03     2.5752e-01  3.0121e-03     2.0364e-01  2.5743e-03     4.8370e-01  6.1147e-03 
2.6651e+00     8.9407e-02  2.3752e-03     2.3828e-01  6.3303e-03     1.8842e-01  5.0866e-03     5.0217e-01  1.3557e-02 
2.9903e+00     6.7962e-02  1.3310e-03     2.0323e-01  3.9803e-03     1.6071e-01  3.2404e-03     4.8057e-01  9.6899e-03 
3.3552e+00     4.5869e-02  1.2526e-03     1.5390e-01  4.2027e-03     1.2170e-01  3.3742e-03     4.0833e-01  1.1321e-02 
3.7646e+00     3.0196e-02  1.2791e-03     1.1368e-01  4.8155e-03     8.9892e-02  3.8322e-03     3.3841e-01  1.4427e-02 
4.2240e+00     1.8664e-02  5.3739e-04     7.8837e-02  2.2699e-03     6.2342e-02  1.8197e-03     2.6333e-01  7.6863e-03 
4.7394e+00     1.2497e-02  2.5897e-04     5.9227e-02  1.2274e-03     4.6835e-02  9.9621e-04     2.2197e-01  4.7214e-03 
5.3176e+00     8.0854e-03  4.3317e-04     4.2995e-02  2.3034e-03     3.3999e-02  1.8288e-03     1.8079e-01  9.7247e-03 
5.9665e+00     4.9766e-03  1.8329e-04     2.9693e-02  1.0936e-03     2.3480e-02  8.7206e-04     1.4009e-01  5.2031e-03 
6.6945e+00     3.0870e-03  2.1487e-04     2.0666e-02  1.4384e-03     1.6342e-02  1.1402e-03     1.0940e-01  7.6328e-03 
7.5114e+00     1.7534e-03  1.7549e-04     1.3170e-02  1.3182e-03     1.0415e-02  1.0435e-03     7.8228e-02  7.8384e-03 
8.4279e+00     1.0616e-03  1.0467e-04     8.9474e-03  8.8218e-04     7.0753e-03  6.9842e-04     5.9630e-02  5.8862e-03 
9.4563e+00     6.3638e-04  7.5690e-05     6.0177e-03  7.1575e-04     4.7586e-03  5.6645e-04     4.4999e-02  5.3565e-03 
1.0610e+01     2.3881e-04  5.5107e-05     2.5338e-03  5.8469e-04     2.0036e-03  4.6245e-04     2.1259e-02  4.9067e-03 
1.1905e+01     1.0642e-04  2.2448e-05     1.2669e-03  2.6724e-04     1.0018e-03  2.1138e-04     1.1926e-02  2.5164e-03 
1.3357e+01     3.3591e-05  1.3148e-05     4.4869e-04  1.7562e-04     3.5481e-04  1.3889e-04     4.7393e-03  1.8552e-03 
1.4987e+01     1.5850e-05  4.6996e-06     2.3754e-04  7.0433e-05     1.8784e-04  5.5703e-05     2.8152e-03  8.3483e-04 
1.6816e+01     0.0000e+00  0.0000e+00     0.0000e+00  0.0000e+00     0.0000e+00  0.0000e+00     0.0000e+00  0.0000e+00 
1.8868e+01     0.0000e+00  0.0000e+00     0.0000e+00  0.0000e+00     0.0000e+00  0.0000e+00     0.0000e+00  0.0000e+00 
2.1170e+01     0.0000e+00  0.0000e+00     0.0000e+00  0.0000e+00     0.0000e+00  0.0000e+00     0.0000e+00  0.0000e+00 
2.3753e+01     0.0000e+00  0.0000e+00     0.0000e+00  0.0000e+00     0.0000e+00  0.0000e+00     0.0000e+00  0.0000e+00 
2.6651e+01     0.0000e+00  0.0000e+00     0.0000e+00  0.0000e+00     0.0000e+00  0.0000e+00     0.0000e+00  0.0000e+00 
2.9903e+01     0.0000e+00  0.0000e+00     0.0000e+00  0.0000e+00     0.0000e+00  0.0000e+00     0.0000e+00  0.0000e+00 
3.3552e+01     0.0000e+00  0.0000e+00     0.0000e+00  0.0000e+00     0.0000e+00  0.0000e+00     0.0000e+00  0.0000e+00 
3.7646e+01     0.0000e+00  0.0000e+00     0.0000e+00  0.0000e+00     0.0000e+00  0.0000e+00     0.0000e+00  0.0000e+00 
4.2240e+01     0.0000e+00  0.0000e+00     0.0000e+00  0.0000e+00     0.0000e+00  0.0000e+00     0.0000e+00  0.0000e+00 
4.7394e+01     0.0000e+00  0.0000e+00     0.0000e+00  0.0000e+00     0.0000e+00  0.0000e+00     0.0000e+00  0.0000e+00 
5.3176e+01     0.0000e+00  0.0000e+00     0.0000e+00  0.0000e+00     0.0000e+00  0.0000e+00     0.0000e+00  0.0000e+00 
5.9665e+01     0.0000e+00  0.0000e+00     0.0000e+00  0.0000e+00     0.0000e+00  0.0000e+00     0.0000e+00  0.0000e+00 
6.6945e+01     0.0000e+00  0.0000e+00     0.0000e+00  0.0000e+00     0.0000e+00  0.0000e+00     0.0000e+00  0.0000e+00 
7.5114e+01     0.0000e+00  0.0000e+00     0.0000e+00  0.0000e+00     0.0000e+00  0.0000e+00     0.0000e+00  0.0000e+00 
8.4279e+01     0.0000e+00  0.0000e+00     0.0000e+00  0.0000e+00     0.0000e+00  0.0000e+00     0.0000e+00  0.0000e+00 
9.4563e+01     0.0000e+00  0.0000e+00     0.0000e+00  0.0000e+00     0.0000e+00  0.0000e+00     0.0000e+00  0.0000e+00 
1.0610e+02     0.0000e+00  0.0000e+00     0.0000e+00  0.0000e+00     0.0000e+00  0.0000e+00     0.0000e+00  0.0000e+00 
1.1905e+02     0.0000e+00  0.0000e+00     0.0000e+00  0.0000e+00     0.0000e+00  0.0000e+00     0.0000e+00  0.0000e+00 
1.3357e+02     0.0000e+00  0.0000e+00     0.0000e+00  0.0000e+00     0.0000e+00  0.0000e+00     0.0000e+00  0.0000e+00 
1.4987e+02     0.0000e+00  0.0000e+00     0.0000e+00  0.0000e+00     0.0000e+00  0.0000e+00     0.0000e+00  0.0000e+00 
1.6816e+02     0.0000e+00  0.0000e+00     0.0000e+00  0.0000e+00     0.0000e+00  0.0000e+00     0.0000e+00  0.0000e+00 
1.8868e+02     0.0000e+00  0.0000e+00     0.0000e+00  0.0000e+00     0.0000e+00  0.0000e+00     0.0000e+00  0.0000e+00 
2.1170e+02     0.0000e+00  0.0000e+00     0.0000e+00  0.0000e+00     0.0000e+00  0.0000e+00     0.0000e+00  0.0000e+00 
2.3753e+02     0.0000e+00  0.0000e+00     0.0000e+00  0.0000e+00     0.0000e+00  0.0000e+00     0.0000e+00  0.0000e+00 
2.6651e+02     0.0000e+00  0.0000e+00     0.0000e+00  0.0000e+00     0.0000e+00  0.0000e+00     0.0000e+00  0.0000e+00 
2.9903e+02     0.0000e+00  0.0000e+00     0.0000e+00  0.0000e+00     0.0000e+00  0.0000e+00     0.0000e+00  0.0000e+00 
3.3552e+02     7.8664e-08  7.2450e-08     2.6394e-05  2.4308e-05     2.0871e-05  1.9222e-05     7.0027e-03  6.4495e-03 
3.7646e+02     0.0000e+00  0.0000e+00     0.0000e+00  0.0000e+00     0.0000e+00  0.0000e+00     0.0000e+00  0.0000e+00 
4.2240e+02     0.0000e+00  0.0000e+00     0.0000e+00  0.0000e+00     0.0000e+00  0.0000e+00     0.0000e+00  0.0000e+00 
4.7394e+02     0.0000e+00  0.0000e+00     0.0000e+00  0.0000e+00     0.0000e+00  0.0000e+00     0.0000e+00  0.0000e+00 
5.3176e+02     0.0000e+00  0.0000e+00     0.0000e+00  0.0000e+00     0.0000e+00  0.0000e+00     0.0000e+00  0.0000e+00 
5.9665e+02     0.0000e+00  0.0000e+00     0.0000e+00  0.0000e+00     0.0000e+00  0.0000e+00     0.0000e+00  0.0000e+00 
6.6945e+02     0.0000e+00  0.0000e+00     0.0000e+00  0.0000e+00     0.0000e+00  0.0000e+00     0.0000e+00  0.0000e+00 
7.5114e+02     0.0000e+00  0.0000e+00     0.0000e+00  0.0000e+00     0.0000e+00  0.0000e+00     0.0000e+00  0.0000e+00 
8.4279e+02     0.0000e+00  0.0000e+00     0.0000e+00  0.0000e+00     0.0000e+00  0.0000e+00     0.0000e+00  0.0000e+00 
9.4563e+02     0.0000e+00  0.0000e+00     0.0000e+00  0.0000e+00     0.0000e+00  0.0000e+00     0.0000e+00  0.0000e+00 
1.0610e+03     0.0000e+00  0.0000e+00     0.0000e+00  0.0000e+00     0.0000e+00  0.0000e+00     0.0000e+00  0.0000e+00 
1.1905e+03     0.0000e+00  0.0000e+00     0.0000e+00  0.0000e+00     0.0000e+00  0.0000e+00     0.0000e+00  0.0000e+00 
1.3357e+03     0.0000e+00  0.0000e+00     0.0000e+00  0.0000e+00     0.0000e+00  0.0000e+00     0.0000e+00  0.0000e+00 
1.4987e+03     0.0000e+00  0.0000e+00     0.0000e+00  0.0000e+00     0.0000e+00  0.0000e+00     0.0000e+00  0.0000e+00 
1.6816e+03     0.0000e+00  0.0000e+00     0.0000e+00  0.0000e+00     0.0000e+00  0.0000e+00     0.0000e+00  0.0000e+00 
1.8868e+03     0.0000e+00  0.0000e+00     0.0000e+00  0.0000e+00     0.0000e+00  0.0000e+00     0.0000e+00  0.0000e+00 
2.1170e+03     0.0000e+00  0.0000e+00     0.0000e+00  0.0000e+00     0.0000e+00  0.0000e+00     0.0000e+00  0.0000e+00 
2.3753e+03     0.0000e+00  0.0000e+00     0.0000e+00  0.0000e+00     0.0000e+00  0.0000e+00     0.0000e+00  0.0000e+00 
2.6651e+03     0.0000e+00  0.0000e+00     0.0000e+00  0.0000e+00     0.0000e+00  0.0000e+00     0.0000e+00  0.0000e+00 
2.9903e+03     0.0000e+00  0.0000e+00     0.0000e+00  0.0000e+00     0.0000e+00  0.0000e+00     0.0000e+00  0.0000e+00 
3.3552e+03     0.0000e+00  0.0000e+00     0.0000e+00  0.0000e+00     0.0000e+00  0.0000e+00     0.0000e+00  0.0000e+00 
3.7646e+03     0.0000e+00  0.0000e+00     0.0000e+00  0.0000e+00     0.0000e+00  0.0000e+00     0.0000e+00  0.0000e+00 
4.2240e+03     0.0000e+00  0.0000e+00     0.0000e+00  0.0000e+00     0.0000e+00  0.0000e+00     0.0000e+00  0.0000e+00 
4.7394e+03     0.0000e+00  0.0000e+00     0.0000e+00  0.0000e+00     0.0000e+00  0.0000e+00     0.0000e+00  0.0000e+00 
5.3176e+03     0.0000e+00  0.0000e+00     0.0000e+00  0.0000e+00     0.0000e+00  0.0000e+00     0.0000e+00  0.0000e+00 
5.9665e+03     0.0000e+00  0.0000e+00     0.0000e+00  0.0000e+00     0.0000e+00  0.0000e+00     0.0000e+00  0.0000e+00 
6.6945e+03     0.0000e+00  0.0000e+00     0.0000e+00  0.0000e+00     0.0000e+00  0.0000e+00     0.0000e+00  0.0000e+00 
7.5114e+03     0.0000e+00  0.0000e+00     0.0000e+00  0.0000e+00     0.0000e+00  0.0000e+00     0.0000e+00  0.0000e+00 
8.4279e+03     0.0000e+00  0.0000e+00     0.0000e+00  0.0000e+00     0.0000e+00  0.0000e+00     0.0000e+00  0.0000e+00 
9.4563e+03     0.0000e+00  0.0000e+00     0.0000e+00  0.0000e+00     0.0000e+00  0.0000e+00     0.0000e+00  0.0000e+00 
