yF = 3.3453e+01 (std: 1.3536e-01) keV/um
yD = 3.8588e+01 (std: 1.8052e-01) keV/um
y (keV/um)     f(y)(std)                  yf(y)(std)                 d(y)(std)                  yd(y)(std)  
1.0610e-01     8.6287e-03  2.6783e-03     9.1551e-04  2.8417e-04     2.7367e-05  8.4955e-06     2.9037e-06  9.0138e-07 
1.1905e-01     1.0986e-03  4.4571e-04     1.3079e-04  5.3061e-05     3.9096e-06  1.5862e-06     4.6542e-07  1.8883e-07 
1.3357e-01     9.7914e-04  4.6708e-04     1.3079e-04  6.2389e-05     3.9096e-06  1.8650e-06     5.2221e-07  2.4912e-07 
1.4987e-01     1.2217e-03  4.2493e-04     1.8310e-04  6.3685e-05     5.4734e-06  1.9039e-06     8.2031e-07  2.8533e-07 
1.6816e-01     7.7776e-04  2.5984e-03     1.3079e-04  4.3694e-04     3.9096e-06  1.3061e-05     6.5743e-07  2.1964e-06 
1.8868e-01     6.9318e-04  2.6069e-04     1.3079e-04  4.9186e-05     3.9096e-06  1.4704e-06     7.3765e-07  2.7743e-07 
2.1170e-01     9.8847e-04  4.8660e-04     2.0926e-04  1.0301e-04     6.2553e-06  3.0794e-06     1.3242e-06  6.5191e-07 
2.3753e-01     4.4049e-04  2.2641e-04     1.0463e-04  5.3780e-05     3.1277e-06  1.6077e-06     7.4291e-07  3.8188e-07 
2.6651e-01     1.9629e-04  2.2559e-04     5.2315e-05  6.0123e-05     1.5638e-06  1.7972e-06     4.1678e-07  4.7899e-07 
2.9903e-01     7.8726e-04  3.2455e-04     2.3542e-04  9.7051e-05     7.0372e-06  2.9013e-06     2.1044e-06  8.6757e-07 
3.3552e-01     1.0914e-03  3.1429e-04     3.6620e-04  1.0545e-04     1.0947e-05  3.1525e-06     3.6729e-06  1.0577e-06 
3.7646e-01     8.3379e-04  7.3716e-04     3.1389e-04  2.7751e-04     9.3830e-06  8.2957e-06     3.5323e-06  3.1230e-06 
4.2240e-01     1.6101e-03  4.4346e-04     6.8009e-04  1.8732e-04     2.0330e-05  5.6000e-06     8.5872e-06  2.3654e-06 
4.7394e-01     1.3798e-03  3.2620e-04     6.5394e-04  1.5460e-04     1.9548e-05  4.6220e-06     9.2644e-06  2.1905e-06 
5.3176e-01     1.1806e-03  7.4678e-04     6.2778e-04  3.9711e-04     1.8766e-05  1.1871e-05     9.9791e-06  6.3125e-06 
5.9665e-01     1.4029e-03  2.9768e-04     8.3704e-04  1.7761e-04     2.5021e-05  5.3102e-06     1.4929e-05  3.1683e-06 
6.6945e-01     9.7682e-04  2.5099e-04     6.5394e-04  1.6803e-04     1.9548e-05  5.0234e-06     1.3086e-05  3.3629e-06 
7.5114e-01     1.8457e-03  3.7961e-04     1.3863e-03  2.8514e-04     4.1442e-05  8.5253e-06     3.1128e-05  6.4037e-06 
8.4279e-01     1.5208e-03  3.0872e-04     1.2817e-03  2.6019e-04     3.8314e-05  7.7792e-06     3.2291e-05  6.5563e-06 
9.4563e-01     1.6320e-03  3.6896e-04     1.5433e-03  3.4889e-04     4.6133e-05  1.0431e-05     4.3625e-05  9.8639e-06 
1.0610e+00     1.8737e-03  3.2356e-04     1.9880e-03  3.4330e-04     5.9426e-05  1.0265e-05     6.3051e-05  1.0891e-05 
1.1905e+00     2.1313e-03  3.0886e-04     2.5373e-03  3.6769e-04     7.5846e-05  1.0996e-05     9.0292e-05  1.3090e-05 
1.3357e+00     2.0366e-03  2.4866e-04     2.7204e-03  3.3214e-04     8.1319e-05  9.9340e-06     1.0862e-04  1.3269e-05 
1.4987e+00     2.0944e-03  4.0755e-04     3.1389e-03  6.1081e-04     9.3830e-05  1.8263e-05     1.4062e-04  2.7370e-05 
1.6816e+00     2.0533e-03  3.5880e-04     3.4528e-03  6.0335e-04     1.0321e-04  1.8041e-05     1.7356e-04  3.0337e-05 
1.8868e+00     2.1904e-03  3.9868e-04     4.1329e-03  7.5221e-04     1.2354e-04  2.2491e-05     2.3310e-04  4.2436e-05 
2.1170e+00     2.3229e-03  1.3222e-04     4.9176e-03  2.7992e-04     1.4700e-04  8.3886e-06     3.1120e-04  1.7759e-05 
2.3753e+00     2.8522e-03  2.2222e-04     6.7748e-03  5.2783e-04     2.0252e-04  1.5800e-05     4.8104e-04  3.7529e-05 
2.6651e+00     3.1603e-03  2.6607e-04     8.4227e-03  7.0910e-04     2.5178e-04  2.1221e-05     6.7102e-04  5.6558e-05 
2.9903e+00     3.2278e-03  2.7407e-04     9.6521e-03  8.1957e-04     2.8853e-04  2.4527e-05     8.6279e-04  7.3343e-05 
3.3552e+00     3.3133e-03  5.0462e-04     1.1117e-02  1.6931e-03     3.3231e-04  5.0630e-05     1.1150e-03  1.6987e-04 
3.7646e+00     3.7034e-03  3.7758e-04     1.3942e-02  1.4215e-03     4.1676e-04  4.2525e-05     1.5689e-03  1.6009e-04 
4.2240e+00     4.1676e-03  3.8409e-04     1.7604e-02  1.6224e-03     5.2623e-04  4.8544e-05     2.2228e-03  2.0505e-04 
4.7394e+00     4.6416e-03  3.2940e-04     2.1998e-02  1.5611e-03     6.5759e-04  4.6742e-05     3.1166e-03  2.2153e-04 
5.3176e+00     5.1207e-03  2.5280e-04     2.7230e-02  1.3443e-03     8.1397e-04  4.0320e-05     4.3284e-03  2.1441e-04 
5.9665e+00     5.6905e-03  2.8865e-04     3.3952e-02  1.7222e-03     1.0149e-03  5.1645e-05     6.0555e-03  3.0814e-04 
6.6945e+00     6.4353e-03  1.7928e-04     4.3081e-02  1.2002e-03     1.2878e-03  3.6253e-05     8.6213e-03  2.4270e-04 
7.5114e+00     6.9299e-03  3.0538e-04     5.2053e-02  2.2938e-03     1.5560e-03  6.8856e-05     1.1688e-02  5.1720e-04 
8.4279e+00     7.5978e-03  1.7729e-04     6.4033e-02  1.4942e-03     1.9141e-03  4.5333e-05     1.6132e-02  3.8206e-04 
9.4563e+00     8.4202e-03  2.3018e-04     7.9623e-02  2.1766e-03     2.3801e-03  6.5774e-05     2.2507e-02  6.2198e-04 
1.0610e+01     9.2894e-03  2.2263e-04     9.8561e-02  2.3621e-03     2.9463e-03  7.1609e-05     3.1260e-02  7.5978e-04 
1.1905e+01     1.0127e-02  1.8774e-04     1.2056e-01  2.2350e-03     3.6038e-03  6.8384e-05     4.2903e-02  8.1409e-04 
1.3357e+01     1.1456e-02  1.6545e-04     1.5302e-01  2.2100e-03     4.5742e-03  6.8607e-05     6.1099e-02  9.1641e-04 
1.4987e+01     1.2647e-02  2.1454e-04     1.8954e-01  3.2154e-03     5.6658e-03  9.8814e-05     8.4914e-02  1.4809e-03 
1.6816e+01     1.4105e-02  1.3079e-04     2.3720e-01  2.1993e-03     7.0904e-03  7.1732e-05     1.1923e-01  1.2062e-03 
1.8868e+01     1.6179e-02  2.1975e-04     3.0526e-01  4.1461e-03     9.1250e-03  1.2932e-04     1.7217e-01  2.4400e-03 
2.1170e+01     1.7366e-02  3.2721e-04     3.6764e-01  6.9270e-03     1.0990e-02  2.1179e-04     2.3265e-01  4.4835e-03 
2.3753e+01     1.9412e-02  3.4695e-04     4.6110e-01  8.2412e-03     1.3784e-02  2.5259e-04     3.2740e-01  5.9997e-03 
2.6651e+01     2.1523e-02  1.5241e-04     5.7361e-01  4.0618e-03     1.7147e-02  1.3984e-04     4.5698e-01  3.7270e-03 
2.9903e+01     2.4255e-02  2.9541e-04     7.2529e-01  8.8338e-03     2.1681e-02  2.7826e-04     6.4833e-01  8.3208e-03 
3.3552e+01     2.6790e-02  2.1369e-04     8.9885e-01  7.1699e-03     2.6869e-02  2.4033e-04     9.0151e-01  8.0634e-03 
3.7646e+01     2.8904e-02  2.3506e-04     1.0881e+00  8.8490e-03     3.2527e-02  2.9546e-04     1.2245e+00  1.1123e-02 
4.2240e+01     2.8673e-02  4.8526e-04     1.2111e+00  2.0497e-02     3.6204e-02  6.2999e-04     1.5293e+00  2.6610e-02 
4.7394e+01     2.2534e-02  1.8568e-04     1.0680e+00  8.7998e-03     3.1925e-02  2.9306e-04     1.5130e+00  1.3889e-02 
5.3176e+01     1.1241e-02  1.2039e-04     5.9778e-01  6.4020e-03     1.7869e-02  2.0458e-04     9.5022e-01  1.0879e-02 
5.9665e+01     2.6804e-03  3.8733e-05     1.5993e-01  2.3110e-03     4.7806e-03  7.1740e-05     2.8524e-01  4.2804e-03 
6.6945e+01     2.4460e-04  1.3006e-05     1.6375e-02  8.7071e-04     4.8948e-04  2.6103e-05     3.2768e-02  1.7475e-03 
7.5114e+01     8.0095e-06  2.0016e-06     6.0162e-04  1.5035e-04     1.7984e-05  4.4949e-06     1.3508e-03  3.3763e-04 
8.4279e+01     0.0000e+00  0.0000e+00     0.0000e+00  0.0000e+00     0.0000e+00  0.0000e+00     0.0000e+00  0.0000e+00 
9.4563e+01     0.0000e+00  0.0000e+00     0.0000e+00  0.0000e+00     0.0000e+00  0.0000e+00     0.0000e+00  0.0000e+00 
1.0610e+02     0.0000e+00  0.0000e+00     0.0000e+00  0.0000e+00     0.0000e+00  0.0000e+00     0.0000e+00  0.0000e+00 
1.1905e+02     0.0000e+00  0.0000e+00     0.0000e+00  0.0000e+00     0.0000e+00  0.0000e+00     0.0000e+00  0.0000e+00 
1.3357e+02     0.0000e+00  0.0000e+00     0.0000e+00  0.0000e+00     0.0000e+00  0.0000e+00     0.0000e+00  0.0000e+00 
1.4987e+02     0.0000e+00  0.0000e+00     0.0000e+00  0.0000e+00     0.0000e+00  0.0000e+00     0.0000e+00  0.0000e+00 
1.6816e+02     0.0000e+00  0.0000e+00     0.0000e+00  0.0000e+00     0.0000e+00  0.0000e+00     0.0000e+00  0.0000e+00 
1.8868e+02     0.0000e+00  0.0000e+00     0.0000e+00  0.0000e+00     0.0000e+00  0.0000e+00     0.0000e+00  0.0000e+00 
2.1170e+02     0.0000e+00  0.0000e+00     0.0000e+00  0.0000e+00     0.0000e+00  0.0000e+00     0.0000e+00  0.0000e+00 
2.3753e+02     0.0000e+00  0.0000e+00     0.0000e+00  0.0000e+00     0.0000e+00  0.0000e+00     0.0000e+00  0.0000e+00 
2.6651e+02     0.0000e+00  0.0000e+00     0.0000e+00  0.0000e+00     0.0000e+00  0.0000e+00     0.0000e+00  0.0000e+00 
2.9903e+02     0.0000e+00  0.0000e+00     0.0000e+00  0.0000e+00     0.0000e+00  0.0000e+00     0.0000e+00  0.0000e+00 
3.3552e+02     0.0000e+00  0.0000e+00     0.0000e+00  0.0000e+00     0.0000e+00  0.0000e+00     0.0000e+00  0.0000e+00 
3.7646e+02     0.0000e+00  0.0000e+00     0.0000e+00  0.0000e+00     0.0000e+00  0.0000e+00     0.0000e+00  0.0000e+00 
4.2240e+02     0.0000e+00  0.0000e+00     0.0000e+00  0.0000e+00     0.0000e+00  0.0000e+00     0.0000e+00  0.0000e+00 
4.7394e+02     0.0000e+00  0.0000e+00     0.0000e+00  0.0000e+00     0.0000e+00  0.0000e+00     0.0000e+00  0.0000e+00 
5.3176e+02     0.0000e+00  0.0000e+00     0.0000e+00  0.0000e+00     0.0000e+00  0.0000e+00     0.0000e+00  0.0000e+00 
5.9665e+02     0.0000e+00  0.0000e+00     0.0000e+00  0.0000e+00     0.0000e+00  0.0000e+00     0.0000e+00  0.0000e+00 
6.6945e+02     0.0000e+00  0.0000e+00     0.0000e+00  0.0000e+00     0.0000e+00  0.0000e+00     0.0000e+00  0.0000e+00 
7.5114e+02     0.0000e+00  0.0000e+00     0.0000e+00  0.0000e+00     0.0000e+00  0.0000e+00     0.0000e+00  0.0000e+00 
8.4279e+02     0.0000e+00  0.0000e+00     0.0000e+00  0.0000e+00     0.0000e+00  0.0000e+00     0.0000e+00  0.0000e+00 
9.4563e+02     0.0000e+00  0.0000e+00     0.0000e+00  0.0000e+00     0.0000e+00  0.0000e+00     0.0000e+00  0.0000e+00 
1.0610e+03     0.0000e+00  0.0000e+00     0.0000e+00  0.0000e+00     0.0000e+00  0.0000e+00     0.0000e+00  0.0000e+00 
1.1905e+03     0.0000e+00  0.0000e+00     0.0000e+00  0.0000e+00     0.0000e+00  0.0000e+00     0.0000e+00  0.0000e+00 
1.3357e+03     0.0000e+00  0.0000e+00     0.0000e+00  0.0000e+00     0.0000e+00  0.0000e+00     0.0000e+00  0.0000e+00 
1.4987e+03     0.0000e+00  0.0000e+00     0.0000e+00  0.0000e+00     0.0000e+00  0.0000e+00     0.0000e+00  0.0000e+00 
1.6816e+03     0.0000e+00  0.0000e+00     0.0000e+00  0.0000e+00     0.0000e+00  0.0000e+00     0.0000e+00  0.0000e+00 
1.8868e+03     0.0000e+00  0.0000e+00     0.0000e+00  0.0000e+00     0.0000e+00  0.0000e+00     0.0000e+00  0.0000e+00 
2.1170e+03     0.0000e+00  0.0000e+00     0.0000e+00  0.0000e+00     0.0000e+00  0.0000e+00     0.0000e+00  0.0000e+00 
2.3753e+03     0.0000e+00  0.0000e+00     0.0000e+00  0.0000e+00     0.0000e+00  0.0000e+00     0.0000e+00  0.0000e+00 
2.6651e+03     0.0000e+00  0.0000e+00     0.0000e+00  0.0000e+00     0.0000e+00  0.0000e+00     0.0000e+00  0.0000e+00 
2.9903e+03     0.0000e+00  0.0000e+00     0.0000e+00  0.0000e+00     0.0000e+00  0.0000e+00     0.0000e+00  0.0000e+00 
3.3552e+03     0.0000e+00  0.0000e+00     0.0000e+00  0.0000e+00     0.0000e+00  0.0000e+00     0.0000e+00  0.0000e+00 
3.7646e+03     0.0000e+00  0.0000e+00     0.0000e+00  0.0000e+00     0.0000e+00  0.0000e+00     0.0000e+00  0.0000e+00 
4.2240e+03     0.0000e+00  0.0000e+00     0.0000e+00  0.0000e+00     0.0000e+00  0.0000e+00     0.0000e+00  0.0000e+00 
4.7394e+03     0.0000e+00  0.0000e+00     0.0000e+00  0.0000e+00     0.0000e+00  0.0000e+00     0.0000e+00  0.0000e+00 
5.3176e+03     0.0000e+00  0.0000e+00     0.0000e+00  0.0000e+00     0.0000e+00  0.0000e+00     0.0000e+00  0.0000e+00 
5.9665e+03     0.0000e+00  0.0000e+00     0.0000e+00  0.0000e+00     0.0000e+00  0.0000e+00     0.0000e+00  0.0000e+00 
6.6945e+03     0.0000e+00  0.0000e+00     0.0000e+00  0.0000e+00     0.0000e+00  0.0000e+00     0.0000e+00  0.0000e+00 
7.5114e+03     0.0000e+00  0.0000e+00     0.0000e+00  0.0000e+00     0.0000e+00  0.0000e+00     0.0000e+00  0.0000e+00 
8.4279e+03     0.0000e+00  0.0000e+00     0.0000e+00  0.0000e+00     0.0000e+00  0.0000e+00     0.0000e+00  0.0000e+00 
9.4563e+03     0.0000e+00  0.0000e+00     0.0000e+00  0.0000e+00     0.0000e+00  0.0000e+00     0.0000e+00  0.0000e+00 
