yF = 2.8645e+01 (std: 9.5666e-02) keV/um
yD = 3.3290e+01 (std: 1.3116e-01) keV/um
y (keV/um)     f(y)(std)                  yf(y)(std)                 d(y)(std)                  yd(y)(std)  
1.0610e-01     1.1094e-02  2.3115e-03     1.1771e-03  2.4525e-04     4.1093e-05  8.5629e-06     4.3600e-06  9.0854e-07 
1.1905e-01     1.5381e-03  5.2701e-04     1.8311e-04  6.2740e-05     6.3923e-06  2.1904e-06     7.6098e-07  2.6076e-07 
1.3357e-01     9.7916e-04  5.8033e-04     1.3079e-04  7.7517e-05     4.5659e-06  2.7062e-06     6.0988e-07  3.6147e-07 
1.4987e-01     1.5708e-03  9.2098e-04     2.3542e-04  1.3803e-04     8.2186e-06  4.8187e-06     1.2317e-06  7.2218e-07 
1.6816e-01     1.8667e-03  1.8173e-03     3.1389e-04  3.0560e-04     1.0958e-05  1.0669e-05     1.8427e-06  1.7940e-06 
1.8868e-01     8.3183e-04  3.1793e-04     1.5695e-04  5.9985e-05     5.4791e-06  2.0942e-06     1.0338e-06  3.9512e-07 
2.1170e-01     1.1121e-03  4.5350e-04     2.3542e-04  9.6006e-05     8.2186e-06  3.3517e-06     1.7399e-06  7.0955e-07 
2.3753e-01     1.3215e-03  5.1343e-04     3.1389e-04  1.2195e-04     1.0958e-05  4.2576e-06     2.6029e-06  1.0113e-06 
2.6651e-01     9.8148e-04  3.2309e-04     2.6158e-04  8.6108e-05     9.1318e-06  3.0062e-06     2.4337e-06  8.0120e-07 
2.9903e-01     2.1869e-03  7.8936e-04     6.5395e-04  2.3605e-04     2.2830e-05  8.2408e-06     6.8268e-06  2.4643e-06 
3.3552e-01     1.0915e-03  3.4912e-04     3.6621e-04  1.1714e-04     1.2785e-05  4.0895e-06     4.2895e-06  1.3721e-06 
3.7646e-01     2.0150e-03  1.3015e-03     7.5858e-04  4.8997e-04     2.6482e-05  1.7105e-05     9.9695e-06  6.4395e-06 
4.2240e-01     2.1675e-03  4.8102e-04     9.1553e-04  2.0318e-04     3.1961e-05  7.0938e-06     1.3500e-05  2.9964e-06 
4.7394e-01     1.7110e-03  3.1001e-04     8.1089e-04  1.4692e-04     2.8309e-05  5.1300e-06     1.3416e-05  2.4313e-06 
5.3176e-01     2.2136e-03  5.6811e-04     1.1771e-03  3.0210e-04     4.1093e-05  1.0547e-05     2.1852e-05  5.6087e-06 
5.9665e-01     1.7537e-03  9.3244e-04     1.0463e-03  5.5634e-04     3.6527e-05  1.9422e-05     2.1794e-05  1.1588e-05 
6.6945e-01     2.3835e-03  6.0705e-04     1.5956e-03  4.0639e-04     5.5704e-05  1.4188e-05     3.7291e-05  9.4985e-06 
7.5114e-01     2.8556e-03  5.0475e-04     2.1449e-03  3.7914e-04     7.4881e-05  1.3238e-05     5.6246e-05  9.9437e-06 
8.4279e-01     2.2036e-03  2.6483e-04     1.8572e-03  2.2320e-04     6.4836e-05  7.7949e-06     5.4643e-05  6.5695e-06 
9.4563e-01     2.6002e-03  3.5755e-04     2.4588e-03  3.3810e-04     8.5839e-05  1.1807e-05     8.1172e-05  1.1165e-05 
1.0610e+00     2.4407e-03  7.9528e-04     2.5896e-03  8.4380e-04     9.0405e-05  2.9459e-05     9.5920e-05  3.1256e-05 
1.1905e+00     2.9663e-03  5.9825e-04     3.5313e-03  7.1220e-04     1.2328e-04  2.4867e-05     1.4676e-04  2.9603e-05 
1.3357e+00     3.0354e-03  4.1163e-04     4.0545e-03  5.4983e-04     1.4154e-04  1.9201e-05     1.8906e-04  2.5647e-05 
1.4987e+00     3.2813e-03  7.6337e-04     4.9177e-03  1.1441e-03     1.7168e-04  3.9944e-05     2.5730e-04  5.9865e-05 
1.6816e+00     3.1422e-03  5.1074e-04     5.2839e-03  8.5885e-04     1.8446e-04  2.9989e-05     3.1019e-04  5.0429e-05 
1.8868e+00     3.3135e-03  3.9515e-04     6.2517e-03  7.4557e-04     2.1825e-04  2.6038e-05     4.1179e-04  4.9128e-05 
2.1170e+00     3.2744e-03  5.2765e-04     6.9318e-03  1.1170e-03     2.4199e-04  3.9005e-05     5.1230e-04  8.2573e-05 
2.3753e+00     4.0416e-03  3.6160e-04     9.5999e-03  8.5891e-04     3.3514e-04  3.0006e-05     7.9605e-04  7.1273e-05 
2.6651e+00     4.0339e-03  1.8583e-04     1.0751e-02  4.9527e-04     3.7532e-04  1.7335e-05     1.0003e-03  4.6201e-05 
2.9903e+00     4.4350e-03  3.9805e-04     1.3262e-02  1.1903e-03     4.6298e-04  4.1583e-05     1.3845e-03  1.2435e-04 
3.3552e+00     4.5218e-03  3.2135e-04     1.5172e-02  1.0782e-03     5.2964e-04  3.7682e-05     1.7771e-03  1.2643e-04 
3.7646e+00     5.3086e-03  3.7235e-04     1.9985e-02  1.4018e-03     6.9767e-04  4.8991e-05     2.6264e-03  1.8443e-04 
4.2240e+00     5.8769e-03  2.7266e-04     2.4824e-02  1.1517e-03     8.6661e-04  4.0311e-05     3.6605e-03  1.7027e-04 
4.7394e+00     6.8218e-03  3.0890e-04     3.2331e-02  1.4640e-03     1.1287e-03  5.1248e-05     5.3493e-03  2.4288e-04 
5.3176e+00     7.2064e-03  2.6513e-04     3.8321e-02  1.4099e-03     1.3378e-03  4.9421e-05     7.1140e-03  2.6281e-04 
5.9665e+00     7.7599e-03  2.7359e-04     4.6299e-02  1.6324e-03     1.6163e-03  5.7241e-05     9.6438e-03  3.4153e-04 
6.6945e+00     8.6118e-03  4.6350e-04     5.7652e-02  3.1029e-03     2.0126e-03  1.0853e-04     1.3474e-02  7.2657e-04 
7.5114e+00     9.7648e-03  4.6030e-04     7.3347e-02  3.4575e-03     2.5606e-03  1.2100e-04     1.9233e-02  9.0891e-04 
8.4279e+00     1.0692e-02  3.5375e-04     9.0114e-02  2.9813e-03     3.1459e-03  1.0461e-04     2.6513e-02  8.8163e-04 
9.4563e+00     1.1538e-02  5.6304e-04     1.0910e-01  5.3243e-03     3.8089e-03  1.8631e-04     3.6018e-02  1.7618e-03 
1.0610e+01     1.2795e-02  3.4985e-04     1.3576e-01  3.7119e-03     4.7394e-03  1.3055e-04     5.0286e-02  1.3851e-03 
1.1905e+01     1.4148e-02  2.7064e-04     1.6843e-01  3.2219e-03     5.8800e-03  1.1418e-04     6.9999e-02  1.3593e-03 
1.3357e+01     1.5737e-02  3.7313e-04     2.1020e-01  4.9840e-03     7.3383e-03  1.7571e-04     9.8020e-02  2.3470e-03 
1.4987e+01     1.7504e-02  2.3269e-04     2.6234e-01  3.4873e-03     9.1583e-03  1.2553e-04     1.3726e-01  1.8813e-03 
1.6816e+01     1.9230e-02  4.4501e-04     3.2336e-01  7.4833e-03     1.1289e-02  2.6395e-04     1.8983e-01  4.4386e-03 
1.8868e+01     2.1122e-02  3.9975e-04     3.9852e-01  7.5423e-03     1.3912e-02  2.6737e-04     2.6249e-01  5.0447e-03 
2.1170e+01     2.3601e-02  2.5109e-04     4.9964e-01  5.3157e-03     1.7443e-02  1.9450e-04     3.6926e-01  4.1175e-03 
2.3753e+01     2.6353e-02  1.7686e-04     6.2596e-01  4.2010e-03     2.1852e-02  1.6381e-04     5.1906e-01  3.8911e-03 
2.6651e+01     2.9306e-02  3.6695e-04     7.8105e-01  9.7796e-03     2.7267e-02  3.5335e-04     7.2669e-01  9.4172e-03 
2.9903e+01     3.1981e-02  1.5822e-04     9.5633e-01  4.7313e-03     3.3386e-02  1.9928e-04     9.9835e-01  5.9592e-03 
3.3552e+01     3.2984e-02  2.7504e-04     1.1067e+00  9.2281e-03     3.8635e-02  3.4704e-04     1.2963e+00  1.1644e-02 
3.7646e+01     3.0001e-02  3.2863e-04     1.1294e+00  1.2372e-02     3.9428e-02  4.5153e-04     1.4843e+00  1.6998e-02 
4.2240e+01     2.1404e-02  1.8829e-04     9.0409e-01  7.9532e-03     3.1562e-02  2.9699e-04     1.3332e+00  1.2545e-02 
4.7394e+01     9.6968e-03  1.2860e-04     4.5957e-01  6.0946e-03     1.6044e-02  2.1941e-04     7.6037e-01  1.0398e-02 
5.3176e+01     2.3887e-03  3.5266e-05     1.2702e-01  1.8753e-03     4.4344e-03  6.7122e-05     2.3581e-01  3.5693e-03 
5.9665e+01     2.5823e-04  2.9605e-05     1.5407e-02  1.7664e-03     5.3786e-04  6.1690e-05     3.2092e-02  3.6807e-03 
6.6945e+01     8.5962e-06  4.7837e-06     5.7547e-04  3.2025e-04     2.0090e-05  1.1180e-05     1.3449e-03  7.4846e-04 
7.5114e+01     0.0000e+00  0.0000e+00     0.0000e+00  0.0000e+00     0.0000e+00  0.0000e+00     0.0000e+00  0.0000e+00 
8.4279e+01     0.0000e+00  0.0000e+00     0.0000e+00  0.0000e+00     0.0000e+00  0.0000e+00     0.0000e+00  0.0000e+00 
9.4563e+01     0.0000e+00  0.0000e+00     0.0000e+00  0.0000e+00     0.0000e+00  0.0000e+00     0.0000e+00  0.0000e+00 
1.0610e+02     0.0000e+00  0.0000e+00     0.0000e+00  0.0000e+00     0.0000e+00  0.0000e+00     0.0000e+00  0.0000e+00 
1.1905e+02     0.0000e+00  0.0000e+00     0.0000e+00  0.0000e+00     0.0000e+00  0.0000e+00     0.0000e+00  0.0000e+00 
1.3357e+02     0.0000e+00  0.0000e+00     0.0000e+00  0.0000e+00     0.0000e+00  0.0000e+00     0.0000e+00  0.0000e+00 
1.4987e+02     0.0000e+00  0.0000e+00     0.0000e+00  0.0000e+00     0.0000e+00  0.0000e+00     0.0000e+00  0.0000e+00 
1.6816e+02     0.0000e+00  0.0000e+00     0.0000e+00  0.0000e+00     0.0000e+00  0.0000e+00     0.0000e+00  0.0000e+00 
1.8868e+02     0.0000e+00  0.0000e+00     0.0000e+00  0.0000e+00     0.0000e+00  0.0000e+00     0.0000e+00  0.0000e+00 
2.1170e+02     0.0000e+00  0.0000e+00     0.0000e+00  0.0000e+00     0.0000e+00  0.0000e+00     0.0000e+00  0.0000e+00 
2.3753e+02     0.0000e+00  0.0000e+00     0.0000e+00  0.0000e+00     0.0000e+00  0.0000e+00     0.0000e+00  0.0000e+00 
2.6651e+02     0.0000e+00  0.0000e+00     0.0000e+00  0.0000e+00     0.0000e+00  0.0000e+00     0.0000e+00  0.0000e+00 
2.9903e+02     0.0000e+00  0.0000e+00     0.0000e+00  0.0000e+00     0.0000e+00  0.0000e+00     0.0000e+00  0.0000e+00 
3.3552e+02     0.0000e+00  0.0000e+00     0.0000e+00  0.0000e+00     0.0000e+00  0.0000e+00     0.0000e+00  0.0000e+00 
3.7646e+02     0.0000e+00  0.0000e+00     0.0000e+00  0.0000e+00     0.0000e+00  0.0000e+00     0.0000e+00  0.0000e+00 
4.2240e+02     0.0000e+00  0.0000e+00     0.0000e+00  0.0000e+00     0.0000e+00  0.0000e+00     0.0000e+00  0.0000e+00 
4.7394e+02     0.0000e+00  0.0000e+00     0.0000e+00  0.0000e+00     0.0000e+00  0.0000e+00     0.0000e+00  0.0000e+00 
5.3176e+02     0.0000e+00  0.0000e+00     0.0000e+00  0.0000e+00     0.0000e+00  0.0000e+00     0.0000e+00  0.0000e+00 
5.9665e+02     0.0000e+00  0.0000e+00     0.0000e+00  0.0000e+00     0.0000e+00  0.0000e+00     0.0000e+00  0.0000e+00 
6.6945e+02     0.0000e+00  0.0000e+00     0.0000e+00  0.0000e+00     0.0000e+00  0.0000e+00     0.0000e+00  0.0000e+00 
7.5114e+02     0.0000e+00  0.0000e+00     0.0000e+00  0.0000e+00     0.0000e+00  0.0000e+00     0.0000e+00  0.0000e+00 
8.4279e+02     0.0000e+00  0.0000e+00     0.0000e+00  0.0000e+00     0.0000e+00  0.0000e+00     0.0000e+00  0.0000e+00 
9.4563e+02     0.0000e+00  0.0000e+00     0.0000e+00  0.0000e+00     0.0000e+00  0.0000e+00     0.0000e+00  0.0000e+00 
1.0610e+03     0.0000e+00  0.0000e+00     0.0000e+00  0.0000e+00     0.0000e+00  0.0000e+00     0.0000e+00  0.0000e+00 
1.1905e+03     0.0000e+00  0.0000e+00     0.0000e+00  0.0000e+00     0.0000e+00  0.0000e+00     0.0000e+00  0.0000e+00 
1.3357e+03     0.0000e+00  0.0000e+00     0.0000e+00  0.0000e+00     0.0000e+00  0.0000e+00     0.0000e+00  0.0000e+00 
1.4987e+03     0.0000e+00  0.0000e+00     0.0000e+00  0.0000e+00     0.0000e+00  0.0000e+00     0.0000e+00  0.0000e+00 
1.6816e+03     0.0000e+00  0.0000e+00     0.0000e+00  0.0000e+00     0.0000e+00  0.0000e+00     0.0000e+00  0.0000e+00 
1.8868e+03     0.0000e+00  0.0000e+00     0.0000e+00  0.0000e+00     0.0000e+00  0.0000e+00     0.0000e+00  0.0000e+00 
2.1170e+03     0.0000e+00  0.0000e+00     0.0000e+00  0.0000e+00     0.0000e+00  0.0000e+00     0.0000e+00  0.0000e+00 
2.3753e+03     0.0000e+00  0.0000e+00     0.0000e+00  0.0000e+00     0.0000e+00  0.0000e+00     0.0000e+00  0.0000e+00 
2.6651e+03     0.0000e+00  0.0000e+00     0.0000e+00  0.0000e+00     0.0000e+00  0.0000e+00     0.0000e+00  0.0000e+00 
2.9903e+03     0.0000e+00  0.0000e+00     0.0000e+00  0.0000e+00     0.0000e+00  0.0000e+00     0.0000e+00  0.0000e+00 
3.3552e+03     0.0000e+00  0.0000e+00     0.0000e+00  0.0000e+00     0.0000e+00  0.0000e+00     0.0000e+00  0.0000e+00 
3.7646e+03     0.0000e+00  0.0000e+00     0.0000e+00  0.0000e+00     0.0000e+00  0.0000e+00     0.0000e+00  0.0000e+00 
4.2240e+03     0.0000e+00  0.0000e+00     0.0000e+00  0.0000e+00     0.0000e+00  0.0000e+00     0.0000e+00  0.0000e+00 
4.7394e+03     0.0000e+00  0.0000e+00     0.0000e+00  0.0000e+00     0.0000e+00  0.0000e+00     0.0000e+00  0.0000e+00 
5.3176e+03     0.0000e+00  0.0000e+00     0.0000e+00  0.0000e+00     0.0000e+00  0.0000e+00     0.0000e+00  0.0000e+00 
5.9665e+03     0.0000e+00  0.0000e+00     0.0000e+00  0.0000e+00     0.0000e+00  0.0000e+00     0.0000e+00  0.0000e+00 
6.6945e+03     0.0000e+00  0.0000e+00     0.0000e+00  0.0000e+00     0.0000e+00  0.0000e+00     0.0000e+00  0.0000e+00 
7.5114e+03     0.0000e+00  0.0000e+00     0.0000e+00  0.0000e+00     0.0000e+00  0.0000e+00     0.0000e+00  0.0000e+00 
8.4279e+03     0.0000e+00  0.0000e+00     0.0000e+00  0.0000e+00     0.0000e+00  0.0000e+00     0.0000e+00  0.0000e+00 
9.4563e+03     0.0000e+00  0.0000e+00     0.0000e+00  0.0000e+00     0.0000e+00  0.0000e+00     0.0000e+00  0.0000e+00 
