yF = 4.4730e+00 (std: 1.7050e-02) keV/um
yD = 6.0857e+00 (std: 8.6752e-02) keV/um
y (keV/um)     f(y)(std)                  yf(y)(std)                 d(y)(std)                  yd(y)(std)  
1.0610e-01     1.7195e-01  1.2928e-02     1.8245e-02  1.3717e-03     4.0788e-03  3.0705e-04     4.3276e-04  3.2578e-05 
1.1905e-01     2.1768e-02  2.5119e-03     2.5914e-03  2.9903e-04     5.7934e-04  6.6890e-05     6.8969e-05  7.9630e-06 
1.3357e-01     2.9199e-02  3.1287e-03     3.9002e-03  4.1791e-04     8.7194e-04  9.3488e-05     1.1647e-04  1.2488e-05 
1.4987e-01     2.7246e-02  3.3930e-03     4.0834e-03  5.0851e-04     9.1290e-04  1.1374e-04     1.3682e-04  1.7046e-05 
1.6816e-01     3.1444e-02  2.9710e-03     5.2875e-03  4.9960e-04     1.1821e-03  1.1178e-04     1.9878e-04  1.8797e-05 
1.8868e-01     3.5654e-02  5.8637e-03     6.7272e-03  1.1064e-03     1.5039e-03  2.4741e-04     2.8376e-04  4.6680e-05 
2.1170e-01     3.2890e-02  5.4449e-03     6.9628e-03  1.1527e-03     1.5566e-03  2.5776e-04     3.2953e-04  5.4568e-05 
2.3753e-01     3.8680e-02  5.8888e-03     9.1877e-03  1.3988e-03     2.0540e-03  3.1281e-04     4.8789e-04  7.4302e-05 
2.6651e-01     4.2822e-02  2.6183e-03     1.1413e-02  6.9781e-04     2.5514e-03  1.5631e-04     6.7999e-04  4.1658e-05 
2.9903e-01     4.0441e-02  4.7241e-03     1.2093e-02  1.4127e-03     2.7036e-03  3.1599e-04     8.0846e-04  9.4492e-05 
3.3552e-01     4.4859e-02  3.2098e-03     1.5051e-02  1.0770e-03     3.3649e-03  2.4111e-04     1.1290e-03  8.0897e-05 
3.7646e-01     4.7629e-02  3.8204e-03     1.7930e-02  1.4382e-03     4.0086e-03  3.2190e-04     1.5091e-03  1.2118e-04 
4.2240e-01     5.2241e-02  1.9116e-03     2.2066e-02  8.0746e-04     4.9332e-03  1.8149e-04     2.0838e-03  7.6663e-05 
4.7394e-01     5.7219e-02  3.6169e-03     2.7118e-02  1.7142e-03     6.0626e-03  3.8393e-04     2.8733e-03  1.8196e-04 
5.3176e-01     5.8528e-02  3.5724e-03     3.1123e-02  1.8997e-03     6.9580e-03  4.2553e-04     3.7000e-03  2.2628e-04 
5.9665e-01     6.1113e-02  3.3489e-03     3.6463e-02  1.9981e-03     8.1517e-03  4.4778e-04     4.8637e-03  2.6717e-04 
6.6945e-01     6.7096e-02  5.2270e-03     4.4918e-02  3.4992e-03     1.0042e-02  7.8323e-04     6.7226e-03  5.2434e-04 
7.5114e-01     7.1543e-02  3.2295e-03     5.3739e-02  2.4258e-03     1.2014e-02  5.4425e-04     9.0242e-03  4.0881e-04 
8.4279e-01     7.6590e-02  4.9559e-03     6.4549e-02  4.1767e-03     1.4431e-02  9.3538e-04     1.2162e-02  7.8833e-04 
9.4563e-01     8.2406e-02  4.6724e-03     7.7925e-02  4.4184e-03     1.7421e-02  9.9001e-04     1.6474e-02  9.3618e-04 
1.0610e+00     8.7901e-02  2.4089e-03     9.3264e-02  2.5559e-03     2.0850e-02  5.7690e-04     2.2123e-02  6.1209e-04 
1.1905e+00     9.5471e-02  3.9916e-03     1.1366e-01  4.7519e-03     2.5409e-02  1.0668e-03     3.0249e-02  1.2699e-03 
1.3357e+00     1.0472e-01  1.3064e-03     1.3988e-01  1.7450e-03     3.1273e-02  4.0791e-04     4.1772e-02  5.4486e-04 
1.4987e+00     1.1237e-01  1.9746e-03     1.6841e-01  2.9593e-03     3.7651e-02  6.7698e-04     5.6429e-02  1.0146e-03 
1.6816e+00     1.1628e-01  4.0410e-03     1.9553e-01  6.7953e-03     4.3714e-02  1.5283e-03     7.3509e-02  2.5699e-03 
1.8868e+00     1.2802e-01  2.2393e-03     2.4155e-01  4.2250e-03     5.4002e-02  9.6673e-04     1.0189e-01  1.8240e-03 
2.1170e+00     1.3680e-01  2.5967e-03     2.8961e-01  5.4973e-03     6.4746e-02  1.2535e-03     1.3707e-01  2.6537e-03 
2.3753e+00     1.4777e-01  1.8220e-03     3.5099e-01  4.3277e-03     7.8469e-02  1.0127e-03     1.8639e-01  2.4055e-03 
2.6651e+00     1.5592e-01  2.2827e-03     4.1554e-01  6.0836e-03     9.2899e-02  1.4054e-03     2.4759e-01  3.7456e-03 
2.9903e+00     1.6642e-01  1.2301e-03     4.9765e-01  3.6785e-03     1.1126e-01  9.2528e-04     3.3270e-01  2.7669e-03 
3.3552e+00     1.7091e-01  2.3337e-03     5.7343e-01  7.8299e-03     1.2820e-01  1.8174e-03     4.3013e-01  6.0978e-03 
3.7646e+00     1.7295e-01  3.7837e-03     6.5107e-01  1.4244e-02     1.4556e-01  3.2324e-03     5.4796e-01  1.2169e-02 
4.2240e+00     1.6438e-01  1.0476e-03     6.9434e-01  4.4249e-03     1.5523e-01  1.1527e-03     6.5568e-01  4.8689e-03 
4.7394e+00     1.4870e-01  1.9940e-03     7.0476e-01  9.4501e-03     1.5756e-01  2.1964e-03     7.4672e-01  1.0409e-02 
5.3176e+00     1.2912e-01  1.3162e-03     6.8659e-01  6.9990e-03     1.5350e-01  1.6705e-03     8.1624e-01  8.8832e-03 
5.9665e+00     1.0436e-01  8.6339e-04     6.2264e-01  5.1514e-03     1.3920e-01  1.2680e-03     8.3054e-01  7.5656e-03 
6.6945e+00     7.8721e-02  1.4390e-03     5.2700e-01  9.6336e-03     1.1782e-01  2.2000e-03     7.8873e-01  1.4728e-02 
7.5114e+00     5.6381e-02  4.0264e-04     4.2350e-01  3.0244e-03     9.4678e-02  7.6642e-04     7.1116e-01  5.7569e-03 
8.4279e+00     3.6689e-02  3.0935e-04     3.0921e-01  2.6071e-03     6.9129e-02  6.3966e-04     5.8261e-01  5.3910e-03 
9.4563e+00     2.2815e-02  4.3219e-04     2.1574e-01  4.0869e-03     4.8232e-02  9.3200e-04     4.5609e-01  8.8132e-03 
1.0610e+01     1.3408e-02  3.8285e-04     1.4227e-01  4.0621e-03     3.1805e-02  9.1619e-04     3.3746e-01  9.7209e-03 
1.1905e+01     7.0449e-03  2.6298e-04     8.3867e-02  3.1307e-03     1.8750e-02  7.0355e-04     2.2321e-01  8.3755e-03 
1.3357e+01     3.4999e-03  2.5816e-04     4.6750e-02  3.4483e-03     1.0452e-02  7.7194e-04     1.3960e-01  1.0311e-02 
1.4987e+01     1.4898e-03  9.1913e-05     2.2328e-02  1.3775e-03     4.9917e-03  3.0855e-04     7.4811e-02  4.6243e-03 
1.6816e+01     5.7906e-04  3.9077e-05     9.7374e-03  6.5711e-04     2.1769e-03  1.4714e-04     3.6607e-02  2.4743e-03 
1.8868e+01     1.6371e-04  1.4106e-05     3.0887e-03  2.6615e-04     6.9053e-04  5.9559e-05     1.3029e-02  1.1237e-03 
2.1170e+01     5.8114e-05  1.3788e-05     1.2303e-03  2.9188e-04     2.7504e-04  6.5263e-05     5.8226e-03  1.3816e-03 
2.3753e+01     9.9180e-06  3.9865e-06     2.3558e-04  9.4692e-05     5.2667e-05  2.1171e-05     1.2510e-03  5.0286e-04 
2.6651e+01     6.8751e-06  6.8216e-06     1.8323e-04  1.8180e-04     4.0964e-05  4.0645e-05     1.0917e-03  1.0832e-03 
2.9903e+01     0.0000e+00  0.0000e+00     0.0000e+00  0.0000e+00     0.0000e+00  0.0000e+00     0.0000e+00  0.0000e+00 
3.3552e+01     0.0000e+00  0.0000e+00     0.0000e+00  0.0000e+00     0.0000e+00  0.0000e+00     0.0000e+00  0.0000e+00 
3.7646e+01     0.0000e+00  0.0000e+00     0.0000e+00  0.0000e+00     0.0000e+00  0.0000e+00     0.0000e+00  0.0000e+00 
4.2240e+01     0.0000e+00  0.0000e+00     0.0000e+00  0.0000e+00     0.0000e+00  0.0000e+00     0.0000e+00  0.0000e+00 
4.7394e+01     0.0000e+00  0.0000e+00     0.0000e+00  0.0000e+00     0.0000e+00  0.0000e+00     0.0000e+00  0.0000e+00 
5.3176e+01     0.0000e+00  0.0000e+00     0.0000e+00  0.0000e+00     0.0000e+00  0.0000e+00     0.0000e+00  0.0000e+00 
5.9665e+01     0.0000e+00  0.0000e+00     0.0000e+00  0.0000e+00     0.0000e+00  0.0000e+00     0.0000e+00  0.0000e+00 
6.6945e+01     0.0000e+00  0.0000e+00     0.0000e+00  0.0000e+00     0.0000e+00  0.0000e+00     0.0000e+00  0.0000e+00 
7.5114e+01     0.0000e+00  0.0000e+00     0.0000e+00  0.0000e+00     0.0000e+00  0.0000e+00     0.0000e+00  0.0000e+00 
8.4279e+01     0.0000e+00  0.0000e+00     0.0000e+00  0.0000e+00     0.0000e+00  0.0000e+00     0.0000e+00  0.0000e+00 
9.4563e+01     0.0000e+00  0.0000e+00     0.0000e+00  0.0000e+00     0.0000e+00  0.0000e+00     0.0000e+00  0.0000e+00 
1.0610e+02     0.0000e+00  0.0000e+00     0.0000e+00  0.0000e+00     0.0000e+00  0.0000e+00     0.0000e+00  0.0000e+00 
1.1905e+02     0.0000e+00  0.0000e+00     0.0000e+00  0.0000e+00     0.0000e+00  0.0000e+00     0.0000e+00  0.0000e+00 
1.3357e+02     0.0000e+00  0.0000e+00     0.0000e+00  0.0000e+00     0.0000e+00  0.0000e+00     0.0000e+00  0.0000e+00 
1.4987e+02     0.0000e+00  0.0000e+00     0.0000e+00  0.0000e+00     0.0000e+00  0.0000e+00     0.0000e+00  0.0000e+00 
1.6816e+02     0.0000e+00  0.0000e+00     0.0000e+00  0.0000e+00     0.0000e+00  0.0000e+00     0.0000e+00  0.0000e+00 
1.8868e+02     0.0000e+00  0.0000e+00     0.0000e+00  0.0000e+00     0.0000e+00  0.0000e+00     0.0000e+00  0.0000e+00 
2.1170e+02     0.0000e+00  0.0000e+00     0.0000e+00  0.0000e+00     0.0000e+00  0.0000e+00     0.0000e+00  0.0000e+00 
2.3753e+02     1.1020e-07  8.4161e-08     2.6176e-05  1.9991e-05     5.8519e-06  4.4693e-06     1.3900e-03  1.0616e-03 
2.6651e+02     9.8216e-08  1.5433e-07     2.6176e-05  4.1130e-05     5.8519e-06  9.1952e-06     1.5596e-03  2.4507e-03 
2.9903e+02     0.0000e+00  0.0000e+00     0.0000e+00  0.0000e+00     0.0000e+00  0.0000e+00     0.0000e+00  0.0000e+00 
3.3552e+02     0.0000e+00  0.0000e+00     0.0000e+00  0.0000e+00     0.0000e+00  0.0000e+00     0.0000e+00  0.0000e+00 
3.7646e+02     0.0000e+00  0.0000e+00     0.0000e+00  0.0000e+00     0.0000e+00  0.0000e+00     0.0000e+00  0.0000e+00 
4.2240e+02     0.0000e+00  0.0000e+00     0.0000e+00  0.0000e+00     0.0000e+00  0.0000e+00     0.0000e+00  0.0000e+00 
4.7394e+02     0.0000e+00  0.0000e+00     0.0000e+00  0.0000e+00     0.0000e+00  0.0000e+00     0.0000e+00  0.0000e+00 
5.3176e+02     0.0000e+00  0.0000e+00     0.0000e+00  0.0000e+00     0.0000e+00  0.0000e+00     0.0000e+00  0.0000e+00 
5.9665e+02     0.0000e+00  0.0000e+00     0.0000e+00  0.0000e+00     0.0000e+00  0.0000e+00     0.0000e+00  0.0000e+00 
6.6945e+02     0.0000e+00  0.0000e+00     0.0000e+00  0.0000e+00     0.0000e+00  0.0000e+00     0.0000e+00  0.0000e+00 
7.5114e+02     0.0000e+00  0.0000e+00     0.0000e+00  0.0000e+00     0.0000e+00  0.0000e+00     0.0000e+00  0.0000e+00 
8.4279e+02     0.0000e+00  0.0000e+00     0.0000e+00  0.0000e+00     0.0000e+00  0.0000e+00     0.0000e+00  0.0000e+00 
9.4563e+02     0.0000e+00  0.0000e+00     0.0000e+00  0.0000e+00     0.0000e+00  0.0000e+00     0.0000e+00  0.0000e+00 
1.0610e+03     0.0000e+00  0.0000e+00     0.0000e+00  0.0000e+00     0.0000e+00  0.0000e+00     0.0000e+00  0.0000e+00 
1.1905e+03     0.0000e+00  0.0000e+00     0.0000e+00  0.0000e+00     0.0000e+00  0.0000e+00     0.0000e+00  0.0000e+00 
1.3357e+03     0.0000e+00  0.0000e+00     0.0000e+00  0.0000e+00     0.0000e+00  0.0000e+00     0.0000e+00  0.0000e+00 
1.4987e+03     0.0000e+00  0.0000e+00     0.0000e+00  0.0000e+00     0.0000e+00  0.0000e+00     0.0000e+00  0.0000e+00 
1.6816e+03     0.0000e+00  0.0000e+00     0.0000e+00  0.0000e+00     0.0000e+00  0.0000e+00     0.0000e+00  0.0000e+00 
1.8868e+03     0.0000e+00  0.0000e+00     0.0000e+00  0.0000e+00     0.0000e+00  0.0000e+00     0.0000e+00  0.0000e+00 
2.1170e+03     0.0000e+00  0.0000e+00     0.0000e+00  0.0000e+00     0.0000e+00  0.0000e+00     0.0000e+00  0.0000e+00 
2.3753e+03     0.0000e+00  0.0000e+00     0.0000e+00  0.0000e+00     0.0000e+00  0.0000e+00     0.0000e+00  0.0000e+00 
2.6651e+03     0.0000e+00  0.0000e+00     0.0000e+00  0.0000e+00     0.0000e+00  0.0000e+00     0.0000e+00  0.0000e+00 
2.9903e+03     0.0000e+00  0.0000e+00     0.0000e+00  0.0000e+00     0.0000e+00  0.0000e+00     0.0000e+00  0.0000e+00 
3.3552e+03     0.0000e+00  0.0000e+00     0.0000e+00  0.0000e+00     0.0000e+00  0.0000e+00     0.0000e+00  0.0000e+00 
3.7646e+03     0.0000e+00  0.0000e+00     0.0000e+00  0.0000e+00     0.0000e+00  0.0000e+00     0.0000e+00  0.0000e+00 
4.2240e+03     0.0000e+00  0.0000e+00     0.0000e+00  0.0000e+00     0.0000e+00  0.0000e+00     0.0000e+00  0.0000e+00 
4.7394e+03     0.0000e+00  0.0000e+00     0.0000e+00  0.0000e+00     0.0000e+00  0.0000e+00     0.0000e+00  0.0000e+00 
5.3176e+03     0.0000e+00  0.0000e+00     0.0000e+00  0.0000e+00     0.0000e+00  0.0000e+00     0.0000e+00  0.0000e+00 
5.9665e+03     0.0000e+00  0.0000e+00     0.0000e+00  0.0000e+00     0.0000e+00  0.0000e+00     0.0000e+00  0.0000e+00 
6.6945e+03     0.0000e+00  0.0000e+00     0.0000e+00  0.0000e+00     0.0000e+00  0.0000e+00     0.0000e+00  0.0000e+00 
7.5114e+03     0.0000e+00  0.0000e+00     0.0000e+00  0.0000e+00     0.0000e+00  0.0000e+00     0.0000e+00  0.0000e+00 
8.4279e+03     0.0000e+00  0.0000e+00     0.0000e+00  0.0000e+00     0.0000e+00  0.0000e+00     0.0000e+00  0.0000e+00 
9.4563e+03     0.0000e+00  0.0000e+00     0.0000e+00  0.0000e+00     0.0000e+00  0.0000e+00     0.0000e+00  0.0000e+00 
