yF = 1.8024e+01 (std: 3.7153e-02) keV/um
yD = 2.0605e+01 (std: 8.6098e-02) keV/um
y (keV/um)     f(y)(std)                  yf(y)(std)                 d(y)(std)                  yd(y)(std)  
1.0610e-03     0.0000e+00  0.0000e+00     0.0000e+00  0.0000e+00     0.0000e+00  0.0000e+00     0.0000e+00  0.0000e+00 
1.1905e-03     0.0000e+00  0.0000e+00     0.0000e+00  0.0000e+00     0.0000e+00  0.0000e+00     0.0000e+00  0.0000e+00 
1.3357e-03     0.0000e+00  0.0000e+00     0.0000e+00  0.0000e+00     0.0000e+00  0.0000e+00     0.0000e+00  0.0000e+00 
1.4987e-03     0.0000e+00  0.0000e+00     0.0000e+00  0.0000e+00     0.0000e+00  0.0000e+00     0.0000e+00  0.0000e+00 
1.6816e-03     0.0000e+00  0.0000e+00     0.0000e+00  0.0000e+00     0.0000e+00  0.0000e+00     0.0000e+00  0.0000e+00 
1.8868e-03     4.6122e-03  8.0252e-03     8.7021e-06  1.5142e-05     4.8279e-07  8.4006e-07     9.1092e-10  1.5850e-09 
2.1170e-03     0.0000e+00  0.0000e+00     0.0000e+00  0.0000e+00     0.0000e+00  0.0000e+00     0.0000e+00  0.0000e+00 
2.3753e-03     0.0000e+00  0.0000e+00     0.0000e+00  0.0000e+00     0.0000e+00  0.0000e+00     0.0000e+00  0.0000e+00 
2.6651e-03     0.0000e+00  0.0000e+00     0.0000e+00  0.0000e+00     0.0000e+00  0.0000e+00     0.0000e+00  0.0000e+00 
2.9903e-03     0.0000e+00  0.0000e+00     0.0000e+00  0.0000e+00     0.0000e+00  0.0000e+00     0.0000e+00  0.0000e+00 
3.3552e-03     0.0000e+00  0.0000e+00     0.0000e+00  0.0000e+00     0.0000e+00  0.0000e+00     0.0000e+00  0.0000e+00 
3.7646e-03     0.0000e+00  0.0000e+00     0.0000e+00  0.0000e+00     0.0000e+00  0.0000e+00     0.0000e+00  0.0000e+00 
4.2240e-03     0.0000e+00  0.0000e+00     0.0000e+00  0.0000e+00     0.0000e+00  0.0000e+00     0.0000e+00  0.0000e+00 
4.7394e-03     1.8361e-03  8.6129e-04     8.7021e-06  4.0819e-06     4.8279e-07  2.2647e-07     2.2881e-09  1.0733e-09 
5.3176e-03     0.0000e+00  0.0000e+00     0.0000e+00  0.0000e+00     0.0000e+00  0.0000e+00     0.0000e+00  0.0000e+00 
5.9665e-03     0.0000e+00  0.0000e+00     0.0000e+00  0.0000e+00     0.0000e+00  0.0000e+00     0.0000e+00  0.0000e+00 
6.6945e-03     1.2999e-03  4.4309e-03     8.7021e-06  2.9663e-05     4.8279e-07  1.6457e-06     3.2321e-09  1.1017e-08 
7.5114e-03     0.0000e+00  0.0000e+00     0.0000e+00  0.0000e+00     0.0000e+00  0.0000e+00     0.0000e+00  0.0000e+00 
8.4279e-03     0.0000e+00  0.0000e+00     0.0000e+00  0.0000e+00     0.0000e+00  0.0000e+00     0.0000e+00  0.0000e+00 
9.4563e-03     0.0000e+00  0.0000e+00     0.0000e+00  0.0000e+00     0.0000e+00  0.0000e+00     0.0000e+00  0.0000e+00 
1.0610e-02     0.0000e+00  0.0000e+00     0.0000e+00  0.0000e+00     0.0000e+00  0.0000e+00     0.0000e+00  0.0000e+00 
1.1905e-02     1.4620e-03  8.3570e-03     1.7404e-05  9.9488e-05     9.6559e-07  5.5196e-06     1.1495e-08  6.5709e-08 
1.3357e-02     0.0000e+00  0.0000e+00     0.0000e+00  0.0000e+00     0.0000e+00  0.0000e+00     0.0000e+00  0.0000e+00 
1.4987e-02     0.0000e+00  0.0000e+00     0.0000e+00  0.0000e+00     0.0000e+00  0.0000e+00     0.0000e+00  0.0000e+00 
1.6816e-02     0.0000e+00  0.0000e+00     0.0000e+00  0.0000e+00     0.0000e+00  0.0000e+00     0.0000e+00  0.0000e+00 
1.8868e-02     0.0000e+00  0.0000e+00     0.0000e+00  0.0000e+00     0.0000e+00  0.0000e+00     0.0000e+00  0.0000e+00 
2.1170e-02     0.0000e+00  0.0000e+00     0.0000e+00  0.0000e+00     0.0000e+00  0.0000e+00     0.0000e+00  0.0000e+00 
2.3753e-02     7.3272e-04  6.1622e-04     1.7404e-05  1.4637e-05     9.6559e-07  8.1208e-07     2.2936e-08  1.9289e-08 
2.6651e-02     1.6326e-03  1.3822e-03     4.3511e-05  3.6838e-05     2.4140e-06  2.0438e-06     6.4336e-08  5.4470e-08 
2.9903e-02     2.9101e-04  6.3123e-04     8.7021e-06  1.8876e-05     4.8279e-07  1.0472e-06     1.4437e-08  3.1316e-08 
3.3552e-02     0.0000e+00  0.0000e+00     0.0000e+00  0.0000e+00     0.0000e+00  0.0000e+00     0.0000e+00  0.0000e+00 
3.7646e-02     2.3116e-04  1.8474e-04     8.7021e-06  6.9546e-06     4.8279e-07  3.8584e-07     1.8175e-08  1.4525e-08 
4.2240e-02     4.1204e-04  3.3874e-04     1.7404e-05  1.4308e-05     9.6559e-07  7.9383e-07     4.0786e-08  3.3531e-08 
4.7394e-02     5.5084e-04  6.8036e-04     2.6106e-05  3.2245e-05     1.4484e-06  1.7889e-06     6.8644e-08  8.4784e-08 
5.3176e-02     1.6365e-04  1.2617e-04     8.7021e-06  6.7092e-06     4.8279e-07  3.7223e-07     2.5673e-08  1.9794e-08 
5.9665e-02     1.4585e-04  3.8412e-04     8.7021e-06  2.2918e-05     4.8279e-07  1.2715e-06     2.8806e-08  7.5865e-08 
6.6945e-02     6.4994e-04  2.5523e-04     4.3511e-05  1.7087e-05     2.4140e-06  9.4798e-07     1.6160e-07  6.3463e-08 
7.5114e-02     3.4756e-04  1.3822e-04     2.6106e-05  1.0382e-05     1.4484e-06  5.7603e-07     1.0879e-07  4.3268e-08 
8.4279e-02     7.2278e-04  2.5054e-04     6.0915e-05  2.1116e-05     3.3796e-06  1.1715e-06     2.8483e-07  9.8734e-08 
9.4563e-02     1.8405e-04  9.0807e-05     1.7404e-05  8.5869e-06     9.6559e-07  4.7641e-07     9.1308e-08  4.5050e-08 
1.0610e-01     5.7412e-04  2.6744e-04     6.0915e-05  2.8376e-05     3.3796e-06  1.5743e-06     3.5857e-07  1.6704e-07 
1.1905e-01     7.3098e-04  7.6540e-04     8.7021e-05  9.1119e-05     4.8279e-06  5.0553e-06     5.7475e-07  6.0182e-07 
1.3357e-01     3.9089e-04  3.8546e-04     5.2213e-05  5.1486e-05     2.8968e-06  2.8565e-06     3.8693e-07  3.8155e-07 
1.4987e-01     4.6451e-04  1.8347e-04     6.9617e-05  2.7497e-05     3.8624e-06  1.5256e-06     5.7886e-07  2.2864e-07 
1.6816e-01     8.2799e-04  3.4348e-04     1.3923e-04  5.7760e-05     7.7247e-06  3.2045e-06     1.2990e-06  5.3887e-07 
1.8868e-01     5.0734e-04  1.4213e-04     9.5723e-05  2.6816e-05     5.3107e-06  1.4878e-06     1.0020e-06  2.8072e-07 
2.1170e-01     7.8102e-04  2.2041e-04     1.6534e-04  4.6661e-05     9.1731e-06  2.5888e-06     1.9419e-06  5.4805e-07 
2.3753e-01     1.0624e-03  2.8225e-04     2.5236e-04  6.7043e-05     1.4001e-05  3.7197e-06     3.3257e-06  8.8353e-07 
2.6651e-01     7.5099e-04  3.5203e-04     2.0015e-04  9.3820e-05     1.1104e-05  5.2052e-06     2.9594e-06  1.3872e-06 
2.9903e-01     7.2752e-04  1.8440e-04     2.1755e-04  5.5142e-05     1.2070e-05  3.0594e-06     3.6093e-06  9.1486e-07 
3.3552e-01     7.7809e-04  5.9506e-04     2.6106e-04  1.9966e-04     1.4484e-05  1.1077e-05     4.8596e-06  3.7165e-06 
3.7646e-01     6.0101e-04  5.1307e-04     2.2626e-04  1.9315e-04     1.2553e-05  1.0716e-05     4.7256e-06  4.0342e-06 
4.2240e-01     9.8889e-04  2.6661e-04     4.1770e-04  1.1261e-04     2.3174e-05  6.2480e-06     9.7886e-06  2.6391e-06 
4.7394e-01     1.2669e-03  3.6698e-04     6.0045e-04  1.7392e-04     3.3313e-05  9.6495e-06     1.5788e-05  4.5733e-06 
5.3176e-01     1.7183e-03  2.3742e-04     9.1372e-04  1.2625e-04     5.0693e-05  7.0051e-06     2.6957e-05  3.7251e-06 
5.9665e-01     1.6043e-03  2.4995e-04     9.5723e-04  1.4913e-04     5.3107e-05  8.2746e-06     3.1686e-05  4.9370e-06 
6.6945e-01     1.9238e-03  2.4605e-04     1.2879e-03  1.6472e-04     7.1454e-05  9.1398e-06     4.7835e-05  6.1187e-06 
7.5114e-01     1.9116e-03  2.4640e-04     1.4359e-03  1.8508e-04     7.9661e-05  1.0270e-05     5.9836e-05  7.7138e-06 
8.4279e-01     2.0857e-03  1.4270e-04     1.7578e-03  1.2026e-04     9.7524e-05  6.6753e-06     8.2193e-05  5.6259e-06 
9.4563e-01     2.3742e-03  3.4310e-04     2.2451e-03  3.2444e-04     1.2456e-04  1.8002e-05     1.1779e-04  1.7023e-05 
1.0610e+00     3.0182e-03  3.9301e-04     3.2024e-03  4.1698e-04     1.7767e-04  2.3137e-05     1.8851e-04  2.4549e-05 
1.1905e+00     3.4722e-03  2.2546e-04     4.1335e-03  2.6841e-04     2.2933e-04  1.4899e-05     2.7301e-04  1.7736e-05 
1.3357e+00     3.8112e-03  2.5638e-04     5.0907e-03  3.4245e-04     2.8243e-04  1.9008e-05     3.7726e-04  2.5390e-05 
1.4987e+00     4.5812e-03  1.7870e-04     6.8660e-03  2.6782e-04     3.8092e-04  1.4879e-05     5.7090e-04  2.2300e-05 
1.6816e+00     5.0973e-03  2.8682e-04     8.5716e-03  4.8231e-04     4.7555e-04  2.6777e-05     7.9968e-04  4.5027e-05 
1.8868e+00     5.8206e-03  3.4296e-04     1.0982e-02  6.4708e-04     6.0929e-04  3.5922e-05     1.1496e-03  6.7777e-05 
2.1170e+00     6.2111e-03  3.5079e-04     1.3149e-02  7.4262e-04     7.2950e-04  4.1228e-05     1.5443e-03  8.7279e-05 
2.3753e+00     6.8692e-03  1.6562e-04     1.6316e-02  3.9339e-04     9.0524e-04  2.1905e-05     2.1502e-03  5.2031e-05 
2.6651e+00     7.5066e-03  2.9827e-04     2.0006e-02  7.9492e-04     1.1099e-03  4.4161e-05     2.9581e-03  1.1770e-04 
2.9903e+00     8.5295e-03  2.9393e-04     2.5506e-02  8.7895e-04     1.4151e-03  4.8852e-05     4.2315e-03  1.4608e-04 
3.3552e+00     9.6742e-03  1.6202e-04     3.2459e-02  5.4362e-04     1.8008e-03  3.0387e-05     6.0421e-03  1.0196e-04 
3.7646e+00     1.0349e-02  1.7818e-04     3.8959e-02  6.7078e-04     2.1615e-03  3.7481e-05     8.1371e-03  1.4110e-04 
4.2240e+00     1.1529e-02  4.0386e-04     4.8697e-02  1.7059e-03     2.7017e-03  9.4807e-05     1.1412e-02  4.0046e-04 
4.7394e+00     1.3029e-02  3.0003e-04     6.1750e-02  1.4219e-03     3.4259e-03  7.9205e-05     1.6237e-02  3.7538e-04 
5.3176e+00     1.4578e-02  1.6900e-04     7.7518e-02  8.9869e-04     4.3007e-03  5.0641e-05     2.2870e-02  2.6929e-04 
5.9665e+00     1.6109e-02  1.2415e-04     9.6115e-02  7.4075e-04     5.3325e-03  4.2541e-05     3.1816e-02  2.5382e-04 
6.6945e+00     1.8276e-02  2.6217e-04     1.2235e-01  1.7551e-03     6.7881e-03  9.8373e-05     4.5443e-02  6.5856e-04 
7.5114e+00     2.0089e-02  1.5635e-04     1.5089e-01  1.1744e-03     8.3717e-03  6.7404e-05     6.2883e-02  5.0630e-04 
8.4279e+00     2.2885e-02  4.7215e-04     1.9287e-01  3.9792e-03     1.0701e-02  2.2187e-04     9.0184e-02  1.8699e-03 
9.4563e+00     2.5926e-02  2.1079e-04     2.4516e-01  1.9933e-03     1.3602e-02  1.1409e-04     1.2862e-01  1.0788e-03 
1.0610e+01     2.9284e-02  1.6340e-04     3.1071e-01  1.7337e-03     1.7238e-02  1.0254e-04     1.8290e-01  1.0880e-03 
1.1905e+01     3.3099e-02  2.7876e-04     3.9403e-01  3.3186e-03     2.1861e-02  1.8955e-04     2.6025e-01  2.2565e-03 
1.3357e+01     3.7868e-02  1.4206e-04     5.0582e-01  1.8975e-03     2.8063e-02  1.2012e-04     3.7484e-01  1.6045e-03 
1.4987e+01     4.3771e-02  2.4408e-04     6.5601e-01  3.6580e-03     3.6395e-02  2.1637e-04     5.4546e-01  3.2427e-03 
1.6816e+01     5.0565e-02  1.8954e-04     8.5029e-01  3.1873e-03     4.7174e-02  2.0180e-04     7.9328e-01  3.3935e-03 
1.8868e+01     5.8939e-02  3.2756e-04     1.1120e+00  6.1804e-03     6.1696e-02  3.6571e-04     1.1641e+00  6.9001e-03 
2.1170e+01     6.3182e-02  2.2131e-04     1.3376e+00  4.6852e-03     7.4208e-02  3.0160e-04     1.5710e+00  6.3849e-03 
2.3753e+01     5.0339e-02  3.7969e-04     1.1957e+00  9.0188e-03     6.6338e-02  5.1871e-04     1.5757e+00  1.2321e-02 
2.6651e+01     2.7374e-02  1.2725e-04     7.2955e-01  3.3915e-03     4.0476e-02  2.0583e-04     1.0787e+00  5.4856e-03 
2.9903e+01     1.0153e-02  1.2086e-04     3.0360e-01  3.6141e-03     1.6844e-02  2.0349e-04     5.0368e-01  6.0851e-03 
3.3552e+01     2.6310e-03  5.3908e-05     8.8274e-02  1.8087e-03     4.8975e-03  1.0085e-04     1.6432e-01  3.3839e-03 
3.7646e+01     4.5006e-04  2.0183e-05     1.6943e-02  7.5981e-04     9.4000e-04  4.2199e-05     3.5387e-02  1.5886e-03 
4.2240e+01     5.3977e-05  3.6814e-06     2.2800e-03  1.5550e-04     1.2649e-04  8.6311e-06     5.3430e-03  3.6458e-04 
4.7394e+01     3.3051e-06  1.0224e-06     1.5664e-04  4.8457e-05     8.6903e-06  2.6885e-06     4.1186e-04  1.2742e-04 
5.3176e+01     1.6365e-07  1.4778e-07     8.7021e-06  7.8585e-06     4.8279e-07  4.3599e-07     2.5673e-05  2.3184e-05 
5.9665e+01     0.0000e+00  0.0000e+00     0.0000e+00  0.0000e+00     0.0000e+00  0.0000e+00     0.0000e+00  0.0000e+00 
6.6945e+01     0.0000e+00  0.0000e+00     0.0000e+00  0.0000e+00     0.0000e+00  0.0000e+00     0.0000e+00  0.0000e+00 
7.5114e+01     0.0000e+00  0.0000e+00     0.0000e+00  0.0000e+00     0.0000e+00  0.0000e+00     0.0000e+00  0.0000e+00 
8.4279e+01     1.0325e-07  5.4681e-08     8.7021e-06  4.6084e-06     4.8279e-07  2.5568e-07     4.0689e-05  2.1548e-05 
9.4563e+01     0.0000e+00  0.0000e+00     0.0000e+00  0.0000e+00     0.0000e+00  0.0000e+00     0.0000e+00  0.0000e+00 
1.0610e+02     1.6403e-07  6.1373e-08     1.7404e-05  6.5117e-06     9.6559e-07  3.6127e-07     1.0245e-04  3.8332e-05 
1.1905e+02     0.0000e+00  0.0000e+00     0.0000e+00  0.0000e+00     0.0000e+00  0.0000e+00     0.0000e+00  0.0000e+00 
1.3357e+02     6.5149e-08  4.8497e-08     8.7021e-06  6.4779e-06     4.8279e-07  3.5939e-07     6.4488e-05  4.8005e-05 
1.4987e+02     0.0000e+00  0.0000e+00     0.0000e+00  0.0000e+00     0.0000e+00  0.0000e+00     0.0000e+00  0.0000e+00 
1.6816e+02     5.1749e-08  5.7189e-08     8.7021e-06  9.6169e-06     4.8279e-07  5.3355e-07     8.1186e-05  8.9721e-05 
1.8868e+02     4.6122e-08  4.7393e-08     8.7021e-06  8.9420e-06     4.8279e-07  4.9610e-07     9.1092e-05  9.3604e-05 
2.1170e+02     0.0000e+00  0.0000e+00     0.0000e+00  0.0000e+00     0.0000e+00  0.0000e+00     0.0000e+00  0.0000e+00 
2.3753e+02     0.0000e+00  0.0000e+00     0.0000e+00  0.0000e+00     0.0000e+00  0.0000e+00     0.0000e+00  0.0000e+00 
2.6651e+02     0.0000e+00  0.0000e+00     0.0000e+00  0.0000e+00     0.0000e+00  0.0000e+00     0.0000e+00  0.0000e+00 
2.9903e+02     2.9101e-08  3.9238e-08     8.7021e-06  1.1734e-05     4.8279e-07  6.5098e-07     1.4437e-04  1.9466e-04 
3.3552e+02     0.0000e+00  0.0000e+00     0.0000e+00  0.0000e+00     0.0000e+00  0.0000e+00     0.0000e+00  0.0000e+00 
3.7646e+02     4.6231e-08  3.4861e-08     1.7404e-05  1.3124e-05     9.6559e-07  7.2812e-07     3.6351e-04  2.7411e-04 
4.2240e+02     0.0000e+00  0.0000e+00     0.0000e+00  0.0000e+00     0.0000e+00  0.0000e+00     0.0000e+00  0.0000e+00 
4.7394e+02     1.8361e-08  2.5967e-09     8.7021e-06  1.2307e-06     4.8279e-07  6.8285e-08     2.2881e-04  3.2363e-05 
5.3176e+02     0.0000e+00  0.0000e+00     0.0000e+00  0.0000e+00     0.0000e+00  0.0000e+00     0.0000e+00  0.0000e+00 
5.9665e+02     1.4585e-08  4.9716e-08     8.7021e-06  2.9663e-05     4.8279e-07  1.6457e-06     2.8806e-04  9.8191e-04 
6.6945e+02     0.0000e+00  0.0000e+00     0.0000e+00  0.0000e+00     0.0000e+00  0.0000e+00     0.0000e+00  0.0000e+00 
7.5114e+02     1.1585e-08  2.3170e-09     8.7021e-06  1.7404e-06     4.8279e-07  9.6560e-08     3.6264e-04  7.2530e-05 
8.4279e+02     0.0000e+00  0.0000e+00     0.0000e+00  0.0000e+00     0.0000e+00  0.0000e+00     0.0000e+00  0.0000e+00 
9.4563e+02     0.0000e+00  0.0000e+00     0.0000e+00  0.0000e+00     0.0000e+00  0.0000e+00     0.0000e+00  0.0000e+00 
1.0610e+03     0.0000e+00  0.0000e+00     0.0000e+00  0.0000e+00     0.0000e+00  0.0000e+00     0.0000e+00  0.0000e+00 
1.1905e+03     0.0000e+00  0.0000e+00     0.0000e+00  0.0000e+00     0.0000e+00  0.0000e+00     0.0000e+00  0.0000e+00 
1.3357e+03     0.0000e+00  0.0000e+00     0.0000e+00  0.0000e+00     0.0000e+00  0.0000e+00     0.0000e+00  0.0000e+00 
1.4987e+03     0.0000e+00  0.0000e+00     0.0000e+00  0.0000e+00     0.0000e+00  0.0000e+00     0.0000e+00  0.0000e+00 
1.6816e+03     0.0000e+00  0.0000e+00     0.0000e+00  0.0000e+00     0.0000e+00  0.0000e+00     0.0000e+00  0.0000e+00 
1.8868e+03     0.0000e+00  0.0000e+00     0.0000e+00  0.0000e+00     0.0000e+00  0.0000e+00     0.0000e+00  0.0000e+00 
2.1170e+03     0.0000e+00  0.0000e+00     0.0000e+00  0.0000e+00     0.0000e+00  0.0000e+00     0.0000e+00  0.0000e+00 
2.3753e+03     0.0000e+00  0.0000e+00     0.0000e+00  0.0000e+00     0.0000e+00  0.0000e+00     0.0000e+00  0.0000e+00 
2.6651e+03     0.0000e+00  0.0000e+00     0.0000e+00  0.0000e+00     0.0000e+00  0.0000e+00     0.0000e+00  0.0000e+00 
2.9903e+03     0.0000e+00  0.0000e+00     0.0000e+00  0.0000e+00     0.0000e+00  0.0000e+00     0.0000e+00  0.0000e+00 
3.3552e+03     0.0000e+00  0.0000e+00     0.0000e+00  0.0000e+00     0.0000e+00  0.0000e+00     0.0000e+00  0.0000e+00 
3.7646e+03     0.0000e+00  0.0000e+00     0.0000e+00  0.0000e+00     0.0000e+00  0.0000e+00     0.0000e+00  0.0000e+00 
4.2240e+03     0.0000e+00  0.0000e+00     0.0000e+00  0.0000e+00     0.0000e+00  0.0000e+00     0.0000e+00  0.0000e+00 
4.7394e+03     0.0000e+00  0.0000e+00     0.0000e+00  0.0000e+00     0.0000e+00  0.0000e+00     0.0000e+00  0.0000e+00 
5.3176e+03     0.0000e+00  0.0000e+00     0.0000e+00  0.0000e+00     0.0000e+00  0.0000e+00     0.0000e+00  0.0000e+00 
5.9665e+03     0.0000e+00  0.0000e+00     0.0000e+00  0.0000e+00     0.0000e+00  0.0000e+00     0.0000e+00  0.0000e+00 
6.6945e+03     0.0000e+00  0.0000e+00     0.0000e+00  0.0000e+00     0.0000e+00  0.0000e+00     0.0000e+00  0.0000e+00 
7.5114e+03     0.0000e+00  0.0000e+00     0.0000e+00  0.0000e+00     0.0000e+00  0.0000e+00     0.0000e+00  0.0000e+00 
8.4279e+03     0.0000e+00  0.0000e+00     0.0000e+00  0.0000e+00     0.0000e+00  0.0000e+00     0.0000e+00  0.0000e+00 
9.4563e+03     0.0000e+00  0.0000e+00     0.0000e+00  0.0000e+00     0.0000e+00  0.0000e+00     0.0000e+00  0.0000e+00 
