yF = 1.5854e+01 (std: 2.8218e-02) keV/um
yD = 1.8150e+01 (std: 1.4198e-01) keV/um
y (keV/um)     f(y)(std)                  yf(y)(std)                 d(y)(std)                  yd(y)(std)  
1.0610e-03     0.0000e+00  0.0000e+00     0.0000e+00  0.0000e+00     0.0000e+00  0.0000e+00     0.0000e+00  0.0000e+00 
1.1905e-03     0.0000e+00  0.0000e+00     0.0000e+00  0.0000e+00     0.0000e+00  0.0000e+00     0.0000e+00  0.0000e+00 
1.3357e-03     0.0000e+00  0.0000e+00     0.0000e+00  0.0000e+00     0.0000e+00  0.0000e+00     0.0000e+00  0.0000e+00 
1.4987e-03     0.0000e+00  0.0000e+00     0.0000e+00  0.0000e+00     0.0000e+00  0.0000e+00     0.0000e+00  0.0000e+00 
1.6816e-03     0.0000e+00  0.0000e+00     0.0000e+00  0.0000e+00     0.0000e+00  0.0000e+00     0.0000e+00  0.0000e+00 
1.8868e-03     0.0000e+00  0.0000e+00     0.0000e+00  0.0000e+00     0.0000e+00  0.0000e+00     0.0000e+00  0.0000e+00 
2.1170e-03     0.0000e+00  0.0000e+00     0.0000e+00  0.0000e+00     0.0000e+00  0.0000e+00     0.0000e+00  0.0000e+00 
2.3753e-03     0.0000e+00  0.0000e+00     0.0000e+00  0.0000e+00     0.0000e+00  0.0000e+00     0.0000e+00  0.0000e+00 
2.6651e-03     0.0000e+00  0.0000e+00     0.0000e+00  0.0000e+00     0.0000e+00  0.0000e+00     0.0000e+00  0.0000e+00 
2.9903e-03     0.0000e+00  0.0000e+00     0.0000e+00  0.0000e+00     0.0000e+00  0.0000e+00     0.0000e+00  0.0000e+00 
3.3552e-03     0.0000e+00  0.0000e+00     0.0000e+00  0.0000e+00     0.0000e+00  0.0000e+00     0.0000e+00  0.0000e+00 
3.7646e-03     0.0000e+00  0.0000e+00     0.0000e+00  0.0000e+00     0.0000e+00  0.0000e+00     0.0000e+00  0.0000e+00 
4.2240e-03     0.0000e+00  0.0000e+00     0.0000e+00  0.0000e+00     0.0000e+00  0.0000e+00     0.0000e+00  0.0000e+00 
4.7394e-03     0.0000e+00  0.0000e+00     0.0000e+00  0.0000e+00     0.0000e+00  0.0000e+00     0.0000e+00  0.0000e+00 
5.3176e-03     0.0000e+00  0.0000e+00     0.0000e+00  0.0000e+00     0.0000e+00  0.0000e+00     0.0000e+00  0.0000e+00 
5.9665e-03     0.0000e+00  0.0000e+00     0.0000e+00  0.0000e+00     0.0000e+00  0.0000e+00     0.0000e+00  0.0000e+00 
6.6945e-03     0.0000e+00  0.0000e+00     0.0000e+00  0.0000e+00     0.0000e+00  0.0000e+00     0.0000e+00  0.0000e+00 
7.5114e-03     0.0000e+00  0.0000e+00     0.0000e+00  0.0000e+00     0.0000e+00  0.0000e+00     0.0000e+00  0.0000e+00 
8.4279e-03     0.0000e+00  0.0000e+00     0.0000e+00  0.0000e+00     0.0000e+00  0.0000e+00     0.0000e+00  0.0000e+00 
9.4563e-03     0.0000e+00  0.0000e+00     0.0000e+00  0.0000e+00     0.0000e+00  0.0000e+00     0.0000e+00  0.0000e+00 
1.0610e-02     0.0000e+00  0.0000e+00     0.0000e+00  0.0000e+00     0.0000e+00  0.0000e+00     0.0000e+00  0.0000e+00 
1.1905e-02     0.0000e+00  0.0000e+00     0.0000e+00  0.0000e+00     0.0000e+00  0.0000e+00     0.0000e+00  0.0000e+00 
1.3357e-02     6.5147e-04  5.3375e-04     8.7019e-06  7.1294e-06     5.4886e-07  4.4968e-07     7.3313e-09  6.0065e-09 
1.4987e-02     0.0000e+00  0.0000e+00     0.0000e+00  0.0000e+00     0.0000e+00  0.0000e+00     0.0000e+00  0.0000e+00 
1.6816e-02     5.1748e-04  6.0547e-04     8.7019e-06  1.0182e-05     5.4886e-07  6.4219e-07     9.2296e-09  1.0799e-08 
1.8868e-02     4.6121e-04  2.1136e-04     8.7019e-06  3.9878e-06     5.4886e-07  2.5153e-07     1.0356e-08  4.7458e-09 
2.1170e-02     0.0000e+00  0.0000e+00     0.0000e+00  0.0000e+00     0.0000e+00  0.0000e+00     0.0000e+00  0.0000e+00 
2.3753e-02     7.3270e-04  1.1304e-03     1.7404e-05  2.6851e-05     1.0977e-06  1.6936e-06     2.6074e-08  4.0228e-08 
2.6651e-02     0.0000e+00  0.0000e+00     0.0000e+00  0.0000e+00     0.0000e+00  0.0000e+00     0.0000e+00  0.0000e+00 
2.9903e-02     0.0000e+00  0.0000e+00     0.0000e+00  0.0000e+00     0.0000e+00  0.0000e+00     0.0000e+00  0.0000e+00 
3.3552e-02     7.7807e-04  3.6886e-04     2.6106e-05  1.2376e-05     1.6466e-06  7.8060e-07     5.5246e-08  2.6191e-08 
3.7646e-02     0.0000e+00  0.0000e+00     0.0000e+00  0.0000e+00     0.0000e+00  0.0000e+00     0.0000e+00  0.0000e+00 
4.2240e-02     2.0601e-04  1.2578e-04     8.7019e-06  5.3128e-06     5.4886e-07  3.3510e-07     2.3184e-08  1.4154e-08 
4.7394e-02     1.8361e-04  1.1829e-04     8.7019e-06  5.6062e-06     5.4886e-07  3.5361e-07     2.6013e-08  1.6759e-08 
5.3176e-02     8.1821e-04  3.6374e-04     4.3510e-05  1.9342e-05     2.7443e-06  1.2200e-06     1.4593e-07  6.4875e-08 
5.9665e-02     2.9169e-04  1.5357e-04     1.7404e-05  9.1628e-06     1.0977e-06  5.7794e-07     6.5496e-08  3.4482e-08 
6.6945e-02     2.5997e-04  4.1995e-04     1.7404e-05  2.8114e-05     1.0977e-06  1.7732e-06     7.3487e-08  1.1871e-07 
7.5114e-02     3.4755e-04  1.5046e-04     2.6106e-05  1.1301e-05     1.6466e-06  7.1282e-07     1.2368e-07  5.3543e-08 
8.4279e-02     3.0975e-04  1.2385e-04     2.6106e-05  1.0438e-05     1.6466e-06  6.5835e-07     1.3877e-07  5.5485e-08 
9.4563e-02     8.2821e-04  2.9099e-04     7.8317e-05  2.7517e-05     4.9398e-06  1.7356e-06     4.6712e-07  1.6412e-07 
1.0610e-01     4.9209e-04  6.0034e-04     5.2212e-05  6.3697e-05     3.2932e-06  4.0176e-06     3.4941e-07  4.2627e-07 
1.1905e-01     8.7716e-04  2.9401e-04     1.0442e-04  3.5001e-05     6.5864e-06  2.2077e-06     7.8409e-07  2.6282e-07 
1.3357e-01     7.1662e-04  1.9131e-04     9.5721e-05  2.5554e-05     6.0375e-06  1.6118e-06     8.0645e-07  2.1530e-07 
1.4987e-01     6.9675e-04  6.1974e-04     1.0442e-04  9.2881e-05     6.5864e-06  5.8584e-06     9.8711e-07  8.7800e-07 
1.6816e-01     1.0350e-03  3.8146e-04     1.7404e-04  6.4145e-05     1.0977e-05  4.0459e-06     1.8459e-06  6.8036e-07 
1.8868e-01     7.3793e-04  4.6034e-04     1.3923e-04  8.6855e-05     8.7818e-06  5.4783e-06     1.6569e-06  1.0336e-06 
2.1170e-01     6.5768e-04  5.7633e-04     1.3923e-04  1.2201e-04     8.7818e-06  7.6955e-06     1.8591e-06  1.6291e-06 
2.3753e-01     1.2822e-03  3.1551e-04     3.0457e-04  7.4944e-05     1.9210e-05  4.7271e-06     4.5630e-06  1.1228e-06 
2.6651e-01     8.4893e-04  2.1567e-04     2.2625e-04  5.7480e-05     1.4270e-05  3.6255e-06     3.8033e-06  9.6626e-07 
2.9903e-01     1.2804e-03  2.4939e-04     3.8289e-04  7.4576e-05     2.4150e-05  4.7040e-06     7.2216e-06  1.4066e-06 
3.3552e-01     1.1152e-03  3.6311e-04     3.7418e-04  1.2183e-04     2.3601e-05  7.6845e-06     7.9187e-06  2.5783e-06 
3.7646e-01     1.1789e-03  2.5396e-04     4.4380e-04  9.5607e-05     2.7992e-05  6.0305e-06     1.0538e-05  2.2702e-06 
4.2240e-01     1.3185e-03  2.5352e-04     5.5692e-04  1.0709e-04     3.5127e-05  6.7546e-06     1.4838e-05  2.8531e-06 
4.7394e-01     1.6525e-03  1.7226e-04     7.8317e-04  8.1638e-05     4.9398e-05  5.1500e-06     2.3411e-05  2.4408e-06 
5.3176e-01     1.8655e-03  2.6071e-04     9.9202e-04  1.3863e-04     6.2570e-05  8.7449e-06     3.3273e-05  4.6502e-06 
5.9665e-01     2.0564e-03  2.1693e-04     1.2270e-03  1.2943e-04     7.7390e-05  8.1648e-06     4.6174e-05  4.8715e-06 
6.6945e-01     2.5087e-03  5.0205e-04     1.6795e-03  3.3610e-04     1.0593e-04  2.1200e-05     7.0915e-05  1.4192e-05 
7.5114e-01     2.7804e-03  3.2486e-04     2.0885e-03  2.4402e-04     1.3173e-04  1.5393e-05     9.8945e-05  1.1562e-05 
8.4279e-01     2.9117e-03  2.1228e-04     2.4539e-03  1.7891e-04     1.5478e-04  1.1288e-05     1.3045e-04  9.5132e-06 
9.4563e-01     3.2852e-03  2.4346e-04     3.1066e-03  2.3022e-04     1.9594e-04  1.4525e-05     1.8529e-04  1.3735e-05 
1.0610e+00     4.1746e-03  3.0927e-04     4.4293e-03  3.2814e-04     2.7937e-04  2.0703e-05     2.9642e-04  2.1966e-05 
1.1905e+00     4.6782e-03  1.6136e-04     5.5692e-03  1.9210e-04     3.5127e-04  1.2132e-05     4.1818e-04  1.4443e-05 
1.3357e+00     5.3160e-03  2.3744e-04     7.1008e-03  3.1716e-04     4.4787e-04  2.0020e-05     5.9824e-04  2.6741e-05 
1.4987e+00     5.7018e-03  1.6937e-04     8.5453e-03  2.5383e-04     5.3898e-04  1.6039e-05     8.0778e-04  2.4038e-05 
1.6816e+00     6.9860e-03  4.6465e-04     1.1748e-02  7.8135e-04     7.4096e-04  4.9300e-05     1.2460e-03  8.2903e-05 
1.8868e+00     7.0242e-03  4.4155e-04     1.3253e-02  8.3310e-04     8.3592e-04  5.2568e-05     1.5772e-03  9.9183e-05 
2.1170e+00     8.1635e-03  2.9466e-04     1.7282e-02  6.2379e-04     1.0900e-03  3.9392e-05     2.3076e-03  8.3393e-05 
2.3753e+00     8.8327e-03  3.6870e-04     2.0980e-02  8.7578e-04     1.3233e-03  5.5289e-05     3.1433e-03  1.3133e-04 
2.6651e+00     9.7920e-03  1.5656e-04     2.6097e-02  4.1724e-04     1.6460e-03  2.6480e-05     4.3869e-03  7.0572e-05 
2.9903e+00     1.0872e-02  4.1213e-04     3.2510e-02  1.2324e-03     2.0506e-03  7.7818e-05     6.1318e-03  2.3270e-04 
3.3552e+00     1.2325e-02  4.7691e-04     4.1352e-02  1.6001e-03     2.6082e-03  1.0103e-04     8.7510e-03  3.3898e-04 
3.7646e+00     1.3735e-02  3.7174e-04     5.1707e-02  1.3994e-03     3.2613e-03  8.8458e-05     1.2278e-02  3.3301e-04 
4.2240e+00     1.5356e-02  2.1207e-04     6.4864e-02  8.9576e-04     4.0912e-03  5.6966e-05     1.7281e-02  2.4062e-04 
4.7394e+00     1.6918e-02  1.5114e-04     8.0180e-02  7.1632e-04     5.0572e-03  4.6069e-05     2.3968e-02  2.1834e-04 
5.3176e+00     1.8770e-02  3.5667e-04     9.9811e-02  1.8966e-03     6.2955e-03  1.2015e-04     3.3477e-02  6.3892e-04 
5.9665e+00     2.1022e-02  3.1556e-04     1.2543e-01  1.8828e-03     7.9113e-03  1.1959e-04     4.7203e-02  7.1352e-04 
6.6945e+00     2.3780e-02  3.4876e-04     1.5919e-01  2.3348e-03     1.0041e-02  1.4834e-04     6.7219e-02  9.9308e-04 
7.5114e+00     2.6348e-02  1.9632e-04     1.9791e-01  1.4746e-03     1.2483e-02  9.5627e-05     9.3763e-02  7.1829e-04 
8.4279e+00     2.9765e-02  2.6908e-04     2.5086e-01  2.2677e-03     1.5823e-02  1.4578e-04     1.3335e-01  1.2286e-03 
9.4563e+00     3.3606e-02  2.7886e-04     3.1779e-01  2.6370e-03     2.0044e-02  1.7011e-04     1.8954e-01  1.6086e-03 
1.0610e+01     3.8602e-02  2.5443e-04     4.0957e-01  2.6995e-03     2.5833e-02  1.7637e-04     2.7409e-01  1.8713e-03 
1.1905e+01     4.4098e-02  1.5436e-04     5.2498e-01  1.8376e-03     3.3112e-02  1.3003e-04     3.9419e-01  1.5479e-03 
1.3357e+01     5.0700e-02  5.6765e-04     6.7721e-01  7.5823e-03     4.2714e-02  4.8425e-04     5.7055e-01  6.4683e-03 
1.4987e+01     5.8888e-02  3.4172e-04     8.8257e-01  5.1214e-03     5.5667e-02  3.3788e-04     8.3429e-01  5.0638e-03 
1.6816e+01     6.8387e-02  3.7354e-04     1.1500e+00  6.2813e-03     7.2533e-02  4.1669e-04     1.2197e+00  7.0070e-03 
1.8868e+01     7.0135e-02  2.0833e-04     1.3233e+00  3.9308e-03     8.3465e-02  2.8903e-04     1.5748e+00  5.4533e-03 
2.1170e+01     5.2668e-02  1.4856e-04     1.1150e+00  3.1451e-03     7.0325e-02  2.3456e-04     1.4888e+00  4.9656e-03 
2.3753e+01     2.8066e-02  7.5881e-05     6.6666e-01  1.8024e-03     4.2048e-02  1.3611e-04     9.9878e-01  3.2329e-03 
2.6651e+01     1.0701e-02  1.3576e-04     2.8520e-01  3.6182e-03     1.7988e-02  2.3045e-04     4.7942e-01  6.1418e-03 
2.9903e+01     2.8923e-03  8.4245e-05     8.6489e-02  2.5192e-03     5.4551e-03  1.5919e-04     1.6313e-01  4.7604e-03 
3.3552e+01     5.6047e-04  1.9869e-05     1.8805e-02  6.6666e-04     1.1861e-03  4.2102e-05     3.9796e-02  1.4126e-03 
3.7646e+01     7.5818e-05  6.2128e-06     2.8542e-03  2.3389e-04     1.8003e-04  1.4756e-05     6.7773e-03  5.5549e-04 
4.2240e+01     9.8887e-06  2.8770e-06     4.1769e-04  1.2152e-04     2.6345e-05  7.6651e-06     1.1128e-03  3.2377e-04 
4.7394e+01     9.1805e-07  4.1274e-07     4.3510e-05  1.9561e-05     2.7443e-06  1.2338e-06     1.3006e-04  5.8475e-05 
5.3176e+01     0.0000e+00  0.0000e+00     0.0000e+00  0.0000e+00     0.0000e+00  0.0000e+00     0.0000e+00  0.0000e+00 
5.9665e+01     2.9169e-07  5.4146e-08     1.7404e-05  3.2306e-06     1.0977e-06  2.0378e-07     6.5496e-05  1.2158e-05 
6.6945e+01     0.0000e+00  0.0000e+00     0.0000e+00  0.0000e+00     0.0000e+00  0.0000e+00     0.0000e+00  0.0000e+00 
7.5114e+01     1.1585e-07  9.2588e-08     8.7019e-06  6.9546e-06     5.4886e-07  4.3865e-07     4.1227e-05  3.2949e-05 
8.4279e+01     1.0325e-07  8.0555e-08     8.7019e-06  6.7891e-06     5.4886e-07  4.2821e-07     4.6258e-05  3.6089e-05 
9.4563e+01     0.0000e+00  0.0000e+00     0.0000e+00  0.0000e+00     0.0000e+00  0.0000e+00     0.0000e+00  0.0000e+00 
1.0610e+02     8.2016e-08  5.4200e-08     8.7019e-06  5.7506e-06     5.4886e-07  3.6271e-07     5.8235e-05  3.8484e-05 
1.1905e+02     0.0000e+00  0.0000e+00     0.0000e+00  0.0000e+00     0.0000e+00  0.0000e+00     0.0000e+00  0.0000e+00 
1.3357e+02     0.0000e+00  0.0000e+00     0.0000e+00  0.0000e+00     0.0000e+00  0.0000e+00     0.0000e+00  0.0000e+00 
1.4987e+02     5.8063e-08  7.2546e-08     8.7019e-06  1.0873e-05     5.4886e-07  6.8577e-07     8.2259e-05  1.0278e-04 
1.6816e+02     1.0350e-07  5.9919e-07     1.7404e-05  1.0076e-04     1.0977e-06  6.3553e-06     1.8459e-04  1.0687e-03 
1.8868e+02     0.0000e+00  0.0000e+00     0.0000e+00  0.0000e+00     0.0000e+00  0.0000e+00     0.0000e+00  0.0000e+00 
2.1170e+02     0.0000e+00  0.0000e+00     0.0000e+00  0.0000e+00     0.0000e+00  0.0000e+00     0.0000e+00  0.0000e+00 
2.3753e+02     0.0000e+00  0.0000e+00     0.0000e+00  0.0000e+00     0.0000e+00  0.0000e+00     0.0000e+00  0.0000e+00 
2.6651e+02     0.0000e+00  0.0000e+00     0.0000e+00  0.0000e+00     0.0000e+00  0.0000e+00     0.0000e+00  0.0000e+00 
2.9903e+02     0.0000e+00  0.0000e+00     0.0000e+00  0.0000e+00     0.0000e+00  0.0000e+00     0.0000e+00  0.0000e+00 
3.3552e+02     5.1871e-08  3.6887e-07     1.7404e-05  1.2376e-04     1.0977e-06  7.8062e-06     3.6831e-04  2.6191e-03 
3.7646e+02     4.6230e-08  2.5881e-08     1.7404e-05  9.7432e-06     1.0977e-06  6.1454e-07     4.1325e-04  2.3135e-04 
4.2240e+02     0.0000e+00  0.0000e+00     0.0000e+00  0.0000e+00     0.0000e+00  0.0000e+00     0.0000e+00  0.0000e+00 
4.7394e+02     0.0000e+00  0.0000e+00     0.0000e+00  0.0000e+00     0.0000e+00  0.0000e+00     0.0000e+00  0.0000e+00 
5.3176e+02     1.6364e-08  8.2076e-08     8.7019e-06  4.3645e-05     5.4886e-07  2.7529e-06     2.9187e-04  1.4639e-03 
5.9665e+02     0.0000e+00  0.0000e+00     0.0000e+00  0.0000e+00     0.0000e+00  0.0000e+00     0.0000e+00  0.0000e+00 
6.6945e+02     0.0000e+00  0.0000e+00     0.0000e+00  0.0000e+00     0.0000e+00  0.0000e+00     0.0000e+00  0.0000e+00 
7.5114e+02     0.0000e+00  0.0000e+00     0.0000e+00  0.0000e+00     0.0000e+00  0.0000e+00     0.0000e+00  0.0000e+00 
8.4279e+02     0.0000e+00  0.0000e+00     0.0000e+00  0.0000e+00     0.0000e+00  0.0000e+00     0.0000e+00  0.0000e+00 
9.4563e+02     0.0000e+00  0.0000e+00     0.0000e+00  0.0000e+00     0.0000e+00  0.0000e+00     0.0000e+00  0.0000e+00 
1.0610e+03     0.0000e+00  0.0000e+00     0.0000e+00  0.0000e+00     0.0000e+00  0.0000e+00     0.0000e+00  0.0000e+00 
1.1905e+03     0.0000e+00  0.0000e+00     0.0000e+00  0.0000e+00     0.0000e+00  0.0000e+00     0.0000e+00  0.0000e+00 
1.3357e+03     0.0000e+00  0.0000e+00     0.0000e+00  0.0000e+00     0.0000e+00  0.0000e+00     0.0000e+00  0.0000e+00 
1.4987e+03     0.0000e+00  0.0000e+00     0.0000e+00  0.0000e+00     0.0000e+00  0.0000e+00     0.0000e+00  0.0000e+00 
1.6816e+03     0.0000e+00  0.0000e+00     0.0000e+00  0.0000e+00     0.0000e+00  0.0000e+00     0.0000e+00  0.0000e+00 
1.8868e+03     0.0000e+00  0.0000e+00     0.0000e+00  0.0000e+00     0.0000e+00  0.0000e+00     0.0000e+00  0.0000e+00 
2.1170e+03     0.0000e+00  0.0000e+00     0.0000e+00  0.0000e+00     0.0000e+00  0.0000e+00     0.0000e+00  0.0000e+00 
2.3753e+03     0.0000e+00  0.0000e+00     0.0000e+00  0.0000e+00     0.0000e+00  0.0000e+00     0.0000e+00  0.0000e+00 
2.6651e+03     0.0000e+00  0.0000e+00     0.0000e+00  0.0000e+00     0.0000e+00  0.0000e+00     0.0000e+00  0.0000e+00 
2.9903e+03     0.0000e+00  0.0000e+00     0.0000e+00  0.0000e+00     0.0000e+00  0.0000e+00     0.0000e+00  0.0000e+00 
3.3552e+03     0.0000e+00  0.0000e+00     0.0000e+00  0.0000e+00     0.0000e+00  0.0000e+00     0.0000e+00  0.0000e+00 
3.7646e+03     0.0000e+00  0.0000e+00     0.0000e+00  0.0000e+00     0.0000e+00  0.0000e+00     0.0000e+00  0.0000e+00 
4.2240e+03     0.0000e+00  0.0000e+00     0.0000e+00  0.0000e+00     0.0000e+00  0.0000e+00     0.0000e+00  0.0000e+00 
4.7394e+03     0.0000e+00  0.0000e+00     0.0000e+00  0.0000e+00     0.0000e+00  0.0000e+00     0.0000e+00  0.0000e+00 
5.3176e+03     0.0000e+00  0.0000e+00     0.0000e+00  0.0000e+00     0.0000e+00  0.0000e+00     0.0000e+00  0.0000e+00 
5.9665e+03     0.0000e+00  0.0000e+00     0.0000e+00  0.0000e+00     0.0000e+00  0.0000e+00     0.0000e+00  0.0000e+00 
6.6945e+03     0.0000e+00  0.0000e+00     0.0000e+00  0.0000e+00     0.0000e+00  0.0000e+00     0.0000e+00  0.0000e+00 
7.5114e+03     0.0000e+00  0.0000e+00     0.0000e+00  0.0000e+00     0.0000e+00  0.0000e+00     0.0000e+00  0.0000e+00 
8.4279e+03     0.0000e+00  0.0000e+00     0.0000e+00  0.0000e+00     0.0000e+00  0.0000e+00     0.0000e+00  0.0000e+00 
9.4563e+03     0.0000e+00  0.0000e+00     0.0000e+00  0.0000e+00     0.0000e+00  0.0000e+00     0.0000e+00  0.0000e+00 
