yF = 1.5557e+01 (std: 2.6942e-02) keV/um
yD = 1.7853e+01 (std: 5.7902e-02) keV/um
y (keV/um)     f(y)(std)                  yf(y)(std)                 d(y)(std)                  yd(y)(std)  
1.0610e-03     0.0000e+00  0.0000e+00     0.0000e+00  0.0000e+00     0.0000e+00  0.0000e+00     0.0000e+00  0.0000e+00 
1.1905e-03     0.0000e+00  0.0000e+00     0.0000e+00  0.0000e+00     0.0000e+00  0.0000e+00     0.0000e+00  0.0000e+00 
1.3357e-03     6.5147e-03  3.2675e-02     8.7019e-06  4.3645e-05     5.5936e-07  2.8056e-06     7.4716e-10  3.7475e-09 
1.4987e-03     0.0000e+00  0.0000e+00     0.0000e+00  0.0000e+00     0.0000e+00  0.0000e+00     0.0000e+00  0.0000e+00 
1.6816e-03     0.0000e+00  0.0000e+00     0.0000e+00  0.0000e+00     0.0000e+00  0.0000e+00     0.0000e+00  0.0000e+00 
1.8868e-03     0.0000e+00  0.0000e+00     0.0000e+00  0.0000e+00     0.0000e+00  0.0000e+00     0.0000e+00  0.0000e+00 
2.1170e-03     0.0000e+00  0.0000e+00     0.0000e+00  0.0000e+00     0.0000e+00  0.0000e+00     0.0000e+00  0.0000e+00 
2.3753e-03     0.0000e+00  0.0000e+00     0.0000e+00  0.0000e+00     0.0000e+00  0.0000e+00     0.0000e+00  0.0000e+00 
2.6651e-03     0.0000e+00  0.0000e+00     0.0000e+00  0.0000e+00     0.0000e+00  0.0000e+00     0.0000e+00  0.0000e+00 
2.9903e-03     0.0000e+00  0.0000e+00     0.0000e+00  0.0000e+00     0.0000e+00  0.0000e+00     0.0000e+00  0.0000e+00 
3.3552e-03     0.0000e+00  0.0000e+00     0.0000e+00  0.0000e+00     0.0000e+00  0.0000e+00     0.0000e+00  0.0000e+00 
3.7646e-03     0.0000e+00  0.0000e+00     0.0000e+00  0.0000e+00     0.0000e+00  0.0000e+00     0.0000e+00  0.0000e+00 
4.2240e-03     0.0000e+00  0.0000e+00     0.0000e+00  0.0000e+00     0.0000e+00  0.0000e+00     0.0000e+00  0.0000e+00 
4.7394e-03     1.8361e-03  9.3671e-04     8.7019e-06  4.4394e-06     5.5936e-07  2.8537e-07     2.6510e-09  1.3525e-09 
5.3176e-03     0.0000e+00  0.0000e+00     0.0000e+00  0.0000e+00     0.0000e+00  0.0000e+00     0.0000e+00  0.0000e+00 
5.9665e-03     1.4585e-03  3.1636e-03     8.7019e-06  1.8876e-05     5.5936e-07  1.2134e-06     3.3374e-09  7.2395e-09 
6.6945e-03     0.0000e+00  0.0000e+00     0.0000e+00  0.0000e+00     0.0000e+00  0.0000e+00     0.0000e+00  0.0000e+00 
7.5114e-03     0.0000e+00  0.0000e+00     0.0000e+00  0.0000e+00     0.0000e+00  0.0000e+00     0.0000e+00  0.0000e+00 
8.4279e-03     0.0000e+00  0.0000e+00     0.0000e+00  0.0000e+00     0.0000e+00  0.0000e+00     0.0000e+00  0.0000e+00 
9.4563e-03     0.0000e+00  0.0000e+00     0.0000e+00  0.0000e+00     0.0000e+00  0.0000e+00     0.0000e+00  0.0000e+00 
1.0610e-02     0.0000e+00  0.0000e+00     0.0000e+00  0.0000e+00     0.0000e+00  0.0000e+00     0.0000e+00  0.0000e+00 
1.1905e-02     0.0000e+00  0.0000e+00     0.0000e+00  0.0000e+00     0.0000e+00  0.0000e+00     0.0000e+00  0.0000e+00 
1.3357e-02     0.0000e+00  0.0000e+00     0.0000e+00  0.0000e+00     0.0000e+00  0.0000e+00     0.0000e+00  0.0000e+00 
1.4987e-02     0.0000e+00  0.0000e+00     0.0000e+00  0.0000e+00     0.0000e+00  0.0000e+00     0.0000e+00  0.0000e+00 
1.6816e-02     1.0350e-03  7.8536e-04     1.7404e-05  1.3206e-05     1.1187e-06  8.4892e-07     1.8812e-08  1.4275e-08 
1.8868e-02     0.0000e+00  0.0000e+00     0.0000e+00  0.0000e+00     0.0000e+00  0.0000e+00     0.0000e+00  0.0000e+00 
2.1170e-02     0.0000e+00  0.0000e+00     0.0000e+00  0.0000e+00     0.0000e+00  0.0000e+00     0.0000e+00  0.0000e+00 
2.3753e-02     3.6635e-04  4.3034e-03     8.7019e-06  1.0222e-04     5.5936e-07  6.5707e-06     1.3287e-08  1.5607e-07 
2.6651e-02     3.2651e-04  9.2341e-05     8.7019e-06  2.4610e-06     5.5936e-07  1.5820e-07     1.4908e-08  4.2162e-09 
2.9903e-02     5.8200e-04  3.2841e-04     1.7404e-05  9.8206e-06     1.1187e-06  6.3128e-07     3.3454e-08  1.8877e-08 
3.3552e-02     0.0000e+00  0.0000e+00     0.0000e+00  0.0000e+00     0.0000e+00  0.0000e+00     0.0000e+00  0.0000e+00 
3.7646e-02     4.6230e-04  3.6703e-04     1.7404e-05  1.3817e-05     1.1187e-06  8.8817e-07     4.2116e-08  3.3436e-08 
4.2240e-02     2.0601e-04  8.4930e-05     8.7019e-06  3.5874e-06     5.5936e-07  2.3060e-07     2.3627e-08  9.7406e-09 
4.7394e-02     7.3443e-04  3.3591e-04     3.4807e-05  1.5920e-05     2.2375e-06  1.0234e-06     1.0604e-07  4.8501e-08 
5.3176e-02     6.5457e-04  2.1564e-04     3.4807e-05  1.1467e-05     2.2375e-06  7.3711e-07     1.1898e-07  3.9197e-08 
5.9665e-02     4.3754e-04  2.6628e-04     2.6106e-05  1.5888e-05     1.6781e-06  1.0213e-06     1.0012e-07  6.0934e-08 
6.6945e-02     3.8996e-04  2.0416e-04     2.6106e-05  1.3668e-05     1.6781e-06  8.7856e-07     1.1234e-07  5.8815e-08 
7.5114e-02     3.4755e-04  1.2806e-04     2.6106e-05  9.6193e-06     1.6781e-06  6.1834e-07     1.2605e-07  4.6446e-08 
8.4279e-02     4.1300e-04  2.5836e-04     3.4807e-05  2.1774e-05     2.2375e-06  1.3997e-06     1.8857e-07  1.1796e-07 
9.4563e-02     4.6011e-04  2.1803e-04     4.3509e-05  2.0618e-05     2.7968e-06  1.3253e-06     2.6447e-07  1.2533e-07 
1.0610e-01     6.5612e-04  4.7895e-04     6.9615e-05  5.0817e-05     4.4749e-06  3.2666e-06     4.7479e-07  3.4659e-07 
1.1905e-01     5.8477e-04  2.7781e-04     6.9615e-05  3.3073e-05     4.4749e-06  2.1260e-06     5.3272e-07  2.5309e-07 
1.3357e-01     6.5147e-04  2.4959e-04     8.7019e-05  3.3339e-05     5.5936e-06  2.1431e-06     7.4716e-07  2.8625e-07 
1.4987e-01     6.3868e-04  3.3335e-04     9.5721e-05  4.9960e-05     6.1530e-06  3.2115e-06     9.2216e-07  4.8131e-07 
1.6816e-01     9.3146e-04  2.7492e-04     1.5663e-04  4.6231e-05     1.0069e-05  2.9718e-06     1.6931e-06  4.9973e-07 
1.8868e-01     3.2284e-04  1.2715e-04     6.0913e-05  2.3990e-05     3.9155e-06  1.5421e-06     7.3877e-07  2.9097e-07 
2.1170e-01     1.0687e-03  4.7544e-04     2.2625e-04  1.0065e-04     1.4543e-05  6.4699e-06     3.0788e-06  1.3697e-06 
2.3753e-01     8.4260e-04  3.1144e-04     2.0014e-04  7.3977e-05     1.2865e-05  4.7554e-06     3.0559e-06  1.1295e-06 
2.6651e-01     8.8157e-04  3.4385e-04     2.3495e-04  9.1640e-05     1.5103e-05  5.8907e-06     4.0251e-06  1.5700e-06 
2.9903e-01     1.1058e-03  2.4615e-04     3.3067e-04  7.3607e-05     2.1256e-05  4.7317e-06     6.3562e-06  1.4149e-06 
3.3552e-01     1.2190e-03  2.9994e-04     4.0899e-04  1.0064e-04     2.6290e-05  6.4692e-06     8.8208e-06  2.1706e-06 
3.7646e-01     1.3869e-03  2.5382e-04     5.2211e-04  9.5552e-05     3.3562e-05  6.1424e-06     1.2635e-05  2.3124e-06 
4.2240e-01     1.6481e-03  1.7842e-04     6.9615e-04  7.5364e-05     4.4749e-05  4.8451e-06     1.8902e-05  2.0465e-06 
4.7394e-01     1.8361e-03  2.5690e-04     8.7019e-04  1.2175e-04     5.5936e-05  7.8271e-06     2.6510e-05  3.7095e-06 
5.3176e-01     2.2583e-03  3.4180e-04     1.2009e-03  1.8175e-04     7.7192e-05  1.1684e-05     4.1048e-05  6.2132e-06 
5.9665e-01     2.2169e-03  3.1752e-04     1.3227e-03  1.8945e-04     8.5023e-05  1.2179e-05     5.0729e-05  7.2664e-06 
6.6945e-01     2.3527e-03  3.7944e-04     1.5750e-03  2.5401e-04     1.0124e-04  1.6329e-05     6.7778e-05  1.0932e-05 
7.5114e-01     2.8383e-03  6.2537e-04     2.1320e-03  4.6974e-04     1.3704e-04  3.0196e-05     1.0294e-04  2.2681e-05 
8.4279e-01     3.2730e-03  4.5065e-04     2.7585e-03  3.7980e-04     1.7732e-04  2.4416e-05     1.4944e-04  2.0577e-05 
9.4563e-01     3.8465e-03  4.3471e-04     3.6374e-03  4.1108e-04     2.3381e-04  2.6427e-05     2.2110e-04  2.4990e-05 
1.0610e+00     4.4042e-03  3.6711e-04     4.6729e-03  3.8951e-04     3.0038e-04  2.5043e-05     3.1870e-04  2.6571e-05 
1.1905e+00     4.9998e-03  5.3457e-04     5.9521e-03  6.3639e-04     3.8260e-04  4.0913e-05     4.5548e-04  4.8706e-05 
1.3357e+00     5.1531e-03  4.1330e-04     6.8832e-03  5.5206e-04     4.4246e-04  3.5495e-05     5.9100e-04  4.7412e-05 
1.4987e+00     6.2185e-03  1.8081e-04     9.3197e-03  2.7098e-04     5.9908e-04  1.7449e-05     8.9785e-04  2.6152e-05 
1.6816e+00     6.8670e-03  3.1215e-04     1.1547e-02  5.2490e-04     7.4227e-04  3.3766e-05     1.2482e-03  5.6780e-05 
1.8868e+00     7.6975e-03  3.1880e-04     1.4523e-02  6.0151e-04     9.3358e-04  3.8699e-05     1.7614e-03  7.3017e-05 
2.1170e+00     8.2539e-03  3.6008e-04     1.7473e-02  7.6229e-04     1.1232e-03  4.9039e-05     2.3778e-03  1.0382e-04 
2.3753e+00     9.3785e-03  1.5427e-04     2.2277e-02  3.6643e-04     1.4320e-03  2.3684e-05     3.4014e-03  5.6258e-05 
2.6651e+00     1.0269e-02  3.5572e-04     2.7367e-02  9.4805e-04     1.7592e-03  6.1018e-05     4.6885e-03  1.6262e-04 
2.9903e+00     1.1233e-02  2.6535e-04     3.3589e-02  7.9349e-04     2.1591e-03  5.1143e-05     6.4565e-03  1.5294e-04 
3.3552e+00     1.2734e-02  2.6395e-04     4.2726e-02  8.8560e-04     2.7465e-03  5.7125e-05     9.2150e-03  1.9167e-04 
3.7646e+00     1.4022e-02  5.1253e-04     5.2786e-02  1.9295e-03     3.3931e-03  1.2417e-04     1.2774e-02  4.6744e-04 
4.2240e+00     1.5735e-02  2.2335e-04     6.6465e-02  9.4343e-04     4.2724e-03  6.1094e-05     1.8046e-02  2.5806e-04 
4.7394e+00     1.7560e-02  3.5214e-04     8.3225e-02  1.6689e-03     5.3497e-03  1.0768e-04     2.5354e-02  5.1033e-04 
5.3176e+00     1.9752e-02  1.8523e-04     1.0503e-01  9.8497e-04     6.7515e-03  6.4385e-05     3.5902e-02  3.4238e-04 
5.9665e+00     2.1595e-02  3.0819e-04     1.2885e-01  1.8388e-03     8.2825e-03  1.1907e-04     4.9417e-02  7.1043e-04 
6.6945e+00     2.4497e-02  3.4640e-04     1.6400e-01  2.3190e-03     1.0542e-02  1.5018e-04     7.0572e-02  1.0054e-03 
7.5114e+00     2.7428e-02  4.6326e-04     2.0603e-01  3.4797e-03     1.3243e-02  2.2485e-04     9.9477e-02  1.6889e-03 
8.4279e+00     3.1221e-02  3.1235e-04     2.6313e-01  2.6324e-03     1.6914e-02  1.7173e-04     1.4255e-01  1.4473e-03 
9.4563e+00     3.4991e-02  3.0303e-04     3.3088e-01  2.8655e-03     2.1269e-02  1.8785e-04     2.0113e-01  1.7763e-03 
1.0610e+01     4.0295e-02  2.1218e-04     4.2753e-01  2.2513e-03     2.7482e-02  1.5234e-04     2.9159e-01  1.6163e-03 
1.1905e+01     4.6037e-02  5.2541e-04     5.4806e-01  6.2549e-03     3.5230e-02  4.0667e-04     4.1940e-01  4.8413e-03 
1.3357e+01     5.2845e-02  3.8353e-04     7.0587e-01  5.1229e-03     4.5374e-02  3.3855e-04     6.0607e-01  4.5222e-03 
1.4987e+01     6.2017e-02  2.0171e-04     9.2946e-01  3.0231e-03     5.9746e-02  2.2016e-04     8.9542e-01  3.2996e-03 
1.6816e+01     7.0976e-02  3.5776e-04     1.1935e+00  6.0161e-03     7.6721e-02  4.0891e-04     1.2901e+00  6.8761e-03 
1.8868e+01     6.9392e-02  1.5091e-04     1.3093e+00  2.8474e-03     8.4161e-02  2.3398e-04     1.5879e+00  4.4146e-03 
2.1170e+01     4.9445e-02  2.3583e-04     1.0467e+00  4.9925e-03     6.7286e-02  3.4142e-04     1.4244e+00  7.2279e-03 
2.3753e+01     2.4820e-02  1.4711e-04     5.8955e-01  3.4943e-03     3.7897e-02  2.3401e-04     9.0016e-01  5.5583e-03 
2.6651e+01     9.1324e-03  1.1481e-04     2.4339e-01  3.0597e-03     1.5645e-02  1.9854e-04     4.1697e-01  5.2913e-03 
2.9903e+01     2.3836e-03  3.5106e-05     7.1277e-02  1.0498e-03     4.5817e-03  6.7946e-05     1.3701e-01  2.0318e-03 
3.3552e+01     4.3753e-04  2.1389e-05     1.4680e-02  7.1765e-04     9.4364e-04  4.6160e-05     3.1661e-02  1.5488e-03 
3.7646e+01     5.5245e-05  4.2315e-06     2.0797e-03  1.5930e-04     1.3369e-04  1.0242e-05     5.0328e-03  3.8559e-04 
4.2240e+01     4.5323e-06  1.4816e-06     1.9144e-04  6.2582e-05     1.2306e-05  4.0229e-06     5.1980e-04  1.6993e-04 
4.7394e+01     9.1804e-07  3.4611e-07     4.3509e-05  1.6403e-05     2.7968e-06  1.0544e-06     1.3255e-04  4.9973e-05 
5.3176e+01     1.6364e-07  5.6678e-08     8.7019e-06  3.0139e-06     5.5936e-07  1.9374e-07     2.9745e-05  1.0302e-05 
5.9665e+01     2.9169e-07  1.8436e-06     1.7404e-05  1.1000e-04     1.1187e-06  7.0706e-06     6.6749e-05  4.2187e-04 
6.6945e+01     1.2999e-07  2.1296e-07     8.7019e-06  1.4257e-05     5.5936e-07  9.1643e-07     3.7447e-05  6.1350e-05 
7.5114e+01     1.1585e-07  8.1346e-08     8.7019e-06  6.1102e-06     5.5936e-07  3.9277e-07     4.2016e-05  2.9502e-05 
8.4279e+01     2.0650e-07  1.2630e-07     1.7404e-05  1.0644e-05     1.1187e-06  6.8421e-07     9.4285e-05  5.7665e-05 
9.4563e+01     0.0000e+00  0.0000e+00     0.0000e+00  0.0000e+00     0.0000e+00  0.0000e+00     0.0000e+00  0.0000e+00 
1.0610e+02     0.0000e+00  0.0000e+00     0.0000e+00  0.0000e+00     0.0000e+00  0.0000e+00     0.0000e+00  0.0000e+00 
1.1905e+02     0.0000e+00  0.0000e+00     0.0000e+00  0.0000e+00     0.0000e+00  0.0000e+00     0.0000e+00  0.0000e+00 
1.3357e+02     0.0000e+00  0.0000e+00     0.0000e+00  0.0000e+00     0.0000e+00  0.0000e+00     0.0000e+00  0.0000e+00 
1.4987e+02     0.0000e+00  0.0000e+00     0.0000e+00  0.0000e+00     0.0000e+00  0.0000e+00     0.0000e+00  0.0000e+00 
1.6816e+02     0.0000e+00  0.0000e+00     0.0000e+00  0.0000e+00     0.0000e+00  0.0000e+00     0.0000e+00  0.0000e+00 
1.8868e+02     0.0000e+00  0.0000e+00     0.0000e+00  0.0000e+00     0.0000e+00  0.0000e+00     0.0000e+00  0.0000e+00 
2.1170e+02     0.0000e+00  0.0000e+00     0.0000e+00  0.0000e+00     0.0000e+00  0.0000e+00     0.0000e+00  0.0000e+00 
2.3753e+02     3.6635e-08  3.1217e-08     8.7019e-06  7.4150e-06     5.5936e-07  4.7664e-07     1.3287e-04  1.1322e-04 
2.6651e+02     0.0000e+00  0.0000e+00     0.0000e+00  0.0000e+00     0.0000e+00  0.0000e+00     0.0000e+00  0.0000e+00 
2.9903e+02     0.0000e+00  0.0000e+00     0.0000e+00  0.0000e+00     0.0000e+00  0.0000e+00     0.0000e+00  0.0000e+00 
3.3552e+02     0.0000e+00  0.0000e+00     0.0000e+00  0.0000e+00     0.0000e+00  0.0000e+00     0.0000e+00  0.0000e+00 
3.7646e+02     2.3115e-08  1.2889e-08     8.7019e-06  4.8522e-06     5.5936e-07  3.1191e-07     2.1058e-04  1.1742e-04 
4.2240e+02     0.0000e+00  0.0000e+00     0.0000e+00  0.0000e+00     0.0000e+00  0.0000e+00     0.0000e+00  0.0000e+00 
4.7394e+02     1.8361e-08  2.4758e-08     8.7019e-06  1.1734e-05     5.5936e-07  7.5424e-07     2.6510e-04  3.5746e-04 
5.3176e+02     0.0000e+00  0.0000e+00     0.0000e+00  0.0000e+00     0.0000e+00  0.0000e+00     0.0000e+00  0.0000e+00 
5.9665e+02     0.0000e+00  0.0000e+00     0.0000e+00  0.0000e+00     0.0000e+00  0.0000e+00     0.0000e+00  0.0000e+00 
6.6945e+02     1.2999e-08  9.0195e-09     8.7019e-06  6.0381e-06     5.5936e-07  3.8814e-07     3.7447e-04  2.5984e-04 
7.5114e+02     1.1585e-08  1.1201e-08     8.7019e-06  8.4132e-06     5.5936e-07  5.4080e-07     4.2016e-04  4.0622e-04 
8.4279e+02     0.0000e+00  0.0000e+00     0.0000e+00  0.0000e+00     0.0000e+00  0.0000e+00     0.0000e+00  0.0000e+00 
9.4563e+02     0.0000e+00  0.0000e+00     0.0000e+00  0.0000e+00     0.0000e+00  0.0000e+00     0.0000e+00  0.0000e+00 
1.0610e+03     0.0000e+00  0.0000e+00     0.0000e+00  0.0000e+00     0.0000e+00  0.0000e+00     0.0000e+00  0.0000e+00 
1.1905e+03     0.0000e+00  0.0000e+00     0.0000e+00  0.0000e+00     0.0000e+00  0.0000e+00     0.0000e+00  0.0000e+00 
1.3357e+03     0.0000e+00  0.0000e+00     0.0000e+00  0.0000e+00     0.0000e+00  0.0000e+00     0.0000e+00  0.0000e+00 
1.4987e+03     0.0000e+00  0.0000e+00     0.0000e+00  0.0000e+00     0.0000e+00  0.0000e+00     0.0000e+00  0.0000e+00 
1.6816e+03     0.0000e+00  0.0000e+00     0.0000e+00  0.0000e+00     0.0000e+00  0.0000e+00     0.0000e+00  0.0000e+00 
1.8868e+03     0.0000e+00  0.0000e+00     0.0000e+00  0.0000e+00     0.0000e+00  0.0000e+00     0.0000e+00  0.0000e+00 
2.1170e+03     0.0000e+00  0.0000e+00     0.0000e+00  0.0000e+00     0.0000e+00  0.0000e+00     0.0000e+00  0.0000e+00 
2.3753e+03     0.0000e+00  0.0000e+00     0.0000e+00  0.0000e+00     0.0000e+00  0.0000e+00     0.0000e+00  0.0000e+00 
2.6651e+03     0.0000e+00  0.0000e+00     0.0000e+00  0.0000e+00     0.0000e+00  0.0000e+00     0.0000e+00  0.0000e+00 
2.9903e+03     0.0000e+00  0.0000e+00     0.0000e+00  0.0000e+00     0.0000e+00  0.0000e+00     0.0000e+00  0.0000e+00 
3.3552e+03     0.0000e+00  0.0000e+00     0.0000e+00  0.0000e+00     0.0000e+00  0.0000e+00     0.0000e+00  0.0000e+00 
3.7646e+03     0.0000e+00  0.0000e+00     0.0000e+00  0.0000e+00     0.0000e+00  0.0000e+00     0.0000e+00  0.0000e+00 
4.2240e+03     0.0000e+00  0.0000e+00     0.0000e+00  0.0000e+00     0.0000e+00  0.0000e+00     0.0000e+00  0.0000e+00 
4.7394e+03     0.0000e+00  0.0000e+00     0.0000e+00  0.0000e+00     0.0000e+00  0.0000e+00     0.0000e+00  0.0000e+00 
5.3176e+03     0.0000e+00  0.0000e+00     0.0000e+00  0.0000e+00     0.0000e+00  0.0000e+00     0.0000e+00  0.0000e+00 
5.9665e+03     0.0000e+00  0.0000e+00     0.0000e+00  0.0000e+00     0.0000e+00  0.0000e+00     0.0000e+00  0.0000e+00 
6.6945e+03     0.0000e+00  0.0000e+00     0.0000e+00  0.0000e+00     0.0000e+00  0.0000e+00     0.0000e+00  0.0000e+00 
7.5114e+03     0.0000e+00  0.0000e+00     0.0000e+00  0.0000e+00     0.0000e+00  0.0000e+00     0.0000e+00  0.0000e+00 
8.4279e+03     0.0000e+00  0.0000e+00     0.0000e+00  0.0000e+00     0.0000e+00  0.0000e+00     0.0000e+00  0.0000e+00 
9.4563e+03     0.0000e+00  0.0000e+00     0.0000e+00  0.0000e+00     0.0000e+00  0.0000e+00     0.0000e+00  0.0000e+00 
