yF = 1.2156e+01 (std: 2.1310e-02) keV/um
yD = 1.3991e+01 (std: 3.2085e-02) keV/um
y (keV/um)     f(y)(std)                  yf(y)(std)                 d(y)(std)                  yd(y)(std)  
1.0610e-03     0.0000e+00  0.0000e+00     0.0000e+00  0.0000e+00     0.0000e+00  0.0000e+00     0.0000e+00  0.0000e+00 
1.1905e-03     0.0000e+00  0.0000e+00     0.0000e+00  0.0000e+00     0.0000e+00  0.0000e+00     0.0000e+00  0.0000e+00 
1.3357e-03     0.0000e+00  0.0000e+00     0.0000e+00  0.0000e+00     0.0000e+00  0.0000e+00     0.0000e+00  0.0000e+00 
1.4987e-03     0.0000e+00  0.0000e+00     0.0000e+00  0.0000e+00     0.0000e+00  0.0000e+00     0.0000e+00  0.0000e+00 
1.6816e-03     0.0000e+00  0.0000e+00     0.0000e+00  0.0000e+00     0.0000e+00  0.0000e+00     0.0000e+00  0.0000e+00 
1.8868e-03     4.6123e-03  1.0957e-02     8.7024e-06  2.0674e-05     7.1592e-07  1.7008e-06     1.3508e-09  3.2089e-09 
2.1170e-03     4.1107e-03  1.0068e-03     8.7024e-06  2.1314e-06     7.1592e-07  1.7535e-07     1.5156e-09  3.7121e-10 
2.3753e-03     0.0000e+00  0.0000e+00     0.0000e+00  0.0000e+00     0.0000e+00  0.0000e+00     0.0000e+00  0.0000e+00 
2.6651e-03     0.0000e+00  0.0000e+00     0.0000e+00  0.0000e+00     0.0000e+00  0.0000e+00     0.0000e+00  0.0000e+00 
2.9903e-03     0.0000e+00  0.0000e+00     0.0000e+00  0.0000e+00     0.0000e+00  0.0000e+00     0.0000e+00  0.0000e+00 
3.3552e-03     0.0000e+00  0.0000e+00     0.0000e+00  0.0000e+00     0.0000e+00  0.0000e+00     0.0000e+00  0.0000e+00 
3.7646e-03     0.0000e+00  0.0000e+00     0.0000e+00  0.0000e+00     0.0000e+00  0.0000e+00     0.0000e+00  0.0000e+00 
4.2240e-03     0.0000e+00  0.0000e+00     0.0000e+00  0.0000e+00     0.0000e+00  0.0000e+00     0.0000e+00  0.0000e+00 
4.7394e-03     0.0000e+00  0.0000e+00     0.0000e+00  0.0000e+00     0.0000e+00  0.0000e+00     0.0000e+00  0.0000e+00 
5.3176e-03     0.0000e+00  0.0000e+00     0.0000e+00  0.0000e+00     0.0000e+00  0.0000e+00     0.0000e+00  0.0000e+00 
5.9665e-03     0.0000e+00  0.0000e+00     0.0000e+00  0.0000e+00     0.0000e+00  0.0000e+00     0.0000e+00  0.0000e+00 
6.6945e-03     0.0000e+00  0.0000e+00     0.0000e+00  0.0000e+00     0.0000e+00  0.0000e+00     0.0000e+00  0.0000e+00 
7.5114e-03     0.0000e+00  0.0000e+00     0.0000e+00  0.0000e+00     0.0000e+00  0.0000e+00     0.0000e+00  0.0000e+00 
8.4279e-03     0.0000e+00  0.0000e+00     0.0000e+00  0.0000e+00     0.0000e+00  0.0000e+00     0.0000e+00  0.0000e+00 
9.4563e-03     0.0000e+00  0.0000e+00     0.0000e+00  0.0000e+00     0.0000e+00  0.0000e+00     0.0000e+00  0.0000e+00 
1.0610e-02     0.0000e+00  0.0000e+00     0.0000e+00  0.0000e+00     0.0000e+00  0.0000e+00     0.0000e+00  0.0000e+00 
1.1905e-02     1.4620e-03  6.4801e-04     1.7405e-05  7.7144e-06     1.4318e-06  6.3464e-07     1.7046e-08  7.5553e-09 
1.3357e-02     1.9545e-03  9.1150e-04     2.6107e-05  1.2175e-05     2.1478e-06  1.0016e-06     2.8688e-08  1.3379e-08 
1.4987e-02     0.0000e+00  0.0000e+00     0.0000e+00  0.0000e+00     0.0000e+00  0.0000e+00     0.0000e+00  0.0000e+00 
1.6816e-02     2.0700e-03  3.2639e-03     3.4810e-05  5.4886e-05     2.8637e-06  4.5153e-06     4.8155e-08  7.5928e-08 
1.8868e-02     4.6123e-04  1.3676e-03     8.7024e-06  2.5803e-05     7.1592e-07  2.1228e-06     1.3508e-08  4.0052e-08 
2.1170e-02     0.0000e+00  0.0000e+00     0.0000e+00  0.0000e+00     0.0000e+00  0.0000e+00     0.0000e+00  0.0000e+00 
2.3753e-02     7.3274e-04  4.2630e-04     1.7405e-05  1.0126e-05     1.4318e-06  8.3303e-07     3.4010e-08  1.9787e-08 
2.6651e-02     3.2653e-04  7.3007e-05     8.7024e-06  1.9457e-06     7.1592e-07  1.6007e-07     1.9080e-08  4.2662e-09 
2.9903e-02     1.1641e-03  1.0105e-03     3.4810e-05  3.0217e-05     2.8637e-06  2.4859e-06     8.5633e-08  7.4336e-08 
3.3552e-02     7.7811e-04  4.9126e-04     2.6107e-05  1.6483e-05     2.1478e-06  1.3560e-06     7.2062e-08  4.5496e-08 
3.7646e-02     0.0000e+00  0.0000e+00     0.0000e+00  0.0000e+00     0.0000e+00  0.0000e+00     0.0000e+00  0.0000e+00 
4.2240e-02     6.1807e-04  3.4649e-04     2.6107e-05  1.4636e-05     2.1478e-06  1.2040e-06     9.0720e-08  5.0858e-08 
4.7394e-02     0.0000e+00  0.0000e+00     0.0000e+00  0.0000e+00     0.0000e+00  0.0000e+00     0.0000e+00  0.0000e+00 
5.3176e-02     6.5461e-04  3.4091e-04     3.4810e-05  1.8128e-05     2.8637e-06  1.4914e-06     1.5228e-07  7.9306e-08 
5.9665e-02     7.2927e-04  3.7027e-04     4.3512e-05  2.2092e-05     3.5796e-06  1.8175e-06     2.1358e-07  1.0844e-07 
6.6945e-02     5.1997e-04  1.7332e-04     3.4810e-05  1.1603e-05     2.8637e-06  9.5453e-07     1.9171e-07  6.3901e-08 
7.5114e-02     8.1099e-04  5.3908e-04     6.0917e-05  4.0492e-05     5.0114e-06  3.3312e-06     3.7643e-07  2.5022e-07 
8.4279e-02     1.0326e-03  3.4329e-04     8.7024e-05  2.8932e-05     7.1592e-06  2.3802e-06     6.0337e-07  2.0060e-07 
9.4563e-02     5.5217e-04  2.3676e-04     5.2214e-05  2.2388e-05     4.2955e-06  1.8418e-06     4.0619e-07  1.7417e-07 
1.0610e-01     5.7414e-04  2.1590e-04     6.0917e-05  2.2907e-05     5.0114e-06  1.8845e-06     5.3172e-07  1.9995e-07 
1.1905e-01     2.1930e-04  1.2199e-04     2.6107e-05  1.4522e-05     2.1478e-06  1.1947e-06     2.5568e-07  1.4222e-07 
1.3357e-01     7.1666e-04  1.9089e-04     9.5726e-05  2.5498e-05     7.8751e-06  2.0977e-06     1.0519e-06  2.8020e-07 
1.4987e-01     9.2905e-04  2.7322e-04     1.3924e-04  4.0949e-05     1.1455e-05  3.3688e-06     1.7167e-06  5.0488e-07 
1.6816e-01     8.7977e-04  2.3246e-04     1.4794e-04  3.9090e-05     1.2171e-05  3.2159e-06     2.0466e-06  5.4077e-07 
1.8868e-01     1.1531e-03  6.7980e-04     2.1756e-04  1.2826e-04     1.7898e-05  1.0552e-05     3.3769e-06  1.9909e-06 
2.1170e-01     1.4388e-03  3.9500e-04     3.0458e-04  8.3621e-05     2.5057e-05  6.8794e-06     5.3046e-06  1.4564e-06 
2.3753e-01     1.3189e-03  2.5450e-04     3.1329e-04  6.0451e-05     2.5773e-05  4.9733e-06     6.1219e-06  1.1813e-06 
2.6651e-01     1.9265e-03  4.1450e-04     5.1344e-04  1.1047e-04     4.2239e-05  9.0883e-06     1.1257e-05  2.4222e-06 
2.9903e-01     2.1244e-03  4.3796e-04     6.3527e-04  1.3097e-04     5.2262e-05  1.0774e-05     1.5628e-05  3.2219e-06 
3.3552e-01     2.0750e-03  3.7261e-04     6.9619e-04  1.2502e-04     5.7273e-05  1.0285e-05     1.9216e-05  3.4510e-06 
3.7646e-01     2.5428e-03  2.5782e-04     9.5726e-04  9.7059e-05     7.8751e-05  7.9859e-06     2.9647e-05  3.0064e-06 
4.2240e-01     2.8019e-03  4.8128e-04     1.1835e-03  2.0329e-04     9.7365e-05  1.6725e-05     4.1126e-05  7.0645e-06 
4.7394e-01     2.9563e-03  5.2493e-04     1.4011e-03  2.4878e-04     1.1526e-04  2.0468e-05     5.4627e-05  9.7003e-06 
5.3176e-01     3.4858e-03  2.5741e-04     1.8536e-03  1.3688e-04     1.5249e-04  1.1264e-05     8.1089e-05  5.9897e-06 
5.9665e-01     3.4859e-03  4.7332e-04     2.0799e-03  2.8241e-04     1.7110e-04  2.3235e-05     1.0209e-04  1.3863e-05 
6.6945e-01     4.5887e-03  2.1435e-04     3.0719e-03  1.4350e-04     2.5272e-04  1.1813e-05     1.6918e-04  7.9085e-06 
7.5114e-01     4.9123e-03  3.2285e-04     3.6898e-03  2.4251e-04     3.0355e-04  1.9957e-05     2.2801e-04  1.4991e-05 
8.4279e-01     5.6378e-03  3.9761e-04     4.7515e-03  3.3510e-04     3.9089e-04  2.7576e-05     3.2944e-04  2.3241e-05 
9.4563e-01     6.7088e-03  8.1250e-04     6.3440e-03  7.6832e-04     5.2190e-04  6.3214e-05     4.9353e-04  5.9777e-05 
1.0610e+00     7.4474e-03  4.9864e-04     7.9018e-03  5.2907e-04     6.5005e-04  4.3539e-05     6.8971e-04  4.6196e-05 
1.1905e+00     8.1726e-03  4.1034e-04     9.7293e-03  4.8850e-04     8.0040e-04  4.0212e-05     9.5285e-04  4.7871e-05 
1.3357e+00     9.3687e-03  2.9796e-04     1.2514e-02  3.9799e-04     1.0295e-03  3.2791e-05     1.3751e-03  4.3800e-05 
1.4987e+00     1.0045e-02  2.5506e-04     1.5055e-02  3.8227e-04     1.2385e-03  3.1523e-05     1.8562e-03  4.7244e-05 
1.6816e+00     1.1359e-02  5.6088e-04     1.9102e-02  9.4317e-04     1.5714e-03  7.7641e-05     2.6425e-03  1.3056e-04 
1.8868e+00     1.2232e-02  2.8569e-04     2.3079e-02  5.3903e-04     1.8986e-03  4.4469e-05     3.5822e-03  8.3903e-05 
2.1170e+00     1.3376e-02  1.9154e-04     2.8318e-02  4.0549e-04     2.3296e-03  3.3607e-05     4.9317e-03  7.1146e-05 
2.3753e+00     1.5479e-02  3.5157e-04     3.6768e-02  8.3509e-04     3.0248e-03  6.8904e-05     7.1847e-03  1.6367e-04 
2.6651e+00     1.6875e-02  5.6526e-04     4.4974e-02  1.5065e-03     3.6999e-03  1.2410e-04     9.8606e-03  3.3075e-04 
2.9903e+00     1.8558e-02  2.6015e-04     5.5495e-02  7.7794e-04     4.5654e-03  6.4497e-05     1.3652e-02  1.9287e-04 
3.3552e+00     2.1048e-02  2.8159e-04     7.0620e-02  9.4480e-04     5.8097e-03  7.8390e-05     1.9493e-02  2.6302e-04 
3.7646e+00     2.3456e-02  4.5666e-04     8.8303e-02  1.7191e-03     7.2644e-03  1.4200e-04     2.7348e-02  5.3457e-04 
4.2240e+00     2.5930e-02  5.2291e-04     1.0953e-01  2.2087e-03     9.0105e-03  1.8239e-04     3.8060e-02  7.7041e-04 
4.7394e+00     2.8940e-02  5.9323e-04     1.3716e-01  2.8115e-03     1.1284e-02  2.3214e-04     5.3477e-02  1.1002e-03 
5.3176e+00     3.2305e-02  3.0451e-04     1.7179e-01  1.6193e-03     1.4132e-02  1.3549e-04     7.5150e-02  7.2051e-04 
5.9665e+00     3.6185e-02  2.6341e-04     2.1590e-01  1.5716e-03     1.7761e-02  1.3299e-04     1.0597e-01  7.9348e-04 
6.6945e+00     4.1408e-02  6.0473e-04     2.7721e-01  4.0484e-03     2.2805e-02  3.3544e-04     1.5267e-01  2.2456e-03 
7.5114e+00     4.6706e-02  3.4481e-04     3.5083e-01  2.5900e-03     2.8861e-02  2.1900e-04     2.1679e-01  1.6450e-03 
8.4279e+00     5.3171e-02  2.8840e-04     4.4812e-01  2.4306e-03     3.6865e-02  2.1014e-04     3.1070e-01  1.7711e-03 
9.4563e+00     6.0706e-02  3.5925e-04     5.7405e-01  3.3971e-03     4.7225e-02  2.9148e-04     4.4658e-01  2.7563e-03 
1.0610e+01     7.0218e-02  2.4700e-04     7.4502e-01  2.6207e-03     6.1290e-02  2.4089e-04     6.5030e-01  2.5558e-03 
1.1905e+01     8.2081e-02  3.2134e-04     9.7716e-01  3.8255e-03     8.0388e-02  3.4482e-04     9.5699e-01  4.1050e-03 
1.3357e+01     9.1386e-02  4.8010e-04     1.2207e+00  6.4128e-03     1.0042e-01  5.5616e-04     1.3414e+00  7.4288e-03 
1.4987e+01     8.1838e-02  2.6588e-04     1.2265e+00  3.9848e-03     1.0090e-01  3.7250e-04     1.5122e+00  5.5827e-03 
1.6816e+01     5.4430e-02  1.4401e-04     9.1528e-01  2.4216e-03     7.5297e-02  2.3898e-04     1.2662e+00  4.0186e-03 
1.8868e+01     2.8138e-02  2.0376e-04     5.3091e-01  3.8445e-03     4.3676e-02  3.2541e-04     8.2407e-01  6.1397e-03 
2.1170e+01     1.1469e-02  2.0801e-04     2.4280e-01  4.4036e-03     1.9974e-02  3.6396e-04     4.2285e-01  7.7050e-03 
2.3753e+01     3.5542e-03  7.2108e-05     8.4422e-02  1.7128e-03     6.9451e-03  1.4143e-04     1.6497e-01  3.3594e-03 
2.6651e+01     8.4048e-04  1.6136e-05     2.2400e-02  4.3005e-04     1.8428e-03  3.5526e-05     4.9112e-02  9.4682e-04 
2.9903e+01     1.3561e-04  1.0283e-05     4.0553e-03  3.0748e-04     3.3362e-04  2.5302e-05     9.9763e-03  7.5662e-04 
3.3552e+01     1.8156e-05  3.1034e-06     6.0917e-04  1.0413e-04     5.0114e-05  8.5666e-06     1.6814e-03  2.8743e-04 
3.7646e+01     2.5428e-06  1.2456e-06     9.5726e-05  4.6891e-05     7.8751e-06  3.8576e-06     2.9647e-04  1.4522e-04 
4.2240e+01     4.1205e-07  2.1409e-07     1.7405e-05  9.0431e-06     1.4318e-06  7.4395e-07     6.0480e-05  3.1424e-05 
4.7394e+01     1.8362e-07  1.2740e-07     8.7024e-06  6.0381e-06     7.1592e-07  4.9674e-07     3.3930e-05  2.3542e-05 
5.3176e+01     1.6365e-07  1.0269e-07     8.7024e-06  5.4605e-06     7.1592e-07  4.4922e-07     3.8070e-05  2.3888e-05 
5.9665e+01     1.4585e-07  1.5332e-07     8.7024e-06  9.1479e-06     7.1592e-07  7.5257e-07     4.2715e-05  4.4902e-05 
6.6945e+01     1.2999e-07  8.0467e-08     8.7024e-06  5.3869e-06     7.1592e-07  4.4316e-07     4.7927e-05  2.9668e-05 
7.5114e+01     1.1586e-07  9.0384e-08     8.7024e-06  6.7891e-06     7.1592e-07  5.5852e-07     5.3775e-05  4.1952e-05 
8.4279e+01     0.0000e+00  0.0000e+00     0.0000e+00  0.0000e+00     0.0000e+00  0.0000e+00     0.0000e+00  0.0000e+00 
9.4563e+01     0.0000e+00  0.0000e+00     0.0000e+00  0.0000e+00     0.0000e+00  0.0000e+00     0.0000e+00  0.0000e+00 
1.0610e+02     8.2020e-08  6.0348e-08     8.7024e-06  6.4030e-06     7.1592e-07  5.2675e-07     7.5959e-05  5.5889e-05 
1.1905e+02     0.0000e+00  0.0000e+00     0.0000e+00  0.0000e+00     0.0000e+00  0.0000e+00     0.0000e+00  0.0000e+00 
1.3357e+02     0.0000e+00  0.0000e+00     0.0000e+00  0.0000e+00     0.0000e+00  0.0000e+00     0.0000e+00  0.0000e+00 
1.4987e+02     0.0000e+00  0.0000e+00     0.0000e+00  0.0000e+00     0.0000e+00  0.0000e+00     0.0000e+00  0.0000e+00 
1.6816e+02     0.0000e+00  0.0000e+00     0.0000e+00  0.0000e+00     0.0000e+00  0.0000e+00     0.0000e+00  0.0000e+00 
1.8868e+02     4.6123e-08  7.5561e-08     8.7024e-06  1.4257e-05     7.1592e-07  1.1728e-06     1.3508e-04  2.2129e-04 
2.1170e+02     0.0000e+00  0.0000e+00     0.0000e+00  0.0000e+00     0.0000e+00  0.0000e+00     0.0000e+00  0.0000e+00 
2.3753e+02     0.0000e+00  0.0000e+00     0.0000e+00  0.0000e+00     0.0000e+00  0.0000e+00     0.0000e+00  0.0000e+00 
2.6651e+02     3.2653e-08  1.4602e-08     8.7024e-06  3.8915e-06     7.1592e-07  3.2014e-07     1.9080e-04  8.5323e-05 
2.9903e+02     0.0000e+00  0.0000e+00     0.0000e+00  0.0000e+00     0.0000e+00  0.0000e+00     0.0000e+00  0.0000e+00 
3.3552e+02     2.5937e-08  1.4223e-08     8.7024e-06  4.7721e-06     7.1592e-07  3.9259e-07     2.4021e-04  1.3172e-04 
3.7646e+02     0.0000e+00  0.0000e+00     0.0000e+00  0.0000e+00     0.0000e+00  0.0000e+00     0.0000e+00  0.0000e+00 
4.2240e+02     0.0000e+00  0.0000e+00     0.0000e+00  0.0000e+00     0.0000e+00  0.0000e+00     0.0000e+00  0.0000e+00 
4.7394e+02     0.0000e+00  0.0000e+00     0.0000e+00  0.0000e+00     0.0000e+00  0.0000e+00     0.0000e+00  0.0000e+00 
5.3176e+02     0.0000e+00  0.0000e+00     0.0000e+00  0.0000e+00     0.0000e+00  0.0000e+00     0.0000e+00  0.0000e+00 
5.9665e+02     0.0000e+00  0.0000e+00     0.0000e+00  0.0000e+00     0.0000e+00  0.0000e+00     0.0000e+00  0.0000e+00 
6.6945e+02     0.0000e+00  0.0000e+00     0.0000e+00  0.0000e+00     0.0000e+00  0.0000e+00     0.0000e+00  0.0000e+00 
7.5114e+02     0.0000e+00  0.0000e+00     0.0000e+00  0.0000e+00     0.0000e+00  0.0000e+00     0.0000e+00  0.0000e+00 
8.4279e+02     0.0000e+00  0.0000e+00     0.0000e+00  0.0000e+00     0.0000e+00  0.0000e+00     0.0000e+00  0.0000e+00 
9.4563e+02     0.0000e+00  0.0000e+00     0.0000e+00  0.0000e+00     0.0000e+00  0.0000e+00     0.0000e+00  0.0000e+00 
1.0610e+03     0.0000e+00  0.0000e+00     0.0000e+00  0.0000e+00     0.0000e+00  0.0000e+00     0.0000e+00  0.0000e+00 
1.1905e+03     0.0000e+00  0.0000e+00     0.0000e+00  0.0000e+00     0.0000e+00  0.0000e+00     0.0000e+00  0.0000e+00 
1.3357e+03     0.0000e+00  0.0000e+00     0.0000e+00  0.0000e+00     0.0000e+00  0.0000e+00     0.0000e+00  0.0000e+00 
1.4987e+03     0.0000e+00  0.0000e+00     0.0000e+00  0.0000e+00     0.0000e+00  0.0000e+00     0.0000e+00  0.0000e+00 
1.6816e+03     0.0000e+00  0.0000e+00     0.0000e+00  0.0000e+00     0.0000e+00  0.0000e+00     0.0000e+00  0.0000e+00 
1.8868e+03     0.0000e+00  0.0000e+00     0.0000e+00  0.0000e+00     0.0000e+00  0.0000e+00     0.0000e+00  0.0000e+00 
2.1170e+03     0.0000e+00  0.0000e+00     0.0000e+00  0.0000e+00     0.0000e+00  0.0000e+00     0.0000e+00  0.0000e+00 
2.3753e+03     0.0000e+00  0.0000e+00     0.0000e+00  0.0000e+00     0.0000e+00  0.0000e+00     0.0000e+00  0.0000e+00 
2.6651e+03     0.0000e+00  0.0000e+00     0.0000e+00  0.0000e+00     0.0000e+00  0.0000e+00     0.0000e+00  0.0000e+00 
2.9903e+03     0.0000e+00  0.0000e+00     0.0000e+00  0.0000e+00     0.0000e+00  0.0000e+00     0.0000e+00  0.0000e+00 
3.3552e+03     0.0000e+00  0.0000e+00     0.0000e+00  0.0000e+00     0.0000e+00  0.0000e+00     0.0000e+00  0.0000e+00 
3.7646e+03     0.0000e+00  0.0000e+00     0.0000e+00  0.0000e+00     0.0000e+00  0.0000e+00     0.0000e+00  0.0000e+00 
4.2240e+03     0.0000e+00  0.0000e+00     0.0000e+00  0.0000e+00     0.0000e+00  0.0000e+00     0.0000e+00  0.0000e+00 
4.7394e+03     0.0000e+00  0.0000e+00     0.0000e+00  0.0000e+00     0.0000e+00  0.0000e+00     0.0000e+00  0.0000e+00 
5.3176e+03     0.0000e+00  0.0000e+00     0.0000e+00  0.0000e+00     0.0000e+00  0.0000e+00     0.0000e+00  0.0000e+00 
5.9665e+03     0.0000e+00  0.0000e+00     0.0000e+00  0.0000e+00     0.0000e+00  0.0000e+00     0.0000e+00  0.0000e+00 
6.6945e+03     0.0000e+00  0.0000e+00     0.0000e+00  0.0000e+00     0.0000e+00  0.0000e+00     0.0000e+00  0.0000e+00 
7.5114e+03     0.0000e+00  0.0000e+00     0.0000e+00  0.0000e+00     0.0000e+00  0.0000e+00     0.0000e+00  0.0000e+00 
8.4279e+03     0.0000e+00  0.0000e+00     0.0000e+00  0.0000e+00     0.0000e+00  0.0000e+00     0.0000e+00  0.0000e+00 
9.4563e+03     0.0000e+00  0.0000e+00     0.0000e+00  0.0000e+00     0.0000e+00  0.0000e+00     0.0000e+00  0.0000e+00 
