yF = 1.3188e+01 (std: 2.6809e-02) keV/um
yD = 1.5276e+01 (std: 4.8132e-02) keV/um
y (keV/um)     f(y)(std)                  yf(y)(std)                 d(y)(std)                  yd(y)(std)  
1.0610e-03     0.0000e+00  0.0000e+00     0.0000e+00  0.0000e+00     0.0000e+00  0.0000e+00     0.0000e+00  0.0000e+00 
1.1905e-03     0.0000e+00  0.0000e+00     0.0000e+00  0.0000e+00     0.0000e+00  0.0000e+00     0.0000e+00  0.0000e+00 
1.3357e-03     0.0000e+00  0.0000e+00     0.0000e+00  0.0000e+00     0.0000e+00  0.0000e+00     0.0000e+00  0.0000e+00 
1.4987e-03     0.0000e+00  0.0000e+00     0.0000e+00  0.0000e+00     0.0000e+00  0.0000e+00     0.0000e+00  0.0000e+00 
1.6816e-03     0.0000e+00  0.0000e+00     0.0000e+00  0.0000e+00     0.0000e+00  0.0000e+00     0.0000e+00  0.0000e+00 
1.8868e-03     0.0000e+00  0.0000e+00     0.0000e+00  0.0000e+00     0.0000e+00  0.0000e+00     0.0000e+00  0.0000e+00 
2.1170e-03     0.0000e+00  0.0000e+00     0.0000e+00  0.0000e+00     0.0000e+00  0.0000e+00     0.0000e+00  0.0000e+00 
2.3753e-03     0.0000e+00  0.0000e+00     0.0000e+00  0.0000e+00     0.0000e+00  0.0000e+00     0.0000e+00  0.0000e+00 
2.6651e-03     3.2652e-03  2.9960e-03     8.7021e-06  7.9846e-06     6.5986e-07  6.0545e-07     1.7586e-09  1.6136e-09 
2.9903e-03     0.0000e+00  0.0000e+00     0.0000e+00  0.0000e+00     0.0000e+00  0.0000e+00     0.0000e+00  0.0000e+00 
3.3552e-03     0.0000e+00  0.0000e+00     0.0000e+00  0.0000e+00     0.0000e+00  0.0000e+00     0.0000e+00  0.0000e+00 
3.7646e-03     0.0000e+00  0.0000e+00     0.0000e+00  0.0000e+00     0.0000e+00  0.0000e+00     0.0000e+00  0.0000e+00 
4.2240e-03     0.0000e+00  0.0000e+00     0.0000e+00  0.0000e+00     0.0000e+00  0.0000e+00     0.0000e+00  0.0000e+00 
4.7394e-03     0.0000e+00  0.0000e+00     0.0000e+00  0.0000e+00     0.0000e+00  0.0000e+00     0.0000e+00  0.0000e+00 
5.3176e-03     0.0000e+00  0.0000e+00     0.0000e+00  0.0000e+00     0.0000e+00  0.0000e+00     0.0000e+00  0.0000e+00 
5.9665e-03     0.0000e+00  0.0000e+00     0.0000e+00  0.0000e+00     0.0000e+00  0.0000e+00     0.0000e+00  0.0000e+00 
6.6945e-03     0.0000e+00  0.0000e+00     0.0000e+00  0.0000e+00     0.0000e+00  0.0000e+00     0.0000e+00  0.0000e+00 
7.5114e-03     0.0000e+00  0.0000e+00     0.0000e+00  0.0000e+00     0.0000e+00  0.0000e+00     0.0000e+00  0.0000e+00 
8.4279e-03     0.0000e+00  0.0000e+00     0.0000e+00  0.0000e+00     0.0000e+00  0.0000e+00     0.0000e+00  0.0000e+00 
9.4563e-03     0.0000e+00  0.0000e+00     0.0000e+00  0.0000e+00     0.0000e+00  0.0000e+00     0.0000e+00  0.0000e+00 
1.0610e-02     0.0000e+00  0.0000e+00     0.0000e+00  0.0000e+00     0.0000e+00  0.0000e+00     0.0000e+00  0.0000e+00 
1.1905e-02     1.4620e-03  1.8739e-03     1.7404e-05  2.2308e-05     1.3197e-06  1.6916e-06     1.5711e-08  2.0138e-08 
1.3357e-02     6.5149e-04  5.7939e-04     8.7021e-06  7.7392e-06     6.5986e-07  5.8684e-07     8.8139e-09  7.8386e-09 
1.4987e-02     5.8064e-04  2.9621e-04     8.7021e-06  4.4394e-06     6.5986e-07  3.3663e-07     9.8894e-09  5.0451e-09 
1.6816e-02     0.0000e+00  0.0000e+00     0.0000e+00  0.0000e+00     0.0000e+00  0.0000e+00     0.0000e+00  0.0000e+00 
1.8868e-02     0.0000e+00  0.0000e+00     0.0000e+00  0.0000e+00     0.0000e+00  0.0000e+00     0.0000e+00  0.0000e+00 
2.1170e-02     4.1106e-04  1.0826e-03     8.7021e-06  2.2918e-05     6.5986e-07  1.7378e-06     1.3969e-08  3.6790e-08 
2.3753e-02     3.6636e-04  2.8926e-04     8.7021e-06  6.8708e-06     6.5986e-07  5.2100e-07     1.5674e-08  1.2375e-08 
2.6651e-02     9.7955e-04  4.5313e-04     2.6106e-05  1.2077e-05     1.9796e-06  9.1574e-07     5.2758e-08  2.4406e-08 
2.9903e-02     2.9101e-04  4.1155e-05     8.7021e-06  1.2307e-06     6.5986e-07  9.3329e-08     1.9732e-08  2.7908e-09 
3.3552e-02     5.1872e-04  4.6094e-04     1.7404e-05  1.5466e-05     1.3197e-06  1.1727e-06     4.4279e-08  3.9347e-08 
3.7646e-02     9.2463e-04  9.4420e-04     3.4808e-05  3.5545e-05     2.6394e-06  2.6953e-06     9.9364e-08  1.0147e-07 
4.2240e-02     2.0602e-04  1.9918e-04     8.7021e-06  8.4132e-06     6.5986e-07  6.3795e-07     2.7872e-08  2.6947e-08 
4.7394e-02     1.1017e-03  5.3395e-04     5.2213e-05  2.5306e-05     3.9591e-06  1.9189e-06     1.8764e-07  9.0942e-08 
5.3176e-02     0.0000e+00  0.0000e+00     0.0000e+00  0.0000e+00     0.0000e+00  0.0000e+00     0.0000e+00  0.0000e+00 
5.9665e-02     4.3755e-04  3.2617e-04     2.6106e-05  1.9461e-05     1.9796e-06  1.4757e-06     1.1811e-07  8.8046e-08 
6.6945e-02     6.4994e-04  3.6032e-04     4.3511e-05  2.4122e-05     3.2993e-06  1.8291e-06     2.2087e-07  1.2245e-07 
7.5114e-02     9.2682e-04  5.8898e-04     6.9617e-05  4.4241e-05     5.2789e-06  3.3547e-06     3.9651e-07  2.5198e-07 
8.4279e-02     8.2603e-04  3.7523e-04     6.9617e-05  3.1624e-05     5.2789e-06  2.3980e-06     4.4490e-07  2.0210e-07 
9.4563e-02     8.2823e-04  3.4974e-04     7.8319e-05  3.3072e-05     5.9387e-06  2.5078e-06     5.6158e-07  2.3715e-07 
1.0610e-01     7.3816e-04  3.4556e-04     7.8319e-05  3.6665e-05     5.9387e-06  2.7802e-06     6.3010e-07  2.9498e-07 
1.1905e-01     7.3098e-04  2.8347e-04     8.7021e-05  3.3746e-05     6.5986e-06  2.5589e-06     7.8554e-07  3.0463e-07 
1.3357e-01     6.5149e-04  2.0192e-04     8.7021e-05  2.6971e-05     6.5986e-06  2.0452e-06     8.8139e-07  2.7319e-07 
1.4987e-01     1.0451e-03  6.3865e-04     1.5664e-04  9.5716e-05     1.1877e-05  7.2579e-06     1.7801e-06  1.0878e-06 
1.6816e-01     1.3455e-03  3.6715e-04     2.2626e-04  6.1739e-05     1.7156e-05  4.6816e-06     2.8850e-06  7.8726e-07 
1.8868e-01     1.0147e-03  3.1872e-04     1.9145e-04  6.0135e-05     1.4517e-05  4.5599e-06     2.7390e-06  8.6035e-07 
2.1170e-01     1.0277e-03  2.7010e-04     2.1755e-04  5.7180e-05     1.6496e-05  4.3359e-06     3.4923e-06  9.1791e-07 
2.3753e-01     1.2090e-03  1.3206e-03     2.8717e-04  3.1367e-04     2.1775e-05  2.3785e-05     5.1723e-06  5.6497e-06 
2.6651e-01     1.8611e-03  4.9682e-04     4.9602e-04  1.3241e-04     3.7612e-05  1.0040e-05     1.0024e-05  2.6759e-06 
2.9903e-01     1.5423e-03  2.6432e-04     4.6121e-04  7.9042e-05     3.4972e-05  5.9939e-06     1.0458e-05  1.7924e-06 
3.3552e-01     1.6859e-03  1.9052e-04     5.6564e-04  6.3922e-05     4.2891e-05  4.8478e-06     1.4391e-05  1.6265e-06 
3.7646e-01     1.8030e-03  2.3154e-04     6.7877e-04  8.7164e-05     5.1469e-05  6.6102e-06     1.9376e-05  2.4885e-06 
4.2240e-01     1.9366e-03  4.4166e-04     8.1800e-04  1.8656e-04     6.2027e-05  1.4147e-05     2.6200e-05  5.9754e-06 
4.7394e-01     2.4604e-03  3.9322e-04     1.1661e-03  1.8636e-04     8.8421e-05  1.4132e-05     4.1906e-05  6.6979e-06 
5.3176e-01     2.6511e-03  2.6817e-04     1.4097e-03  1.4260e-04     1.0690e-04  1.0815e-05     5.6844e-05  5.7512e-06 
5.9665e-01     3.2379e-03  4.1590e-04     1.9319e-03  2.4815e-04     1.4649e-04  1.8819e-05     8.7402e-05  1.1228e-05 
6.6945e-01     4.1986e-03  5.3437e-04     2.8108e-03  3.5773e-04     2.1313e-04  2.7129e-05     1.4268e-04  1.8162e-05 
7.5114e-01     4.1823e-03  1.6804e-04     3.1415e-03  1.2622e-04     2.3821e-04  9.5833e-06     1.7893e-04  7.1984e-06 
8.4279e-01     4.3367e-03  2.8777e-04     3.6549e-03  2.4253e-04     2.7714e-04  1.8399e-05     2.3357e-04  1.5507e-05 
9.4563e-01     5.6135e-03  4.1535e-04     5.3083e-03  3.9276e-04     4.0251e-04  2.9793e-05     3.8063e-04  2.8173e-05 
1.0610e+00     6.1513e-03  2.6173e-04     6.5266e-03  2.7770e-04     4.9489e-04  2.1081e-05     5.2509e-04  2.2367e-05 
1.1905e+00     7.2002e-03  5.3661e-04     8.5716e-03  6.3882e-04     6.4996e-04  4.8458e-05     7.7376e-04  5.7688e-05 
1.3357e+00     7.5768e-03  3.7041e-04     1.0121e-02  4.9477e-04     7.6741e-04  3.7549e-05     1.0251e-03  5.0156e-05 
1.4987e+00     8.4251e-03  2.6584e-04     1.2627e-02  3.9843e-04     9.5745e-04  3.0274e-05     1.4350e-03  4.5372e-05 
1.6816e+00     9.2683e-03  4.1767e-04     1.5585e-02  7.0235e-04     1.1818e-03  5.3311e-05     1.9873e-03  8.9648e-05 
1.8868e+00     1.0553e-02  4.2652e-04     1.9910e-02  8.0475e-04     1.5098e-03  6.1099e-05     2.8486e-03  1.1528e-04 
2.1170e+00     1.1950e-02  1.8882e-04     2.5297e-02  3.9973e-04     1.9182e-03  3.0560e-05     4.0608e-03  6.4696e-05 
2.3753e+00     1.2845e-02  3.0552e-04     3.0510e-02  7.2571e-04     2.3135e-03  5.5229e-05     5.4952e-03  1.3119e-04 
2.6651e+00     1.4151e-02  4.7115e-04     3.7715e-02  1.2557e-03     2.8598e-03  9.5391e-05     7.6218e-03  2.5423e-04 
2.9903e+00     1.5633e-02  2.7960e-04     4.6748e-02  8.3610e-04     3.5448e-03  6.3807e-05     1.0600e-02  1.9081e-04 
3.3552e+00     1.7912e-02  5.5491e-04     6.0097e-02  1.8618e-03     4.5570e-03  1.4148e-04     1.5290e-02  4.7470e-04 
3.7646e+00     1.9745e-02  2.7419e-04     7.4334e-02  1.0322e-03     5.6365e-03  7.9105e-05     2.1219e-02  2.9780e-04 
4.2240e+00     2.1924e-02  6.0650e-04     9.2608e-02  2.5618e-03     7.0222e-03  1.9478e-04     2.9661e-02  8.2274e-04 
4.7394e+00     2.4575e-02  3.5099e-04     1.1647e-01  1.6635e-03     8.8315e-03  1.2741e-04     4.1856e-02  6.0383e-04 
5.3176e+00     2.7160e-02  2.1080e-04     1.4443e-01  1.1210e-03     1.0952e-02  8.7868e-05     5.8237e-02  4.6725e-04 
5.9665e+00     3.0908e-02  2.4073e-04     1.8442e-01  1.4363e-03     1.3984e-02  1.1256e-04     8.3434e-02  6.7159e-04 
6.6945e+00     3.4834e-02  1.8524e-04     2.3320e-01  1.2401e-03     1.7683e-02  1.0067e-04     1.1838e-01  6.7394e-04 
7.5114e+00     3.9055e-02  4.5483e-04     2.9336e-01  3.4164e-03     2.2244e-02  2.6297e-04     1.6709e-01  1.9753e-03 
8.4279e+00     4.4129e-02  3.4027e-04     3.7191e-01  2.8678e-03     2.8201e-02  2.2488e-04     2.3768e-01  1.8953e-03 
9.4563e+00     5.0719e-02  3.9348e-04     4.7961e-01  3.7209e-03     3.6367e-02  2.9167e-04     3.4390e-01  2.7581e-03 
1.0610e+01     5.8362e-02  4.8421e-04     6.1923e-01  5.1375e-03     4.6954e-02  4.0109e-04     4.9819e-01  4.2556e-03 
1.1905e+01     6.7074e-02  2.6948e-04     7.9850e-01  3.2080e-03     6.0548e-02  2.7262e-04     7.2081e-01  3.2455e-03 
1.3357e+01     7.8726e-02  2.0263e-04     1.0516e+00  2.7065e-03     7.9738e-02  2.6152e-04     1.0651e+00  3.4932e-03 
1.4987e+01     8.5025e-02  3.8575e-04     1.2743e+00  5.7812e-03     9.6625e-02  4.8037e-04     1.4481e+00  7.1994e-03 
1.6816e+01     7.0276e-02  3.5785e-04     1.1817e+00  6.0176e-03     8.9609e-02  4.9131e-04     1.5068e+00  8.2618e-03 
1.8868e+01     4.3462e-02  3.7239e-04     8.2004e-01  7.0261e-03     6.2181e-02  5.4756e-04     1.1732e+00  1.0331e-02 
2.1170e+01     2.0167e-02  1.5120e-04     4.2693e-01  3.2010e-03     3.2373e-02  2.5148e-04     6.8533e-01  5.3239e-03 
2.3753e+01     7.1876e-03  1.0606e-04     1.7073e-01  2.5193e-03     1.2946e-02  1.9283e-04     3.0750e-01  4.5804e-03 
2.6651e+01     1.9202e-03  6.3333e-05     5.1177e-02  1.6879e-03     3.8806e-03  1.2823e-04     1.0342e-01  3.4176e-03 
2.9903e+01     3.6260e-04  6.5752e-06     1.0843e-02  1.9662e-04     8.2218e-04  1.5002e-05     2.4586e-02  4.4862e-04 
3.3552e+01     5.3688e-05  8.2446e-06     1.8013e-03  2.7662e-04     1.3659e-04  2.0977e-05     4.5829e-03  7.0384e-04 
3.7646e+01     4.8543e-06  1.6110e-06     1.8274e-04  6.0647e-05     1.3857e-05  4.5988e-06     5.2166e-04  1.7312e-04 
4.2240e+01     2.0602e-07  7.7070e-08     8.7021e-06  3.2554e-06     6.5986e-07  2.4685e-07     2.7872e-05  1.0427e-05 
4.7394e+01     5.5084e-07  2.7411e-07     2.6106e-05  1.2991e-05     1.9796e-06  9.8509e-07     9.3819e-05  4.6687e-05 
5.3176e+01     1.6365e-07  8.0190e-08     8.7021e-06  4.2642e-06     6.5986e-07  3.2335e-07     3.5089e-05  1.7194e-05 
5.9665e+01     1.4585e-07  1.2971e-07     8.7021e-06  7.7392e-06     6.5986e-07  5.8684e-07     3.9370e-05  3.5014e-05 
6.6945e+01     1.2999e-07  1.1739e-07     8.7021e-06  7.8585e-06     6.5986e-07  5.9589e-07     4.4174e-05  3.9892e-05 
7.5114e+01     0.0000e+00  0.0000e+00     0.0000e+00  0.0000e+00     0.0000e+00  0.0000e+00     0.0000e+00  0.0000e+00 
8.4279e+01     1.0325e-07  1.1411e-07     8.7021e-06  9.6169e-06     6.5986e-07  7.2922e-07     5.5612e-05  6.1458e-05 
9.4563e+01     0.0000e+00  0.0000e+00     0.0000e+00  0.0000e+00     0.0000e+00  0.0000e+00     0.0000e+00  0.0000e+00 
1.0610e+02     0.0000e+00  0.0000e+00     0.0000e+00  0.0000e+00     0.0000e+00  0.0000e+00     0.0000e+00  0.0000e+00 
1.1905e+02     0.0000e+00  0.0000e+00     0.0000e+00  0.0000e+00     0.0000e+00  0.0000e+00     0.0000e+00  0.0000e+00 
1.3357e+02     6.5149e-08  4.2513e-08     8.7021e-06  5.6786e-06     6.5986e-07  4.3059e-07     8.8139e-05  5.7515e-05 
1.4987e+02     0.0000e+00  0.0000e+00     0.0000e+00  0.0000e+00     0.0000e+00  0.0000e+00     0.0000e+00  0.0000e+00 
1.6816e+02     5.1749e-08  4.5349e-08     8.7021e-06  7.6259e-06     6.5986e-07  5.7825e-07     1.1096e-04  9.7238e-05 
1.8868e+02     0.0000e+00  0.0000e+00     0.0000e+00  0.0000e+00     0.0000e+00  0.0000e+00     0.0000e+00  0.0000e+00 
2.1170e+02     0.0000e+00  0.0000e+00     0.0000e+00  0.0000e+00     0.0000e+00  0.0000e+00     0.0000e+00  0.0000e+00 
2.3753e+02     7.3272e-08  3.8881e-08     1.7404e-05  9.2354e-06     1.3197e-06  7.0030e-07     3.1347e-04  1.6634e-04 
2.6651e+02     6.5303e-08  5.3317e-08     1.7404e-05  1.4210e-05     1.3197e-06  1.0775e-06     3.5172e-04  2.8716e-04 
2.9903e+02     0.0000e+00  0.0000e+00     0.0000e+00  0.0000e+00     0.0000e+00  0.0000e+00     0.0000e+00  0.0000e+00 
3.3552e+02     0.0000e+00  0.0000e+00     0.0000e+00  0.0000e+00     0.0000e+00  0.0000e+00     0.0000e+00  0.0000e+00 
3.7646e+02     0.0000e+00  0.0000e+00     0.0000e+00  0.0000e+00     0.0000e+00  0.0000e+00     0.0000e+00  0.0000e+00 
4.2240e+02     0.0000e+00  0.0000e+00     0.0000e+00  0.0000e+00     0.0000e+00  0.0000e+00     0.0000e+00  0.0000e+00 
4.7394e+02     0.0000e+00  0.0000e+00     0.0000e+00  0.0000e+00     0.0000e+00  0.0000e+00     0.0000e+00  0.0000e+00 
5.3176e+02     0.0000e+00  0.0000e+00     0.0000e+00  0.0000e+00     0.0000e+00  0.0000e+00     0.0000e+00  0.0000e+00 
5.9665e+02     2.9170e-08  8.9136e-09     1.7404e-05  5.3183e-06     1.3197e-06  4.0328e-07     7.8741e-04  2.4062e-04 
6.6945e+02     0.0000e+00  0.0000e+00     0.0000e+00  0.0000e+00     0.0000e+00  0.0000e+00     0.0000e+00  0.0000e+00 
7.5114e+02     2.3171e-08  6.0086e-09     1.7404e-05  4.5133e-06     1.3197e-06  3.4224e-07     9.9129e-04  2.5707e-04 
8.4279e+02     0.0000e+00  0.0000e+00     0.0000e+00  0.0000e+00     0.0000e+00  0.0000e+00     0.0000e+00  0.0000e+00 
9.4563e+02     0.0000e+00  0.0000e+00     0.0000e+00  0.0000e+00     0.0000e+00  0.0000e+00     0.0000e+00  0.0000e+00 
1.0610e+03     0.0000e+00  0.0000e+00     0.0000e+00  0.0000e+00     0.0000e+00  0.0000e+00     0.0000e+00  0.0000e+00 
1.1905e+03     0.0000e+00  0.0000e+00     0.0000e+00  0.0000e+00     0.0000e+00  0.0000e+00     0.0000e+00  0.0000e+00 
1.3357e+03     0.0000e+00  0.0000e+00     0.0000e+00  0.0000e+00     0.0000e+00  0.0000e+00     0.0000e+00  0.0000e+00 
1.4987e+03     0.0000e+00  0.0000e+00     0.0000e+00  0.0000e+00     0.0000e+00  0.0000e+00     0.0000e+00  0.0000e+00 
1.6816e+03     0.0000e+00  0.0000e+00     0.0000e+00  0.0000e+00     0.0000e+00  0.0000e+00     0.0000e+00  0.0000e+00 
1.8868e+03     0.0000e+00  0.0000e+00     0.0000e+00  0.0000e+00     0.0000e+00  0.0000e+00     0.0000e+00  0.0000e+00 
2.1170e+03     0.0000e+00  0.0000e+00     0.0000e+00  0.0000e+00     0.0000e+00  0.0000e+00     0.0000e+00  0.0000e+00 
2.3753e+03     0.0000e+00  0.0000e+00     0.0000e+00  0.0000e+00     0.0000e+00  0.0000e+00     0.0000e+00  0.0000e+00 
2.6651e+03     0.0000e+00  0.0000e+00     0.0000e+00  0.0000e+00     0.0000e+00  0.0000e+00     0.0000e+00  0.0000e+00 
2.9903e+03     0.0000e+00  0.0000e+00     0.0000e+00  0.0000e+00     0.0000e+00  0.0000e+00     0.0000e+00  0.0000e+00 
3.3552e+03     0.0000e+00  0.0000e+00     0.0000e+00  0.0000e+00     0.0000e+00  0.0000e+00     0.0000e+00  0.0000e+00 
3.7646e+03     0.0000e+00  0.0000e+00     0.0000e+00  0.0000e+00     0.0000e+00  0.0000e+00     0.0000e+00  0.0000e+00 
4.2240e+03     0.0000e+00  0.0000e+00     0.0000e+00  0.0000e+00     0.0000e+00  0.0000e+00     0.0000e+00  0.0000e+00 
4.7394e+03     0.0000e+00  0.0000e+00     0.0000e+00  0.0000e+00     0.0000e+00  0.0000e+00     0.0000e+00  0.0000e+00 
5.3176e+03     0.0000e+00  0.0000e+00     0.0000e+00  0.0000e+00     0.0000e+00  0.0000e+00     0.0000e+00  0.0000e+00 
5.9665e+03     0.0000e+00  0.0000e+00     0.0000e+00  0.0000e+00     0.0000e+00  0.0000e+00     0.0000e+00  0.0000e+00 
6.6945e+03     0.0000e+00  0.0000e+00     0.0000e+00  0.0000e+00     0.0000e+00  0.0000e+00     0.0000e+00  0.0000e+00 
7.5114e+03     0.0000e+00  0.0000e+00     0.0000e+00  0.0000e+00     0.0000e+00  0.0000e+00     0.0000e+00  0.0000e+00 
8.4279e+03     0.0000e+00  0.0000e+00     0.0000e+00  0.0000e+00     0.0000e+00  0.0000e+00     0.0000e+00  0.0000e+00 
9.4563e+03     0.0000e+00  0.0000e+00     0.0000e+00  0.0000e+00     0.0000e+00  0.0000e+00     0.0000e+00  0.0000e+00 
