yF = 1.4018e+01 (std: 2.4290e-02) keV/um
yD = 1.6095e+01 (std: 7.5278e-02) keV/um
y (keV/um)     f(y)(std)                  yf(y)(std)                 d(y)(std)                  yd(y)(std)  
1.0610e-03     0.0000e+00  0.0000e+00     0.0000e+00  0.0000e+00     0.0000e+00  0.0000e+00     0.0000e+00  0.0000e+00 
1.1905e-03     0.0000e+00  0.0000e+00     0.0000e+00  0.0000e+00     0.0000e+00  0.0000e+00     0.0000e+00  0.0000e+00 
1.3357e-03     0.0000e+00  0.0000e+00     0.0000e+00  0.0000e+00     0.0000e+00  0.0000e+00     0.0000e+00  0.0000e+00 
1.4987e-03     0.0000e+00  0.0000e+00     0.0000e+00  0.0000e+00     0.0000e+00  0.0000e+00     0.0000e+00  0.0000e+00 
1.6816e-03     0.0000e+00  0.0000e+00     0.0000e+00  0.0000e+00     0.0000e+00  0.0000e+00     0.0000e+00  0.0000e+00 
1.8868e-03     0.0000e+00  0.0000e+00     0.0000e+00  0.0000e+00     0.0000e+00  0.0000e+00     0.0000e+00  0.0000e+00 
2.1170e-03     0.0000e+00  0.0000e+00     0.0000e+00  0.0000e+00     0.0000e+00  0.0000e+00     0.0000e+00  0.0000e+00 
2.3753e-03     0.0000e+00  0.0000e+00     0.0000e+00  0.0000e+00     0.0000e+00  0.0000e+00     0.0000e+00  0.0000e+00 
2.6651e-03     0.0000e+00  0.0000e+00     0.0000e+00  0.0000e+00     0.0000e+00  0.0000e+00     0.0000e+00  0.0000e+00 
2.9903e-03     0.0000e+00  0.0000e+00     0.0000e+00  0.0000e+00     0.0000e+00  0.0000e+00     0.0000e+00  0.0000e+00 
3.3552e-03     0.0000e+00  0.0000e+00     0.0000e+00  0.0000e+00     0.0000e+00  0.0000e+00     0.0000e+00  0.0000e+00 
3.7646e-03     0.0000e+00  0.0000e+00     0.0000e+00  0.0000e+00     0.0000e+00  0.0000e+00     0.0000e+00  0.0000e+00 
4.2240e-03     0.0000e+00  0.0000e+00     0.0000e+00  0.0000e+00     0.0000e+00  0.0000e+00     0.0000e+00  0.0000e+00 
4.7394e-03     0.0000e+00  0.0000e+00     0.0000e+00  0.0000e+00     0.0000e+00  0.0000e+00     0.0000e+00  0.0000e+00 
5.3176e-03     0.0000e+00  0.0000e+00     0.0000e+00  0.0000e+00     0.0000e+00  0.0000e+00     0.0000e+00  0.0000e+00 
5.9665e-03     0.0000e+00  0.0000e+00     0.0000e+00  0.0000e+00     0.0000e+00  0.0000e+00     0.0000e+00  0.0000e+00 
6.6945e-03     0.0000e+00  0.0000e+00     0.0000e+00  0.0000e+00     0.0000e+00  0.0000e+00     0.0000e+00  0.0000e+00 
7.5114e-03     0.0000e+00  0.0000e+00     0.0000e+00  0.0000e+00     0.0000e+00  0.0000e+00     0.0000e+00  0.0000e+00 
8.4279e-03     0.0000e+00  0.0000e+00     0.0000e+00  0.0000e+00     0.0000e+00  0.0000e+00     0.0000e+00  0.0000e+00 
9.4563e-03     0.0000e+00  0.0000e+00     0.0000e+00  0.0000e+00     0.0000e+00  0.0000e+00     0.0000e+00  0.0000e+00 
1.0610e-02     0.0000e+00  0.0000e+00     0.0000e+00  0.0000e+00     0.0000e+00  0.0000e+00     0.0000e+00  0.0000e+00 
1.1905e-02     1.4620e-03  1.5503e-03     1.7404e-05  1.8455e-05     1.2415e-06  1.3165e-06     1.4780e-08  1.5673e-08 
1.3357e-02     0.0000e+00  0.0000e+00     0.0000e+00  0.0000e+00     0.0000e+00  0.0000e+00     0.0000e+00  0.0000e+00 
1.4987e-02     5.8065e-04  6.1038e-04     8.7022e-06  9.1479e-06     6.2077e-07  6.5257e-07     9.3036e-09  9.7801e-09 
1.6816e-02     1.0350e-03  6.0286e-04     1.7404e-05  1.0138e-05     1.2415e-06  7.2317e-07     2.0878e-08  1.2161e-08 
1.8868e-02     1.3837e-03  7.2009e-04     2.6107e-05  1.3586e-05     1.8623e-06  9.6919e-07     3.5138e-08  1.8286e-08 
2.1170e-02     8.2213e-04  5.2465e-04     1.7404e-05  1.1107e-05     1.2415e-06  7.9230e-07     2.6283e-08  1.6773e-08 
2.3753e-02     3.6636e-04  1.7952e-04     8.7022e-06  4.2642e-06     6.2077e-07  3.0419e-07     1.4745e-08  7.2254e-09 
2.6651e-02     6.5304e-04  3.6545e-04     1.7404e-05  9.7398e-06     1.2415e-06  6.9479e-07     3.3089e-08  1.8517e-08 
2.9903e-02     0.0000e+00  0.0000e+00     0.0000e+00  0.0000e+00     0.0000e+00  0.0000e+00     0.0000e+00  0.0000e+00 
3.3552e-02     0.0000e+00  0.0000e+00     0.0000e+00  0.0000e+00     0.0000e+00  0.0000e+00     0.0000e+00  0.0000e+00 
3.7646e-02     4.6232e-04  5.0986e-04     1.7404e-05  1.9194e-05     1.2415e-06  1.3692e-06     4.6739e-08  5.1546e-08 
4.2240e-02     6.1806e-04  2.8440e-04     2.6107e-05  1.2013e-05     1.8623e-06  8.5694e-07     7.8664e-08  3.6197e-08 
4.7394e-02     5.5085e-04  2.5484e-04     2.6107e-05  1.2078e-05     1.8623e-06  8.6156e-07     8.8262e-08  4.0832e-08 
5.3176e-02     1.6365e-04  1.0269e-04     8.7022e-06  5.4605e-06     6.2077e-07  3.8952e-07     3.3011e-08  2.0713e-08 
5.9665e-02     2.9170e-04  8.3086e-05     1.7404e-05  4.9573e-06     1.2415e-06  3.5364e-07     7.4077e-08  2.1100e-08 
6.6945e-02     6.4995e-04  2.9121e-04     4.3511e-05  1.9495e-05     3.1039e-06  1.3907e-06     2.0779e-07  9.3100e-08 
7.5114e-02     6.9512e-04  5.8866e-04     5.2213e-05  4.4216e-05     3.7246e-06  3.1542e-06     2.7977e-07  2.3692e-07 
8.4279e-02     6.1953e-04  4.2751e-04     5.2213e-05  3.6030e-05     3.7246e-06  2.5702e-06     3.1391e-07  2.1662e-07 
9.4563e-02     8.2824e-04  3.0470e-04     7.8320e-05  2.8813e-05     5.5870e-06  2.0554e-06     5.2832e-07  1.9436e-07 
1.0610e-01     4.1009e-04  1.8483e-04     4.3511e-05  1.9610e-05     3.1039e-06  1.3989e-06     3.2932e-07  1.4843e-07 
1.1905e-01     5.1169e-04  5.3398e-04     6.0916e-05  6.3569e-05     4.3454e-06  4.5347e-06     5.1731e-07  5.3984e-07 
1.3357e-01     1.0424e-03  6.1642e-04     1.3924e-04  8.2338e-05     9.9324e-06  5.8736e-06     1.3267e-06  7.8455e-07 
1.4987e-01     6.3871e-04  2.9200e-04     9.5725e-05  4.3763e-05     6.8285e-06  3.1218e-06     1.0234e-06  4.6788e-07 
1.6816e-01     6.7275e-04  5.1372e-04     1.1313e-04  8.6387e-05     8.0701e-06  6.1624e-06     1.3571e-06  1.0363e-06 
1.8868e-01     8.7633e-04  2.7726e-04     1.6534e-04  5.2313e-05     1.1795e-05  3.7318e-06     2.2254e-06  7.0410e-07 
2.1170e-01     1.1099e-03  3.8288e-04     2.3496e-04  8.1055e-05     1.6761e-05  5.7821e-06     3.5483e-06  1.2241e-06 
2.3753e-01     1.3555e-03  7.0480e-04     3.2198e-04  1.6741e-04     2.2969e-05  1.1942e-05     5.4558e-06  2.8367e-06 
2.6651e-01     1.7306e-03  2.3950e-04     4.6122e-04  6.3830e-05     3.2901e-05  4.5537e-06     8.7686e-06  1.2136e-06 
2.9903e-01     1.3387e-03  3.8351e-04     4.0030e-04  1.1468e-04     2.8556e-05  8.1810e-06     8.5391e-06  2.4464e-06 
3.3552e-01     1.3228e-03  4.3211e-04     4.4381e-04  1.4498e-04     3.1660e-05  1.0342e-05     1.0622e-05  3.4701e-06 
3.7646e-01     1.9417e-03  2.0669e-04     7.3099e-04  7.7810e-05     5.2145e-05  5.5513e-06     1.9631e-05  2.0898e-06 
4.2240e-01     1.7306e-03  4.6838e-04     7.3099e-04  1.9784e-04     5.2145e-05  1.4113e-05     2.2026e-05  5.9614e-06 
4.7394e-01     2.0198e-03  4.0118e-04     9.5725e-04  1.9013e-04     6.8285e-05  1.3564e-05     3.2363e-05  6.4284e-06 
5.3176e-01     2.4875e-03  1.9161e-04     1.3227e-03  1.0189e-04     9.4358e-05  7.2702e-06     5.0176e-05  3.8661e-06 
5.9665e-01     2.7566e-03  4.6720e-04     1.6447e-03  2.7875e-04     1.1733e-04  1.9886e-05     7.0003e-05  1.1865e-05 
6.6945e-01     2.9248e-03  2.9916e-04     1.9580e-03  2.0027e-04     1.3967e-04  1.4288e-05     9.3505e-05  9.5654e-06 
7.5114e-01     3.8232e-03  6.6625e-04     2.8717e-03  5.0044e-04     2.0486e-04  3.5701e-05     1.5387e-04  2.6816e-05 
8.4279e-01     4.1199e-03  3.5147e-04     3.4722e-03  2.9622e-04     2.4769e-04  2.1135e-05     2.0875e-04  1.7812e-05 
9.4563e-01     5.0338e-03  3.1203e-04     4.7601e-03  2.9506e-04     3.3956e-04  2.1056e-05     3.2110e-04  1.9911e-05 
1.0610e+00     5.1754e-03  2.4247e-04     5.4911e-03  2.5727e-04     3.9171e-04  1.8365e-05     4.1561e-04  1.9485e-05 
1.1905e+00     6.0087e-03  3.2738e-04     7.1532e-03  3.8974e-04     5.1028e-04  2.7816e-05     6.0747e-04  3.3114e-05 
1.3357e+00     6.6974e-03  4.2267e-04     8.9459e-03  5.6457e-04     6.3816e-04  4.0289e-05     8.5241e-04  5.3815e-05 
1.4987e+00     7.5774e-03  2.3421e-04     1.1356e-02  3.5102e-04     8.1011e-04  2.5079e-05     1.2141e-03  3.7587e-05 
1.6816e+00     8.1972e-03  4.7094e-04     1.3784e-02  7.9192e-04     9.8331e-04  5.6518e-05     1.6535e-03  9.5039e-05 
1.8868e+00     9.3675e-03  4.5774e-04     1.7674e-02  8.6365e-04     1.2608e-03  6.1647e-05     2.3788e-03  1.1631e-04 
2.1170e+00     1.0396e-02  1.5055e-04     2.2008e-02  3.1871e-04     1.5699e-03  2.2897e-05     3.3235e-03  4.8473e-05 
2.3753e+00     1.1409e-02  2.7190e-04     2.7099e-02  6.4584e-04     1.9331e-03  4.6193e-05     4.5917e-03  1.0972e-04 
2.6651e+00     1.2953e-02  1.7028e-04     3.4522e-02  4.5382e-04     2.4626e-03  3.2653e-05     6.5632e-03  8.7025e-05 
2.9903e+00     1.3695e-02  3.8144e-04     4.0953e-02  1.1406e-03     2.9214e-03  8.1523e-05     8.7358e-03  2.4378e-04 
3.3552e+00     1.5150e-02  2.0985e-04     5.0830e-02  7.0411e-04     3.6259e-03  5.0619e-05     1.2166e-02  1.6984e-04 
3.7646e+00     1.7723e-02  4.4099e-04     6.6720e-02  1.6602e-03     4.7595e-03  1.1871e-04     1.7918e-02  4.4691e-04 
4.2240e+00     1.9467e-02  2.2817e-04     8.2227e-02  9.6379e-04     5.8657e-03  6.9499e-05     2.4776e-02  2.9356e-04 
4.7394e+00     2.1885e-02  4.5134e-04     1.0372e-01  2.1391e-03     7.3990e-03  1.5313e-04     3.5067e-02  7.2572e-04 
5.3176e+00     2.4035e-02  4.9855e-04     1.2781e-01  2.6511e-03     9.1173e-03  1.8978e-04     4.8483e-02  1.0092e-03 
5.9665e+00     2.7076e-02  3.5274e-04     1.6155e-01  2.1046e-03     1.1524e-02  1.5146e-04     6.8758e-02  9.0366e-04 
6.6945e+00     3.0320e-02  4.0720e-04     2.0298e-01  2.7260e-03     1.4480e-02  1.9607e-04     9.6934e-02  1.3126e-03 
7.5114e+00     3.4355e-02  1.9522e-04     2.5806e-01  1.4664e-03     1.8408e-02  1.0936e-04     1.3827e-01  8.2145e-04 
8.4279e+00     3.8657e-02  2.1480e-04     3.2579e-01  1.8103e-03     2.3241e-02  1.3527e-04     1.9587e-01  1.1401e-03 
9.4563e+00     4.4035e-02  3.2457e-04     4.1641e-01  3.0692e-03     2.9705e-02  2.2491e-04     2.8090e-01  2.1268e-03 
1.0610e+01     5.0514e-02  3.0117e-04     5.3596e-01  3.1954e-03     3.8233e-02  2.3738e-04     4.0565e-01  2.5186e-03 
1.1905e+01     5.8384e-02  2.5259e-04     6.9505e-01  3.0070e-03     4.9581e-02  2.3107e-04     5.9025e-01  2.7508e-03 
1.3357e+01     6.8111e-02  2.8616e-04     9.0978e-01  3.8224e-03     6.4899e-02  2.9495e-04     8.6688e-01  3.9397e-03 
1.4987e+01     7.8180e-02  2.2073e-04     1.1717e+00  3.3081e-03     8.3583e-02  2.7688e-04     1.2527e+00  4.1497e-03 
1.6816e+01     7.7096e-02  3.7235e-04     1.2964e+00  6.2614e-03     9.2482e-02  4.7453e-04     1.5552e+00  7.9796e-03 
1.8868e+01     5.5938e-02  2.4426e-04     1.0554e+00  4.6087e-03     7.5289e-02  3.5370e-04     1.4205e+00  6.6735e-03 
2.1170e+01     2.9598e-02  2.4776e-04     6.2659e-01  5.2451e-03     4.4698e-02  3.8209e-04     9.4625e-01  8.0889e-03 
2.3753e+01     1.1740e-02  6.6628e-05     2.7887e-01  1.5826e-03     1.9893e-02  1.1804e-04     4.7253e-01  2.8038e-03 
2.6651e+01     3.4827e-03  5.1876e-05     9.2818e-02  1.3826e-03     6.6212e-03  9.9291e-05     1.7646e-01  2.6462e-03 
2.9903e+01     7.3830e-04  2.3984e-05     2.2078e-02  7.1721e-04     1.5749e-03  5.1235e-05     4.7095e-02  1.5321e-03 
3.3552e+01     1.0997e-04  2.2588e-05     3.6897e-03  7.5786e-04     2.6321e-04  5.4064e-05     8.8312e-03  1.8139e-03 
3.7646e+01     1.3407e-05  3.0202e-06     5.0473e-04  1.1370e-04     3.6005e-05  8.1109e-06     1.3554e-03  3.0534e-04 
4.2240e+01     8.2408e-07  4.5676e-07     3.4809e-05  1.9293e-05     2.4831e-06  1.3763e-06     1.0488e-04  5.8134e-05 
4.7394e+01     0.0000e+00  0.0000e+00     0.0000e+00  0.0000e+00     0.0000e+00  0.0000e+00     0.0000e+00  0.0000e+00 
5.3176e+01     6.5459e-07  1.3702e-06     3.4809e-05  7.2863e-05     2.4831e-06  5.1977e-06     1.3204e-04  2.7640e-04 
5.9665e+01     0.0000e+00  0.0000e+00     0.0000e+00  0.0000e+00     0.0000e+00  0.0000e+00     0.0000e+00  0.0000e+00 
6.6945e+01     0.0000e+00  0.0000e+00     0.0000e+00  0.0000e+00     0.0000e+00  0.0000e+00     0.0000e+00  0.0000e+00 
7.5114e+01     0.0000e+00  0.0000e+00     0.0000e+00  0.0000e+00     0.0000e+00  0.0000e+00     0.0000e+00  0.0000e+00 
8.4279e+01     0.0000e+00  0.0000e+00     0.0000e+00  0.0000e+00     0.0000e+00  0.0000e+00     0.0000e+00  0.0000e+00 
9.4563e+01     9.2026e-08  2.0576e-08     8.7022e-06  1.9457e-06     6.2077e-07  1.3880e-07     5.8702e-05  1.3126e-05 
1.0610e+02     8.2018e-08  6.5547e-08     8.7022e-06  6.9546e-06     6.2077e-07  4.9611e-07     6.5865e-05  5.2638e-05 
1.1905e+02     7.3099e-08  7.8725e-08     8.7022e-06  9.3720e-06     6.2077e-07  6.6855e-07     7.3901e-05  7.9589e-05 
1.3357e+02     0.0000e+00  0.0000e+00     0.0000e+00  0.0000e+00     0.0000e+00  0.0000e+00     0.0000e+00  0.0000e+00 
1.4987e+02     5.8065e-08  3.2903e-08     8.7022e-06  4.9312e-06     6.2077e-07  3.5177e-07     9.3036e-05  5.2720e-05 
1.6816e+02     0.0000e+00  0.0000e+00     0.0000e+00  0.0000e+00     0.0000e+00  0.0000e+00     0.0000e+00  0.0000e+00 
1.8868e+02     0.0000e+00  0.0000e+00     0.0000e+00  0.0000e+00     0.0000e+00  0.0000e+00     0.0000e+00  0.0000e+00 
2.1170e+02     0.0000e+00  0.0000e+00     0.0000e+00  0.0000e+00     0.0000e+00  0.0000e+00     0.0000e+00  0.0000e+00 
2.3753e+02     3.6636e-08  1.0863e-07     8.7022e-06  2.5803e-05     6.2077e-07  1.8407e-06     1.4745e-04  4.3722e-04 
2.6651e+02     0.0000e+00  0.0000e+00     0.0000e+00  0.0000e+00     0.0000e+00  0.0000e+00     0.0000e+00  0.0000e+00 
2.9903e+02     2.9101e-08  1.0490e-08     8.7022e-06  3.1370e-06     6.2077e-07  2.2378e-07     1.8563e-04  6.6918e-05 
3.3552e+02     0.0000e+00  0.0000e+00     0.0000e+00  0.0000e+00     0.0000e+00  0.0000e+00     0.0000e+00  0.0000e+00 
3.7646e+02     0.0000e+00  0.0000e+00     0.0000e+00  0.0000e+00     0.0000e+00  0.0000e+00     0.0000e+00  0.0000e+00 
4.2240e+02     0.0000e+00  0.0000e+00     0.0000e+00  0.0000e+00     0.0000e+00  0.0000e+00     0.0000e+00  0.0000e+00 
4.7394e+02     0.0000e+00  0.0000e+00     0.0000e+00  0.0000e+00     0.0000e+00  0.0000e+00     0.0000e+00  0.0000e+00 
5.3176e+02     0.0000e+00  0.0000e+00     0.0000e+00  0.0000e+00     0.0000e+00  0.0000e+00     0.0000e+00  0.0000e+00 
5.9665e+02     0.0000e+00  0.0000e+00     0.0000e+00  0.0000e+00     0.0000e+00  0.0000e+00     0.0000e+00  0.0000e+00 
6.6945e+02     0.0000e+00  0.0000e+00     0.0000e+00  0.0000e+00     0.0000e+00  0.0000e+00     0.0000e+00  0.0000e+00 
7.5114e+02     1.1585e-08  1.8980e-08     8.7022e-06  1.4257e-05     6.2077e-07  1.0170e-06     4.6629e-04  7.6391e-04 
8.4279e+02     0.0000e+00  0.0000e+00     0.0000e+00  0.0000e+00     0.0000e+00  0.0000e+00     0.0000e+00  0.0000e+00 
9.4563e+02     0.0000e+00  0.0000e+00     0.0000e+00  0.0000e+00     0.0000e+00  0.0000e+00     0.0000e+00  0.0000e+00 
1.0610e+03     0.0000e+00  0.0000e+00     0.0000e+00  0.0000e+00     0.0000e+00  0.0000e+00     0.0000e+00  0.0000e+00 
1.1905e+03     0.0000e+00  0.0000e+00     0.0000e+00  0.0000e+00     0.0000e+00  0.0000e+00     0.0000e+00  0.0000e+00 
1.3357e+03     0.0000e+00  0.0000e+00     0.0000e+00  0.0000e+00     0.0000e+00  0.0000e+00     0.0000e+00  0.0000e+00 
1.4987e+03     0.0000e+00  0.0000e+00     0.0000e+00  0.0000e+00     0.0000e+00  0.0000e+00     0.0000e+00  0.0000e+00 
1.6816e+03     0.0000e+00  0.0000e+00     0.0000e+00  0.0000e+00     0.0000e+00  0.0000e+00     0.0000e+00  0.0000e+00 
1.8868e+03     0.0000e+00  0.0000e+00     0.0000e+00  0.0000e+00     0.0000e+00  0.0000e+00     0.0000e+00  0.0000e+00 
2.1170e+03     0.0000e+00  0.0000e+00     0.0000e+00  0.0000e+00     0.0000e+00  0.0000e+00     0.0000e+00  0.0000e+00 
2.3753e+03     0.0000e+00  0.0000e+00     0.0000e+00  0.0000e+00     0.0000e+00  0.0000e+00     0.0000e+00  0.0000e+00 
2.6651e+03     0.0000e+00  0.0000e+00     0.0000e+00  0.0000e+00     0.0000e+00  0.0000e+00     0.0000e+00  0.0000e+00 
2.9903e+03     0.0000e+00  0.0000e+00     0.0000e+00  0.0000e+00     0.0000e+00  0.0000e+00     0.0000e+00  0.0000e+00 
3.3552e+03     0.0000e+00  0.0000e+00     0.0000e+00  0.0000e+00     0.0000e+00  0.0000e+00     0.0000e+00  0.0000e+00 
3.7646e+03     0.0000e+00  0.0000e+00     0.0000e+00  0.0000e+00     0.0000e+00  0.0000e+00     0.0000e+00  0.0000e+00 
4.2240e+03     0.0000e+00  0.0000e+00     0.0000e+00  0.0000e+00     0.0000e+00  0.0000e+00     0.0000e+00  0.0000e+00 
4.7394e+03     0.0000e+00  0.0000e+00     0.0000e+00  0.0000e+00     0.0000e+00  0.0000e+00     0.0000e+00  0.0000e+00 
5.3176e+03     0.0000e+00  0.0000e+00     0.0000e+00  0.0000e+00     0.0000e+00  0.0000e+00     0.0000e+00  0.0000e+00 
5.9665e+03     0.0000e+00  0.0000e+00     0.0000e+00  0.0000e+00     0.0000e+00  0.0000e+00     0.0000e+00  0.0000e+00 
6.6945e+03     0.0000e+00  0.0000e+00     0.0000e+00  0.0000e+00     0.0000e+00  0.0000e+00     0.0000e+00  0.0000e+00 
7.5114e+03     0.0000e+00  0.0000e+00     0.0000e+00  0.0000e+00     0.0000e+00  0.0000e+00     0.0000e+00  0.0000e+00 
8.4279e+03     0.0000e+00  0.0000e+00     0.0000e+00  0.0000e+00     0.0000e+00  0.0000e+00     0.0000e+00  0.0000e+00 
9.4563e+03     0.0000e+00  0.0000e+00     0.0000e+00  0.0000e+00     0.0000e+00  0.0000e+00     0.0000e+00  0.0000e+00 
