yF = 1.2473e+01 (std: 2.1179e-02) keV/um
yD = 1.4346e+01 (std: 3.0810e-02) keV/um
y (keV/um)     f(y)(std)                  yf(y)(std)                 d(y)(std)                  yd(y)(std)  
1.0610e-03     0.0000e+00  0.0000e+00     0.0000e+00  0.0000e+00     0.0000e+00  0.0000e+00     0.0000e+00  0.0000e+00 
1.1905e-03     0.0000e+00  0.0000e+00     0.0000e+00  0.0000e+00     0.0000e+00  0.0000e+00     0.0000e+00  0.0000e+00 
1.3357e-03     0.0000e+00  0.0000e+00     0.0000e+00  0.0000e+00     0.0000e+00  0.0000e+00     0.0000e+00  0.0000e+00 
1.4987e-03     0.0000e+00  0.0000e+00     0.0000e+00  0.0000e+00     0.0000e+00  0.0000e+00     0.0000e+00  0.0000e+00 
1.6816e-03     0.0000e+00  0.0000e+00     0.0000e+00  0.0000e+00     0.0000e+00  0.0000e+00     0.0000e+00  0.0000e+00 
1.8868e-03     0.0000e+00  0.0000e+00     0.0000e+00  0.0000e+00     0.0000e+00  0.0000e+00     0.0000e+00  0.0000e+00 
2.1170e-03     0.0000e+00  0.0000e+00     0.0000e+00  0.0000e+00     0.0000e+00  0.0000e+00     0.0000e+00  0.0000e+00 
2.3753e-03     0.0000e+00  0.0000e+00     0.0000e+00  0.0000e+00     0.0000e+00  0.0000e+00     0.0000e+00  0.0000e+00 
2.6651e-03     0.0000e+00  0.0000e+00     0.0000e+00  0.0000e+00     0.0000e+00  0.0000e+00     0.0000e+00  0.0000e+00 
2.9903e-03     0.0000e+00  0.0000e+00     0.0000e+00  0.0000e+00     0.0000e+00  0.0000e+00     0.0000e+00  0.0000e+00 
3.3552e-03     0.0000e+00  0.0000e+00     0.0000e+00  0.0000e+00     0.0000e+00  0.0000e+00     0.0000e+00  0.0000e+00 
3.7646e-03     0.0000e+00  0.0000e+00     0.0000e+00  0.0000e+00     0.0000e+00  0.0000e+00     0.0000e+00  0.0000e+00 
4.2240e-03     0.0000e+00  0.0000e+00     0.0000e+00  0.0000e+00     0.0000e+00  0.0000e+00     0.0000e+00  0.0000e+00 
4.7394e-03     0.0000e+00  0.0000e+00     0.0000e+00  0.0000e+00     0.0000e+00  0.0000e+00     0.0000e+00  0.0000e+00 
5.3176e-03     0.0000e+00  0.0000e+00     0.0000e+00  0.0000e+00     0.0000e+00  0.0000e+00     0.0000e+00  0.0000e+00 
5.9665e-03     0.0000e+00  0.0000e+00     0.0000e+00  0.0000e+00     0.0000e+00  0.0000e+00     0.0000e+00  0.0000e+00 
6.6945e-03     0.0000e+00  0.0000e+00     0.0000e+00  0.0000e+00     0.0000e+00  0.0000e+00     0.0000e+00  0.0000e+00 
7.5114e-03     1.1586e-03  3.6630e-04     8.7024e-06  2.7514e-06     6.9771e-07  2.2059e-07     5.2407e-09  1.6570e-09 
8.4279e-03     0.0000e+00  0.0000e+00     0.0000e+00  0.0000e+00     0.0000e+00  0.0000e+00     0.0000e+00  0.0000e+00 
9.4563e-03     9.2028e-04  8.7359e-04     8.7024e-06  8.2609e-06     6.9771e-07  6.6231e-07     6.5977e-09  6.2630e-09 
1.0610e-02     0.0000e+00  0.0000e+00     0.0000e+00  0.0000e+00     0.0000e+00  0.0000e+00     0.0000e+00  0.0000e+00 
1.1905e-02     0.0000e+00  0.0000e+00     0.0000e+00  0.0000e+00     0.0000e+00  0.0000e+00     0.0000e+00  0.0000e+00 
1.3357e-02     0.0000e+00  0.0000e+00     0.0000e+00  0.0000e+00     0.0000e+00  0.0000e+00     0.0000e+00  0.0000e+00 
1.4987e-02     5.8065e-04  2.2484e-04     8.7024e-06  3.3697e-06     6.9771e-07  2.7016e-07     1.0457e-08  4.0490e-09 
1.6816e-02     5.1751e-04  5.8787e-04     8.7024e-06  9.8856e-06     6.9771e-07  7.9257e-07     1.1733e-08  1.3328e-08 
1.8868e-02     9.2246e-04  6.2902e-04     1.7405e-05  1.1868e-05     1.3954e-06  9.5153e-07     2.6328e-08  1.7953e-08 
2.1170e-02     1.2332e-03  5.0787e-04     2.6107e-05  1.0752e-05     2.0931e-06  8.6201e-07     4.4311e-08  1.8249e-08 
2.3753e-02     0.0000e+00  0.0000e+00     0.0000e+00  0.0000e+00     0.0000e+00  0.0000e+00     0.0000e+00  0.0000e+00 
2.6651e-02     6.5305e-04  3.7651e-03     1.7405e-05  1.0034e-04     1.3954e-06  8.0450e-06     3.7190e-08  2.1441e-07 
2.9903e-02     2.9102e-04  1.1638e-04     8.7024e-06  3.4802e-06     6.9771e-07  2.7903e-07     2.0864e-08  8.3438e-09 
3.3552e-02     5.1874e-04  4.1730e-04     1.7405e-05  1.4001e-05     1.3954e-06  1.1225e-06     4.6819e-08  3.7663e-08 
3.7646e-02     4.6233e-04  2.8334e-04     1.7405e-05  1.0666e-05     1.3954e-06  8.5518e-07     5.2532e-08  3.2194e-08 
4.2240e-02     4.1205e-04  3.7021e-04     1.7405e-05  1.5638e-05     1.3954e-06  1.2537e-06     5.8942e-08  5.2957e-08 
4.7394e-02     1.8362e-04  1.1982e-04     8.7024e-06  5.6786e-06     6.9771e-07  4.5527e-07     3.3067e-08  2.1577e-08 
5.3176e-02     6.5460e-04  3.1828e-04     3.4809e-05  1.6925e-05     2.7908e-06  1.3570e-06     1.4841e-07  7.2158e-08 
5.9665e-02     4.3756e-04  2.9509e-04     2.6107e-05  1.7606e-05     2.0931e-06  1.4116e-06     1.2489e-07  8.4222e-08 
6.6945e-02     3.8998e-04  2.8800e-04     2.6107e-05  1.9281e-05     2.0931e-06  1.5458e-06     1.4012e-07  1.0348e-07 
7.5114e-02     1.1586e-04  7.3669e-05     8.7024e-06  5.5335e-06     6.9771e-07  4.4365e-07     5.2407e-08  3.3324e-08 
8.4279e-02     1.0326e-03  3.1255e-04     8.7024e-05  2.6341e-05     6.9771e-06  2.1119e-06     5.8802e-07  1.7799e-07 
9.4563e-02     8.2825e-04  9.1517e-04     7.8321e-05  8.6541e-05     6.2793e-06  6.9384e-06     5.9379e-07  6.5611e-07 
1.0610e-01     4.1010e-04  2.7364e-04     4.3512e-05  2.9033e-05     3.4885e-06  2.3277e-06     3.7014e-07  2.4697e-07 
1.1905e-01     1.0234e-03  3.3233e-04     1.2183e-04  3.9563e-05     9.7679e-06  3.1720e-06     1.1628e-06  3.7761e-07 
1.3357e-01     9.7726e-04  6.2528e-04     1.3054e-04  8.3521e-05     1.0466e-05  6.6962e-06     1.3979e-06  8.9444e-07 
1.4987e-01     8.1292e-04  2.9752e-04     1.2183e-04  4.4590e-05     9.7679e-06  3.5750e-06     1.4639e-06  5.3579e-07 
1.6816e-01     1.1903e-03  4.4145e-04     2.0015e-04  7.4233e-05     1.6047e-05  5.9516e-06     2.6985e-06  1.0008e-06 
1.8868e-01     1.4759e-03  3.1722e-04     2.7848e-04  5.9852e-05     2.2327e-05  4.7987e-06     4.2125e-06  9.0541e-07 
2.1170e-01     9.4547e-04  2.4036e-04     2.0015e-04  5.0884e-05     1.6047e-05  4.0797e-06     3.3972e-06  8.6367e-07 
2.3753e-01     1.6487e-03  3.7182e-04     3.9161e-04  8.8320e-05     3.1397e-05  7.0812e-06     7.4577e-06  1.6820e-06 
2.6651e-01     1.6653e-03  4.1190e-04     4.4382e-04  1.0978e-04     3.5583e-05  8.8014e-06     9.4833e-06  2.3457e-06 
2.9903e-01     1.8916e-03  3.1314e-04     5.6565e-04  9.3639e-05     4.5351e-05  7.5079e-06     1.3561e-05  2.2451e-06 
3.3552e-01     1.9712e-03  2.1771e-04     6.6138e-04  7.3047e-05     5.3026e-05  5.8572e-06     1.7791e-05  1.9652e-06 
3.7646e-01     2.1960e-03  3.5156e-04     8.2672e-04  1.3235e-04     6.6282e-05  1.0612e-05     2.4953e-05  3.9949e-06 
4.2240e-01     2.7607e-03  3.2115e-04     1.1661e-03  1.3565e-04     9.3493e-05  1.0877e-05     3.9491e-05  4.5944e-06 
4.7394e-01     2.4605e-03  2.2189e-04     1.1661e-03  1.0516e-04     9.3493e-05  8.4326e-06     4.4309e-05  3.9965e-06 
5.3176e-01     3.0603e-03  2.1550e-04     1.6273e-03  1.1459e-04     1.3047e-04  9.1902e-06     6.9380e-05  4.8870e-06 
5.9665e-01     3.4276e-03  2.2369e-04     2.0451e-03  1.3346e-04     1.6396e-04  1.0704e-05     9.7827e-05  6.3865e-06 
6.6945e-01     4.3028e-03  4.5931e-04     2.8805e-03  3.0748e-04     2.3094e-04  2.4655e-05     1.5460e-04  1.6506e-05 
7.5114e-01     5.3641e-03  2.3002e-04     4.0292e-03  1.7278e-04     3.2304e-04  1.3863e-05     2.4265e-04  1.0413e-05 
8.4279e-01     5.3280e-03  3.6510e-04     4.4904e-03  3.0770e-04     3.6002e-04  2.4677e-05     3.0342e-04  2.0798e-05 
9.4563e-01     6.1751e-03  2.7673e-04     5.8393e-03  2.6169e-04     4.6816e-04  2.0995e-05     4.4270e-04  1.9854e-05 
1.0610e+00     7.3162e-03  6.4104e-04     7.7625e-03  6.8015e-04     6.2235e-04  5.4540e-05     6.6032e-04  5.7868e-05 
1.1905e+00     7.9533e-03  3.1290e-04     9.4682e-03  3.7250e-04     7.5910e-04  2.9893e-05     9.0369e-04  3.5586e-05 
1.3357e+00     8.4891e-03  4.0941e-04     1.1339e-02  5.4686e-04     9.0911e-04  4.3871e-05     1.2143e-03  5.8600e-05 
1.4987e+00     9.4473e-03  2.8617e-04     1.4159e-02  4.2889e-04     1.1352e-03  3.4440e-05     1.7013e-03  5.1615e-05 
1.6816e+00     1.0531e-02  4.4259e-04     1.7709e-02  7.4425e-04     1.4198e-03  5.9719e-05     2.3876e-03  1.0042e-04 
1.8868e+00     1.1568e-02  5.6768e-04     2.1826e-02  1.0711e-03     1.7498e-03  8.5925e-05     3.3016e-03  1.6212e-04 
2.1170e+00     1.3052e-02  7.0622e-04     2.7630e-02  1.4951e-03     2.2152e-03  1.1992e-04     4.6896e-03  2.5388e-04 
2.3753e+00     1.4563e-02  2.1081e-04     3.4592e-02  5.0073e-04     2.7734e-03  4.0421e-05     6.5876e-03  9.6012e-05 
2.6651e+00     1.6006e-02  2.9023e-04     4.2659e-02  7.7351e-04     3.4202e-03  6.2287e-05     9.1152e-03  1.6600e-04 
2.9903e+00     1.7703e-02  3.4670e-04     5.2936e-02  1.0368e-03     4.2441e-03  8.3433e-05     1.2691e-02  2.4949e-04 
3.3552e+00     2.0132e-02  3.0930e-04     6.7548e-02  1.0378e-03     5.4156e-03  8.3710e-05     1.8170e-02  2.8086e-04 
3.7646e+00     2.2122e-02  3.2496e-04     8.3282e-02  1.2234e-03     6.6770e-03  9.8735e-05     2.5136e-02  3.7170e-04 
4.2240e+00     2.4818e-02  2.3041e-04     1.0483e-01  9.7325e-04     8.4046e-03  7.9324e-05     3.5500e-02  3.3506e-04 
4.7394e+00     2.7071e-02  4.3142e-04     1.2830e-01  2.0446e-03     1.0286e-02  1.6485e-04     4.8750e-02  7.8130e-04 
5.3176e+00     3.0814e-02  2.5408e-04     1.6386e-01  1.3511e-03     1.3137e-02  1.1060e-04     6.9858e-02  5.8813e-04 
5.9665e+00     3.4566e-02  7.8552e-04     2.0624e-01  4.6868e-03     1.6535e-02  3.7681e-04     9.8655e-02  2.2482e-03 
6.6945e+00     3.8701e-02  3.2086e-04     2.5909e-01  2.1480e-03     2.0772e-02  1.7579e-04     1.3906e-01  1.1768e-03 
7.5114e+00     4.3525e-02  2.7781e-04     3.2693e-01  2.0867e-03     2.6211e-02  1.7312e-04     1.9688e-01  1.3004e-03 
8.4279e+00     5.0263e-02  3.9371e-04     4.2361e-01  3.3181e-03     3.3963e-02  2.7221e-04     2.8624e-01  2.2941e-03 
9.4563e+00     5.7675e-02  3.6235e-04     5.4539e-01  3.4265e-03     4.3726e-02  2.8458e-04     4.1348e-01  2.6910e-03 
1.0610e+01     6.6230e-02  2.7313e-04     7.0271e-01  2.8980e-03     5.6339e-02  2.5127e-04     5.9776e-01  2.6660e-03 
1.1905e+01     7.7361e-02  5.0854e-04     9.2096e-01  6.0540e-03     7.3837e-02  5.0131e-04     8.7901e-01  5.9679e-03 
1.3357e+01     8.7798e-02  1.5610e-04     1.1727e+00  2.0851e-03     9.4024e-02  2.3116e-04     1.2559e+00  3.0877e-03 
1.4987e+01     8.4466e-02  3.1814e-04     1.2659e+00  4.7680e-03     1.0149e-01  4.1932e-04     1.5211e+00  6.2845e-03 
1.6816e+01     6.0051e-02  2.9684e-04     1.0098e+00  4.9916e-03     8.0961e-02  4.2315e-04     1.3614e+00  7.1157e-03 
1.8868e+01     3.2499e-02  2.1000e-04     6.1318e-01  3.9622e-03     4.9161e-02  3.2845e-04     9.2756e-01  6.1972e-03 
2.1170e+01     1.3804e-02  1.1052e-04     2.9223e-01  2.3397e-03     2.3429e-02  1.9176e-04     4.9599e-01  4.0595e-03 
2.3753e+01     4.4323e-03  9.9060e-05     1.0528e-01  2.3530e-03     8.4408e-03  1.8919e-04     2.0050e-01  4.4939e-03 
2.6651e+01     1.0808e-03  2.5427e-05     2.8805e-02  6.7767e-04     2.3094e-03  5.4473e-05     6.1549e-02  1.4518e-03 
2.9903e+01     2.0051e-04  5.6203e-06     5.9959e-03  1.6807e-04     4.8072e-04  1.3499e-05     1.4375e-02  4.0367e-04 
3.3552e+01     2.4121e-05  3.8916e-06     8.0932e-04  1.3057e-04     6.4887e-05  1.0469e-05     2.1771e-03  3.5126e-04 
3.7646e+01     2.5428e-06  7.3944e-07     9.5726e-05  2.7837e-05     7.6748e-06  2.2318e-06     2.8892e-04  8.4020e-05 
4.2240e+01     6.1807e-07  4.2905e-07     2.6107e-05  1.8123e-05     2.0931e-06  1.4530e-06     8.8412e-05  6.1374e-05 
4.7394e+01     3.6724e-07  1.9556e-07     1.7405e-05  9.2682e-06     1.3954e-06  7.4307e-07     6.6133e-05  3.5217e-05 
5.3176e+01     1.6365e-07  6.7462e-08     8.7024e-06  3.5874e-06     6.9771e-07  2.8762e-07     3.7101e-05  1.5295e-05 
5.9665e+01     0.0000e+00  0.0000e+00     0.0000e+00  0.0000e+00     0.0000e+00  0.0000e+00     0.0000e+00  0.0000e+00 
6.6945e+01     1.2999e-07  1.1230e-07     8.7024e-06  7.5180e-06     6.9771e-07  6.0275e-07     4.6708e-05  4.0351e-05 
7.5114e+01     2.3171e-07  1.2019e-07     1.7405e-05  9.0282e-06     1.3954e-06  7.2383e-07     1.0481e-04  5.4370e-05 
8.4279e+01     1.0326e-07  8.7981e-08     8.7024e-06  7.4150e-06     6.9771e-07  5.9449e-07     5.8802e-05  5.0103e-05 
9.4563e+01     0.0000e+00  0.0000e+00     0.0000e+00  0.0000e+00     0.0000e+00  0.0000e+00     0.0000e+00  0.0000e+00 
1.0610e+02     1.6404e-07  5.1399e-08     1.7405e-05  5.4535e-06     1.3954e-06  4.3723e-07     1.4805e-04  4.6391e-05 
1.1905e+02     0.0000e+00  0.0000e+00     0.0000e+00  0.0000e+00     0.0000e+00  0.0000e+00     0.0000e+00  0.0000e+00 
1.3357e+02     0.0000e+00  0.0000e+00     0.0000e+00  0.0000e+00     0.0000e+00  0.0000e+00     0.0000e+00  0.0000e+00 
1.4987e+02     1.7420e-07  6.7077e-08     2.6107e-05  1.0053e-05     2.0931e-06  8.0599e-07     3.1370e-04  1.2079e-04 
1.6816e+02     0.0000e+00  0.0000e+00     0.0000e+00  0.0000e+00     0.0000e+00  0.0000e+00     0.0000e+00  0.0000e+00 
1.8868e+02     0.0000e+00  0.0000e+00     0.0000e+00  0.0000e+00     0.0000e+00  0.0000e+00     0.0000e+00  0.0000e+00 
2.1170e+02     4.1107e-08  2.4386e-08     8.7024e-06  5.1625e-06     6.9771e-07  4.1390e-07     1.4770e-04  8.7623e-05 
2.3753e+02     0.0000e+00  0.0000e+00     0.0000e+00  0.0000e+00     0.0000e+00  0.0000e+00     0.0000e+00  0.0000e+00 
2.6651e+02     6.5305e-08  4.4965e-08     1.7405e-05  1.1984e-05     1.3954e-06  9.6079e-07     3.7190e-04  2.5606e-04 
2.9903e+02     0.0000e+00  0.0000e+00     0.0000e+00  0.0000e+00     0.0000e+00  0.0000e+00     0.0000e+00  0.0000e+00 
3.3552e+02     0.0000e+00  0.0000e+00     0.0000e+00  0.0000e+00     0.0000e+00  0.0000e+00     0.0000e+00  0.0000e+00 
3.7646e+02     0.0000e+00  0.0000e+00     0.0000e+00  0.0000e+00     0.0000e+00  0.0000e+00     0.0000e+00  0.0000e+00 
4.2240e+02     0.0000e+00  0.0000e+00     0.0000e+00  0.0000e+00     0.0000e+00  0.0000e+00     0.0000e+00  0.0000e+00 
4.7394e+02     0.0000e+00  0.0000e+00     0.0000e+00  0.0000e+00     0.0000e+00  0.0000e+00     0.0000e+00  0.0000e+00 
5.3176e+02     0.0000e+00  0.0000e+00     0.0000e+00  0.0000e+00     0.0000e+00  0.0000e+00     0.0000e+00  0.0000e+00 
5.9665e+02     0.0000e+00  0.0000e+00     0.0000e+00  0.0000e+00     0.0000e+00  0.0000e+00     0.0000e+00  0.0000e+00 
6.6945e+02     0.0000e+00  0.0000e+00     0.0000e+00  0.0000e+00     0.0000e+00  0.0000e+00     0.0000e+00  0.0000e+00 
7.5114e+02     0.0000e+00  0.0000e+00     0.0000e+00  0.0000e+00     0.0000e+00  0.0000e+00     0.0000e+00  0.0000e+00 
8.4279e+02     0.0000e+00  0.0000e+00     0.0000e+00  0.0000e+00     0.0000e+00  0.0000e+00     0.0000e+00  0.0000e+00 
9.4563e+02     0.0000e+00  0.0000e+00     0.0000e+00  0.0000e+00     0.0000e+00  0.0000e+00     0.0000e+00  0.0000e+00 
1.0610e+03     0.0000e+00  0.0000e+00     0.0000e+00  0.0000e+00     0.0000e+00  0.0000e+00     0.0000e+00  0.0000e+00 
1.1905e+03     0.0000e+00  0.0000e+00     0.0000e+00  0.0000e+00     0.0000e+00  0.0000e+00     0.0000e+00  0.0000e+00 
1.3357e+03     0.0000e+00  0.0000e+00     0.0000e+00  0.0000e+00     0.0000e+00  0.0000e+00     0.0000e+00  0.0000e+00 
1.4987e+03     0.0000e+00  0.0000e+00     0.0000e+00  0.0000e+00     0.0000e+00  0.0000e+00     0.0000e+00  0.0000e+00 
1.6816e+03     0.0000e+00  0.0000e+00     0.0000e+00  0.0000e+00     0.0000e+00  0.0000e+00     0.0000e+00  0.0000e+00 
1.8868e+03     0.0000e+00  0.0000e+00     0.0000e+00  0.0000e+00     0.0000e+00  0.0000e+00     0.0000e+00  0.0000e+00 
2.1170e+03     0.0000e+00  0.0000e+00     0.0000e+00  0.0000e+00     0.0000e+00  0.0000e+00     0.0000e+00  0.0000e+00 
2.3753e+03     0.0000e+00  0.0000e+00     0.0000e+00  0.0000e+00     0.0000e+00  0.0000e+00     0.0000e+00  0.0000e+00 
2.6651e+03     0.0000e+00  0.0000e+00     0.0000e+00  0.0000e+00     0.0000e+00  0.0000e+00     0.0000e+00  0.0000e+00 
2.9903e+03     0.0000e+00  0.0000e+00     0.0000e+00  0.0000e+00     0.0000e+00  0.0000e+00     0.0000e+00  0.0000e+00 
3.3552e+03     0.0000e+00  0.0000e+00     0.0000e+00  0.0000e+00     0.0000e+00  0.0000e+00     0.0000e+00  0.0000e+00 
3.7646e+03     0.0000e+00  0.0000e+00     0.0000e+00  0.0000e+00     0.0000e+00  0.0000e+00     0.0000e+00  0.0000e+00 
4.2240e+03     0.0000e+00  0.0000e+00     0.0000e+00  0.0000e+00     0.0000e+00  0.0000e+00     0.0000e+00  0.0000e+00 
4.7394e+03     0.0000e+00  0.0000e+00     0.0000e+00  0.0000e+00     0.0000e+00  0.0000e+00     0.0000e+00  0.0000e+00 
5.3176e+03     0.0000e+00  0.0000e+00     0.0000e+00  0.0000e+00     0.0000e+00  0.0000e+00     0.0000e+00  0.0000e+00 
5.9665e+03     0.0000e+00  0.0000e+00     0.0000e+00  0.0000e+00     0.0000e+00  0.0000e+00     0.0000e+00  0.0000e+00 
6.6945e+03     0.0000e+00  0.0000e+00     0.0000e+00  0.0000e+00     0.0000e+00  0.0000e+00     0.0000e+00  0.0000e+00 
7.5114e+03     0.0000e+00  0.0000e+00     0.0000e+00  0.0000e+00     0.0000e+00  0.0000e+00     0.0000e+00  0.0000e+00 
8.4279e+03     0.0000e+00  0.0000e+00     0.0000e+00  0.0000e+00     0.0000e+00  0.0000e+00     0.0000e+00  0.0000e+00 
9.4563e+03     0.0000e+00  0.0000e+00     0.0000e+00  0.0000e+00     0.0000e+00  0.0000e+00     0.0000e+00  0.0000e+00 
