yF = 1.4491e+01 (std: 2.1780e-02) keV/um
yD = 1.6586e+01 (std: 3.1516e-02) keV/um
y (keV/um)     f(y)(std)                  yf(y)(std)                 d(y)(std)                  yd(y)(std)  
1.0610e-03     0.0000e+00  0.0000e+00     0.0000e+00  0.0000e+00     0.0000e+00  0.0000e+00     0.0000e+00  0.0000e+00 
1.1905e-03     0.0000e+00  0.0000e+00     0.0000e+00  0.0000e+00     0.0000e+00  0.0000e+00     0.0000e+00  0.0000e+00 
1.3357e-03     0.0000e+00  0.0000e+00     0.0000e+00  0.0000e+00     0.0000e+00  0.0000e+00     0.0000e+00  0.0000e+00 
1.4987e-03     0.0000e+00  0.0000e+00     0.0000e+00  0.0000e+00     0.0000e+00  0.0000e+00     0.0000e+00  0.0000e+00 
1.6816e-03     0.0000e+00  0.0000e+00     0.0000e+00  0.0000e+00     0.0000e+00  0.0000e+00     0.0000e+00  0.0000e+00 
1.8868e-03     0.0000e+00  0.0000e+00     0.0000e+00  0.0000e+00     0.0000e+00  0.0000e+00     0.0000e+00  0.0000e+00 
2.1170e-03     0.0000e+00  0.0000e+00     0.0000e+00  0.0000e+00     0.0000e+00  0.0000e+00     0.0000e+00  0.0000e+00 
2.3753e-03     0.0000e+00  0.0000e+00     0.0000e+00  0.0000e+00     0.0000e+00  0.0000e+00     0.0000e+00  0.0000e+00 
2.6651e-03     0.0000e+00  0.0000e+00     0.0000e+00  0.0000e+00     0.0000e+00  0.0000e+00     0.0000e+00  0.0000e+00 
2.9903e-03     0.0000e+00  0.0000e+00     0.0000e+00  0.0000e+00     0.0000e+00  0.0000e+00     0.0000e+00  0.0000e+00 
3.3552e-03     0.0000e+00  0.0000e+00     0.0000e+00  0.0000e+00     0.0000e+00  0.0000e+00     0.0000e+00  0.0000e+00 
3.7646e-03     0.0000e+00  0.0000e+00     0.0000e+00  0.0000e+00     0.0000e+00  0.0000e+00     0.0000e+00  0.0000e+00 
4.2240e-03     2.0602e-03  3.0372e-03     8.7022e-06  1.2829e-05     6.0052e-07  8.8529e-07     2.5366e-09  3.7394e-09 
4.7394e-03     0.0000e+00  0.0000e+00     0.0000e+00  0.0000e+00     0.0000e+00  0.0000e+00     0.0000e+00  0.0000e+00 
5.3176e-03     0.0000e+00  0.0000e+00     0.0000e+00  0.0000e+00     0.0000e+00  0.0000e+00     0.0000e+00  0.0000e+00 
5.9665e-03     0.0000e+00  0.0000e+00     0.0000e+00  0.0000e+00     0.0000e+00  0.0000e+00     0.0000e+00  0.0000e+00 
6.6945e-03     0.0000e+00  0.0000e+00     0.0000e+00  0.0000e+00     0.0000e+00  0.0000e+00     0.0000e+00  0.0000e+00 
7.5114e-03     1.1585e-03  1.2803e-03     8.7022e-06  9.6169e-06     6.0052e-07  6.6364e-07     4.5107e-09  4.9849e-09 
8.4279e-03     0.0000e+00  0.0000e+00     0.0000e+00  0.0000e+00     0.0000e+00  0.0000e+00     0.0000e+00  0.0000e+00 
9.4563e-03     0.0000e+00  0.0000e+00     0.0000e+00  0.0000e+00     0.0000e+00  0.0000e+00     0.0000e+00  0.0000e+00 
1.0610e-02     0.0000e+00  0.0000e+00     0.0000e+00  0.0000e+00     0.0000e+00  0.0000e+00     0.0000e+00  0.0000e+00 
1.1905e-02     7.3098e-04  2.4240e-04     8.7022e-06  2.8857e-06     6.0052e-07  1.9913e-07     7.1490e-09  2.3706e-09 
1.3357e-02     0.0000e+00  0.0000e+00     0.0000e+00  0.0000e+00     0.0000e+00  0.0000e+00     0.0000e+00  0.0000e+00 
1.4987e-02     5.8064e-04  3.6434e-04     8.7022e-06  5.4605e-06     6.0052e-07  3.7681e-07     9.0000e-09  5.6474e-09 
1.6816e-02     0.0000e+00  0.0000e+00     0.0000e+00  0.0000e+00     0.0000e+00  0.0000e+00     0.0000e+00  0.0000e+00 
1.8868e-02     9.2244e-04  4.1769e-04     1.7404e-05  7.8809e-06     1.2010e-06  5.4385e-07     2.2661e-08  1.0261e-08 
2.1170e-02     0.0000e+00  0.0000e+00     0.0000e+00  0.0000e+00     0.0000e+00  0.0000e+00     0.0000e+00  0.0000e+00 
2.3753e-02     0.0000e+00  0.0000e+00     0.0000e+00  0.0000e+00     0.0000e+00  0.0000e+00     0.0000e+00  0.0000e+00 
2.6651e-02     3.2652e-04  2.1847e-04     8.7022e-06  5.8225e-06     6.0052e-07  4.0180e-07     1.6005e-08  1.0709e-08 
2.9903e-02     2.9101e-04  2.2704e-04     8.7022e-06  6.7891e-06     6.0052e-07  4.6850e-07     1.7957e-08  1.4010e-08 
3.3552e-02     1.0375e-03  9.6574e-04     3.4809e-05  3.2403e-05     2.4021e-06  2.2360e-06     8.0594e-08  7.5024e-08 
3.7646e-02     0.0000e+00  0.0000e+00     0.0000e+00  0.0000e+00     0.0000e+00  0.0000e+00     0.0000e+00  0.0000e+00 
4.2240e-02     2.0602e-04  1.4810e-04     8.7022e-06  6.2555e-06     6.0052e-07  4.3168e-07     2.5366e-08  1.8234e-08 
4.7394e-02     3.6723e-04  4.8003e-04     1.7404e-05  2.2750e-05     1.2010e-06  1.5700e-06     5.6921e-08  7.4406e-08 
5.3176e-02     9.8188e-04  5.6269e-04     5.2213e-05  2.9922e-05     3.6031e-06  2.0649e-06     1.9160e-07  1.0980e-07 
5.9665e-02     8.7510e-04  1.6967e-03     5.2213e-05  1.0123e-04     3.6031e-06  6.9857e-06     2.1498e-07  4.1680e-07 
6.6945e-02     5.1996e-04  1.8824e-04     3.4809e-05  1.2602e-05     2.4021e-06  8.6962e-07     1.6081e-07  5.8217e-08 
7.5114e-02     4.6341e-04  1.9479e-04     3.4809e-05  1.4631e-05     2.4021e-06  1.0097e-06     1.8043e-07  7.5841e-08 
8.4279e-02     5.1627e-04  1.9206e-04     4.3511e-05  1.6187e-05     3.0026e-06  1.1170e-06     2.5305e-07  9.4141e-08 
9.4563e-02     4.6013e-04  3.3008e-04     4.3511e-05  3.1213e-05     3.0026e-06  2.1540e-06     2.8393e-07  2.0368e-07 
1.0610e-01     8.2018e-04  1.1148e-03     8.7022e-05  1.1828e-04     6.0052e-06  8.1625e-06     6.3715e-07  8.6605e-07 
1.1905e-01     3.6549e-04  1.5857e-04     4.3511e-05  1.8878e-05     3.0026e-06  1.3027e-06     3.5745e-07  1.5508e-07 
1.3357e-01     5.2119e-04  1.7411e-04     6.9617e-05  2.3256e-05     4.8041e-06  1.6049e-06     6.4170e-07  2.1437e-07 
1.4987e-01     4.0645e-04  1.4211e-04     6.0915e-05  2.1299e-05     4.2036e-06  1.4698e-06     6.3000e-07  2.2028e-07 
1.6816e-01     1.1902e-03  2.9298e-04     2.0015e-04  4.9268e-05     1.3812e-05  3.3999e-06     2.3226e-06  5.7173e-07 
1.8868e-01     8.7632e-04  3.7619e-04     1.6534e-04  7.0979e-05     1.1410e-05  4.8982e-06     2.1528e-06  9.2417e-07 
2.1170e-01     9.8655e-04  2.5619e-04     2.0885e-04  5.4236e-05     1.4412e-05  3.7428e-06     3.0511e-06  7.9234e-07 
2.3753e-01     8.4263e-04  2.1844e-04     2.0015e-04  5.1887e-05     1.3812e-05  3.5807e-06     3.2807e-06  8.5052e-07 
2.6651e-01     8.4895e-04  4.4823e-04     2.2626e-04  1.1946e-04     1.5613e-05  8.2436e-06     4.1612e-06  2.1970e-06 
2.9903e-01     1.0767e-03  2.4933e-04     3.2198e-04  7.4558e-05     2.2219e-05  5.1452e-06     6.6443e-06  1.5386e-06 
3.3552e-01     1.5821e-03  2.8441e-04     5.3083e-04  9.5427e-05     3.6632e-05  6.5854e-06     1.2291e-05  2.2095e-06 
3.7646e-01     1.5950e-03  2.3734e-04     6.0045e-04  8.9351e-05     4.1436e-05  6.1662e-06     1.5599e-05  2.3213e-06 
4.2240e-01     1.8542e-03  3.6137e-04     7.8319e-04  1.5264e-04     5.4047e-05  1.0534e-05     2.2829e-05  4.4494e-06 
4.7394e-01     2.2768e-03  2.0389e-04     1.0791e-03  9.6631e-05     7.4464e-05  6.6693e-06     3.5291e-05  3.1608e-06 
5.3176e-01     2.2747e-03  4.3482e-04     1.2096e-03  2.3122e-04     8.3472e-05  1.5957e-05     4.4387e-05  8.4852e-06 
5.9665e-01     2.6545e-03  5.9550e-04     1.5838e-03  3.5530e-04     1.0929e-04  2.4519e-05     6.5210e-05  1.4629e-05 
6.6945e-01     2.9898e-03  3.3253e-04     2.0015e-03  2.2261e-04     1.3812e-04  1.5363e-05     9.2464e-05  1.0285e-05 
7.5114e-01     3.3366e-03  6.0613e-04     2.5062e-03  4.5529e-04     1.7295e-04  3.1419e-05     1.2991e-04  2.3600e-05 
8.4279e-01     3.8411e-03  1.8658e-04     3.2372e-03  1.5725e-04     2.2339e-04  1.0857e-05     1.8827e-04  9.1499e-06 
9.4563e-01     4.5369e-03  2.2844e-04     4.2902e-03  2.1602e-04     2.9606e-04  1.4913e-05     2.7996e-04  1.4103e-05 
1.0610e+00     4.5930e-03  3.0383e-04     4.8732e-03  3.2237e-04     3.3629e-04  2.2252e-05     3.5681e-04  2.3609e-05 
1.1905e+00     6.1037e-03  3.0847e-04     7.2663e-03  3.6723e-04     5.0143e-04  2.5353e-05     5.9694e-04  3.0182e-05 
1.3357e+00     6.5475e-03  3.8830e-04     8.7457e-03  5.1866e-04     6.0352e-04  3.5803e-05     8.0614e-04  4.7824e-05 
1.4987e+00     6.7587e-03  4.5365e-04     1.0129e-02  6.7989e-04     6.9900e-04  4.6929e-05     1.0476e-03  7.0334e-05 
1.6816e+00     7.8142e-03  1.3674e-04     1.3140e-02  2.2993e-04     9.0678e-04  1.5926e-05     1.5248e-03  2.6780e-05 
1.8868e+00     8.5280e-03  3.1200e-04     1.6090e-02  5.8867e-04     1.1104e-03  4.0657e-05     2.0950e-03  7.6711e-05 
2.1170e+00     9.6764e-03  4.5849e-04     2.0485e-02  9.7062e-04     1.4136e-03  6.7014e-05     2.9926e-03  1.4187e-04 
2.3753e+00     1.0496e-02  3.7134e-04     2.4932e-02  8.8206e-04     1.7205e-03  6.0924e-05     4.0867e-03  1.4471e-04 
2.6651e+00     1.1696e-02  2.0705e-04     3.1171e-02  5.5181e-04     2.1511e-03  3.8216e-05     5.7328e-03  1.0185e-04 
2.9903e+00     1.3436e-02  2.1900e-04     4.0178e-02  6.5489e-04     2.7726e-03  4.5384e-05     8.2910e-03  1.3571e-04 
3.3552e+00     1.4335e-02  2.4258e-04     4.8097e-02  8.1390e-04     3.3191e-03  5.6387e-05     1.1136e-02  1.8919e-04 
3.7646e+00     1.6382e-02  2.1924e-04     6.1672e-02  8.2535e-04     4.2559e-03  5.7313e-05     1.6022e-02  2.1576e-04 
4.2240e+00     1.8255e-02  2.0344e-04     7.7110e-02  8.5932e-04     5.3212e-03  5.9837e-05     2.2476e-02  2.5275e-04 
4.7394e+00     2.0387e-02  2.1628e-04     9.6620e-02  1.0250e-03     6.6675e-03  7.1443e-05     3.1600e-02  3.3859e-04 
5.3176e+00     2.2377e-02  2.6618e-04     1.1899e-01  1.4155e-03     8.2115e-03  9.8454e-05     4.3666e-02  5.2354e-04 
5.9665e+00     2.5108e-02  2.2488e-04     1.4981e-01  1.3417e-03     1.0338e-02  9.3884e-05     6.1681e-02  5.6016e-04 
6.6945e+00     2.8488e-02  5.6417e-04     1.9072e-01  3.7768e-03     1.3161e-02  2.6138e-04     8.8106e-02  1.7498e-03 
7.5114e+00     3.1860e-02  2.8108e-04     2.3931e-01  2.1113e-03     1.6514e-02  1.4780e-04     1.2404e-01  1.1102e-03 
8.4279e+00     3.5967e-02  3.1777e-04     3.0312e-01  2.6781e-03     2.0918e-02  1.8747e-04     1.7629e-01  1.5800e-03 
9.4563e+00     4.1324e-02  4.2112e-04     3.9077e-01  3.9822e-03     2.6966e-02  2.7777e-04     2.5500e-01  2.6267e-03 
1.0610e+01     4.6950e-02  2.8266e-04     4.9815e-01  2.9991e-03     3.4376e-02  2.1331e-04     3.6473e-01  2.2633e-03 
1.1905e+01     5.4364e-02  2.6043e-04     6.4719e-01  3.1003e-03     4.4661e-02  2.2423e-04     5.3168e-01  2.6694e-03 
1.3357e+01     6.2718e-02  2.0218e-04     8.3775e-01  2.7005e-03     5.7811e-02  2.0562e-04     7.7220e-01  2.7465e-03 
1.4987e+01     7.2954e-02  2.2465e-04     1.0934e+00  3.3669e-03     7.5451e-02  2.5854e-04     1.1308e+00  3.8748e-03 
1.6816e+01     7.7079e-02  1.9411e-04     1.2962e+00  3.2641e-03     8.9445e-02  2.6231e-04     1.5041e+00  4.4110e-03 
1.8868e+01     6.1815e-02  1.2353e-04     1.1663e+00  2.3307e-03     8.0485e-02  2.0125e-04     1.5186e+00  3.7971e-03 
2.1170e+01     3.5526e-02  2.8366e-04     7.5208e-01  6.0050e-03     5.1900e-02  4.2167e-04     1.0987e+00  8.9268e-03 
2.3753e+01     1.5284e-02  1.0828e-04     3.6304e-01  2.5720e-03     2.5052e-02  1.8144e-04     5.9507e-01  4.3098e-03 
2.6651e+01     4.8142e-03  4.8404e-05     1.2830e-01  1.2900e-03     8.8540e-03  9.0012e-05     2.3597e-01  2.3989e-03 
2.9903e+01     1.1076e-03  1.5080e-05     3.3120e-02  4.5095e-04     2.2856e-03  3.1308e-05     6.8346e-02  9.3621e-04 
3.3552e+01     1.8467e-04  1.7109e-05     6.1959e-03  5.7404e-04     4.2757e-04  3.9618e-05     1.4346e-02  1.3293e-03 
3.7646e+01     1.7337e-05  2.6589e-06     6.5266e-04  1.0010e-04     4.5039e-05  6.9078e-06     1.6955e-03  2.6005e-04 
4.2240e+01     1.4421e-06  4.8511e-07     6.0915e-05  2.0491e-05     4.2036e-06  1.4140e-06     1.7756e-04  5.9728e-05 
4.7394e+01     1.8361e-07  6.3594e-08     8.7022e-06  3.0139e-06     6.0052e-07  2.0799e-07     2.8461e-05  9.8573e-06 
5.3176e+01     1.6365e-07  1.2469e-07     8.7022e-06  6.6308e-06     6.0052e-07  4.5758e-07     3.1933e-05  2.4332e-05 
5.9665e+01     1.4585e-07  1.0484e-07     8.7022e-06  6.2555e-06     6.0052e-07  4.3168e-07     3.5830e-05  2.5756e-05 
6.6945e+01     2.5998e-07  7.3355e-08     1.7404e-05  4.9108e-06     1.2010e-06  3.3889e-07     8.0403e-05  2.2687e-05 
7.5114e+01     0.0000e+00  0.0000e+00     0.0000e+00  0.0000e+00     0.0000e+00  0.0000e+00     0.0000e+00  0.0000e+00 
8.4279e+01     0.0000e+00  0.0000e+00     0.0000e+00  0.0000e+00     0.0000e+00  0.0000e+00     0.0000e+00  0.0000e+00 
9.4563e+01     9.2025e-08  6.2707e-07     8.7022e-06  5.9297e-05     6.0052e-07  4.0920e-06     5.6786e-05  3.8695e-04 
1.0610e+02     0.0000e+00  0.0000e+00     0.0000e+00  0.0000e+00     0.0000e+00  0.0000e+00     0.0000e+00  0.0000e+00 
1.1905e+02     0.0000e+00  0.0000e+00     0.0000e+00  0.0000e+00     0.0000e+00  0.0000e+00     0.0000e+00  0.0000e+00 
1.3357e+02     6.5149e-08  1.5477e-07     8.7022e-06  2.0674e-05     6.0052e-07  1.4266e-06     8.0213e-05  1.9056e-04 
1.4987e+02     0.0000e+00  0.0000e+00     0.0000e+00  0.0000e+00     0.0000e+00  0.0000e+00     0.0000e+00  0.0000e+00 
1.6816e+02     0.0000e+00  0.0000e+00     0.0000e+00  0.0000e+00     0.0000e+00  0.0000e+00     0.0000e+00  0.0000e+00 
1.8868e+02     0.0000e+00  0.0000e+00     0.0000e+00  0.0000e+00     0.0000e+00  0.0000e+00     0.0000e+00  0.0000e+00 
2.1170e+02     0.0000e+00  0.0000e+00     0.0000e+00  0.0000e+00     0.0000e+00  0.0000e+00     0.0000e+00  0.0000e+00 
2.3753e+02     0.0000e+00  0.0000e+00     0.0000e+00  0.0000e+00     0.0000e+00  0.0000e+00     0.0000e+00  0.0000e+00 
2.6651e+02     6.5304e-08  3.4121e-08     1.7404e-05  9.0937e-06     1.2010e-06  6.2754e-07     3.2009e-04  1.6725e-04 
2.9903e+02     0.0000e+00  0.0000e+00     0.0000e+00  0.0000e+00     0.0000e+00  0.0000e+00     0.0000e+00  0.0000e+00 
3.3552e+02     0.0000e+00  0.0000e+00     0.0000e+00  0.0000e+00     0.0000e+00  0.0000e+00     0.0000e+00  0.0000e+00 
3.7646e+02     0.0000e+00  0.0000e+00     0.0000e+00  0.0000e+00     0.0000e+00  0.0000e+00     0.0000e+00  0.0000e+00 
4.2240e+02     0.0000e+00  0.0000e+00     0.0000e+00  0.0000e+00     0.0000e+00  0.0000e+00     0.0000e+00  0.0000e+00 
4.7394e+02     0.0000e+00  0.0000e+00     0.0000e+00  0.0000e+00     0.0000e+00  0.0000e+00     0.0000e+00  0.0000e+00 
5.3176e+02     0.0000e+00  0.0000e+00     0.0000e+00  0.0000e+00     0.0000e+00  0.0000e+00     0.0000e+00  0.0000e+00 
5.9665e+02     0.0000e+00  0.0000e+00     0.0000e+00  0.0000e+00     0.0000e+00  0.0000e+00     0.0000e+00  0.0000e+00 
6.6945e+02     0.0000e+00  0.0000e+00     0.0000e+00  0.0000e+00     0.0000e+00  0.0000e+00     0.0000e+00  0.0000e+00 
7.5114e+02     0.0000e+00  0.0000e+00     0.0000e+00  0.0000e+00     0.0000e+00  0.0000e+00     0.0000e+00  0.0000e+00 
8.4279e+02     0.0000e+00  0.0000e+00     0.0000e+00  0.0000e+00     0.0000e+00  0.0000e+00     0.0000e+00  0.0000e+00 
9.4563e+02     0.0000e+00  0.0000e+00     0.0000e+00  0.0000e+00     0.0000e+00  0.0000e+00     0.0000e+00  0.0000e+00 
1.0610e+03     0.0000e+00  0.0000e+00     0.0000e+00  0.0000e+00     0.0000e+00  0.0000e+00     0.0000e+00  0.0000e+00 
1.1905e+03     0.0000e+00  0.0000e+00     0.0000e+00  0.0000e+00     0.0000e+00  0.0000e+00     0.0000e+00  0.0000e+00 
1.3357e+03     0.0000e+00  0.0000e+00     0.0000e+00  0.0000e+00     0.0000e+00  0.0000e+00     0.0000e+00  0.0000e+00 
1.4987e+03     0.0000e+00  0.0000e+00     0.0000e+00  0.0000e+00     0.0000e+00  0.0000e+00     0.0000e+00  0.0000e+00 
1.6816e+03     0.0000e+00  0.0000e+00     0.0000e+00  0.0000e+00     0.0000e+00  0.0000e+00     0.0000e+00  0.0000e+00 
1.8868e+03     0.0000e+00  0.0000e+00     0.0000e+00  0.0000e+00     0.0000e+00  0.0000e+00     0.0000e+00  0.0000e+00 
2.1170e+03     0.0000e+00  0.0000e+00     0.0000e+00  0.0000e+00     0.0000e+00  0.0000e+00     0.0000e+00  0.0000e+00 
2.3753e+03     0.0000e+00  0.0000e+00     0.0000e+00  0.0000e+00     0.0000e+00  0.0000e+00     0.0000e+00  0.0000e+00 
2.6651e+03     0.0000e+00  0.0000e+00     0.0000e+00  0.0000e+00     0.0000e+00  0.0000e+00     0.0000e+00  0.0000e+00 
2.9903e+03     0.0000e+00  0.0000e+00     0.0000e+00  0.0000e+00     0.0000e+00  0.0000e+00     0.0000e+00  0.0000e+00 
3.3552e+03     0.0000e+00  0.0000e+00     0.0000e+00  0.0000e+00     0.0000e+00  0.0000e+00     0.0000e+00  0.0000e+00 
3.7646e+03     0.0000e+00  0.0000e+00     0.0000e+00  0.0000e+00     0.0000e+00  0.0000e+00     0.0000e+00  0.0000e+00 
4.2240e+03     0.0000e+00  0.0000e+00     0.0000e+00  0.0000e+00     0.0000e+00  0.0000e+00     0.0000e+00  0.0000e+00 
4.7394e+03     0.0000e+00  0.0000e+00     0.0000e+00  0.0000e+00     0.0000e+00  0.0000e+00     0.0000e+00  0.0000e+00 
5.3176e+03     0.0000e+00  0.0000e+00     0.0000e+00  0.0000e+00     0.0000e+00  0.0000e+00     0.0000e+00  0.0000e+00 
5.9665e+03     0.0000e+00  0.0000e+00     0.0000e+00  0.0000e+00     0.0000e+00  0.0000e+00     0.0000e+00  0.0000e+00 
6.6945e+03     0.0000e+00  0.0000e+00     0.0000e+00  0.0000e+00     0.0000e+00  0.0000e+00     0.0000e+00  0.0000e+00 
7.5114e+03     0.0000e+00  0.0000e+00     0.0000e+00  0.0000e+00     0.0000e+00  0.0000e+00     0.0000e+00  0.0000e+00 
8.4279e+03     0.0000e+00  0.0000e+00     0.0000e+00  0.0000e+00     0.0000e+00  0.0000e+00     0.0000e+00  0.0000e+00 
9.4563e+03     0.0000e+00  0.0000e+00     0.0000e+00  0.0000e+00     0.0000e+00  0.0000e+00     0.0000e+00  0.0000e+00 
