yF = 1.0716e+01 (std: 1.8367e-02) keV/um
yD = 1.2502e+01 (std: 6.2265e-02) keV/um
y (keV/um)     f(y)(std)                  yf(y)(std)                 d(y)(std)                  yd(y)(std)  
1.0610e-03     0.0000e+00  0.0000e+00     0.0000e+00  0.0000e+00     0.0000e+00  0.0000e+00     0.0000e+00  0.0000e+00 
1.1905e-03     0.0000e+00  0.0000e+00     0.0000e+00  0.0000e+00     0.0000e+00  0.0000e+00     0.0000e+00  0.0000e+00 
1.3357e-03     0.0000e+00  0.0000e+00     0.0000e+00  0.0000e+00     0.0000e+00  0.0000e+00     0.0000e+00  0.0000e+00 
1.4987e-03     0.0000e+00  0.0000e+00     0.0000e+00  0.0000e+00     0.0000e+00  0.0000e+00     0.0000e+00  0.0000e+00 
1.6816e-03     0.0000e+00  0.0000e+00     0.0000e+00  0.0000e+00     0.0000e+00  0.0000e+00     0.0000e+00  0.0000e+00 
1.8868e-03     0.0000e+00  0.0000e+00     0.0000e+00  0.0000e+00     0.0000e+00  0.0000e+00     0.0000e+00  0.0000e+00 
2.1170e-03     4.1109e-03  2.8013e-02     8.7027e-06  5.9303e-05     8.1209e-07  5.5339e-06     1.7192e-09  1.1715e-08 
2.3753e-03     0.0000e+00  0.0000e+00     0.0000e+00  0.0000e+00     0.0000e+00  0.0000e+00     0.0000e+00  0.0000e+00 
2.6651e-03     0.0000e+00  0.0000e+00     0.0000e+00  0.0000e+00     0.0000e+00  0.0000e+00     0.0000e+00  0.0000e+00 
2.9903e-03     0.0000e+00  0.0000e+00     0.0000e+00  0.0000e+00     0.0000e+00  0.0000e+00     0.0000e+00  0.0000e+00 
3.3552e-03     0.0000e+00  0.0000e+00     0.0000e+00  0.0000e+00     0.0000e+00  0.0000e+00     0.0000e+00  0.0000e+00 
3.7646e-03     0.0000e+00  0.0000e+00     0.0000e+00  0.0000e+00     0.0000e+00  0.0000e+00     0.0000e+00  0.0000e+00 
4.2240e-03     0.0000e+00  0.0000e+00     0.0000e+00  0.0000e+00     0.0000e+00  0.0000e+00     0.0000e+00  0.0000e+00 
4.7394e-03     0.0000e+00  0.0000e+00     0.0000e+00  0.0000e+00     0.0000e+00  0.0000e+00     0.0000e+00  0.0000e+00 
5.3176e-03     0.0000e+00  0.0000e+00     0.0000e+00  0.0000e+00     0.0000e+00  0.0000e+00     0.0000e+00  0.0000e+00 
5.9665e-03     0.0000e+00  0.0000e+00     0.0000e+00  0.0000e+00     0.0000e+00  0.0000e+00     0.0000e+00  0.0000e+00 
6.6945e-03     0.0000e+00  0.0000e+00     0.0000e+00  0.0000e+00     0.0000e+00  0.0000e+00     0.0000e+00  0.0000e+00 
7.5114e-03     0.0000e+00  0.0000e+00     0.0000e+00  0.0000e+00     0.0000e+00  0.0000e+00     0.0000e+00  0.0000e+00 
8.4279e-03     0.0000e+00  0.0000e+00     0.0000e+00  0.0000e+00     0.0000e+00  0.0000e+00     0.0000e+00  0.0000e+00 
9.4563e-03     0.0000e+00  0.0000e+00     0.0000e+00  0.0000e+00     0.0000e+00  0.0000e+00     0.0000e+00  0.0000e+00 
1.0610e-02     0.0000e+00  0.0000e+00     0.0000e+00  0.0000e+00     0.0000e+00  0.0000e+00     0.0000e+00  0.0000e+00 
1.1905e-02     0.0000e+00  0.0000e+00     0.0000e+00  0.0000e+00     0.0000e+00  0.0000e+00     0.0000e+00  0.0000e+00 
1.3357e-02     6.5153e-04  6.6951e-04     8.7027e-06  8.9429e-06     8.1209e-07  8.3451e-07     1.0847e-08  1.1147e-08 
1.4987e-02     5.8068e-04  5.9671e-04     8.7027e-06  8.9429e-06     8.1209e-07  8.3451e-07     1.2171e-08  1.2507e-08 
1.6816e-02     5.1753e-04  2.0896e-03     8.7027e-06  3.5139e-05     8.1209e-07  3.2790e-06     1.3656e-08  5.5139e-08 
1.8868e-02     0.0000e+00  0.0000e+00     0.0000e+00  0.0000e+00     0.0000e+00  0.0000e+00     0.0000e+00  0.0000e+00 
2.1170e-02     1.2333e-03  6.1546e-04     2.6108e-05  1.3029e-05     2.4363e-06  1.2158e-06     5.1576e-08  2.5739e-08 
2.3753e-02     7.3277e-04  5.2139e-04     1.7405e-05  1.2385e-05     1.6242e-06  1.1557e-06     3.8579e-08  2.7451e-08 
2.6651e-02     3.2654e-04  2.1309e-04     8.7027e-06  5.6791e-06     8.1209e-07  5.2995e-07     2.1643e-08  1.4124e-08 
2.9903e-02     2.9103e-04  2.4468e-04     8.7027e-06  7.3169e-06     8.1209e-07  6.8278e-07     2.4284e-08  2.0417e-08 
3.3552e-02     5.1876e-04  2.5008e-04     1.7405e-05  8.3907e-06     1.6242e-06  7.8298e-07     5.4495e-08  2.6271e-08 
3.7646e-02     2.3117e-04  7.3093e-05     8.7027e-06  2.7517e-06     8.1209e-07  2.5678e-07     3.0572e-08  9.6666e-09 
4.2240e-02     0.0000e+00  0.0000e+00     0.0000e+00  0.0000e+00     0.0000e+00  0.0000e+00     0.0000e+00  0.0000e+00 
4.7394e-02     1.1018e-03  1.7031e-03     5.2216e-05  8.0714e-05     4.8726e-06  7.5318e-06     2.3093e-07  3.5696e-07 
5.3176e-02     6.5463e-04  3.1765e-04     3.4811e-05  1.6892e-05     3.2484e-06  1.5762e-06     1.7274e-07  8.3819e-08 
5.9665e-02     1.3127e-03  6.8297e-04     7.8324e-05  4.0750e-05     7.3088e-06  3.8026e-06     4.3608e-07  2.2688e-07 
6.6945e-02     9.0998e-04  3.5554e-04     6.0919e-05  2.3802e-05     5.6846e-06  2.2211e-06     3.8056e-07  1.4869e-07 
7.5114e-02     3.4758e-04  1.4900e-04     2.6108e-05  1.1192e-05     2.4363e-06  1.0444e-06     1.8300e-07  7.8450e-08 
8.4279e-02     3.0978e-04  1.2126e-03     2.6108e-05  1.0220e-04     2.4363e-06  9.5367e-06     2.0533e-07  8.0374e-07 
9.4563e-02     7.3625e-04  2.5459e-04     6.9622e-05  2.4075e-05     6.4967e-06  2.2466e-06     6.1435e-07  2.1244e-07 
1.0610e-01     8.2023e-04  4.0470e-04     8.7027e-05  4.2939e-05     8.1209e-06  4.0069e-06     8.6164e-07  4.2513e-07 
1.1905e-01     1.2428e-03  4.6660e-04     1.4795e-04  5.5547e-05     1.3806e-05  5.1834e-06     1.6435e-06  6.1707e-07 
1.3357e-01     1.1076e-03  2.8522e-04     1.4795e-04  3.8098e-05     1.3806e-05  3.5552e-06     1.8441e-06  4.7488e-07 
1.4987e-01     1.4517e-03  6.0102e-04     2.1757e-04  9.0076e-05     2.0302e-05  8.4055e-06     3.0427e-06  1.2597e-06 
1.6816e-01     1.6561e-03  4.9778e-04     2.7849e-04  8.3706e-05     2.5987e-05  7.8112e-06     4.3699e-06  1.3135e-06 
1.8868e-01     1.6144e-03  4.5904e-04     3.0459e-04  8.6610e-05     2.8423e-05  8.0822e-06     5.3628e-06  1.5249e-06 
2.1170e-01     1.4799e-03  3.8790e-04     3.1330e-04  8.2118e-05     2.9235e-05  7.6630e-06     6.1891e-06  1.6223e-06 
2.3753e-01     1.4655e-03  5.8824e-04     3.4811e-04  1.3972e-04     3.2484e-05  1.3038e-05     7.7159e-06  3.0970e-06 
2.6651e-01     1.9919e-03  2.3826e-04     5.3086e-04  6.3499e-05     4.9538e-05  5.9261e-06     1.3202e-05  1.5794e-06 
2.9903e-01     2.3864e-03  2.8913e-04     7.1362e-04  8.6460e-05     6.6592e-05  8.0688e-06     1.9913e-05  2.4128e-06 
3.3552e-01     2.9569e-03  4.0329e-04     9.9211e-04  1.3531e-04     9.2579e-05  1.2628e-05     3.1062e-05  4.2368e-06 
3.7646e-01     3.3289e-03  2.6590e-04     1.2532e-03  1.0010e-04     1.1694e-04  9.3430e-06     4.4024e-05  3.5173e-06 
4.2240e-01     3.5232e-03  6.8943e-04     1.4882e-03  2.9121e-04     1.3887e-04  2.7175e-05     5.8657e-05  1.1479e-05 
4.7394e-01     4.0581e-03  6.0127e-04     1.9233e-03  2.8496e-04     1.7947e-04  2.6593e-05     8.5058e-05  1.2603e-05 
5.3176e-01     5.0243e-03  2.1789e-04     2.6717e-03  1.1587e-04     2.4931e-04  1.0821e-05     1.3258e-04  5.7540e-06 
5.9665e-01     4.4633e-03  3.5714e-04     2.6630e-03  2.1309e-04     2.4850e-04  1.9889e-05     1.4827e-04  1.1867e-05 
6.6945e-01     5.9279e-03  6.7140e-04     3.9684e-03  4.4947e-04     3.7031e-04  4.1947e-05     2.4791e-04  2.8082e-05 
7.5114e-01     7.3456e-03  6.6515e-04     5.5175e-03  4.9962e-04     5.1487e-04  4.6630e-05     3.8674e-04  3.5026e-05 
8.4279e-01     7.3522e-03  4.9801e-04     6.1963e-03  4.1972e-04     5.7821e-04  3.9179e-05     4.8731e-04  3.3019e-05 
9.4563e-01     8.0619e-03  6.0084e-04     7.6236e-03  5.6817e-04     7.1139e-04  5.3033e-05     6.7271e-04  5.0150e-05 
1.0610e+00     9.4490e-03  3.2255e-04     1.0026e-02  3.4223e-04     9.3553e-04  3.1975e-05     9.9261e-04  3.3926e-05 
1.1905e+00     1.0900e-02  4.6880e-04     1.2976e-02  5.5810e-04     1.2108e-03  5.2120e-05     1.4415e-03  6.2048e-05 
1.3357e+00     1.2197e-02  4.6969e-04     1.6291e-02  6.2738e-04     1.5202e-03  5.8602e-05     2.0306e-03  7.8276e-05 
1.4987e+00     1.3460e-02  6.3409e-04     2.0173e-02  9.5032e-04     1.8824e-03  8.8738e-05     2.8212e-03  1.3299e-04 
1.6816e+00     1.4305e-02  4.9522e-04     2.4054e-02  8.3275e-04     2.2446e-03  7.7803e-05     3.7745e-03  1.3083e-04 
1.8868e+00     1.5452e-02  1.9866e-04     2.9154e-02  3.7483e-04     2.7205e-03  3.5287e-05     5.1330e-03  6.6578e-05 
2.1170e+00     1.7558e-02  4.9839e-04     3.7169e-02  1.0551e-03     3.4684e-03  9.8635e-05     7.3427e-03  2.0881e-04 
2.3753e+00     1.9488e-02  4.6174e-04     4.6290e-02  1.0968e-03     4.3195e-03  1.0261e-04     1.0260e-02  2.4374e-04 
2.6651e+00     2.1509e-02  3.9180e-04     5.7325e-02  1.0442e-03     5.3493e-03  9.7869e-05     1.4256e-02  2.6083e-04 
2.9903e+00     2.4429e-02  4.7108e-04     7.3051e-02  1.4087e-03     6.8167e-03  1.3197e-04     2.0384e-02  3.9463e-04 
3.3552e+00     2.6809e-02  4.4703e-04     8.9951e-02  1.4999e-03     8.3938e-03  1.4070e-04     2.8163e-02  4.7208e-04 
3.7646e+00     2.9969e-02  5.2839e-04     1.1282e-01  1.9892e-03     1.0528e-02  1.8650e-04     3.9634e-02  7.0208e-04 
4.2240e+00     3.3451e-02  6.5316e-04     1.4130e-01  2.7589e-03     1.3185e-02  2.5844e-04     5.5693e-02  1.0916e-03 
4.7394e+00     3.7225e-02  8.5092e-04     1.7642e-01  4.0328e-03     1.6463e-02  3.7738e-04     7.8023e-02  1.7885e-03 
5.3176e+00     4.2071e-02  5.1709e-04     2.2372e-01  2.7497e-03     2.0876e-02  2.5907e-04     1.1101e-01  1.3776e-03 
5.9665e+00     4.7782e-02  4.4745e-04     2.8509e-01  2.6697e-03     2.6603e-02  2.5326e-04     1.5873e-01  1.5111e-03 
6.6945e+00     5.4275e-02  2.4467e-04     3.6335e-01  1.6379e-03     3.3906e-02  1.6352e-04     2.2698e-01  1.0947e-03 
7.5114e+00     6.1566e-02  4.4557e-04     4.6244e-01  3.3468e-03     4.3153e-02  3.2095e-04     3.2414e-01  2.4108e-03 
8.4279e+00     7.0517e-02  4.7383e-04     5.9431e-01  3.9934e-03     5.5458e-02  3.8457e-04     4.6739e-01  3.2411e-03 
9.4563e+00     8.1725e-02  4.1873e-04     7.7281e-01  3.9596e-03     7.2115e-02  3.8961e-04     6.8193e-01  3.6843e-03 
1.0610e+01     9.5402e-02  3.5084e-04     1.0122e+00  3.7224e-03     9.4456e-02  3.8323e-04     1.0022e+00  4.0661e-03 
1.1905e+01     1.0289e-01  4.0066e-04     1.2249e+00  4.7697e-03     1.1430e-01  4.8629e-04     1.3607e+00  5.7892e-03 
1.3357e+01     8.7800e-02  4.7014e-04     1.1728e+00  6.2797e-03     1.0944e-01  6.1528e-04     1.4618e+00  8.2185e-03 
1.4987e+01     5.6577e-02  2.5359e-04     8.4793e-01  3.8005e-03     7.9125e-02  3.7969e-04     1.1859e+00  5.6905e-03 
1.6816e+01     2.9507e-02  2.0483e-04     4.9618e-01  3.4443e-03     4.6301e-02  3.3106e-04     7.7860e-01  5.5671e-03 
1.8868e+01     1.2331e-02  9.8111e-05     2.3266e-01  1.8511e-03     2.1710e-02  1.7670e-04     4.0963e-01  3.3339e-03 
2.1170e+01     4.1528e-03  6.9124e-05     8.7915e-02  1.4633e-03     8.2038e-03  1.3727e-04     1.7367e-01  2.9061e-03 
2.3753e+01     1.1296e-03  3.3308e-05     2.6830e-02  7.9116e-04     2.5037e-03  7.3952e-05     5.9470e-02  1.7566e-03 
2.6651e+01     2.3217e-04  1.3474e-05     6.1876e-03  3.5909e-04     5.7740e-04  3.3523e-05     1.5388e-02  8.9343e-04 
2.9903e+01     3.3759e-05  5.9787e-06     1.0095e-03  1.7878e-04     9.4203e-05  1.6684e-05     2.8170e-03  4.9891e-04 
3.3552e+01     5.9657e-06  3.2338e-06     2.0016e-04  1.0850e-04     1.8678e-05  1.0125e-05     6.2669e-04  3.3971e-04 
3.7646e+01     2.3117e-07  2.0560e-07     8.7027e-06  7.7399e-06     8.1209e-07  7.2225e-07     3.0572e-05  2.7190e-05 
4.2240e+01     0.0000e+00  0.0000e+00     0.0000e+00  0.0000e+00     0.0000e+00  0.0000e+00     0.0000e+00  0.0000e+00 
4.7394e+01     0.0000e+00  0.0000e+00     0.0000e+00  0.0000e+00     0.0000e+00  0.0000e+00     0.0000e+00  0.0000e+00 
5.3176e+01     0.0000e+00  0.0000e+00     0.0000e+00  0.0000e+00     0.0000e+00  0.0000e+00     0.0000e+00  0.0000e+00 
5.9665e+01     0.0000e+00  0.0000e+00     0.0000e+00  0.0000e+00     0.0000e+00  0.0000e+00     0.0000e+00  0.0000e+00 
6.6945e+01     0.0000e+00  0.0000e+00     0.0000e+00  0.0000e+00     0.0000e+00  0.0000e+00     0.0000e+00  0.0000e+00 
7.5114e+01     0.0000e+00  0.0000e+00     0.0000e+00  0.0000e+00     0.0000e+00  0.0000e+00     0.0000e+00  0.0000e+00 
8.4279e+01     1.0326e-07  1.9197e-07     8.7027e-06  1.6179e-05     8.1209e-07  1.5098e-06     6.8442e-05  1.2724e-04 
9.4563e+01     9.2031e-08  6.9313e-08     8.7027e-06  6.5544e-06     8.1209e-07  6.1162e-07     7.6794e-05  5.7837e-05 
1.0610e+02     8.2023e-08  2.1603e-07     8.7027e-06  2.2921e-05     8.1209e-07  2.1388e-06     8.6164e-05  2.2693e-04 
1.1905e+02     7.3103e-08  3.6566e-08     8.7027e-06  4.3531e-06     8.1209e-07  4.0621e-07     9.6677e-05  4.8358e-05 
1.3357e+02     0.0000e+00  0.0000e+00     0.0000e+00  0.0000e+00     0.0000e+00  0.0000e+00     0.0000e+00  0.0000e+00 
1.4987e+02     0.0000e+00  0.0000e+00     0.0000e+00  0.0000e+00     0.0000e+00  0.0000e+00     0.0000e+00  0.0000e+00 
1.6816e+02     5.1753e-08  2.4824e-08     8.7027e-06  4.1744e-06     8.1209e-07  3.8954e-07     1.3656e-04  6.5505e-05 
1.8868e+02     0.0000e+00  0.0000e+00     0.0000e+00  0.0000e+00     0.0000e+00  0.0000e+00     0.0000e+00  0.0000e+00 
2.1170e+02     4.1109e-08  2.2544e-08     8.7027e-06  4.7726e-06     8.1209e-07  4.4536e-07     1.7192e-04  9.4282e-05 
2.3753e+02     0.0000e+00  0.0000e+00     0.0000e+00  0.0000e+00     0.0000e+00  0.0000e+00     0.0000e+00  0.0000e+00 
2.6651e+02     0.0000e+00  0.0000e+00     0.0000e+00  0.0000e+00     0.0000e+00  0.0000e+00     0.0000e+00  0.0000e+00 
2.9903e+02     2.9103e-08  1.1998e-08     8.7027e-06  3.5878e-06     8.1209e-07  3.3480e-07     2.4284e-04  1.0011e-04 
3.3552e+02     0.0000e+00  0.0000e+00     0.0000e+00  0.0000e+00     0.0000e+00  0.0000e+00     0.0000e+00  0.0000e+00 
3.7646e+02     0.0000e+00  0.0000e+00     0.0000e+00  0.0000e+00     0.0000e+00  0.0000e+00     0.0000e+00  0.0000e+00 
4.2240e+02     0.0000e+00  0.0000e+00     0.0000e+00  0.0000e+00     0.0000e+00  0.0000e+00     0.0000e+00  0.0000e+00 
4.7394e+02     0.0000e+00  0.0000e+00     0.0000e+00  0.0000e+00     0.0000e+00  0.0000e+00     0.0000e+00  0.0000e+00 
5.3176e+02     0.0000e+00  0.0000e+00     0.0000e+00  0.0000e+00     0.0000e+00  0.0000e+00     0.0000e+00  0.0000e+00 
5.9665e+02     0.0000e+00  0.0000e+00     0.0000e+00  0.0000e+00     0.0000e+00  0.0000e+00     0.0000e+00  0.0000e+00 
6.6945e+02     1.3000e-08  1.3001e-09     8.7027e-06  8.7033e-07     8.1209e-07  8.1227e-08     5.4366e-04  5.4377e-05 
7.5114e+02     0.0000e+00  0.0000e+00     0.0000e+00  0.0000e+00     0.0000e+00  0.0000e+00     0.0000e+00  0.0000e+00 
8.4279e+02     0.0000e+00  0.0000e+00     0.0000e+00  0.0000e+00     0.0000e+00  0.0000e+00     0.0000e+00  0.0000e+00 
9.4563e+02     9.2031e-09  6.2339e-09     8.7027e-06  5.8950e-06     8.1209e-07  5.5009e-07     7.6794e-04  5.2018e-04 
1.0610e+03     0.0000e+00  0.0000e+00     0.0000e+00  0.0000e+00     0.0000e+00  0.0000e+00     0.0000e+00  0.0000e+00 
1.1905e+03     0.0000e+00  0.0000e+00     0.0000e+00  0.0000e+00     0.0000e+00  0.0000e+00     0.0000e+00  0.0000e+00 
1.3357e+03     0.0000e+00  0.0000e+00     0.0000e+00  0.0000e+00     0.0000e+00  0.0000e+00     0.0000e+00  0.0000e+00 
1.4987e+03     0.0000e+00  0.0000e+00     0.0000e+00  0.0000e+00     0.0000e+00  0.0000e+00     0.0000e+00  0.0000e+00 
1.6816e+03     0.0000e+00  0.0000e+00     0.0000e+00  0.0000e+00     0.0000e+00  0.0000e+00     0.0000e+00  0.0000e+00 
1.8868e+03     0.0000e+00  0.0000e+00     0.0000e+00  0.0000e+00     0.0000e+00  0.0000e+00     0.0000e+00  0.0000e+00 
2.1170e+03     0.0000e+00  0.0000e+00     0.0000e+00  0.0000e+00     0.0000e+00  0.0000e+00     0.0000e+00  0.0000e+00 
2.3753e+03     0.0000e+00  0.0000e+00     0.0000e+00  0.0000e+00     0.0000e+00  0.0000e+00     0.0000e+00  0.0000e+00 
2.6651e+03     0.0000e+00  0.0000e+00     0.0000e+00  0.0000e+00     0.0000e+00  0.0000e+00     0.0000e+00  0.0000e+00 
2.9903e+03     0.0000e+00  0.0000e+00     0.0000e+00  0.0000e+00     0.0000e+00  0.0000e+00     0.0000e+00  0.0000e+00 
3.3552e+03     0.0000e+00  0.0000e+00     0.0000e+00  0.0000e+00     0.0000e+00  0.0000e+00     0.0000e+00  0.0000e+00 
3.7646e+03     0.0000e+00  0.0000e+00     0.0000e+00  0.0000e+00     0.0000e+00  0.0000e+00     0.0000e+00  0.0000e+00 
4.2240e+03     0.0000e+00  0.0000e+00     0.0000e+00  0.0000e+00     0.0000e+00  0.0000e+00     0.0000e+00  0.0000e+00 
4.7394e+03     0.0000e+00  0.0000e+00     0.0000e+00  0.0000e+00     0.0000e+00  0.0000e+00     0.0000e+00  0.0000e+00 
5.3176e+03     0.0000e+00  0.0000e+00     0.0000e+00  0.0000e+00     0.0000e+00  0.0000e+00     0.0000e+00  0.0000e+00 
5.9665e+03     0.0000e+00  0.0000e+00     0.0000e+00  0.0000e+00     0.0000e+00  0.0000e+00     0.0000e+00  0.0000e+00 
6.6945e+03     0.0000e+00  0.0000e+00     0.0000e+00  0.0000e+00     0.0000e+00  0.0000e+00     0.0000e+00  0.0000e+00 
7.5114e+03     0.0000e+00  0.0000e+00     0.0000e+00  0.0000e+00     0.0000e+00  0.0000e+00     0.0000e+00  0.0000e+00 
8.4279e+03     0.0000e+00  0.0000e+00     0.0000e+00  0.0000e+00     0.0000e+00  0.0000e+00     0.0000e+00  0.0000e+00 
9.4563e+03     0.0000e+00  0.0000e+00     0.0000e+00  0.0000e+00     0.0000e+00  0.0000e+00     0.0000e+00  0.0000e+00 
