yF = 1.1355e+01 (std: 2.4526e-02) keV/um
yD = 1.3155e+01 (std: 6.9075e-02) keV/um
y (keV/um)     f(y)(std)                  yf(y)(std)                 d(y)(std)                  yd(y)(std)  
1.0610e-03     0.0000e+00  0.0000e+00     0.0000e+00  0.0000e+00     0.0000e+00  0.0000e+00     0.0000e+00  0.0000e+00 
1.1905e-03     0.0000e+00  0.0000e+00     0.0000e+00  0.0000e+00     0.0000e+00  0.0000e+00     0.0000e+00  0.0000e+00 
1.3357e-03     0.0000e+00  0.0000e+00     0.0000e+00  0.0000e+00     0.0000e+00  0.0000e+00     0.0000e+00  0.0000e+00 
1.4987e-03     0.0000e+00  0.0000e+00     0.0000e+00  0.0000e+00     0.0000e+00  0.0000e+00     0.0000e+00  0.0000e+00 
1.6816e-03     0.0000e+00  0.0000e+00     0.0000e+00  0.0000e+00     0.0000e+00  0.0000e+00     0.0000e+00  0.0000e+00 
1.8868e-03     0.0000e+00  0.0000e+00     0.0000e+00  0.0000e+00     0.0000e+00  0.0000e+00     0.0000e+00  0.0000e+00 
2.1170e-03     0.0000e+00  0.0000e+00     0.0000e+00  0.0000e+00     0.0000e+00  0.0000e+00     0.0000e+00  0.0000e+00 
2.3753e-03     0.0000e+00  0.0000e+00     0.0000e+00  0.0000e+00     0.0000e+00  0.0000e+00     0.0000e+00  0.0000e+00 
2.6651e-03     0.0000e+00  0.0000e+00     0.0000e+00  0.0000e+00     0.0000e+00  0.0000e+00     0.0000e+00  0.0000e+00 
2.9903e-03     0.0000e+00  0.0000e+00     0.0000e+00  0.0000e+00     0.0000e+00  0.0000e+00     0.0000e+00  0.0000e+00 
3.3552e-03     0.0000e+00  0.0000e+00     0.0000e+00  0.0000e+00     0.0000e+00  0.0000e+00     0.0000e+00  0.0000e+00 
3.7646e-03     0.0000e+00  0.0000e+00     0.0000e+00  0.0000e+00     0.0000e+00  0.0000e+00     0.0000e+00  0.0000e+00 
4.2240e-03     0.0000e+00  0.0000e+00     0.0000e+00  0.0000e+00     0.0000e+00  0.0000e+00     0.0000e+00  0.0000e+00 
4.7394e-03     0.0000e+00  0.0000e+00     0.0000e+00  0.0000e+00     0.0000e+00  0.0000e+00     0.0000e+00  0.0000e+00 
5.3176e-03     0.0000e+00  0.0000e+00     0.0000e+00  0.0000e+00     0.0000e+00  0.0000e+00     0.0000e+00  0.0000e+00 
5.9665e-03     0.0000e+00  0.0000e+00     0.0000e+00  0.0000e+00     0.0000e+00  0.0000e+00     0.0000e+00  0.0000e+00 
6.6945e-03     0.0000e+00  0.0000e+00     0.0000e+00  0.0000e+00     0.0000e+00  0.0000e+00     0.0000e+00  0.0000e+00 
7.5114e-03     0.0000e+00  0.0000e+00     0.0000e+00  0.0000e+00     0.0000e+00  0.0000e+00     0.0000e+00  0.0000e+00 
8.4279e-03     0.0000e+00  0.0000e+00     0.0000e+00  0.0000e+00     0.0000e+00  0.0000e+00     0.0000e+00  0.0000e+00 
9.4563e-03     0.0000e+00  0.0000e+00     0.0000e+00  0.0000e+00     0.0000e+00  0.0000e+00     0.0000e+00  0.0000e+00 
1.0610e-02     0.0000e+00  0.0000e+00     0.0000e+00  0.0000e+00     0.0000e+00  0.0000e+00     0.0000e+00  0.0000e+00 
1.1905e-02     7.3102e-04  5.5704e-04     8.7026e-06  6.6314e-06     7.6638e-07  5.8399e-07     9.1236e-09  6.9523e-09 
1.3357e-02     0.0000e+00  0.0000e+00     0.0000e+00  0.0000e+00     0.0000e+00  0.0000e+00     0.0000e+00  0.0000e+00 
1.4987e-02     0.0000e+00  0.0000e+00     0.0000e+00  0.0000e+00     0.0000e+00  0.0000e+00     0.0000e+00  0.0000e+00 
1.6816e-02     5.1752e-04  3.3342e-04     8.7026e-06  5.6068e-06     7.6638e-07  4.9376e-07     1.2887e-08  8.3029e-09 
1.8868e-02     0.0000e+00  0.0000e+00     0.0000e+00  0.0000e+00     0.0000e+00  0.0000e+00     0.0000e+00  0.0000e+00 
2.1170e-02     4.1108e-04  3.6561e-04     8.7026e-06  7.7399e-06     7.6638e-07  6.8161e-07     1.6224e-08  1.4430e-08 
2.3753e-02     3.6638e-04  2.4213e-04     8.7026e-06  5.7512e-06     7.6638e-07  5.0648e-07     1.8204e-08  1.2030e-08 
2.6651e-02     0.0000e+00  0.0000e+00     0.0000e+00  0.0000e+00     0.0000e+00  0.0000e+00     0.0000e+00  0.0000e+00 
2.9903e-02     0.0000e+00  0.0000e+00     0.0000e+00  0.0000e+00     0.0000e+00  0.0000e+00     0.0000e+00  0.0000e+00 
3.3552e-02     2.5938e-04  2.6654e-04     8.7026e-06  8.9429e-06     7.6638e-07  7.8755e-07     2.5714e-08  2.6424e-08 
3.7646e-02     6.9351e-04  3.4695e-04     2.6108e-05  1.3061e-05     2.2992e-06  1.1502e-06     8.6554e-08  4.3302e-08 
4.2240e-02     6.1809e-04  3.9452e-04     2.6108e-05  1.6664e-05     2.2992e-06  1.4675e-06     9.7115e-08  6.1988e-08 
4.7394e-02     1.1017e-03  4.2859e-04     5.2216e-05  2.0312e-05     4.5983e-06  1.7888e-06     2.1793e-07  8.4778e-08 
5.3176e-02     8.1828e-04  3.1681e-04     4.3513e-05  1.6847e-05     3.8319e-06  1.4836e-06     2.0377e-07  7.8893e-08 
5.9665e-02     2.9172e-04  1.5856e-03     1.7405e-05  9.4608e-05     1.5328e-06  8.3315e-06     9.1452e-08  4.9710e-07 
6.6945e-02     6.4998e-04  2.3235e-04     4.3513e-05  1.5555e-05     3.8319e-06  1.3699e-06     2.5653e-07  9.1705e-08 
7.5114e-02     1.0427e-03  3.9449e-04     7.8323e-05  2.9631e-05     6.8975e-06  2.6095e-06     5.1809e-07  1.9601e-07 
8.4279e-02     7.2282e-04  3.9183e-04     6.0918e-05  3.3023e-05     5.3647e-06  2.9081e-06     4.5213e-07  2.4509e-07 
9.4563e-02     8.2827e-04  3.2512e-04     7.8323e-05  3.0744e-05     6.8975e-06  2.7075e-06     6.5224e-07  2.5603e-07 
1.0610e-01     4.9213e-04  1.6623e-04     5.2216e-05  1.7637e-05     4.5983e-06  1.5532e-06     4.8788e-07  1.6480e-07 
1.1905e-01     9.5033e-04  3.2479e-04     1.1313e-04  3.8665e-05     9.9630e-06  3.4051e-06     1.1861e-06  4.0536e-07 
1.3357e-01     5.2122e-04  1.6509e-04     6.9621e-05  2.2052e-05     6.1311e-06  1.9420e-06     8.1895e-07  2.5940e-07 
1.4987e-01     1.3936e-03  5.3830e-04     2.0886e-04  8.0675e-05     1.8393e-05  7.1047e-06     2.7566e-06  1.0648e-06 
1.6816e-01     1.3973e-03  4.0171e-04     2.3497e-04  6.7551e-05     2.0692e-05  5.9490e-06     3.4796e-06  1.0004e-06 
1.8868e-01     1.0609e-03  2.0315e-04     2.0016e-04  3.8329e-05     1.7627e-05  3.3756e-06     3.3258e-06  6.3690e-07 
2.1170e-01     1.3155e-03  4.8372e-04     2.7848e-04  1.0240e-04     2.4524e-05  9.0181e-06     5.1918e-06  1.9091e-06 
2.3753e-01     2.2349e-03  1.1975e-03     5.3086e-04  2.8445e-04     4.6749e-05  2.5050e-05     1.1104e-05  5.9501e-06 
2.6651e-01     2.2857e-03  5.5225e-04     6.0918e-04  1.4718e-04     5.3647e-05  1.2962e-05     1.4298e-05  3.4545e-06 
2.9903e-01     1.9790e-03  5.3877e-04     5.9178e-04  1.6111e-04     5.2114e-05  1.4188e-05     1.5584e-05  4.2428e-06 
3.3552e-01     2.2825e-03  5.5980e-04     7.6583e-04  1.8782e-04     6.7442e-05  1.6541e-05     2.2628e-05  5.5499e-06 
3.7646e-01     2.4735e-03  4.4611e-04     9.3118e-04  1.6794e-04     8.2003e-05  1.4791e-05     3.0871e-05  5.5682e-06 
4.2240e-01     3.2553e-03  2.9878e-04     1.3750e-03  1.2620e-04     1.2109e-04  1.1117e-05     5.1147e-05  4.6957e-06 
4.7394e-01     3.2501e-03  3.5662e-04     1.5404e-03  1.6902e-04     1.3565e-04  1.4887e-05     6.4289e-05  7.0555e-06 
5.3176e-01     3.7313e-03  7.1245e-04     1.9842e-03  3.7886e-04     1.7474e-04  3.3366e-05     9.2918e-05  1.7743e-05 
5.9665e-01     4.5508e-03  3.1291e-04     2.7152e-03  1.8670e-04     2.3911e-04  1.6449e-05     1.4267e-04  9.8144e-06 
6.6945e-01     5.6418e-03  4.5776e-04     3.7769e-03  3.0645e-04     3.3261e-04  2.6997e-05     2.2267e-04  1.8073e-05 
7.5114e-01     6.3607e-03  4.2496e-04     4.7777e-03  3.1920e-04     4.2074e-04  2.8125e-05     3.1604e-04  2.1126e-05 
8.4279e-01     6.8254e-03  4.7477e-04     5.7524e-03  4.0013e-04     5.0658e-04  3.5254e-05     4.2694e-04  2.9712e-05 
9.4563e-01     7.4728e-03  4.9558e-04     7.0665e-03  4.6863e-04     6.2230e-04  4.1292e-05     5.8847e-04  3.9046e-05 
1.0610e+00     8.1366e-03  4.6514e-04     8.6330e-03  4.9352e-04     7.6025e-04  4.3492e-05     8.0663e-04  4.6146e-05 
1.1905e+00     9.3644e-03  3.3216e-04     1.1148e-02  3.9543e-04     9.8174e-04  3.4887e-05     1.1687e-03  4.1533e-05 
1.3357e+00     1.0190e-02  3.3187e-04     1.3611e-02  4.4329e-04     1.1986e-03  3.9123e-05     1.6010e-03  5.2258e-05 
1.4987e+00     1.1904e-02  2.9749e-04     1.7840e-02  4.4585e-04     1.5711e-03  3.9409e-05     2.3546e-03  5.9063e-05 
1.6816e+00     1.3042e-02  3.4692e-04     2.1931e-02  5.8338e-04     1.9313e-03  5.1544e-05     3.2476e-03  8.6676e-05 
1.8868e+00     1.4197e-02  2.8602e-04     2.6787e-02  5.3965e-04     2.3589e-03  4.7796e-05     4.4508e-03  9.0180e-05 
2.1170e+00     1.5872e-02  5.0386e-04     3.3601e-02  1.0667e-03     2.9590e-03  9.4152e-05     6.2642e-03  1.9932e-04 
2.3753e+00     1.7498e-02  3.6505e-04     4.1564e-02  8.6710e-04     3.6602e-03  7.6768e-05     8.6942e-03  1.8235e-04 
2.6651e+00     1.9243e-02  3.7766e-04     5.1284e-02  1.0065e-03     4.5163e-03  8.9173e-05     1.2037e-02  2.3766e-04 
2.9903e+00     2.1486e-02  3.7696e-04     6.4251e-02  1.1272e-03     5.6582e-03  1.0002e-04     1.6920e-02  2.9909e-04 
3.3552e+00     2.3865e-02  5.2434e-04     8.0073e-02  1.7593e-03     7.0515e-03  1.5567e-04     2.3659e-02  5.2232e-04 
3.7646e+00     2.6406e-02  3.5246e-04     9.9410e-02  1.3269e-03     8.7544e-03  1.1837e-04     3.2957e-02  4.4562e-04 
4.2240e+00     2.9749e-02  4.7999e-04     1.2566e-01  2.0274e-03     1.1066e-02  1.8014e-04     4.6741e-02  7.6089e-04 
4.7394e+00     3.2953e-02  4.2109e-04     1.5618e-01  1.9957e-03     1.3754e-02  1.7824e-04     6.5183e-02  8.4474e-04 
5.3176e+00     3.7398e-02  5.0958e-04     1.9887e-01  2.7098e-03     1.7513e-02  2.4161e-04     9.3130e-02  1.2848e-03 
5.9665e+00     4.2111e-02  4.4124e-04     2.5125e-01  2.6327e-03     2.2126e-02  2.3672e-04     1.3202e-01  1.4124e-03 
6.6945e+00     4.8004e-02  4.4556e-04     3.2136e-01  2.9828e-03     2.8300e-02  2.6970e-04     1.8946e-01  1.8055e-03 
7.5114e+00     5.4286e-02  3.8864e-04     4.0776e-01  2.9192e-03     3.5909e-02  2.6852e-04     2.6973e-01  2.0170e-03 
8.4279e+00     6.1751e-02  3.4108e-04     5.2043e-01  2.8746e-03     4.5831e-02  2.7182e-04     3.8626e-01  2.2908e-03 
9.4563e+00     7.1234e-02  2.2658e-04     6.7361e-01  2.1426e-03     5.9320e-02  2.2807e-04     5.6095e-01  2.1567e-03 
1.0610e+01     8.3055e-02  2.9723e-04     8.8122e-01  3.1536e-03     7.7604e-02  3.2438e-04     8.2339e-01  3.4417e-03 
1.1905e+01     9.5163e-02  5.9472e-04     1.1329e+00  7.0800e-03     9.9767e-02  6.5968e-04     1.1877e+00  7.8533e-03 
1.3357e+01     9.4000e-02  8.6753e-04     1.2556e+00  1.1588e-02     1.1057e-01  1.0480e-03     1.4769e+00  1.3999e-02 
1.4987e+01     6.9646e-02  2.6464e-04     1.0438e+00  3.9661e-03     9.1920e-02  4.0176e-04     1.3776e+00  6.0212e-03 
1.6816e+01     4.0048e-02  2.0389e-04     6.7345e-01  3.4287e-03     5.9307e-02  3.2799e-04     9.9729e-01  5.5154e-03 
1.8868e+01     1.8388e-02  1.2320e-04     3.4694e-01  2.3244e-03     3.0553e-02  2.1507e-04     5.7646e-01  4.0580e-03 
2.1170e+01     6.8248e-03  8.0125e-05     1.4448e-01  1.6962e-03     1.2723e-02  1.5188e-04     2.6936e-01  3.2154e-03 
2.3753e+01     1.8737e-03  3.1881e-05     4.4505e-02  7.5728e-04     3.9193e-03  6.7224e-05     9.3095e-02  1.5968e-03 
2.6651e+01     4.1143e-04  1.5244e-05     1.0965e-02  4.0628e-04     9.6564e-04  3.5839e-05     2.5736e-02  9.5516e-04 
2.9903e+01     6.6936e-05  8.1059e-06     2.0016e-03  2.4239e-04     1.7627e-04  2.1350e-05     5.2710e-03  6.3842e-04 
3.3552e+01     7.5219e-06  1.9073e-06     2.5238e-04  6.3993e-05     2.2225e-05  5.6357e-06     7.4570e-04  1.8909e-04 
3.7646e+01     2.3117e-07  1.0844e-07     8.7026e-06  4.0824e-06     7.6638e-07  3.5951e-07     2.8851e-05  1.3534e-05 
4.2240e+01     0.0000e+00  0.0000e+00     0.0000e+00  0.0000e+00     0.0000e+00  0.0000e+00     0.0000e+00  0.0000e+00 
4.7394e+01     0.0000e+00  0.0000e+00     0.0000e+00  0.0000e+00     0.0000e+00  0.0000e+00     0.0000e+00  0.0000e+00 
5.3176e+01     0.0000e+00  0.0000e+00     0.0000e+00  0.0000e+00     0.0000e+00  0.0000e+00     0.0000e+00  0.0000e+00 
5.9665e+01     1.4586e-07  1.2263e-07     8.7026e-06  7.3169e-06     7.6638e-07  6.4435e-07     4.5726e-05  3.8445e-05 
6.6945e+01     0.0000e+00  0.0000e+00     0.0000e+00  0.0000e+00     0.0000e+00  0.0000e+00     0.0000e+00  0.0000e+00 
7.5114e+01     0.0000e+00  0.0000e+00     0.0000e+00  0.0000e+00     0.0000e+00  0.0000e+00     0.0000e+00  0.0000e+00 
8.4279e+01     0.0000e+00  0.0000e+00     0.0000e+00  0.0000e+00     0.0000e+00  0.0000e+00     0.0000e+00  0.0000e+00 
9.4563e+01     0.0000e+00  0.0000e+00     0.0000e+00  0.0000e+00     0.0000e+00  0.0000e+00     0.0000e+00  0.0000e+00 
1.0610e+02     0.0000e+00  0.0000e+00     0.0000e+00  0.0000e+00     0.0000e+00  0.0000e+00     0.0000e+00  0.0000e+00 
1.1905e+02     0.0000e+00  0.0000e+00     0.0000e+00  0.0000e+00     0.0000e+00  0.0000e+00     0.0000e+00  0.0000e+00 
1.3357e+02     6.5152e-08  3.8083e-08     8.7026e-06  5.0868e-06     7.6638e-07  4.4797e-07     1.0237e-04  5.9836e-05 
1.4987e+02     0.0000e+00  0.0000e+00     0.0000e+00  0.0000e+00     0.0000e+00  0.0000e+00     0.0000e+00  0.0000e+00 
1.6816e+02     5.1752e-08  3.8526e-08     8.7026e-06  6.4785e-06     7.6638e-07  5.7052e-07     1.2887e-04  9.5938e-05 
1.8868e+02     9.2249e-08  5.0482e-08     1.7405e-05  9.5248e-06     1.5328e-06  8.3879e-07     2.8920e-04  1.5826e-04 
2.1170e+02     0.0000e+00  0.0000e+00     0.0000e+00  0.0000e+00     0.0000e+00  0.0000e+00     0.0000e+00  0.0000e+00 
2.3753e+02     0.0000e+00  0.0000e+00     0.0000e+00  0.0000e+00     0.0000e+00  0.0000e+00     0.0000e+00  0.0000e+00 
2.6651e+02     3.2653e-08  2.3201e-08     8.7026e-06  6.1833e-06     7.6638e-07  5.4452e-07     2.0425e-04  1.4512e-04 
2.9903e+02     5.8205e-08  2.9944e-08     1.7405e-05  8.9543e-06     1.5328e-06  7.8856e-07     4.5835e-04  2.3580e-04 
3.3552e+02     2.5938e-08  2.8666e-08     8.7026e-06  9.6179e-06     7.6638e-07  8.4699e-07     2.5714e-04  2.8418e-04 
3.7646e+02     0.0000e+00  0.0000e+00     0.0000e+00  0.0000e+00     0.0000e+00  0.0000e+00     0.0000e+00  0.0000e+00 
4.2240e+02     2.0603e-08  7.9784e-09     8.7026e-06  3.3700e-06     7.6638e-07  2.9678e-07     3.2372e-04  1.2536e-04 
4.7394e+02     0.0000e+00  0.0000e+00     0.0000e+00  0.0000e+00     0.0000e+00  0.0000e+00     0.0000e+00  0.0000e+00 
5.3176e+02     1.6366e-08  3.8882e-08     8.7026e-06  2.0676e-05     7.6638e-07  1.8208e-06     4.0754e-04  9.6823e-04 
5.9665e+02     0.0000e+00  0.0000e+00     0.0000e+00  0.0000e+00     0.0000e+00  0.0000e+00     0.0000e+00  0.0000e+00 
6.6945e+02     0.0000e+00  0.0000e+00     0.0000e+00  0.0000e+00     0.0000e+00  0.0000e+00     0.0000e+00  0.0000e+00 
7.5114e+02     0.0000e+00  0.0000e+00     0.0000e+00  0.0000e+00     0.0000e+00  0.0000e+00     0.0000e+00  0.0000e+00 
8.4279e+02     0.0000e+00  0.0000e+00     0.0000e+00  0.0000e+00     0.0000e+00  0.0000e+00     0.0000e+00  0.0000e+00 
9.4563e+02     0.0000e+00  0.0000e+00     0.0000e+00  0.0000e+00     0.0000e+00  0.0000e+00     0.0000e+00  0.0000e+00 
1.0610e+03     0.0000e+00  0.0000e+00     0.0000e+00  0.0000e+00     0.0000e+00  0.0000e+00     0.0000e+00  0.0000e+00 
1.1905e+03     0.0000e+00  0.0000e+00     0.0000e+00  0.0000e+00     0.0000e+00  0.0000e+00     0.0000e+00  0.0000e+00 
1.3357e+03     0.0000e+00  0.0000e+00     0.0000e+00  0.0000e+00     0.0000e+00  0.0000e+00     0.0000e+00  0.0000e+00 
1.4987e+03     0.0000e+00  0.0000e+00     0.0000e+00  0.0000e+00     0.0000e+00  0.0000e+00     0.0000e+00  0.0000e+00 
1.6816e+03     0.0000e+00  0.0000e+00     0.0000e+00  0.0000e+00     0.0000e+00  0.0000e+00     0.0000e+00  0.0000e+00 
1.8868e+03     0.0000e+00  0.0000e+00     0.0000e+00  0.0000e+00     0.0000e+00  0.0000e+00     0.0000e+00  0.0000e+00 
2.1170e+03     0.0000e+00  0.0000e+00     0.0000e+00  0.0000e+00     0.0000e+00  0.0000e+00     0.0000e+00  0.0000e+00 
2.3753e+03     0.0000e+00  0.0000e+00     0.0000e+00  0.0000e+00     0.0000e+00  0.0000e+00     0.0000e+00  0.0000e+00 
2.6651e+03     0.0000e+00  0.0000e+00     0.0000e+00  0.0000e+00     0.0000e+00  0.0000e+00     0.0000e+00  0.0000e+00 
2.9903e+03     0.0000e+00  0.0000e+00     0.0000e+00  0.0000e+00     0.0000e+00  0.0000e+00     0.0000e+00  0.0000e+00 
3.3552e+03     0.0000e+00  0.0000e+00     0.0000e+00  0.0000e+00     0.0000e+00  0.0000e+00     0.0000e+00  0.0000e+00 
3.7646e+03     0.0000e+00  0.0000e+00     0.0000e+00  0.0000e+00     0.0000e+00  0.0000e+00     0.0000e+00  0.0000e+00 
4.2240e+03     0.0000e+00  0.0000e+00     0.0000e+00  0.0000e+00     0.0000e+00  0.0000e+00     0.0000e+00  0.0000e+00 
4.7394e+03     0.0000e+00  0.0000e+00     0.0000e+00  0.0000e+00     0.0000e+00  0.0000e+00     0.0000e+00  0.0000e+00 
5.3176e+03     0.0000e+00  0.0000e+00     0.0000e+00  0.0000e+00     0.0000e+00  0.0000e+00     0.0000e+00  0.0000e+00 
5.9665e+03     0.0000e+00  0.0000e+00     0.0000e+00  0.0000e+00     0.0000e+00  0.0000e+00     0.0000e+00  0.0000e+00 
6.6945e+03     0.0000e+00  0.0000e+00     0.0000e+00  0.0000e+00     0.0000e+00  0.0000e+00     0.0000e+00  0.0000e+00 
7.5114e+03     0.0000e+00  0.0000e+00     0.0000e+00  0.0000e+00     0.0000e+00  0.0000e+00     0.0000e+00  0.0000e+00 
8.4279e+03     0.0000e+00  0.0000e+00     0.0000e+00  0.0000e+00     0.0000e+00  0.0000e+00     0.0000e+00  0.0000e+00 
9.4563e+03     0.0000e+00  0.0000e+00     0.0000e+00  0.0000e+00     0.0000e+00  0.0000e+00     0.0000e+00  0.0000e+00 
