yF = 8.6966e+00 (std: 1.5814e-02) keV/um
yD = 1.0142e+01 (std: 7.3600e-02) keV/um
y (keV/um)     f(y)(std)                  yf(y)(std)                 d(y)(std)                  yd(y)(std)  
1.0610e-03     0.0000e+00  0.0000e+00     0.0000e+00  0.0000e+00     0.0000e+00  0.0000e+00     0.0000e+00  0.0000e+00 
1.1905e-03     0.0000e+00  0.0000e+00     0.0000e+00  0.0000e+00     0.0000e+00  0.0000e+00     0.0000e+00  0.0000e+00 
1.3357e-03     0.0000e+00  0.0000e+00     0.0000e+00  0.0000e+00     0.0000e+00  0.0000e+00     0.0000e+00  0.0000e+00 
1.4987e-03     0.0000e+00  0.0000e+00     0.0000e+00  0.0000e+00     0.0000e+00  0.0000e+00     0.0000e+00  0.0000e+00 
1.6816e-03     0.0000e+00  0.0000e+00     0.0000e+00  0.0000e+00     0.0000e+00  0.0000e+00     0.0000e+00  0.0000e+00 
1.8868e-03     0.0000e+00  0.0000e+00     0.0000e+00  0.0000e+00     0.0000e+00  0.0000e+00     0.0000e+00  0.0000e+00 
2.1170e-03     0.0000e+00  0.0000e+00     0.0000e+00  0.0000e+00     0.0000e+00  0.0000e+00     0.0000e+00  0.0000e+00 
2.3753e-03     0.0000e+00  0.0000e+00     0.0000e+00  0.0000e+00     0.0000e+00  0.0000e+00     0.0000e+00  0.0000e+00 
2.6651e-03     0.0000e+00  0.0000e+00     0.0000e+00  0.0000e+00     0.0000e+00  0.0000e+00     0.0000e+00  0.0000e+00 
2.9903e-03     0.0000e+00  0.0000e+00     0.0000e+00  0.0000e+00     0.0000e+00  0.0000e+00     0.0000e+00  0.0000e+00 
3.3552e-03     0.0000e+00  0.0000e+00     0.0000e+00  0.0000e+00     0.0000e+00  0.0000e+00     0.0000e+00  0.0000e+00 
3.7646e-03     0.0000e+00  0.0000e+00     0.0000e+00  0.0000e+00     0.0000e+00  0.0000e+00     0.0000e+00  0.0000e+00 
4.2240e-03     0.0000e+00  0.0000e+00     0.0000e+00  0.0000e+00     0.0000e+00  0.0000e+00     0.0000e+00  0.0000e+00 
4.7394e-03     0.0000e+00  0.0000e+00     0.0000e+00  0.0000e+00     0.0000e+00  0.0000e+00     0.0000e+00  0.0000e+00 
5.3176e-03     0.0000e+00  0.0000e+00     0.0000e+00  0.0000e+00     0.0000e+00  0.0000e+00     0.0000e+00  0.0000e+00 
5.9665e-03     0.0000e+00  0.0000e+00     0.0000e+00  0.0000e+00     0.0000e+00  0.0000e+00     0.0000e+00  0.0000e+00 
6.6945e-03     0.0000e+00  0.0000e+00     0.0000e+00  0.0000e+00     0.0000e+00  0.0000e+00     0.0000e+00  0.0000e+00 
7.5114e-03     0.0000e+00  0.0000e+00     0.0000e+00  0.0000e+00     0.0000e+00  0.0000e+00     0.0000e+00  0.0000e+00 
8.4279e-03     0.0000e+00  0.0000e+00     0.0000e+00  0.0000e+00     0.0000e+00  0.0000e+00     0.0000e+00  0.0000e+00 
9.4563e-03     0.0000e+00  0.0000e+00     0.0000e+00  0.0000e+00     0.0000e+00  0.0000e+00     0.0000e+00  0.0000e+00 
1.0610e-02     0.0000e+00  0.0000e+00     0.0000e+00  0.0000e+00     0.0000e+00  0.0000e+00     0.0000e+00  0.0000e+00 
1.1905e-02     1.4621e-03  4.6465e-04     1.7406e-05  5.5315e-06     2.0014e-06  6.3606e-07     2.3826e-08  7.5721e-09 
1.3357e-02     1.9546e-03  3.1811e-03     2.6108e-05  4.2491e-05     3.0021e-06  4.8860e-06     4.0100e-08  6.5263e-08 
1.4987e-02     5.8068e-04  1.0795e-03     8.7028e-06  1.6179e-05     1.0007e-06  1.8604e-06     1.4998e-08  2.7882e-08 
1.6816e-02     1.0351e-03  5.2244e-04     1.7406e-05  8.7853e-06     2.0014e-06  1.0102e-06     3.3655e-08  1.6987e-08 
1.8868e-02     1.3838e-03  6.8726e-04     2.6108e-05  1.2967e-05     3.0021e-06  1.4910e-06     5.6643e-08  2.8133e-08 
2.1170e-02     0.0000e+00  0.0000e+00     0.0000e+00  0.0000e+00     0.0000e+00  0.0000e+00     0.0000e+00  0.0000e+00 
2.3753e-02     7.3277e-04  4.3794e-04     1.7406e-05  1.0402e-05     2.0014e-06  1.1962e-06     4.7540e-08  2.8412e-08 
2.6651e-02     1.3062e-03  8.8812e-04     3.4811e-05  2.3669e-05     4.0028e-06  2.7217e-06     1.0668e-07  7.2537e-08 
2.9903e-02     2.9103e-04  1.7266e-04     8.7028e-06  5.1630e-06     1.0007e-06  5.9369e-07     2.9924e-08  1.7753e-08 
3.3552e-02     2.5938e-04  2.9466e-04     8.7028e-06  9.8866e-06     1.0007e-06  1.1368e-06     3.3576e-08  3.8143e-08 
3.7646e-02     4.6235e-04  2.5460e-04     1.7406e-05  9.5847e-06     2.0014e-06  1.1021e-06     7.5345e-08  4.1491e-08 
4.2240e-02     1.2362e-03  5.3732e-04     5.2217e-05  2.2696e-05     6.0042e-06  2.6098e-06     2.5362e-07  1.1024e-07 
4.7394e-02     1.1018e-03  5.4040e-04     5.2217e-05  2.5612e-05     6.0042e-06  2.9450e-06     2.8456e-07  1.3958e-07 
5.3176e-02     4.9097e-04  2.6479e-04     2.6108e-05  1.4080e-05     3.0021e-06  1.6191e-06     1.5964e-07  8.6097e-08 
5.9665e-02     1.6045e-03  5.9111e-04     9.5730e-05  3.5268e-05     1.1008e-05  4.0555e-06     6.5678e-07  2.4197e-07 
6.6945e-02     1.1700e-03  4.4117e-04     7.8325e-05  2.9534e-05     9.0064e-06  3.3961e-06     6.0293e-07  2.2735e-07 
7.5114e-02     5.7931e-04  4.5040e-04     4.3514e-05  3.3831e-05     5.0035e-06  3.8902e-06     3.7583e-07  2.9221e-07 
8.4279e-02     5.1631e-04  2.0196e-04     4.3514e-05  1.7021e-05     5.0035e-06  1.9572e-06     4.2169e-07  1.6495e-07 
9.4563e-02     1.6566e-03  6.1560e-04     1.5665e-04  5.8213e-05     1.8013e-05  6.6938e-06     1.7033e-06  6.3298e-07 
1.0610e-01     1.0663e-03  2.8803e-04     1.1314e-04  3.0560e-05     1.3009e-05  3.5141e-06     1.3803e-06  3.7285e-07 
1.1905e-01     1.9007e-03  6.1783e-04     2.2627e-04  7.3551e-05     2.6018e-05  8.4575e-06     3.0974e-06  1.0068e-06 
1.3357e-01     1.7591e-03  4.9107e-04     2.3497e-04  6.5594e-05     2.7019e-05  7.5427e-06     3.6090e-06  1.0075e-06 
1.4987e-01     1.6840e-03  9.2363e-04     2.5238e-04  1.3843e-04     2.9020e-05  1.5917e-05     4.3493e-06  2.3856e-06 
1.6816e-01     1.6561e-03  3.9943e-04     2.7849e-04  6.7167e-05     3.2023e-05  7.7236e-06     5.3849e-06  1.2988e-06 
1.8868e-01     2.3985e-03  4.6215e-04     4.5254e-04  8.7198e-05     5.2037e-05  1.0027e-05     9.8181e-06  1.8919e-06 
2.1170e-01     2.3843e-03  6.2681e-04     5.0476e-04  1.3269e-04     5.8041e-05  1.5259e-05     1.2287e-05  3.2302e-06 
2.3753e-01     2.7845e-03  3.7638e-04     6.6141e-04  8.9403e-05     7.6054e-05  1.0281e-05     1.8065e-05  2.4421e-06 
2.6651e-01     3.3307e-03  4.3681e-04     8.8768e-04  1.1642e-04     1.0207e-04  1.3388e-05     2.7204e-05  3.5680e-06 
2.9903e-01     4.0744e-03  5.8347e-04     1.2184e-03  1.7448e-04     1.4010e-04  2.0064e-05     4.1894e-05  5.9999e-06 
3.3552e-01     4.2279e-03  4.7193e-04     1.4185e-03  1.5834e-04     1.6312e-04  1.8210e-05     5.4728e-05  6.1098e-06 
3.7646e-01     5.1320e-03  7.1775e-04     1.9320e-03  2.7020e-04     2.2216e-04  3.1072e-05     8.3633e-05  1.1698e-05 
4.2240e-01     6.2016e-03  6.1159e-04     2.6195e-03  2.5833e-04     3.0121e-04  2.9710e-05     1.2723e-04  1.2549e-05 
4.7394e-01     6.8677e-03  8.6960e-04     3.2548e-03  4.1213e-04     3.7426e-04  4.7395e-05     1.7738e-04  2.2462e-05 
5.3176e-01     7.4301e-03  5.6446e-04     3.9511e-03  3.0016e-04     4.5432e-04  3.4525e-05     2.4159e-04  1.8359e-05 
5.9665e-01     8.5766e-03  6.2245e-04     5.1172e-03  3.7139e-04     5.8842e-04  4.2718e-05     3.5108e-04  2.5488e-05 
6.6945e-01     1.0023e-02  4.4099e-04     6.7098e-03  2.9522e-04     7.7154e-04  3.3976e-05     5.1651e-04  2.2745e-05 
7.5114e-01     1.0543e-02  7.3377e-04     7.9195e-03  5.5116e-04     9.1064e-04  6.3399e-05     6.8402e-04  4.7621e-05 
8.4279e-01     1.1359e-02  5.6246e-04     9.5730e-03  4.7404e-04     1.1008e-03  5.4545e-05     9.2772e-04  4.5970e-05 
9.4563e-01     1.2949e-02  4.6332e-04     1.2245e-02  4.3813e-04     1.4080e-03  5.0444e-05     1.3314e-03  4.7702e-05 
1.0610e+00     1.4092e-02  5.6197e-04     1.4951e-02  5.9625e-04     1.7192e-03  6.8632e-05     1.8241e-03  7.2820e-05 
1.1905e+00     1.6514e-02  4.0681e-04     1.9660e-02  4.8430e-04     2.2606e-03  5.5839e-05     2.6912e-03  6.6475e-05 
1.3357e+00     1.7904e-02  5.4597e-04     2.3915e-02  7.2927e-04     2.7499e-03  8.4006e-05     3.6732e-03  1.1221e-04 
1.4987e+00     1.9987e-02  3.6125e-04     2.9955e-02  5.4140e-04     3.4444e-03  6.2569e-05     5.1622e-03  9.3773e-05 
1.6816e+00     2.1638e-02  4.4405e-04     3.6386e-02  7.4671e-04     4.1840e-03  8.6199e-05     7.0357e-03  1.4495e-04 
1.8868e+00     2.4133e-02  7.4769e-04     4.5533e-02  1.4107e-03     5.2357e-03  1.6249e-04     9.8786e-03  3.0659e-04 
2.1170e+00     2.6939e-02  5.8919e-04     5.7029e-02  1.2473e-03     6.5576e-03  1.4392e-04     1.3882e-02  3.0468e-04 
2.3753e+00     3.0124e-02  5.2059e-04     7.1554e-02  1.2366e-03     8.2278e-03  1.4297e-04     1.9544e-02  3.3961e-04 
2.6651e+00     3.2795e-02  3.1953e-04     8.7402e-02  8.5160e-04     1.0050e-02  9.9614e-05     2.6785e-02  2.6548e-04 
2.9903e+00     3.6868e-02  5.5198e-04     1.1025e-01  1.6506e-03     1.2677e-02  1.9119e-04     3.7908e-02  5.7174e-04 
3.3552e+00     4.1050e-02  6.1936e-04     1.3773e-01  2.0781e-03     1.5837e-02  2.4068e-04     5.3137e-02  8.0753e-04 
3.7646e+00     4.5777e-02  3.7287e-04     1.7233e-01  1.4037e-03     1.9816e-02  1.6538e-04     7.4599e-02  6.2259e-04 
4.2240e+00     5.1848e-02  7.3696e-04     2.1900e-01  3.1129e-03     2.5183e-02  3.6086e-04     1.0637e-01  1.5242e-03 
4.7394e+00     5.7957e-02  2.7819e-04     2.7468e-01  1.3184e-03     3.1584e-02  1.6212e-04     1.4969e-01  7.6833e-04 
5.3176e+00     6.6661e-02  8.2462e-04     3.5448e-01  4.3851e-03     4.0761e-02  5.0964e-04     2.1675e-01  2.7101e-03 
5.9665e+00     7.5125e-02  5.0236e-04     4.4824e-01  2.9973e-03     5.1541e-02  3.5717e-04     3.0752e-01  2.1311e-03 
6.6945e+00     8.5759e-02  2.4344e-04     5.7411e-01  1.6297e-03     6.6016e-02  2.2255e-04     4.4194e-01  1.4899e-03 
7.5114e+00     9.9696e-02  5.4375e-04     7.4885e-01  4.0843e-03     8.6109e-02  4.9506e-04     6.4679e-01  3.7186e-03 
8.4279e+00     1.1551e-01  7.5290e-04     9.7346e-01  6.3454e-03     1.1194e-01  7.5750e-04     9.4338e-01  6.3841e-03 
9.4563e+00     1.2569e-01  6.2488e-04     1.1885e+00  5.9090e-03     1.3667e-01  7.2348e-04     1.2923e+00  6.8415e-03 
1.0610e+01     1.0885e-01  4.2435e-04     1.1549e+00  4.5024e-03     1.3280e-01  5.7128e-04     1.4091e+00  6.0613e-03 
1.1905e+01     7.2258e-02  4.0573e-04     8.6021e-01  4.8301e-03     9.8913e-02  5.8380e-04     1.1775e+00  6.9500e-03 
1.3357e+01     4.0352e-02  2.1677e-04     5.3900e-01  2.8954e-03     6.1978e-02  3.5150e-04     8.2786e-01  4.6950e-03 
1.4987e+01     1.9576e-02  1.7108e-04     2.9339e-01  2.5639e-03     3.3736e-02  3.0114e-04     5.0560e-01  4.5132e-03 
1.6816e+01     7.8323e-03  1.2490e-04     1.3171e-01  2.1003e-03     1.5145e-02  2.4307e-04     2.5467e-01  4.0875e-03 
1.8868e+01     2.6019e-03  4.2513e-05     4.9092e-02  8.0213e-04     5.6450e-03  9.2804e-05     1.0651e-01  1.7510e-03 
2.1170e+01     6.7542e-04  3.1959e-05     1.4299e-02  6.7656e-04     1.6442e-03  7.7854e-05     3.4807e-02  1.6482e-03 
2.3753e+01     1.4692e-04  1.0259e-05     3.4898e-03  2.4368e-04     4.0128e-04  2.8030e-05     9.5317e-03  6.6579e-04 
2.6651e+01     2.8083e-05  4.4664e-06     7.4844e-04  1.1903e-04     8.6061e-05  1.3688e-05     2.2936e-03  3.6481e-04 
2.9903e+01     4.3654e-06  2.1433e-06     1.3054e-04  6.4090e-05     1.5011e-05  7.3696e-06     4.4887e-04  2.2038e-04 
3.3552e+01     2.5938e-07  8.2012e-08     8.7028e-06  2.7517e-06     1.0007e-06  3.1641e-07     3.3576e-05  1.0616e-05 
3.7646e+01     4.6235e-07  2.8967e-07     1.7406e-05  1.0905e-05     2.0014e-06  1.2539e-06     7.5345e-05  4.7206e-05 
4.2240e+01     2.0603e-07  1.7322e-07     8.7028e-06  7.3169e-06     1.0007e-06  8.4135e-07     4.2269e-05  3.5538e-05 
4.7394e+01     7.3451e-07  6.5656e-07     3.4811e-05  3.1117e-05     4.0028e-06  3.5780e-06     1.8971e-04  1.6958e-04 
5.3176e+01     0.0000e+00  0.0000e+00     0.0000e+00  0.0000e+00     0.0000e+00  0.0000e+00     0.0000e+00  0.0000e+00 
5.9665e+01     0.0000e+00  0.0000e+00     0.0000e+00  0.0000e+00     0.0000e+00  0.0000e+00     0.0000e+00  0.0000e+00 
6.6945e+01     0.0000e+00  0.0000e+00     0.0000e+00  0.0000e+00     0.0000e+00  0.0000e+00     0.0000e+00  0.0000e+00 
7.5114e+01     1.1586e-07  1.7965e-07     8.7028e-06  1.3494e-05     1.0007e-06  1.5517e-06     7.5167e-05  1.1655e-04 
8.4279e+01     1.0326e-07  1.0855e-07     8.7028e-06  9.1488e-06     1.0007e-06  1.0520e-06     8.4338e-05  8.8661e-05 
9.4563e+01     0.0000e+00  0.0000e+00     0.0000e+00  0.0000e+00     0.0000e+00  0.0000e+00     0.0000e+00  0.0000e+00 
1.0610e+02     8.2023e-08  9.3181e-08     8.7028e-06  9.8866e-06     1.0007e-06  1.1368e-06     1.0618e-04  1.2062e-04 
1.1905e+02     0.0000e+00  0.0000e+00     0.0000e+00  0.0000e+00     0.0000e+00  0.0000e+00     0.0000e+00  0.0000e+00 
1.3357e+02     0.0000e+00  0.0000e+00     0.0000e+00  0.0000e+00     0.0000e+00  0.0000e+00     0.0000e+00  0.0000e+00 
1.4987e+02     1.1614e-07  6.6336e-07     1.7406e-05  9.9419e-05     2.0014e-06  1.1432e-05     2.9995e-04  1.7133e-03 
1.6816e+02     0.0000e+00  0.0000e+00     0.0000e+00  0.0000e+00     0.0000e+00  0.0000e+00     0.0000e+00  0.0000e+00 
1.8868e+02     0.0000e+00  0.0000e+00     0.0000e+00  0.0000e+00     0.0000e+00  0.0000e+00     0.0000e+00  0.0000e+00 
2.1170e+02     0.0000e+00  0.0000e+00     0.0000e+00  0.0000e+00     0.0000e+00  0.0000e+00     0.0000e+00  0.0000e+00 
2.3753e+02     0.0000e+00  0.0000e+00     0.0000e+00  0.0000e+00     0.0000e+00  0.0000e+00     0.0000e+00  0.0000e+00 
2.6651e+02     0.0000e+00  0.0000e+00     0.0000e+00  0.0000e+00     0.0000e+00  0.0000e+00     0.0000e+00  0.0000e+00 
2.9903e+02     2.9103e-08  5.4105e-08     8.7028e-06  1.6179e-05     1.0007e-06  1.8604e-06     2.9924e-04  5.5632e-04 
3.3552e+02     0.0000e+00  0.0000e+00     0.0000e+00  0.0000e+00     0.0000e+00  0.0000e+00     0.0000e+00  0.0000e+00 
3.7646e+02     0.0000e+00  0.0000e+00     0.0000e+00  0.0000e+00     0.0000e+00  0.0000e+00     0.0000e+00  0.0000e+00 
4.2240e+02     2.0603e-08  6.1095e-08     8.7028e-06  2.5806e-05     1.0007e-06  2.9674e-06     4.2269e-04  1.2534e-03 
4.7394e+02     0.0000e+00  0.0000e+00     0.0000e+00  0.0000e+00     0.0000e+00  0.0000e+00     0.0000e+00  0.0000e+00 
5.3176e+02     0.0000e+00  0.0000e+00     0.0000e+00  0.0000e+00     0.0000e+00  0.0000e+00     0.0000e+00  0.0000e+00 
5.9665e+02     0.0000e+00  0.0000e+00     0.0000e+00  0.0000e+00     0.0000e+00  0.0000e+00     0.0000e+00  0.0000e+00 
6.6945e+02     0.0000e+00  0.0000e+00     0.0000e+00  0.0000e+00     0.0000e+00  0.0000e+00     0.0000e+00  0.0000e+00 
7.5114e+02     0.0000e+00  0.0000e+00     0.0000e+00  0.0000e+00     0.0000e+00  0.0000e+00     0.0000e+00  0.0000e+00 
8.4279e+02     0.0000e+00  0.0000e+00     0.0000e+00  0.0000e+00     0.0000e+00  0.0000e+00     0.0000e+00  0.0000e+00 
9.4563e+02     0.0000e+00  0.0000e+00     0.0000e+00  0.0000e+00     0.0000e+00  0.0000e+00     0.0000e+00  0.0000e+00 
1.0610e+03     0.0000e+00  0.0000e+00     0.0000e+00  0.0000e+00     0.0000e+00  0.0000e+00     0.0000e+00  0.0000e+00 
1.1905e+03     0.0000e+00  0.0000e+00     0.0000e+00  0.0000e+00     0.0000e+00  0.0000e+00     0.0000e+00  0.0000e+00 
1.3357e+03     0.0000e+00  0.0000e+00     0.0000e+00  0.0000e+00     0.0000e+00  0.0000e+00     0.0000e+00  0.0000e+00 
1.4987e+03     0.0000e+00  0.0000e+00     0.0000e+00  0.0000e+00     0.0000e+00  0.0000e+00     0.0000e+00  0.0000e+00 
1.6816e+03     0.0000e+00  0.0000e+00     0.0000e+00  0.0000e+00     0.0000e+00  0.0000e+00     0.0000e+00  0.0000e+00 
1.8868e+03     0.0000e+00  0.0000e+00     0.0000e+00  0.0000e+00     0.0000e+00  0.0000e+00     0.0000e+00  0.0000e+00 
2.1170e+03     0.0000e+00  0.0000e+00     0.0000e+00  0.0000e+00     0.0000e+00  0.0000e+00     0.0000e+00  0.0000e+00 
2.3753e+03     0.0000e+00  0.0000e+00     0.0000e+00  0.0000e+00     0.0000e+00  0.0000e+00     0.0000e+00  0.0000e+00 
2.6651e+03     0.0000e+00  0.0000e+00     0.0000e+00  0.0000e+00     0.0000e+00  0.0000e+00     0.0000e+00  0.0000e+00 
2.9903e+03     0.0000e+00  0.0000e+00     0.0000e+00  0.0000e+00     0.0000e+00  0.0000e+00     0.0000e+00  0.0000e+00 
3.3552e+03     0.0000e+00  0.0000e+00     0.0000e+00  0.0000e+00     0.0000e+00  0.0000e+00     0.0000e+00  0.0000e+00 
3.7646e+03     0.0000e+00  0.0000e+00     0.0000e+00  0.0000e+00     0.0000e+00  0.0000e+00     0.0000e+00  0.0000e+00 
4.2240e+03     0.0000e+00  0.0000e+00     0.0000e+00  0.0000e+00     0.0000e+00  0.0000e+00     0.0000e+00  0.0000e+00 
4.7394e+03     0.0000e+00  0.0000e+00     0.0000e+00  0.0000e+00     0.0000e+00  0.0000e+00     0.0000e+00  0.0000e+00 
5.3176e+03     0.0000e+00  0.0000e+00     0.0000e+00  0.0000e+00     0.0000e+00  0.0000e+00     0.0000e+00  0.0000e+00 
5.9665e+03     0.0000e+00  0.0000e+00     0.0000e+00  0.0000e+00     0.0000e+00  0.0000e+00     0.0000e+00  0.0000e+00 
6.6945e+03     0.0000e+00  0.0000e+00     0.0000e+00  0.0000e+00     0.0000e+00  0.0000e+00     0.0000e+00  0.0000e+00 
7.5114e+03     0.0000e+00  0.0000e+00     0.0000e+00  0.0000e+00     0.0000e+00  0.0000e+00     0.0000e+00  0.0000e+00 
8.4279e+03     0.0000e+00  0.0000e+00     0.0000e+00  0.0000e+00     0.0000e+00  0.0000e+00     0.0000e+00  0.0000e+00 
9.4563e+03     0.0000e+00  0.0000e+00     0.0000e+00  0.0000e+00     0.0000e+00  0.0000e+00     0.0000e+00  0.0000e+00 
