yF = 8.3478e+00 (std: 1.3744e-02) keV/um
yD = 9.7994e+00 (std: 3.3167e-02) keV/um
y (keV/um)     f(y)(std)                  yf(y)(std)                 d(y)(std)                  yd(y)(std)  
1.0610e-03     0.0000e+00  0.0000e+00     0.0000e+00  0.0000e+00     0.0000e+00  0.0000e+00     0.0000e+00  0.0000e+00 
1.1905e-03     0.0000e+00  0.0000e+00     0.0000e+00  0.0000e+00     0.0000e+00  0.0000e+00     0.0000e+00  0.0000e+00 
1.3357e-03     0.0000e+00  0.0000e+00     0.0000e+00  0.0000e+00     0.0000e+00  0.0000e+00     0.0000e+00  0.0000e+00 
1.4987e-03     5.8068e-03  1.8360e-03     8.7027e-06  2.7517e-06     1.0425e-06  3.2963e-07     1.5624e-09  4.9403e-10 
1.6816e-03     0.0000e+00  0.0000e+00     0.0000e+00  0.0000e+00     0.0000e+00  0.0000e+00     0.0000e+00  0.0000e+00 
1.8868e-03     0.0000e+00  0.0000e+00     0.0000e+00  0.0000e+00     0.0000e+00  0.0000e+00     0.0000e+00  0.0000e+00 
2.1170e-03     0.0000e+00  0.0000e+00     0.0000e+00  0.0000e+00     0.0000e+00  0.0000e+00     0.0000e+00  0.0000e+00 
2.3753e-03     0.0000e+00  0.0000e+00     0.0000e+00  0.0000e+00     0.0000e+00  0.0000e+00     0.0000e+00  0.0000e+00 
2.6651e-03     0.0000e+00  0.0000e+00     0.0000e+00  0.0000e+00     0.0000e+00  0.0000e+00     0.0000e+00  0.0000e+00 
2.9903e-03     0.0000e+00  0.0000e+00     0.0000e+00  0.0000e+00     0.0000e+00  0.0000e+00     0.0000e+00  0.0000e+00 
3.3552e-03     0.0000e+00  0.0000e+00     0.0000e+00  0.0000e+00     0.0000e+00  0.0000e+00     0.0000e+00  0.0000e+00 
3.7646e-03     0.0000e+00  0.0000e+00     0.0000e+00  0.0000e+00     0.0000e+00  0.0000e+00     0.0000e+00  0.0000e+00 
4.2240e-03     0.0000e+00  0.0000e+00     0.0000e+00  0.0000e+00     0.0000e+00  0.0000e+00     0.0000e+00  0.0000e+00 
4.7394e-03     0.0000e+00  0.0000e+00     0.0000e+00  0.0000e+00     0.0000e+00  0.0000e+00     0.0000e+00  0.0000e+00 
5.3176e-03     0.0000e+00  0.0000e+00     0.0000e+00  0.0000e+00     0.0000e+00  0.0000e+00     0.0000e+00  0.0000e+00 
5.9665e-03     0.0000e+00  0.0000e+00     0.0000e+00  0.0000e+00     0.0000e+00  0.0000e+00     0.0000e+00  0.0000e+00 
6.6945e-03     1.3000e-03  1.3001e-04     8.7027e-06  8.7033e-07     1.0425e-06  1.0427e-07     6.9792e-09  6.9806e-10 
7.5114e-03     0.0000e+00  0.0000e+00     0.0000e+00  0.0000e+00     0.0000e+00  0.0000e+00     0.0000e+00  0.0000e+00 
8.4279e-03     0.0000e+00  0.0000e+00     0.0000e+00  0.0000e+00     0.0000e+00  0.0000e+00     0.0000e+00  0.0000e+00 
9.4563e-03     0.0000e+00  0.0000e+00     0.0000e+00  0.0000e+00     0.0000e+00  0.0000e+00     0.0000e+00  0.0000e+00 
1.0610e-02     0.0000e+00  0.0000e+00     0.0000e+00  0.0000e+00     0.0000e+00  0.0000e+00     0.0000e+00  0.0000e+00 
1.1905e-02     1.4621e-03  9.1094e-04     1.7405e-05  1.0845e-05     2.0850e-06  1.2991e-06     2.4822e-08  1.5465e-08 
1.3357e-02     1.3031e-03  7.3299e-04     1.7405e-05  9.7908e-06     2.0850e-06  1.1729e-06     2.7851e-08  1.5666e-08 
1.4987e-02     5.8068e-04  1.7219e-03     8.7027e-06  2.5806e-05     1.0425e-06  3.0914e-06     1.5624e-08  4.6331e-08 
1.6816e-02     5.1753e-04  1.7642e-03     8.7027e-06  2.9666e-05     1.0425e-06  3.5538e-06     1.7531e-08  5.9759e-08 
1.8868e-02     4.6125e-04  3.5147e-04     8.7027e-06  6.6314e-06     1.0425e-06  7.9440e-07     1.9670e-08  1.4988e-08 
2.1170e-02     4.1109e-04  2.9899e-04     8.7027e-06  6.3295e-06     1.0425e-06  7.5823e-07     2.2070e-08  1.6052e-08 
2.3753e-02     0.0000e+00  0.0000e+00     0.0000e+00  0.0000e+00     0.0000e+00  0.0000e+00     0.0000e+00  0.0000e+00 
2.6651e-02     3.2654e-04  6.0707e-04     8.7027e-06  1.6179e-05     1.0425e-06  1.9381e-06     2.7785e-08  5.1654e-08 
2.9903e-02     1.7462e-03  1.2685e-03     5.2216e-05  3.7932e-05     6.2551e-06  4.5440e-06     1.8705e-07  1.3588e-07 
3.3552e-02     1.5563e-03  6.5039e-04     5.2216e-05  2.1822e-05     6.2551e-06  2.6141e-06     2.0987e-07  8.7709e-08 
3.7646e-02     4.6234e-04  1.8963e-04     1.7405e-05  7.1389e-06     2.0850e-06  8.5519e-07     7.8493e-08  3.2195e-08 
4.2240e-02     6.1810e-04  7.7717e-04     2.6108e-05  3.2827e-05     3.1276e-06  3.9325e-06     1.3211e-07  1.6611e-07 
4.7394e-02     5.5088e-04  5.3724e-04     2.6108e-05  2.5462e-05     3.1276e-06  3.0501e-06     1.4823e-07  1.4456e-07 
5.3176e-02     1.6366e-03  4.6785e-04     8.7027e-05  2.4879e-05     1.0425e-05  2.9803e-06     5.5437e-07  1.5848e-07 
5.9665e-02     1.0210e-03  4.4873e-04     6.0919e-05  2.6774e-05     7.2976e-06  3.2073e-06     4.3541e-07  1.9136e-07 
6.6945e-02     1.0400e-03  4.5078e-04     6.9622e-05  3.0178e-05     8.3402e-06  3.6151e-06     5.5833e-07  2.4201e-07 
7.5114e-02     1.3903e-03  5.2204e-04     1.0443e-04  3.9212e-05     1.2510e-05  4.6974e-06     9.3969e-07  3.5284e-07 
8.4279e-02     1.1359e-03  4.7002e-04     9.5730e-05  3.9613e-05     1.1468e-05  4.7454e-06     9.6649e-07  3.9994e-07 
9.4563e-02     1.5645e-03  3.7408e-04     1.4795e-04  3.5373e-05     1.7723e-05  4.2376e-06     1.6759e-06  4.0072e-07 
1.0610e-01     2.2966e-03  1.8924e-03     2.4368e-04  2.0079e-04     2.9191e-05  2.4053e-05     3.0971e-06  2.5520e-06 
1.1905e-01     1.8276e-03  4.2559e-04     2.1757e-04  5.0666e-05     2.6063e-05  6.0695e-06     3.1027e-06  7.2256e-07 
1.3357e-01     1.9546e-03  3.8479e-04     2.6108e-04  5.1397e-05     3.1276e-05  6.1572e-06     4.1776e-06  8.2244e-07 
1.4987e-01     1.7420e-03  5.6843e-04     2.6108e-04  8.5191e-05     3.1276e-05  1.0205e-05     4.6873e-06  1.5295e-06 
1.6816e-01     2.0184e-03  3.9798e-04     3.3941e-04  6.6923e-05     4.0658e-05  8.0172e-06     6.8370e-06  1.3482e-06 
1.8868e-01     2.8136e-03  6.2830e-04     5.3086e-04  1.1855e-04     6.3594e-05  1.4201e-05     1.1999e-05  2.6795e-06 
2.1170e-01     3.2476e-03  5.4454e-04     6.8751e-04  1.1528e-04     8.2359e-05  1.3810e-05     1.7435e-05  2.9236e-06 
2.3753e-01     2.5647e-03  6.0057e-04     6.0919e-04  1.4265e-04     7.2976e-05  1.7089e-05     1.7334e-05  4.0592e-06 
2.6651e-01     3.7225e-03  7.7388e-04     9.9211e-04  2.0625e-04     1.1885e-04  2.4708e-05     3.1674e-05  6.5850e-06 
2.9903e-01     4.3363e-03  8.8899e-04     1.2967e-03  2.6584e-04     1.5534e-04  3.1846e-05     4.6450e-05  9.5231e-06 
3.3552e-01     5.3173e-03  5.7650e-04     1.7841e-03  1.9343e-04     2.1372e-04  2.3174e-05     7.1706e-05  7.7752e-06 
3.7646e-01     5.5019e-03  4.0647e-04     2.0712e-03  1.5302e-04     2.4812e-04  1.8335e-05     9.3407e-05  6.9025e-06 
4.2240e-01     6.3870e-03  4.0845e-04     2.6978e-03  1.7253e-04     3.2318e-04  2.0675e-05     1.3651e-04  8.7328e-06 
4.7394e-01     6.3535e-03  5.1460e-04     3.0111e-03  2.4388e-04     3.6071e-04  2.9222e-05     1.7095e-04  1.3849e-05 
5.3176e-01     8.1338e-03  3.7869e-04     4.3252e-03  2.0137e-04     5.1813e-04  2.4138e-05     2.7552e-04  1.2836e-05 
5.9665e-01     9.2767e-03  4.9575e-04     5.5349e-03  2.9579e-04     6.6304e-04  3.5450e-05     3.9560e-04  2.1151e-05 
6.6945e-01     1.0413e-02  5.5443e-04     6.9709e-03  3.7117e-04     8.3506e-04  4.4484e-05     5.5903e-04  2.9780e-05 
7.5114e-01     1.1540e-02  8.3628e-04     8.6679e-03  6.2816e-04     1.0383e-03  7.5268e-05     7.7994e-04  5.6537e-05 
8.4279e-01     1.2928e-02  8.4760e-04     1.0896e-02  7.1435e-04     1.3052e-03  8.5600e-05     1.1000e-03  7.2143e-05 
9.4563e-01     1.4118e-02  8.9155e-04     1.3350e-02  8.4308e-04     1.5992e-03  1.0103e-04     1.5123e-03  9.5535e-05 
1.0610e+00     1.6117e-02  8.5129e-04     1.7101e-02  9.0323e-04     2.0486e-03  1.0825e-04     2.1735e-03  1.1486e-04 
1.1905e+00     1.7793e-02  7.1275e-04     2.1182e-02  8.4851e-04     2.5375e-03  1.0173e-04     3.0208e-03  1.2111e-04 
1.3357e+00     1.9038e-02  8.3621e-04     2.5429e-02  1.1170e-03     3.0462e-03  1.3390e-04     4.0690e-03  1.7885e-04 
1.4987e+00     2.1642e-02  6.7544e-04     3.2435e-02  1.0123e-03     3.8855e-03  1.2143e-04     5.8232e-03  1.8199e-04 
1.6816e+00     2.3263e-02  4.2592e-04     3.9119e-02  7.1623e-04     4.6861e-03  8.6145e-05     7.8801e-03  1.4486e-04 
1.8868e+00     2.5705e-02  5.1007e-04     4.8500e-02  9.6239e-04     5.8100e-03  1.1568e-04     1.0962e-02  2.1827e-04 
2.1170e+00     2.9413e-02  4.9903e-04     6.2268e-02  1.0564e-03     7.4592e-03  1.2715e-04     1.5791e-02  2.6917e-04 
2.3753e+00     3.2454e-02  6.4098e-04     7.7089e-02  1.5225e-03     9.2346e-03  1.8302e-04     2.1935e-02  4.3473e-04 
2.6651e+00     3.6053e-02  6.3832e-04     9.6087e-02  1.7012e-03     1.1510e-02  2.0467e-04     3.0677e-02  5.4548e-04 
2.9903e+00     3.9757e-02  6.6233e-04     1.1889e-01  1.9806e-03     1.4242e-02  2.3841e-04     4.2588e-02  7.1294e-04 
3.3552e+00     4.4784e-02  5.5609e-04     1.5026e-01  1.8658e-03     1.8000e-02  2.2547e-04     6.0394e-02  7.5649e-04 
3.7646e+00     5.0067e-02  4.8504e-04     1.8848e-01  1.8260e-03     2.2579e-02  2.2187e-04     8.5001e-02  8.3527e-04 
4.2240e+00     5.6115e-02  4.7666e-04     2.3703e-01  2.0134e-03     2.8394e-02  2.4568e-04     1.1994e-01  1.0377e-03 
4.7394e+00     6.3700e-02  6.9299e-04     3.0190e-01  3.2843e-03     3.6165e-02  3.9792e-04     1.7140e-01  1.8859e-03 
5.3176e+00     7.1813e-02  6.6937e-04     3.8187e-01  3.5595e-03     4.5746e-02  4.3300e-04     2.4326e-01  2.3025e-03 
5.9665e+00     8.2767e-02  3.6602e-04     4.9383e-01  2.1839e-03     5.9157e-02  2.7915e-04     3.5296e-01  1.6656e-03 
6.6945e+00     9.4905e-02  4.3864e-04     6.3534e-01  2.9365e-03     7.6109e-02  3.7342e-04     5.0951e-01  2.4999e-03 
7.5114e+00     1.0927e-01  6.4568e-04     8.2074e-01  4.8499e-03     9.8319e-02  6.0311e-04     7.3851e-01  4.5302e-03 
8.4279e+00     1.2631e-01  7.0628e-04     1.0645e+00  5.9524e-03     1.2752e-01  7.4333e-04     1.0748e+00  6.2647e-03 
9.4563e+00     1.2862e-01  3.6008e-04     1.2163e+00  3.4050e-03     1.4570e-01  4.7321e-04     1.3778e+00  4.4748e-03 
1.0610e+01     9.9648e-02  3.9036e-04     1.0573e+00  4.1418e-03     1.2665e-01  5.3820e-04     1.3438e+00  5.7103e-03 
1.1905e+01     6.1478e-02  2.0005e-04     7.3188e-01  2.3815e-03     8.7674e-02  3.1973e-04     1.0437e+00  3.8063e-03 
1.3357e+01     3.2920e-02  3.1057e-04     4.3972e-01  4.1484e-03     5.2675e-02  5.0446e-04     7.0360e-01  6.7383e-03 
1.4987e+01     1.4987e-02  1.6493e-04     2.2461e-01  2.4718e-03     2.6906e-02  2.9940e-04     4.0325e-01  4.4871e-03 
1.6816e+01     5.8740e-03  7.2267e-05     9.8776e-02  1.2152e-03     1.1833e-02  1.4687e-04     1.9898e-01  2.4698e-03 
1.8868e+01     1.8902e-03  3.1206e-05     3.5664e-02  5.8879e-04     4.2722e-03  7.0883e-05     8.0607e-02  1.3374e-03 
2.1170e+01     5.0605e-04  2.5508e-05     1.0713e-02  5.4000e-04     1.2833e-03  6.4723e-05     2.7168e-02  1.3702e-03 
2.3753e+01     9.5992e-05  1.7927e-05     2.2801e-03  4.2582e-04     2.7314e-04  5.1013e-05     6.4879e-03  1.2117e-03 
2.6651e+01     1.4694e-05  3.2647e-06     3.9162e-04  8.7008e-05     4.6913e-05  1.0423e-05     1.2503e-03  2.7779e-04 
2.9903e+01     3.2013e-06  1.4925e-06     9.5730e-05  4.4631e-05     1.1468e-05  5.3465e-06     3.4292e-04  1.5988e-04 
3.3552e+01     7.7814e-07  5.5275e-07     2.6108e-05  1.8546e-05     3.1276e-06  2.2217e-06     1.0494e-04  7.4541e-05 
3.7646e+01     2.3117e-07  1.7010e-07     8.7027e-06  6.4036e-06     1.0425e-06  7.6711e-07     3.9247e-05  2.8878e-05 
4.2240e+01     0.0000e+00  0.0000e+00     0.0000e+00  0.0000e+00     0.0000e+00  0.0000e+00     0.0000e+00  0.0000e+00 
4.7394e+01     0.0000e+00  0.0000e+00     0.0000e+00  0.0000e+00     0.0000e+00  0.0000e+00     0.0000e+00  0.0000e+00 
5.3176e+01     0.0000e+00  0.0000e+00     0.0000e+00  0.0000e+00     0.0000e+00  0.0000e+00     0.0000e+00  0.0000e+00 
5.9665e+01     2.9172e-07  1.0937e-07     1.7405e-05  6.5255e-06     2.0850e-06  7.8171e-07     1.2440e-04  4.6641e-05 
6.6945e+01     0.0000e+00  0.0000e+00     0.0000e+00  0.0000e+00     0.0000e+00  0.0000e+00     0.0000e+00  0.0000e+00 
7.5114e+01     0.0000e+00  0.0000e+00     0.0000e+00  0.0000e+00     0.0000e+00  0.0000e+00     0.0000e+00  0.0000e+00 
8.4279e+01     0.0000e+00  0.0000e+00     0.0000e+00  0.0000e+00     0.0000e+00  0.0000e+00     0.0000e+00  0.0000e+00 
9.4563e+01     0.0000e+00  0.0000e+00     0.0000e+00  0.0000e+00     0.0000e+00  0.0000e+00     0.0000e+00  0.0000e+00 
1.0610e+02     0.0000e+00  0.0000e+00     0.0000e+00  0.0000e+00     0.0000e+00  0.0000e+00     0.0000e+00  0.0000e+00 
1.1905e+02     0.0000e+00  0.0000e+00     0.0000e+00  0.0000e+00     0.0000e+00  0.0000e+00     0.0000e+00  0.0000e+00 
1.3357e+02     0.0000e+00  0.0000e+00     0.0000e+00  0.0000e+00     0.0000e+00  0.0000e+00     0.0000e+00  0.0000e+00 
1.4987e+02     5.8068e-08  5.0888e-08     8.7027e-06  7.6267e-06     1.0425e-06  9.1362e-07     1.5624e-04  1.3693e-04 
1.6816e+02     1.0351e-07  4.5607e-08     1.7405e-05  7.6693e-06     2.0850e-06  9.1873e-07     3.5062e-04  1.5449e-04 
1.8868e+02     4.6125e-08  4.9677e-08     8.7027e-06  9.3729e-06     1.0425e-06  1.1228e-06     1.9670e-04  2.1185e-04 
2.1170e+02     0.0000e+00  0.0000e+00     0.0000e+00  0.0000e+00     0.0000e+00  0.0000e+00     0.0000e+00  0.0000e+00 
2.3753e+02     0.0000e+00  0.0000e+00     0.0000e+00  0.0000e+00     0.0000e+00  0.0000e+00     0.0000e+00  0.0000e+00 
2.6651e+02     0.0000e+00  0.0000e+00     0.0000e+00  0.0000e+00     0.0000e+00  0.0000e+00     0.0000e+00  0.0000e+00 
2.9903e+02     5.8206e-08  6.3439e-08     1.7405e-05  1.8970e-05     2.0850e-06  2.2725e-06     6.2350e-04  6.7956e-04 
3.3552e+02     2.5938e-08  5.7997e-09     8.7027e-06  1.9459e-06     1.0425e-06  2.3311e-07     3.4979e-04  7.8214e-05 
3.7646e+02     0.0000e+00  0.0000e+00     0.0000e+00  0.0000e+00     0.0000e+00  0.0000e+00     0.0000e+00  0.0000e+00 
4.2240e+02     0.0000e+00  0.0000e+00     0.0000e+00  0.0000e+00     0.0000e+00  0.0000e+00     0.0000e+00  0.0000e+00 
4.7394e+02     0.0000e+00  0.0000e+00     0.0000e+00  0.0000e+00     0.0000e+00  0.0000e+00     0.0000e+00  0.0000e+00 
5.3176e+02     0.0000e+00  0.0000e+00     0.0000e+00  0.0000e+00     0.0000e+00  0.0000e+00     0.0000e+00  0.0000e+00 
5.9665e+02     1.4586e-08  3.8588e-09     8.7027e-06  2.3023e-06     1.0425e-06  2.7581e-07     6.2202e-04  1.6456e-04 
6.6945e+02     0.0000e+00  0.0000e+00     0.0000e+00  0.0000e+00     0.0000e+00  0.0000e+00     0.0000e+00  0.0000e+00 
7.5114e+02     0.0000e+00  0.0000e+00     0.0000e+00  0.0000e+00     0.0000e+00  0.0000e+00     0.0000e+00  0.0000e+00 
8.4279e+02     0.0000e+00  0.0000e+00     0.0000e+00  0.0000e+00     0.0000e+00  0.0000e+00     0.0000e+00  0.0000e+00 
9.4563e+02     0.0000e+00  0.0000e+00     0.0000e+00  0.0000e+00     0.0000e+00  0.0000e+00     0.0000e+00  0.0000e+00 
1.0610e+03     0.0000e+00  0.0000e+00     0.0000e+00  0.0000e+00     0.0000e+00  0.0000e+00     0.0000e+00  0.0000e+00 
1.1905e+03     0.0000e+00  0.0000e+00     0.0000e+00  0.0000e+00     0.0000e+00  0.0000e+00     0.0000e+00  0.0000e+00 
1.3357e+03     0.0000e+00  0.0000e+00     0.0000e+00  0.0000e+00     0.0000e+00  0.0000e+00     0.0000e+00  0.0000e+00 
1.4987e+03     0.0000e+00  0.0000e+00     0.0000e+00  0.0000e+00     0.0000e+00  0.0000e+00     0.0000e+00  0.0000e+00 
1.6816e+03     0.0000e+00  0.0000e+00     0.0000e+00  0.0000e+00     0.0000e+00  0.0000e+00     0.0000e+00  0.0000e+00 
1.8868e+03     0.0000e+00  0.0000e+00     0.0000e+00  0.0000e+00     0.0000e+00  0.0000e+00     0.0000e+00  0.0000e+00 
2.1170e+03     0.0000e+00  0.0000e+00     0.0000e+00  0.0000e+00     0.0000e+00  0.0000e+00     0.0000e+00  0.0000e+00 
2.3753e+03     0.0000e+00  0.0000e+00     0.0000e+00  0.0000e+00     0.0000e+00  0.0000e+00     0.0000e+00  0.0000e+00 
2.6651e+03     0.0000e+00  0.0000e+00     0.0000e+00  0.0000e+00     0.0000e+00  0.0000e+00     0.0000e+00  0.0000e+00 
2.9903e+03     0.0000e+00  0.0000e+00     0.0000e+00  0.0000e+00     0.0000e+00  0.0000e+00     0.0000e+00  0.0000e+00 
3.3552e+03     0.0000e+00  0.0000e+00     0.0000e+00  0.0000e+00     0.0000e+00  0.0000e+00     0.0000e+00  0.0000e+00 
3.7646e+03     0.0000e+00  0.0000e+00     0.0000e+00  0.0000e+00     0.0000e+00  0.0000e+00     0.0000e+00  0.0000e+00 
4.2240e+03     0.0000e+00  0.0000e+00     0.0000e+00  0.0000e+00     0.0000e+00  0.0000e+00     0.0000e+00  0.0000e+00 
4.7394e+03     0.0000e+00  0.0000e+00     0.0000e+00  0.0000e+00     0.0000e+00  0.0000e+00     0.0000e+00  0.0000e+00 
5.3176e+03     0.0000e+00  0.0000e+00     0.0000e+00  0.0000e+00     0.0000e+00  0.0000e+00     0.0000e+00  0.0000e+00 
5.9665e+03     0.0000e+00  0.0000e+00     0.0000e+00  0.0000e+00     0.0000e+00  0.0000e+00     0.0000e+00  0.0000e+00 
6.6945e+03     0.0000e+00  0.0000e+00     0.0000e+00  0.0000e+00     0.0000e+00  0.0000e+00     0.0000e+00  0.0000e+00 
7.5114e+03     0.0000e+00  0.0000e+00     0.0000e+00  0.0000e+00     0.0000e+00  0.0000e+00     0.0000e+00  0.0000e+00 
8.4279e+03     0.0000e+00  0.0000e+00     0.0000e+00  0.0000e+00     0.0000e+00  0.0000e+00     0.0000e+00  0.0000e+00 
9.4563e+03     0.0000e+00  0.0000e+00     0.0000e+00  0.0000e+00     0.0000e+00  0.0000e+00     0.0000e+00  0.0000e+00 
