yF = 8.5139e+00 (std: 1.4163e-02) keV/um
yD = 9.9662e+00 (std: 3.0525e-02) keV/um
y (keV/um)     f(y)(std)                  yf(y)(std)                 d(y)(std)                  yd(y)(std)  
1.0610e-03     0.0000e+00  0.0000e+00     0.0000e+00  0.0000e+00     0.0000e+00  0.0000e+00     0.0000e+00  0.0000e+00 
1.1905e-03     0.0000e+00  0.0000e+00     0.0000e+00  0.0000e+00     0.0000e+00  0.0000e+00     0.0000e+00  0.0000e+00 
1.3357e-03     0.0000e+00  0.0000e+00     0.0000e+00  0.0000e+00     0.0000e+00  0.0000e+00     0.0000e+00  0.0000e+00 
1.4987e-03     0.0000e+00  0.0000e+00     0.0000e+00  0.0000e+00     0.0000e+00  0.0000e+00     0.0000e+00  0.0000e+00 
1.6816e-03     0.0000e+00  0.0000e+00     0.0000e+00  0.0000e+00     0.0000e+00  0.0000e+00     0.0000e+00  0.0000e+00 
1.8868e-03     0.0000e+00  0.0000e+00     0.0000e+00  0.0000e+00     0.0000e+00  0.0000e+00     0.0000e+00  0.0000e+00 
2.1170e-03     0.0000e+00  0.0000e+00     0.0000e+00  0.0000e+00     0.0000e+00  0.0000e+00     0.0000e+00  0.0000e+00 
2.3753e-03     0.0000e+00  0.0000e+00     0.0000e+00  0.0000e+00     0.0000e+00  0.0000e+00     0.0000e+00  0.0000e+00 
2.6651e-03     0.0000e+00  0.0000e+00     0.0000e+00  0.0000e+00     0.0000e+00  0.0000e+00     0.0000e+00  0.0000e+00 
2.9903e-03     0.0000e+00  0.0000e+00     0.0000e+00  0.0000e+00     0.0000e+00  0.0000e+00     0.0000e+00  0.0000e+00 
3.3552e-03     0.0000e+00  0.0000e+00     0.0000e+00  0.0000e+00     0.0000e+00  0.0000e+00     0.0000e+00  0.0000e+00 
3.7646e-03     0.0000e+00  0.0000e+00     0.0000e+00  0.0000e+00     0.0000e+00  0.0000e+00     0.0000e+00  0.0000e+00 
4.2240e-03     0.0000e+00  0.0000e+00     0.0000e+00  0.0000e+00     0.0000e+00  0.0000e+00     0.0000e+00  0.0000e+00 
4.7394e-03     0.0000e+00  0.0000e+00     0.0000e+00  0.0000e+00     0.0000e+00  0.0000e+00     0.0000e+00  0.0000e+00 
5.3176e-03     0.0000e+00  0.0000e+00     0.0000e+00  0.0000e+00     0.0000e+00  0.0000e+00     0.0000e+00  0.0000e+00 
5.9665e-03     0.0000e+00  0.0000e+00     0.0000e+00  0.0000e+00     0.0000e+00  0.0000e+00     0.0000e+00  0.0000e+00 
6.6945e-03     0.0000e+00  0.0000e+00     0.0000e+00  0.0000e+00     0.0000e+00  0.0000e+00     0.0000e+00  0.0000e+00 
7.5114e-03     0.0000e+00  0.0000e+00     0.0000e+00  0.0000e+00     0.0000e+00  0.0000e+00     0.0000e+00  0.0000e+00 
8.4279e-03     0.0000e+00  0.0000e+00     0.0000e+00  0.0000e+00     0.0000e+00  0.0000e+00     0.0000e+00  0.0000e+00 
9.4563e-03     0.0000e+00  0.0000e+00     0.0000e+00  0.0000e+00     0.0000e+00  0.0000e+00     0.0000e+00  0.0000e+00 
1.0610e-02     0.0000e+00  0.0000e+00     0.0000e+00  0.0000e+00     0.0000e+00  0.0000e+00     0.0000e+00  0.0000e+00 
1.1905e-02     2.1931e-03  1.1731e-03     2.6108e-05  1.3965e-05     3.0666e-06  1.6403e-06     3.6506e-08  1.9527e-08 
1.3357e-02     0.0000e+00  0.0000e+00     0.0000e+00  0.0000e+00     0.0000e+00  0.0000e+00     0.0000e+00  0.0000e+00 
1.4987e-02     1.1614e-03  4.5686e-04     1.7405e-05  6.8471e-06     2.0444e-06  8.0424e-07     3.0639e-08  1.2053e-08 
1.6816e-02     5.1753e-04  1.3630e-03     8.7027e-06  2.2921e-05     1.0222e-06  2.6922e-06     1.7189e-08  4.5271e-08 
1.8868e-02     1.3838e-03  1.7136e-03     2.6108e-05  3.2332e-05     3.0666e-06  3.7976e-06     5.7859e-08  7.1652e-08 
2.1170e-02     1.2333e-03  6.4572e-04     2.6108e-05  1.3670e-05     3.0666e-06  1.6056e-06     6.4919e-08  3.3991e-08 
2.3753e-02     7.3277e-04  5.7210e-04     1.7405e-05  1.3589e-05     2.0444e-06  1.5961e-06     4.8560e-08  3.7913e-08 
2.6651e-02     3.2654e-04  7.3014e-05     8.7027e-06  1.9459e-06     1.0222e-06  2.2857e-07     2.7243e-08  6.0916e-09 
2.9903e-02     5.8206e-04  3.1825e-04     1.7405e-05  9.5166e-06     2.0444e-06  1.1178e-06     6.1133e-08  3.3425e-08 
3.3552e-02     2.5938e-04  1.9765e-04     8.7027e-06  6.6314e-06     1.0222e-06  7.7890e-07     3.4296e-08  2.6134e-08 
3.7646e-02     6.9352e-04  3.5138e-04     2.6108e-05  1.3228e-05     3.0666e-06  1.5537e-06     1.1544e-07  5.8491e-08 
4.2240e-02     4.1207e-04  2.4901e-04     1.7405e-05  1.0518e-05     2.0444e-06  1.2354e-06     8.6353e-08  5.2184e-08 
4.7394e-02     1.4690e-03  6.9911e-04     6.9622e-05  3.3133e-05     8.1775e-06  3.8917e-06     3.8756e-07  1.8444e-07 
5.3176e-02     8.1829e-04  5.6644e-04     4.3514e-05  3.0121e-05     5.1109e-06  3.5379e-06     2.7178e-07  1.8814e-07 
5.9665e-02     1.1669e-03  4.1701e-04     6.9622e-05  2.4881e-05     8.1775e-06  2.9225e-06     4.8791e-07  1.7437e-07 
6.6945e-02     1.0400e-03  3.1985e-04     6.9622e-05  2.1412e-05     8.1775e-06  2.5150e-06     5.4744e-07  1.6837e-07 
7.5114e-02     1.1586e-03  3.4781e-04     8.7027e-05  2.6125e-05     1.0222e-05  3.0686e-06     7.6780e-07  2.3050e-07 
8.4279e-02     9.2935e-04  3.7130e-04     7.8325e-05  3.1293e-05     9.1997e-06  3.6755e-06     7.7534e-07  3.0977e-07 
9.4563e-02     1.6566e-03  3.7774e-04     1.5665e-04  3.5720e-05     1.8399e-05  4.1957e-06     1.7399e-06  3.9675e-07 
1.0610e-01     1.4764e-03  1.1623e-03     1.5665e-04  1.2332e-04     1.8399e-05  1.4485e-05     1.9522e-06  1.5368e-06 
1.1905e-01     1.6083e-03  5.0343e-04     1.9146e-04  5.9932e-05     2.2488e-05  7.0395e-06     2.6771e-06  8.3803e-07 
1.3357e-01     2.4107e-03  5.1640e-04     3.2200e-04  6.8977e-05     3.7821e-05  8.1020e-06     5.0518e-06  1.0822e-06 
1.4987e-01     1.6840e-03  4.6799e-04     2.5238e-04  7.0139e-05     2.9643e-05  8.2383e-06     4.4427e-06  1.2347e-06 
1.6816e-01     2.1736e-03  1.1487e-03     3.6551e-04  1.9317e-04     4.2932e-05  2.2688e-05     7.2193e-06  3.8153e-06 
1.8868e-01     2.8598e-03  4.4861e-04     5.3957e-04  8.4643e-05     6.3375e-05  9.9423e-06     1.1957e-05  1.8759e-06 
2.1170e-01     2.6721e-03  5.9231e-04     5.6568e-04  1.2539e-04     6.6442e-05  1.4728e-05     1.4066e-05  3.1180e-06 
2.3753e-01     3.1509e-03  3.8886e-04     7.4843e-04  9.2365e-05     8.7908e-05  1.0850e-05     2.0881e-05  2.5771e-06 
2.6651e-01     3.4940e-03  7.5147e-04     9.3119e-04  2.0028e-04     1.0937e-04  2.3524e-05     2.9150e-05  6.2696e-06 
2.9903e-01     4.0744e-03  3.4492e-04     1.2184e-03  1.0314e-04     1.4311e-04  1.2117e-05     4.2793e-05  3.6234e-06 
3.3552e-01     4.3057e-03  1.3164e-03     1.4447e-03  4.4167e-04     1.6968e-04  5.1878e-05     5.6932e-05  1.7406e-05 
3.7646e-01     4.9702e-03  5.4883e-04     1.8711e-03  2.0661e-04     2.1977e-04  2.4271e-05     8.2735e-05  9.1369e-06 
4.2240e-01     6.2016e-03  2.7247e-04     2.6195e-03  1.1509e-04     3.0768e-04  1.3528e-05     1.2996e-04  5.7140e-06 
4.7394e-01     6.5738e-03  8.6468e-04     3.1156e-03  4.0980e-04     3.6594e-04  4.8138e-05     1.7343e-04  2.2814e-05 
5.3176e-01     7.9865e-03  1.1258e-03     4.2469e-03  5.9867e-04     4.9883e-04  7.0322e-05     2.6526e-04  3.7395e-05 
5.9665e-01     8.5620e-03  7.1479e-04     5.1085e-03  4.2648e-04     6.0002e-04  5.0102e-05     3.5800e-04  2.9894e-05 
6.6945e-01     9.8018e-03  7.3062e-04     6.5619e-03  4.8911e-04     7.7073e-04  5.7463e-05     5.1596e-04  3.8469e-05 
7.5114e-01     1.0914e-02  6.3143e-04     8.1980e-03  4.7429e-04     9.6290e-04  5.5731e-05     7.2327e-04  4.1862e-05 
8.4279e-01     1.2701e-02  9.9193e-04     1.0704e-02  8.3599e-04     1.2573e-03  9.8214e-05     1.0596e-03  8.2774e-05 
9.4563e-01     1.3565e-02  1.1087e-03     1.2828e-02  1.0484e-03     1.5067e-03  1.2316e-04     1.4248e-03  1.1647e-04 
1.0610e+00     1.5568e-02  3.7991e-04     1.6518e-02  4.0308e-04     1.9401e-03  4.7454e-05     2.0585e-03  5.0350e-05 
1.1905e+00     1.6558e-02  5.0501e-04     1.9712e-02  6.0120e-04     2.3152e-03  7.0719e-05     2.7562e-03  8.4189e-05 
1.3357e+00     1.8497e-02  6.6942e-04     2.4707e-02  8.9416e-04     2.9020e-03  1.0513e-04     3.8763e-03  1.4043e-04 
1.4987e+00     2.0742e-02  9.4990e-04     3.1086e-02  1.4236e-03     3.6512e-03  1.6732e-04     5.4722e-03  2.5077e-04 
1.6816e+00     2.3206e-02  3.3264e-04     3.9023e-02  5.5936e-04     4.5835e-03  6.6141e-05     7.7075e-03  1.1122e-04 
1.8868e+00     2.5064e-02  1.0811e-03     4.7291e-02  2.0398e-03     5.5545e-03  2.3976e-04     1.0480e-02  4.5237e-04 
2.1170e+00     2.7962e-02  6.2671e-04     5.9196e-02  1.3267e-03     6.9529e-03  1.5626e-04     1.4719e-02  3.3081e-04 
2.3753e+00     3.0773e-02  8.9102e-04     7.3094e-02  2.1164e-03     8.5853e-03  2.4900e-04     2.0393e-02  5.9145e-04 
2.6651e+00     3.4607e-02  7.1462e-04     9.2232e-02  1.9046e-03     1.0833e-02  2.2443e-04     2.8872e-02  5.9813e-04 
2.9903e+00     3.8445e-02  4.3739e-04     1.1496e-01  1.3079e-03     1.3503e-02  1.5526e-04     4.0379e-02  4.6427e-04 
3.3552e+00     4.2585e-02  5.2838e-04     1.4288e-01  1.7728e-03     1.6782e-02  2.1009e-04     5.6308e-02  7.0489e-04 
3.7646e+00     4.7959e-02  7.2368e-04     1.8055e-01  2.7244e-03     2.1206e-02  3.2193e-04     7.9833e-02  1.2119e-03 
4.2240e+00     5.4331e-02  6.6748e-04     2.2949e-01  2.8194e-03     2.6955e-02  3.3418e-04     1.1386e-01  1.4116e-03 
4.7394e+00     6.0786e-02  2.9566e-04     2.8809e-01  1.4012e-03     3.3837e-02  1.7394e-04     1.6037e-01  8.2437e-04 
5.3176e+00     6.8412e-02  6.0588e-04     3.6379e-01  3.2218e-03     4.2729e-02  3.8504e-04     2.2722e-01  2.0475e-03 
5.9665e+00     7.9062e-02  3.0612e-04     4.7172e-01  1.8264e-03     5.5406e-02  2.3349e-04     3.3058e-01  1.3931e-03 
6.6945e+00     9.0502e-02  6.4466e-04     6.0587e-01  4.3157e-03     7.1162e-02  5.2054e-04     4.7640e-01  3.4848e-03 
7.5114e+00     1.0491e-01  2.3549e-04     7.8805e-01  1.7688e-03     9.2561e-02  2.5860e-04     6.9526e-01  1.9424e-03 
8.4279e+00     1.2151e-01  7.6368e-04     1.0241e+00  6.4362e-03     1.2029e-01  7.8201e-04     1.0138e+00  6.5907e-03 
9.4563e+00     1.2792e-01  4.3874e-04     1.2097e+00  4.1488e-03     1.4208e-01  5.4160e-04     1.3436e+00  5.1215e-03 
1.0610e+01     1.0396e-01  2.5671e-04     1.1030e+00  2.7238e-03     1.2956e-01  3.8574e-04     1.3746e+00  4.0928e-03 
1.1905e+01     6.7009e-02  4.9314e-04     7.9773e-01  5.8707e-03     9.3697e-02  7.0695e-04     1.1154e+00  8.4160e-03 
1.3357e+01     3.6260e-02  1.6839e-04     4.8434e-01  2.2492e-03     5.6889e-02  2.8062e-04     7.5988e-01  3.7484e-03 
1.4987e+01     1.7042e-02  1.7392e-04     2.5542e-01  2.6065e-03     3.0000e-02  3.1019e-04     4.4962e-01  4.6489e-03 
1.6816e+01     6.7274e-03  4.8528e-05     1.1313e-01  8.1604e-04     1.3287e-02  9.8364e-05     2.2344e-01  1.6541e-03 
1.8868e+01     2.1965e-03  4.1133e-05     4.1442e-02  7.7608e-04     4.8676e-03  9.1514e-05     9.1841e-02  1.7267e-03 
2.1170e+01     5.6155e-04  2.9426e-05     1.1888e-02  6.2294e-04     1.3963e-03  7.3205e-05     2.9560e-02  1.5497e-03 
2.3753e+01     1.2787e-04  1.6694e-05     3.0373e-03  3.9653e-04     3.5674e-04  4.6578e-05     8.4737e-03  1.1064e-03 
2.6651e+01     1.6654e-05  2.2207e-06     4.4384e-04  5.9184e-05     5.2131e-05  6.9520e-06     1.3894e-03  1.8528e-04 
2.9903e+01     2.3282e-06  9.1005e-07     6.9622e-05  2.7213e-05     8.1775e-06  3.1964e-06     2.4453e-04  9.5583e-05 
3.3552e+01     5.1876e-07  3.3633e-07     1.7405e-05  1.1285e-05     2.0444e-06  1.3255e-06     6.8593e-05  4.4472e-05 
3.7646e+01     0.0000e+00  0.0000e+00     0.0000e+00  0.0000e+00     0.0000e+00  0.0000e+00     0.0000e+00  0.0000e+00 
4.2240e+01     0.0000e+00  0.0000e+00     0.0000e+00  0.0000e+00     0.0000e+00  0.0000e+00     0.0000e+00  0.0000e+00 
4.7394e+01     1.8363e-07  5.5082e-08     8.7027e-06  2.6105e-06     1.0222e-06  3.0662e-07     4.8445e-05  1.4532e-05 
5.3176e+01     0.0000e+00  0.0000e+00     0.0000e+00  0.0000e+00     0.0000e+00  0.0000e+00     0.0000e+00  0.0000e+00 
5.9665e+01     1.4586e-07  2.5264e-08     8.7027e-06  1.5074e-06     1.0222e-06  1.7706e-07     6.0989e-05  1.0564e-05 
6.6945e+01     0.0000e+00  0.0000e+00     0.0000e+00  0.0000e+00     0.0000e+00  0.0000e+00     0.0000e+00  0.0000e+00 
7.5114e+01     2.3172e-07  1.3144e-07     1.7405e-05  9.8727e-06     2.0444e-06  1.1596e-06     1.5356e-04  8.7103e-05 
8.4279e+01     0.0000e+00  0.0000e+00     0.0000e+00  0.0000e+00     0.0000e+00  0.0000e+00     0.0000e+00  0.0000e+00 
9.4563e+01     9.2031e-08  3.5638e-08     8.7027e-06  3.3700e-06     1.0222e-06  3.9583e-07     9.6660e-05  3.7431e-05 
1.0610e+02     8.2023e-08  5.6237e-08     8.7027e-06  5.9668e-06     1.0222e-06  7.0083e-07     1.0845e-04  7.4359e-05 
1.1905e+02     1.4621e-07  1.1311e-07     1.7405e-05  1.3465e-05     2.0444e-06  1.5816e-06     2.4338e-04  1.8828e-04 
1.3357e+02     6.5153e-08  6.4214e-08     8.7027e-06  8.5773e-06     1.0222e-06  1.0075e-06     1.3654e-04  1.3457e-04 
1.4987e+02     0.0000e+00  0.0000e+00     0.0000e+00  0.0000e+00     0.0000e+00  0.0000e+00     0.0000e+00  0.0000e+00 
1.6816e+02     0.0000e+00  0.0000e+00     0.0000e+00  0.0000e+00     0.0000e+00  0.0000e+00     0.0000e+00  0.0000e+00 
1.8868e+02     4.6125e-08  4.9677e-08     8.7027e-06  9.3729e-06     1.0222e-06  1.1009e-06     1.9286e-04  2.0772e-04 
2.1170e+02     0.0000e+00  0.0000e+00     0.0000e+00  0.0000e+00     0.0000e+00  0.0000e+00     0.0000e+00  0.0000e+00 
2.3753e+02     0.0000e+00  0.0000e+00     0.0000e+00  0.0000e+00     0.0000e+00  0.0000e+00     0.0000e+00  0.0000e+00 
2.6651e+02     0.0000e+00  0.0000e+00     0.0000e+00  0.0000e+00     0.0000e+00  0.0000e+00     0.0000e+00  0.0000e+00 
2.9903e+02     0.0000e+00  0.0000e+00     0.0000e+00  0.0000e+00     0.0000e+00  0.0000e+00     0.0000e+00  0.0000e+00 
3.3552e+02     0.0000e+00  0.0000e+00     0.0000e+00  0.0000e+00     0.0000e+00  0.0000e+00     0.0000e+00  0.0000e+00 
3.7646e+02     0.0000e+00  0.0000e+00     0.0000e+00  0.0000e+00     0.0000e+00  0.0000e+00     0.0000e+00  0.0000e+00 
4.2240e+02     0.0000e+00  0.0000e+00     0.0000e+00  0.0000e+00     0.0000e+00  0.0000e+00     0.0000e+00  0.0000e+00 
4.7394e+02     1.8363e-08  1.1830e-08     8.7027e-06  5.6068e-06     1.0222e-06  6.5855e-07     4.8445e-04  3.1211e-04 
5.3176e+02     1.6366e-08  7.3188e-09     8.7027e-06  3.8919e-06     1.0222e-06  4.5713e-07     5.4356e-04  2.4308e-04 
5.9665e+02     0.0000e+00  0.0000e+00     0.0000e+00  0.0000e+00     0.0000e+00  0.0000e+00     0.0000e+00  0.0000e+00 
6.6945e+02     0.0000e+00  0.0000e+00     0.0000e+00  0.0000e+00     0.0000e+00  0.0000e+00     0.0000e+00  0.0000e+00 
7.5114e+02     0.0000e+00  0.0000e+00     0.0000e+00  0.0000e+00     0.0000e+00  0.0000e+00     0.0000e+00  0.0000e+00 
8.4279e+02     0.0000e+00  0.0000e+00     0.0000e+00  0.0000e+00     0.0000e+00  0.0000e+00     0.0000e+00  0.0000e+00 
9.4563e+02     0.0000e+00  0.0000e+00     0.0000e+00  0.0000e+00     0.0000e+00  0.0000e+00     0.0000e+00  0.0000e+00 
1.0610e+03     0.0000e+00  0.0000e+00     0.0000e+00  0.0000e+00     0.0000e+00  0.0000e+00     0.0000e+00  0.0000e+00 
1.1905e+03     0.0000e+00  0.0000e+00     0.0000e+00  0.0000e+00     0.0000e+00  0.0000e+00     0.0000e+00  0.0000e+00 
1.3357e+03     0.0000e+00  0.0000e+00     0.0000e+00  0.0000e+00     0.0000e+00  0.0000e+00     0.0000e+00  0.0000e+00 
1.4987e+03     0.0000e+00  0.0000e+00     0.0000e+00  0.0000e+00     0.0000e+00  0.0000e+00     0.0000e+00  0.0000e+00 
1.6816e+03     0.0000e+00  0.0000e+00     0.0000e+00  0.0000e+00     0.0000e+00  0.0000e+00     0.0000e+00  0.0000e+00 
1.8868e+03     0.0000e+00  0.0000e+00     0.0000e+00  0.0000e+00     0.0000e+00  0.0000e+00     0.0000e+00  0.0000e+00 
2.1170e+03     0.0000e+00  0.0000e+00     0.0000e+00  0.0000e+00     0.0000e+00  0.0000e+00     0.0000e+00  0.0000e+00 
2.3753e+03     0.0000e+00  0.0000e+00     0.0000e+00  0.0000e+00     0.0000e+00  0.0000e+00     0.0000e+00  0.0000e+00 
2.6651e+03     0.0000e+00  0.0000e+00     0.0000e+00  0.0000e+00     0.0000e+00  0.0000e+00     0.0000e+00  0.0000e+00 
2.9903e+03     0.0000e+00  0.0000e+00     0.0000e+00  0.0000e+00     0.0000e+00  0.0000e+00     0.0000e+00  0.0000e+00 
3.3552e+03     0.0000e+00  0.0000e+00     0.0000e+00  0.0000e+00     0.0000e+00  0.0000e+00     0.0000e+00  0.0000e+00 
3.7646e+03     0.0000e+00  0.0000e+00     0.0000e+00  0.0000e+00     0.0000e+00  0.0000e+00     0.0000e+00  0.0000e+00 
4.2240e+03     0.0000e+00  0.0000e+00     0.0000e+00  0.0000e+00     0.0000e+00  0.0000e+00     0.0000e+00  0.0000e+00 
4.7394e+03     0.0000e+00  0.0000e+00     0.0000e+00  0.0000e+00     0.0000e+00  0.0000e+00     0.0000e+00  0.0000e+00 
5.3176e+03     0.0000e+00  0.0000e+00     0.0000e+00  0.0000e+00     0.0000e+00  0.0000e+00     0.0000e+00  0.0000e+00 
5.9665e+03     0.0000e+00  0.0000e+00     0.0000e+00  0.0000e+00     0.0000e+00  0.0000e+00     0.0000e+00  0.0000e+00 
6.6945e+03     0.0000e+00  0.0000e+00     0.0000e+00  0.0000e+00     0.0000e+00  0.0000e+00     0.0000e+00  0.0000e+00 
7.5114e+03     0.0000e+00  0.0000e+00     0.0000e+00  0.0000e+00     0.0000e+00  0.0000e+00     0.0000e+00  0.0000e+00 
8.4279e+03     0.0000e+00  0.0000e+00     0.0000e+00  0.0000e+00     0.0000e+00  0.0000e+00     0.0000e+00  0.0000e+00 
9.4563e+03     0.0000e+00  0.0000e+00     0.0000e+00  0.0000e+00     0.0000e+00  0.0000e+00     0.0000e+00  0.0000e+00 
