yF = 8.9670e-01 (std: 4.2250e-03) keV/um
yD = 1.8274e+00 (std: 2.0178e-02) keV/um
y (keV/um)     f(y)(std)                  yf(y)(std)                 d(y)(std)                  yd(y)(std)  
1.0610e-01     4.4964e+00  5.5549e-02     4.7707e-01  5.8937e-03     5.3203e-01  7.0345e-03     5.6449e-02  7.4637e-04 
1.1905e-01     6.8162e-01  2.3477e-02     8.1145e-02  2.7949e-03     9.0493e-02  3.1459e-03     1.0773e-02  3.7451e-04 
1.3357e-01     7.0403e-01  2.1329e-02     9.4039e-02  2.8490e-03     1.0487e-01  3.2153e-03     1.4008e-02  4.2948e-04 
1.4987e-01     7.2647e-01  2.0910e-02     1.0888e-01  3.1338e-03     1.2142e-01  3.5413e-03     1.8197e-02  5.3074e-04 
1.6816e-01     7.3365e-01  2.6099e-02     1.2337e-01  4.3887e-03     1.3758e-01  4.9370e-03     2.3136e-02  8.3020e-04 
1.8868e-01     7.8927e-01  2.9234e-02     1.4892e-01  5.5157e-03     1.6607e-01  6.2007e-03     3.1334e-02  1.1699e-03 
2.1170e-01     8.1883e-01  1.4874e-02     1.7335e-01  3.1488e-03     1.9332e-01  3.6278e-03     4.0925e-02  7.6800e-04 
2.3753e-01     8.4945e-01  1.7634e-02     2.0177e-01  4.1885e-03     2.2502e-01  4.7898e-03     5.3448e-02  1.1377e-03 
2.6651e-01     8.6023e-01  2.0322e-02     2.2926e-01  5.4161e-03     2.5567e-01  6.1590e-03     6.8141e-02  1.6415e-03 
2.9903e-01     9.0165e-01  1.5761e-02     2.6962e-01  4.7130e-03     3.0068e-01  5.4435e-03     8.9914e-02  1.6278e-03 
3.3552e-01     9.1349e-01  1.5620e-02     3.0649e-01  5.2408e-03     3.4180e-01  6.0623e-03     1.1468e-01  2.0340e-03 
3.7646e-01     9.2468e-01  9.8516e-03     3.4810e-01  3.7087e-03     3.8821e-01  4.5224e-03     1.4614e-01  1.7025e-03 
4.2240e-01     9.3960e-01  2.9413e-02     3.9688e-01  1.2424e-02     4.4260e-01  1.4011e-02     1.8695e-01  5.9182e-03 
4.7394e-01     9.0914e-01  5.6500e-03     4.3088e-01  2.6777e-03     4.8051e-01  3.7474e-03     2.2773e-01  1.7760e-03 
5.3176e-01     8.8587e-01  1.8132e-02     4.7108e-01  9.6417e-03     5.2534e-01  1.1034e-02     2.7936e-01  5.8673e-03 
5.9665e-01     8.3097e-01  1.2656e-02     4.9580e-01  7.5513e-03     5.5291e-01  8.8149e-03     3.2989e-01  5.2594e-03 
6.6945e-01     7.5676e-01  8.0992e-03     5.0661e-01  5.4220e-03     5.6497e-01  6.6066e-03     3.7822e-01  4.4228e-03 
7.5114e-01     6.6627e-01  1.0264e-02     5.0046e-01  7.7100e-03     5.5811e-01  8.9913e-03     4.1922e-01  6.7537e-03 
8.4279e-01     5.6745e-01  1.0031e-02     4.7824e-01  8.4541e-03     5.3333e-01  9.7572e-03     4.4949e-01  8.2232e-03 
9.4563e-01     4.5886e-01  8.5778e-03     4.3391e-01  8.1114e-03     4.8390e-01  9.3287e-03     4.5759e-01  8.8214e-03 
1.0610e+00     3.5671e-01  4.1734e-03     3.7847e-01  4.4280e-03     4.2207e-01  5.3236e-03     4.4782e-01  5.6483e-03 
1.1905e+00     2.7525e-01  4.5894e-03     3.2767e-01  5.4636e-03     3.6542e-01  6.3316e-03     4.3502e-01  7.5376e-03 
1.3357e+00     2.0732e-01  3.2060e-03     2.7692e-01  4.2824e-03     3.0882e-01  4.9925e-03     4.1251e-01  6.6686e-03 
1.4987e+00     1.4915e-01  2.4684e-03     2.2354e-01  3.6994e-03     2.4929e-01  4.2895e-03     3.7361e-01  6.4287e-03 
1.6816e+00     1.1764e-01  2.4560e-03     1.9783e-01  4.1299e-03     2.2062e-01  4.7215e-03     3.7099e-01  7.9396e-03 
1.8868e+00     9.3287e-02  1.2473e-03     1.7601e-01  2.3534e-03     1.9629e-01  2.7827e-03     3.7035e-01  5.2503e-03 
2.1170e+00     8.1493e-02  1.4065e-03     1.7252e-01  2.9776e-03     1.9239e-01  3.4421e-03     4.0730e-01  7.2870e-03 
2.3753e+00     6.9334e-02  1.5994e-03     1.6469e-01  3.7991e-03     1.8366e-01  4.3242e-03     4.3625e-01  1.0271e-02 
2.6651e+00     5.3847e-02  9.8454e-04     1.4351e-01  2.6239e-03     1.6004e-01  3.0218e-03     4.2653e-01  8.0535e-03 
2.9903e+00     3.5243e-02  1.5079e-03     1.0539e-01  4.5090e-03     1.1753e-01  5.0588e-03     3.5145e-01  1.5128e-02 
3.3552e+00     2.2049e-02  7.4448e-04     7.3979e-02  2.4979e-03     8.2502e-02  2.8126e-03     2.7681e-01  9.4369e-03 
3.7646e+00     1.3905e-02  6.6795e-04     5.2348e-02  2.5146e-03     5.8378e-02  2.8177e-03     2.1977e-01  1.0608e-02 
4.2240e+00     9.3594e-03  4.2085e-04     3.9534e-02  1.7776e-03     4.4088e-02  1.9933e-03     1.8623e-01  8.4195e-03 
4.7394e+00     5.5929e-03  2.8243e-04     2.6507e-02  1.3385e-03     2.9560e-02  1.4992e-03     1.4010e-01  7.1053e-03 
5.3176e+00     3.7824e-03  2.4482e-04     2.0113e-02  1.3018e-03     2.2430e-02  1.4557e-03     1.1928e-01  7.7406e-03 
5.9665e+00     2.4155e-03  1.1144e-04     1.4412e-02  6.6489e-04     1.6073e-02  7.4535e-04     9.5897e-02  4.4471e-03 
6.6945e+00     1.4405e-03  1.9701e-04     9.6437e-03  1.3189e-03     1.0755e-02  1.4717e-03     7.1997e-02  9.8520e-03 
7.5114e+00     9.4695e-04  1.3107e-04     7.1129e-03  9.8452e-04     7.9323e-03  1.0986e-03     5.9582e-02  8.2518e-03 
8.4279e+00     5.2788e-04  1.1788e-04     4.4489e-03  9.9347e-04     4.9614e-03  1.1082e-03     4.1814e-02  9.3394e-03 
9.4563e+00     3.1834e-04  3.6212e-05     3.0103e-03  3.4243e-04     3.3571e-03  3.8220e-04     3.1746e-02  3.6142e-03 
1.0610e+01     1.1801e-04  3.8772e-05     1.2521e-03  4.1138e-04     1.3963e-03  4.5881e-04     1.4815e-02  4.8681e-03 
1.1905e+01     3.3567e-05  9.7788e-06     3.9960e-04  1.1641e-04     4.4563e-04  1.2984e-04     5.3051e-03  1.5457e-03 
1.3357e+01     1.1966e-05  5.3949e-06     1.5984e-04  7.2061e-05     1.7825e-04  8.0367e-05     2.3810e-03  1.0735e-03 
1.4987e+01     5.3326e-06  3.7997e-06     7.9920e-05  5.6947e-05     8.9127e-05  6.3509e-05     1.3358e-03  9.5181e-04 
1.6816e+01     3.1684e-06  3.4493e-06     5.3280e-05  5.8003e-05     5.9418e-05  6.4685e-05     9.9916e-04  1.0877e-03 
1.8868e+01     0.0000e+00  0.0000e+00     0.0000e+00  0.0000e+00     0.0000e+00  0.0000e+00     0.0000e+00  0.0000e+00 
2.1170e+01     0.0000e+00  0.0000e+00     0.0000e+00  0.0000e+00     0.0000e+00  0.0000e+00     0.0000e+00  0.0000e+00 
2.3753e+01     0.0000e+00  0.0000e+00     0.0000e+00  0.0000e+00     0.0000e+00  0.0000e+00     0.0000e+00  0.0000e+00 
2.6651e+01     0.0000e+00  0.0000e+00     0.0000e+00  0.0000e+00     0.0000e+00  0.0000e+00     0.0000e+00  0.0000e+00 
2.9903e+01     0.0000e+00  0.0000e+00     0.0000e+00  0.0000e+00     0.0000e+00  0.0000e+00     0.0000e+00  0.0000e+00 
3.3552e+01     0.0000e+00  0.0000e+00     0.0000e+00  0.0000e+00     0.0000e+00  0.0000e+00     0.0000e+00  0.0000e+00 
3.7646e+01     0.0000e+00  0.0000e+00     0.0000e+00  0.0000e+00     0.0000e+00  0.0000e+00     0.0000e+00  0.0000e+00 
4.2240e+01     0.0000e+00  0.0000e+00     0.0000e+00  0.0000e+00     0.0000e+00  0.0000e+00     0.0000e+00  0.0000e+00 
4.7394e+01     0.0000e+00  0.0000e+00     0.0000e+00  0.0000e+00     0.0000e+00  0.0000e+00     0.0000e+00  0.0000e+00 
5.3176e+01     0.0000e+00  0.0000e+00     0.0000e+00  0.0000e+00     0.0000e+00  0.0000e+00     0.0000e+00  0.0000e+00 
5.9665e+01     0.0000e+00  0.0000e+00     0.0000e+00  0.0000e+00     0.0000e+00  0.0000e+00     0.0000e+00  0.0000e+00 
6.6945e+01     0.0000e+00  0.0000e+00     0.0000e+00  0.0000e+00     0.0000e+00  0.0000e+00     0.0000e+00  0.0000e+00 
7.5114e+01     0.0000e+00  0.0000e+00     0.0000e+00  0.0000e+00     0.0000e+00  0.0000e+00     0.0000e+00  0.0000e+00 
8.4279e+01     0.0000e+00  0.0000e+00     0.0000e+00  0.0000e+00     0.0000e+00  0.0000e+00     0.0000e+00  0.0000e+00 
9.4563e+01     0.0000e+00  0.0000e+00     0.0000e+00  0.0000e+00     0.0000e+00  0.0000e+00     0.0000e+00  0.0000e+00 
1.0610e+02     0.0000e+00  0.0000e+00     0.0000e+00  0.0000e+00     0.0000e+00  0.0000e+00     0.0000e+00  0.0000e+00 
1.1905e+02     0.0000e+00  0.0000e+00     0.0000e+00  0.0000e+00     0.0000e+00  0.0000e+00     0.0000e+00  0.0000e+00 
1.3357e+02     0.0000e+00  0.0000e+00     0.0000e+00  0.0000e+00     0.0000e+00  0.0000e+00     0.0000e+00  0.0000e+00 
1.4987e+02     0.0000e+00  0.0000e+00     0.0000e+00  0.0000e+00     0.0000e+00  0.0000e+00     0.0000e+00  0.0000e+00 
1.6816e+02     0.0000e+00  0.0000e+00     0.0000e+00  0.0000e+00     0.0000e+00  0.0000e+00     0.0000e+00  0.0000e+00 
1.8868e+02     0.0000e+00  0.0000e+00     0.0000e+00  0.0000e+00     0.0000e+00  0.0000e+00     0.0000e+00  0.0000e+00 
2.1170e+02     0.0000e+00  0.0000e+00     0.0000e+00  0.0000e+00     0.0000e+00  0.0000e+00     0.0000e+00  0.0000e+00 
2.3753e+02     0.0000e+00  0.0000e+00     0.0000e+00  0.0000e+00     0.0000e+00  0.0000e+00     0.0000e+00  0.0000e+00 
2.6651e+02     0.0000e+00  0.0000e+00     0.0000e+00  0.0000e+00     0.0000e+00  0.0000e+00     0.0000e+00  0.0000e+00 
2.9903e+02     0.0000e+00  0.0000e+00     0.0000e+00  0.0000e+00     0.0000e+00  0.0000e+00     0.0000e+00  0.0000e+00 
3.3552e+02     0.0000e+00  0.0000e+00     0.0000e+00  0.0000e+00     0.0000e+00  0.0000e+00     0.0000e+00  0.0000e+00 
3.7646e+02     0.0000e+00  0.0000e+00     0.0000e+00  0.0000e+00     0.0000e+00  0.0000e+00     0.0000e+00  0.0000e+00 
4.2240e+02     0.0000e+00  0.0000e+00     0.0000e+00  0.0000e+00     0.0000e+00  0.0000e+00     0.0000e+00  0.0000e+00 
4.7394e+02     0.0000e+00  0.0000e+00     0.0000e+00  0.0000e+00     0.0000e+00  0.0000e+00     0.0000e+00  0.0000e+00 
5.3176e+02     0.0000e+00  0.0000e+00     0.0000e+00  0.0000e+00     0.0000e+00  0.0000e+00     0.0000e+00  0.0000e+00 
5.9665e+02     0.0000e+00  0.0000e+00     0.0000e+00  0.0000e+00     0.0000e+00  0.0000e+00     0.0000e+00  0.0000e+00 
6.6945e+02     0.0000e+00  0.0000e+00     0.0000e+00  0.0000e+00     0.0000e+00  0.0000e+00     0.0000e+00  0.0000e+00 
7.5114e+02     0.0000e+00  0.0000e+00     0.0000e+00  0.0000e+00     0.0000e+00  0.0000e+00     0.0000e+00  0.0000e+00 
8.4279e+02     0.0000e+00  0.0000e+00     0.0000e+00  0.0000e+00     0.0000e+00  0.0000e+00     0.0000e+00  0.0000e+00 
9.4563e+02     0.0000e+00  0.0000e+00     0.0000e+00  0.0000e+00     0.0000e+00  0.0000e+00     0.0000e+00  0.0000e+00 
1.0610e+03     0.0000e+00  0.0000e+00     0.0000e+00  0.0000e+00     0.0000e+00  0.0000e+00     0.0000e+00  0.0000e+00 
1.1905e+03     0.0000e+00  0.0000e+00     0.0000e+00  0.0000e+00     0.0000e+00  0.0000e+00     0.0000e+00  0.0000e+00 
1.3357e+03     0.0000e+00  0.0000e+00     0.0000e+00  0.0000e+00     0.0000e+00  0.0000e+00     0.0000e+00  0.0000e+00 
1.4987e+03     0.0000e+00  0.0000e+00     0.0000e+00  0.0000e+00     0.0000e+00  0.0000e+00     0.0000e+00  0.0000e+00 
1.6816e+03     0.0000e+00  0.0000e+00     0.0000e+00  0.0000e+00     0.0000e+00  0.0000e+00     0.0000e+00  0.0000e+00 
1.8868e+03     0.0000e+00  0.0000e+00     0.0000e+00  0.0000e+00     0.0000e+00  0.0000e+00     0.0000e+00  0.0000e+00 
2.1170e+03     0.0000e+00  0.0000e+00     0.0000e+00  0.0000e+00     0.0000e+00  0.0000e+00     0.0000e+00  0.0000e+00 
2.3753e+03     0.0000e+00  0.0000e+00     0.0000e+00  0.0000e+00     0.0000e+00  0.0000e+00     0.0000e+00  0.0000e+00 
2.6651e+03     0.0000e+00  0.0000e+00     0.0000e+00  0.0000e+00     0.0000e+00  0.0000e+00     0.0000e+00  0.0000e+00 
2.9903e+03     0.0000e+00  0.0000e+00     0.0000e+00  0.0000e+00     0.0000e+00  0.0000e+00     0.0000e+00  0.0000e+00 
3.3552e+03     0.0000e+00  0.0000e+00     0.0000e+00  0.0000e+00     0.0000e+00  0.0000e+00     0.0000e+00  0.0000e+00 
3.7646e+03     0.0000e+00  0.0000e+00     0.0000e+00  0.0000e+00     0.0000e+00  0.0000e+00     0.0000e+00  0.0000e+00 
4.2240e+03     0.0000e+00  0.0000e+00     0.0000e+00  0.0000e+00     0.0000e+00  0.0000e+00     0.0000e+00  0.0000e+00 
4.7394e+03     0.0000e+00  0.0000e+00     0.0000e+00  0.0000e+00     0.0000e+00  0.0000e+00     0.0000e+00  0.0000e+00 
5.3176e+03     0.0000e+00  0.0000e+00     0.0000e+00  0.0000e+00     0.0000e+00  0.0000e+00     0.0000e+00  0.0000e+00 
5.9665e+03     0.0000e+00  0.0000e+00     0.0000e+00  0.0000e+00     0.0000e+00  0.0000e+00     0.0000e+00  0.0000e+00 
6.6945e+03     0.0000e+00  0.0000e+00     0.0000e+00  0.0000e+00     0.0000e+00  0.0000e+00     0.0000e+00  0.0000e+00 
7.5114e+03     0.0000e+00  0.0000e+00     0.0000e+00  0.0000e+00     0.0000e+00  0.0000e+00     0.0000e+00  0.0000e+00 
8.4279e+03     0.0000e+00  0.0000e+00     0.0000e+00  0.0000e+00     0.0000e+00  0.0000e+00     0.0000e+00  0.0000e+00 
9.4563e+03     0.0000e+00  0.0000e+00     0.0000e+00  0.0000e+00     0.0000e+00  0.0000e+00     0.0000e+00  0.0000e+00 
