yF = 3.4909e+00 (std: 7.3108e-03) keV/um
yD = 6.0963e+00 (std: 4.6155e-01) keV/um
y (keV/um)     f(y)(std)                  yf(y)(std)                 d(y)(std)                  yd(y)(std)  
1.0610e-03     0.0000e+00  0.0000e+00     0.0000e+00  0.0000e+00     0.0000e+00  0.0000e+00     0.0000e+00  0.0000e+00 
1.1905e-03     0.0000e+00  0.0000e+00     0.0000e+00  0.0000e+00     0.0000e+00  0.0000e+00     0.0000e+00  0.0000e+00 
1.3357e-03     0.0000e+00  0.0000e+00     0.0000e+00  0.0000e+00     0.0000e+00  0.0000e+00     0.0000e+00  0.0000e+00 
1.4987e-03     5.8103e-03  6.6007e-03     8.7080e-06  9.8925e-06     2.4945e-06  2.8338e-06     3.7385e-09  4.2471e-09 
1.6816e-03     5.1784e-03  5.3213e-03     8.7080e-06  8.9483e-06     2.4945e-06  2.5633e-06     4.1947e-09  4.3104e-09 
1.8868e-03     0.0000e+00  0.0000e+00     0.0000e+00  0.0000e+00     0.0000e+00  0.0000e+00     0.0000e+00  0.0000e+00 
2.1170e-03     0.0000e+00  0.0000e+00     0.0000e+00  0.0000e+00     0.0000e+00  0.0000e+00     0.0000e+00  0.0000e+00 
2.3753e-03     0.0000e+00  0.0000e+00     0.0000e+00  0.0000e+00     0.0000e+00  0.0000e+00     0.0000e+00  0.0000e+00 
2.6651e-03     0.0000e+00  0.0000e+00     0.0000e+00  0.0000e+00     0.0000e+00  0.0000e+00     0.0000e+00  0.0000e+00 
2.9903e-03     0.0000e+00  0.0000e+00     0.0000e+00  0.0000e+00     0.0000e+00  0.0000e+00     0.0000e+00  0.0000e+00 
3.3552e-03     0.0000e+00  0.0000e+00     0.0000e+00  0.0000e+00     0.0000e+00  0.0000e+00     0.0000e+00  0.0000e+00 
3.7646e-03     0.0000e+00  0.0000e+00     0.0000e+00  0.0000e+00     0.0000e+00  0.0000e+00     0.0000e+00  0.0000e+00 
4.2240e-03     0.0000e+00  0.0000e+00     0.0000e+00  0.0000e+00     0.0000e+00  0.0000e+00     0.0000e+00  0.0000e+00 
4.7394e-03     3.6747e-03  2.5801e-03     1.7416e-05  1.2228e-05     4.9889e-06  3.5029e-06     2.3644e-08  1.6601e-08 
5.3176e-03     0.0000e+00  0.0000e+00     0.0000e+00  0.0000e+00     0.0000e+00  0.0000e+00     0.0000e+00  0.0000e+00 
5.9665e-03     1.4595e-03  8.5307e-04     8.7080e-06  5.0899e-06     2.4945e-06  1.4580e-06     1.4883e-08  8.6994e-09 
6.6945e-03     1.3008e-03  9.5712e-04     8.7080e-06  6.4074e-06     2.4945e-06  1.8355e-06     1.6699e-08  1.2288e-08 
7.5114e-03     0.0000e+00  0.0000e+00     0.0000e+00  0.0000e+00     0.0000e+00  0.0000e+00     0.0000e+00  0.0000e+00 
8.4279e-03     0.0000e+00  0.0000e+00     0.0000e+00  0.0000e+00     0.0000e+00  0.0000e+00     0.0000e+00  0.0000e+00 
9.4563e-03     9.2087e-04  1.8417e-03     8.7080e-06  1.7416e-05     2.4945e-06  4.9890e-06     2.3588e-08  4.7177e-08 
1.0610e-02     4.1036e-03  1.6827e-03     4.3540e-05  1.7853e-05     1.2472e-05  5.1143e-06     1.3233e-07  5.4263e-08 
1.1905e-02     2.9259e-03  1.5056e-03     3.4832e-05  1.7923e-05     9.9779e-06  5.1343e-06     1.1878e-07  6.1123e-08 
1.3357e-02     1.9558e-03  2.3946e-03     2.6124e-05  3.1985e-05     7.4834e-06  9.1624e-06     9.9958e-08  1.2238e-07 
1.4987e-02     1.1621e-03  1.0588e-03     1.7416e-05  1.5868e-05     4.9889e-06  4.5456e-06     7.4770e-08  6.8125e-08 
1.6816e-02     0.0000e+00  0.0000e+00     0.0000e+00  0.0000e+00     0.0000e+00  0.0000e+00     0.0000e+00  0.0000e+00 
1.8868e-02     4.6153e-04  1.5733e-03     8.7080e-06  2.9684e-05     2.4945e-06  8.5032e-06     4.7065e-08  1.6044e-07 
2.1170e-02     8.2267e-04  1.0094e-03     1.7416e-05  2.1369e-05     4.9889e-06  6.1214e-06     1.0562e-07  1.2959e-07 
2.3753e-02     2.0530e-02  3.4536e-03     4.8765e-04  8.2034e-05     1.3969e-04  2.3501e-05     3.3181e-06  5.5823e-07 
2.6651e-02     1.5030e-02  3.8117e-03     4.0057e-04  1.0159e-04     1.1475e-04  2.9102e-05     3.0581e-06  7.7560e-07 
2.9903e-02     1.5434e-02  5.5276e-03     4.6152e-04  1.6529e-04     1.3221e-04  4.7351e-05     3.9534e-06  1.4160e-06 
3.3552e-02     1.2198e-02  2.3165e-03     4.0927e-04  7.7723e-05     1.1724e-04  2.2266e-05     3.9337e-06  7.4706e-07 
3.7646e-02     6.9393e-03  1.5027e-03     2.6124e-04  5.6570e-05     7.4834e-05  1.6206e-05     2.8172e-06  6.1009e-07 
4.2240e-02     5.9785e-03  1.1781e-03     2.5253e-04  4.9764e-05     7.2340e-05  1.4256e-05     3.0556e-06  6.0217e-07 
4.7394e-02     7.7170e-03  1.4874e-03     3.6573e-04  7.0495e-05     1.0477e-04  2.0195e-05     4.9653e-06  9.5712e-07 
5.3176e-02     1.3592e-02  1.6431e-03     7.2276e-04  8.7375e-05     2.0704e-04  2.5033e-05     1.1010e-05  1.3312e-06 
5.9665e-02     1.5616e-02  2.9779e-03     9.3175e-04  1.7767e-04     2.6691e-04  5.0899e-05     1.5925e-05  3.0369e-06 
6.6945e-02     1.3918e-02  5.1505e-03     9.3175e-04  3.4480e-04     2.6691e-04  9.8772e-05     1.7868e-05  6.6123e-06 
7.5114e-02     1.1477e-02  2.1009e-03     8.6209e-04  1.5780e-04     2.4695e-04  4.5207e-05     1.8550e-05  3.3957e-06 
8.4279e-02     1.4879e-02  1.3709e-03     1.2539e-03  1.1554e-04     3.5920e-04  3.3106e-05     3.0273e-05  2.7901e-06 
9.4563e-02     1.5931e-02  2.0294e-03     1.5065e-03  1.9190e-04     4.3154e-04  5.4979e-05     4.0808e-05  5.1990e-06 
1.0610e-01     1.7810e-02  1.6952e-03     1.8896e-03  1.7986e-04     5.4130e-04  5.1536e-05     5.7432e-05  5.4680e-06 
1.1905e-01     1.9018e-02  1.5007e-03     2.2641e-03  1.7866e-04     6.4856e-04  5.1196e-05     7.7210e-05  6.0947e-06 
1.3357e-01     1.7928e-02  2.3123e-03     2.3947e-03  3.0886e-04     6.8598e-04  8.8486e-05     9.1628e-05  1.1819e-05 
1.4987e-01     2.2660e-02  1.9669e-03     3.3961e-03  2.9479e-04     9.7284e-04  8.4469e-05     1.4580e-04  1.2659e-05 
1.6816e-01     2.2940e-02  2.2245e-03     3.8576e-03  3.7406e-04     1.1051e-03  1.0718e-04     1.8582e-04  1.8023e-05 
1.8868e-01     2.5199e-02  1.2772e-03     4.7545e-03  2.4098e-04     1.3620e-03  6.9090e-05     2.5697e-04  1.3036e-05 
2.1170e-01     2.8588e-02  1.6068e-03     6.0520e-03  3.4017e-04     1.7337e-03  9.7511e-05     3.6701e-04  2.0643e-05 
2.3753e-01     3.0025e-02  3.3193e-03     7.1318e-03  7.8843e-04     2.0430e-03  2.2589e-04     4.8527e-04  5.3657e-05 
2.6651e-01     3.4928e-02  2.2547e-03     9.3088e-03  6.0091e-04     2.6666e-03  1.7223e-04     7.1068e-04  4.5900e-05 
2.9903e-01     3.5818e-02  1.1654e-03     1.0711e-02  3.4849e-04     3.0682e-03  1.0003e-04     9.1749e-04  2.9914e-05 
3.3552e-01     4.1759e-02  2.0883e-03     1.4011e-02  7.0066e-04     4.0136e-03  2.0089e-04     1.3466e-03  6.7401e-05 
3.7646e-01     4.5083e-02  1.3684e-03     1.6972e-02  5.1514e-04     4.8617e-03  1.4792e-04     1.8302e-03  5.5685e-05 
4.2240e-01     4.8591e-02  9.2172e-04     2.0525e-02  3.8933e-04     5.8795e-03  1.1220e-04     2.4835e-03  4.7395e-05 
4.7394e-01     5.6021e-02  1.2002e-03     2.6551e-02  5.6882e-04     7.6056e-03  1.6372e-04     3.6046e-03  7.7592e-05 
5.3176e-01     5.9312e-02  2.0917e-03     3.1540e-02  1.1123e-03     9.0350e-03  3.1919e-04     4.8045e-03  1.6973e-04 
5.9665e-01     6.3808e-02  1.3143e-03     3.8071e-02  7.8416e-04     1.0906e-02  2.2579e-04     6.5070e-03  1.3472e-04 
6.6945e-01     7.2843e-02  2.5854e-03     4.8765e-02  1.7308e-03     1.3969e-02  4.9666e-04     9.3516e-03  3.3249e-04 
7.5114e-01     7.9401e-02  1.2235e-03     5.9641e-02  9.1903e-04     1.7085e-02  2.6569e-04     1.2833e-02  1.9957e-04 
8.4279e-01     8.5407e-02  1.3306e-03     7.1980e-02  1.1215e-03     2.0619e-02  3.2414e-04     1.7378e-02  2.7318e-04 
9.4563e-01     9.4969e-02  9.4812e-04     8.9805e-02  8.9657e-04     2.5725e-02  2.6242e-04     2.4327e-02  2.4815e-04 
1.0610e+00     1.0565e-01  1.1580e-03     1.1210e-01  1.2286e-03     3.2111e-02  3.5831e-04     3.4070e-02  3.8017e-04 
1.1905e+00     1.1749e-01  2.2340e-03     1.3987e-01  2.6596e-03     4.0066e-02  7.6646e-04     4.7698e-02  9.1245e-04 
1.3357e+00     1.3035e-01  7.5701e-04     1.7412e-01  1.0112e-03     4.9877e-02  3.0791e-04     6.6622e-02  4.1129e-04 
1.4987e+00     1.4581e-01  1.4088e-03     2.1853e-01  2.1114e-03     6.2599e-02  6.1887e-04     9.3818e-02  9.2750e-04 
1.6816e+00     1.6345e-01  1.9396e-03     2.7486e-01  3.2617e-03     7.8736e-02  9.4878e-04     1.3240e-01  1.5954e-03 
1.8868e+00     1.8362e-01  2.4380e-03     3.4645e-01  4.6000e-03     9.9243e-02  1.3340e-03     1.8725e-01  2.5169e-03 
2.1170e+00     2.0664e-01  1.9760e-03     4.3746e-01  4.1832e-03     1.2531e-01  1.2267e-03     2.6529e-01  2.5969e-03 
2.3753e+00     2.3387e-01  1.0484e-03     5.5552e-01  2.4904e-03     1.5913e-01  7.8739e-04     3.7799e-01  1.8703e-03 
2.6651e+00     2.6365e-01  2.0887e-03     7.0267e-01  5.5666e-03     2.0129e-01  1.6494e-03     5.3646e-01  4.3958e-03 
2.9903e+00     2.8267e-01  1.8566e-03     8.4526e-01  5.5518e-03     2.4213e-01  1.6692e-03     7.2406e-01  4.9916e-03 
3.3552e+00     2.7326e-01  6.1848e-04     9.1683e-01  2.0751e-03     2.6264e-01  8.0987e-04     8.8120e-01  2.7173e-03 
3.7646e+00     2.3121e-01  6.6576e-04     8.7040e-01  2.5063e-03     2.4933e-01  8.8776e-04     9.3864e-01  3.3421e-03 
4.2240e+00     1.7010e-01  5.5770e-04     7.1850e-01  2.3557e-03     2.0582e-01  8.0073e-04     8.6938e-01  3.3822e-03 
4.7394e+00     1.1647e-01  6.0383e-04     5.5201e-01  2.8618e-03     1.5813e-01  8.8414e-04     7.4942e-01  4.1903e-03 
5.3176e+00     7.5362e-02  5.4258e-04     4.0075e-01  2.8852e-03     1.1480e-01  8.6075e-04     6.1046e-01  4.5772e-03 
5.9665e+00     4.8824e-02  6.3344e-04     2.9131e-01  3.7794e-03     8.3448e-02  1.0967e-03     4.9789e-01  6.5432e-03 
6.6945e+00     3.2526e-02  3.5070e-04     2.1774e-01  2.3478e-03     6.2374e-02  6.8511e-04     4.1757e-01  4.5865e-03 
7.5114e+00     2.0713e-02  3.1336e-04     1.5559e-01  2.3537e-03     4.4569e-02  6.8068e-04     3.3477e-01  5.1129e-03 
8.4279e+00     1.2911e-02  1.4725e-04     1.0881e-01  1.2410e-03     3.1171e-02  3.6144e-04     2.6271e-01  3.0462e-03 
9.4563e+00     7.9581e-03  1.9497e-04     7.5254e-02  1.8437e-03     2.1557e-02  5.3006e-04     2.0385e-01  5.0124e-03 
1.0610e+01     4.6166e-03  6.8938e-05     4.8982e-02  7.3144e-04     1.4031e-02  2.1158e-04     1.4887e-01  2.2449e-03 
1.1905e+01     2.3385e-03  1.0387e-04     2.7839e-02  1.2366e-03     7.9748e-03  3.5463e-04     9.4938e-02  4.2217e-03 
1.3357e+01     1.0802e-03  3.6841e-05     1.4429e-02  4.9210e-04     4.1333e-03  1.4123e-04     5.5210e-02  1.8865e-03 
1.4987e+01     4.6308e-04  4.3348e-05     6.9402e-03  6.4966e-04     1.9881e-03  1.8615e-04     2.9796e-02  2.7898e-03 
1.6816e+01     1.6364e-04  2.4228e-05     2.7517e-03  4.0742e-04     7.8825e-04  1.1672e-04     1.3255e-02  1.9628e-03 
1.8868e+01     5.4460e-05  7.4119e-06     1.0275e-03  1.3984e-04     2.9435e-04  4.0065e-05     5.5537e-03  7.5593e-04 
2.1170e+01     1.8510e-05  4.6440e-06     3.9186e-04  9.8313e-05     1.1225e-04  2.8164e-05     2.3763e-03  5.9622e-04 
2.3753e+01     4.7659e-06  3.2126e-06     1.1320e-04  7.6308e-05     3.2428e-05  2.1859e-05     7.7027e-04  5.1922e-04 
2.6651e+01     6.5347e-07  3.1306e-07     1.7416e-05  8.3434e-06     4.9889e-06  2.3901e-06     1.3296e-04  6.3699e-05 
2.9903e+01     2.9120e-07  2.5159e-07     8.7080e-06  7.5233e-06     2.4945e-06  2.1551e-06     7.4593e-05  6.4445e-05 
3.3552e+01     0.0000e+00  0.0000e+00     0.0000e+00  0.0000e+00     0.0000e+00  0.0000e+00     0.0000e+00  0.0000e+00 
3.7646e+01     2.3131e-07  1.8951e-07     8.7080e-06  7.1344e-06     2.4945e-06  2.0437e-06     9.3907e-05  7.6938e-05 
4.2240e+01     2.0616e-07  1.6890e-07     8.7080e-06  7.1344e-06     2.4945e-06  2.0437e-06     1.0537e-04  8.6326e-05 
4.7394e+01     1.8374e-07  1.6859e-07     8.7080e-06  7.9902e-06     2.4945e-06  2.2889e-06     1.1822e-04  1.0848e-04 
5.3176e+01     1.6376e-07  1.1910e-07     8.7080e-06  6.3333e-06     2.4945e-06  1.8142e-06     1.3265e-04  9.6475e-05 
5.9665e+01     1.4595e-07  1.4679e-07     8.7080e-06  8.7583e-06     2.4945e-06  2.5089e-06     1.4883e-04  1.4969e-04 
6.6945e+01     3.9023e-07  1.5650e-07     2.6124e-05  1.0477e-05     7.4834e-06  3.0013e-06     5.0098e-04  2.0092e-04 
7.5114e+01     0.0000e+00  0.0000e+00     0.0000e+00  0.0000e+00     0.0000e+00  0.0000e+00     0.0000e+00  0.0000e+00 
8.4279e+01     2.0665e-07  4.1573e-07     1.7416e-05  3.5037e-05     4.9889e-06  1.0037e-05     4.2046e-04  8.4589e-04 
9.4563e+01     0.0000e+00  0.0000e+00     0.0000e+00  0.0000e+00     0.0000e+00  0.0000e+00     0.0000e+00  0.0000e+00 
1.0610e+02     0.0000e+00  0.0000e+00     0.0000e+00  0.0000e+00     0.0000e+00  0.0000e+00     0.0000e+00  0.0000e+00 
1.1905e+02     1.4629e-07  3.6474e-08     1.7416e-05  4.3422e-06     4.9889e-06  1.2439e-06     5.9392e-04  1.4808e-04 
1.3357e+02     6.5192e-08  2.2223e-07     8.7080e-06  2.9684e-05     2.4945e-06  8.5032e-06     3.3319e-04  1.1358e-03 
1.4987e+02     1.1621e-07  6.2242e-08     1.7416e-05  9.3283e-06     4.9889e-06  2.6722e-06     7.4770e-04  4.0049e-04 
1.6816e+02     5.1784e-08  6.0830e-07     8.7080e-06  1.0229e-04     2.4945e-06  2.9302e-05     4.1947e-04  4.9274e-03 
1.8868e+02     4.6153e-08  4.7426e-08     8.7080e-06  8.9483e-06     2.4945e-06  2.5633e-06     4.7065e-04  4.8364e-04 
2.1170e+02     4.1134e-08  3.6048e-08     8.7080e-06  7.6312e-06     2.4945e-06  2.1860e-06     5.2808e-04  4.6278e-04 
2.3753e+02     3.6660e-08  5.1595e-08     8.7080e-06  1.2255e-05     2.4945e-06  3.5107e-06     5.9251e-04  8.3389e-04 
2.6651e+02     0.0000e+00  0.0000e+00     0.0000e+00  0.0000e+00     0.0000e+00  0.0000e+00     0.0000e+00  0.0000e+00 
2.9903e+02     2.9120e-08  8.2357e-09     8.7080e-06  2.4627e-06     2.4945e-06  7.0549e-07     7.4593e-04  2.1097e-04 
3.3552e+02     0.0000e+00  0.0000e+00     0.0000e+00  0.0000e+00     0.0000e+00  0.0000e+00     0.0000e+00  0.0000e+00 
3.7646e+02     4.6262e-08  2.5119e-08     1.7416e-05  9.4564e-06     4.9889e-06  2.7089e-06     1.8781e-03  1.0198e-03 
4.2240e+02     8.2463e-08  3.1539e-08     3.4832e-05  1.3322e-05     9.9779e-06  3.8162e-06     4.2146e-03  1.6120e-03 
4.7394e+02     0.0000e+00  0.0000e+00     0.0000e+00  0.0000e+00     0.0000e+00  0.0000e+00     0.0000e+00  0.0000e+00 
5.3176e+02     0.0000e+00  0.0000e+00     0.0000e+00  0.0000e+00     0.0000e+00  0.0000e+00     0.0000e+00  0.0000e+00 
5.9665e+02     1.4595e-08  4.8398e-09     8.7080e-06  2.8877e-06     2.4945e-06  8.2722e-07     1.4883e-03  4.9356e-04 
6.6945e+02     1.3008e-08  8.4883e-09     8.7080e-06  5.6825e-06     2.4945e-06  1.6278e-06     1.6699e-03  1.0897e-03 
7.5114e+02     4.6372e-08  2.8159e-08     3.4832e-05  2.1151e-05     9.9779e-06  6.0590e-06     7.4948e-03  4.5511e-03 
8.4279e+02     0.0000e+00  0.0000e+00     0.0000e+00  0.0000e+00     0.0000e+00  0.0000e+00     0.0000e+00  0.0000e+00 
9.4563e+02     9.2087e-09  6.3898e-09     8.7080e-06  6.0423e-06     2.4945e-06  1.7309e-06     2.3588e-03  1.6368e-03 
1.0610e+03     0.0000e+00  0.0000e+00     0.0000e+00  0.0000e+00     0.0000e+00  0.0000e+00     0.0000e+00  0.0000e+00 
1.1905e+03     0.0000e+00  0.0000e+00     0.0000e+00  0.0000e+00     0.0000e+00  0.0000e+00     0.0000e+00  0.0000e+00 
1.3357e+03     0.0000e+00  0.0000e+00     0.0000e+00  0.0000e+00     0.0000e+00  0.0000e+00     0.0000e+00  0.0000e+00 
1.4987e+03     0.0000e+00  0.0000e+00     0.0000e+00  0.0000e+00     0.0000e+00  0.0000e+00     0.0000e+00  0.0000e+00 
1.6816e+03     0.0000e+00  0.0000e+00     0.0000e+00  0.0000e+00     0.0000e+00  0.0000e+00     0.0000e+00  0.0000e+00 
1.8868e+03     0.0000e+00  0.0000e+00     0.0000e+00  0.0000e+00     0.0000e+00  0.0000e+00     0.0000e+00  0.0000e+00 
2.1170e+03     0.0000e+00  0.0000e+00     0.0000e+00  0.0000e+00     0.0000e+00  0.0000e+00     0.0000e+00  0.0000e+00 
2.3753e+03     0.0000e+00  0.0000e+00     0.0000e+00  0.0000e+00     0.0000e+00  0.0000e+00     0.0000e+00  0.0000e+00 
2.6651e+03     0.0000e+00  0.0000e+00     0.0000e+00  0.0000e+00     0.0000e+00  0.0000e+00     0.0000e+00  0.0000e+00 
2.9903e+03     0.0000e+00  0.0000e+00     0.0000e+00  0.0000e+00     0.0000e+00  0.0000e+00     0.0000e+00  0.0000e+00 
3.3552e+03     0.0000e+00  0.0000e+00     0.0000e+00  0.0000e+00     0.0000e+00  0.0000e+00     0.0000e+00  0.0000e+00 
3.7646e+03     0.0000e+00  0.0000e+00     0.0000e+00  0.0000e+00     0.0000e+00  0.0000e+00     0.0000e+00  0.0000e+00 
4.2240e+03     0.0000e+00  0.0000e+00     0.0000e+00  0.0000e+00     0.0000e+00  0.0000e+00     0.0000e+00  0.0000e+00 
4.7394e+03     0.0000e+00  0.0000e+00     0.0000e+00  0.0000e+00     0.0000e+00  0.0000e+00     0.0000e+00  0.0000e+00 
5.3176e+03     0.0000e+00  0.0000e+00     0.0000e+00  0.0000e+00     0.0000e+00  0.0000e+00     0.0000e+00  0.0000e+00 
5.9665e+03     0.0000e+00  0.0000e+00     0.0000e+00  0.0000e+00     0.0000e+00  0.0000e+00     0.0000e+00  0.0000e+00 
6.6945e+03     0.0000e+00  0.0000e+00     0.0000e+00  0.0000e+00     0.0000e+00  0.0000e+00     0.0000e+00  0.0000e+00 
7.5114e+03     0.0000e+00  0.0000e+00     0.0000e+00  0.0000e+00     0.0000e+00  0.0000e+00     0.0000e+00  0.0000e+00 
8.4279e+03     0.0000e+00  0.0000e+00     0.0000e+00  0.0000e+00     0.0000e+00  0.0000e+00     0.0000e+00  0.0000e+00 
9.4563e+03     0.0000e+00  0.0000e+00     0.0000e+00  0.0000e+00     0.0000e+00  0.0000e+00     0.0000e+00  0.0000e+00 
