yF = 1.8694e+00 (std: 3.9793e-03) keV/um
yD = 3.5455e+00 (std: 2.0125e-01) keV/um
y (keV/um)     f(y)(std)                  yf(y)(std)                 d(y)(std)                  yd(y)(std)  
1.0610e-03     8.2112e-03  1.5266e-02     8.7122e-06  1.6197e-05     4.6604e-06  8.6642e-06     4.9447e-09  9.1928e-09 
1.1905e-03     0.0000e+00  0.0000e+00     0.0000e+00  0.0000e+00     0.0000e+00  0.0000e+00     0.0000e+00  0.0000e+00 
1.3357e-03     0.0000e+00  0.0000e+00     0.0000e+00  0.0000e+00     0.0000e+00  0.0000e+00     0.0000e+00  0.0000e+00 
1.4987e-03     0.0000e+00  0.0000e+00     0.0000e+00  0.0000e+00     0.0000e+00  0.0000e+00     0.0000e+00  0.0000e+00 
1.6816e-03     1.0362e-02  6.0016e-02     1.7424e-05  1.0092e-04     9.3208e-06  5.3986e-05     1.5674e-08  9.0782e-08 
1.8868e-03     0.0000e+00  0.0000e+00     0.0000e+00  0.0000e+00     0.0000e+00  0.0000e+00     0.0000e+00  0.0000e+00 
2.1170e-03     0.0000e+00  0.0000e+00     0.0000e+00  0.0000e+00     0.0000e+00  0.0000e+00     0.0000e+00  0.0000e+00 
2.3753e-03     0.0000e+00  0.0000e+00     0.0000e+00  0.0000e+00     0.0000e+00  0.0000e+00     0.0000e+00  0.0000e+00 
2.6651e-03     3.2689e-03  1.2659e-03     8.7122e-06  3.3737e-06     4.6604e-06  1.8047e-06     1.2421e-08  4.8099e-09 
2.9903e-03     2.9134e-03  1.0900e-03     8.7122e-06  3.2593e-06     4.6604e-06  1.7435e-06     1.3936e-08  5.2137e-09 
3.3552e-03     0.0000e+00  0.0000e+00     0.0000e+00  0.0000e+00     0.0000e+00  0.0000e+00     0.0000e+00  0.0000e+00 
3.7646e-03     0.0000e+00  0.0000e+00     0.0000e+00  0.0000e+00     0.0000e+00  0.0000e+00     0.0000e+00  0.0000e+00 
4.2240e-03     0.0000e+00  0.0000e+00     0.0000e+00  0.0000e+00     0.0000e+00  0.0000e+00     0.0000e+00  0.0000e+00 
4.7394e-03     7.3530e-03  2.9445e-03     3.4849e-05  1.3955e-05     1.8642e-05  7.4649e-06     8.8349e-08  3.5379e-08 
5.3176e-03     0.0000e+00  0.0000e+00     0.0000e+00  0.0000e+00     0.0000e+00  0.0000e+00     0.0000e+00  0.0000e+00 
5.9665e-03     8.7611e-03  4.8841e-03     5.2273e-05  2.9141e-05     2.7962e-05  1.5588e-05     1.6684e-07  9.3008e-08 
6.6945e-03     1.3014e-03  5.2547e-03     8.7122e-06  3.5178e-05     4.6604e-06  1.8817e-05     3.1199e-08  1.2597e-07 
7.5114e-03     4.6395e-03  2.7975e-03     3.4849e-05  2.1013e-05     1.8642e-05  1.1241e-05     1.4002e-07  8.4433e-08 
8.4279e-03     2.0675e-03  1.0852e-03     1.7424e-05  9.1464e-06     9.3208e-06  4.8927e-06     7.8554e-08  4.1235e-08 
9.4563e-03     6.4492e-03  1.9985e-03     6.0985e-05  1.8898e-05     3.2623e-05  1.0109e-05     3.0849e-07  9.5597e-08 
1.0610e-02     3.2845e-03  2.3449e-03     3.4849e-05  2.4880e-05     1.8642e-05  1.3309e-05     1.9779e-07  1.4121e-07 
1.1905e-02     2.1955e-03  8.0144e-04     2.6136e-05  9.5409e-06     1.3981e-05  5.1038e-06     1.6644e-07  6.0759e-08 
1.3357e-02     9.1313e-03  3.0599e-03     1.2197e-04  4.0873e-05     6.5245e-05  2.1864e-05     8.7150e-07  2.9205e-07 
1.4987e-02     2.3252e-03  1.0094e-03     3.4849e-05  1.5128e-05     1.8642e-05  8.0925e-06     2.7938e-07  1.2128e-07 
1.6816e-02     0.0000e+00  0.0000e+00     0.0000e+00  0.0000e+00     0.0000e+00  0.0000e+00     0.0000e+00  0.0000e+00 
1.8868e-02     4.6175e-04  1.7881e-04     8.7122e-06  3.3737e-06     4.6604e-06  1.8047e-06     8.7931e-08  3.4051e-08 
2.1170e-02     1.2346e-03  5.6507e-04     2.6136e-05  1.1962e-05     1.3981e-05  6.3991e-06     2.9598e-07  1.3547e-07 
2.3753e-02     8.3993e-02  1.2146e-02     1.9951e-03  2.8851e-04     1.0672e-03  1.5435e-04     2.5350e-05  3.6663e-06 
2.6651e-02     7.2244e-02  9.2278e-03     1.9254e-03  2.4593e-04     1.0299e-03  1.3157e-04     2.7449e-05  3.5066e-06 
2.9903e-02     5.8560e-02  5.7642e-03     1.7511e-03  1.7237e-04     9.3674e-04  9.2226e-05     2.8012e-05  2.7579e-06 
3.3552e-02     4.5960e-02  2.6559e-03     1.5421e-03  8.9111e-05     8.2489e-04  4.7700e-05     2.7677e-05  1.6004e-06 
3.7646e-02     4.2582e-02  5.9058e-03     1.6030e-03  2.2233e-04     8.5751e-04  1.1894e-04     3.2282e-05  4.4778e-06 
4.2240e-02     3.3207e-02  6.5099e-03     1.4027e-03  2.7498e-04     7.5032e-04  1.4710e-04     3.1693e-05  6.2135e-06 
4.7394e-02     3.8971e-02  4.8611e-03     1.8470e-03  2.3039e-04     9.8800e-04  1.2326e-04     4.6825e-05  5.8416e-06 
5.3176e-02     5.0461e-02  3.8965e-03     2.6833e-03  2.0720e-04     1.4354e-03  1.1088e-04     7.6329e-05  5.8962e-06 
5.9665e-02     5.6509e-02  2.8718e-03     3.3716e-03  1.7135e-04     1.8036e-03  9.1738e-05     1.0761e-04  5.4735e-06 
6.6945e-02     5.7131e-02  6.1889e-03     3.8246e-03  4.1432e-04     2.0459e-03  2.2167e-04     1.3696e-04  1.4840e-05 
7.5114e-02     5.7529e-02  3.7477e-03     4.3212e-03  2.8150e-04     2.3115e-03  1.5066e-04     1.7363e-04  1.1317e-05 
8.4279e-02     5.8199e-02  1.2789e-02     4.9049e-03  1.0778e-03     2.6238e-03  5.7659e-04     2.2113e-04  4.8594e-05 
9.4563e-02     6.0714e-02  4.3245e-03     5.7413e-03  4.0893e-04     3.0712e-03  2.1885e-04     2.9042e-04  2.0695e-05 
1.0610e-01     6.6675e-02  5.0312e-03     7.0743e-03  5.3382e-04     3.7842e-03  2.8567e-04     4.0151e-04  3.0310e-05 
1.1905e-01     7.0328e-02  6.3534e-03     8.3724e-03  7.5635e-04     4.4786e-03  4.0471e-04     5.3317e-04  4.8179e-05 
1.3357e-01     7.1290e-02  2.0634e-03     9.5224e-03  2.7562e-04     5.0938e-03  1.4783e-04     6.8039e-04  1.9747e-05 
1.4987e-01     8.3534e-02  3.7210e-03     1.2519e-02  5.5768e-04     6.6970e-03  2.9866e-04     1.0037e-03  4.4760e-05 
1.6816e-01     8.9267e-02  3.3866e-03     1.5011e-02  5.6949e-04     8.0298e-03  3.0511e-04     1.3503e-03  5.1308e-05 
1.8868e-01     9.5167e-02  2.3185e-03     1.7956e-02  4.3746e-04     9.6050e-03  2.3490e-04     1.8123e-03  4.4320e-05 
2.1170e-01     9.7122e-02  2.1489e-03     2.0561e-02  4.5492e-04     1.0998e-02  2.4447e-04     2.3284e-03  5.1755e-05 
2.3753e-01     1.1212e-01  2.7289e-03     2.6633e-02  6.4821e-04     1.4247e-02  3.4807e-04     3.3840e-03  8.2676e-05 
2.6651e-01     1.2075e-01  2.2876e-03     3.2183e-02  6.0968e-04     1.7215e-02  3.2819e-04     4.5881e-03  8.7467e-05 
2.9903e-01     1.2988e-01  4.1748e-03     3.8839e-02  1.2484e-03     2.0776e-02  6.6927e-04     6.2127e-03  2.0013e-04 
3.3552e-01     1.4229e-01  2.1950e-03     4.7743e-02  7.3646e-04     2.5539e-02  3.9769e-04     8.5688e-03  1.3343e-04 
3.7646e-01     1.6005e-01  2.9818e-03     6.0253e-02  1.1225e-03     3.2231e-02  6.0438e-04     1.2134e-02  2.2752e-04 
4.2240e-01     1.7453e-01  2.0809e-03     7.3722e-02  8.7897e-04     3.9436e-02  4.7762e-04     1.6658e-02  2.0174e-04 
4.7394e-01     1.9212e-01  3.6891e-03     9.1051e-02  1.7484e-03     4.8706e-02  9.4099e-04     2.3083e-02  4.4597e-04 
5.3176e-01     2.1149e-01  4.6777e-03     1.1247e-01  2.4875e-03     6.0161e-02  1.3368e-03     3.1991e-02  7.1084e-04 
5.9665e-01     2.3421e-01  3.3307e-03     1.3974e-01  1.9873e-03     7.4752e-02  1.0749e-03     4.4601e-02  6.4133e-04 
6.6945e-01     2.5766e-01  4.2353e-03     1.7249e-01  2.8353e-03     9.2271e-02  1.5294e-03     6.1771e-02  1.0238e-03 
7.5114e-01     2.9269e-01  1.7499e-03     2.1985e-01  1.3144e-03     1.1760e-01  7.4637e-04     8.8337e-02  5.6063e-04 
8.4279e-01     3.2378e-01  4.2641e-03     2.7288e-01  3.5937e-03     1.4597e-01  1.9473e-03     1.2302e-01  1.6412e-03 
9.4563e-01     3.5840e-01  1.7085e-03     3.3891e-01  1.6156e-03     1.8129e-01  9.4649e-04     1.7144e-01  8.9503e-04 
1.0610e+00     4.0579e-01  3.6189e-03     4.3055e-01  3.8397e-03     2.3031e-01  2.1117e-03     2.4436e-01  2.2405e-03 
1.1905e+00     4.5385e-01  3.1715e-03     5.4029e-01  3.7756e-03     2.8902e-01  2.1113e-03     3.4407e-01  2.5135e-03 
1.3357e+00     5.0248e-01  4.0163e-03     6.7118e-01  5.3648e-03     3.5903e-01  2.9698e-03     4.7957e-01  3.9668e-03 
1.4987e+00     5.2460e-01  3.9469e-03     7.8622e-01  5.9153e-03     4.2057e-01  3.2885e-03     6.3032e-01  4.9285e-03 
1.6816e+00     5.0417e-01  3.6843e-03     8.4780e-01  6.1955e-03     4.5351e-01  3.4519e-03     7.6262e-01  5.8047e-03 
1.8868e+00     4.3461e-01  1.4855e-03     8.2001e-01  2.8028e-03     4.3864e-01  1.7663e-03     8.2762e-01  3.3326e-03 
2.1170e+00     3.3242e-01  2.1983e-03     7.0373e-01  4.6538e-03     3.7645e-01  2.6152e-03     7.9693e-01  5.5364e-03 
2.3753e+00     2.3448e-01  1.2568e-03     5.5697e-01  2.9852e-03     2.9794e-01  1.7182e-03     7.0769e-01  4.0812e-03 
2.6651e+00     1.5441e-01  1.2381e-03     4.1153e-01  3.2998e-03     2.2014e-01  1.8263e-03     5.8670e-01  4.8673e-03 
2.9903e+00     1.0069e-01  6.5094e-04     3.0110e-01  1.9465e-03     1.6107e-01  1.0962e-03     4.8164e-01  3.2781e-03 
3.3552e+00     6.6032e-02  8.8853e-04     2.2155e-01  2.9812e-03     1.1851e-01  1.6146e-03     3.9764e-01  5.4172e-03 
3.7646e+00     4.4526e-02  3.4482e-04     1.6762e-01  1.2981e-03     8.9666e-02  7.2015e-04     3.3756e-01  2.7111e-03 
4.2240e+00     2.9827e-02  2.6081e-04     1.2599e-01  1.1016e-03     6.7394e-02  6.0651e-04     2.8467e-01  2.5619e-03 
4.7394e+00     2.0736e-02  2.1977e-04     9.8273e-02  1.0416e-03     5.2569e-02  5.6829e-04     2.4914e-01  2.6933e-03 
5.3176e+00     1.4141e-02  1.8495e-04     7.5195e-02  9.8349e-04     4.0224e-02  5.3302e-04     2.1390e-01  2.8344e-03 
5.9665e+00     9.4853e-03  2.1611e-04     5.6594e-02  1.2894e-03     3.0274e-02  6.9275e-04     1.8063e-01  4.1333e-03 
6.6945e+00     6.4796e-03  1.7075e-04     4.3378e-02  1.1431e-03     2.3204e-02  6.1345e-04     1.5534e-01  4.1067e-03 
7.5114e+00     4.1477e-03  8.7356e-05     3.1155e-02  6.5616e-04     1.6666e-02  3.5279e-04     1.2518e-01  2.6499e-03 
8.4279e+00     2.6112e-03  1.0779e-04     2.2007e-02  9.0842e-04     1.1772e-02  4.8658e-04     9.9214e-02  4.1009e-03 
9.4563e+00     1.4372e-03  8.0865e-05     1.3591e-02  7.6468e-04     7.2702e-03  4.0934e-04     6.8749e-02  3.8709e-03 
1.0610e+01     7.5625e-04  5.8504e-05     8.0239e-03  6.2073e-04     4.2922e-03  3.3217e-04     4.5541e-02  3.5244e-03 
1.1905e+01     3.6006e-04  3.2275e-05     4.2864e-03  3.8422e-04     2.2929e-03  2.0559e-04     2.7296e-02  2.4475e-03 
1.3357e+01     1.3632e-04  1.9237e-05     1.8208e-03  2.5695e-04     9.7402e-04  1.3746e-04     1.3010e-02  1.8362e-03 
1.4987e+01     4.7086e-05  1.7967e-05     7.0569e-04  2.6927e-04     3.7749e-04  1.4404e-04     5.6575e-03  2.1588e-03 
1.6816e+01     2.1242e-05  4.1955e-06     3.5720e-04  7.0551e-05     1.9108e-04  3.7742e-05     3.2131e-03  6.3466e-04 
1.8868e+01     2.7705e-06  1.8924e-06     5.2273e-05  3.5706e-05     2.7962e-05  1.9100e-05     5.2758e-04  3.6038e-04 
2.1170e+01     2.8807e-06  1.5046e-06     6.0985e-05  3.1853e-05     3.2623e-05  1.7039e-05     6.9062e-04  3.6072e-04 
2.3753e+01     0.0000e+00  0.0000e+00     0.0000e+00  0.0000e+00     0.0000e+00  0.0000e+00     0.0000e+00  0.0000e+00 
2.6651e+01     6.5379e-07  3.3676e-07     1.7424e-05  8.9752e-06     9.3208e-06  4.8011e-06     2.4841e-04  1.2796e-04 
2.9903e+01     2.9134e-07  3.3098e-07     8.7122e-06  9.8975e-06     4.6604e-06  5.2944e-06     1.3936e-04  1.5832e-04 
3.3552e+01     0.0000e+00  0.0000e+00     0.0000e+00  0.0000e+00     0.0000e+00  0.0000e+00     0.0000e+00  0.0000e+00 
3.7646e+01     0.0000e+00  0.0000e+00     0.0000e+00  0.0000e+00     0.0000e+00  0.0000e+00     0.0000e+00  0.0000e+00 
4.2240e+01     2.0626e-07  2.0745e-07     8.7122e-06  8.7627e-06     4.6604e-06  4.6874e-06     1.9685e-04  1.9799e-04 
4.7394e+01     0.0000e+00  0.0000e+00     0.0000e+00  0.0000e+00     0.0000e+00  0.0000e+00     0.0000e+00  0.0000e+00 
5.3176e+01     1.6384e-07  1.1233e-07     8.7122e-06  5.9734e-06     4.6604e-06  3.1953e-06     2.4782e-04  1.6992e-04 
5.9665e+01     4.3805e-07  4.2882e-07     2.6136e-05  2.5585e-05     1.3981e-05  1.3686e-05     8.3418e-04  8.1660e-04 
6.6945e+01     0.0000e+00  0.0000e+00     0.0000e+00  0.0000e+00     0.0000e+00  0.0000e+00     0.0000e+00  0.0000e+00 
7.5114e+01     6.9592e-07  4.0166e-07     5.2273e-05  3.0170e-05     2.7962e-05  1.6139e-05     2.1003e-03  1.2123e-03 
8.4279e+01     2.0675e-07  7.9916e-08     1.7424e-05  6.7352e-06     9.3208e-06  3.6029e-06     7.8554e-04  3.0365e-04 
9.4563e+01     0.0000e+00  0.0000e+00     0.0000e+00  0.0000e+00     0.0000e+00  0.0000e+00     0.0000e+00  0.0000e+00 
1.0610e+02     0.0000e+00  0.0000e+00     0.0000e+00  0.0000e+00     0.0000e+00  0.0000e+00     0.0000e+00  0.0000e+00 
1.1905e+02     1.4636e-07  8.1596e-08     1.7424e-05  9.7138e-06     9.3208e-06  5.1962e-06     1.1096e-03  6.1859e-04 
1.3357e+02     6.5224e-08  4.4720e-08     8.7122e-06  5.9734e-06     4.6604e-06  3.1953e-06     6.2250e-04  4.2681e-04 
1.4987e+02     5.8131e-08  3.7452e-08     8.7122e-06  5.6130e-06     4.6604e-06  3.0025e-06     6.9846e-04  4.5000e-04 
1.6816e+02     5.1809e-08  8.4883e-08     8.7122e-06  1.4274e-05     4.6604e-06  7.6355e-06     7.8368e-04  1.2840e-03 
1.8868e+02     4.6175e-08  9.2352e-08     8.7122e-06  1.7425e-05     4.6604e-06  9.3210e-06     8.7931e-04  1.7587e-03 
2.1170e+02     0.0000e+00  0.0000e+00     0.0000e+00  0.0000e+00     0.0000e+00  0.0000e+00     0.0000e+00  0.0000e+00 
2.3753e+02     0.0000e+00  0.0000e+00     0.0000e+00  0.0000e+00     0.0000e+00  0.0000e+00     0.0000e+00  0.0000e+00 
2.6651e+02     3.2689e-08  3.6128e-08     8.7122e-06  9.6285e-06     4.6604e-06  5.1505e-06     1.2421e-03  1.3727e-03 
2.9903e+02     5.8269e-08  3.4889e-08     1.7424e-05  1.0433e-05     9.3208e-06  5.5809e-06     2.7872e-03  1.6689e-03 
3.3552e+02     0.0000e+00  0.0000e+00     0.0000e+00  0.0000e+00     0.0000e+00  0.0000e+00     0.0000e+00  0.0000e+00 
3.7646e+02     0.0000e+00  0.0000e+00     0.0000e+00  0.0000e+00     0.0000e+00  0.0000e+00     0.0000e+00  0.0000e+00 
4.2240e+02     2.0626e-08  1.8926e-08     8.7122e-06  7.9942e-06     4.6604e-06  4.2763e-06     1.9685e-03  1.8063e-03 
4.7394e+02     0.0000e+00  0.0000e+00     0.0000e+00  0.0000e+00     0.0000e+00  0.0000e+00     0.0000e+00  0.0000e+00 
5.3176e+02     0.0000e+00  0.0000e+00     0.0000e+00  0.0000e+00     0.0000e+00  0.0000e+00     0.0000e+00  0.0000e+00 
5.9665e+02     0.0000e+00  0.0000e+00     0.0000e+00  0.0000e+00     0.0000e+00  0.0000e+00     0.0000e+00  0.0000e+00 
6.6945e+02     2.6028e-08  8.6017e-09     1.7424e-05  5.7584e-06     9.3208e-06  3.0804e-06     6.2398e-03  2.0622e-03 
7.5114e+02     0.0000e+00  0.0000e+00     0.0000e+00  0.0000e+00     0.0000e+00  0.0000e+00     0.0000e+00  0.0000e+00 
8.4279e+02     0.0000e+00  0.0000e+00     0.0000e+00  0.0000e+00     0.0000e+00  0.0000e+00     0.0000e+00  0.0000e+00 
9.4563e+02     0.0000e+00  0.0000e+00     0.0000e+00  0.0000e+00     0.0000e+00  0.0000e+00     0.0000e+00  0.0000e+00 
1.0610e+03     0.0000e+00  0.0000e+00     0.0000e+00  0.0000e+00     0.0000e+00  0.0000e+00     0.0000e+00  0.0000e+00 
1.1905e+03     0.0000e+00  0.0000e+00     0.0000e+00  0.0000e+00     0.0000e+00  0.0000e+00     0.0000e+00  0.0000e+00 
1.3357e+03     0.0000e+00  0.0000e+00     0.0000e+00  0.0000e+00     0.0000e+00  0.0000e+00     0.0000e+00  0.0000e+00 
1.4987e+03     0.0000e+00  0.0000e+00     0.0000e+00  0.0000e+00     0.0000e+00  0.0000e+00     0.0000e+00  0.0000e+00 
1.6816e+03     0.0000e+00  0.0000e+00     0.0000e+00  0.0000e+00     0.0000e+00  0.0000e+00     0.0000e+00  0.0000e+00 
1.8868e+03     0.0000e+00  0.0000e+00     0.0000e+00  0.0000e+00     0.0000e+00  0.0000e+00     0.0000e+00  0.0000e+00 
2.1170e+03     0.0000e+00  0.0000e+00     0.0000e+00  0.0000e+00     0.0000e+00  0.0000e+00     0.0000e+00  0.0000e+00 
2.3753e+03     0.0000e+00  0.0000e+00     0.0000e+00  0.0000e+00     0.0000e+00  0.0000e+00     0.0000e+00  0.0000e+00 
2.6651e+03     0.0000e+00  0.0000e+00     0.0000e+00  0.0000e+00     0.0000e+00  0.0000e+00     0.0000e+00  0.0000e+00 
2.9903e+03     0.0000e+00  0.0000e+00     0.0000e+00  0.0000e+00     0.0000e+00  0.0000e+00     0.0000e+00  0.0000e+00 
3.3552e+03     0.0000e+00  0.0000e+00     0.0000e+00  0.0000e+00     0.0000e+00  0.0000e+00     0.0000e+00  0.0000e+00 
3.7646e+03     0.0000e+00  0.0000e+00     0.0000e+00  0.0000e+00     0.0000e+00  0.0000e+00     0.0000e+00  0.0000e+00 
4.2240e+03     0.0000e+00  0.0000e+00     0.0000e+00  0.0000e+00     0.0000e+00  0.0000e+00     0.0000e+00  0.0000e+00 
4.7394e+03     0.0000e+00  0.0000e+00     0.0000e+00  0.0000e+00     0.0000e+00  0.0000e+00     0.0000e+00  0.0000e+00 
5.3176e+03     0.0000e+00  0.0000e+00     0.0000e+00  0.0000e+00     0.0000e+00  0.0000e+00     0.0000e+00  0.0000e+00 
5.9665e+03     0.0000e+00  0.0000e+00     0.0000e+00  0.0000e+00     0.0000e+00  0.0000e+00     0.0000e+00  0.0000e+00 
6.6945e+03     0.0000e+00  0.0000e+00     0.0000e+00  0.0000e+00     0.0000e+00  0.0000e+00     0.0000e+00  0.0000e+00 
7.5114e+03     0.0000e+00  0.0000e+00     0.0000e+00  0.0000e+00     0.0000e+00  0.0000e+00     0.0000e+00  0.0000e+00 
8.4279e+03     0.0000e+00  0.0000e+00     0.0000e+00  0.0000e+00     0.0000e+00  0.0000e+00     0.0000e+00  0.0000e+00 
9.4563e+03     0.0000e+00  0.0000e+00     0.0000e+00  0.0000e+00     0.0000e+00  0.0000e+00     0.0000e+00  0.0000e+00 
