yF = 1.7521e+00 (std: 4.9738e-03) keV/um
yD = 3.6896e+00 (std: 6.9741e-01) keV/um
y (keV/um)     f(y)(std)                  yf(y)(std)                 d(y)(std)                  yd(y)(std)  
1.0610e-03     0.0000e+00  0.0000e+00     0.0000e+00  0.0000e+00     0.0000e+00  0.0000e+00     0.0000e+00  0.0000e+00 
1.1905e-03     0.0000e+00  0.0000e+00     0.0000e+00  0.0000e+00     0.0000e+00  0.0000e+00     0.0000e+00  0.0000e+00 
1.3357e-03     0.0000e+00  0.0000e+00     0.0000e+00  0.0000e+00     0.0000e+00  0.0000e+00     0.0000e+00  0.0000e+00 
1.4987e-03     0.0000e+00  0.0000e+00     0.0000e+00  0.0000e+00     0.0000e+00  0.0000e+00     0.0000e+00  0.0000e+00 
1.6816e-03     0.0000e+00  0.0000e+00     0.0000e+00  0.0000e+00     0.0000e+00  0.0000e+00     0.0000e+00  0.0000e+00 
1.8868e-03     4.6182e-03  4.4648e-03     8.7134e-06  8.4241e-06     4.9732e-06  4.8081e-06     9.3833e-09  9.0718e-09 
2.1170e-03     0.0000e+00  0.0000e+00     0.0000e+00  0.0000e+00     0.0000e+00  0.0000e+00     0.0000e+00  0.0000e+00 
2.3753e-03     0.0000e+00  0.0000e+00     0.0000e+00  0.0000e+00     0.0000e+00  0.0000e+00     0.0000e+00  0.0000e+00 
2.6651e-03     3.2694e-03  2.6452e-03     8.7134e-06  7.0499e-06     4.9732e-06  4.0238e-06     1.3254e-08  1.0724e-08 
2.9903e-03     0.0000e+00  0.0000e+00     0.0000e+00  0.0000e+00     0.0000e+00  0.0000e+00     0.0000e+00  0.0000e+00 
3.3552e-03     2.5970e-03  8.6117e-04     8.7134e-06  2.8894e-06     4.9732e-06  1.6492e-06     1.6686e-08  5.5334e-09 
3.7646e-03     4.6291e-03  1.6029e-03     1.7427e-05  6.0341e-06     9.9464e-06  3.4441e-06     3.7444e-08  1.2966e-08 
4.2240e-03     0.0000e+00  0.0000e+00     0.0000e+00  0.0000e+00     0.0000e+00  0.0000e+00     0.0000e+00  0.0000e+00 
4.7394e-03     0.0000e+00  0.0000e+00     0.0000e+00  0.0000e+00     0.0000e+00  0.0000e+00     0.0000e+00  0.0000e+00 
5.3176e-03     0.0000e+00  0.0000e+00     0.0000e+00  0.0000e+00     0.0000e+00  0.0000e+00     0.0000e+00  0.0000e+00 
5.9665e-03     2.9208e-03  8.4357e-04     1.7427e-05  5.0332e-06     9.9464e-06  2.8729e-06     5.9345e-08  1.7141e-08 
6.6945e-03     7.8094e-03  3.1164e-03     5.2280e-05  2.0863e-05     2.9839e-05  1.1908e-05     1.9976e-07  7.9718e-08 
7.5114e-03     2.3201e-03  4.3437e-03     1.7427e-05  3.2627e-05     9.9464e-06  1.8622e-05     7.4711e-08  1.3988e-07 
8.4279e-03     3.1016e-03  1.0975e-03     2.6140e-05  9.2495e-06     1.4920e-05  5.2794e-06     1.2574e-07  4.4494e-08 
9.4563e-03     3.6858e-03  1.4667e-03     3.4854e-05  1.3869e-05     1.9893e-05  7.9162e-06     1.8811e-07  7.4858e-08 
1.0610e-02     4.1062e-03  2.1086e-03     4.3567e-05  2.2372e-05     2.4866e-05  1.2769e-05     2.6383e-07  1.3548e-07 
1.1905e-02     5.1235e-03  2.1476e-03     6.0994e-05  2.5566e-05     3.4813e-05  1.4592e-05     4.1443e-07  1.7372e-07 
1.3357e-02     5.8710e-03  6.6224e-03     7.8421e-05  8.8458e-05     4.4759e-05  5.0488e-05     5.9786e-07  6.7438e-07 
1.4987e-02     5.8139e-03  1.8862e-03     8.7134e-05  2.8269e-05     4.9732e-05  1.6136e-05     7.4534e-07  2.4183e-07 
1.6816e-02     5.1817e-04  4.0913e-04     8.7134e-06  6.8798e-06     4.9732e-06  3.9267e-06     8.3629e-08  6.6031e-08 
1.8868e-02     4.6182e-04  6.4993e-04     8.7134e-06  1.2263e-05     4.9732e-06  6.9991e-06     9.3833e-08  1.3206e-07 
2.1170e-02     4.1159e-04  2.3324e-04     8.7134e-06  4.9376e-06     4.9732e-06  2.8182e-06     1.0528e-07  5.9661e-08 
2.3753e-02     1.0381e-01  7.0980e-03     2.4659e-03  1.6860e-04     1.4074e-03  9.6312e-05     3.3431e-05  2.2877e-06 
2.6651e-02     9.1870e-02  1.1454e-02     2.4485e-03  3.0527e-04     1.3975e-03  1.7428e-04     3.7245e-05  4.6449e-06 
2.9903e-02     7.1098e-02  9.2102e-03     2.1261e-03  2.7541e-04     1.2135e-03  1.5723e-04     3.6287e-05  4.7018e-06 
3.3552e-02     4.4668e-02  7.4852e-03     1.4987e-03  2.5114e-04     8.5539e-04  1.4336e-04     2.8700e-05  4.8101e-06 
3.7646e-02     4.6523e-02  9.0609e-03     1.7514e-03  3.4111e-04     9.9962e-04  1.9471e-04     3.7632e-05  7.3300e-06 
4.2240e-02     3.9194e-02  4.0026e-03     1.6555e-03  1.6907e-04     9.4491e-04  9.6535e-05     3.9913e-05  4.0776e-06 
4.7394e-02     3.6954e-02  8.9162e-03     1.7514e-03  4.2257e-04     9.9962e-04  2.4120e-04     4.7375e-05  1.1431e-05 
5.3176e-02     6.3085e-02  8.4365e-03     3.3547e-03  4.4862e-04     1.9147e-03  2.5611e-04     1.0182e-04  1.3619e-05 
5.9665e-02     6.6302e-02  5.5778e-03     3.9559e-03  3.3280e-04     2.2578e-03  1.9005e-04     1.3471e-04  1.1340e-05 
6.6945e-02     6.1955e-02  4.9918e-03     4.1476e-03  3.3418e-04     2.3673e-03  1.9085e-04     1.5848e-04  1.2777e-05 
7.5114e-02     5.9973e-02  2.4063e-03     4.5048e-03  1.8075e-04     2.5712e-03  1.0342e-04     1.9313e-04  7.7684e-06 
8.4279e-02     6.7305e-02  3.8544e-03     5.6724e-03  3.2484e-04     3.2376e-03  1.8563e-04     2.7286e-04  1.5645e-05 
9.4563e-02     6.8740e-02  4.4954e-03     6.5002e-03  4.2510e-04     3.7100e-03  2.4285e-04     3.5083e-04  2.2965e-05 
1.0610e-01     7.9742e-02  3.4197e-03     8.4607e-03  3.6284e-04     4.8290e-03  2.0754e-04     5.1236e-04  2.2021e-05 
1.1905e-01     8.1464e-02  3.3840e-03     9.6980e-03  4.0285e-04     5.5352e-03  2.3047e-04     6.5895e-04  2.7437e-05 
1.3357e-01     8.8913e-02  2.9320e-03     1.1876e-02  3.9164e-04     6.7785e-03  2.2436e-04     9.0543e-04  2.9968e-05 
1.4987e-01     9.3488e-02  5.1716e-03     1.4011e-02  7.7507e-04     7.9969e-03  4.4296e-04     1.1985e-03  6.6387e-05 
1.6816e-01     1.0379e-01  4.7836e-03     1.7453e-02  8.0441e-04     9.9614e-03  4.5999e-04     1.6751e-03  7.7352e-05 
1.8868e-01     1.0562e-01  2.7156e-03     1.9928e-02  5.1237e-04     1.1374e-02  2.9422e-04     2.1460e-03  5.5512e-05 
2.1170e-01     1.1261e-01  4.1933e-03     2.3840e-02  8.8772e-04     1.3607e-02  5.0814e-04     2.8805e-03  1.0757e-04 
2.3753e-01     1.2381e-01  1.9646e-03     2.9408e-02  4.6666e-04     1.6785e-02  2.7058e-04     3.9869e-03  6.4271e-05 
2.6651e-01     1.3607e-01  2.6900e-03     3.6265e-02  7.1692e-04     2.0699e-02  4.1338e-04     5.5164e-03  1.1017e-04 
2.9903e-01     1.5292e-01  3.4107e-03     4.5728e-02  1.0199e-03     2.6099e-02  5.8682e-04     7.8046e-03  1.7548e-04 
3.3552e-01     1.6615e-01  2.3457e-03     5.5748e-02  7.8704e-04     3.1819e-02  4.5820e-04     1.0676e-02  1.5373e-04 
3.7646e-01     1.8165e-01  2.3919e-03     6.8383e-02  9.0045e-04     3.9030e-02  5.2574e-04     1.4693e-02  1.9792e-04 
4.2240e-01     1.9995e-01  5.0318e-03     8.4459e-02  2.1254e-03     4.8205e-02  1.2208e-03     2.0362e-02  5.1565e-04 
4.7394e-01     2.1935e-01  1.9583e-03     1.0396e-01  9.2811e-04     5.9335e-02  5.5586e-04     2.8121e-02  2.6344e-04 
5.3176e-01     2.4256e-01  2.9645e-03     1.2898e-01  1.5764e-03     7.3619e-02  9.2371e-04     3.9148e-02  4.9119e-04 
5.9665e-01     2.6765e-01  3.8046e-03     1.5969e-01  2.2700e-03     9.1144e-02  1.3212e-03     5.4381e-02  7.8829e-04 
6.6945e-01     2.9904e-01  3.4935e-03     2.0019e-01  2.3387e-03     1.1426e-01  1.3737e-03     7.6491e-02  9.1962e-04 
7.5114e-01     3.3272e-01  2.7001e-03     2.4992e-01  2.0282e-03     1.4264e-01  1.2264e-03     1.0714e-01  9.2117e-04 
8.4279e-01     3.7236e-01  6.1308e-03     3.1382e-01  5.1670e-03     1.7912e-01  2.9926e-03     1.5096e-01  2.5221e-03 
9.4563e-01     4.1723e-01  1.7527e-03     3.9454e-01  1.6574e-03     2.2519e-01  1.1417e-03     2.1294e-01  1.0796e-03 
1.0610e+00     4.7054e-01  3.1025e-03     4.9925e-01  3.2917e-03     2.8495e-01  2.0455e-03     3.0234e-01  2.1703e-03 
1.1905e+00     5.2050e-01  6.6729e-03     6.1964e-01  7.9439e-03     3.5366e-01  4.6439e-03     4.2102e-01  5.5284e-03 
1.3357e+00     5.5242e-01  1.8078e-03     7.3789e-01  2.4148e-03     4.2115e-01  1.8245e-03     5.6255e-01  2.4371e-03 
1.4987e+00     5.4955e-01  4.0544e-03     8.2363e-01  6.0764e-03     4.7009e-01  3.7160e-03     7.0453e-01  5.5693e-03 
1.6816e+00     4.9616e-01  3.3754e-03     8.3433e-01  5.6760e-03     4.7620e-01  3.5103e-03     8.0077e-01  5.9029e-03 
1.8868e+00     4.0037e-01  4.3402e-03     7.5541e-01  8.1889e-03     4.3115e-01  4.8315e-03     8.1349e-01  9.1159e-03 
2.1170e+00     2.9029e-01  2.1789e-03     6.1455e-01  4.6127e-03     3.5076e-01  2.8147e-03     7.4255e-01  5.9588e-03 
2.3753e+00     1.9506e-01  1.4513e-03     4.6333e-01  3.4473e-03     2.6445e-01  2.1059e-03     6.2814e-01  5.0022e-03 
2.6651e+00     1.2760e-01  1.0735e-03     3.4007e-01  2.8610e-03     1.9409e-01  1.7234e-03     5.1729e-01  4.5930e-03 
2.9903e+00     8.2934e-02  3.6696e-04     2.4800e-01  1.0973e-03     1.4155e-01  7.4412e-04     4.2327e-01  2.2252e-03 
3.3552e+00     5.4952e-02  5.7320e-04     1.8438e-01  1.9232e-03     1.0523e-01  1.1376e-03     3.5308e-01  3.8169e-03 
3.7646e+00     3.6790e-02  4.3351e-04     1.3850e-01  1.6320e-03     7.9049e-02  9.5813e-04     2.9759e-01  3.6070e-03 
4.2240e+00     2.6002e-02  3.9463e-04     1.0983e-01  1.6669e-03     6.2687e-02  9.6789e-04     2.6479e-01  4.0883e-03 
4.7394e+00     1.7653e-02  2.4980e-04     8.3666e-02  1.1839e-03     4.7753e-02  6.8919e-04     2.2632e-01  3.2663e-03 
5.3176e+00     1.2307e-02  3.3099e-04     6.5446e-02  1.7601e-03     3.7354e-02  1.0102e-03     1.9863e-01  5.3717e-03 
5.9665e+00     8.4440e-03  1.6895e-04     5.0381e-02  1.0081e-03     2.8755e-02  5.8111e-04     1.7157e-01  3.4672e-03 
6.6945e+00     5.5785e-03  1.6156e-04     3.7346e-02  1.0816e-03     2.1315e-02  6.2029e-04     1.4270e-01  4.1525e-03 
7.5114e+00     3.6007e-03  3.9747e-05     2.7046e-02  2.9855e-04     1.5437e-02  1.7595e-04     1.1595e-01  1.3216e-03 
8.4279e+00     2.2838e-03  9.1758e-05     1.9248e-02  7.7333e-04     1.0986e-02  4.4248e-04     9.2588e-02  3.7292e-03 
9.4563e+00     1.3048e-03  5.2697e-05     1.2338e-02  4.9832e-04     7.0421e-03  2.8512e-04     6.6592e-02  2.6962e-03 
1.0610e+01     6.1511e-04  3.1463e-05     6.5263e-03  3.3382e-04     3.7249e-03  1.9083e-04     3.9522e-02  2.0247e-03 
1.1905e+01     2.7667e-04  3.6634e-05     3.2937e-03  4.3612e-04     1.8799e-03  2.4897e-04     2.2379e-02  2.9640e-03 
1.3357e+01     1.1742e-04  1.4101e-05     1.5684e-03  1.8836e-04     8.9518e-04  1.0754e-04     1.1957e-02  1.4364e-03 
1.4987e+01     3.6046e-05  9.8243e-06     5.4023e-04  1.4724e-04     3.0834e-04  8.4042e-05     4.6211e-03  1.2595e-03 
1.6816e+01     1.4509e-05  3.0424e-06     2.4398e-04  5.1161e-05     1.3925e-04  2.9203e-05     2.3416e-03  4.9108e-04 
1.8868e+01     6.0036e-06  2.1452e-06     1.1327e-04  4.0474e-05     6.4652e-05  2.3102e-05     1.2198e-03  4.3588e-04 
2.1170e+01     2.4696e-06  2.4786e-06     5.2280e-05  5.2471e-05     2.9839e-05  2.9948e-05     6.3170e-04  6.3401e-04 
2.3753e+01     3.6683e-07  3.3127e-07     8.7134e-06  7.8687e-06     4.9732e-06  4.4911e-06     1.1813e-04  1.0668e-04 
2.6651e+01     3.2694e-07  2.2145e-07     8.7134e-06  5.9020e-06     4.9732e-06  3.3687e-06     1.3254e-04  8.9779e-05 
2.9903e+01     5.8277e-07  3.3372e-06     1.7427e-05  9.9795e-05     9.9464e-06  5.6958e-05     2.9743e-04  1.7032e-03 
3.3552e+01     2.5970e-07  1.6514e-07     8.7134e-06  5.5407e-06     4.9732e-06  3.1624e-06     1.6686e-04  1.0611e-04 
3.7646e+01     0.0000e+00  0.0000e+00     0.0000e+00  0.0000e+00     0.0000e+00  0.0000e+00     0.0000e+00  0.0000e+00 
4.2240e+01     2.0629e-07  8.3289e-07     8.7134e-06  3.5181e-05     4.9732e-06  2.0080e-05     2.1007e-04  8.4816e-04 
4.7394e+01     1.8385e-07  1.5884e-07     8.7134e-06  7.5278e-06     4.9732e-06  4.2966e-06     2.3570e-04  2.0363e-04 
5.3176e+01     1.6386e-07  2.2094e-07     8.7134e-06  1.1749e-05     4.9732e-06  6.7057e-06     2.6446e-04  3.5659e-04 
5.9665e+01     0.0000e+00  0.0000e+00     0.0000e+00  0.0000e+00     0.0000e+00  0.0000e+00     0.0000e+00  0.0000e+00 
6.6945e+01     2.6031e-07  2.0133e-07     1.7427e-05  1.3478e-05     9.9464e-06  7.6928e-06     6.6587e-04  5.1499e-04 
7.5114e+01     0.0000e+00  0.0000e+00     0.0000e+00  0.0000e+00     0.0000e+00  0.0000e+00     0.0000e+00  0.0000e+00 
8.4279e+01     2.0678e-07  1.8194e-07     1.7427e-05  1.5334e-05     9.9464e-06  8.7520e-06     8.3828e-04  7.3761e-04 
9.4563e+01     0.0000e+00  0.0000e+00     0.0000e+00  0.0000e+00     0.0000e+00  0.0000e+00     0.0000e+00  0.0000e+00 
1.0610e+02     0.0000e+00  0.0000e+00     0.0000e+00  0.0000e+00     0.0000e+00  0.0000e+00     0.0000e+00  0.0000e+00 
1.1905e+02     7.3193e-08  8.0888e-08     8.7134e-06  9.6294e-06     4.9732e-06  5.4961e-06     5.9205e-04  6.5429e-04 
1.3357e+02     0.0000e+00  0.0000e+00     0.0000e+00  0.0000e+00     0.0000e+00  0.0000e+00     0.0000e+00  0.0000e+00 
1.4987e+02     0.0000e+00  0.0000e+00     0.0000e+00  0.0000e+00     0.0000e+00  0.0000e+00     0.0000e+00  0.0000e+00 
1.6816e+02     5.1817e-08  2.1981e-08     8.7134e-06  3.6963e-06     4.9732e-06  2.1097e-06     8.3629e-04  3.5477e-04 
1.8868e+02     0.0000e+00  0.0000e+00     0.0000e+00  0.0000e+00     0.0000e+00  0.0000e+00     0.0000e+00  0.0000e+00 
2.1170e+02     4.1159e-08  1.1640e-08     8.7134e-06  2.4642e-06     4.9732e-06  1.4065e-06     1.0528e-03  2.9776e-04 
2.3753e+02     0.0000e+00  0.0000e+00     0.0000e+00  0.0000e+00     0.0000e+00  0.0000e+00     0.0000e+00  0.0000e+00 
2.6651e+02     6.5388e-08  7.0524e-08     1.7427e-05  1.8796e-05     9.9464e-06  1.0728e-05     2.6509e-03  2.8591e-03 
2.9903e+02     0.0000e+00  0.0000e+00     0.0000e+00  0.0000e+00     0.0000e+00  0.0000e+00     0.0000e+00  0.0000e+00 
3.3552e+02     2.5970e-08  1.7696e-07     8.7134e-06  5.9374e-05     4.9732e-06  3.3888e-05     1.6686e-03  1.1370e-02 
3.7646e+02     0.0000e+00  0.0000e+00     0.0000e+00  0.0000e+00     0.0000e+00  0.0000e+00     0.0000e+00  0.0000e+00 
4.2240e+02     0.0000e+00  0.0000e+00     0.0000e+00  0.0000e+00     0.0000e+00  0.0000e+00     0.0000e+00  0.0000e+00 
4.7394e+02     3.6770e-08  1.6354e-08     1.7427e-05  7.7506e-06     9.9464e-06  4.4238e-06     4.7140e-03  2.0966e-03 
5.3176e+02     1.6386e-08  1.3776e-08     8.7134e-06  7.3257e-06     4.9732e-06  4.1812e-06     2.6446e-03  2.2234e-03 
5.9665e+02     1.4604e-08  3.1678e-08     8.7134e-06  1.8900e-05     4.9732e-06  1.0788e-05     2.9673e-03  6.4364e-03 
6.6945e+02     1.3016e-08  1.2356e-08     8.7134e-06  8.2717e-06     4.9732e-06  4.7211e-06     3.3293e-03  3.1606e-03 
7.5114e+02     0.0000e+00  0.0000e+00     0.0000e+00  0.0000e+00     0.0000e+00  0.0000e+00     0.0000e+00  0.0000e+00 
8.4279e+02     0.0000e+00  0.0000e+00     0.0000e+00  0.0000e+00     0.0000e+00  0.0000e+00     0.0000e+00  0.0000e+00 
9.4563e+02     0.0000e+00  0.0000e+00     0.0000e+00  0.0000e+00     0.0000e+00  0.0000e+00     0.0000e+00  0.0000e+00 
1.0610e+03     0.0000e+00  0.0000e+00     0.0000e+00  0.0000e+00     0.0000e+00  0.0000e+00     0.0000e+00  0.0000e+00 
1.1905e+03     0.0000e+00  0.0000e+00     0.0000e+00  0.0000e+00     0.0000e+00  0.0000e+00     0.0000e+00  0.0000e+00 
1.3357e+03     0.0000e+00  0.0000e+00     0.0000e+00  0.0000e+00     0.0000e+00  0.0000e+00     0.0000e+00  0.0000e+00 
1.4987e+03     0.0000e+00  0.0000e+00     0.0000e+00  0.0000e+00     0.0000e+00  0.0000e+00     0.0000e+00  0.0000e+00 
1.6816e+03     0.0000e+00  0.0000e+00     0.0000e+00  0.0000e+00     0.0000e+00  0.0000e+00     0.0000e+00  0.0000e+00 
1.8868e+03     0.0000e+00  0.0000e+00     0.0000e+00  0.0000e+00     0.0000e+00  0.0000e+00     0.0000e+00  0.0000e+00 
2.1170e+03     0.0000e+00  0.0000e+00     0.0000e+00  0.0000e+00     0.0000e+00  0.0000e+00     0.0000e+00  0.0000e+00 
2.3753e+03     0.0000e+00  0.0000e+00     0.0000e+00  0.0000e+00     0.0000e+00  0.0000e+00     0.0000e+00  0.0000e+00 
2.6651e+03     0.0000e+00  0.0000e+00     0.0000e+00  0.0000e+00     0.0000e+00  0.0000e+00     0.0000e+00  0.0000e+00 
2.9903e+03     0.0000e+00  0.0000e+00     0.0000e+00  0.0000e+00     0.0000e+00  0.0000e+00     0.0000e+00  0.0000e+00 
3.3552e+03     0.0000e+00  0.0000e+00     0.0000e+00  0.0000e+00     0.0000e+00  0.0000e+00     0.0000e+00  0.0000e+00 
3.7646e+03     0.0000e+00  0.0000e+00     0.0000e+00  0.0000e+00     0.0000e+00  0.0000e+00     0.0000e+00  0.0000e+00 
4.2240e+03     0.0000e+00  0.0000e+00     0.0000e+00  0.0000e+00     0.0000e+00  0.0000e+00     0.0000e+00  0.0000e+00 
4.7394e+03     0.0000e+00  0.0000e+00     0.0000e+00  0.0000e+00     0.0000e+00  0.0000e+00     0.0000e+00  0.0000e+00 
5.3176e+03     0.0000e+00  0.0000e+00     0.0000e+00  0.0000e+00     0.0000e+00  0.0000e+00     0.0000e+00  0.0000e+00 
5.9665e+03     0.0000e+00  0.0000e+00     0.0000e+00  0.0000e+00     0.0000e+00  0.0000e+00     0.0000e+00  0.0000e+00 
6.6945e+03     0.0000e+00  0.0000e+00     0.0000e+00  0.0000e+00     0.0000e+00  0.0000e+00     0.0000e+00  0.0000e+00 
7.5114e+03     0.0000e+00  0.0000e+00     0.0000e+00  0.0000e+00     0.0000e+00  0.0000e+00     0.0000e+00  0.0000e+00 
8.4279e+03     0.0000e+00  0.0000e+00     0.0000e+00  0.0000e+00     0.0000e+00  0.0000e+00     0.0000e+00  0.0000e+00 
9.4563e+03     0.0000e+00  0.0000e+00     0.0000e+00  0.0000e+00     0.0000e+00  0.0000e+00     0.0000e+00  0.0000e+00 
