yF = 1.7533e+00 (std: 3.6711e-03) keV/um
yD = 2.8787e+00 (std: 8.2934e-02) keV/um
y (keV/um)     f(y)(std)                  yf(y)(std)                 d(y)(std)                  yd(y)(std)  
1.0610e-03     0.0000e+00  0.0000e+00     0.0000e+00  0.0000e+00     0.0000e+00  0.0000e+00     0.0000e+00  0.0000e+00 
1.1905e-03     0.0000e+00  0.0000e+00     0.0000e+00  0.0000e+00     0.0000e+00  0.0000e+00     0.0000e+00  0.0000e+00 
1.3357e-03     6.5234e-03  3.1966e-03     8.7136e-06  4.2698e-06     4.9699e-06  2.4353e-06     6.6384e-09  3.2529e-09 
1.4987e-03     0.0000e+00  0.0000e+00     0.0000e+00  0.0000e+00     0.0000e+00  0.0000e+00     0.0000e+00  0.0000e+00 
1.6816e-03     0.0000e+00  0.0000e+00     0.0000e+00  0.0000e+00     0.0000e+00  0.0000e+00     0.0000e+00  0.0000e+00 
1.8868e-03     0.0000e+00  0.0000e+00     0.0000e+00  0.0000e+00     0.0000e+00  0.0000e+00     0.0000e+00  0.0000e+00 
2.1170e-03     0.0000e+00  0.0000e+00     0.0000e+00  0.0000e+00     0.0000e+00  0.0000e+00     0.0000e+00  0.0000e+00 
2.3753e-03     3.6684e-03  4.9463e-03     8.7136e-06  1.1749e-05     4.9699e-06  6.7011e-06     1.1805e-08  1.5917e-08 
2.6651e-03     3.2695e-03  4.6237e-04     8.7136e-06  1.2323e-06     4.9699e-06  7.0292e-07     1.3245e-08  1.8734e-09 
2.9903e-03     0.0000e+00  0.0000e+00     0.0000e+00  0.0000e+00     0.0000e+00  0.0000e+00     0.0000e+00  0.0000e+00 
3.3552e-03     2.5970e-03  1.6731e-03     8.7136e-06  5.6135e-06     4.9699e-06  3.2017e-06     1.6675e-08  1.0742e-08 
3.7646e-03     4.6292e-03  2.7984e-03     1.7427e-05  1.0535e-05     9.9397e-06  6.0087e-06     3.7419e-08  2.2620e-08 
4.2240e-03     1.0314e-02  4.6847e-03     4.3568e-05  1.9788e-05     2.4849e-05  1.1286e-05     1.0496e-07  4.7673e-08 
4.7394e-03     1.8386e-03  8.4252e-04     8.7136e-06  3.9930e-06     4.9699e-06  2.2775e-06     2.3554e-08  1.0794e-08 
5.3176e-03     0.0000e+00  0.0000e+00     0.0000e+00  0.0000e+00     0.0000e+00  0.0000e+00     0.0000e+00  0.0000e+00 
5.9665e-03     2.9208e-03  3.9568e-03     1.7427e-05  2.3608e-05     9.9397e-06  1.3465e-05     5.9305e-08  8.0339e-08 
6.6945e-03     5.2064e-03  3.7584e-03     3.4854e-05  2.5161e-05     1.9879e-05  1.4351e-05     1.3308e-07  9.6070e-08 
7.5114e-03     0.0000e+00  0.0000e+00     0.0000e+00  0.0000e+00     0.0000e+00  0.0000e+00     0.0000e+00  0.0000e+00 
8.4279e-03     0.0000e+00  0.0000e+00     0.0000e+00  0.0000e+00     0.0000e+00  0.0000e+00     0.0000e+00  0.0000e+00 
9.4563e-03     0.0000e+00  0.0000e+00     0.0000e+00  0.0000e+00     0.0000e+00  0.0000e+00     0.0000e+00  0.0000e+00 
1.0610e-02     5.7488e-03  3.5362e-03     6.0995e-05  3.7520e-05     3.4789e-05  2.1400e-05     3.6911e-07  2.2705e-07 
1.1905e-02     4.3917e-03  1.6097e-03     5.2281e-05  1.9163e-05     2.9819e-05  1.0930e-05     3.5499e-07  1.3012e-07 
1.3357e-02     5.2188e-03  1.5968e-03     6.9709e-05  2.1329e-05     3.9759e-05  1.2166e-05     5.3107e-07  1.6250e-07 
1.4987e-02     5.8140e-04  4.4301e-04     8.7136e-06  6.6394e-06     4.9699e-06  3.7869e-06     7.4484e-08  5.6754e-08 
1.6816e-02     5.1818e-04  3.2514e-04     8.7136e-06  5.4676e-06     4.9699e-06  3.1185e-06     8.3572e-08  5.2440e-08 
1.8868e-02     9.2365e-04  6.1236e-04     1.7427e-05  1.1554e-05     9.9397e-06  6.5898e-06     1.8754e-07  1.2433e-07 
2.1170e-02     0.0000e+00  0.0000e+00     0.0000e+00  0.0000e+00     0.0000e+00  0.0000e+00     0.0000e+00  0.0000e+00 
2.3753e-02     1.0051e-01  9.1351e-03     2.3875e-03  2.1699e-04     1.3617e-03  1.2379e-04     3.2345e-05  2.9404e-06 
2.6651e-02     9.3180e-02  1.0718e-02     2.4834e-03  2.8565e-04     1.4164e-03  1.6295e-04     3.7749e-05  4.3428e-06 
2.9903e-02     6.7020e-02  5.9802e-03     2.0041e-03  1.7883e-04     1.1431e-03  1.0202e-04     3.4181e-05  3.0508e-06 
3.3552e-02     5.3239e-02  9.4825e-03     1.7863e-03  3.1816e-04     1.0188e-03  1.8148e-04     3.4183e-05  6.0889e-06 
3.7646e-02     4.4209e-02  6.8987e-03     1.6643e-03  2.5971e-04     9.4924e-04  1.4814e-04     3.5735e-05  5.5769e-06 
4.2240e-02     3.0943e-02  4.5640e-03     1.3070e-03  1.9278e-04     7.4548e-04  1.0997e-04     3.1489e-05  4.6449e-06 
4.7394e-02     4.5045e-02  5.1908e-03     2.1348e-03  2.4601e-04     1.2176e-03  1.4034e-04     5.7707e-05  6.6510e-06 
5.3176e-02     5.7188e-02  5.4845e-03     3.0410e-03  2.9165e-04     1.7345e-03  1.6638e-04     9.2233e-05  8.8476e-06 
5.9665e-02     6.3966e-02  5.3316e-03     3.8165e-03  3.1811e-04     2.1768e-03  1.8149e-04     1.2988e-04  1.0829e-05 
6.6945e-02     5.8572e-02  3.6979e-03     3.9211e-03  2.4756e-04     2.2364e-03  1.4127e-04     1.4972e-04  9.4576e-06 
7.5114e-02     6.1947e-02  3.5771e-03     4.6530e-03  2.6869e-04     2.6539e-03  1.5335e-04     1.9934e-04  1.1519e-05 
8.4279e-02     7.1856e-02  5.3657e-03     6.0559e-03  4.5222e-04     3.4540e-03  2.5803e-04     2.9110e-04  2.1746e-05 
9.4563e-02     7.3348e-02  2.5543e-03     6.9360e-03  2.4155e-04     3.9560e-03  1.3802e-04     3.7409e-04  1.3051e-05 
1.0610e-01     7.2681e-02  2.8343e-03     7.7115e-03  3.0072e-04     4.3983e-03  1.7177e-04     4.6667e-04  1.8225e-05 
1.1905e-01     8.3515e-02  6.1064e-03     9.9422e-03  7.2695e-04     5.6706e-03  4.1479e-04     6.7507e-04  4.9380e-05 
1.3357e-01     8.6501e-02  2.5445e-03     1.1554e-02  3.3987e-04     6.5900e-03  1.9434e-04     8.8025e-04  2.5959e-05 
1.4987e-01     9.5059e-02  3.1395e-03     1.4247e-02  4.7052e-04     8.1257e-03  2.6890e-04     1.2178e-03  4.0301e-05 
1.6816e-01     1.0089e-01  4.6706e-03     1.6965e-02  7.8540e-04     9.6763e-03  4.4842e-04     1.6272e-03  7.5405e-05 
1.8868e-01     1.1015e-01  2.4666e-03     2.0782e-02  4.6539e-04     1.1853e-02  2.6660e-04     2.2364e-03  5.0301e-05 
2.1170e-01     1.1545e-01  5.6797e-03     2.4442e-02  1.2024e-03     1.3940e-02  6.8642e-04     2.9512e-03  1.4531e-04 
2.3753e-01     1.2212e-01  1.4994e-03     2.9007e-02  3.5615e-04     1.6545e-02  2.0607e-04     3.9299e-03  4.8947e-05 
2.6651e-01     1.3653e-01  4.6120e-03     3.6388e-02  1.2292e-03     2.0754e-02  7.0241e-04     5.5312e-03  1.8720e-04 
2.9903e-01     1.4814e-01  2.0610e-03     4.4300e-02  6.1629e-04     2.5267e-02  3.5547e-04     7.5556e-03  1.0630e-04 
3.3552e-01     1.6769e-01  4.3630e-03     5.6264e-02  1.4639e-03     3.2090e-02  8.3764e-04     1.0767e-02  2.8105e-04 
3.7646e-01     1.8216e-01  3.1109e-03     6.8576e-02  1.1711e-03     3.9113e-02  6.7297e-04     1.4724e-02  2.5335e-04 
4.2240e-01     1.9882e-01  2.7151e-03     8.3981e-02  1.1468e-03     4.7899e-02  6.6176e-04     2.0232e-02  2.7952e-04 
4.7394e-01     2.1894e-01  6.5193e-03     1.0376e-01  3.0897e-03     5.9181e-02  1.7666e-03     2.8048e-02  8.3726e-04 
5.3176e-01     2.4230e-01  4.0564e-03     1.2885e-01  2.1571e-03     7.3489e-02  1.2399e-03     3.9079e-02  6.5932e-04 
5.9665e-01     2.7092e-01  1.6388e-03     1.6165e-01  9.7778e-04     9.2196e-02  5.9015e-04     5.5009e-02  3.5211e-04 
6.6945e-01     2.9490e-01  2.1558e-03     1.9742e-01  1.4432e-03     1.1260e-01  8.5624e-04     7.5382e-02  5.7321e-04 
7.5114e-01     3.2763e-01  3.3722e-03     2.4610e-01  2.5330e-03     1.4036e-01  1.4743e-03     1.0543e-01  1.1074e-03 
8.4279e-01     3.7104e-01  5.8817e-03     3.1271e-01  4.9570e-03     1.7836e-01  2.8518e-03     1.5032e-01  2.4035e-03 
9.4563e-01     4.1788e-01  3.4310e-03     3.9516e-01  3.2444e-03     2.2538e-01  1.9097e-03     2.1313e-01  1.8059e-03 
1.0610e+00     4.7073e-01  2.4498e-03     4.9945e-01  2.5993e-03     2.8487e-01  1.5980e-03     3.0225e-01  1.6955e-03 
1.1905e+00     5.2146e-01  1.4431e-03     6.2078e-01  1.7179e-03     3.5407e-01  1.2287e-03     4.2151e-01  1.4627e-03 
1.3357e+00     5.5101e-01  2.2193e-03     7.3600e-01  2.9643e-03     4.1978e-01  1.9056e-03     5.6072e-01  2.5453e-03 
1.4987e+00     5.5150e-01  2.1223e-03     8.2653e-01  3.1807e-03     4.7142e-01  2.0653e-03     7.0652e-01  3.0953e-03 
1.6816e+00     4.9405e-01  1.9026e-03     8.3080e-01  3.1993e-03     4.7385e-01  2.0770e-03     7.9682e-01  3.4927e-03 
1.8868e+00     3.9960e-01  1.7081e-03     7.5396e-01  3.2228e-03     4.3003e-01  2.0468e-03     8.1136e-01  3.8619e-03 
2.1170e+00     2.8997e-01  1.1803e-03     6.1386e-01  2.4987e-03     3.5012e-01  1.6027e-03     7.4120e-01  3.3928e-03 
2.3753e+00     1.9641e-01  1.2963e-03     4.6654e-01  3.0792e-03     2.6610e-01  1.8425e-03     6.3206e-01  4.3765e-03 
2.6651e+00     1.2799e-01  7.3353e-04     3.4110e-01  1.9550e-03     1.9455e-01  1.1871e-03     5.1850e-01  3.1638e-03 
2.9903e+00     8.3052e-02  7.4664e-04     2.4835e-01  2.2327e-03     1.4165e-01  1.3075e-03     4.2358e-01  3.9099e-03 
3.3552e+00     5.4849e-02  4.7481e-04     1.8403e-01  1.5931e-03     1.0496e-01  9.3484e-04     3.5217e-01  3.1366e-03 
3.7646e+00     3.7564e-02  5.7583e-04     1.4141e-01  2.1678e-03     8.0656e-02  1.2479e-03     3.0364e-01  4.6978e-03 
4.2240e+00     2.5920e-02  2.1989e-04     1.0949e-01  9.2882e-04     6.2446e-02  5.4566e-04     2.6377e-01  2.3048e-03 
4.7394e+00     1.7898e-02  2.6704e-04     8.4827e-02  1.2656e-03     4.8382e-02  7.2891e-04     2.2930e-01  3.4545e-03 
5.3176e+00     1.2290e-02  3.4353e-04     6.5352e-02  1.8268e-03     3.7274e-02  1.0448e-03     1.9821e-01  5.5560e-03 
5.9665e+00     8.4281e-03  2.7202e-04     5.0286e-02  1.6230e-03     2.8681e-02  9.2763e-04     1.7113e-01  5.5347e-03 
6.6945e+00     5.7531e-03  2.9985e-04     3.8514e-02  2.0074e-03     2.1967e-02  1.1458e-03     1.4706e-01  7.6709e-03 
7.5114e+00     3.6391e-03  6.2183e-05     2.7334e-02  4.6708e-04     1.5590e-02  2.6839e-04     1.1711e-01  2.0160e-03 
8.4279e+00     2.2601e-03  9.6662e-05     1.9048e-02  8.1465e-04     1.0864e-02  4.6520e-04     9.1561e-02  3.9207e-03 
9.4563e+00     1.2504e-03  6.2409e-05     1.1824e-02  5.9015e-04     6.7441e-03  3.3690e-04     6.3774e-02  3.1858e-03 
1.0610e+01     6.5207e-04  3.7449e-05     6.9186e-03  3.9734e-04     3.9461e-03  2.2678e-04     4.1868e-02  2.4061e-03 
1.1905e+01     3.3084e-04  2.8032e-05     3.9385e-03  3.3372e-04     2.2464e-03  1.9040e-04     2.6742e-02  2.2666e-03 
1.3357e+01     1.1612e-04  1.9656e-05     1.5510e-03  2.6255e-04     8.8463e-04  1.4976e-04     1.1816e-02  2.0004e-03 
1.4987e+01     4.0698e-05  1.1588e-05     6.0995e-04  1.7367e-04     3.4789e-04  9.9057e-05     5.2139e-03  1.4846e-03 
1.6816e+01     1.7618e-05  1.8411e-05     2.9626e-04  3.0959e-04     1.6897e-04  1.7658e-04     2.8415e-03  2.9693e-03 
1.8868e+01     3.2328e-06  1.1302e-06     6.0995e-05  2.1324e-05     3.4789e-05  1.2163e-05     6.5639e-04  2.2948e-04 
2.1170e+01     1.2348e-06  7.2959e-07     2.6141e-05  1.5445e-05     1.4910e-05  8.8094e-06     3.1563e-04  1.8649e-04 
2.3753e+01     3.6684e-07  3.2147e-07     8.7136e-06  7.6358e-06     4.9699e-06  4.3552e-06     1.1805e-04  1.0345e-04 
2.6651e+01     9.8084e-07  5.1253e-07     2.6141e-05  1.3660e-05     1.4910e-05  7.7910e-06     3.9736e-04  2.0764e-04 
2.9903e+01     2.9139e-07  3.1382e-07     8.7136e-06  9.3842e-06     4.9699e-06  5.3524e-06     1.4861e-04  1.6005e-04 
3.3552e+01     0.0000e+00  0.0000e+00     0.0000e+00  0.0000e+00     0.0000e+00  0.0000e+00     0.0000e+00  0.0000e+00 
3.7646e+01     0.0000e+00  0.0000e+00     0.0000e+00  0.0000e+00     0.0000e+00  0.0000e+00     0.0000e+00  0.0000e+00 
4.2240e+01     0.0000e+00  0.0000e+00     0.0000e+00  0.0000e+00     0.0000e+00  0.0000e+00     0.0000e+00  0.0000e+00 
4.7394e+01     0.0000e+00  0.0000e+00     0.0000e+00  0.0000e+00     0.0000e+00  0.0000e+00     0.0000e+00  0.0000e+00 
5.3176e+01     3.2772e-07  2.9955e-07     1.7427e-05  1.5929e-05     9.9397e-06  9.0854e-06     5.2856e-04  4.8313e-04 
5.9665e+01     2.9208e-07  3.3392e-07     1.7427e-05  1.9923e-05     9.9397e-06  1.1363e-05     5.9305e-04  6.7800e-04 
6.6945e+01     1.3016e-07  5.2054e-08     8.7136e-06  3.4848e-06     4.9699e-06  1.9876e-06     3.3271e-04  1.3306e-04 
7.5114e+01     1.1601e-07  1.0022e-07     8.7136e-06  7.5278e-06     4.9699e-06  4.2936e-06     3.7330e-04  3.2251e-04 
8.4279e+01     0.0000e+00  0.0000e+00     0.0000e+00  0.0000e+00     0.0000e+00  0.0000e+00     0.0000e+00  0.0000e+00 
9.4563e+01     1.8429e-07  7.7578e-08     1.7427e-05  7.3359e-06     9.9397e-06  4.1842e-06     9.3992e-04  3.9566e-04 
1.0610e+02     1.6425e-07  6.7909e-08     1.7427e-05  7.2052e-06     9.9397e-06  4.1096e-06     1.0546e-03  4.3603e-04 
1.1905e+02     1.4639e-07  7.0353e-08     1.7427e-05  8.3753e-06     9.9397e-06  4.7770e-06     1.1833e-03  5.6868e-04 
1.3357e+02     1.3047e-07  1.1220e-07     1.7427e-05  1.4987e-05     9.9397e-06  8.5481e-06     1.3277e-03  1.1418e-03 
1.4987e+02     0.0000e+00  0.0000e+00     0.0000e+00  0.0000e+00     0.0000e+00  0.0000e+00     0.0000e+00  0.0000e+00 
1.6816e+02     5.1818e-08  1.0363e-07     8.7136e-06  1.7427e-05     4.9699e-06  9.9393e-06     8.3572e-04  1.6714e-03 
1.8868e+02     4.6182e-08  3.0136e-08     8.7136e-06  5.6859e-06     4.9699e-06  3.2430e-06     9.3770e-04  6.1189e-04 
2.1170e+02     4.1160e-08  2.6516e-08     8.7136e-06  5.6135e-06     4.9699e-06  3.2017e-06     1.0521e-03  6.7780e-04 
2.3753e+02     3.6684e-08  2.6679e-08     8.7136e-06  6.3371e-06     4.9699e-06  3.6144e-06     1.1805e-03  8.5854e-04 
2.6651e+02     0.0000e+00  0.0000e+00     0.0000e+00  0.0000e+00     0.0000e+00  0.0000e+00     0.0000e+00  0.0000e+00 
2.9903e+02     0.0000e+00  0.0000e+00     0.0000e+00  0.0000e+00     0.0000e+00  0.0000e+00     0.0000e+00  0.0000e+00 
3.3552e+02     0.0000e+00  0.0000e+00     0.0000e+00  0.0000e+00     0.0000e+00  0.0000e+00     0.0000e+00  0.0000e+00 
3.7646e+02     0.0000e+00  0.0000e+00     0.0000e+00  0.0000e+00     0.0000e+00  0.0000e+00     0.0000e+00  0.0000e+00 
4.2240e+02     2.0629e-08  1.3117e-08     8.7136e-06  5.5407e-06     4.9699e-06  3.1602e-06     2.0992e-03  1.3349e-03 
4.7394e+02     0.0000e+00  0.0000e+00     0.0000e+00  0.0000e+00     0.0000e+00  0.0000e+00     0.0000e+00  0.0000e+00 
5.3176e+02     0.0000e+00  0.0000e+00     0.0000e+00  0.0000e+00     0.0000e+00  0.0000e+00     0.0000e+00  0.0000e+00 
5.9665e+02     0.0000e+00  0.0000e+00     0.0000e+00  0.0000e+00     0.0000e+00  0.0000e+00     0.0000e+00  0.0000e+00 
6.6945e+02     0.0000e+00  0.0000e+00     0.0000e+00  0.0000e+00     0.0000e+00  0.0000e+00     0.0000e+00  0.0000e+00 
7.5114e+02     0.0000e+00  0.0000e+00     0.0000e+00  0.0000e+00     0.0000e+00  0.0000e+00     0.0000e+00  0.0000e+00 
8.4279e+02     0.0000e+00  0.0000e+00     0.0000e+00  0.0000e+00     0.0000e+00  0.0000e+00     0.0000e+00  0.0000e+00 
9.4563e+02     0.0000e+00  0.0000e+00     0.0000e+00  0.0000e+00     0.0000e+00  0.0000e+00     0.0000e+00  0.0000e+00 
1.0610e+03     0.0000e+00  0.0000e+00     0.0000e+00  0.0000e+00     0.0000e+00  0.0000e+00     0.0000e+00  0.0000e+00 
1.1905e+03     0.0000e+00  0.0000e+00     0.0000e+00  0.0000e+00     0.0000e+00  0.0000e+00     0.0000e+00  0.0000e+00 
1.3357e+03     0.0000e+00  0.0000e+00     0.0000e+00  0.0000e+00     0.0000e+00  0.0000e+00     0.0000e+00  0.0000e+00 
1.4987e+03     0.0000e+00  0.0000e+00     0.0000e+00  0.0000e+00     0.0000e+00  0.0000e+00     0.0000e+00  0.0000e+00 
1.6816e+03     0.0000e+00  0.0000e+00     0.0000e+00  0.0000e+00     0.0000e+00  0.0000e+00     0.0000e+00  0.0000e+00 
1.8868e+03     0.0000e+00  0.0000e+00     0.0000e+00  0.0000e+00     0.0000e+00  0.0000e+00     0.0000e+00  0.0000e+00 
2.1170e+03     0.0000e+00  0.0000e+00     0.0000e+00  0.0000e+00     0.0000e+00  0.0000e+00     0.0000e+00  0.0000e+00 
2.3753e+03     0.0000e+00  0.0000e+00     0.0000e+00  0.0000e+00     0.0000e+00  0.0000e+00     0.0000e+00  0.0000e+00 
2.6651e+03     0.0000e+00  0.0000e+00     0.0000e+00  0.0000e+00     0.0000e+00  0.0000e+00     0.0000e+00  0.0000e+00 
2.9903e+03     0.0000e+00  0.0000e+00     0.0000e+00  0.0000e+00     0.0000e+00  0.0000e+00     0.0000e+00  0.0000e+00 
3.3552e+03     0.0000e+00  0.0000e+00     0.0000e+00  0.0000e+00     0.0000e+00  0.0000e+00     0.0000e+00  0.0000e+00 
3.7646e+03     0.0000e+00  0.0000e+00     0.0000e+00  0.0000e+00     0.0000e+00  0.0000e+00     0.0000e+00  0.0000e+00 
4.2240e+03     0.0000e+00  0.0000e+00     0.0000e+00  0.0000e+00     0.0000e+00  0.0000e+00     0.0000e+00  0.0000e+00 
4.7394e+03     0.0000e+00  0.0000e+00     0.0000e+00  0.0000e+00     0.0000e+00  0.0000e+00     0.0000e+00  0.0000e+00 
5.3176e+03     0.0000e+00  0.0000e+00     0.0000e+00  0.0000e+00     0.0000e+00  0.0000e+00     0.0000e+00  0.0000e+00 
5.9665e+03     0.0000e+00  0.0000e+00     0.0000e+00  0.0000e+00     0.0000e+00  0.0000e+00     0.0000e+00  0.0000e+00 
6.6945e+03     0.0000e+00  0.0000e+00     0.0000e+00  0.0000e+00     0.0000e+00  0.0000e+00     0.0000e+00  0.0000e+00 
7.5114e+03     0.0000e+00  0.0000e+00     0.0000e+00  0.0000e+00     0.0000e+00  0.0000e+00     0.0000e+00  0.0000e+00 
8.4279e+03     0.0000e+00  0.0000e+00     0.0000e+00  0.0000e+00     0.0000e+00  0.0000e+00     0.0000e+00  0.0000e+00 
9.4563e+03     0.0000e+00  0.0000e+00     0.0000e+00  0.0000e+00     0.0000e+00  0.0000e+00     0.0000e+00  0.0000e+00 
