yF = 3.1852e+01 (std: 9.4097e-02) keV/um
yD = 3.6823e+01 (std: 1.1686e-01) keV/um
y (keV/um)     f(y)(std)                  yf(y)(std)                 d(y)(std)                  yd(y)(std)  
1.0610e-01     9.6148e-03  3.5634e-03     1.0201e-03  3.7808e-04     3.2027e-05  1.1870e-05     3.3981e-06  1.2594e-06 
1.1905e-01     1.3183e-03  2.0641e-03     1.5694e-04  2.4573e-04     4.9273e-06  7.7147e-06     5.8658e-07  9.1841e-07 
1.3357e-01     3.9166e-04  3.1611e-04     5.2315e-05  4.2223e-05     1.6424e-06  1.3256e-06     2.1938e-07  1.7707e-07 
1.4987e-01     5.2360e-04  3.0469e-04     7.8472e-05  4.5665e-05     2.4636e-06  1.4337e-06     3.6923e-07  2.1486e-07 
1.6816e-01     4.6666e-04  5.3576e-04     7.8472e-05  9.0092e-05     2.4636e-06  2.8284e-06     4.1428e-07  4.7563e-07 
1.8868e-01     1.1091e-03  5.5798e-04     2.0926e-04  1.0528e-04     6.5697e-06  3.3053e-06     1.2396e-06  6.2363e-07 
2.1170e-01     3.7068e-04  3.2217e-04     7.8472e-05  6.8204e-05     2.4636e-06  2.1413e-06     5.2155e-07  4.5330e-07 
2.3753e-01     8.8098e-04  5.2156e-04     2.0926e-04  1.2389e-04     6.5697e-06  3.8894e-06     1.5605e-06  9.2386e-07 
2.6651e-01     8.8332e-04  3.3021e-04     2.3542e-04  8.8006e-05     7.3909e-06  2.7630e-06     1.9698e-06  7.3638e-07 
2.9903e-01     1.3996e-03  3.2313e-04     4.1852e-04  9.6627e-05     1.3139e-05  3.0339e-06     3.9291e-06  9.0722e-07 
3.3552e-01     1.2474e-03  4.7485e-04     4.1852e-04  1.5932e-04     1.3139e-05  5.0021e-06     4.4085e-06  1.6783e-06 
3.7646e-01     1.5981e-03  4.9480e-04     6.0162e-04  1.8627e-04     1.8888e-05  5.8482e-06     7.1105e-06  2.2016e-06 
4.2240e-01     1.3005e-03  1.7188e-03     5.4931e-04  7.2600e-04     1.7245e-05  2.2793e-05     7.2844e-06  9.6276e-06 
4.7394e-01     1.1590e-03  3.1758e-04     5.4931e-04  1.5051e-04     1.7245e-05  4.7256e-06     8.1732e-06  2.2396e-06 
5.3176e-01     1.7708e-03  5.7946e-04     9.4167e-04  3.0814e-04     2.9564e-05  9.6743e-06     1.5721e-05  5.1444e-06 
5.9665e-01     1.4467e-03  4.8267e-04     8.6320e-04  2.8798e-04     2.7100e-05  9.0415e-06     1.6169e-05  5.3946e-06 
6.6945e-01     1.5629e-03  9.3210e-04     1.0463e-03  6.2400e-04     3.2849e-05  1.9591e-05     2.1990e-05  1.3115e-05 
7.5114e-01     2.0198e-03  5.7618e-04     1.5171e-03  4.3279e-04     4.7630e-05  1.3588e-05     3.5777e-05  1.0207e-05 
8.4279e-01     1.9553e-03  4.4121e-04     1.6479e-03  3.7185e-04     5.1736e-05  1.1675e-05     4.3603e-05  9.8398e-06 
9.4563e-01     2.2129e-03  4.9523e-04     2.0926e-03  4.6830e-04     6.5697e-05  1.4704e-05     6.2125e-05  1.3904e-05 
1.0610e+00     1.9723e-03  4.9510e-04     2.0926e-03  5.2531e-04     6.5697e-05  1.6493e-05     6.9705e-05  1.7499e-05 
1.1905e+00     2.2192e-03  3.2028e-04     2.6419e-03  3.8128e-04     8.2942e-05  1.1973e-05     9.8741e-05  1.4253e-05 
1.3357e+00     2.1737e-03  2.8772e-04     2.9035e-03  3.8432e-04     9.1155e-05  1.2069e-05     1.2176e-04  1.6121e-05 
1.4987e+00     2.1991e-03  5.4582e-04     3.2958e-03  8.1803e-04     1.0347e-04  2.5684e-05     1.5508e-04  3.8493e-05 
1.6816e+00     2.7066e-03  4.5357e-04     4.5514e-03  7.6272e-04     1.4289e-04  2.3949e-05     2.4028e-04  4.0273e-05 
1.8868e+00     2.7173e-03  3.2453e-04     5.1269e-03  6.1232e-04     1.6096e-04  1.9230e-05     3.0369e-04  3.6282e-05 
2.1170e+00     2.7554e-03  3.8839e-04     5.8331e-03  8.2222e-04     1.8313e-04  2.5819e-05     3.8769e-04  5.4659e-05 
2.3753e+00     3.0063e-03  2.2886e-04     7.1410e-03  5.4361e-04     2.2419e-04  1.7079e-05     5.3252e-04  4.0569e-05 
2.6651e+00     3.2290e-03  5.1266e-04     8.6058e-03  1.3663e-03     2.7018e-04  4.2902e-05     7.2006e-04  1.1434e-04 
2.9903e+00     3.3415e-03  3.4885e-04     9.9922e-03  1.0432e-03     3.1370e-04  3.2764e-05     9.3808e-04  9.7974e-05 
3.3552e+00     3.7499e-03  2.8731e-04     1.2582e-02  9.6399e-04     3.9500e-04  3.0287e-05     1.3253e-03  1.0162e-04 
3.7646e+00     4.2593e-03  3.7734e-04     1.6035e-02  1.4205e-03     5.0340e-04  4.4622e-05     1.8951e-03  1.6798e-04 
4.2240e+00     4.4835e-03  4.5166e-04     1.8938e-02  1.9078e-03     5.9456e-04  5.9920e-05     2.5114e-03  2.5310e-04 
4.7394e+00     5.1439e-03  1.8819e-04     2.4379e-02  8.9190e-04     7.6537e-04  2.8092e-05     3.6274e-03  1.3314e-04 
5.3176e+00     5.8143e-03  2.3244e-04     3.0918e-02  1.2360e-03     9.7067e-04  3.8910e-05     5.1617e-03  2.0691e-04 
5.9665e+00     6.2999e-03  3.3529e-04     3.7588e-02  2.0005e-03     1.1801e-03  6.2902e-05     7.0410e-03  3.7530e-04 
6.6945e+00     7.1347e-03  1.9146e-04     4.7764e-02  1.2817e-03     1.4995e-03  4.0482e-05     1.0039e-02  2.7101e-04 
7.5114e+00     7.5707e-03  2.7157e-04     5.6866e-02  2.0399e-03     1.7853e-03  6.4258e-05     1.3410e-02  4.8267e-04 
8.4279e+00     8.6096e-03  2.1358e-04     7.2561e-02  1.8000e-03     2.2780e-03  5.6911e-05     1.9199e-02  4.7964e-04 
9.4563e+00     9.5156e-03  2.6414e-04     8.9982e-02  2.4978e-03     2.8250e-03  7.8861e-05     2.6714e-02  7.4573e-04 
1.0610e+01     1.0108e-02  2.4477e-04     1.0725e-01  2.5970e-03     3.3670e-03  8.2137e-05     3.5724e-02  8.7149e-04 
1.1905e+01     1.1358e-02  4.1550e-04     1.3521e-01  4.9464e-03     4.2448e-03  1.5580e-04     5.0534e-02  1.8547e-03 
1.3357e+01     1.2521e-02  4.2366e-04     1.6725e-01  5.6590e-03     5.2508e-03  1.7834e-04     7.0137e-02  2.3821e-03 
1.4987e+01     1.4169e-02  3.1481e-04     2.1235e-01  4.7181e-03     6.6666e-03  1.4943e-04     9.9913e-02  2.2395e-03 
1.6816e+01     1.5636e-02  4.2962e-04     2.6294e-01  7.2245e-03     8.2548e-03  2.2812e-04     1.3881e-01  3.8360e-03 
1.8868e+01     1.7524e-02  1.6836e-04     3.3063e-01  3.1766e-03     1.0380e-02  1.0434e-04     1.9585e-01  1.9686e-03 
2.1170e+01     1.9069e-02  3.4747e-04     4.0369e-01  7.3558e-03     1.2674e-02  2.3395e-04     2.6830e-01  4.9527e-03 
2.3753e+01     2.1248e-02  5.7714e-04     5.0471e-01  1.3709e-02     1.5845e-02  4.3293e-04     3.7637e-01  1.0283e-02 
2.6651e+01     2.3856e-02  2.8543e-04     6.3578e-01  7.6070e-03     1.9960e-02  2.4599e-04     5.3197e-01  6.5561e-03 
2.9903e+01     2.6665e-02  3.4850e-04     7.9736e-01  1.0421e-02     2.5033e-02  3.3543e-04     7.4857e-01  1.0031e-02 
3.3552e+01     2.9100e-02  1.8059e-04     9.7638e-01  6.0591e-03     3.0653e-02  2.1068e-04     1.0285e+00  7.0687e-03 
3.7646e+01     3.0481e-02  2.0662e-04     1.1475e+00  7.7784e-03     3.6026e-02  2.6638e-04     1.3562e+00  1.0028e-02 
4.2240e+01     2.7726e-02  1.7747e-04     1.1711e+00  7.4963e-03     3.6768e-02  2.5920e-04     1.5531e+00  1.0949e-02 
4.7394e+01     1.8695e-02  1.0627e-04     8.8603e-01  5.0366e-03     2.7817e-02  1.7820e-04     1.3183e+00  8.4457e-03 
5.3176e+01     7.4572e-03  8.4603e-05     3.9655e-01  4.4989e-03     1.2450e-02  1.4595e-04     6.6202e-01  7.7612e-03 
5.9665e+01     1.3854e-03  4.1602e-05     8.2658e-02  2.4822e-03     2.5950e-03  7.8304e-05     1.5483e-01  4.6720e-03 
6.6945e+01     7.9709e-05  1.1709e-05     5.3361e-03  7.8386e-04     1.6753e-04  2.4614e-05     1.1215e-02  1.6478e-03 
7.5114e+01     2.0894e-06  6.0819e-07     1.5694e-04  4.5684e-05     4.9273e-06  1.4343e-06     3.7011e-04  1.0774e-04 
8.4279e+01     0.0000e+00  0.0000e+00     0.0000e+00  0.0000e+00     0.0000e+00  0.0000e+00     0.0000e+00  0.0000e+00 
9.4563e+01     0.0000e+00  0.0000e+00     0.0000e+00  0.0000e+00     0.0000e+00  0.0000e+00     0.0000e+00  0.0000e+00 
1.0610e+02     0.0000e+00  0.0000e+00     0.0000e+00  0.0000e+00     0.0000e+00  0.0000e+00     0.0000e+00  0.0000e+00 
1.1905e+02     0.0000e+00  0.0000e+00     0.0000e+00  0.0000e+00     0.0000e+00  0.0000e+00     0.0000e+00  0.0000e+00 
1.3357e+02     0.0000e+00  0.0000e+00     0.0000e+00  0.0000e+00     0.0000e+00  0.0000e+00     0.0000e+00  0.0000e+00 
1.4987e+02     0.0000e+00  0.0000e+00     0.0000e+00  0.0000e+00     0.0000e+00  0.0000e+00     0.0000e+00  0.0000e+00 
1.6816e+02     0.0000e+00  0.0000e+00     0.0000e+00  0.0000e+00     0.0000e+00  0.0000e+00     0.0000e+00  0.0000e+00 
1.8868e+02     0.0000e+00  0.0000e+00     0.0000e+00  0.0000e+00     0.0000e+00  0.0000e+00     0.0000e+00  0.0000e+00 
2.1170e+02     0.0000e+00  0.0000e+00     0.0000e+00  0.0000e+00     0.0000e+00  0.0000e+00     0.0000e+00  0.0000e+00 
2.3753e+02     0.0000e+00  0.0000e+00     0.0000e+00  0.0000e+00     0.0000e+00  0.0000e+00     0.0000e+00  0.0000e+00 
2.6651e+02     0.0000e+00  0.0000e+00     0.0000e+00  0.0000e+00     0.0000e+00  0.0000e+00     0.0000e+00  0.0000e+00 
2.9903e+02     0.0000e+00  0.0000e+00     0.0000e+00  0.0000e+00     0.0000e+00  0.0000e+00     0.0000e+00  0.0000e+00 
3.3552e+02     0.0000e+00  0.0000e+00     0.0000e+00  0.0000e+00     0.0000e+00  0.0000e+00     0.0000e+00  0.0000e+00 
3.7646e+02     0.0000e+00  0.0000e+00     0.0000e+00  0.0000e+00     0.0000e+00  0.0000e+00     0.0000e+00  0.0000e+00 
4.2240e+02     0.0000e+00  0.0000e+00     0.0000e+00  0.0000e+00     0.0000e+00  0.0000e+00     0.0000e+00  0.0000e+00 
4.7394e+02     0.0000e+00  0.0000e+00     0.0000e+00  0.0000e+00     0.0000e+00  0.0000e+00     0.0000e+00  0.0000e+00 
5.3176e+02     0.0000e+00  0.0000e+00     0.0000e+00  0.0000e+00     0.0000e+00  0.0000e+00     0.0000e+00  0.0000e+00 
5.9665e+02     0.0000e+00  0.0000e+00     0.0000e+00  0.0000e+00     0.0000e+00  0.0000e+00     0.0000e+00  0.0000e+00 
6.6945e+02     0.0000e+00  0.0000e+00     0.0000e+00  0.0000e+00     0.0000e+00  0.0000e+00     0.0000e+00  0.0000e+00 
7.5114e+02     0.0000e+00  0.0000e+00     0.0000e+00  0.0000e+00     0.0000e+00  0.0000e+00     0.0000e+00  0.0000e+00 
8.4279e+02     0.0000e+00  0.0000e+00     0.0000e+00  0.0000e+00     0.0000e+00  0.0000e+00     0.0000e+00  0.0000e+00 
9.4563e+02     0.0000e+00  0.0000e+00     0.0000e+00  0.0000e+00     0.0000e+00  0.0000e+00     0.0000e+00  0.0000e+00 
1.0610e+03     0.0000e+00  0.0000e+00     0.0000e+00  0.0000e+00     0.0000e+00  0.0000e+00     0.0000e+00  0.0000e+00 
1.1905e+03     0.0000e+00  0.0000e+00     0.0000e+00  0.0000e+00     0.0000e+00  0.0000e+00     0.0000e+00  0.0000e+00 
1.3357e+03     0.0000e+00  0.0000e+00     0.0000e+00  0.0000e+00     0.0000e+00  0.0000e+00     0.0000e+00  0.0000e+00 
1.4987e+03     0.0000e+00  0.0000e+00     0.0000e+00  0.0000e+00     0.0000e+00  0.0000e+00     0.0000e+00  0.0000e+00 
1.6816e+03     0.0000e+00  0.0000e+00     0.0000e+00  0.0000e+00     0.0000e+00  0.0000e+00     0.0000e+00  0.0000e+00 
1.8868e+03     0.0000e+00  0.0000e+00     0.0000e+00  0.0000e+00     0.0000e+00  0.0000e+00     0.0000e+00  0.0000e+00 
2.1170e+03     0.0000e+00  0.0000e+00     0.0000e+00  0.0000e+00     0.0000e+00  0.0000e+00     0.0000e+00  0.0000e+00 
2.3753e+03     0.0000e+00  0.0000e+00     0.0000e+00  0.0000e+00     0.0000e+00  0.0000e+00     0.0000e+00  0.0000e+00 
2.6651e+03     0.0000e+00  0.0000e+00     0.0000e+00  0.0000e+00     0.0000e+00  0.0000e+00     0.0000e+00  0.0000e+00 
2.9903e+03     0.0000e+00  0.0000e+00     0.0000e+00  0.0000e+00     0.0000e+00  0.0000e+00     0.0000e+00  0.0000e+00 
3.3552e+03     0.0000e+00  0.0000e+00     0.0000e+00  0.0000e+00     0.0000e+00  0.0000e+00     0.0000e+00  0.0000e+00 
3.7646e+03     0.0000e+00  0.0000e+00     0.0000e+00  0.0000e+00     0.0000e+00  0.0000e+00     0.0000e+00  0.0000e+00 
4.2240e+03     0.0000e+00  0.0000e+00     0.0000e+00  0.0000e+00     0.0000e+00  0.0000e+00     0.0000e+00  0.0000e+00 
4.7394e+03     0.0000e+00  0.0000e+00     0.0000e+00  0.0000e+00     0.0000e+00  0.0000e+00     0.0000e+00  0.0000e+00 
5.3176e+03     0.0000e+00  0.0000e+00     0.0000e+00  0.0000e+00     0.0000e+00  0.0000e+00     0.0000e+00  0.0000e+00 
5.9665e+03     0.0000e+00  0.0000e+00     0.0000e+00  0.0000e+00     0.0000e+00  0.0000e+00     0.0000e+00  0.0000e+00 
6.6945e+03     0.0000e+00  0.0000e+00     0.0000e+00  0.0000e+00     0.0000e+00  0.0000e+00     0.0000e+00  0.0000e+00 
7.5114e+03     0.0000e+00  0.0000e+00     0.0000e+00  0.0000e+00     0.0000e+00  0.0000e+00     0.0000e+00  0.0000e+00 
8.4279e+03     0.0000e+00  0.0000e+00     0.0000e+00  0.0000e+00     0.0000e+00  0.0000e+00     0.0000e+00  0.0000e+00 
9.4563e+03     0.0000e+00  0.0000e+00     0.0000e+00  0.0000e+00     0.0000e+00  0.0000e+00     0.0000e+00  0.0000e+00 
