yF = 1.8921e+01 (std: 6.9935e-02) keV/um
yD = 2.2695e+01 (std: 1.0040e-01) keV/um
y (keV/um)     f(y)(std)                  yf(y)(std)                 d(y)(std)                  yd(y)(std)  
1.0610e-01     4.0190e-02  4.8990e-03     4.2642e-03  5.1979e-04     2.2537e-04  2.7484e-05     2.3912e-05  2.9161e-06 
1.1905e-01     3.2963e-03  9.1159e-04     3.9241e-04  1.0852e-04     2.0740e-05  5.7361e-06     2.4690e-06  6.8287e-07 
1.3357e-01     4.1129e-03  9.1105e-04     5.4938e-04  1.2169e-04     2.9036e-05  6.4325e-06     3.8784e-06  8.5921e-07 
1.4987e-01     4.3639e-03  1.6455e-03     6.5402e-04  2.4661e-04     3.4566e-05  1.3035e-05     5.1805e-06  1.9535e-06 
1.6816e-01     3.8893e-03  2.1088e-03     6.5402e-04  3.5462e-04     3.4566e-05  1.8743e-05     5.8126e-06  3.1517e-06 
1.8868e-01     5.6848e-03  4.2684e-03     1.0726e-03  8.0536e-04     5.6689e-05  4.2565e-05     1.0696e-05  8.0311e-06 
2.1170e-01     3.9544e-03  2.2849e-03     8.3715e-04  4.8371e-04     4.4245e-05  2.5565e-05     9.3666e-06  5.4122e-06 
2.3753e-01     3.8548e-03  8.7533e-04     9.1563e-04  2.0792e-04     4.8393e-05  1.0990e-05     1.1495e-05  2.6105e-06 
2.6651e-01     5.0061e-03  1.0982e-03     1.3342e-03  2.9270e-04     7.0515e-05  1.5472e-05     1.8793e-05  4.1234e-06 
2.9903e-01     4.0243e-03  1.1331e-03     1.2034e-03  3.3884e-04     6.3602e-05  1.7910e-05     1.9019e-05  5.3556e-06 
3.3552e-01     6.0817e-03  1.0766e-03     2.0405e-03  3.6122e-04     1.0785e-04  1.9095e-05     3.6185e-05  6.4068e-06 
3.7646e-01     6.1848e-03  1.1495e-03     2.3283e-03  4.3276e-04     1.2306e-04  2.2877e-05     4.6326e-05  8.6121e-06 
4.2240e-01     4.7690e-03  7.0099e-04     2.0144e-03  2.9610e-04     1.0646e-04  1.5654e-05     4.4970e-05  6.6123e-06 
4.7394e-01     5.5199e-03  5.7354e-04     2.6161e-03  2.7182e-04     1.3827e-04  1.4375e-05     6.5529e-05  6.8130e-06 
5.3176e-01     6.3463e-03  6.1873e-04     3.3748e-03  3.2902e-04     1.7836e-04  1.7402e-05     9.4847e-05  9.2537e-06 
5.9665e-01     6.6208e-03  6.2223e-04     3.9503e-03  3.7125e-04     2.0878e-04  1.9636e-05     1.2457e-04  1.1716e-05 
6.6945e-01     5.7836e-03  6.5589e-04     3.8718e-03  4.3909e-04     2.0463e-04  2.3219e-05     1.3699e-04  1.5544e-05 
7.5114e-01     6.7219e-03  1.0319e-03     5.0490e-03  7.7511e-04     2.6685e-04  4.0978e-05     2.0044e-04  3.0780e-05 
8.4279e-01     7.0463e-03  5.6348e-04     5.9385e-03  4.7489e-04     3.1386e-04  2.5126e-05     2.6452e-04  2.1176e-05 
9.4563e-01     6.3907e-03  5.7597e-04     6.0432e-03  5.4465e-04     3.1939e-04  2.8810e-05     3.0203e-04  2.7243e-05 
1.0610e+00     7.0518e-03  6.0172e-04     7.4820e-03  6.3843e-04     3.9544e-04  3.3774e-05     4.1956e-04  3.5834e-05 
1.1905e+00     7.8891e-03  5.4306e-04     9.3918e-03  6.4650e-04     4.9637e-04  3.4218e-05     5.9092e-04  4.0736e-05 
1.3357e+00     7.8929e-03  6.5473e-04     1.0543e-02  8.7454e-04     5.5721e-04  4.6267e-05     7.4428e-04  6.1800e-05 
1.4987e+00     8.1517e-03  6.5313e-04     1.2217e-02  9.7886e-04     6.4570e-04  5.1790e-05     9.6772e-04  7.7618e-05 
1.6816e+00     8.7899e-03  7.1591e-04     1.4781e-02  1.2039e-03     7.8120e-04  6.3692e-05     1.3137e-03  1.0710e-04 
1.8868e+00     9.2066e-03  6.6627e-04     1.7371e-02  1.2571e-03     9.1808e-04  6.6527e-05     1.7322e-03  1.2552e-04 
2.1170e+00     8.8233e-03  3.5187e-04     1.8679e-02  7.4491e-04     9.8721e-04  3.9539e-05     2.0899e-03  8.3703e-05 
2.3753e+00     1.0089e-02  6.2903e-04     2.3963e-02  1.4941e-03     1.2665e-03  7.9107e-05     3.0083e-03  1.8790e-04 
2.6651e+00     1.0101e-02  3.6844e-04     2.6920e-02  9.8194e-04     1.4227e-03  5.2163e-05     3.7918e-03  1.3902e-04 
2.9903e+00     1.1942e-02  3.9592e-04     3.5710e-02  1.1839e-03     1.8873e-03  6.2961e-05     5.6437e-03  1.8827e-04 
3.3552e+00     1.1657e-02  8.0349e-04     3.9111e-02  2.6959e-03     2.0671e-03  1.4269e-04     6.9354e-03  4.7874e-04 
3.7646e+00     1.2870e-02  9.3666e-04     4.8450e-02  3.5262e-03     2.5607e-03  1.8660e-04     9.6399e-03  7.0249e-04 
4.2240e+00     1.4499e-02  2.6090e-04     6.1243e-02  1.1020e-03     3.2368e-03  5.9460e-05     1.3672e-02  2.5116e-04 
4.7394e+00     1.5505e-02  4.8667e-04     7.3486e-02  2.3065e-03     3.8839e-03  1.2275e-04     1.8407e-02  5.8173e-04 
5.3176e+00     1.7189e-02  5.1126e-04     9.1406e-02  2.7187e-03     4.8310e-03  1.4479e-04     2.5689e-02  7.6996e-04 
5.9665e+00     1.8556e-02  9.6994e-04     1.1071e-01  5.7871e-03     5.8514e-03  3.0662e-04     3.4912e-02  1.8295e-03 
6.6945e+00     2.0602e-02  5.2668e-04     1.3792e-01  3.5259e-03     7.2893e-03  1.8829e-04     4.8799e-02  1.2605e-03 
7.5114e+00     2.2872e-02  4.6012e-04     1.7180e-01  3.4561e-03     9.0799e-03  1.8572e-04     6.8202e-02  1.3950e-03 
8.4279e+00     2.4575e-02  6.1611e-04     2.0712e-01  5.1925e-03     1.0946e-02  2.7740e-04     9.2256e-02  2.3379e-03 
9.4563e+00     2.7297e-02  2.3407e-04     2.5813e-01  2.2134e-03     1.3643e-02  1.2739e-04     1.2901e-01  1.2046e-03 
1.0610e+01     2.9696e-02  6.0042e-04     3.1508e-01  6.3705e-03     1.6653e-02  3.4228e-04     1.7669e-01  3.6316e-03 
1.1905e+01     3.2554e-02  3.8339e-04     3.8755e-01  4.5642e-03     2.0483e-02  2.5283e-04     2.4384e-01  3.0098e-03 
1.3357e+01     3.5620e-02  3.9252e-04     4.7579e-01  5.2430e-03     2.5146e-02  2.9228e-04     3.3589e-01  3.9040e-03 
1.4987e+01     3.8357e-02  4.5977e-04     5.7486e-01  6.8907e-03     3.0382e-02  3.8110e-04     4.5535e-01  5.7117e-03 
1.6816e+01     4.1841e-02  3.0200e-04     7.0360e-01  5.0783e-03     3.7186e-02  3.0155e-04     6.2532e-01  5.0708e-03 
1.8868e+01     4.4325e-02  3.8007e-04     8.3631e-01  7.1711e-03     4.4201e-02  4.1272e-04     8.3396e-01  7.7871e-03 
2.1170e+01     4.3589e-02  6.0071e-04     9.2277e-01  1.2717e-02     4.8770e-02  6.9587e-04     1.0325e+00  1.4732e-02 
2.3753e+01     4.0713e-02  3.7346e-04     9.6706e-01  8.8707e-03     5.1111e-02  5.0546e-04     1.2140e+00  1.2006e-02 
2.6651e+01     3.2893e-02  5.0170e-04     8.7665e-01  1.3371e-02     4.6333e-02  7.2714e-04     1.2348e+00  1.9379e-02 
2.9903e+01     2.1903e-02  1.6802e-04     6.5496e-01  5.0243e-03     3.4616e-02  2.9476e-04     1.0351e+00  8.8144e-03 
3.3552e+01     1.0888e-02  9.7553e-05     3.6531e-01  3.2731e-03     1.9307e-02  1.8713e-04     6.4780e-01  6.2786e-03 
3.7646e+01     3.8450e-03  1.1619e-04     1.4475e-01  4.3742e-03     7.6502e-03  2.3291e-04     2.8800e-01  8.7680e-03 
4.2240e+01     9.2221e-04  5.3836e-05     3.8954e-02  2.2740e-03     2.0588e-03  1.2043e-04     8.6961e-02  5.0867e-03 
4.7394e+01     1.2254e-04  1.2631e-05     5.8077e-03  5.9863e-04     3.0695e-04  3.1659e-05     1.4547e-02  1.5004e-03 
5.3176e+01     8.8553e-06  1.9972e-06     4.7090e-04  1.0620e-04     2.4888e-05  5.6138e-06     1.3234e-03  2.9852e-04 
5.9665e+01     4.3846e-07  3.3288e-07     2.6161e-05  1.9861e-05     1.3827e-06  1.0497e-06     8.2496e-05  6.2632e-05 
6.6945e+01     0.0000e+00  0.0000e+00     0.0000e+00  0.0000e+00     0.0000e+00  0.0000e+00     0.0000e+00  0.0000e+00 
7.5114e+01     0.0000e+00  0.0000e+00     0.0000e+00  0.0000e+00     0.0000e+00  0.0000e+00     0.0000e+00  0.0000e+00 
8.4279e+01     0.0000e+00  0.0000e+00     0.0000e+00  0.0000e+00     0.0000e+00  0.0000e+00     0.0000e+00  0.0000e+00 
9.4563e+01     0.0000e+00  0.0000e+00     0.0000e+00  0.0000e+00     0.0000e+00  0.0000e+00     0.0000e+00  0.0000e+00 
1.0610e+02     0.0000e+00  0.0000e+00     0.0000e+00  0.0000e+00     0.0000e+00  0.0000e+00     0.0000e+00  0.0000e+00 
1.1905e+02     0.0000e+00  0.0000e+00     0.0000e+00  0.0000e+00     0.0000e+00  0.0000e+00     0.0000e+00  0.0000e+00 
1.3357e+02     0.0000e+00  0.0000e+00     0.0000e+00  0.0000e+00     0.0000e+00  0.0000e+00     0.0000e+00  0.0000e+00 
1.4987e+02     0.0000e+00  0.0000e+00     0.0000e+00  0.0000e+00     0.0000e+00  0.0000e+00     0.0000e+00  0.0000e+00 
1.6816e+02     0.0000e+00  0.0000e+00     0.0000e+00  0.0000e+00     0.0000e+00  0.0000e+00     0.0000e+00  0.0000e+00 
1.8868e+02     0.0000e+00  0.0000e+00     0.0000e+00  0.0000e+00     0.0000e+00  0.0000e+00     0.0000e+00  0.0000e+00 
2.1170e+02     0.0000e+00  0.0000e+00     0.0000e+00  0.0000e+00     0.0000e+00  0.0000e+00     0.0000e+00  0.0000e+00 
2.3753e+02     0.0000e+00  0.0000e+00     0.0000e+00  0.0000e+00     0.0000e+00  0.0000e+00     0.0000e+00  0.0000e+00 
2.6651e+02     0.0000e+00  0.0000e+00     0.0000e+00  0.0000e+00     0.0000e+00  0.0000e+00     0.0000e+00  0.0000e+00 
2.9903e+02     0.0000e+00  0.0000e+00     0.0000e+00  0.0000e+00     0.0000e+00  0.0000e+00     0.0000e+00  0.0000e+00 
3.3552e+02     0.0000e+00  0.0000e+00     0.0000e+00  0.0000e+00     0.0000e+00  0.0000e+00     0.0000e+00  0.0000e+00 
3.7646e+02     0.0000e+00  0.0000e+00     0.0000e+00  0.0000e+00     0.0000e+00  0.0000e+00     0.0000e+00  0.0000e+00 
4.2240e+02     0.0000e+00  0.0000e+00     0.0000e+00  0.0000e+00     0.0000e+00  0.0000e+00     0.0000e+00  0.0000e+00 
4.7394e+02     0.0000e+00  0.0000e+00     0.0000e+00  0.0000e+00     0.0000e+00  0.0000e+00     0.0000e+00  0.0000e+00 
5.3176e+02     0.0000e+00  0.0000e+00     0.0000e+00  0.0000e+00     0.0000e+00  0.0000e+00     0.0000e+00  0.0000e+00 
5.9665e+02     0.0000e+00  0.0000e+00     0.0000e+00  0.0000e+00     0.0000e+00  0.0000e+00     0.0000e+00  0.0000e+00 
6.6945e+02     0.0000e+00  0.0000e+00     0.0000e+00  0.0000e+00     0.0000e+00  0.0000e+00     0.0000e+00  0.0000e+00 
7.5114e+02     0.0000e+00  0.0000e+00     0.0000e+00  0.0000e+00     0.0000e+00  0.0000e+00     0.0000e+00  0.0000e+00 
8.4279e+02     0.0000e+00  0.0000e+00     0.0000e+00  0.0000e+00     0.0000e+00  0.0000e+00     0.0000e+00  0.0000e+00 
9.4563e+02     0.0000e+00  0.0000e+00     0.0000e+00  0.0000e+00     0.0000e+00  0.0000e+00     0.0000e+00  0.0000e+00 
1.0610e+03     0.0000e+00  0.0000e+00     0.0000e+00  0.0000e+00     0.0000e+00  0.0000e+00     0.0000e+00  0.0000e+00 
1.1905e+03     0.0000e+00  0.0000e+00     0.0000e+00  0.0000e+00     0.0000e+00  0.0000e+00     0.0000e+00  0.0000e+00 
1.3357e+03     0.0000e+00  0.0000e+00     0.0000e+00  0.0000e+00     0.0000e+00  0.0000e+00     0.0000e+00  0.0000e+00 
1.4987e+03     0.0000e+00  0.0000e+00     0.0000e+00  0.0000e+00     0.0000e+00  0.0000e+00     0.0000e+00  0.0000e+00 
1.6816e+03     0.0000e+00  0.0000e+00     0.0000e+00  0.0000e+00     0.0000e+00  0.0000e+00     0.0000e+00  0.0000e+00 
1.8868e+03     0.0000e+00  0.0000e+00     0.0000e+00  0.0000e+00     0.0000e+00  0.0000e+00     0.0000e+00  0.0000e+00 
2.1170e+03     0.0000e+00  0.0000e+00     0.0000e+00  0.0000e+00     0.0000e+00  0.0000e+00     0.0000e+00  0.0000e+00 
2.3753e+03     0.0000e+00  0.0000e+00     0.0000e+00  0.0000e+00     0.0000e+00  0.0000e+00     0.0000e+00  0.0000e+00 
2.6651e+03     0.0000e+00  0.0000e+00     0.0000e+00  0.0000e+00     0.0000e+00  0.0000e+00     0.0000e+00  0.0000e+00 
2.9903e+03     0.0000e+00  0.0000e+00     0.0000e+00  0.0000e+00     0.0000e+00  0.0000e+00     0.0000e+00  0.0000e+00 
3.3552e+03     0.0000e+00  0.0000e+00     0.0000e+00  0.0000e+00     0.0000e+00  0.0000e+00     0.0000e+00  0.0000e+00 
3.7646e+03     0.0000e+00  0.0000e+00     0.0000e+00  0.0000e+00     0.0000e+00  0.0000e+00     0.0000e+00  0.0000e+00 
4.2240e+03     0.0000e+00  0.0000e+00     0.0000e+00  0.0000e+00     0.0000e+00  0.0000e+00     0.0000e+00  0.0000e+00 
4.7394e+03     0.0000e+00  0.0000e+00     0.0000e+00  0.0000e+00     0.0000e+00  0.0000e+00     0.0000e+00  0.0000e+00 
5.3176e+03     0.0000e+00  0.0000e+00     0.0000e+00  0.0000e+00     0.0000e+00  0.0000e+00     0.0000e+00  0.0000e+00 
5.9665e+03     0.0000e+00  0.0000e+00     0.0000e+00  0.0000e+00     0.0000e+00  0.0000e+00     0.0000e+00  0.0000e+00 
6.6945e+03     0.0000e+00  0.0000e+00     0.0000e+00  0.0000e+00     0.0000e+00  0.0000e+00     0.0000e+00  0.0000e+00 
7.5114e+03     0.0000e+00  0.0000e+00     0.0000e+00  0.0000e+00     0.0000e+00  0.0000e+00     0.0000e+00  0.0000e+00 
8.4279e+03     0.0000e+00  0.0000e+00     0.0000e+00  0.0000e+00     0.0000e+00  0.0000e+00     0.0000e+00  0.0000e+00 
9.4563e+03     0.0000e+00  0.0000e+00     0.0000e+00  0.0000e+00     0.0000e+00  0.0000e+00     0.0000e+00  0.0000e+00 
