yF = 1.9016e+01 (std: 5.9205e-02) keV/um
yD = 2.2800e+01 (std: 8.7321e-02) keV/um
y (keV/um)     f(y)(std)                  yf(y)(std)                 d(y)(std)                  yd(y)(std)  
1.0610e-01     4.0437e-02  3.6521e-03     4.2904e-03  3.8749e-04     2.2562e-04  2.0389e-05     2.3939e-05  2.1633e-06 
1.1905e-01     3.7358e-03  1.1365e-03     4.4474e-04  1.3530e-04     2.3388e-05  7.1155e-06     2.7842e-06  8.4708e-07 
1.3357e-01     3.3295e-03  1.7530e-03     4.4474e-04  2.3415e-04     2.3388e-05  1.2314e-05     3.1240e-06  1.6448e-06 
1.4987e-01     4.5385e-03  1.7315e-03     6.8019e-04  2.5950e-04     3.5769e-05  1.3647e-05     5.3608e-06  2.0453e-06 
1.6816e-01     3.4226e-03  9.9652e-04     5.7554e-04  1.6757e-04     3.0266e-05  8.8128e-06     5.0896e-06  1.4820e-06 
1.8868e-01     4.5756e-03  2.6218e-03     8.6331e-04  4.9468e-04     4.5400e-05  2.6014e-05     8.5659e-06  4.9083e-06 
2.1170e-01     3.9544e-03  2.1484e-03     8.3715e-04  4.5481e-04     4.4024e-05  2.3918e-05     9.3198e-06  5.0634e-06 
2.3753e-01     3.9650e-03  8.3113e-04     9.4180e-04  1.9742e-04     4.9527e-05  1.0383e-05     1.1764e-05  2.4663e-06 
2.6651e-01     5.3007e-03  1.3816e-03     1.4127e-03  3.6823e-04     7.4290e-05  1.9366e-05     1.9799e-05  5.1612e-06 
2.9903e-01     4.1118e-03  7.4821e-04     1.2296e-03  2.2374e-04     6.4660e-05  1.1768e-05     1.9336e-05  3.5189e-06 
3.3552e-01     5.6139e-03  9.0304e-04     1.8836e-03  3.0299e-04     9.9054e-05  1.5936e-05     3.3235e-05  5.3470e-06 
3.7646e-01     5.3509e-03  8.7811e-04     2.0144e-03  3.3057e-04     1.0593e-04  1.7387e-05     3.9879e-05  6.5456e-06 
4.2240e-01     5.3883e-03  1.1762e-03     2.2760e-03  4.9684e-04     1.1969e-04  2.6130e-05     5.0557e-05  1.1037e-05 
4.7394e-01     4.0296e-03  6.7653e-04     1.9098e-03  3.2063e-04     1.0043e-04  1.6864e-05     4.7597e-05  7.9926e-06 
5.3176e-01     6.8875e-03  1.0157e-03     3.6625e-03  5.4010e-04     1.9260e-04  2.8409e-05     1.0242e-04  1.5107e-05 
5.9665e-01     6.6647e-03  7.5537e-04     3.9765e-03  4.5069e-04     2.0911e-04  2.3710e-05     1.2477e-04  1.4146e-05 
6.6945e-01     5.7836e-03  7.5739e-04     3.8718e-03  5.0703e-04     2.0361e-04  2.6671e-05     1.3631e-04  1.7855e-05 
7.5114e-01     6.6871e-03  1.0580e-03     5.0229e-03  7.9474e-04     2.6414e-04  4.1801e-05     1.9841e-04  3.1399e-05 
8.4279e-01     7.0153e-03  1.0762e-03     5.9124e-03  9.0700e-04     3.1092e-04  4.7707e-05     2.6204e-04  4.0207e-05 
9.4563e-01     6.3077e-03  6.9127e-04     5.9647e-03  6.5368e-04     3.1367e-04  3.4390e-05     2.9662e-04  3.2520e-05 
1.0610e+00     7.1751e-03  1.0902e-03     7.6129e-03  1.1567e-03     4.0034e-04  6.0841e-05     4.2477e-04  6.4553e-05 
1.1905e+00     7.6474e-03  1.0375e-03     9.1040e-03  1.2352e-03     4.7876e-04  6.4971e-05     5.6995e-04  7.7347e-05 
1.3357e+00     7.8734e-03  8.5438e-04     1.0517e-02  1.1412e-03     5.5305e-04  6.0039e-05     7.3873e-04  8.0196e-05 
1.4987e+00     7.8550e-03  6.0833e-04     1.1772e-02  9.1172e-04     6.1909e-04  4.7984e-05     9.2784e-04  7.1914e-05 
1.6816e+00     8.6343e-03  1.0002e-03     1.4519e-02  1.6819e-03     7.6354e-04  8.8479e-05     1.2840e-03  1.4879e-04 
1.8868e+00     9.2206e-03  4.6905e-04     1.7397e-02  8.8499e-04     9.1487e-04  4.6627e-05     1.7262e-03  8.7974e-05 
2.1170e+00     8.8110e-03  5.0407e-04     1.8653e-02  1.0671e-03     9.8091e-04  5.6200e-05     2.0766e-03  1.1897e-04 
2.3753e+00     9.9234e-03  4.9746e-04     2.3571e-02  1.1816e-03     1.2395e-03  6.2259e-05     2.9443e-03  1.4788e-04 
2.6651e+00     9.9338e-03  5.0140e-04     2.6475e-02  1.3363e-03     1.3923e-03  7.0406e-05     3.7106e-03  1.8764e-04 
2.9903e+00     1.1618e-02  6.3460e-04     3.4742e-02  1.8977e-03     1.8270e-03  9.9956e-05     5.4633e-03  2.9890e-04 
3.3552e+00     1.1633e-02  6.2639e-04     3.9032e-02  2.1017e-03     2.0526e-03  1.1071e-04     6.8870e-03  3.7144e-04 
3.7646e+00     1.2724e-02  5.5979e-04     4.7901e-02  2.1074e-03     2.5190e-03  1.1110e-04     9.4830e-03  4.1825e-04 
4.2240e+00     1.4251e-02  4.9310e-04     6.0197e-02  2.0828e-03     3.1656e-03  1.0997e-04     1.3371e-02  4.6453e-04 
4.7394e+00     1.5472e-02  4.7493e-04     7.3329e-02  2.2509e-03     3.8562e-03  1.1898e-04     1.8276e-02  5.6387e-04 
5.3176e+00     1.7017e-02  5.7235e-04     9.0491e-02  3.0436e-03     4.7587e-03  1.6074e-04     2.5305e-02  8.5475e-04 
5.9665e+00     1.8437e-02  4.8772e-04     1.1001e-01  2.9100e-03     5.7850e-03  1.5409e-04     3.4516e-02  9.1935e-04 
6.6945e+00     2.0352e-02  4.9135e-04     1.3625e-01  3.2893e-03     7.1649e-03  1.7441e-04     4.7966e-02  1.1676e-03 
7.5114e+00     2.2715e-02  5.1625e-04     1.7062e-01  3.8777e-03     8.9726e-03  2.0583e-04     6.7397e-02  1.5460e-03 
8.4279e+00     2.4423e-02  3.9294e-04     2.0583e-01  3.3117e-03     1.0824e-02  1.7738e-04     9.1227e-02  1.4950e-03 
9.4563e+00     2.6965e-02  4.3663e-04     2.5499e-01  4.1289e-03     1.3409e-02  2.2111e-04     1.2680e-01  2.0909e-03 
1.0610e+01     2.9408e-02  2.6920e-04     3.1202e-01  2.8563e-03     1.6409e-02  1.5865e-04     1.7410e-01  1.6833e-03 
1.1905e+01     3.2170e-02  3.7257e-04     3.8297e-01  4.4353e-03     2.0140e-02  2.4153e-04     2.3976e-01  2.8753e-03 
1.3357e+01     3.5383e-02  5.4805e-04     4.7263e-01  7.3205e-03     2.4854e-02  3.9267e-04     3.3199e-01  5.2450e-03 
1.4987e+01     3.7976e-02  6.3152e-04     5.6916e-01  9.4647e-03     2.9931e-02  5.0638e-04     4.4858e-01  7.5892e-03 
1.6816e+01     4.1574e-02  4.0682e-04     6.9910e-01  6.8410e-03     3.6764e-02  3.7752e-04     6.1822e-01  6.3484e-03 
1.8868e+01     4.4015e-02  2.4307e-04     8.3046e-01  4.5861e-03     4.3672e-02  2.7686e-04     8.2399e-01  5.2238e-03 
2.1170e+01     4.3572e-02  3.5297e-04     9.2241e-01  7.4724e-03     4.8508e-02  4.2098e-04     1.0269e+00  8.9121e-03 
2.3753e+01     4.0798e-02  3.6816e-04     9.6908e-01  8.7449e-03     5.0962e-02  4.8648e-04     1.2105e+00  1.1555e-02 
2.6651e+01     3.3269e-02  3.1300e-04     8.8668e-01  8.3418e-03     4.6628e-02  4.6207e-04     1.2427e+00  1.2315e-02 
2.9903e+01     2.2247e-02  2.1076e-04     6.6525e-01  6.3023e-03     3.4984e-02  3.4886e-04     1.0461e+00  1.0432e-02 
3.3552e+01     1.1196e-02  1.3057e-04     3.7565e-01  4.3809e-03     1.9754e-02  2.3845e-04     6.6280e-01  8.0005e-03 
3.7646e+01     4.0160e-03  8.1008e-05     1.5118e-01  3.0496e-03     7.9505e-03  1.6227e-04     2.9930e-01  6.1089e-03 
4.2240e+01     9.6495e-04  7.1129e-05     4.0759e-02  3.0045e-03     2.1434e-03  1.5814e-04     9.0537e-02  6.6797e-03 
4.7394e+01     1.3358e-04  2.1267e-05     6.3310e-03  1.0079e-03     3.3293e-04  5.3015e-05     1.5779e-02  2.5126e-03 
5.3176e+01     9.3474e-06  2.3432e-06     4.9706e-04  1.2460e-04     2.6139e-05  6.5530e-06     1.3900e-03  3.4847e-04 
5.9665e+01     8.7693e-07  8.5750e-07     5.2322e-05  5.1163e-05     2.7515e-06  2.6905e-06     1.6417e-04  1.6053e-04 
6.6945e+01     0.0000e+00  0.0000e+00     0.0000e+00  0.0000e+00     0.0000e+00  0.0000e+00     0.0000e+00  0.0000e+00 
7.5114e+01     0.0000e+00  0.0000e+00     0.0000e+00  0.0000e+00     0.0000e+00  0.0000e+00     0.0000e+00  0.0000e+00 
8.4279e+01     0.0000e+00  0.0000e+00     0.0000e+00  0.0000e+00     0.0000e+00  0.0000e+00     0.0000e+00  0.0000e+00 
9.4563e+01     0.0000e+00  0.0000e+00     0.0000e+00  0.0000e+00     0.0000e+00  0.0000e+00     0.0000e+00  0.0000e+00 
1.0610e+02     2.4657e-07  1.8719e-07     2.6161e-05  1.9861e-05     1.3757e-06  1.0445e-06     1.4597e-04  1.1082e-04 
1.1905e+02     0.0000e+00  0.0000e+00     0.0000e+00  0.0000e+00     0.0000e+00  0.0000e+00     0.0000e+00  0.0000e+00 
1.3357e+02     0.0000e+00  0.0000e+00     0.0000e+00  0.0000e+00     0.0000e+00  0.0000e+00     0.0000e+00  0.0000e+00 
1.4987e+02     0.0000e+00  0.0000e+00     0.0000e+00  0.0000e+00     0.0000e+00  0.0000e+00     0.0000e+00  0.0000e+00 
1.6816e+02     0.0000e+00  0.0000e+00     0.0000e+00  0.0000e+00     0.0000e+00  0.0000e+00     0.0000e+00  0.0000e+00 
1.8868e+02     0.0000e+00  0.0000e+00     0.0000e+00  0.0000e+00     0.0000e+00  0.0000e+00     0.0000e+00  0.0000e+00 
2.1170e+02     0.0000e+00  0.0000e+00     0.0000e+00  0.0000e+00     0.0000e+00  0.0000e+00     0.0000e+00  0.0000e+00 
2.3753e+02     0.0000e+00  0.0000e+00     0.0000e+00  0.0000e+00     0.0000e+00  0.0000e+00     0.0000e+00  0.0000e+00 
2.6651e+02     0.0000e+00  0.0000e+00     0.0000e+00  0.0000e+00     0.0000e+00  0.0000e+00     0.0000e+00  0.0000e+00 
2.9903e+02     0.0000e+00  0.0000e+00     0.0000e+00  0.0000e+00     0.0000e+00  0.0000e+00     0.0000e+00  0.0000e+00 
3.3552e+02     0.0000e+00  0.0000e+00     0.0000e+00  0.0000e+00     0.0000e+00  0.0000e+00     0.0000e+00  0.0000e+00 
3.7646e+02     0.0000e+00  0.0000e+00     0.0000e+00  0.0000e+00     0.0000e+00  0.0000e+00     0.0000e+00  0.0000e+00 
4.2240e+02     0.0000e+00  0.0000e+00     0.0000e+00  0.0000e+00     0.0000e+00  0.0000e+00     0.0000e+00  0.0000e+00 
4.7394e+02     0.0000e+00  0.0000e+00     0.0000e+00  0.0000e+00     0.0000e+00  0.0000e+00     0.0000e+00  0.0000e+00 
5.3176e+02     0.0000e+00  0.0000e+00     0.0000e+00  0.0000e+00     0.0000e+00  0.0000e+00     0.0000e+00  0.0000e+00 
5.9665e+02     0.0000e+00  0.0000e+00     0.0000e+00  0.0000e+00     0.0000e+00  0.0000e+00     0.0000e+00  0.0000e+00 
6.6945e+02     0.0000e+00  0.0000e+00     0.0000e+00  0.0000e+00     0.0000e+00  0.0000e+00     0.0000e+00  0.0000e+00 
7.5114e+02     0.0000e+00  0.0000e+00     0.0000e+00  0.0000e+00     0.0000e+00  0.0000e+00     0.0000e+00  0.0000e+00 
8.4279e+02     0.0000e+00  0.0000e+00     0.0000e+00  0.0000e+00     0.0000e+00  0.0000e+00     0.0000e+00  0.0000e+00 
9.4563e+02     0.0000e+00  0.0000e+00     0.0000e+00  0.0000e+00     0.0000e+00  0.0000e+00     0.0000e+00  0.0000e+00 
1.0610e+03     0.0000e+00  0.0000e+00     0.0000e+00  0.0000e+00     0.0000e+00  0.0000e+00     0.0000e+00  0.0000e+00 
1.1905e+03     0.0000e+00  0.0000e+00     0.0000e+00  0.0000e+00     0.0000e+00  0.0000e+00     0.0000e+00  0.0000e+00 
1.3357e+03     0.0000e+00  0.0000e+00     0.0000e+00  0.0000e+00     0.0000e+00  0.0000e+00     0.0000e+00  0.0000e+00 
1.4987e+03     0.0000e+00  0.0000e+00     0.0000e+00  0.0000e+00     0.0000e+00  0.0000e+00     0.0000e+00  0.0000e+00 
1.6816e+03     0.0000e+00  0.0000e+00     0.0000e+00  0.0000e+00     0.0000e+00  0.0000e+00     0.0000e+00  0.0000e+00 
1.8868e+03     0.0000e+00  0.0000e+00     0.0000e+00  0.0000e+00     0.0000e+00  0.0000e+00     0.0000e+00  0.0000e+00 
2.1170e+03     0.0000e+00  0.0000e+00     0.0000e+00  0.0000e+00     0.0000e+00  0.0000e+00     0.0000e+00  0.0000e+00 
2.3753e+03     0.0000e+00  0.0000e+00     0.0000e+00  0.0000e+00     0.0000e+00  0.0000e+00     0.0000e+00  0.0000e+00 
2.6651e+03     0.0000e+00  0.0000e+00     0.0000e+00  0.0000e+00     0.0000e+00  0.0000e+00     0.0000e+00  0.0000e+00 
2.9903e+03     0.0000e+00  0.0000e+00     0.0000e+00  0.0000e+00     0.0000e+00  0.0000e+00     0.0000e+00  0.0000e+00 
3.3552e+03     0.0000e+00  0.0000e+00     0.0000e+00  0.0000e+00     0.0000e+00  0.0000e+00     0.0000e+00  0.0000e+00 
3.7646e+03     0.0000e+00  0.0000e+00     0.0000e+00  0.0000e+00     0.0000e+00  0.0000e+00     0.0000e+00  0.0000e+00 
4.2240e+03     0.0000e+00  0.0000e+00     0.0000e+00  0.0000e+00     0.0000e+00  0.0000e+00     0.0000e+00  0.0000e+00 
4.7394e+03     0.0000e+00  0.0000e+00     0.0000e+00  0.0000e+00     0.0000e+00  0.0000e+00     0.0000e+00  0.0000e+00 
5.3176e+03     0.0000e+00  0.0000e+00     0.0000e+00  0.0000e+00     0.0000e+00  0.0000e+00     0.0000e+00  0.0000e+00 
5.9665e+03     0.0000e+00  0.0000e+00     0.0000e+00  0.0000e+00     0.0000e+00  0.0000e+00     0.0000e+00  0.0000e+00 
6.6945e+03     0.0000e+00  0.0000e+00     0.0000e+00  0.0000e+00     0.0000e+00  0.0000e+00     0.0000e+00  0.0000e+00 
7.5114e+03     0.0000e+00  0.0000e+00     0.0000e+00  0.0000e+00     0.0000e+00  0.0000e+00     0.0000e+00  0.0000e+00 
8.4279e+03     0.0000e+00  0.0000e+00     0.0000e+00  0.0000e+00     0.0000e+00  0.0000e+00     0.0000e+00  0.0000e+00 
9.4563e+03     0.0000e+00  0.0000e+00     0.0000e+00  0.0000e+00     0.0000e+00  0.0000e+00     0.0000e+00  0.0000e+00 
