yF = 1.8674e+00 (std: 8.7006e-03) keV/um
yD = 2.9826e+00 (std: 2.3685e-02) keV/um
y (keV/um)     f(y)(std)                  yf(y)(std)                 d(y)(std)                  yd(y)(std)  
1.0610e-01     9.9273e-01  4.6655e-02     1.0533e-01  4.9502e-03     5.6404e-02  2.6638e-03     5.9845e-03  2.8263e-04 
1.1905e-01     1.4915e-01  8.3871e-03     1.7756e-02  9.9846e-04     9.5085e-03  5.3651e-04     1.1320e-03  6.3870e-05 
1.3357e-01     1.6027e-01  6.6763e-03     2.1407e-02  8.9178e-04     1.1464e-02  4.8053e-04     1.5312e-03  6.4185e-05 
1.4987e-01     1.7281e-01  8.7492e-03     2.5899e-02  1.3113e-03     1.3869e-02  7.0515e-04     2.0785e-03  1.0568e-04 
1.6816e-01     1.8619e-01  4.5750e-03     3.1310e-02  7.6933e-04     1.6766e-02  4.1932e-04     2.8194e-03  7.0512e-05 
1.8868e-01     1.9587e-01  1.0155e-02     3.6957e-02  1.9161e-03     1.9791e-02  1.0302e-03     3.7340e-03  1.9437e-04 
2.1170e-01     1.9703e-01  7.4970e-03     4.1711e-02  1.5871e-03     2.2336e-02  8.5625e-04     4.7286e-03  1.8127e-04 
2.3753e-01     2.1785e-01  1.3082e-02     5.1745e-02  3.1074e-03     2.7710e-02  1.6690e-03     6.5819e-03  3.9644e-04 
2.6651e-01     2.3141e-01  8.1643e-03     6.1674e-02  2.1759e-03     3.3026e-02  1.1753e-03     8.8020e-03  3.1324e-04 
2.9903e-01     2.4226e-01  5.8267e-03     7.2443e-02  1.7424e-03     3.8793e-02  9.5038e-04     1.1600e-02  2.8420e-04 
3.3552e-01     2.4911e-01  5.9362e-03     8.3580e-02  1.9917e-03     4.4757e-02  1.0868e-03     1.5017e-02  3.6463e-04 
3.7646e-01     2.7337e-01  1.5821e-02     1.0291e-01  5.9560e-03     5.5110e-02  3.1997e-03     2.0747e-02  1.2046e-03 
4.2240e-01     2.7529e-01  5.6403e-03     1.1628e-01  2.3824e-03     6.2269e-02  1.3084e-03     2.6302e-02  5.5265e-04 
4.7394e-01     3.0360e-01  5.0411e-03     1.4389e-01  2.3892e-03     7.7052e-02  1.3288e-03     3.6518e-02  6.2977e-04 
5.3176e-01     3.2685e-01  8.6454e-03     1.7381e-01  4.5973e-03     9.3073e-02  2.4998e-03     4.9493e-02  1.3293e-03 
5.9665e-01     3.3687e-01  1.0031e-02     2.0099e-01  5.9852e-03     1.0763e-01  3.2441e-03     6.4218e-02  1.9356e-03 
6.6945e-01     3.5811e-01  7.3266e-03     2.3974e-01  4.9048e-03     1.2838e-01  2.6938e-03     8.5943e-02  1.8034e-03 
7.5114e-01     3.8777e-01  6.3626e-03     2.9127e-01  4.7792e-03     1.5598e-01  2.6604e-03     1.1716e-01  1.9984e-03 
8.4279e-01     4.0681e-01  3.9830e-03     3.4286e-01  3.3568e-03     1.8360e-01  1.9907e-03     1.5474e-01  1.6778e-03 
9.4563e-01     4.1160e-01  5.2210e-03     3.8922e-01  4.9371e-03     2.0843e-01  2.8165e-03     1.9709e-01  2.6634e-03 
1.0610e+00     4.2207e-01  5.3182e-03     4.4782e-01  5.6427e-03     2.3981e-01  3.2216e-03     2.5444e-01  3.4182e-03 
1.1905e+00     4.1966e-01  4.0712e-03     4.9959e-01  4.8467e-03     2.6753e-01  2.8792e-03     3.1849e-01  3.4276e-03 
1.3357e+00     4.0346e-01  6.4031e-03     5.3891e-01  8.5528e-03     2.8859e-01  4.7733e-03     3.8548e-01  6.3759e-03 
1.4987e+00     3.7893e-01  3.7779e-03     5.6791e-01  5.6620e-03     3.0412e-01  3.3467e-03     4.5578e-01  5.0158e-03 
1.6816e+00     3.3244e-01  2.8515e-03     5.5903e-01  4.7950e-03     2.9936e-01  2.9221e-03     5.0340e-01  4.9137e-03 
1.8868e+00     2.8475e-01  4.4910e-03     5.3726e-01  8.4734e-03     2.8770e-01  4.7314e-03     5.4283e-01  8.9270e-03 
2.1170e+00     2.3612e-01  2.3066e-03     4.9985e-01  4.8830e-03     2.6767e-01  2.8970e-03     5.6666e-01  6.1330e-03 
2.3753e+00     1.9036e-01  4.2147e-03     4.5215e-01  1.0011e-02     2.4213e-01  5.4784e-03     5.7513e-01  1.3013e-02 
2.6651e+00     1.5189e-01  1.6603e-03     4.0479e-01  4.4250e-03     2.1677e-01  2.5758e-03     5.7771e-01  6.8649e-03 
2.9903e+00     1.2545e-01  2.1941e-03     3.7514e-01  6.5611e-03     2.0089e-01  3.6360e-03     6.0072e-01  1.0873e-02 
3.3552e+00     9.7098e-02  1.4872e-03     3.2578e-01  4.9900e-03     1.7446e-01  2.7930e-03     5.8534e-01  9.3712e-03 
3.7646e+00     6.9577e-02  1.9463e-03     2.6193e-01  7.3272e-03     1.4026e-01  3.9777e-03     5.2804e-01  1.4975e-02 
4.2240e+00     4.8001e-02  5.4555e-04     2.0275e-01  2.3044e-03     1.0857e-01  1.3337e-03     4.5861e-01  5.6333e-03 
4.7394e+00     3.0626e-02  1.0666e-03     1.4515e-01  5.0548e-03     7.7727e-02  2.7310e-03     3.6838e-01  1.2943e-02 
5.3176e+00     2.0035e-02  1.0361e-03     1.0654e-01  5.5096e-03     5.7051e-02  2.9623e-03     3.0338e-01  1.5753e-02 
5.9665e+00     1.3044e-02  3.9385e-04     7.7828e-02  2.3499e-03     4.1677e-02  1.2733e-03     2.4866e-01  7.5969e-03 
6.6945e+00     8.0238e-03  5.3474e-04     5.3715e-02  3.5798e-03     2.8764e-02  1.9217e-03     1.9256e-01  1.2865e-02 
7.5114e+00     4.7488e-03  1.7698e-04     3.5670e-02  1.3293e-03     1.9101e-02  7.1740e-04     1.4348e-01  5.3886e-03 
8.4279e+00     2.9172e-03  1.6862e-04     2.4586e-02  1.4211e-03     1.3166e-02  7.6349e-04     1.1096e-01  6.4346e-03 
9.4563e+00     1.4361e-03  1.0690e-04     1.3580e-02  1.0109e-03     7.2720e-03  5.4239e-04     6.8766e-02  5.1290e-03 
1.0610e+01     8.0458e-04  9.4070e-05     8.5366e-03  9.9810e-04     4.5714e-03  5.3490e-04     4.8503e-02  5.6754e-03 
1.1905e+01     3.3096e-04  3.4825e-05     3.9400e-03  4.1458e-04     2.1099e-03  2.2222e-04     2.5117e-02  2.6455e-03 
1.3357e+01     1.0816e-04  2.5050e-05     1.4447e-03  3.3460e-04     7.7362e-04  1.7922e-04     1.0333e-02  2.3939e-03 
1.4987e+01     4.2063e-05  9.2105e-06     6.3040e-04  1.3804e-04     3.3758e-04  7.3936e-05     5.0593e-03  1.1081e-03 
1.6816e+01     7.8101e-06  1.5356e-05     1.3133e-04  2.5822e-04     7.0329e-05  1.3828e-04     1.1826e-03  2.3253e-03 
1.8868e+01     1.3921e-06  1.1290e-06     2.6267e-05  2.1301e-05     1.4066e-05  1.1407e-05     2.6539e-04  2.1522e-04 
2.1170e+01     0.0000e+00  0.0000e+00     0.0000e+00  0.0000e+00     0.0000e+00  0.0000e+00     0.0000e+00  0.0000e+00 
2.3753e+01     0.0000e+00  0.0000e+00     0.0000e+00  0.0000e+00     0.0000e+00  0.0000e+00     0.0000e+00  0.0000e+00 
2.6651e+01     0.0000e+00  0.0000e+00     0.0000e+00  0.0000e+00     0.0000e+00  0.0000e+00     0.0000e+00  0.0000e+00 
2.9903e+01     0.0000e+00  0.0000e+00     0.0000e+00  0.0000e+00     0.0000e+00  0.0000e+00     0.0000e+00  0.0000e+00 
3.3552e+01     0.0000e+00  0.0000e+00     0.0000e+00  0.0000e+00     0.0000e+00  0.0000e+00     0.0000e+00  0.0000e+00 
3.7646e+01     0.0000e+00  0.0000e+00     0.0000e+00  0.0000e+00     0.0000e+00  0.0000e+00     0.0000e+00  0.0000e+00 
4.2240e+01     0.0000e+00  0.0000e+00     0.0000e+00  0.0000e+00     0.0000e+00  0.0000e+00     0.0000e+00  0.0000e+00 
4.7394e+01     0.0000e+00  0.0000e+00     0.0000e+00  0.0000e+00     0.0000e+00  0.0000e+00     0.0000e+00  0.0000e+00 
5.3176e+01     0.0000e+00  0.0000e+00     0.0000e+00  0.0000e+00     0.0000e+00  0.0000e+00     0.0000e+00  0.0000e+00 
5.9665e+01     0.0000e+00  0.0000e+00     0.0000e+00  0.0000e+00     0.0000e+00  0.0000e+00     0.0000e+00  0.0000e+00 
6.6945e+01     0.0000e+00  0.0000e+00     0.0000e+00  0.0000e+00     0.0000e+00  0.0000e+00     0.0000e+00  0.0000e+00 
7.5114e+01     0.0000e+00  0.0000e+00     0.0000e+00  0.0000e+00     0.0000e+00  0.0000e+00     0.0000e+00  0.0000e+00 
8.4279e+01     0.0000e+00  0.0000e+00     0.0000e+00  0.0000e+00     0.0000e+00  0.0000e+00     0.0000e+00  0.0000e+00 
9.4563e+01     0.0000e+00  0.0000e+00     0.0000e+00  0.0000e+00     0.0000e+00  0.0000e+00     0.0000e+00  0.0000e+00 
1.0610e+02     0.0000e+00  0.0000e+00     0.0000e+00  0.0000e+00     0.0000e+00  0.0000e+00     0.0000e+00  0.0000e+00 
1.1905e+02     0.0000e+00  0.0000e+00     0.0000e+00  0.0000e+00     0.0000e+00  0.0000e+00     0.0000e+00  0.0000e+00 
1.3357e+02     0.0000e+00  0.0000e+00     0.0000e+00  0.0000e+00     0.0000e+00  0.0000e+00     0.0000e+00  0.0000e+00 
1.4987e+02     0.0000e+00  0.0000e+00     0.0000e+00  0.0000e+00     0.0000e+00  0.0000e+00     0.0000e+00  0.0000e+00 
1.6816e+02     0.0000e+00  0.0000e+00     0.0000e+00  0.0000e+00     0.0000e+00  0.0000e+00     0.0000e+00  0.0000e+00 
1.8868e+02     0.0000e+00  0.0000e+00     0.0000e+00  0.0000e+00     0.0000e+00  0.0000e+00     0.0000e+00  0.0000e+00 
2.1170e+02     0.0000e+00  0.0000e+00     0.0000e+00  0.0000e+00     0.0000e+00  0.0000e+00     0.0000e+00  0.0000e+00 
2.3753e+02     0.0000e+00  0.0000e+00     0.0000e+00  0.0000e+00     0.0000e+00  0.0000e+00     0.0000e+00  0.0000e+00 
2.6651e+02     0.0000e+00  0.0000e+00     0.0000e+00  0.0000e+00     0.0000e+00  0.0000e+00     0.0000e+00  0.0000e+00 
2.9903e+02     0.0000e+00  0.0000e+00     0.0000e+00  0.0000e+00     0.0000e+00  0.0000e+00     0.0000e+00  0.0000e+00 
3.3552e+02     0.0000e+00  0.0000e+00     0.0000e+00  0.0000e+00     0.0000e+00  0.0000e+00     0.0000e+00  0.0000e+00 
3.7646e+02     0.0000e+00  0.0000e+00     0.0000e+00  0.0000e+00     0.0000e+00  0.0000e+00     0.0000e+00  0.0000e+00 
4.2240e+02     0.0000e+00  0.0000e+00     0.0000e+00  0.0000e+00     0.0000e+00  0.0000e+00     0.0000e+00  0.0000e+00 
4.7394e+02     0.0000e+00  0.0000e+00     0.0000e+00  0.0000e+00     0.0000e+00  0.0000e+00     0.0000e+00  0.0000e+00 
5.3176e+02     0.0000e+00  0.0000e+00     0.0000e+00  0.0000e+00     0.0000e+00  0.0000e+00     0.0000e+00  0.0000e+00 
5.9665e+02     0.0000e+00  0.0000e+00     0.0000e+00  0.0000e+00     0.0000e+00  0.0000e+00     0.0000e+00  0.0000e+00 
6.6945e+02     0.0000e+00  0.0000e+00     0.0000e+00  0.0000e+00     0.0000e+00  0.0000e+00     0.0000e+00  0.0000e+00 
7.5114e+02     0.0000e+00  0.0000e+00     0.0000e+00  0.0000e+00     0.0000e+00  0.0000e+00     0.0000e+00  0.0000e+00 
8.4279e+02     0.0000e+00  0.0000e+00     0.0000e+00  0.0000e+00     0.0000e+00  0.0000e+00     0.0000e+00  0.0000e+00 
9.4563e+02     0.0000e+00  0.0000e+00     0.0000e+00  0.0000e+00     0.0000e+00  0.0000e+00     0.0000e+00  0.0000e+00 
1.0610e+03     0.0000e+00  0.0000e+00     0.0000e+00  0.0000e+00     0.0000e+00  0.0000e+00     0.0000e+00  0.0000e+00 
1.1905e+03     0.0000e+00  0.0000e+00     0.0000e+00  0.0000e+00     0.0000e+00  0.0000e+00     0.0000e+00  0.0000e+00 
1.3357e+03     0.0000e+00  0.0000e+00     0.0000e+00  0.0000e+00     0.0000e+00  0.0000e+00     0.0000e+00  0.0000e+00 
1.4987e+03     0.0000e+00  0.0000e+00     0.0000e+00  0.0000e+00     0.0000e+00  0.0000e+00     0.0000e+00  0.0000e+00 
1.6816e+03     0.0000e+00  0.0000e+00     0.0000e+00  0.0000e+00     0.0000e+00  0.0000e+00     0.0000e+00  0.0000e+00 
1.8868e+03     0.0000e+00  0.0000e+00     0.0000e+00  0.0000e+00     0.0000e+00  0.0000e+00     0.0000e+00  0.0000e+00 
2.1170e+03     0.0000e+00  0.0000e+00     0.0000e+00  0.0000e+00     0.0000e+00  0.0000e+00     0.0000e+00  0.0000e+00 
2.3753e+03     0.0000e+00  0.0000e+00     0.0000e+00  0.0000e+00     0.0000e+00  0.0000e+00     0.0000e+00  0.0000e+00 
2.6651e+03     0.0000e+00  0.0000e+00     0.0000e+00  0.0000e+00     0.0000e+00  0.0000e+00     0.0000e+00  0.0000e+00 
2.9903e+03     0.0000e+00  0.0000e+00     0.0000e+00  0.0000e+00     0.0000e+00  0.0000e+00     0.0000e+00  0.0000e+00 
3.3552e+03     0.0000e+00  0.0000e+00     0.0000e+00  0.0000e+00     0.0000e+00  0.0000e+00     0.0000e+00  0.0000e+00 
3.7646e+03     0.0000e+00  0.0000e+00     0.0000e+00  0.0000e+00     0.0000e+00  0.0000e+00     0.0000e+00  0.0000e+00 
4.2240e+03     0.0000e+00  0.0000e+00     0.0000e+00  0.0000e+00     0.0000e+00  0.0000e+00     0.0000e+00  0.0000e+00 
4.7394e+03     0.0000e+00  0.0000e+00     0.0000e+00  0.0000e+00     0.0000e+00  0.0000e+00     0.0000e+00  0.0000e+00 
5.3176e+03     0.0000e+00  0.0000e+00     0.0000e+00  0.0000e+00     0.0000e+00  0.0000e+00     0.0000e+00  0.0000e+00 
5.9665e+03     0.0000e+00  0.0000e+00     0.0000e+00  0.0000e+00     0.0000e+00  0.0000e+00     0.0000e+00  0.0000e+00 
6.6945e+03     0.0000e+00  0.0000e+00     0.0000e+00  0.0000e+00     0.0000e+00  0.0000e+00     0.0000e+00  0.0000e+00 
7.5114e+03     0.0000e+00  0.0000e+00     0.0000e+00  0.0000e+00     0.0000e+00  0.0000e+00     0.0000e+00  0.0000e+00 
8.4279e+03     0.0000e+00  0.0000e+00     0.0000e+00  0.0000e+00     0.0000e+00  0.0000e+00     0.0000e+00  0.0000e+00 
9.4563e+03     0.0000e+00  0.0000e+00     0.0000e+00  0.0000e+00     0.0000e+00  0.0000e+00     0.0000e+00  0.0000e+00 
