yF = 2.5912e+00 (std: 9.5282e-03) keV/um
yD = 3.8376e+00 (std: 2.6489e-02) keV/um
y (keV/um)     f(y)(std)                  yf(y)(std)                 d(y)(std)                  yd(y)(std)  
1.0610e-01     5.2474e-01  1.2370e-02     5.5675e-02  1.3125e-03     2.1486e-02  5.1263e-04     2.2797e-03  5.4390e-05 
1.1905e-01     7.7725e-02  9.5039e-03     9.2530e-03  1.1314e-03     3.5709e-03  4.3683e-04     4.2511e-04  5.2004e-05 
1.3357e-01     8.2813e-02  1.2542e-02     1.1062e-02  1.6752e-03     4.2689e-03  6.4669e-04     5.7021e-04  8.6380e-05 
1.4987e-01     8.9374e-02  4.9664e-03     1.3395e-02  7.4432e-04     5.1692e-03  2.8787e-04     7.7472e-04  4.3144e-05 
1.6816e-01     8.9475e-02  6.4354e-03     1.5046e-02  1.0822e-03     5.8065e-03  4.1817e-04     9.7641e-04  7.0319e-05 
1.8868e-01     9.7666e-02  4.8595e-03     1.8427e-02  9.1688e-04     7.1115e-03  3.5481e-04     1.3418e-03  6.6944e-05 
2.1170e-01     1.0487e-01  6.9353e-03     2.2202e-02  1.4682e-03     8.5681e-03  5.6748e-04     1.8139e-03  1.2013e-04 
2.3753e-01     1.1322e-01  6.4466e-03     2.6894e-02  1.5313e-03     1.0379e-02  5.9218e-04     2.4653e-03  1.4066e-04 
2.6651e-01     1.1094e-01  4.9019e-03     2.9568e-02  1.3064e-03     1.1411e-02  5.0591e-04     3.0411e-03  1.3483e-04 
2.9903e-01     1.2868e-01  7.1456e-03     3.8480e-02  2.1368e-03     1.4850e-02  8.2643e-04     4.4407e-03  2.4713e-04 
3.3552e-01     1.3695e-01  4.8053e-03     4.5950e-02  1.6123e-03     1.7733e-02  6.2562e-04     5.9498e-03  2.0991e-04 
3.7646e-01     1.3710e-01  5.0593e-03     5.1612e-02  1.9046e-03     1.9918e-02  7.3866e-04     7.4984e-03  2.7808e-04 
4.2240e-01     1.5291e-01  6.1152e-03     6.4587e-02  2.5831e-03     2.4926e-02  1.0011e-03     1.0528e-02  4.2284e-04 
4.7394e-01     1.6255e-01  3.7904e-03     7.7038e-02  1.7964e-03     2.9731e-02  7.0183e-04     1.4090e-02  3.3262e-04 
5.3176e-01     1.6824e-01  7.9957e-03     8.9463e-02  4.2518e-03     3.4525e-02  1.6458e-03     1.8359e-02  8.7516e-04 
5.9665e-01     1.8592e-01  4.9358e-03     1.1093e-01  2.9449e-03     4.2810e-02  1.1473e-03     2.5543e-02  6.8456e-04 
6.6945e-01     1.9609e-01  1.0194e-02     1.3127e-01  6.8241e-03     5.0660e-02  2.6401e-03     3.3915e-02  1.7674e-03 
7.5114e-01     2.0865e-01  3.1994e-03     1.5672e-01  2.4032e-03     6.0483e-02  9.5373e-04     4.5431e-02  7.1638e-04 
8.4279e-01     2.2045e-01  3.9824e-03     1.8579e-01  3.3564e-03     7.1701e-02  1.3218e-03     6.0429e-02  1.1140e-03 
9.4563e-01     2.3537e-01  3.4891e-03     2.2257e-01  3.2994e-03     8.5894e-02  1.3119e-03     8.1223e-02  1.2406e-03 
1.0610e+00     2.5175e-01  5.1024e-03     2.6710e-01  5.4137e-03     1.0308e-01  2.1233e-03     1.0937e-01  2.2529e-03 
1.1905e+00     2.7195e-01  7.7867e-03     3.2375e-01  9.2699e-03     1.2494e-01  3.6068e-03     1.4874e-01  4.2938e-03 
1.3357e+00     2.8227e-01  2.4432e-03     3.7704e-01  3.2635e-03     1.4551e-01  1.3684e-03     1.9436e-01  1.8278e-03 
1.4987e+00     2.9268e-01  3.8191e-03     4.3864e-01  5.7237e-03     1.6928e-01  2.2949e-03     2.5370e-01  3.4394e-03 
1.6816e+00     2.9563e-01  2.8810e-03     4.9712e-01  4.8446e-03     1.9185e-01  1.9983e-03     3.2261e-01  3.3603e-03 
1.8868e+00     2.9339e-01  2.4512e-03     5.5355e-01  4.6248e-03     2.1363e-01  1.9500e-03     4.0307e-01  3.6792e-03 
2.1170e+00     2.7705e-01  2.9407e-03     5.8650e-01  6.2253e-03     2.2634e-01  2.5426e-03     4.7917e-01  5.3826e-03 
2.3753e+00     2.5686e-01  3.1813e-03     6.1012e-01  7.5565e-03     2.3546e-01  3.0420e-03     5.5928e-01  7.2257e-03 
2.6651e+00     2.2395e-01  2.6042e-03     5.9686e-01  6.9407e-03     2.3034e-01  2.8093e-03     6.1388e-01  7.4870e-03 
2.9903e+00     1.8880e-01  1.6799e-03     5.6456e-01  5.0236e-03     2.1788e-01  2.0977e-03     6.5152e-01  6.2728e-03 
3.3552e+00     1.5672e-01  7.6596e-04     5.2582e-01  2.5699e-03     2.0292e-01  1.2411e-03     6.8085e-01  4.1643e-03 
3.7646e+00     1.2473e-01  1.3667e-03     4.6954e-01  5.1452e-03     1.8121e-01  2.0945e-03     6.8217e-01  7.8848e-03 
4.2240e+00     9.5952e-02  9.4254e-04     4.0530e-01  3.9813e-03     1.5641e-01  1.6406e-03     6.6068e-01  6.9297e-03 
4.7394e+00     6.7990e-02  1.3902e-03     3.2223e-01  6.5885e-03     1.2435e-01  2.5834e-03     5.8936e-01  1.2244e-02 
5.3176e+00     4.6015e-02  6.0256e-04     2.4469e-01  3.2042e-03     9.4432e-02  1.2844e-03     5.0215e-01  6.8299e-03 
5.9665e+00     3.0437e-02  5.0358e-04     1.8160e-01  3.0046e-03     7.0083e-02  1.1878e-03     4.1815e-01  7.0871e-03 
6.6945e+00     1.9253e-02  3.8440e-04     1.2889e-01  2.5734e-03     4.9740e-02  1.0098e-03     3.3298e-01  6.7602e-03 
7.5114e+00     1.1848e-02  2.9332e-04     8.8991e-02  2.2033e-03     3.4343e-02  8.5961e-04     2.5797e-01  6.4569e-03 
8.4279e+00     6.9264e-03  1.7369e-04     5.8375e-02  1.4638e-03     2.2528e-02  5.7097e-04     1.8986e-01  4.8120e-03 
9.4563e+00     4.0304e-03  4.5999e-04     3.8113e-02  4.3498e-03     1.4708e-02  1.6795e-03     1.3909e-01  1.5882e-02 
1.0610e+01     1.9962e-03  1.0121e-04     2.1180e-02  1.0739e-03     8.1736e-03  4.1552e-04     8.6723e-02  4.4087e-03 
1.1905e+01     9.4460e-04  1.3669e-04     1.1245e-02  1.6273e-03     4.3397e-03  6.2821e-04     5.1663e-02  7.4786e-03 
1.3357e+01     3.8071e-04  4.3420e-05     5.0852e-03  5.7998e-04     1.9625e-03  2.2394e-04     2.6213e-02  2.9913e-03 
1.4987e+01     1.3117e-04  2.3716e-05     1.9659e-03  3.5543e-04     7.5869e-04  1.3720e-04     1.1371e-02  2.0562e-03 
1.6816e+01     5.7675e-05  1.8376e-05     9.6986e-04  3.0900e-04     3.7429e-04  1.1926e-04     6.2940e-03  2.0054e-03 
1.8868e+01     8.3357e-06  2.3437e-06     1.5727e-04  4.4221e-05     6.0695e-05  1.7067e-05     1.1452e-03  3.2202e-04 
2.1170e+01     1.2382e-06  1.1406e-06     2.6212e-05  2.4147e-05     1.0116e-05  9.3189e-06     2.1415e-04  1.9728e-04 
2.3753e+01     2.2071e-06  1.2414e-06     5.2425e-05  2.9488e-05     2.0232e-05  1.1380e-05     4.8057e-04  2.7031e-04 
2.6651e+01     0.0000e+00  0.0000e+00     0.0000e+00  0.0000e+00     0.0000e+00  0.0000e+00     0.0000e+00  0.0000e+00 
2.9903e+01     0.0000e+00  0.0000e+00     0.0000e+00  0.0000e+00     0.0000e+00  0.0000e+00     0.0000e+00  0.0000e+00 
3.3552e+01     0.0000e+00  0.0000e+00     0.0000e+00  0.0000e+00     0.0000e+00  0.0000e+00     0.0000e+00  0.0000e+00 
3.7646e+01     0.0000e+00  0.0000e+00     0.0000e+00  0.0000e+00     0.0000e+00  0.0000e+00     0.0000e+00  0.0000e+00 
4.2240e+01     0.0000e+00  0.0000e+00     0.0000e+00  0.0000e+00     0.0000e+00  0.0000e+00     0.0000e+00  0.0000e+00 
4.7394e+01     5.5308e-07  4.4864e-07     2.6212e-05  2.1263e-05     1.0116e-05  8.2057e-06     4.7943e-04  3.8890e-04 
5.3176e+01     0.0000e+00  0.0000e+00     0.0000e+00  0.0000e+00     0.0000e+00  0.0000e+00     0.0000e+00  0.0000e+00 
5.9665e+01     0.0000e+00  0.0000e+00     0.0000e+00  0.0000e+00     0.0000e+00  0.0000e+00     0.0000e+00  0.0000e+00 
6.6945e+01     0.0000e+00  0.0000e+00     0.0000e+00  0.0000e+00     0.0000e+00  0.0000e+00     0.0000e+00  0.0000e+00 
7.5114e+01     0.0000e+00  0.0000e+00     0.0000e+00  0.0000e+00     0.0000e+00  0.0000e+00     0.0000e+00  0.0000e+00 
8.4279e+01     3.1102e-07  9.5893e-08     2.6212e-05  8.0818e-06     1.0116e-05  3.1191e-06     8.5256e-04  2.6288e-04 
9.4563e+01     0.0000e+00  0.0000e+00     0.0000e+00  0.0000e+00     0.0000e+00  0.0000e+00     0.0000e+00  0.0000e+00 
1.0610e+02     0.0000e+00  0.0000e+00     0.0000e+00  0.0000e+00     0.0000e+00  0.0000e+00     0.0000e+00  0.0000e+00 
1.1905e+02     0.0000e+00  0.0000e+00     0.0000e+00  0.0000e+00     0.0000e+00  0.0000e+00     0.0000e+00  0.0000e+00 
1.3357e+02     0.0000e+00  0.0000e+00     0.0000e+00  0.0000e+00     0.0000e+00  0.0000e+00     0.0000e+00  0.0000e+00 
1.4987e+02     0.0000e+00  0.0000e+00     0.0000e+00  0.0000e+00     0.0000e+00  0.0000e+00     0.0000e+00  0.0000e+00 
1.6816e+02     0.0000e+00  0.0000e+00     0.0000e+00  0.0000e+00     0.0000e+00  0.0000e+00     0.0000e+00  0.0000e+00 
1.8868e+02     0.0000e+00  0.0000e+00     0.0000e+00  0.0000e+00     0.0000e+00  0.0000e+00     0.0000e+00  0.0000e+00 
2.1170e+02     0.0000e+00  0.0000e+00     0.0000e+00  0.0000e+00     0.0000e+00  0.0000e+00     0.0000e+00  0.0000e+00 
2.3753e+02     0.0000e+00  0.0000e+00     0.0000e+00  0.0000e+00     0.0000e+00  0.0000e+00     0.0000e+00  0.0000e+00 
2.6651e+02     0.0000e+00  0.0000e+00     0.0000e+00  0.0000e+00     0.0000e+00  0.0000e+00     0.0000e+00  0.0000e+00 
2.9903e+02     0.0000e+00  0.0000e+00     0.0000e+00  0.0000e+00     0.0000e+00  0.0000e+00     0.0000e+00  0.0000e+00 
3.3552e+02     0.0000e+00  0.0000e+00     0.0000e+00  0.0000e+00     0.0000e+00  0.0000e+00     0.0000e+00  0.0000e+00 
3.7646e+02     0.0000e+00  0.0000e+00     0.0000e+00  0.0000e+00     0.0000e+00  0.0000e+00     0.0000e+00  0.0000e+00 
4.2240e+02     0.0000e+00  0.0000e+00     0.0000e+00  0.0000e+00     0.0000e+00  0.0000e+00     0.0000e+00  0.0000e+00 
4.7394e+02     0.0000e+00  0.0000e+00     0.0000e+00  0.0000e+00     0.0000e+00  0.0000e+00     0.0000e+00  0.0000e+00 
5.3176e+02     0.0000e+00  0.0000e+00     0.0000e+00  0.0000e+00     0.0000e+00  0.0000e+00     0.0000e+00  0.0000e+00 
5.9665e+02     0.0000e+00  0.0000e+00     0.0000e+00  0.0000e+00     0.0000e+00  0.0000e+00     0.0000e+00  0.0000e+00 
6.6945e+02     0.0000e+00  0.0000e+00     0.0000e+00  0.0000e+00     0.0000e+00  0.0000e+00     0.0000e+00  0.0000e+00 
7.5114e+02     0.0000e+00  0.0000e+00     0.0000e+00  0.0000e+00     0.0000e+00  0.0000e+00     0.0000e+00  0.0000e+00 
8.4279e+02     0.0000e+00  0.0000e+00     0.0000e+00  0.0000e+00     0.0000e+00  0.0000e+00     0.0000e+00  0.0000e+00 
9.4563e+02     0.0000e+00  0.0000e+00     0.0000e+00  0.0000e+00     0.0000e+00  0.0000e+00     0.0000e+00  0.0000e+00 
1.0610e+03     0.0000e+00  0.0000e+00     0.0000e+00  0.0000e+00     0.0000e+00  0.0000e+00     0.0000e+00  0.0000e+00 
1.1905e+03     0.0000e+00  0.0000e+00     0.0000e+00  0.0000e+00     0.0000e+00  0.0000e+00     0.0000e+00  0.0000e+00 
1.3357e+03     0.0000e+00  0.0000e+00     0.0000e+00  0.0000e+00     0.0000e+00  0.0000e+00     0.0000e+00  0.0000e+00 
1.4987e+03     0.0000e+00  0.0000e+00     0.0000e+00  0.0000e+00     0.0000e+00  0.0000e+00     0.0000e+00  0.0000e+00 
1.6816e+03     0.0000e+00  0.0000e+00     0.0000e+00  0.0000e+00     0.0000e+00  0.0000e+00     0.0000e+00  0.0000e+00 
1.8868e+03     0.0000e+00  0.0000e+00     0.0000e+00  0.0000e+00     0.0000e+00  0.0000e+00     0.0000e+00  0.0000e+00 
2.1170e+03     0.0000e+00  0.0000e+00     0.0000e+00  0.0000e+00     0.0000e+00  0.0000e+00     0.0000e+00  0.0000e+00 
2.3753e+03     0.0000e+00  0.0000e+00     0.0000e+00  0.0000e+00     0.0000e+00  0.0000e+00     0.0000e+00  0.0000e+00 
2.6651e+03     0.0000e+00  0.0000e+00     0.0000e+00  0.0000e+00     0.0000e+00  0.0000e+00     0.0000e+00  0.0000e+00 
2.9903e+03     0.0000e+00  0.0000e+00     0.0000e+00  0.0000e+00     0.0000e+00  0.0000e+00     0.0000e+00  0.0000e+00 
3.3552e+03     0.0000e+00  0.0000e+00     0.0000e+00  0.0000e+00     0.0000e+00  0.0000e+00     0.0000e+00  0.0000e+00 
3.7646e+03     0.0000e+00  0.0000e+00     0.0000e+00  0.0000e+00     0.0000e+00  0.0000e+00     0.0000e+00  0.0000e+00 
4.2240e+03     0.0000e+00  0.0000e+00     0.0000e+00  0.0000e+00     0.0000e+00  0.0000e+00     0.0000e+00  0.0000e+00 
4.7394e+03     0.0000e+00  0.0000e+00     0.0000e+00  0.0000e+00     0.0000e+00  0.0000e+00     0.0000e+00  0.0000e+00 
5.3176e+03     0.0000e+00  0.0000e+00     0.0000e+00  0.0000e+00     0.0000e+00  0.0000e+00     0.0000e+00  0.0000e+00 
5.9665e+03     0.0000e+00  0.0000e+00     0.0000e+00  0.0000e+00     0.0000e+00  0.0000e+00     0.0000e+00  0.0000e+00 
6.6945e+03     0.0000e+00  0.0000e+00     0.0000e+00  0.0000e+00     0.0000e+00  0.0000e+00     0.0000e+00  0.0000e+00 
7.5114e+03     0.0000e+00  0.0000e+00     0.0000e+00  0.0000e+00     0.0000e+00  0.0000e+00     0.0000e+00  0.0000e+00 
8.4279e+03     0.0000e+00  0.0000e+00     0.0000e+00  0.0000e+00     0.0000e+00  0.0000e+00     0.0000e+00  0.0000e+00 
9.4563e+03     0.0000e+00  0.0000e+00     0.0000e+00  0.0000e+00     0.0000e+00  0.0000e+00     0.0000e+00  0.0000e+00 
