  0.0000E+00 -1.0000E+00 -1.0000E+00  1.4924E-01  3.0000E-01  3.0000E+00  9.1737E-01  2.2103E+00  2.0506E+01
  5.7268E-02  3.0410E-01  1.7829E-01  1.3457E-01  3.0000E-01  3.0000E+00  5.8789E-01  5.1543E+00  2.0506E+01
  2.0399E-01  1.0901E-01  2.4105E-01  1.4482E-01  3.4761E-01  1.3569E+00  2.0381E-01  1.2385E+01  2.0506E+01
  6.5179E-01  4.2624E-02  7.0655E-01  1.0313E-01  3.0000E-01  9.7362E-01  1.7349E-01  2.8621E+01  2.0506E+01
  7.7502E-01  2.8698E-02  8.6334E-01  5.5081E-02  3.0000E-01  9.1614E-01  1.4756E-01  4.1832E+01  2.0506E+01
  8.2935E-01  2.2409E-02  9.0277E-01  3.2488E-02  3.0999E-01  9.7916E-01  1.2083E-01  4.3846E+01  2.0506E+01
  8.7644E-01  1.6863E-02  9.4327E-01  1.3243E-02  3.1316E-01  2.4339E+00  9.0909E-02  5.7849E+01  2.0506E+01
  9.3437E-01  1.1824E-02  9.3871E-01  3.0348E-03  6.5825E-01  3.0000E+00  4.9070E-02  4.3221E+01  2.0506E+01
  0.0000E+00 -1.0000E+00 -1.0000E+00  3.7835E-01  3.6214E-01  1.5915E+00  7.9101E-01  2.0241E+00  2.0844E+01
  2.6897E-02  3.0434E-01  2.3531E-01  7.0347E-11  3.0000E-01  2.9922E+00  7.8258E-01  3.0182E+00  2.0844E+01
  5.7077E-02  1.7950E-01  1.3982E-01  4.1634E-02  3.0000E-01  3.0000E+00  5.4945E-01  1.1041E+01  2.0844E+01
  4.3728E-01  5.6817E-02  3.6845E-01  4.9466E-02  3.1679E-01  1.4575E+00  5.9391E-02  8.2619E+00  2.0844E+01
  6.8611E-01  3.3103E-02  6.1572E-01  1.6934E-02  4.6931E-01  1.8435E+00  8.7553E-02  2.3952E+01  2.0844E+01
  7.3548E-01  2.4439E-02  7.3277E-01  1.8898E-02  3.7716E-01  1.3102E+00  1.2213E-01  4.9065E+01  2.0844E+01
  7.8975E-01  1.8235E-02  8.3747E-01  1.1292E-02  4.0484E-01  1.3285E+00  1.3927E-01  8.4861E+01  2.0844E+01
  8.4485E-01  1.2638E-02  9.2589E-01  8.6057E-03  3.1884E-01  9.5387E-01  1.2717E-01  1.2775E+02  2.0844E+01
  0.0000E+00 -1.0000E+00 -1.0000E+00  3.2883E-01  5.4316E-01  2.5800E+00  6.8000E-01  1.9866E+00  2.1939E+01
  0.0000E+00 -1.0000E+00 -1.0000E+00  4.4887E-01  5.5590E-01  6.9647E-01  3.2960E-01  4.0788E+00  2.1939E+01
  1.4739E-02  3.2934E-01  5.9573E-02  8.7439E-03  1.1991E+00  6.9725E-01  6.6210E-01  9.3633E+00  2.1939E+01
  8.4845E-02  6.9689E-02  1.3103E-01  2.5054E-02  3.0000E-01  3.0000E+00  1.5117E-01  1.5978E+01  2.1939E+01
  4.8927E-01  4.1023E-02  4.1134E-01  3.0468E-02  3.2632E-01  5.0000E-01  5.9470E-02  4.6587E+01  2.1939E+01
  6.3204E-01  2.9462E-02  5.4359E-01  2.0358E-02  3.6946E-01  5.0000E-01  6.6254E-02  5.5092E+01  2.1939E+01
  7.4717E-01  2.0456E-02  6.9965E-01  1.4322E-02  3.1117E-01  1.2202E+00  9.3866E-02  5.1797E+01  2.1939E+01
  7.8726E-01  1.3141E-02  8.3992E-01  2.8124E-03  6.4881E-01  2.8474E+00  1.4922E-01  1.2948E+02  2.1939E+01
  0.0000E+00 -1.0000E+00 -1.0000E+00  4.1259E-01  5.8036E-01  3.0000E+00  5.7775E-01  1.9698E+00  2.1875E+01
  0.0000E+00 -1.0000E+00 -1.0000E+00  1.0284E+00  4.0553E-01  6.2097E-01  5.7618E-02  4.4791E+00  2.1875E+01
  1.8869E-02  5.2332E-01  5.5138E-02  6.6694E-02  1.0723E+00  6.8884E-01  3.1937E-01  8.2046E+00  2.1875E+01
  3.4607E-02  1.1432E-01  7.6596E-02  6.1306E-03  9.3114E-01  7.1786E-01  2.7677E-01  2.2998E+01  2.1875E+01
  9.2370E-02  5.4569E-02  1.2480E-01  3.5330E-02  3.0000E-01  7.8009E-01  9.8537E-02  4.3676E+01  2.1875E+01
  3.4154E-01  3.8570E-02  2.9880E-01  2.8603E-02  3.0000E-01  5.1229E-01  7.7074E-02  5.9867E+01  2.1875E+01
  6.3069E-01  2.5735E-02  5.0131E-01  5.7832E-03  7.3724E-01  5.0000E-01  4.2341E-03  4.7372E+01  2.1875E+01
  7.6452E-01  1.5054E-02  6.7502E-01  6.0209E-03  3.0000E-01  1.6251E+00  6.7634E-02  5.5535E+01  2.1875E+01
  0.0000E+00 -1.0000E+00 -1.0000E+00  4.5829E-01  5.6717E-01  3.0000E+00  5.3915E-01  1.9608E+00  2.1810E+01
  0.0000E+00 -1.0000E+00 -1.0000E+00  4.5463E-01  5.4612E-01  6.7726E-01  3.0941E-01  1.5000E+00  2.1810E+01
  2.6144E-02  6.4683E-01  5.5520E-02  1.2916E-01  3.0587E-01  2.8080E+00  3.4918E-01  8.7379E+00  2.1810E+01
  2.7935E-02  1.7861E-01  6.0046E-02  8.0271E-03  3.0000E-01  3.0000E+00  4.0141E-01  1.9939E+01  2.1810E+01
  6.8570E-02  7.6015E-02  1.1118E-01  4.6638E-03  3.0000E-01  3.0000E+00  3.0532E-01  3.4195E+01  2.1810E+01
  8.9803E-02  4.8000E-02  1.2448E-01  1.2521E-02  3.0000E-01  1.9031E+00  1.4951E-01  5.0160E+01  2.1810E+01
  4.5853E-01  3.1971E-02  3.9896E-01  8.0162E-03  3.5091E-01  1.5525E+00  1.3275E-01  7.6263E+01  2.1810E+01
  6.6341E-01  1.8395E-02  6.0682E-01  7.0827E-03  3.0587E-01  9.2152E-01  1.2400E-01  1.2792E+02  2.1810E+01
  0.0000E+00 -1.0000E+00 -1.0000E+00  5.0448E-01  5.4868E-01  3.0000E+00  5.0481E-01  1.9513E+00  2.2276E+01
  0.0000E+00 -1.0000E+00 -1.0000E+00  5.6158E-01  4.3167E-01  6.1572E-01  3.8847E-01  1.5000E+00  2.2276E+01
  1.3039E-02  8.8496E-01  4.2136E-02  2.8802E-01  4.7793E-01  5.4399E-01  1.1814E-01  8.5488E+00  2.2276E+01
  2.0138E-02  2.7300E-01  4.5123E-02  1.2027E-02  3.0000E-01  5.0000E-01  3.8727E-01  1.7660E+01  2.2276E+01
  7.9648E-02  1.1767E-01  1.0960E-01  9.7258E-04  3.0000E-01  3.0000E+00  3.4226E-01  3.1142E+01  2.2276E+01
  4.2331E-02  6.9506E-02  8.0359E-02  3.5778E-04  3.1020E-01  3.0000E+00  2.7869E-01  4.1860E+01  2.2276E+01
  1.4113E-01  3.9859E-02  1.6187E-01  4.5640E-03  3.0000E-01  2.9543E+00  1.4040E-01  6.9058E+01  2.2276E+01
  5.6785E-01  2.2389E-02  4.6701E-01  2.3068E-03  5.2262E-01  2.2109E+00  8.2279E-02  1.2819E+02  2.2276E+01
  0.0000E+00 -1.0000E+00 -1.0000E+00  5.8722E-01  5.3484E-01  3.0000E+00  4.3424E-01  1.9856E+00  2.1467E+01
  0.0000E+00 -1.0000E+00 -1.0000E+00  8.1800E-02  1.0168E+00  8.1824E-01  7.1314E-01  1.5000E+00  2.1467E+01
  4.3033E-02  1.0086E+00  1.0801E-01  3.8145E-01  3.0141E-01  2.9531E+00  1.8474E-01  8.5392E+00  2.1467E+01
  6.3813E-03  4.4819E-01  2.3163E-02  8.3972E-02  3.0353E-01  2.8812E+00  2.2021E-01  1.6835E+01  2.1467E+01
  2.8768E-01  2.6879E-01  2.2479E-01  1.2719E-02  3.0447E-01  2.8481E+00  3.2345E-01  2.3779E+01  2.1467E+01
  3.7896E-01  1.8781E-01  3.1210E-01  2.0245E-03  3.0000E-01  3.0000E+00  3.7018E-01  3.1489E+01  2.1467E+01
  2.7152E-01  9.0525E-02  2.3897E-01  2.7167E-10  3.0000E-01  2.9842E+00  3.2592E-01  4.8677E+01  2.1467E+01
  2.1857E-01  3.7230E-02  2.1084E-01  9.7013E-04  3.0000E-01  3.0000E+00  1.8494E-01  9.2104E+01  2.1467E+01
  0.0000E+00 -1.0000E+00 -1.0000E+00  6.3173E-01  5.0089E-01  2.8661E+00  4.2246E-01  1.9821E+00  2.2230E+01
  0.0000E+00 -1.0000E+00 -1.0000E+00  5.6930E-01  3.0000E-01  5.0088E-01  6.9861E-01  1.5000E+00  2.2230E+01
  3.4481E-02  1.1082E+00  1.3192E-01  5.7996E-01  3.5993E-01  1.6404E+00  1.5070E-01  8.7170E+00  2.2230E+01
  1.9223E-02  6.0004E-01  4.5181E-02  1.7529E-01  3.0345E-01  2.8839E+00  1.6239E-01  1.6415E+01  2.2230E+01
  6.6045E-02  3.4913E-01  7.7671E-02  4.2550E-02  3.0475E-01  2.8384E+00  2.1432E-01  2.2684E+01  2.2230E+01
  2.5454E-01  2.5263E-01  1.9040E-01  1.7964E-02  3.0419E-01  2.8581E+00  2.5680E-01  2.7944E+01  2.2230E+01
  2.8085E-01  1.4382E-01  2.1954E-01  1.8462E-03  7.1559E-01  3.0000E+00  2.8050E-01  4.1529E+01  2.2230E+01
  2.9208E-01  6.2949E-02  2.4242E-01  3.2444E-10  3.0000E-01  2.9821E+00  2.5217E-01  7.1856E+01  2.2230E+01
  0.0000E+00 -1.0000E+00 -1.0000E+00  6.9398E-01  4.6897E-01  2.7068E+00  4.0354E-01  1.9901E+00  2.2093E+01
  0.0000E+00 -1.0000E+00 -1.0000E+00  9.7973E-02  6.1647E-01  6.6565E-01  8.2991E-01  1.5000E+00  2.2093E+01
  1.9012E-02  1.2072E+00  1.3236E-01  6.6065E-01  3.2326E-01  2.3440E+00  1.3348E-01  8.7165E+00  2.2093E+01
  2.1547E-02  7.5998E-01  5.8405E-02  2.9911E-01  3.0334E-01  2.8874E+00  1.2772E-01  1.6229E+01  2.2093E+01
  3.3846E-02  4.7937E-01  5.6902E-02  1.1701E-01  3.0556E-01  2.8101E+00  1.5446E-01  2.2058E+01  2.2093E+01
  5.9976E-02  3.4632E-01  7.2189E-02  4.5091E-02  3.0415E-01  2.8594E+00  1.8432E-01  2.6139E+01  2.2093E+01
  1.6308E-01  2.1722E-01  1.3427E-01  1.2883E-02  3.0238E-01  2.9204E+00  2.2679E-01  3.5627E+01  2.2093E+01
  2.5904E-01  1.0353E-01  2.0281E-01  1.4149E-03  3.0000E-01  3.0000E+00  2.4855E-01  6.0971E+01  2.2093E+01
  0.0000E+00 -1.0000E+00 -1.0000E+00  6.7545E-01  5.0142E-01  3.0000E+00  3.7934E-01  2.0149E+00  2.2014E+01
  0.0000E+00 -1.0000E+00 -1.0000E+00  1.1679E+00  3.1001E-01  2.6462E+00  2.8961E-01  3.6310E+00  2.2014E+01
  2.0465E-02  1.2735E+00  2.3960E-01  8.0007E-01  3.1277E-01  2.6318E+00  1.1415E-01  8.6521E+00  2.2014E+01
  2.3848E-02  9.5253E-01  8.8374E-02  4.8751E-01  3.0230E-01  2.9232E+00  9.1894E-02  1.5595E+01  2.2014E+01
  2.2044E-02  6.8237E-01  5.4703E-02  2.6921E-01  3.0427E-01  2.8551E+00  9.8747E-02  2.1466E+01  2.2014E+01
  2.7350E-02  5.2631E-01  5.1715E-02  1.5174E-01  3.0577E-01  2.8027E+00  1.1521E-01  2.4425E+01  2.2014E+01
  4.9829E-02  3.4982E-01  6.4164E-02  5.3405E-02  3.0640E-01  2.7802E+00  1.4178E-01  3.1187E+01  2.2014E+01
  1.5202E-01  1.8344E-01  1.2493E-01  9.7140E-03  3.0288E-01  2.9034E+00  1.9012E-01  4.5656E+01  2.2014E+01
  0.0000E+00 -1.0000E+00 -1.0000E+00  7.0764E-01  4.7227E-01  2.9475E+00  3.8007E-01  1.9884E+00  2.1922E+01
  0.0000E+00 -1.0000E+00 -1.0000E+00  1.2095E+00  3.0976E-01  2.6565E+00  2.7083E-01  3.7188E+00  2.1922E+01
  2.6400E-02  1.3209E+00  6.0799E-01  9.3456E-01  3.0900E-01  2.7384E+00  1.0464E-01  8.7945E+00  2.1922E+01
  2.0956E-02  1.0873E+00  1.6825E-01  7.4695E-01  3.0182E-01  2.9393E+00  7.3209E-02  1.6014E+01  2.1922E+01
  1.8726E-02  9.4031E-01  8.0926E-02  5.1084E-01  3.0275E-01  2.9079E+00  7.3548E-02  1.9865E+01  2.1922E+01
  1.1410E-02  7.9480E-01  4.6747E-02  3.9122E-01  3.0363E-01  2.8774E+00  7.7725E-02  2.2189E+01  2.1922E+01
  2.0717E-02  6.0604E-01  4.8135E-02  2.1710E-01  3.0539E-01  2.8160E+00  8.7393E-02  2.6823E+01  2.1922E+01
  4.5348E-02  3.6520E-01  5.9554E-02  5.2559E-02  3.0627E-01  2.7849E+00  1.2822E-01  3.1639E+01  2.1922E+01
  0.0000E+00 -1.0000E+00 -1.0000E+00  7.2475E-01  4.5937E-01  2.9541E+00  3.7826E-01  1.9847E+00  2.1687E+01
  0.0000E+00 -1.0000E+00 -1.0000E+00  1.2433E+00  3.1002E-01  2.6463E+00  2.5368E-01  3.8075E+00  2.1687E+01
  1.8882E-02  1.3015E+00  8.6248E-01  1.0020E+00  3.0675E-01  2.7992E+00  9.8252E-02  8.9256E+00  2.1687E+01
  1.7900E-02  1.1199E+00  2.5964E-01  8.7441E-01  3.0170E-01  2.9437E+00  6.5988E-02  1.6292E+01  2.1687E+01
  1.7397E-02  1.0242E+00  1.2635E-01  7.0650E-01  3.0249E-01  2.9169E+00  6.2422E-02  2.0370E+01  2.1687E+01
  8.5825E-03  9.2579E-01  5.9134E-02  5.6810E-01  3.0302E-01  2.8986E+00  6.2351E-02  2.2670E+01  2.1687E+01
  1.3024E-02  7.7548E-01  4.9550E-02  3.8599E-01  3.0395E-01  2.8663E+00  7.1776E-02  2.4088E+01  2.1687E+01
  2.2911E-02  5.2372E-01  4.6531E-02  1.5141E-01  3.0570E-01  2.8053E+00  9.6097E-02  2.7390E+01  2.1687E+01
  0.0000E+00 -1.0000E+00 -1.0000E+00  2.4568E-01  4.3916E-01  2.9944E+00  8.0363E-01  3.7987E+00  2.0508E+01
  2.5799E-01  1.4981E-01  6.2859E-01  1.4176E-01  5.8305E-01  2.9057E+00  5.5734E-01  6.2318E+00  2.0508E+01
  4.0333E-01  5.5508E-02  7.6655E-01  1.3169E-03  1.9870E+01  1.5462E+00  4.9067E-01  1.2884E+01  2.0508E+01
  6.0637E-01  2.1984E-02  9.0849E-01  5.0399E-03  2.7824E+01  1.1875E+00  1.2432E-01  1.2517E+01  2.0508E+01
  7.1636E-01  1.3912E-02  9.5412E-01  1.9810E-03  3.6154E+01  1.3006E+00  1.6520E-01  4.0175E+01  2.0508E+01
  7.7195E-01  1.1129E-02  9.7310E-01  1.7365E-03  3.6229E+01  1.3081E+00  1.3245E-01  5.0219E+01  2.0508E+01
  8.2586E-01  8.3569E-03  9.8219E-01  1.6159E-03  3.4526E+01  1.1554E+00  5.3172E-02  6.1161E+01  2.0508E+01
  8.9275E-01  5.1149E-03  9.7072E-01  6.9183E-04  3.9445E+01  1.1390E+00  5.3069E-02  5.7739E+01  2.0508E+01
  0.0000E+00 -1.0000E+00 -1.0000E+00  2.1918E-01  3.0000E-01  3.0000E+00  8.8850E-01  2.8538E+00  2.0864E+01
  2.3138E-01  1.9479E-01  4.4593E-01  1.4434E-01  6.0708E-01  2.5649E+00  5.1316E-01  5.4542E+00  2.0864E+01
  3.6277E-01  7.7067E-02  6.6069E-01  9.8936E-04  3.1555E+01  1.5027E+00  5.1952E-01  1.0266E+01  2.0864E+01
  5.1603E-01  3.0001E-02  8.3128E-01  9.7634E-03  1.6641E+01  1.0422E+00  4.5918E-02  4.3918E+00  2.0864E+01
  6.1513E-01  1.7631E-02  8.9662E-01  1.4457E-03  5.8130E+01  1.3428E+00  2.7950E-01  4.3241E+01  2.0864E+01
  6.7367E-01  1.2391E-02  9.2103E-01  1.4390E-03  6.1272E+01  1.2604E+00  1.9850E-01  5.1313E+01  2.0864E+01
  7.4209E-01  9.1985E-03  9.5314E-01  1.4480E-03  5.7824E+01  1.1749E+00  1.0868E-01  7.0696E+01  2.0864E+01
  8.2920E-01  6.2417E-03  9.8242E-01  7.0686E-04  8.1306E+01  1.2786E+00  1.1057E-01  7.3468E+01  2.0864E+01
  0.0000E+00 -1.0000E+00 -1.0000E+00  1.9401E-01  3.0000E-01  3.0000E+00  9.0008E-01  2.4485E+00  2.1989E+01
  1.6596E-01  2.3670E-01  2.8228E-01  1.4479E-01  5.6874E-01  2.3253E+00  4.7037E-01  4.5768E+00  2.1989E+01
  3.2639E-01  9.0946E-02  5.4395E-01  2.1097E-03  2.9841E+01  1.7319E+00  4.9766E-01  8.5153E+00  2.1989E+01
  4.7469E-01  3.6615E-02  7.6336E-01  1.0913E-02  1.2249E+01  9.6550E-01  7.4650E-02  6.7587E+00  2.1989E+01
  5.6513E-01  2.1455E-02  8.4089E-01  1.2241E-03  5.6530E+01  1.2544E+00  3.2006E-01  3.9987E+01  2.1989E+01
  6.1837E-01  1.5599E-02  8.7565E-01  1.3400E-03  6.6472E+01  1.2148E+00  2.3799E-01  4.9954E+01  2.1989E+01
  6.7820E-01  1.0457E-02  9.1322E-01  1.0684E-03  8.6799E+01  1.2262E+00  1.8546E-01  6.8729E+01  2.1989E+01
  7.5721E-01  6.4348E-03  9.5266E-01  6.8843E-04  1.1009E+02  1.2118E+00  1.3639E-01  8.9765E+01  2.1989E+01
  0.0000E+00 -1.0000E+00 -1.0000E+00  2.5690E-01  3.0771E-01  2.0333E+00  8.7533E-01  2.1565E+00  2.1943E+01
  7.5251E-02  3.2326E-01  1.3065E-01  3.7404E-01  5.0811E-01  8.2396E-01  7.7853E-02  6.6178E+00  2.1943E+01
  2.6979E-01  1.1592E-01  3.2688E-01  4.1046E-02  6.5497E-01  3.0000E+00  4.0958E-01  5.7292E+00  2.1943E+01
  4.1971E-01  4.3641E-02  6.1358E-01  1.3165E-02  7.6983E+00  8.8291E-01  9.6859E-02  6.2284E+00  2.1943E+01
  4.9427E-01  2.7093E-02  7.6610E-01  7.7148E-04  7.2380E+01  1.1520E+00  3.8435E-01  3.1736E+01  2.1943E+01
  5.3965E-01  1.9755E-02  8.1135E-01  1.0762E-03  4.9223E+01  1.0304E+00  3.1028E-01  4.4614E+01  2.1943E+01
  6.0045E-01  1.3382E-02  8.6008E-01  1.1562E-03  6.0183E+01  1.0666E+00  2.3139E-01  7.2443E+01  2.1943E+01
  6.8264E-01  7.5535E-03  9.0088E-01  6.7887E-04  1.2492E+02  1.1832E+00  1.8844E-01  1.1416E+02  2.1943E+01
  0.0000E+00 -1.0000E+00 -1.0000E+00  3.2849E-01  3.0936E-01  2.0685E+00  8.4223E-01  2.0377E+00  2.1918E+01
  4.2436E-02  3.8902E-01  1.2266E-01  5.3060E-01  3.9691E-01  7.0613E-01  2.2845E-01  5.4851E+00  2.1918E+01
  1.0738E-01  1.3215E-01  1.7289E-01  3.0729E-01  3.0000E-01  5.0000E-01  3.2342E-01  5.9589E+00  2.1918E+01
  3.9218E-01  5.4201E-02  5.4189E-01  1.2277E-02  6.9552E+00  8.6739E-01  1.5259E-01  5.9433E+00  2.1918E+01
  4.5188E-01  3.1346E-02  6.8452E-01  6.0665E-03  1.2051E+01  1.3726E+00  3.8579E-01  5.1044E+01  2.1918E+01
  4.9876E-01  2.3199E-02  7.5855E-01  2.3008E-03  1.9306E+01  1.3635E+00  4.0616E-01  6.4931E+01  2.1918E+01
  5.5546E-01  1.5510E-02  8.1346E-01  1.5532E-03  3.3312E+01  1.0433E+00  2.9193E-01  9.4943E+01  2.1918E+01
  6.2740E-01  9.2305E-03  8.8162E-01  4.6805E-04  9.3889E+01  1.1550E+00  2.9445E-01  1.4022E+02  2.1918E+01
  0.0000E+00 -1.0000E+00 -1.0000E+00  2.9467E-01  4.7676E-01  2.2014E+00  7.5315E-01  1.9795E+00  2.2289E+01
  1.6018E-02  5.3669E-01  9.5148E-02  6.9826E-01  3.3295E-01  6.0781E-01  3.7936E-01  4.8670E+00  2.2289E+01
  1.8726E-02  1.4769E-01  8.4337E-02  1.5737E-01  3.2634E-01  5.0000E-01  4.7639E-01  6.2191E+00  2.2289E+01
  3.5690E-01  6.6014E-02  4.3944E-01  2.1704E-02  3.0716E+00  7.3231E-01  8.6261E-02  4.1960E+00  2.2289E+01
  4.7725E-01  3.6434E-02  5.6154E-01  9.4904E-03  8.2671E+00  1.2482E+00  2.4888E-01  3.8750E+01  2.2289E+01
  5.0823E-01  2.7068E-02  6.5456E-01  5.1068E-03  1.2401E+01  1.2758E+00  3.1055E-01  5.5629E+01  2.2289E+01
  5.5510E-01  1.8486E-02  7.4395E-01  1.9073E-03  2.3358E+01  1.1864E+00  3.2238E-01  7.9091E+01  2.2289E+01
  5.9807E-01  1.1115E-02  8.4151E-01  5.4453E-04  6.3823E+01  1.2461E+00  3.4013E-01  1.3878E+02  2.2289E+01
  0.0000E+00 -1.0000E+00 -1.0000E+00  3.9465E-01  5.9067E-01  3.0000E+00  5.9254E-01  1.9521E+00  2.1476E+01
  1.7922E-02  2.8292E-01  7.5996E-01  1.1040E+00  3.1038E-01  5.9421E-01  3.6558E-01  2.8407E+00  2.1476E+01
  9.2510E-03  1.0982E-01  1.1411E+00  4.8356E-02  2.7589E+00  1.3325E+00  6.9607E-01  7.1351E+00  2.1476E+01
  1.0911E-01  8.2828E-02  2.8080E-01  3.4648E-02  3.1742E+00  7.9229E-01  1.5197E-01  1.2196E+01  2.1476E+01
  2.7086E-01  4.8170E-02  3.0929E-01  2.5141E-02  2.5993E+00  7.7963E-01  6.0327E-02  3.2318E+01  2.1476E+01
  4.1479E-01  3.5932E-02  4.1007E-01  1.2511E-02  7.0575E+00  1.2554E+00  1.4633E-01  3.2783E+01  2.1476E+01
  5.2924E-01  2.5054E-02  5.7878E-01  5.7085E-03  1.1814E+01  1.2093E+00  2.1688E-01  4.8108E+01  2.1476E+01
  5.5656E-01  1.5504E-02  7.2236E-01  1.9709E-03  2.6512E+01  1.2059E+00  3.0751E-01  1.1112E+02  2.1476E+01
  0.0000E+00 -1.0000E+00 -1.0000E+00  4.9597E-01  5.8094E-01  3.0000E+00  4.9075E-01  1.9859E+00  2.2222E+01
  3.9947E-02  3.2341E-01  1.4409E+00  9.4733E-01  4.0620E-01  7.5762E-01  1.7694E-01  2.1711E+00  2.2222E+01
  2.8875E-02  6.6824E-01  6.5028E-02  2.4288E-01  5.7155E-01  5.8835E-01  1.6175E-01  9.1588E+00  2.2222E+01
  1.5176E-02  1.2682E-01  8.0360E-02  2.8978E-02  3.3661E+00  8.0214E-01  2.8008E-01  7.2069E+00  2.2222E+01
  3.0785E-02  5.8823E-02  8.6306E-02  2.0395E-02  5.7000E+00  9.8294E-01  8.0106E-02  2.4608E+00  2.2222E+01
  1.5001E-01  4.5905E-02  1.9361E-01  2.4977E-02  2.1673E+00  7.6503E-01  1.2219E-01  4.8700E+01  2.2222E+01
  3.6980E-01  3.0600E-02  4.3257E-01  8.7798E-03  7.9387E+00  1.3713E+00  2.9423E-01  4.7744E+01  2.2222E+01
  5.6908E-01  1.8747E-02  6.0783E-01  2.6665E-03  1.7439E+01  1.2704E+00  2.4196E-01  4.7766E+01  2.2222E+01
  0.0000E+00 -1.0000E+00 -1.0000E+00  5.5814E-01  5.5354E-01  2.9762E+00  4.4783E-01  1.9908E+00  2.2144E+01
  2.3880E-02  4.3943E-01  2.5258E+00  1.2078E+00  3.9191E-01  8.7471E-01  1.5026E-01  4.7623E+00  2.2144E+01
  1.6308E-02  9.9814E-01  4.4408E-02  3.0264E-01  5.5786E-01  5.9349E-01  4.8622E-02  1.0771E+01  2.2144E+01
  2.6681E-01  4.3837E-01  4.2115E-01  2.7407E-02  4.3816E+00  8.7733E-01  2.3378E-01  2.6868E+00  2.2144E+01
  2.6465E-01  1.5640E-01  3.4354E-01  5.7967E-02  8.8712E-01  6.6547E-01  3.8720E-01  2.7879E+01  2.2144E+01
  2.5655E-01  9.1432E-02  3.0537E-01  2.6686E-02  2.3693E+00  1.1820E+00  3.7806E-01  3.7374E+01  2.2144E+01
  1.4631E-01  4.0995E-02  2.2447E-01  1.8363E-02  1.8716E+00  6.5285E-01  2.5562E-01  5.2010E+01  2.2144E+01
  4.3323E-01  2.3398E-02  4.3753E-01  7.5772E-03  9.4204E+00  1.1785E+00  1.8140E-01  6.9808E+01  2.2144E+01
  0.0000E+00 -1.0000E+00 -1.0000E+00  6.2257E-01  5.3020E-01  2.9759E+00  4.0338E-01  2.0053E+00  2.2066E+01
  2.0892E-02  3.1679E-01  2.5007E+00  2.4273E+00  3.0000E-01  7.0327E-01  3.0935E-03  1.5000E+00  2.2066E+01
  1.2311E-02  1.1458E+00  6.4789E-02  1.8269E-01  5.7343E-01  5.7376E-01  3.2831E-01  1.5000E+00  2.2066E+01
  1.6812E-01  4.7222E-01  2.1263E-01  2.3246E-02  2.6312E+00  7.7690E-01  2.9253E-01  2.2374E+00  2.2066E+01
  2.6573E-01  3.6534E-01  4.0540E-01  7.7610E-02  1.3247E+00  6.1077E-01  6.1764E-02  3.5574E+00  2.2066E+01
  2.8869E-01  1.8174E-01  2.7613E-01  5.2975E-02  1.2001E+00  9.1775E-01  3.1083E-01  3.0225E+01  2.2066E+01
  2.9133E-01  1.3613E-01  4.7179E-01  2.9668E-02  1.6128E+00  6.8044E-01  4.0799E-01  4.0514E+01  2.2066E+01
  3.3458E-01  5.3135E-02  5.1352E-01  1.1386E-02  3.8579E+00  7.1568E-01  2.7559E-01  7.6646E+01  2.2066E+01
  0.0000E+00 -1.0000E+00 -1.0000E+00  6.8613E-01  4.9452E-01  2.8661E+00  3.7838E-01  2.0115E+00  2.1995E+01
  0.0000E+00 -1.0000E+00 -1.0000E+00  1.2235E-02  4.0048E+00  1.2045E+00  7.8686E-01  1.5000E+00  2.1995E+01
  5.6490E-01  7.2483E+00  1.0189E-01  3.3368E-02  1.3311E+00  7.3776E-01  7.2738E-01  1.5605E+00  2.1995E+01
  5.1944E-03  2.8010E+00  6.3033E-01  1.6386E-02  1.9991E+00  7.2167E-01  8.2605E-01  2.4701E+00  2.1995E+01
  9.4472E-02  7.5261E-01  4.9385E-01  3.8300E-02  1.1012E+00  5.7430E-01  6.4758E-01  3.7099E+00  2.1995E+01
  1.6265E-01  5.6554E-01  4.6755E-01  1.3332E-01  1.5137E+00  8.1256E-01  1.2021E-01  3.0985E+01  2.1995E+01
  1.9687E-01  2.0054E-01  2.1912E-01  5.9871E-02  1.6128E+00  8.4736E-01  1.8198E-01  3.6219E+01  2.1995E+01
  2.3761E-01  9.7486E-02  2.1949E-01  3.0672E-02  2.7097E+00  1.2078E+00  2.0994E-01  5.7920E+01  2.1995E+01
  0.0000E+00 -1.0000E+00 -1.0000E+00  7.5036E-01  4.6319E-01  2.6814E+00  3.6052E-01  2.0303E+00  2.1818E+01
  0.0000E+00 -1.0000E+00 -1.0000E+00  7.7754E-03  5.6039E+00  1.3272E+00  8.4444E-01  1.5000E+00  2.1818E+01
  6.7582E-01  6.7737E+00  1.2899E-01  2.6482E-02  1.4769E+00  7.6408E-01  6.4680E-01  1.5000E+00  2.1818E+01
  4.5674E-03  1.4452E+00  2.4425E+00  1.4521E-02  1.7953E+00  7.0399E-01  8.4127E-01  1.9524E+00  2.1818E+01
  4.2336E-02  5.0070E-01  2.8523E-01  9.7584E-03  2.4859E+00  7.1697E-01  7.4810E-01  2.5106E+00  2.1818E+01
  1.4598E-02  9.4704E-02  1.1704E+00  2.1071E-01  1.6549E+00  9.9814E-01  4.9368E-02  3.4325E+01  2.1818E+01
  1.7789E-02  1.1432E-01  4.0930E-01  1.0502E-01  3.6588E+00  1.1853E+00  8.7501E-02  3.9090E+01  2.1818E+01
  2.7283E-02  6.7582E-02  3.6318E-01  4.6552E-02  8.7253E+00  1.2208E+00  9.0498E-02  5.8346E+01  2.1818E+01
  7.4398E-02  1.6767E-01  5.4989E-01  6.7808E-01  3.6963E-01  7.1709E-01  4.6255E-01  2.7336E+00  2.0415E+01
  1.0345E-01  6.1677E-02  7.2340E-01  2.5955E-01  3.2563E-01  6.0967E-01  7.3635E-01  7.4172E+00  2.0415E+01
  1.8182E-01  2.1941E-02  8.5562E-01  0.0000E+00 -1.0000E+00 -1.0000E+00  7.9620E-01  1.9376E+01  2.0415E+01
  3.5386E-01  9.0025E-03  9.5561E-01  4.5578E-03  3.4393E+01  1.0307E+00  3.0735E-01  1.9698E+01  2.0415E+01
  4.9637E-01  5.8435E-03  9.8983E-01  8.7342E-04  5.3219E+01  1.7151E+00  4.9883E-01  7.1074E+01  2.0415E+01
  5.7208E-01  4.9430E-03  9.9760E-01  2.7589E-03  3.7354E+01  1.1192E+00  2.2068E-01  1.2743E+02  2.0415E+01
  6.7399E-01  3.4959E-03  1.0057E+00  1.7007E-03  3.7258E+01  1.0779E+00  1.8335E-01  1.6630E+02  2.0415E+01
  7.6621E-01  2.5573E-03  1.0063E+00  1.6375E-03  3.0673E+01  9.8550E-01  9.5359E-02  2.6491E+02  2.0415E+01
  8.6741E-02  2.1787E-01  5.3695E-01  1.2460E+00  3.1719E-01  6.5334E-01  2.6988E-01  2.4595E+00  2.0982E+01
  9.2055E-02  7.4939E-02  6.6829E-01  3.3736E-01  3.7920E-01  6.7651E-01  6.5514E-01  6.0304E+00  2.0982E+01
  1.3046E-01  2.8653E-02  7.8989E-01  3.7195E-02  3.0204E-01  3.0000E+00  9.0561E-01  1.5283E+01  2.0982E+01
  2.1133E-01  1.0729E-02  8.9847E-01  0.0000E+00 -1.0000E+00 -1.0000E+00  8.2847E-01  3.8527E+01  2.0982E+01
  3.0164E-01  6.3842E-03  9.4993E-01  2.5164E-03  5.8791E+01  1.3015E+00  5.3628E-01  7.9543E+01  2.0982E+01
  3.7191E-01  4.4422E-03  9.6887E-01  4.0529E-03  5.3818E+01  1.0644E+00  1.3486E-01  1.1035E+02  2.0982E+01
  4.6263E-01  2.8073E-03  9.6582E-01  1.7373E-03  7.8575E+01  1.1988E+00  3.4162E-01  1.5358E+02  2.0982E+01
  6.0701E-01  2.2781E-03  9.9969E-01  8.6186E-04  9.3754E+01  1.3410E+00  3.2620E-01  2.0068E+02  2.0982E+01
  9.8829E-02  2.4680E-01  5.2890E-01  1.6985E+00  3.0320E-01  6.2276E-01  7.8125E-02  2.8150E+00  2.1938E+01
  9.3606E-02  7.6888E-02  6.1513E-01  4.1757E-01  3.9831E-01  7.6906E-01  5.8692E-01  5.5864E+00  2.1938E+01
  1.1116E-01  3.5603E-02  7.7761E-01  4.0795E-03  2.3094E+01  1.2960E+00  7.1466E-01  7.8772E+00  2.1938E+01
  1.6842E-01  1.3096E-02  8.6523E-01  6.5595E-03  1.3170E+01  1.0442E+00  6.2332E-01  3.4173E+01  2.1938E+01
  2.2576E-01  7.5782E-03  9.0650E-01  8.6797E-03  3.0797E+01  1.0352E+00  9.0784E-02  8.2831E+01  2.1938E+01
  2.7153E-01  5.2500E-03  9.3809E-01  4.3083E-03  5.5707E+01  1.1154E+00  2.7186E-01  9.6224E+01  2.1938E+01
  3.5887E-01  3.8051E-03  9.6516E-01  3.4820E-03  6.2742E+01  1.0219E+00  7.6091E-02  1.1415E+02  2.1938E+01
  4.7552E-01  2.4498E-03  9.9198E-01  1.4330E-03  8.8712E+01  1.0088E+00  1.9398E-01  2.0508E+02  2.1938E+01
  1.1744E-01  2.7427E-01  4.5005E-01  1.7928E+00  3.0000E-01  6.7062E-01  1.1790E-01  3.2774E+00  2.1932E+01
  1.0127E-01  9.1849E-02  5.7125E-01  3.9404E-01  4.6216E-01  9.5177E-01  5.4350E-01  5.1913E+00  2.1932E+01
  1.1741E-01  3.8941E-02  7.0267E-01  4.1962E-03  2.3869E+01  1.4057E+00  7.5763E-01  6.1505E+00  2.1932E+01
  1.4327E-01  1.6327E-02  8.1746E-01  2.3754E-02  4.3261E+00  8.0768E-01  3.8887E-01  2.8764E+01  2.1932E+01
  1.7863E-01  9.0904E-03  8.5734E-01  1.3651E-02  1.4565E+01  9.7501E-01  2.7257E-01  5.7958E+01  2.1932E+01
  1.9967E-01  7.2386E-03  8.9380E-01  6.7888E-03  2.9068E+01  1.0231E+00  2.9451E-01  7.6247E+01  2.1932E+01
  2.4494E-01  4.3426E-03  9.1749E-01  4.4939E-03  5.5143E+01  1.0304E+00  1.2514E-01  6.9061E+01  2.1932E+01
  3.2085E-01  2.8533E-03  9.6654E-01  2.5395E-03  1.0000E+02  1.0583E+00  6.6322E-02  2.6111E+02  2.1932E+01
  1.1728E-01  3.7220E-01  4.8790E-01  1.1546E+00  3.0000E-01  5.2118E-01  2.7650E-01  1.5000E+00  2.1933E+01
  1.1975E-01  1.2372E-01  5.7542E-01  5.8052E-01  3.9322E-01  8.5637E-01  4.7256E-01  5.3494E+00  2.1933E+01
  1.2193E-01  4.6334E-02  6.8537E-01  5.7694E-03  1.8696E+01  1.3205E+00  7.2835E-01  4.8126E+00  2.1933E+01
  1.3679E-01  1.8538E-02  7.9425E-01  3.6541E-02  3.2654E+00  7.8894E-01  2.9890E-01  2.8653E+01  2.1933E+01
  1.5643E-01  1.0965E-02  8.3631E-01  1.7334E-02  9.6403E+00  8.7601E-01  1.6058E-01  4.6006E+01  2.1933E+01
  1.7287E-01  8.0484E-03  8.5956E-01  7.0454E-03  1.8664E+01  9.3299E-01  3.8103E-01  4.7564E+01  2.1933E+01
  2.1231E-01  5.4592E-03  8.9834E-01  5.3651E-03  3.7200E+01  1.0032E+00  2.5074E-01  8.6980E+01  2.1933E+01
  2.7521E-01  2.9078E-03  9.3653E-01  3.3402E-03  8.9591E+01  1.0510E+00  4.0125E-02  1.5797E+02  2.1933E+01
  1.3487E-01  4.1705E-01  4.3465E-01  1.4625E+00  3.0000E-01  5.5712E-01  1.7798E-01  1.5000E+00  2.1927E+01
  1.3631E-01  1.4357E-01  5.4928E-01  5.4596E-01  4.2096E-01  9.8880E-01  4.5048E-01  5.0954E+00  2.1927E+01
  1.3063E-01  5.5188E-02  6.6273E-01  7.9777E-03  1.3574E+01  1.2200E+00  6.7000E-01  3.7297E+00  2.1927E+01
  1.3143E-01  2.2860E-02  7.8321E-01  7.1185E-02  1.6585E+00  7.7099E-01  4.0175E-01  2.6083E+01  2.1927E+01
  1.4409E-01  1.2589E-02  8.1829E-01  2.7598E-02  3.6459E+00  7.3927E-01  2.7495E-01  4.3781E+01  2.1927E+01
  1.5937E-01  9.2832E-03  8.3682E-01  1.5842E-02  9.7926E+00  8.6779E-01  1.6268E-01  7.2510E+01  2.1927E+01
  1.7248E-01  6.3176E-03  8.6051E-01  9.4592E-03  1.7756E+01  8.9042E-01  1.5694E-01  5.2562E+01  2.1927E+01
  2.0269E-01  4.1630E-03  9.1719E-01  4.3554E-03  5.8687E+01  1.0035E+00  6.5991E-02  9.5573E+01  2.1927E+01
  9.6900E-02  6.6611E-01  4.9455E-01  1.2482E+00  3.0871E-01  6.0674E-01  2.1015E-01  2.8564E+00  2.1903E+01
  1.4211E-01  1.8870E-01  4.4949E-01  8.3765E-01  3.5688E-01  9.0179E-01  3.5482E-01  6.0824E+00  2.1903E+01
  1.4797E-01  7.2083E-02  5.5986E-01  8.6474E-03  1.0520E+01  1.1828E+00  6.2028E-01  2.9042E+00  2.1903E+01
  1.3414E-01  3.0844E-02  7.1428E-01  1.1766E-01  1.6049E+00  9.6209E-01  3.4202E-01  2.4335E+01  2.1903E+01
  1.3473E-01  1.7498E-02  7.6102E-01  8.7140E-02  1.2269E+00  6.1984E-01  2.5900E-01  4.2488E+01  2.1903E+01
  1.3918E-01  1.3011E-02  7.8871E-01  3.6787E-02  3.7544E+00  8.8961E-01  3.7844E-01  4.9416E+01  2.1903E+01
  1.5384E-01  9.1514E-03  8.1762E-01  1.7167E-02  8.2179E+00  8.3209E-01  1.3669E-01  1.0450E+02  2.1903E+01
  1.8022E-01  5.0146E-03  8.5076E-01  6.1185E-03  1.9811E+01  1.0100E+00  5.0127E-01  1.0271E+02  2.1903E+01
  7.3410E-02  7.0231E-01  1.9968E-01  1.6357E+00  3.0000E-01  6.2158E-01  1.6795E-01  2.6232E+00  2.1886E+01
  1.3356E-01  2.1968E-01  2.9157E-01  7.5566E-01  3.7545E-01  1.0466E+00  3.1351E-01  5.1697E+00  2.1886E+01
  1.4528E-01  7.6258E-02  2.6620E-01  0.0000E+00 -1.0000E+00 -1.0000E+00  6.6917E-01  3.0505E+00  2.1886E+01
  1.3658E-01  3.5615E-02  6.7239E-01  1.7609E-01  1.1587E+00  8.9271E-01  2.7116E-01  2.4056E+01  2.1886E+01
  1.3481E-01  2.1929E-02  7.3018E-01  8.4886E-02  2.3876E+00  1.0138E+00  3.2864E-01  3.3477E+01  2.1886E+01
  1.4021E-01  1.5594E-02  7.5310E-01  5.2536E-02  3.9267E+00  1.0717E+00  3.6023E-01  4.2489E+01  2.1886E+01
  1.4731E-01  1.0426E-02  7.8797E-01  2.7066E-02  7.0016E+00  1.1058E+00  4.2791E-01  5.5990E+01  2.1886E+01
  1.5326E-01  7.0251E-03  8.3299E-01  1.0969E-02  1.5237E+01  1.0863E+00  4.8938E-01  8.9646E+01  2.1886E+01
  7.5661E-02  1.0003E+00  7.5006E-01  1.7301E+00  3.1787E-01  6.7924E-01  5.3208E-02  2.2793E+00  2.1840E+01
  8.5369E-02  2.7729E-01  2.1239E-01  6.4475E-01  3.6683E-01  1.2535E+00  3.9134E-01  4.5206E+00  2.1840E+01
  8.7670E-02  1.0188E-01  1.4762E-01  0.0000E+00 -1.0000E+00 -1.0000E+00  5.6302E-01  2.4651E+00  2.1840E+01
  1.5566E-01  4.2433E-02  5.9759E-01  1.9181E-01  1.0010E+00  8.3016E-01  2.1961E-01  2.6465E+01  2.1840E+01
  1.6107E-01  2.6049E-02  6.7308E-01  1.0957E-01  1.7460E+00  9.6455E-01  3.0403E-01  3.0670E+01  2.1840E+01
  1.6030E-01  1.9844E-02  7.1374E-01  7.2213E-02  2.5666E+00  9.8080E-01  3.2311E-01  3.9512E+01  2.1840E+01
  1.6528E-01  1.3293E-02  7.3924E-01  3.9483E-02  4.8069E+00  1.0819E+00  3.8155E-01  5.1149E+01  2.1840E+01
  1.7169E-01  8.3613E-03  7.9284E-01  1.7224E-02  9.2879E+00  9.8471E-01  3.6923E-01  9.1181E+01  2.1840E+01
  0.0000E+00 -1.0000E+00 -1.0000E+00  1.6105E+00  3.2449E-01  7.2517E-01  1.8710E-01  2.1320E+00  2.1776E+01
  1.2478E-01  4.6862E-01  2.6082E-01  8.9712E-01  3.5138E-01  8.7560E-01  2.2037E-01  5.5476E+00  2.1776E+01
  3.9697E-02  1.4927E-01  1.3525E-01  2.0722E-02  4.3958E+00  9.6725E-01  4.2923E-01  1.7712E+00  2.1776E+01
  1.5891E-01  5.4972E-02  4.0777E-01  3.5878E-01  6.1564E-01  7.2837E-01  1.5829E-01  2.0843E+01  2.1776E+01
  1.7257E-01  3.4708E-02  5.6504E-01  1.6558E-01  1.1974E+00  8.9350E-01  2.3677E-01  2.5173E+01  2.1776E+01
  1.7033E-01  2.5174E-02  6.2635E-01  9.8343E-02  1.9896E+00  9.8292E-01  2.6092E-01  3.2684E+01  2.1776E+01
  1.6902E-01  1.6994E-02  6.6148E-01  6.1226E-02  3.0076E+00  9.8281E-01  3.0043E-01  4.2152E+01  2.1776E+01
  1.7070E-01  1.0539E-02  7.3305E-01  2.7990E-02  5.7100E+00  9.3687E-01  2.9913E-01  8.0700E+01  2.1776E+01
  0.0000E+00 -1.0000E+00 -1.0000E+00  1.1883E+00  3.5205E-01  7.5948E-01  2.4123E-01  1.5000E+00  2.1693E+01
  0.0000E+00 -1.0000E+00 -1.0000E+00  1.0674E+00  3.5724E-01  7.6155E-01  3.6182E-01  4.3555E+00  2.1693E+01
  2.1260E-07  2.1955E+00  6.4459E-01  3.6416E-02  3.3898E+00  9.4348E-01  4.5877E-01  3.3226E+00  2.1693E+01
  6.1321E-02  9.4754E-02  1.5631E-01  7.6123E-01  3.7026E-01  6.5123E-01  1.6265E-01  2.2155E+01  2.1693E+01
  1.3181E-01  6.5862E-02  4.8038E-01  3.1228E-01  6.8278E-01  7.8877E-01  2.5053E-01  3.5783E+01  2.1693E+01
  1.5041E-01  4.0335E-02  4.6418E-01  1.8526E-01  1.0009E+00  8.0287E-01  1.7533E-01  4.7702E+01  2.1693E+01
  1.7802E-01  2.6240E-02  5.4084E-01  1.2814E-01  1.1635E+00  7.1763E-01  1.3398E-01  5.9891E+01  2.1693E+01
  2.0362E-01  1.5155E-02  5.8878E-01  6.3233E-02  2.7587E+00  1.0268E+00  3.2858E-01  3.5075E+01  2.1693E+01
  0.0000E+00 -1.0000E+00 -1.0000E+00  1.8870E+00  3.0285E-01  7.3468E-01  9.2159E-02  1.5000E+00  2.1384E+01
  0.0000E+00 -1.0000E+00 -1.0000E+00  1.4221E+00  3.4005E-01  8.4794E-01  2.5629E-01  4.4714E+00  2.1384E+01
  1.7215E-07  2.7057E+00  5.2194E-01  6.0351E-02  1.6039E+00  7.9153E-01  5.8968E-01  1.8709E+00  2.1384E+01
  4.7743E-02  1.9108E-01  1.3336E-01  1.1436E+00  3.3930E-01  8.1992E-01  1.9468E-01  1.8799E+01  2.1384E+01
  6.8544E-02  1.5203E-01  4.8296E-01  8.1945E-01  4.2066E-01  7.8659E-01  2.6170E-01  2.6478E+01  2.1384E+01
  6.4216E-02  7.5238E-02  4.5752E-01  5.8253E-01  5.2947E-01  7.8879E-01  2.1864E-01  3.6250E+01  2.1384E+01
  7.6313E-02  4.5484E-02  5.0140E-01  6.1737E-01  4.8217E-01  6.3548E-01  1.6063E-01  5.5326E+01  2.1384E+01
  1.0532E-01  2.0934E-02  5.7501E-01  1.4290E-01  1.8130E+00  9.7559E-01  1.6975E-01  3.7093E+01  2.1384E+01
  4.4412E-02  1.0962E-01  5.7031E-01  1.0774E+00  3.0000E-01  5.3950E-01  4.1017E-01  2.9124E+00  2.0428E+01
  6.2958E-02  4.0532E-02  7.3435E-01  1.0060E-01  9.6768E-01  5.9954E-01  4.0923E-01  6.9915E+00  2.0428E+01
  1.1964E-01  1.5092E-02  8.7054E-01  3.0214E-02  7.5615E+00  9.9407E-01  2.0494E-01  4.9937E+01  2.0428E+01
  2.6095E-01  6.4037E-03  9.6445E-01  9.1835E-03  1.7258E+01  9.3244E-01  1.6353E-01  1.5153E+02  2.0428E+01
  4.0329E-01  4.2435E-03  9.9719E-01  7.2334E-03  8.4694E+00  7.0069E-01  1.2038E-02  3.6323E+02  2.0428E+01
  4.7924E-01  3.3284E-03  1.0028E+00  5.5926E-03  6.9794E+00  6.4326E-01  5.1197E-03  2.2484E+02  2.0428E+01
  5.8870E-01  3.0353E-02  1.0112E+00  3.7126E-03  5.9451E+00  5.9703E-01  6.5734E-03  2.3673E+02  2.0428E+01
  7.4046E-01  1.7410E-03  1.0045E+00  2.0233E-03  5.7244E+00  5.7155E-01  1.1174E-02  2.7709E+02  2.0428E+01
  4.7995E-02  1.3645E-01  5.5236E-01  1.1395E+00  3.0000E-01  5.8805E-01  3.9709E-01  2.5141E+00  2.1030E+01
  4.8870E-02  4.8263E-02  6.8632E-01  4.8590E-03  1.2703E+01  1.2284E+00  8.2862E-01  4.4250E+00  2.1030E+01
  6.9814E-02  1.9373E-02  8.0954E-01  5.5770E-03  4.6775E+00  7.5407E-01  7.9199E-01  1.3056E+01  2.1030E+01
  1.3627E-01  6.8455E-03  9.0083E-01  1.5545E-02  1.3918E+01  9.2720E-01  1.0931E-01  1.1405E+02  2.1030E+01
  2.1183E-01  3.4934E-03  9.4281E-01  6.2881E-03  3.3981E+01  9.9906E-01  1.8375E-01  1.9345E+02  2.1030E+01
  2.8286E-01  2.9755E-03  9.6602E-01  4.3775E-03  3.8000E+01  9.3743E-01  1.1590E-01  2.9742E+02  2.1030E+01
  3.7090E-01  2.2143E-03  9.9759E-01  2.6348E-03  7.2977E+01  1.1393E+00  2.8503E-01  3.2662E+02  2.1030E+01
  5.1987E-01  2.2658E-03  1.0058E+00  1.5735E-03  8.0228E+01  1.0514E+00  1.7797E-01  5.4764E+02  2.1030E+01
  5.5060E-02  1.5978E-01  5.3402E-01  8.1484E-01  3.1345E-01  6.1512E-01  4.9612E-01  2.2231E+00  2.1892E+01
  5.1069E-02  5.7376E-02  6.6739E-01  2.8216E-01  8.5089E-01  6.8093E-01  1.2153E-02  6.7936E+00  2.1892E+01
  6.0091E-02  2.1753E-02  7.7263E-01  9.0914E-02  2.0246E+00  7.5728E-01  1.0269E-01  2.5164E+01  2.1892E+01
  9.7502E-02  7.3617E-03  8.6314E-01  2.2498E-02  9.0662E+00  8.5938E-01  1.8647E-02  1.5324E+02  2.1892E+01
  1.4036E-01  4.1886E-03  9.1104E-01  1.0635E-02  1.9855E+01  9.0093E-01  2.6376E-02  2.6562E+02  2.1892E+01
  1.7917E-01  3.2133E-03  9.3939E-01  5.7609E-03  3.9691E+01  9.6844E-01  1.0151E-01  2.5023E+02  2.1892E+01
  2.4580E-01  2.5189E-03  9.6915E-01  4.1138E-03  3.7831E+01  8.8711E-01  6.3389E-02  3.6918E+02  2.1892E+01
  3.8978E-01  1.6712E-03  9.9839E-01  2.1752E-03  4.8928E+01  8.6319E-01  4.5648E-02  7.7265E+02  2.1892E+01
  6.1438E-02  1.9390E-01  5.1366E-01  1.4317E+00  3.2850E-01  6.8062E-01  1.5864E-01  2.6158E+00  2.1916E+01
  5.1974E-02  6.6156E-02  6.3193E-01  2.3393E-01  9.1373E-01  7.1665E-01  1.9298E-01  1.5000E+00  2.1916E+01
  5.3938E-02  2.5102E-02  7.3984E-01  1.8772E-01  9.6521E-01  6.0133E-01  3.7919E-02  3.4433E+00  2.1916E+01
  7.1187E-02  9.3826E-03  8.2285E-01  3.3257E-02  5.2864E+00  7.9733E-01  4.1296E-03  3.3935E+01  2.1916E+01
  9.2851E-02  5.5357E-03  8.6769E-01  1.7152E-02  1.1743E+01  8.5589E-01  9.3005E-03  2.2088E+02  2.1916E+01
  1.0749E-01  3.9511E-03  9.0301E-01  7.8441E-03  3.2886E+01  9.8015E-01  5.2059E-02  1.5636E+02  2.1916E+01
  1.4501E-01  3.2329E-03  9.3051E-01  6.3105E-03  3.1125E+01  8.8576E-01  1.9177E-02  4.4077E+02  2.1916E+01
  2.2075E-01  9.0987E-03  9.7423E-01  2.4378E-03  9.5095E+01  9.7453E-01  3.5794E-02  7.1920E+02  2.1916E+01
  7.2813E-02  2.0579E-01  4.9143E-01  1.6371E+00  3.1377E-01  6.5106E-01  9.4596E-02  2.2162E+00  2.1917E+01
  5.8338E-02  7.4779E-02  6.1519E-01  6.3015E-03  1.0998E+01  1.4438E+00  7.7642E-01  3.2331E+00  2.1917E+01
  5.3726E-02  3.0136E-02  7.1721E-01  1.4945E-01  1.0640E+00  6.3048E-01  1.8697E-01  2.7349E+00  2.1917E+01
  6.1139E-02  1.0896E-02  8.0439E-01  6.1524E-02  2.4131E+00  6.7746E-01  2.4984E-03  2.0531E+01  2.1917E+01
  7.3744E-02  6.5023E-03  8.4459E-01  2.7725E-02  5.3951E+00  7.4563E-01  7.6866E-03  8.0998E+01  2.1917E+01
  8.5452E-02  4.4989E-03  8.6922E-01  1.0466E-02  2.1418E+01  9.3414E-01  3.7708E-02  9.4599E+01  2.1917E+01
  1.0444E-01  3.5233E-03  9.0035E-01  7.7563E-03  2.8351E+01  9.1027E-01  3.1292E-02  2.8990E+02  2.1917E+01
  1.6443E-01  1.7810E-03  9.4465E-01  3.3524E-03  6.6199E+01  9.3956E-01  3.1461E-02  6.2502E+02  2.1917E+01
  8.5897E-02  2.4155E-01  4.7526E-01  1.8271E+00  3.0301E-01  6.3699E-01  3.7939E-02  1.5000E+00  2.1924E+01
  6.3839E-02  8.7332E-02  5.9686E-01  3.5527E-02  3.8900E+00  1.1263E+00  5.5614E-01  1.9180E+00  2.1924E+01
  5.5724E-02  3.1874E-02  6.9959E-01  3.0285E-02  4.0649E+00  9.1579E-01  5.3010E-01  2.9591E+00  2.1924E+01
  5.9362E-02  1.3531E-02  7.8321E-01  9.7162E-02  1.4530E+00  6.0153E-01  2.8877E-03  3.2432E+01  2.1924E+01
  6.6986E-02  7.6789E-03  8.2290E-01  3.9744E-02  3.3309E+00  6.8430E-01  1.4458E-02  4.5571E+01  2.1924E+01
  7.3846E-02  5.5640E-03  8.4284E-01  2.5087E-02  5.1720E+00  7.2501E-01  8.0132E-02  7.1084E+01  2.1924E+01
  8.6794E-02  3.4425E-03  8.7317E-01  1.0244E-02  1.8632E+01  8.9922E-01  1.5365E-01  1.4840E+02  2.1924E+01
  1.0958E-01  1.9552E-03  9.0812E-01  5.2472E-03  4.5738E+01  9.3283E-01  1.8697E-02  5.0355E+02  2.1924E+01
  8.0917E-02  3.7628E-01  5.1664E-01  1.2755E+00  3.0000E-01  5.0034E-01  2.8043E-01  1.5000E+00  2.1933E+01
  8.8485E-02  1.1938E-01  5.5140E-01  2.8308E-01  6.6823E-01  6.6373E-01  2.0892E-01  1.5000E+00  2.1933E+01
  7.1351E-02  4.4392E-02  6.5161E-01  4.6308E-02  2.3421E+00  8.1360E-01  4.8473E-01  1.9961E+00  2.1933E+01
  6.2023E-02  1.8221E-02  7.4130E-01  1.1547E-01  1.7903E+00  1.0091E+00  3.9684E-01  2.3007E+01  2.1933E+01
  6.2696E-02  1.0051E-02  7.7613E-01  5.5413E-02  3.6670E+00  1.0845E+00  4.5396E-01  3.6817E+01  2.1933E+01
  6.1160E-02  7.6936E-03  7.9653E-01  3.6767E-02  5.4797E+00  1.0845E+00  4.6984E-01  4.8810E+01  2.1933E+01
  6.5203E-02  5.1034E-03  8.2559E-01  2.4821E-02  4.6400E+00  7.5376E-01  2.7676E-01  8.3215E+01  2.1933E+01
  7.9734E-02  2.6852E-03  8.5352E-01  9.2108E-03  1.6909E+01  9.0547E-01  3.2766E-01  1.4339E+02  2.1933E+01
  1.3715E-01  3.7587E-01  3.1710E-01  1.0086E+00  3.1428E-01  6.9498E-01  2.9569E-01  1.5000E+00  2.1923E+01
  1.0235E-01  1.3866E-01  5.0930E-01  1.7901E-01  8.0221E-01  7.0217E-01  3.2403E-01  1.5000E+00  2.1923E+01
  7.5549E-02  5.5083E-02  6.3071E-01  9.0285E-02  1.1483E+00  6.6290E-01  4.2764E-01  1.6507E+00  2.1923E+01
  6.3668E-02  2.1552E-02  7.1496E-01  1.7694E-01  1.2003E+00  9.0281E-01  3.3541E-01  2.2231E+01  2.1923E+01
  6.2207E-02  1.2942E-02  7.5482E-01  8.5453E-02  2.4697E+00  1.0174E+00  3.8815E-01  3.3434E+01  2.1923E+01
  6.2196E-02  9.6207E-03  7.7966E-01  5.4796E-02  3.7850E+00  1.0568E+00  4.2719E-01  4.3211E+01  2.1923E+01
  6.4429E-02  6.5155E-03  7.9931E-01  3.8049E-02  3.5346E+00  8.0283E-01  3.4458E-01  6.7205E+01  2.1923E+01
  7.0674E-02  3.2635E-03  8.3318E-01  1.6795E-02  7.3587E+00  7.9471E-01  2.3590E-01  1.3199E+02  2.1923E+01
  1.3775E-01  4.9016E-01  3.1869E-01  1.0175E+00  3.1589E-01  6.7050E-01  2.4889E-01  1.5000E+00  2.1941E+01
  9.0930E-02  1.3378E-01  2.6874E-01  1.3094E-01  9.0601E-01  7.4321E-01  3.2970E-01  1.5000E+00  2.1941E+01
  9.7075E-02  5.8996E-02  5.4663E-01  9.2470E-02  9.9901E-01  6.3429E-01  4.1332E-01  1.6862E+00  2.1941E+01
  7.4463E-02  2.6479E-02  6.8846E-01  3.3236E-01  6.8756E-01  7.3322E-01  2.5736E-01  2.2847E+01  2.1941E+01
  6.8683E-02  1.5985E-02  7.2905E-01  1.5828E-01  1.2732E+00  8.3138E-01  2.8996E-01  3.3603E+01  2.1941E+01
  6.8672E-02  9.1863E-03  7.2044E-01  1.0173E-01  1.8824E+00  8.9300E-01  3.3650E-01  4.0362E+01  2.1941E+01
  6.9515E-02  8.2582E-03  7.7420E-01  5.8656E-02  2.7278E+00  8.3866E-01  3.1191E-01  6.1254E+01  2.1941E+01
  7.4271E-02  4.4082E-03  8.0507E-01  2.8184E-02  3.9795E+00  7.3632E-01  2.3688E-01  1.1438E+02  2.1941E+01
  1.5249E-01  6.5617E-01  3.8210E-01  1.1126E+00  3.2499E-01  7.8394E-01  2.1336E-01  1.5000E+00  2.1934E+01
  9.3522E-02  2.1739E-01  1.7024E-01  6.1780E-02  9.8372E-01  7.8696E-01  4.0538E-01  1.5000E+00  2.1934E+01
  1.0543E-01  7.9391E-02  3.9128E-01  8.2577E-02  9.6875E-01  6.6320E-01  4.5666E-01  1.5463E+00  2.1934E+01
  7.2118E-02  3.5778E-02  6.4478E-01  6.0035E-01  4.8249E-01  6.6083E-01  1.8407E-01  2.3160E+01  2.1934E+01
  6.1816E-02  2.1312E-02  6.9315E-01  3.2627E-01  7.0941E-01  6.9127E-01  1.9807E-01  3.2842E+01  2.1934E+01
  6.0689E-02  1.5312E-02  7.0777E-01  1.7965E-01  1.1760E+00  7.9127E-01  2.2316E-01  3.8487E+01  2.1934E+01
  5.7677E-02  1.0883E-02  7.3831E-01  1.1219E-01  1.7049E+00  8.1391E-01  2.6493E-01  4.9281E+01  2.1934E+01
  5.6898E-02  6.5536E-03  7.7689E-01  7.0872E-02  1.3669E+00  5.4752E-01  7.6430E-02  1.3118E+02  2.1934E+01
  8.3067E-02  8.0089E-01  7.2854E-01  1.5008E+00  3.0898E-01  7.2883E-01  2.0724E-01  1.5000E+00  2.1848E+01
  8.9590E-02  3.3500E-01  1.6740E-01  1.9509E-02  2.7296E+00  1.6986E+00  4.2302E-01  1.5000E+00  2.1848E+01
  9.0435E-02  1.2361E-01  2.3083E-01  2.8490E-02  2.0924E+00  8.4003E-01  4.4291E-01  1.5000E+00  2.1848E+01
  9.9564E-02  4.8988E-02  4.4397E-01  9.1665E-01  3.5080E-01  5.6431E-01  9.8185E-02  3.0238E+01  2.1848E+01
  8.8819E-02  2.8628E-02  5.7806E-01  9.9397E-01  3.5440E-01  5.6500E-01  1.4954E-01  2.8103E+01  2.1848E+01
  8.1072E-02  2.2529E-02  6.3833E-01  6.3591E-01  4.4666E-01  5.9218E-01  1.6173E-01  3.4579E+01  2.1848E+01
  7.4080E-02  1.5324E-02  6.6851E-01  2.7317E-01  7.8709E-01  6.9485E-01  1.8507E-01  4.2512E+01  2.1848E+01
  7.0983E-02  8.9021E-03  7.0943E-01  1.2186E-01  1.3976E+00  7.2566E-01  2.0728E-01  6.4537E+01  2.1848E+01
  7.6005E-02  8.6871E-01  1.3692E+00  1.0186E+00  3.1565E-01  8.9353E-01  4.5471E-01  1.5000E+00  2.1702E+01
  3.5134E-02  3.4423E-01  1.8397E-01  4.6064E-02  2.7032E+00  1.6763E+00  4.4520E-01  1.5000E+00  2.1702E+01
  1.7303E-02  1.4981E-01  8.8713E-02  2.0345E-02  5.0422E+00  1.3553E+00  3.9569E-01  1.5000E+00  2.1702E+01
  9.0978E-02  6.9273E-02  3.5010E-01  1.6269E+00  3.0000E-01  6.0897E-01  1.1595E-01  2.4863E+01  2.1702E+01
  8.6635E-02  3.8703E-02  5.0410E-01  8.4378E-01  4.1452E-01  6.8930E-01  1.2035E-01  2.5363E+01  2.1702E+01
  8.2392E-02  2.8409E-02  5.4368E-01  8.0831E-01  4.2804E-01  6.7193E-01  1.3255E-01  2.4668E+01  2.1702E+01
  7.1516E-02  1.9439E-02  6.0334E-01  1.1131E+00  3.3251E-01  5.1017E-01  1.2354E-01  3.6912E+01  2.1702E+01
  6.3541E-02  1.1202E-02  6.4512E-01  1.5571E-01  1.7632E+00  9.7411E-01  1.8751E-01  4.1636E+01  2.1702E+01
  3.0311E-02  1.0038E-01  5.8583E-01  1.7499E+00  3.0575E-01  5.1898E-01  7.0468E-07  2.9471E+00  2.0490E+01
  4.5151E-02  3.2342E-02  7.4300E-01  1.0358E-01  7.6790E-01  5.2042E-01  4.7072E-01  6.9484E+00  2.0490E+01
  8.4354E-02  1.2890E-02  8.7662E-01  3.2594E-02  6.3608E+00  8.9454E-01  1.2369E-01  9.3399E+01  2.0490E+01
  2.1555E-01  4.9384E-03  9.7387E-01  8.5659E-03  1.9439E+01  9.4216E-01  1.7051E-01  2.3600E+02  2.0490E+01
  3.5005E-01  3.2435E-03  9.9798E-01  5.0651E-03  2.1645E+01  8.9587E-01  1.7105E-01  3.6779E+02  2.0490E+01
  4.5535E-01  2.4557E-03  1.0049E+00  4.0748E-03  1.5012E+01  7.8189E-01  1.0751E-01  4.7750E+02  2.0490E+01
  5.4701E-01  2.2848E-02  1.0118E+00  2.5320E-03  2.4821E+01  8.5644E-01  1.0532E-01  6.3837E+02  2.0490E+01
  7.0004E-01  2.2464E-02  1.0008E+00  1.5203E-03  2.8447E+01  8.9367E-01  1.1102E-01  7.2007E+02  2.0490E+01
  3.1209E-02  1.1385E-01  5.6485E-01  9.5164E-01  3.0000E-01  5.2852E-01  4.5698E-01  2.3938E+00  2.1064E+01
  3.3740E-02  3.8866E-02  6.9537E-01  1.2392E-02  3.8422E+00  8.5826E-01  8.1497E-01  4.5097E+00  2.1064E+01
  5.0754E-02  1.4732E-02  8.1847E-01  7.0041E-03  2.9809E+00  6.4632E-01  7.8454E-01  1.4078E+01  2.1064E+01
  1.0267E-01  5.3987E-03  9.0920E-01  1.5097E-02  1.3317E+01  8.9284E-01  1.0473E-01  1.7852E+02  2.1064E+01
  1.7220E-01  3.1743E-03  9.5686E-01  6.2176E-03  3.0342E+01  9.5905E-01  2.1503E-01  2.7106E+02  2.1064E+01
  2.2917E-01  2.6710E-03  9.7613E-01  4.5122E-03  3.5426E+01  9.2545E-01  1.6780E-01  4.1586E+02  2.1064E+01
  3.2680E-01  1.7006E-03  9.9153E-01  2.2949E-03  7.4311E+01  1.1639E+00  3.9962E-01  4.0124E+02  2.1064E+01
  4.8036E-01  1.1079E-03  1.0051E+00  1.4935E-03  8.7135E+01  1.1427E+00  3.0200E-01  6.3937E+02  2.1064E+01
  3.4724E-02  1.2116E-01  5.4408E-01  9.0150E-01  3.0000E-01  5.2555E-01  5.5842E-01  2.3342E+00  2.1864E+01
  3.2247E-02  4.2671E-02  6.7374E-01  2.6971E-01  8.6454E-01  6.8266E-01  3.3203E-02  1.8560E+01  2.1864E+01
  3.9784E-02  1.5931E-02  7.8006E-01  9.3405E-02  2.0512E+00  7.4756E-01  6.5002E-02  4.3825E+01  2.1864E+01
  6.7350E-02  6.0706E-03  8.7002E-01  2.2832E-02  8.3151E+00  8.3678E-01  5.9223E-02  1.5152E+02  2.1864E+01
  1.0739E-01  3.5121E-03  9.1656E-01  9.4030E-03  2.0880E+01  8.8757E-01  6.6925E-02  2.8825E+02  2.1864E+01
  1.3942E-01  2.3375E-03  9.4270E-01  5.5891E-03  3.8177E+01  9.5056E-01  1.4657E-01  3.5282E+02  2.1864E+01
  1.8149E-01  2.3221E-03  9.8193E-01  3.5109E-03  4.3915E+01  8.8516E-01  6.9720E-02  7.3574E+02  2.1864E+01
  3.4106E-01  1.1009E-03  1.0028E+00  1.5847E-03  7.5599E+01  9.1371E-01  1.2471E-01  1.1227E+03  2.1864E+01
  3.8171E-02  1.3402E-01  5.1596E-01  1.2502E+00  3.1201E-01  6.1461E-01  2.9502E-01  2.2381E+00  2.1898E+01
  3.2344E-02  4.9935E-02  6.4755E-01  3.8471E-01  5.9909E-01  5.8972E-01  1.5108E-01  1.5149E+00  2.1898E+01
  3.3562E-02  1.7680E-02  7.4470E-01  1.8698E-01  8.6933E-01  5.6288E-01  3.5087E-02  9.0751E+00  2.1898E+01
  4.5620E-02  7.9463E-03  8.3228E-01  4.2685E-02  3.3929E+00  7.0345E-01  7.8408E-03  1.9543E+02  2.1898E+01
  6.2150E-02  4.1787E-03  8.7270E-01  1.6163E-02  1.1832E+01  8.4741E-01  4.0618E-02  2.2796E+02  2.1898E+01
  7.8076E-02  3.1366E-03  9.0017E-01  9.9959E-03  2.0413E+01  8.8975E-01  8.2072E-02  2.9087E+02  2.1898E+01
  1.1344E-01  2.2827E-03  9.3236E-01  4.9310E-03  4.6895E+01  9.4914E-01  1.0058E-01  4.5593E+02  2.1898E+01
  1.8136E-01  1.3218E-02  9.7362E-01  2.2314E-03  8.7224E+01  9.4431E-01  9.4675E-02  1.0113E+03  2.1898E+01
  4.5840E-02  1.5964E-01  5.1319E-01  1.4115E+00  3.2615E-01  6.4321E-01  1.5845E-01  2.1209E+00  2.1907E+01
  3.2154E-02  5.6266E-02  6.3275E-01  9.8914E-03  8.4825E+00  1.2494E+00  7.5331E-01  2.8615E+00  2.1907E+01
  3.1821E-02  2.0654E-02  7.2477E-01  1.7610E-01  8.9863E-01  5.8259E-01  1.5946E-01  1.5000E+00  2.1907E+01
  3.7806E-02  7.4216E-03  8.0551E-01  5.4149E-02  2.6227E+00  6.8636E-01  1.3918E-02  1.2575E+02  2.1907E+01
  4.6523E-02  4.6488E-03  8.4541E-01  2.4121E-02  6.3359E+00  7.6610E-01  2.1000E-02  2.2129E+02  2.1907E+01
  5.5356E-02  3.3983E-03  8.6821E-01  1.5379E-02  1.0250E+01  7.9184E-01  1.2984E-02  3.4776E+02  2.1907E+01
  7.1362E-02  4.4396E-02  9.0616E-01  7.2332E-03  2.7113E+01  9.1796E-01  1.8006E-01  2.8705E+02  2.1907E+01
  9.5448E-02  9.7376E-01  9.2969E-01  2.9474E-03  8.3446E+01  1.0027E+00  2.0185E-01  5.8474E+02  2.1907E+01
  5.1924E-02  1.7990E-01  5.0066E-01  1.4321E+00  3.3389E-01  6.5597E-01  1.1419E-01  1.5782E+00  2.1923E+01
  3.7277E-02  6.4566E-02  6.1076E-01  4.3655E-02  2.4030E+00  9.3280E-01  5.1812E-01  2.4957E+00  2.1923E+01
  3.2957E-02  2.3817E-02  7.0582E-01  3.5129E-02  3.1191E+00  8.3288E-01  5.5733E-01  2.8009E+00  2.1923E+01
  3.4349E-02  8.8203E-03  7.8513E-01  8.7784E-02  1.5157E+00  6.0076E-01  7.8892E-03  8.8604E+01  2.1923E+01
  4.0338E-02  5.2006E-03  8.2304E-01  3.5022E-02  3.8429E+00  7.0832E-01  3.9501E-02  1.2450E+02  2.1923E+01
  3.8789E-02  4.6975E-03  8.5554E-01  1.4800E-02  1.2203E+01  1.0689E+00  5.5949E-01  7.7691E+01  2.1923E+01
  5.7169E-02  2.1659E-03  8.6343E-01  9.7518E-03  1.9602E+01  9.2935E-01  2.7428E-01  1.6520E+02  2.1923E+01
  7.1215E-02  1.1163E+00  9.3721E-01  4.8812E-03  4.7465E+01  9.3239E-01  7.6427E-02  5.9972E+02  2.1923E+01
  7.4580E-02  2.3719E-01  4.6938E-01  1.9437E+00  3.0000E-01  6.1572E-01  9.6594E-02  1.5000E+00  2.1947E+01
  5.0523E-02  8.4311E-02  5.8022E-01  2.9170E-01  6.5458E-01  6.5087E-01  2.8273E-01  1.5000E+00  2.1947E+01
  4.0096E-02  3.1850E-02  6.7449E-01  4.6577E-02  2.2794E+00  7.9904E-01  4.9836E-01  2.1827E+00  2.1947E+01
  3.3694E-02  1.2293E-02  7.4879E-01  1.2607E-01  1.7216E+00  9.6465E-01  3.6996E-01  2.5536E+01  2.1947E+01
  3.5311E-02  7.5967E-03  7.8601E-01  5.9416E-02  3.4519E+00  1.0168E+00  4.2493E-01  4.0499E+01  2.1947E+01
  3.6272E-02  4.9476E-03  8.0506E-01  3.9318E-02  4.6345E+00  9.4101E-01  3.8872E-01  5.7627E+01  2.1947E+01
  3.9760E-02  3.4529E-03  8.2816E-01  2.3432E-02  5.5172E+00  8.1714E-01  3.7263E-01  9.1250E+01  2.1947E+01
  4.7782E-02  1.6350E-03  8.5599E-01  8.7072E-03  2.0902E+01  9.6692E-01  3.9812E-01  1.6554E+02  2.1947E+01
  8.5091E-02  2.9065E-01  4.6074E-01  1.8538E+00  3.0000E-01  5.8628E-01  1.7276E-01  1.5000E+00  2.1949E+01
  6.0065E-02  9.8509E-02  5.5277E-01  1.7410E-01  8.8099E-01  7.2705E-01  3.3292E-01  1.5000E+00  2.1949E+01
  4.6029E-02  3.8310E-02  6.5061E-01  9.4362E-02  1.1757E+00  6.7161E-01  4.3461E-01  1.6775E+00  2.1949E+01
  3.5375E-02  1.4866E-02  7.2476E-01  1.8446E-01  1.2164E+00  8.9403E-01  3.2302E-01  2.3835E+01  2.1949E+01
  3.4059E-02  9.0797E-03  7.6775E-01  8.8108E-02  2.4633E+00  9.8655E-01  3.7385E-01  3.5913E+01  2.1949E+01
  3.5674E-02  6.3719E-03  7.8167E-01  5.6125E-02  3.6401E+00  1.0029E+00  4.1505E-01  4.7362E+01  2.1949E+01
  3.7991E-02  4.3384E-03  8.0761E-01  3.7996E-02  3.7027E+00  8.1197E-01  3.6253E-01  7.3305E+01  2.1949E+01
  4.4195E-02  2.2392E-03  8.3625E-01  1.3228E-02  1.2620E+01  9.4004E-01  4.0465E-01  1.2418E+02  2.1949E+01
  9.5430E-02  3.4372E-01  4.2778E-01  1.3983E+00  3.0641E-01  6.2795E-01  1.4008E-01  1.5000E+00  2.1947E+01
  7.8620E-02  1.1409E-01  4.9241E-01  1.6128E-01  9.1793E-01  7.5211E-01  2.8329E-01  1.5000E+00  2.1947E+01
  5.3260E-02  4.6884E-02  6.2394E-01  8.6674E-02  1.0999E+00  6.5261E-01  4.4434E-01  1.6705E+00  2.1947E+01
  4.0420E-02  1.8552E-02  7.0595E-01  3.3015E-01  7.2116E-01  7.4644E-01  2.5898E-01  2.3328E+01  2.1947E+01
  3.5406E-02  1.0436E-02  7.3972E-01  1.6566E-01  1.2741E+00  8.2624E-01  2.8851E-01  3.4236E+01  2.1947E+01
  3.5464E-02  8.1798E-03  7.5799E-01  1.0834E-01  1.8698E+00  8.8265E-01  3.2842E-01  4.2248E+01  2.1947E+01
  3.6585E-02  5.4440E-03  7.8378E-01  5.9140E-02  2.8420E+00  8.3592E-01  2.9949E-01  6.3837E+01  2.1947E+01
  3.8656E-02  3.3429E-03  8.1956E-01  2.7206E-02  5.2968E+00  8.1378E-01  2.7150E-01  1.1604E+02  2.1947E+01
  1.3122E-01  4.3885E-01  2.6323E-01  1.1749E+00  3.0000E-01  7.0597E-01  3.5660E-01  1.5000E+00  2.1942E+01
  8.9009E-02  1.5811E-01  4.7307E-01  1.0343E-01  9.7088E-01  7.2006E-01  3.9715E-01  1.5000E+00  2.1942E+01
  6.7486E-02  5.8236E-02  5.6157E-01  8.1278E-02  9.9361E-01  6.3560E-01  4.7670E-01  1.5558E+00  2.1942E+01
  4.6067E-02  2.4423E-02  6.7345E-01  5.8411E-01  5.0515E-01  6.7555E-01  2.0324E-01  2.1939E+01  2.1942E+01
  3.9270E-02  1.4974E-02  7.1347E-01  2.8418E-01  7.9580E-01  7.1507E-01  2.2048E-01  3.2005E+01  2.1942E+01
  3.6523E-02  1.0689E-02  7.2949E-01  1.7403E-01  1.2053E+00  7.8179E-01  2.4067E-01  3.9130E+01  2.1942E+01
  3.6858E-02  7.4235E-03  7.5505E-01  1.0808E-01  1.7046E+00  7.9394E-01  2.8342E-01  5.0101E+01  2.1942E+01
  3.5734E-02  4.1956E-03  7.7912E-01  5.3545E-02  2.1702E+00  6.6163E-01  1.9677E-01  9.9527E+01  2.1942E+01
  1.3430E-01  7.2172E-01  4.6581E-01  7.5823E-01  3.5014E-01  7.3560E-01  3.3893E-01  1.5000E+00  2.1958E+01
  5.9834E-02  2.2508E-01  1.1397E-01  4.0195E-02  9.8679E-01  8.6679E-01  4.2109E-01  1.5000E+00  2.1958E+01
  8.3340E-02  8.8662E-02  4.5923E-01  5.8361E-02  9.7994E-01  6.1068E-01  4.7526E-01  1.5000E+00  2.1958E+01
  5.3700E-02  3.7971E-02  6.3888E-01  1.4666E+00  3.0000E-01  5.4937E-01  1.1765E-01  2.6134E+01  2.1958E+01
  4.3936E-02  2.1465E-02  6.6258E-01  1.0230E+00  3.6464E-01  5.8243E-01  1.4174E-01  3.0201E+01  2.1958E+01
  3.8441E-02  1.5714E-02  6.8923E-01  5.1419E-01  5.4514E-01  6.5743E-01  1.4477E-01  3.6996E+01  2.1958E+01
  3.4359E-02  1.0890E-02  7.1377E-01  2.5180E-01  9.1492E-01  7.4768E-01  1.6570E-01  4.4374E+01  2.1958E+01
  3.0878E-02  6.5484E-03  7.4379E-01  1.3706E-01  1.3844E+00  7.3762E-01  1.9384E-01  6.3616E+01  2.1958E+01
  1.3671E-01  7.7779E-01  4.1574E-01  1.7928E+00  3.0634E-01  8.4043E-01  9.2215E-03  1.5000E+00  2.1793E+01
  1.2133E-01  3.1737E-01  1.8897E-01  3.1855E-02  9.5010E-01  7.5962E-01  3.8770E-01  1.5000E+00  2.1793E+01
  7.5263E-02  1.1139E-01  1.5379E-01  8.1350E-02  8.7041E-01  8.1603E-01  4.1232E-01  1.5000E+00  2.1793E+01
  8.1171E-02  4.6425E-02  5.4560E-01  9.2444E-01  3.3743E-01  5.4097E-01  8.4465E-02  3.3369E+01  2.1793E+01
  7.0394E-02  2.7165E-02  5.9971E-01  6.0674E-01  5.0196E-01  7.1796E-01  1.4695E-01  2.6405E+01  2.1793E+01
  6.0340E-02  2.0729E-02  6.3604E-01  3.5659E-01  7.2165E-01  7.8416E-01  1.4935E-01  3.3091E+01  2.1793E+01
  5.2684E-02  1.4497E-02  6.7897E-01  6.8109E-01  4.1545E-01  5.3082E-01  1.4169E-01  4.4704E+01  2.1793E+01
  4.7837E-02  8.6734E-03  7.1285E-01  1.6099E-01  1.2197E+00  7.4053E-01  1.8257E-01  5.8451E+01  2.1793E+01
  1.9189E-02  6.2227E-02  5.8574E-01  1.6493E+00  3.0000E-01  5.0047E-01  4.7283E-02  9.7071E+00  2.0712E+01
  3.0730E-02  2.2054E-02  7.3861E-01  1.1278E-01  7.2224E-01  5.0000E-01  3.0920E-01  6.0558E+00  2.0712E+01
  6.6622E-02  8.0138E-03  8.6900E-01  2.8603E-02  7.8245E+00  9.4282E-01  1.7966E-01  1.2128E+02  2.0712E+01
  1.8313E-01  3.1615E-03  9.6655E-01  8.0684E-03  1.9997E+01  9.4450E-01  2.4719E-01  3.3795E+02  2.0712E+01
  3.1014E-01  2.1837E-03  9.9680E-01  4.5528E-03  2.9634E+01  9.7636E-01  2.6659E-01  5.0868E+02  2.0712E+01
  4.0298E-01  1.8839E-03  1.0058E+00  3.9492E-03  1.8408E+01  8.2544E-01  1.9166E-01  7.5298E+02  2.0712E+01
  5.0630E-01  1.4377E-02  1.0212E+00  2.2883E-03  2.9064E+01  8.8902E-01  1.7712E-01  9.4064E+02  2.0712E+01
  6.1772E-01  1.5197E-02  1.0213E+00  1.4318E-03  2.1121E+01  8.0457E-01  1.1810E-01  1.4241E+03  2.0712E+01
  1.5585E-02  7.0982E-02  5.7148E-01  1.4318E+00  3.0000E-01  5.0000E-01  1.8402E-01  1.5000E+00  2.1133E+01
  1.6330E-02  2.5464E-02  7.0761E-01  6.3172E-03  4.9325E+00  8.1403E-01  8.2690E-01  4.2766E+00  2.1133E+01
  2.7426E-02  8.8339E-03  8.1634E-01  4.9487E-03  3.3063E+00  6.1105E-01  8.7228E-01  1.3237E+01  2.1133E+01
  6.8608E-02  3.3932E-03  9.1092E-01  1.3543E-02  1.3821E+01  8.8305E-01  1.6235E-01  2.9402E+02  2.1133E+01
  1.2902E-01  2.1125E-03  9.5741E-01  5.1854E-03  3.9558E+01  1.0087E+00  3.1001E-01  4.4768E+02  2.1133E+01
  1.7818E-01  1.5032E-03  9.7485E-01  3.8217E-03  4.0407E+01  9.4321E-01  2.8152E-01  7.0018E+02  2.1133E+01
  2.6569E-01  1.6320E-03  9.9754E-01  2.5929E-03  5.4438E+01  9.5088E-01  2.4733E-01  1.0957E+03  2.1133E+01
  4.3028E-01  1.1267E-03  1.0096E+00  1.7502E-03  2.8855E+01  7.8575E-01  1.6822E-01  2.0026E+03  2.1133E+01
  1.6273E-02  7.9814E-02  5.5593E-01  1.1555E+00  3.2041E-01  5.2979E-01  2.4299E-01  1.5000E+00  2.1806E+01
  1.5294E-02  2.5708E-02  6.7776E-01  2.1820E-01  1.1040E+00  7.6818E-01  5.1672E-02  3.0793E+01  2.1806E+01
  2.0099E-02  9.4084E-03  7.8475E-01  8.8898E-02  2.2060E+00  7.5825E-01  6.4317E-02  7.9478E+01  2.1806E+01
  3.9879E-02  3.5096E-03  8.7609E-01  2.0308E-02  9.4076E+00  8.5084E-01  1.0613E-01  2.4794E+02  2.1806E+01
  6.8517E-02  2.2065E-03  9.2135E-01  8.3317E-03  2.2574E+01  8.8919E-01  1.4024E-01  4.9858E+02  2.1806E+01
  9.6769E-02  1.6089E-03  9.4537E-01  4.9250E-03  4.1811E+01  9.5830E-01  2.3019E-01  6.1655E+02  2.1806E+01
  1.5375E-01  1.1596E-03  9.7435E-01  2.8303E-03  6.9367E+01  9.7783E-01  2.4165E-01  1.0568E+03  2.1806E+01
  2.5491E-01  2.3324E-01  9.9342E-01  1.5675E-03  6.0519E+01  8.6574E-01  1.8909E-01  2.0758E+03  2.1806E+01
  1.6484E-02  7.8715E-02  5.3093E-01  1.1555E+00  3.2458E-01  5.5463E-01  2.4305E-01  1.5000E+00  2.1864E+01
  1.3788E-02  2.8405E-02  6.5252E-01  1.4538E-01  5.9429E-01  5.1502E-01  5.5954E-01  2.6552E+00  2.1864E+01
  1.4517E-02  9.8522E-03  7.5192E-01  1.7275E-01  1.0263E+00  6.1164E-01  2.6870E-02  8.1380E+01  2.1864E+01
  2.1213E-02  3.6627E-03  8.3118E-01  3.7991E-02  4.2526E+00  7.5507E-01  6.0541E-02  1.9284E+02  2.1864E+01
  3.3956E-02  2.6585E-03  8.7811E-01  1.4163E-02  1.4521E+01  8.9187E-01  1.4280E-01  2.8512E+02  2.1864E+01
  4.5295E-02  1.8963E-03  9.0305E-01  8.6981E-03  2.4215E+01  9.2436E-01  1.9333E-01  4.0845E+02  2.1864E+01
  6.5581E-02  1.3498E-03  9.3282E-01  4.7128E-03  4.1872E+01  9.1172E-01  1.4502E-01  9.0808E+02  2.1864E+01
  1.2097E-01  1.3167E-02  9.7470E-01  1.8968E-03  1.0094E+02  9.6473E-01  2.4677E-01  1.5375E+03  2.1864E+01
  1.8051E-02  9.2043E-02  5.2662E-01  1.4414E+00  3.1199E-01  5.6635E-01  1.4309E-01  1.5000E+00  2.1889E+01
  1.3747E-02  3.1065E-02  6.3801E-01  1.3228E-01  6.1411E-01  5.3002E-01  5.7538E-01  2.5900E+00  2.1889E+01
  1.2222E-02  1.2835E-02  7.3690E-01  1.5489E-01  1.0286E+00  6.1741E-01  1.4901E-02  7.9542E+01  2.1889E+01
  1.7182E-02  4.2284E-03  8.1070E-01  5.0647E-02  3.0298E+00  7.2986E-01  7.5034E-02  1.2107E+02  2.1889E+01
  2.2047E-02  1.8679E-03  8.4570E-01  2.1447E-02  8.2730E+00  8.3005E-01  1.0725E-01  2.2279E+02  2.1889E+01
  2.7845E-02  2.2401E-03  8.7650E-01  1.3656E-02  1.2548E+01  8.3399E-01  1.0404E-01  3.8616E+02  2.1889E+01
  3.7760E-02  2.5024E-02  9.0743E-01  7.7879E-03  2.2063E+01  9.4367E-01  7.5875E-02  8.5523E+02  2.1889E+01
  5.8656E-02  9.7401E-02  9.1177E-01  2.7365E-03  9.2848E+01  9.8837E-01  1.9014E-01  1.2382E+03  2.1889E+01
  1.9233E-02  1.1204E-01  5.2272E-01  1.7349E+00  3.0000E-01  5.7292E-01  1.0703E-01  1.5000E+00  2.1911E+01
  1.4950E-02  3.3646E-02  6.2260E-01  2.0963E-01  5.6320E-01  5.3933E-01  4.5979E-01  2.2251E+00  2.1911E+01
  1.2691E-02  1.1492E-02  7.1340E-01  8.3807E-02  1.0010E+00  5.7331E-01  5.0707E-01  3.1853E+00  2.1911E+01
  1.4379E-02  4.8422E-03  7.8899E-01  7.0049E-02  2.0710E+00  6.7489E-01  5.8145E-02  1.0200E+02  2.1911E+01
  1.7370E-02  2.7666E-03  8.2663E-01  3.0360E-02  5.2513E+00  7.8969E-01  1.4652E-01  1.3598E+02  2.1911E+01
  2.0260E-02  1.5268E-03  8.4568E-01  1.9045E-02  8.3780E+00  7.9531E-01  7.5483E-02  3.1243E+02  2.1911E+01
  2.7760E-02  1.8750E-03  8.7784E-01  1.1210E-02  1.4167E+01  8.1845E-01  1.1365E-01  4.8223E+02  2.1911E+01
  4.2976E-02  1.0657E-03  9.1603E-01  4.4980E-03  4.0666E+01  8.7686E-01  9.0806E-02  1.2996E+03  2.1911E+01
  2.6123E-02  1.4122E-01  4.9989E-01  2.0275E+00  3.0000E-01  6.0141E-01  5.4772E-02  1.5000E+00  2.1947E+01
  1.8444E-02  4.5828E-02  6.0222E-01  2.7422E-01  5.9573E-01  5.9420E-01  3.7510E-01  1.5000E+00  2.1947E+01
  1.3677E-02  1.7153E-02  6.8712E-01  1.0863E-01  8.4938E-01  5.6559E-01  4.9324E-01  2.1385E+00  2.1947E+01
  1.1949E-02  6.9415E-03  7.5847E-01  1.4163E-01  1.6380E+00  9.1631E-01  3.1192E-01  2.9568E+01  2.1947E+01
  1.2176E-02  7.1863E-03  7.9343E-01  8.9187E-02  1.9941E+00  7.9975E-01  3.2836E-01  4.9832E+01  2.1947E+01
  1.3250E-02  2.7373E-03  8.0983E-01  3.9656E-02  4.9547E+00  9.1858E-01  3.1622E-01  7.2501E+01  2.1947E+01
  1.5378E-02  2.0098E-03  8.3907E-01  2.0908E-02  9.5295E+00  9.6261E-01  3.7147E-01  1.0522E+02  2.1947E+01
  2.0497E-02  1.1451E-03  8.7432E-01  8.4187E-03  2.4153E+01  1.0289E+00  4.7299E-01  1.8491E+02  2.1947E+01
  3.4850E-02  1.6288E-01  4.8546E-01  2.1654E+00  3.0000E-01  6.1788E-01  2.6541E-02  1.5000E+00  2.1962E+01
  2.1886E-02  5.4238E-02  5.8623E-01  2.0436E-01  7.3326E-01  6.5771E-01  3.6917E-01  1.5000E+00  2.1962E+01
  1.5289E-02  2.0853E-02  6.7284E-01  1.0065E-01  9.2501E-01  5.9665E-01  4.8463E-01  1.8674E+00  2.1962E+01
  1.2679E-02  8.5351E-03  7.3943E-01  2.0304E-01  1.1391E+00  8.2870E-01  2.5863E-01  2.8461E+01  2.1962E+01
  1.1958E-02  4.7388E-03  7.7425E-01  1.0178E-01  2.1500E+00  9.1144E-01  3.1826E-01  4.2357E+01  2.1962E+01
  1.2001E-02  3.3980E-03  7.9104E-01  6.2367E-02  3.2760E+00  9.0327E-01  2.9890E-01  5.8762E+01  2.1962E+01
  1.3248E-02  2.0596E-03  8.1208E-01  3.8126E-02  4.5924E+00  8.6502E-01  3.1913E-01  8.7867E+01  2.1962E+01
  1.6202E-02  7.9020E-04  8.3436E-01  1.4922E-02  1.3316E+01  9.5418E-01  3.5665E-01  1.5267E+02  2.1962E+01
  4.2899E-02  1.9186E-01  4.6906E-01  1.4779E+00  3.1531E-01  6.4892E-01  1.6208E-01  1.5000E+00  2.1970E+01
  2.8256E-02  6.1430E-02  5.5904E-01  1.5957E-01  8.9698E-01  7.2138E-01  3.6055E-01  1.5000E+00  2.1970E+01
  1.9186E-02  2.5205E-02  6.5739E-01  8.1888E-02  1.1423E+00  6.5404E-01  4.8603E-01  1.6552E+00  2.1970E+01
  1.4385E-02  9.7775E-03  7.2130E-01  3.3186E-01  7.3962E-01  7.3630E-01  2.4622E-01  2.6001E+01  2.1970E+01
  1.2925E-02  5.8244E-03  7.5447E-01  1.6513E-01  1.3025E+00  8.0827E-01  2.7757E-01  3.8941E+01  2.1970E+01
  1.2282E-02  4.1961E-03  7.7166E-01  1.0814E-01  1.8397E+00  8.3219E-01  3.0327E-01  4.8019E+01  2.1970E+01
  1.3294E-02  2.8568E-03  7.9395E-01  5.6137E-02  2.9324E+00  8.0242E-01  2.6858E-01  7.8718E+01  2.1970E+01
  1.4170E-02  1.6355E-03  8.2134E-01  2.4596E-02  7.2352E+00  8.8669E-01  3.1699E-01  1.2270E+02  2.1970E+01
  6.6467E-02  2.4236E-01  4.3827E-01  1.5894E+00  3.3000E-01  6.9372E-01  1.1300E-02  1.5000E+00  2.1997E+01
  4.2052E-02  8.6872E-02  5.4321E-01  1.4741E-01  9.2141E-01  7.3821E-01  3.5978E-01  1.5000E+00  2.1997E+01
  2.7517E-02  3.3531E-02  6.3481E-01  7.0467E-02  1.2462E+00  6.8363E-01  4.9369E-01  1.5808E+00  2.1997E+01
  1.7724E-02  1.3211E-02  7.0170E-01  5.7120E-01  5.1642E-01  6.7718E-01  2.1891E-01  2.3343E+01  2.1997E+01
  1.5171E-02  7.8959E-03  7.3369E-01  2.7562E-01  8.3168E-01  7.2183E-01  2.2362E-01  3.5589E+01  2.1997E+01
  1.4549E-02  5.4203E-03  7.4698E-01  1.7419E-01  1.2148E+00  7.7296E-01  2.4986E-01  4.3371E+01  2.1997E+01
  1.3810E-02  3.9570E-03  7.6897E-01  1.1346E-01  1.5896E+00  7.5433E-01  2.7308E-01  5.8948E+01  2.1997E+01
  1.4594E-02  2.2551E-03  7.9532E-01  4.4994E-02  3.4049E+00  7.8143E-01  2.5987E-01  1.0462E+02  2.1997E+01
  9.0761E-02  3.7253E-01  4.2771E-01  9.8953E-01  3.5017E-01  6.7596E-01  1.6777E-01  1.5000E+00  2.2006E+01
  6.4069E-02  1.3070E-01  5.0877E-01  9.0501E-02  1.0023E+00  7.3344E-01  3.9485E-01  1.6987E+00  2.2006E+01
  4.0624E-02  4.8432E-02  5.9795E-01  7.3432E-02  9.9340E-01  6.3330E-01  5.1567E-01  1.5000E+00  2.2006E+01
  2.3086E-02  2.0308E-02  6.8162E-01  1.6255E+00  3.0000E-01  5.7350E-01  1.7848E-01  2.0817E+01  2.2006E+01
  1.8134E-02  1.2033E-02  7.0580E-01  7.5676E-01  4.3491E-01  6.1655E-01  1.7141E-01  3.0754E+01  2.2006E+01
  1.5965E-02  8.4760E-03  7.1925E-01  4.5704E-01  5.9078E-01  6.6620E-01  1.8363E-01  3.7187E+01  2.2006E+01
  1.3943E-02  5.6496E-03  7.4005E-01  1.8502E-01  1.4234E+00  8.8687E-01  2.1460E-01  4.4234E+01  2.2006E+01
  1.2865E-02  3.2190E-03  7.6192E-01  9.7554E-02  2.0714E+00  8.2885E-01  2.4447E-01  6.2355E+01  2.2006E+01
  1.3034E-01  4.3598E-01  2.0999E-01  1.4720E+00  3.0000E-01  8.6700E-01  1.5134E-01  1.5000E+00  2.2027E+01
  8.7190E-02  1.5639E-01  4.4901E-01  1.0313E-01  9.6936E-01  7.3204E-01  3.1947E-01  1.5000E+00  2.2027E+01
  5.0685E-02  6.5399E-02  5.8021E-01  5.1333E-02  1.0282E+00  6.1125E-01  4.4594E-01  1.7423E+00  2.2027E+01
  3.1617E-02  2.5010E-02  6.4879E-01  1.6865E+00  3.0000E-01  5.8609E-01  1.4617E-01  2.1292E+01  2.2027E+01
  2.3466E-02  1.4762E-02  6.7803E-01  5.5361E-01  5.5498E-01  7.4911E-01  1.4912E-01  2.9167E+01  2.2027E+01
  1.9973E-02  1.1099E-02  6.9600E-01  3.2192E-01  8.1741E-01  8.3133E-01  1.5415E-01  3.4275E+01  2.2027E+01
  1.7000E-02  7.5865E-03  7.1838E-01  2.4521E-01  9.9693E-01  8.1203E-01  1.5542E-01  4.4037E+01  2.2027E+01
  1.4980E-02  4.6619E-03  7.4110E-01  1.6971E-01  1.2606E+00  7.6157E-01  1.8199E-01  5.8575E+01  2.2027E+01
