yF = 6.0526e+00 (std: 1.4838e-02) keV/um
yD = 1.0837e+01 (std: 9.1475e-01) keV/um
y (keV/um)     f(y)(std)                  yf(y)(std)                 d(y)(std)                  yd(y)(std)  
1.0610e-03     0.0000e+00  0.0000e+00     0.0000e+00  0.0000e+00     0.0000e+00  0.0000e+00     0.0000e+00  0.0000e+00 
1.1905e-03     0.0000e+00  0.0000e+00     0.0000e+00  0.0000e+00     0.0000e+00  0.0000e+00     0.0000e+00  0.0000e+00 
1.3357e-03     0.0000e+00  0.0000e+00     0.0000e+00  0.0000e+00     0.0000e+00  0.0000e+00     0.0000e+00  0.0000e+00 
1.4987e-03     0.0000e+00  0.0000e+00     0.0000e+00  0.0000e+00     0.0000e+00  0.0000e+00     0.0000e+00  0.0000e+00 
1.6816e-03     0.0000e+00  0.0000e+00     0.0000e+00  0.0000e+00     0.0000e+00  0.0000e+00     0.0000e+00  0.0000e+00 
1.8868e-03     0.0000e+00  0.0000e+00     0.0000e+00  0.0000e+00     0.0000e+00  0.0000e+00     0.0000e+00  0.0000e+00 
2.1170e-03     0.0000e+00  0.0000e+00     0.0000e+00  0.0000e+00     0.0000e+00  0.0000e+00     0.0000e+00  0.0000e+00 
2.3753e-03     0.0000e+00  0.0000e+00     0.0000e+00  0.0000e+00     0.0000e+00  0.0000e+00     0.0000e+00  0.0000e+00 
2.6651e-03     0.0000e+00  0.0000e+00     0.0000e+00  0.0000e+00     0.0000e+00  0.0000e+00     0.0000e+00  0.0000e+00 
2.9903e-03     0.0000e+00  0.0000e+00     0.0000e+00  0.0000e+00     0.0000e+00  0.0000e+00     0.0000e+00  0.0000e+00 
3.3552e-03     0.0000e+00  0.0000e+00     0.0000e+00  0.0000e+00     0.0000e+00  0.0000e+00     0.0000e+00  0.0000e+00 
3.7646e-03     0.0000e+00  0.0000e+00     0.0000e+00  0.0000e+00     0.0000e+00  0.0000e+00     0.0000e+00  0.0000e+00 
4.2240e-03     2.0619e-03  5.4302e-03     8.7093e-06  2.2937e-05     1.4389e-06  3.7896e-06     6.0780e-09  1.6007e-08 
4.7394e-03     0.0000e+00  0.0000e+00     0.0000e+00  0.0000e+00     0.0000e+00  0.0000e+00     0.0000e+00  0.0000e+00 
5.3176e-03     1.6378e-03  1.4565e-03     8.7093e-06  7.7454e-06     1.4389e-06  1.2797e-06     7.6517e-09  6.8049e-09 
5.9665e-03     1.4597e-03  1.4597e-04     8.7093e-06  8.7094e-07     1.4389e-06  1.4394e-07     8.5854e-09  8.5881e-10 
6.6945e-03     0.0000e+00  0.0000e+00     0.0000e+00  0.0000e+00     0.0000e+00  0.0000e+00     0.0000e+00  0.0000e+00 
7.5114e-03     1.1595e-03  1.3566e-03     8.7093e-06  1.0190e-05     1.4389e-06  1.6835e-06     1.0808e-08  1.2646e-08 
8.4279e-03     0.0000e+00  0.0000e+00     0.0000e+00  0.0000e+00     0.0000e+00  0.0000e+00     0.0000e+00  0.0000e+00 
9.4563e-03     9.2101e-04  5.7791e-04     8.7093e-06  5.4648e-06     1.4389e-06  9.0289e-07     1.3607e-08  8.5380e-09 
1.0610e-02     1.6417e-03  9.2329e-04     1.7419e-05  9.7962e-06     2.8779e-06  1.6185e-06     3.0534e-08  1.7173e-08 
1.1905e-02     1.4632e-03  9.9827e-04     1.7419e-05  1.1884e-05     2.8779e-06  1.9635e-06     3.4260e-08  2.3375e-08 
1.3357e-02     3.2601e-03  7.1877e-03     4.3547e-05  9.6009e-05     7.1947e-06  1.5862e-05     9.6101e-08  2.1188e-07 
1.4987e-02     1.1622e-03  6.5068e-04     1.7419e-05  9.7518e-06     2.8779e-06  1.6112e-06     4.3131e-08  2.4147e-08 
1.6816e-02     1.0358e-03  5.1611e-04     1.7419e-05  8.6789e-06     2.8779e-06  1.4339e-06     4.8394e-08  2.4113e-08 
1.8868e-02     9.2320e-04  9.8406e-04     1.7419e-05  1.8567e-05     2.8779e-06  3.0676e-06     5.4299e-08  5.7879e-08 
2.1170e-02     1.6456e-03  8.3169e-04     3.4837e-05  1.7607e-05     5.7557e-06  2.9090e-06     1.2185e-07  6.1584e-08 
2.3753e-02     1.8333e-03  9.6829e-04     4.3547e-05  2.3000e-05     7.1947e-06  3.8000e-06     1.7090e-07  9.0262e-08 
2.6651e-02     0.0000e+00  0.0000e+00     0.0000e+00  0.0000e+00     0.0000e+00  0.0000e+00     0.0000e+00  0.0000e+00 
2.9903e-02     0.0000e+00  0.0000e+00     0.0000e+00  0.0000e+00     0.0000e+00  0.0000e+00     0.0000e+00  0.0000e+00 
3.3552e-02     1.2979e-03  4.8871e-04     4.3547e-05  1.6397e-05     7.1947e-06  2.7092e-06     2.4140e-07  9.0899e-08 
3.7646e-02     1.1567e-03  7.5203e-04     4.3547e-05  2.8311e-05     7.1947e-06  4.6775e-06     2.7085e-07  1.7609e-07 
4.2240e-02     1.4433e-03  6.1216e-04     6.0965e-05  2.5857e-05     1.0073e-05  4.2722e-06     4.2546e-07  1.8046e-07 
4.7394e-02     1.1026e-03  3.1759e-04     5.2256e-05  1.5052e-05     8.6336e-06  2.4869e-06     4.0918e-07  1.1786e-07 
5.3176e-02     1.3103e-03  5.3634e-04     6.9674e-05  2.8521e-05     1.1511e-05  4.7122e-06     6.1214e-07  2.5058e-07 
5.9665e-02     1.1678e-03  4.5800e-04     6.9674e-05  2.7327e-05     1.1511e-05  4.5149e-06     6.8683e-07  2.6938e-07 
6.6945e-02     1.5612e-03  5.2211e-04     1.0451e-04  3.4953e-05     1.7267e-05  5.7750e-06     1.1560e-06  3.8661e-07 
7.5114e-02     2.0871e-03  5.3926e-04     1.5677e-04  4.0506e-05     2.5901e-05  6.6926e-06     1.9455e-06  5.0271e-07 
8.4279e-02     2.1701e-03  4.9293e-04     1.8290e-04  4.1543e-05     3.0218e-05  6.8641e-06     2.5467e-06  5.7850e-07 
9.4563e-02     2.1183e-03  4.9777e-04     2.0031e-04  4.7070e-05     3.3095e-05  7.7773e-06     3.1296e-06  7.3544e-07 
1.0610e-01     2.3805e-03  5.3048e-04     2.5257e-04  5.6284e-05     4.1729e-05  9.2997e-06     4.4275e-06  9.8671e-07 
1.1905e-01     2.4142e-03  6.9634e-04     2.8741e-04  8.2897e-05     4.7485e-05  1.3697e-05     5.6529e-06  1.6305e-06 
1.3357e-01     2.2821e-03  1.0856e-03     3.0483e-04  1.4500e-04     5.0363e-05  2.3957e-05     6.7271e-06  3.2001e-06 
1.4987e-01     3.4867e-03  5.8345e-04     5.2256e-04  8.7443e-05     8.6336e-05  1.4449e-05     1.2939e-05  2.1655e-06 
1.6816e-01     3.4183e-03  6.4288e-04     5.7481e-04  1.0811e-04     9.4970e-05  1.7863e-05     1.5970e-05  3.0038e-06 
1.8868e-01     4.1082e-03  9.6973e-04     7.7513e-04  1.8297e-04     1.2807e-04  3.0231e-05     2.4163e-05  5.7039e-06 
2.1170e-01     3.6615e-03  5.8054e-04     7.7513e-04  1.2290e-04     1.2807e-04  2.0308e-05     2.7111e-05  4.2991e-06 
2.3753e-01     5.6466e-03  3.7431e-04     1.3412e-03  8.8911e-05     2.2160e-04  1.4700e-05     5.2636e-05  3.4916e-06 
2.6651e-01     5.8495e-03  3.7334e-04     1.5590e-03  9.9499e-05     2.5757e-04  1.6451e-05     6.8646e-05  4.3845e-06 
2.9903e-01     7.4851e-03  7.8189e-04     2.2383e-03  2.3381e-04     3.6981e-04  3.8640e-05     1.1058e-04  1.1555e-05 
3.3552e-01     7.7094e-03  6.9350e-04     2.5867e-03  2.3268e-04     4.2736e-04  3.8458e-05     1.4339e-04  1.2903e-05 
3.7646e-01     8.9763e-03  1.0068e-03     3.3792e-03  3.7903e-04     5.5831e-04  6.2638e-05     2.1018e-04  2.3581e-05 
4.2240e-01     1.0516e-02  6.7405e-04     4.4417e-03  2.8472e-04     7.3386e-04  4.7074e-05     3.0998e-04  1.9884e-05 
4.7394e-01     1.1155e-02  6.9642e-04     5.2865e-03  3.3006e-04     8.7343e-04  5.4574e-05     4.1395e-04  2.5864e-05 
5.3176e-01     1.3299e-02  1.4369e-03     7.0720e-03  7.6410e-04     1.1684e-03  1.2628e-04     6.2132e-04  6.7149e-05 
5.9665e-01     1.4991e-02  8.0818e-04     8.9445e-03  4.8220e-04     1.4778e-03  7.9751e-05     8.8172e-04  4.7583e-05 
6.6945e-01     1.6795e-02  7.2802e-04     1.1244e-02  4.8737e-04     1.8577e-03  8.0652e-05     1.2436e-03  5.3992e-05 
7.5114e-01     1.9897e-02  6.5226e-04     1.4945e-02  4.8993e-04     2.4692e-03  8.1172e-05     1.8547e-03  6.0971e-05 
8.4279e-01     2.2673e-02  5.5246e-04     1.9108e-02  4.6561e-04     3.1570e-03  7.7316e-05     2.6607e-03  6.5161e-05 
9.4563e-01     2.4987e-02  5.9526e-04     2.3628e-02  5.6290e-04     3.9038e-03  9.3492e-05     3.6916e-03  8.8408e-05 
1.0610e+00     2.7753e-02  1.3966e-03     2.9446e-02  1.4818e-03     4.8650e-03  2.4511e-04     5.1618e-03  2.6006e-04 
1.1905e+00     3.0719e-02  5.4474e-04     3.6570e-02  6.4850e-04     6.0421e-03  1.0816e-04     7.1929e-03  1.2876e-04 
1.3357e+00     3.3625e-02  6.6891e-04     4.4914e-02  8.9348e-04     7.4206e-03  1.4874e-04     9.9119e-03  1.9867e-04 
1.4987e+00     3.6849e-02  5.7136e-04     5.5226e-02  8.5631e-04     9.1243e-03  1.4324e-04     1.3675e-02  2.1467e-04 
1.6816e+00     4.1822e-02  1.0053e-03     7.0328e-02  1.6904e-03     1.1619e-02  2.8074e-04     1.9539e-02  4.7208e-04 
1.8868e+00     4.6340e-02  9.1651e-04     8.7433e-02  1.7292e-03     1.4445e-02  2.8789e-04     2.7255e-02  5.4318e-04 
2.1170e+00     5.1684e-02  6.7579e-04     1.0941e-01  1.4306e-03     1.8077e-02  2.4049e-04     3.8270e-02  5.0911e-04 
2.3753e+00     5.8592e-02  8.5246e-04     1.3917e-01  2.0249e-03     2.2994e-02  3.3926e-04     5.4618e-02  8.0584e-04 
2.6651e+00     6.5099e-02  6.3012e-04     1.7350e-01  1.6794e-03     2.8665e-02  2.8622e-04     7.6396e-02  7.6282e-04 
2.9903e+00     7.3660e-02  1.3976e-03     2.2027e-01  4.1794e-03     3.6392e-02  6.9625e-04     1.0882e-01  2.0820e-03 
3.3552e+00     8.3737e-02  1.0323e-03     2.8095e-01  3.4637e-03     4.6419e-02  5.8346e-04     1.5574e-01  1.9576e-03 
3.7646e+00     9.4373e-02  1.2719e-03     3.5528e-01  4.7880e-03     5.8698e-02  8.0405e-04     2.2098e-01  3.0269e-03 
4.2240e+00     1.0750e-01  1.3499e-03     4.5408e-01  5.7020e-03     7.5022e-02  9.5986e-04     3.1689e-01  4.0544e-03 
4.7394e+00     1.2340e-01  7.1927e-04     5.8482e-01  3.4089e-03     9.6623e-02  6.1099e-04     4.5793e-01  2.8957e-03 
5.3176e+00     1.4228e-01  5.3509e-04     7.5659e-01  2.8454e-03     1.2500e-01  5.6118e-04     6.6472e-01  2.9841e-03 
5.9665e+00     1.6759e-01  7.0062e-04     9.9991e-01  4.1802e-03     1.6520e-01  8.0064e-04     9.8568e-01  4.7770e-03 
6.6945e+00     1.8936e-01  1.2836e-03     1.2677e+00  8.5932e-03     2.0945e-01  1.5097e-03     1.4021e+00  1.0107e-02 
7.5114e+00     1.7083e-01  6.6046e-04     1.2832e+00  4.9610e-03     2.1201e-01  9.7054e-04     1.5925e+00  7.2900e-03 
8.4279e+00     1.0896e-01  5.6018e-04     9.1833e-01  4.7211e-03     1.5172e-01  8.6416e-04     1.2787e+00  7.2830e-03 
9.4563e+00     5.0323e-02  2.6684e-04     4.7587e-01  2.5233e-03     7.8622e-02  4.5929e-04     7.4347e-01  4.3431e-03 
1.0610e+01     1.6939e-02  2.0756e-04     1.7973e-01  2.2022e-03     2.9694e-02  3.7106e-04     3.1505e-01  3.9370e-03 
1.1905e+01     4.2139e-03  5.1338e-05     5.0166e-02  6.1117e-04     8.2883e-03  1.0300e-04     9.8669e-02  1.2262e-03 
1.3357e+01     6.9571e-04  5.3190e-05     9.2928e-03  7.1048e-04     1.5353e-03  1.1744e-04     2.0508e-02  1.5687e-03 
1.4987e+01     9.2979e-05  9.1739e-06     1.3935e-03  1.3749e-04     2.3023e-04  2.2723e-05     3.4505e-03  3.4055e-04 
1.6816e+01     5.6971e-06  2.2221e-06     9.5802e-05  3.7367e-05     1.5828e-05  6.1739e-06     2.6617e-04  1.0382e-04 
1.8868e+01     1.8464e-06  3.0894e-06     3.4837e-05  5.8290e-05     5.7557e-06  9.6305e-06     1.0860e-04  1.8171e-04 
2.1170e+01     1.6456e-06  1.4118e-06     3.4837e-05  2.9888e-05     5.7557e-06  4.9380e-06     1.2185e-04  1.0454e-04 
2.3753e+01     1.1000e-06  5.3822e-07     2.6128e-05  1.2784e-05     4.3168e-06  2.1122e-06     1.0254e-04  5.0172e-05 
2.6651e+01     1.3071e-06  8.9069e-07     3.4837e-05  2.3738e-05     5.7557e-06  3.9220e-06     1.5340e-04  1.0453e-04 
2.9903e+01     1.4562e-06  9.8577e-07     4.3547e-05  2.9478e-05     7.1947e-06  4.8703e-06     2.1514e-04  1.4564e-04 
3.3552e+01     5.1915e-07  1.9724e-07     1.7419e-05  6.6179e-06     2.8779e-06  1.0934e-06     9.6558e-05  3.6687e-05 
3.7646e+01     4.6269e-07  1.1268e-06     1.7419e-05  4.2420e-05     2.8779e-06  7.0086e-06     1.0834e-04  2.6385e-04 
4.2240e+01     6.1857e-07  9.4489e-07     2.6128e-05  3.9912e-05     4.3168e-06  6.5941e-06     1.8234e-04  2.7853e-04 
4.7394e+01     7.3506e-07  2.9792e-07     3.4837e-05  1.4120e-05     5.7557e-06  2.3329e-06     2.7278e-04  1.1056e-04 
5.3176e+01     6.5513e-07  4.5325e-07     3.4837e-05  2.4102e-05     5.7557e-06  3.9821e-06     3.0607e-04  2.1176e-04 
5.9665e+01     4.3791e-07  2.8321e-07     2.6128e-05  1.6898e-05     4.3168e-06  2.7918e-06     2.5756e-04  1.6657e-04 
6.6945e+01     9.1067e-07  4.3910e-07     6.0965e-05  2.9396e-05     1.0073e-05  4.8567e-06     6.7431e-04  3.2514e-04 
7.5114e+01     4.6379e-07  2.6861e-07     3.4837e-05  2.0176e-05     5.7557e-06  3.3335e-06     4.3233e-04  2.5039e-04 
8.4279e+01     3.1002e-07  2.0045e-07     2.6128e-05  1.6894e-05     4.3168e-06  2.7912e-06     3.6382e-04  2.3524e-04 
9.4563e+01     3.6840e-07  5.7897e-07     3.4837e-05  5.4749e-05     5.7557e-06  9.0455e-06     5.4428e-04  8.5536e-04 
1.0610e+02     8.2085e-08  9.0712e-08     8.7093e-06  9.6246e-06     1.4389e-06  1.5902e-06     1.5267e-04  1.6872e-04 
1.1905e+02     2.9263e-07  1.6588e-07     3.4837e-05  1.9747e-05     5.7557e-06  3.2626e-06     6.8520e-04  3.8840e-04 
1.3357e+02     1.3041e-07  6.7417e-08     1.7419e-05  9.0051e-06     2.8779e-06  1.4878e-06     3.8441e-04  1.9873e-04 
1.4987e+02     2.3245e-07  2.0830e-07     3.4837e-05  3.1218e-05     5.7557e-06  5.1579e-06     8.6262e-04  7.7302e-04 
1.6816e+02     2.5896e-07  9.0113e-08     4.3547e-05  1.5153e-05     7.1947e-06  2.5037e-06     1.2098e-03  4.2101e-04 
1.8868e+02     4.6160e-08  1.8637e-07     8.7093e-06  3.5163e-05     1.4389e-06  5.8096e-06     2.7149e-04  1.0961e-03 
2.1170e+02     2.0570e-07  7.9384e-08     4.3547e-05  1.6806e-05     7.1947e-06  2.7766e-06     1.5231e-03  5.8781e-04 
2.3753e+02     0.0000e+00  0.0000e+00     0.0000e+00  0.0000e+00     0.0000e+00  0.0000e+00     0.0000e+00  0.0000e+00 
2.6651e+02     9.8036e-08  5.9189e-08     2.6128e-05  1.5775e-05     4.3168e-06  2.6063e-06     1.1505e-03  6.9461e-04 
2.9903e+02     8.7375e-08  4.0849e-08     2.6128e-05  1.2215e-05     4.3168e-06  2.0182e-06     1.2909e-03  6.0350e-04 
3.3552e+02     7.7873e-08  9.2131e-08     2.6128e-05  3.0912e-05     4.3168e-06  5.1072e-06     1.4484e-03  1.7136e-03 
3.7646e+02     1.1567e-07  5.3796e-08     4.3547e-05  2.0252e-05     7.1947e-06  3.3460e-06     2.7085e-03  1.2597e-03 
4.2240e+02     3.2990e-07  1.1856e-07     1.3935e-04  5.0078e-05     2.3023e-05  8.2739e-06     9.7248e-03  3.4949e-03 
4.7394e+02     1.6539e-07  1.8005e-07     7.8384e-05  8.5330e-05     1.2950e-05  1.4098e-05     6.1377e-03  6.6816e-03 
5.3176e+02     9.8269e-08  3.1002e-08     5.2256e-05  1.6486e-05     8.6336e-06  2.7238e-06     4.5910e-03  1.4484e-03 
5.9665e+02     1.6057e-07  1.4695e-07     9.5802e-05  8.7675e-05     1.5828e-05  1.4486e-05     9.4439e-03  8.6428e-03 
6.6945e+02     2.6019e-08  6.2381e-08     1.7419e-05  4.1761e-05     2.8779e-06  6.8996e-06     1.9266e-03  4.6190e-03 
7.5114e+02     6.9569e-08  3.1314e-08     5.2256e-05  2.3521e-05     8.6336e-06  3.8861e-06     6.4850e-03  2.9190e-03 
8.4279e+02     4.1336e-08  1.7277e-08     3.4837e-05  1.4561e-05     5.7557e-06  2.4058e-06     4.8509e-03  2.0276e-03 
9.4563e+02     4.6050e-08  1.7328e-08     4.3547e-05  1.6386e-05     7.1947e-06  2.7073e-06     6.8035e-03  2.5600e-03 
1.0610e+03     0.0000e+00  0.0000e+00     0.0000e+00  0.0000e+00     0.0000e+00  0.0000e+00     0.0000e+00  0.0000e+00 
1.1905e+03     0.0000e+00  0.0000e+00     0.0000e+00  0.0000e+00     0.0000e+00  0.0000e+00     0.0000e+00  0.0000e+00 
1.3357e+03     0.0000e+00  0.0000e+00     0.0000e+00  0.0000e+00     0.0000e+00  0.0000e+00     0.0000e+00  0.0000e+00 
1.4987e+03     0.0000e+00  0.0000e+00     0.0000e+00  0.0000e+00     0.0000e+00  0.0000e+00     0.0000e+00  0.0000e+00 
1.6816e+03     0.0000e+00  0.0000e+00     0.0000e+00  0.0000e+00     0.0000e+00  0.0000e+00     0.0000e+00  0.0000e+00 
1.8868e+03     0.0000e+00  0.0000e+00     0.0000e+00  0.0000e+00     0.0000e+00  0.0000e+00     0.0000e+00  0.0000e+00 
2.1170e+03     0.0000e+00  0.0000e+00     0.0000e+00  0.0000e+00     0.0000e+00  0.0000e+00     0.0000e+00  0.0000e+00 
2.3753e+03     0.0000e+00  0.0000e+00     0.0000e+00  0.0000e+00     0.0000e+00  0.0000e+00     0.0000e+00  0.0000e+00 
2.6651e+03     0.0000e+00  0.0000e+00     0.0000e+00  0.0000e+00     0.0000e+00  0.0000e+00     0.0000e+00  0.0000e+00 
2.9903e+03     0.0000e+00  0.0000e+00     0.0000e+00  0.0000e+00     0.0000e+00  0.0000e+00     0.0000e+00  0.0000e+00 
3.3552e+03     0.0000e+00  0.0000e+00     0.0000e+00  0.0000e+00     0.0000e+00  0.0000e+00     0.0000e+00  0.0000e+00 
3.7646e+03     0.0000e+00  0.0000e+00     0.0000e+00  0.0000e+00     0.0000e+00  0.0000e+00     0.0000e+00  0.0000e+00 
4.2240e+03     0.0000e+00  0.0000e+00     0.0000e+00  0.0000e+00     0.0000e+00  0.0000e+00     0.0000e+00  0.0000e+00 
4.7394e+03     0.0000e+00  0.0000e+00     0.0000e+00  0.0000e+00     0.0000e+00  0.0000e+00     0.0000e+00  0.0000e+00 
5.3176e+03     0.0000e+00  0.0000e+00     0.0000e+00  0.0000e+00     0.0000e+00  0.0000e+00     0.0000e+00  0.0000e+00 
5.9665e+03     0.0000e+00  0.0000e+00     0.0000e+00  0.0000e+00     0.0000e+00  0.0000e+00     0.0000e+00  0.0000e+00 
6.6945e+03     0.0000e+00  0.0000e+00     0.0000e+00  0.0000e+00     0.0000e+00  0.0000e+00     0.0000e+00  0.0000e+00 
7.5114e+03     0.0000e+00  0.0000e+00     0.0000e+00  0.0000e+00     0.0000e+00  0.0000e+00     0.0000e+00  0.0000e+00 
8.4279e+03     0.0000e+00  0.0000e+00     0.0000e+00  0.0000e+00     0.0000e+00  0.0000e+00     0.0000e+00  0.0000e+00 
9.4563e+03     0.0000e+00  0.0000e+00     0.0000e+00  0.0000e+00     0.0000e+00  0.0000e+00     0.0000e+00  0.0000e+00 
