yF = 2.9570e+00 (std: 7.6476e-03) keV/um
yD = 5.2900e+00 (std: 1.1760e+00) keV/um
y (keV/um)     f(y)(std)                  yf(y)(std)                 d(y)(std)                  yd(y)(std)  
1.0610e-03     0.0000e+00  0.0000e+00     0.0000e+00  0.0000e+00     0.0000e+00  0.0000e+00     0.0000e+00  0.0000e+00 
1.1905e-03     0.0000e+00  0.0000e+00     0.0000e+00  0.0000e+00     0.0000e+00  0.0000e+00     0.0000e+00  0.0000e+00 
1.3357e-03     0.0000e+00  0.0000e+00     0.0000e+00  0.0000e+00     0.0000e+00  0.0000e+00     0.0000e+00  0.0000e+00 
1.4987e-03     5.8081e-03  5.0178e-03     8.7047e-06  7.5203e-06     2.9438e-06  2.5432e-06     4.4119e-09  3.8116e-09 
1.6816e-03     5.1765e-03  5.0046e-03     8.7047e-06  8.4157e-06     2.9438e-06  2.8460e-06     4.9502e-09  4.7859e-09 
1.8868e-03     0.0000e+00  0.0000e+00     0.0000e+00  0.0000e+00     0.0000e+00  0.0000e+00     0.0000e+00  0.0000e+00 
2.1170e-03     0.0000e+00  0.0000e+00     0.0000e+00  0.0000e+00     0.0000e+00  0.0000e+00     0.0000e+00  0.0000e+00 
2.3753e-03     3.6647e-03  3.4189e-03     8.7047e-06  8.1209e-06     2.9438e-06  2.7463e-06     6.9923e-09  6.5234e-09 
2.6651e-03     6.5323e-03  2.1741e-02     1.7409e-05  5.7942e-05     5.8875e-06  1.9595e-05     1.5691e-08  5.2223e-08 
2.9903e-03     2.9109e-03  1.9717e-03     8.7047e-06  5.8961e-06     2.9438e-06  1.9940e-06     8.8028e-09  5.9627e-09 
3.3552e-03     2.5944e-03  2.9472e-03     8.7047e-06  9.8885e-06     2.9438e-06  3.3441e-06     9.8769e-09  1.1220e-08 
3.7646e-03     0.0000e+00  0.0000e+00     0.0000e+00  0.0000e+00     0.0000e+00  0.0000e+00     0.0000e+00  0.0000e+00 
4.2240e-03     0.0000e+00  0.0000e+00     0.0000e+00  0.0000e+00     0.0000e+00  0.0000e+00     0.0000e+00  0.0000e+00 
4.7394e-03     0.0000e+00  0.0000e+00     0.0000e+00  0.0000e+00     0.0000e+00  0.0000e+00     0.0000e+00  0.0000e+00 
5.3176e-03     0.0000e+00  0.0000e+00     0.0000e+00  0.0000e+00     0.0000e+00  0.0000e+00     0.0000e+00  0.0000e+00 
5.9665e-03     0.0000e+00  0.0000e+00     0.0000e+00  0.0000e+00     0.0000e+00  0.0000e+00     0.0000e+00  0.0000e+00 
6.6945e-03     0.0000e+00  0.0000e+00     0.0000e+00  0.0000e+00     0.0000e+00  0.0000e+00     0.0000e+00  0.0000e+00 
7.5114e-03     1.1589e-03  6.1371e-04     8.7047e-06  4.6098e-06     2.9438e-06  1.5590e-06     2.2112e-08  1.1710e-08 
8.4279e-03     3.0985e-03  1.6320e-03     2.6114e-05  1.3755e-05     8.8313e-06  4.6516e-06     7.4429e-08  3.9203e-08 
9.4563e-03     1.8410e-03  1.7032e-03     1.7409e-05  1.6106e-05     5.8875e-06  5.4469e-06     5.5674e-08  5.1507e-08 
1.0610e-02     1.6408e-03  9.0752e-04     1.7409e-05  9.6289e-06     5.8875e-06  3.2564e-06     6.2467e-08  3.4550e-08 
1.1905e-02     1.4624e-03  7.3146e-04     1.7409e-05  8.7078e-06     5.8875e-06  2.9449e-06     7.0089e-08  3.5058e-08 
1.3357e-02     3.2584e-03  1.3247e-03     4.3523e-05  1.7694e-05     1.4719e-05  5.9838e-06     1.9660e-07  7.9928e-08 
1.4987e-02     2.3232e-03  1.6748e-03     3.4819e-05  2.5100e-05     1.1775e-05  8.4884e-06     1.7647e-07  1.2722e-07 
1.6816e-02     4.1412e-03  1.4030e-03     6.9637e-05  2.3593e-05     2.3550e-05  7.9789e-06     3.9601e-07  1.3417e-07 
1.8868e-02     1.3841e-03  1.4254e-03     2.6114e-05  2.6894e-05     8.8313e-06  9.0951e-06     1.6663e-07  1.7160e-07 
2.1170e-02     2.8783e-03  8.4755e-04     6.0933e-05  1.7943e-05     2.0606e-05  6.0681e-06     4.3623e-07  1.2846e-07 
2.3753e-02     2.1988e-03  1.0309e-03     5.2228e-05  2.4488e-05     1.7663e-05  8.2814e-06     4.1954e-07  1.9671e-07 
2.6651e-02     3.2661e-03  1.1623e-03     8.7047e-05  3.0977e-05     2.9438e-05  1.0476e-05     7.8455e-07  2.7921e-07 
2.9903e-02     3.4931e-03  1.2925e-03     1.0446e-04  3.8649e-05     3.5325e-05  1.3071e-05     1.0563e-06  3.9085e-07 
3.3552e-02     2.8538e-03  7.9326e-04     9.5751e-05  2.6615e-05     3.2381e-05  9.0012e-06     1.0865e-06  3.0201e-07 
3.7646e-02     4.3933e-03  1.3066e-03     1.6539e-04  4.9187e-05     5.5931e-05  1.6635e-05     2.1056e-06  6.2623e-07 
4.2240e-02     5.1520e-03  1.4000e-03     2.1762e-04  5.9136e-05     7.3594e-05  2.0000e-05     3.1086e-06  8.4477e-07 
4.7394e-02     5.6937e-03  1.5559e-03     2.6984e-04  7.3739e-05     9.1257e-05  2.4938e-05     4.3250e-06  1.1819e-06 
5.3176e-02     4.2560e-03  1.6590e-03     2.2632e-04  8.8220e-05     7.6538e-05  2.9835e-05     4.0700e-06  1.5865e-06 
5.9665e-02     5.5439e-03  1.6057e-03     3.3078e-04  9.5803e-05     1.1186e-04  3.2400e-05     6.6743e-06  1.9332e-06 
6.6945e-02     6.1113e-03  1.4438e-03     4.0912e-04  9.6654e-05     1.3836e-04  3.2689e-05     9.2623e-06  2.1884e-06 
7.5114e-02     6.0261e-03  1.5555e-03     4.5264e-04  1.1684e-04     1.5308e-04  3.9515e-05     1.1498e-05  2.9681e-06 
8.4279e-02     7.5397e-03  1.4507e-03     6.3544e-04  1.2226e-04     2.1489e-04  4.1351e-05     1.8111e-05  3.4850e-06 
9.4563e-02     9.1131e-03  1.4599e-03     8.6176e-04  1.3806e-04     2.9143e-04  4.6694e-05     2.7559e-05  4.4155e-06 
1.0610e-01     1.1076e-02  1.0103e-03     1.1751e-03  1.0719e-04     3.9741e-04  3.6264e-05     4.2165e-05  3.8476e-06 
1.1905e-01     1.3235e-02  1.7547e-03     1.5755e-03  2.0890e-04     5.3282e-04  7.0658e-05     6.3431e-05  8.4117e-06 
1.3357e-01     1.6878e-02  8.4456e-04     2.2545e-03  1.1281e-04     7.6243e-04  3.8201e-05     1.0184e-04  5.1027e-06 
1.4987e-01     1.6669e-02  1.2472e-03     2.4982e-03  1.8692e-04     8.4486e-04  6.3251e-05     1.2662e-04  9.4795e-06 
1.6816e-01     1.9878e-02  2.0859e-03     3.3426e-03  3.5076e-04     1.1304e-03  1.1866e-04     1.9009e-04  1.9953e-05 
1.8868e-01     2.0530e-02  1.4931e-03     3.8736e-03  2.8171e-04     1.3100e-03  9.5328e-05     2.4716e-04  1.7986e-05 
2.1170e-01     2.6398e-02  2.6259e-03     5.5884e-03  5.5589e-04     1.8899e-03  1.8806e-04     4.0009e-04  3.9811e-05 
2.3753e-01     3.0307e-02  1.3456e-03     7.1988e-03  3.1962e-04     2.4345e-03  1.0827e-04     5.7827e-04  2.5718e-05 
2.6651e-01     3.2988e-02  3.1528e-03     8.7917e-03  8.4026e-04     2.9732e-03  2.8426e-04     7.9240e-04  7.5760e-05 
2.9903e-01     3.5368e-02  2.3030e-03     1.0576e-02  6.8868e-04     3.5767e-03  2.3308e-04     1.0695e-03  6.9699e-05 
3.3552e-01     4.1354e-02  1.2943e-03     1.3875e-02  4.3427e-04     4.6924e-03  1.4736e-04     1.5744e-03  4.9443e-05 
3.7646e-01     4.4649e-02  8.8905e-04     1.6809e-02  3.3469e-04     5.6844e-03  1.1414e-04     2.1400e-03  4.2968e-05 
4.2240e-01     4.9644e-02  1.6348e-03     2.0970e-02  6.9053e-04     7.0915e-03  2.3424e-04     2.9954e-03  9.8943e-05 
4.7394e-01     5.5523e-02  1.2688e-03     2.6314e-02  6.0133e-04     8.8990e-03  2.0466e-04     4.2175e-03  9.6994e-05 
5.3176e-01     6.0747e-02  1.7531e-03     3.2303e-02  9.3221e-04     1.0924e-02  3.1652e-04     5.8091e-03  1.6831e-04 
5.9665e-01     6.7402e-02  1.3432e-03     4.0216e-02  8.0143e-04     1.3600e-02  2.7330e-04     8.1145e-03  1.6306e-04 
6.6945e-01     7.4869e-02  1.2882e-03     5.0121e-02  8.6238e-04     1.6950e-02  2.9492e-04     1.1347e-02  1.9743e-04 
7.5114e-01     8.3114e-02  1.2824e-03     6.2430e-02  9.6324e-04     2.1113e-02  3.3029e-04     1.5858e-02  2.4810e-04 
8.4279e-01     9.1768e-02  1.0688e-03     7.7341e-02  9.0073e-04     2.6155e-02  3.1203e-04     2.2043e-02  2.6298e-04 
9.4563e-01     1.0242e-01  1.9700e-03     9.6848e-02  1.8629e-03     3.2752e-02  6.3567e-04     3.0971e-02  6.0111e-04 
1.0610e+00     1.1488e-01  2.1499e-03     1.2189e-01  2.2811e-03     4.1221e-02  7.7875e-04     4.3736e-02  8.2626e-04 
1.1905e+00     1.2879e-01  1.2320e-03     1.5332e-01  1.4667e-03     5.1848e-02  5.1381e-04     6.1724e-02  6.1168e-04 
1.3357e+00     1.4398e-01  1.8395e-03     1.9231e-01  2.4570e-03     6.5036e-02  8.4778e-04     8.6871e-02  1.1324e-03 
1.4987e+00     1.6112e-01  1.8036e-03     2.4147e-01  2.7031e-03     8.1660e-02  9.3822e-04     1.2238e-01  1.4061e-03 
1.6816e+00     1.8213e-01  1.6798e-03     3.0626e-01  2.8247e-03     1.0357e-01  9.9210e-04     1.7417e-01  1.6683e-03 
1.8868e+00     2.0578e-01  1.1800e-03     3.8825e-01  2.2263e-03     1.3130e-01  8.2594e-04     2.4773e-01  1.5584e-03 
2.1170e+00     2.3757e-01  1.1356e-03     5.0294e-01  2.4040e-03     1.7008e-01  9.2437e-04     3.6007e-01  1.9569e-03 
2.3753e+00     2.7124e-01  1.7469e-03     6.4428e-01  4.1493e-03     2.1788e-01  1.5121e-03     5.1754e-01  3.5918e-03 
2.6651e+00     3.1611e-01  1.6728e-03     8.4247e-01  4.4583e-03     2.8491e-01  1.6782e-03     7.5932e-01  4.4725e-03 
2.9903e+00     3.6471e-01  1.3972e-03     1.0906e+00  4.1781e-03     3.6882e-01  1.7048e-03     1.1029e+00  5.0979e-03 
3.3552e+00     3.6185e-01  8.9493e-04     1.2141e+00  3.0027e-03     4.1057e-01  1.4693e-03     1.3776e+00  4.9296e-03 
3.7646e+00     2.7096e-01  1.2500e-03     1.0201e+00  4.7059e-03     3.4497e-01  1.8245e-03     1.2987e+00  6.8684e-03 
4.2240e+00     1.6309e-01  7.1294e-04     6.8890e-01  3.0114e-03     2.3298e-01  1.1833e-03     9.8408e-01  4.9982e-03 
4.7394e+00     8.8159e-02  1.0983e-03     4.1782e-01  5.2054e-03     1.4130e-01  1.7979e-03     6.6966e-01  8.5208e-03 
5.3176e+00     4.2056e-02  4.1599e-04     2.2364e-01  2.2121e-03     7.5631e-02  7.7324e-04     4.0218e-01  4.1118e-03 
5.9665e+00     1.7301e-02  2.6786e-04     1.0323e-01  1.5982e-03     3.4910e-02  5.4797e-04     2.0829e-01  3.2695e-03 
6.6945e+00     5.8057e-03  8.9727e-05     3.8866e-02  6.0068e-04     1.3144e-02  2.0596e-04     8.7992e-02  1.3788e-03 
7.5114e+00     1.6502e-03  2.2994e-05     1.2395e-02  1.7271e-04     4.1919e-03  5.9406e-05     3.1487e-02  4.4622e-04 
8.4279e+00     3.5633e-04  2.4397e-05     3.0031e-03  2.0562e-04     1.0156e-03  6.9585e-05     8.5593e-03  5.8646e-04 
9.4563e+00     6.8118e-05  8.1419e-06     6.4415e-04  7.6992e-05     2.1784e-04  2.6043e-05     2.0599e-03  2.4627e-04 
1.0610e+01     4.9225e-06  2.6574e-06     5.2228e-05  2.8196e-05     1.7663e-05  9.5354e-06     1.8740e-04  1.0117e-04 
1.1905e+01     2.1936e-06  8.2475e-06     2.6114e-05  9.8184e-05     8.8313e-06  3.3204e-05     1.0513e-04  3.9528e-04 
1.3357e+01     6.5168e-07  3.5738e-07     8.7047e-06  4.7736e-06     2.9438e-06  1.6144e-06     3.9321e-05  2.1563e-05 
1.4987e+01     0.0000e+00  0.0000e+00     0.0000e+00  0.0000e+00     0.0000e+00  0.0000e+00     0.0000e+00  0.0000e+00 
1.6816e+01     0.0000e+00  0.0000e+00     0.0000e+00  0.0000e+00     0.0000e+00  0.0000e+00     0.0000e+00  0.0000e+00 
1.8868e+01     4.6135e-07  5.2410e-07     8.7047e-06  9.8885e-06     2.9438e-06  3.3441e-06     5.5542e-05  6.3096e-05 
2.1170e+01     8.2236e-07  4.7056e-06     1.7409e-05  9.9617e-05     5.8875e-06  3.3689e-05     1.2464e-04  7.1319e-04 
2.3753e+01     1.0994e-06  6.0193e-07     2.6114e-05  1.4298e-05     8.8313e-06  4.8352e-06     2.0977e-04  1.1485e-04 
2.6651e+01     3.2661e-07  2.3205e-07     8.7047e-06  6.1845e-06     2.9438e-06  2.0915e-06     7.8455e-05  5.5741e-05 
2.9903e+01     5.8219e-07  2.9425e-07     1.7409e-05  8.7990e-06     5.8875e-06  2.9757e-06     1.7606e-04  8.8983e-05 
3.3552e+01     2.5944e-07  3.3625e-07     8.7047e-06  1.1282e-05     2.9438e-06  3.8153e-06     9.8769e-05  1.2801e-04 
3.7646e+01     6.9367e-07  3.4204e-07     2.6114e-05  1.2877e-05     8.8313e-06  4.3547e-06     3.3246e-04  1.6394e-04 
4.2240e+01     2.0608e-07  1.0914e-07     8.7047e-06  4.6098e-06     2.9438e-06  1.5590e-06     1.2434e-04  6.5850e-05 
4.7394e+01     5.5100e-07  3.2754e-07     2.6114e-05  1.5523e-05     8.8313e-06  5.2497e-06     4.1855e-04  2.4880e-04 
5.3176e+01     3.2739e-07  1.8184e-07     1.7409e-05  9.6695e-06     5.8875e-06  3.2701e-06     3.1308e-04  1.7389e-04 
5.9665e+01     2.9178e-07  4.6354e-07     1.7409e-05  2.7657e-05     5.8875e-06  9.3531e-06     3.5128e-04  5.5805e-04 
6.6945e+01     1.3003e-07  1.4004e-07     8.7047e-06  9.3748e-06     2.9438e-06  3.1704e-06     1.9707e-04  2.1224e-04 
7.5114e+01     1.1589e-07  5.3106e-08     8.7047e-06  3.9890e-06     2.9438e-06  1.3490e-06     2.2112e-04  1.0133e-04 
8.4279e+01     3.0985e-07  1.6013e-07     2.6114e-05  1.3496e-05     8.8313e-06  4.5642e-06     7.4429e-04  3.8466e-04 
9.4563e+01     3.6821e-07  1.9564e-07     3.4819e-05  1.8500e-05     1.1775e-05  6.2564e-06     1.1135e-03  5.9163e-04 
1.0610e+02     2.4612e-07  1.4180e-07     2.6114e-05  1.5045e-05     8.8313e-06  5.0880e-06     9.3701e-04  5.3984e-04 
1.1905e+02     2.1936e-07  4.6085e-07     2.6114e-05  5.4863e-05     8.8313e-06  1.8554e-05     1.0513e-03  2.2088e-03 
1.3357e+02     1.3034e-07  1.3933e-07     1.7409e-05  1.8611e-05     5.8875e-06  6.2939e-06     7.8641e-04  8.4070e-04 
1.4987e+02     1.7424e-07  4.0270e-07     2.6114e-05  6.0354e-05     8.8313e-06  2.0411e-05     1.3236e-03  3.0590e-03 
1.6816e+02     1.5529e-07  1.1760e-07     2.6114e-05  1.9775e-05     8.8313e-06  6.6875e-06     1.4851e-03  1.1246e-03 
1.8868e+02     2.3068e-07  1.0787e-07     4.3523e-05  2.0352e-05     1.4719e-05  6.8827e-06     2.7771e-03  1.2986e-03 
2.1170e+02     8.2236e-08  3.0915e-08     1.7409e-05  6.5446e-06     5.8875e-06  2.2133e-06     1.2464e-03  4.6856e-04 
2.3753e+02     7.3293e-08  2.8891e-08     1.7409e-05  6.8625e-06     5.8875e-06  2.3208e-06     1.3985e-03  5.5126e-04 
2.6651e+02     0.0000e+00  0.0000e+00     0.0000e+00  0.0000e+00     0.0000e+00  0.0000e+00     0.0000e+00  0.0000e+00 
2.9903e+02     2.9109e-08  1.3655e-08     8.7047e-06  4.0832e-06     2.9438e-06  1.3809e-06     8.8028e-04  4.1293e-04 
3.3552e+02     2.5944e-08  1.6279e-08     8.7047e-06  5.4621e-06     2.9438e-06  1.8472e-06     9.8769e-04  6.1977e-04 
3.7646e+02     2.3122e-08  9.3359e-08     8.7047e-06  3.5146e-05     2.9438e-06  1.1886e-05     1.1082e-03  4.4745e-03 
4.2240e+02     4.1216e-08  4.8862e-08     1.7409e-05  2.0639e-05     5.8875e-06  6.9798e-06     2.4869e-03  2.9482e-03 
4.7394e+02     3.6734e-08  2.2586e-08     1.7409e-05  1.0704e-05     5.8875e-06  3.6201e-06     2.7903e-03  1.7157e-03 
5.3176e+02     4.9108e-08  1.0960e-07     2.6114e-05  5.8280e-05     8.8313e-06  1.9709e-05     4.6962e-03  1.0481e-02 
5.9665e+02     1.4589e-08  1.7618e-08     8.7047e-06  1.0512e-05     2.9438e-06  3.5550e-06     1.7564e-03  2.1211e-03 
6.6945e+02     1.3003e-08  5.2500e-08     8.7047e-06  3.5146e-05     2.9438e-06  1.1886e-05     1.9707e-03  7.9569e-03 
7.5114e+02     1.1589e-08  6.3551e-09     8.7047e-06  4.7736e-06     2.9438e-06  1.6144e-06     2.2112e-03  1.2126e-03 
8.4279e+02     2.0657e-08  3.0112e-08     1.7409e-05  2.5378e-05     5.8875e-06  8.5823e-06     4.9619e-03  7.2331e-03 
9.4563e+02     0.0000e+00  0.0000e+00     0.0000e+00  0.0000e+00     0.0000e+00  0.0000e+00     0.0000e+00  0.0000e+00 
1.0610e+03     0.0000e+00  0.0000e+00     0.0000e+00  0.0000e+00     0.0000e+00  0.0000e+00     0.0000e+00  0.0000e+00 
1.1905e+03     0.0000e+00  0.0000e+00     0.0000e+00  0.0000e+00     0.0000e+00  0.0000e+00     0.0000e+00  0.0000e+00 
1.3357e+03     0.0000e+00  0.0000e+00     0.0000e+00  0.0000e+00     0.0000e+00  0.0000e+00     0.0000e+00  0.0000e+00 
1.4987e+03     0.0000e+00  0.0000e+00     0.0000e+00  0.0000e+00     0.0000e+00  0.0000e+00     0.0000e+00  0.0000e+00 
1.6816e+03     0.0000e+00  0.0000e+00     0.0000e+00  0.0000e+00     0.0000e+00  0.0000e+00     0.0000e+00  0.0000e+00 
1.8868e+03     0.0000e+00  0.0000e+00     0.0000e+00  0.0000e+00     0.0000e+00  0.0000e+00     0.0000e+00  0.0000e+00 
2.1170e+03     0.0000e+00  0.0000e+00     0.0000e+00  0.0000e+00     0.0000e+00  0.0000e+00     0.0000e+00  0.0000e+00 
2.3753e+03     0.0000e+00  0.0000e+00     0.0000e+00  0.0000e+00     0.0000e+00  0.0000e+00     0.0000e+00  0.0000e+00 
2.6651e+03     0.0000e+00  0.0000e+00     0.0000e+00  0.0000e+00     0.0000e+00  0.0000e+00     0.0000e+00  0.0000e+00 
2.9903e+03     0.0000e+00  0.0000e+00     0.0000e+00  0.0000e+00     0.0000e+00  0.0000e+00     0.0000e+00  0.0000e+00 
3.3552e+03     0.0000e+00  0.0000e+00     0.0000e+00  0.0000e+00     0.0000e+00  0.0000e+00     0.0000e+00  0.0000e+00 
3.7646e+03     0.0000e+00  0.0000e+00     0.0000e+00  0.0000e+00     0.0000e+00  0.0000e+00     0.0000e+00  0.0000e+00 
4.2240e+03     0.0000e+00  0.0000e+00     0.0000e+00  0.0000e+00     0.0000e+00  0.0000e+00     0.0000e+00  0.0000e+00 
4.7394e+03     0.0000e+00  0.0000e+00     0.0000e+00  0.0000e+00     0.0000e+00  0.0000e+00     0.0000e+00  0.0000e+00 
5.3176e+03     0.0000e+00  0.0000e+00     0.0000e+00  0.0000e+00     0.0000e+00  0.0000e+00     0.0000e+00  0.0000e+00 
5.9665e+03     0.0000e+00  0.0000e+00     0.0000e+00  0.0000e+00     0.0000e+00  0.0000e+00     0.0000e+00  0.0000e+00 
6.6945e+03     0.0000e+00  0.0000e+00     0.0000e+00  0.0000e+00     0.0000e+00  0.0000e+00     0.0000e+00  0.0000e+00 
7.5114e+03     0.0000e+00  0.0000e+00     0.0000e+00  0.0000e+00     0.0000e+00  0.0000e+00     0.0000e+00  0.0000e+00 
8.4279e+03     0.0000e+00  0.0000e+00     0.0000e+00  0.0000e+00     0.0000e+00  0.0000e+00     0.0000e+00  0.0000e+00 
9.4563e+03     0.0000e+00  0.0000e+00     0.0000e+00  0.0000e+00     0.0000e+00  0.0000e+00     0.0000e+00  0.0000e+00 
