yF = 2.4201e+00 (std: 4.7271e-03) keV/um
yD = 5.4892e+00 (std: 7.1567e-01) keV/um
y (keV/um)     f(y)(std)                  yf(y)(std)                 d(y)(std)                  yd(y)(std)  
1.0610e-03     0.0000e+00  0.0000e+00     0.0000e+00  0.0000e+00     0.0000e+00  0.0000e+00     0.0000e+00  0.0000e+00 
1.1905e-03     0.0000e+00  0.0000e+00     0.0000e+00  0.0000e+00     0.0000e+00  0.0000e+00     0.0000e+00  0.0000e+00 
1.3357e-03     0.0000e+00  0.0000e+00     0.0000e+00  0.0000e+00     0.0000e+00  0.0000e+00     0.0000e+00  0.0000e+00 
1.4987e-03     5.8079e-03  5.7242e-03     8.7043e-06  8.5790e-06     3.5966e-06  3.5449e-06     5.3903e-09  5.3127e-09 
1.6816e-03     0.0000e+00  0.0000e+00     0.0000e+00  0.0000e+00     0.0000e+00  0.0000e+00     0.0000e+00  0.0000e+00 
1.8868e-03     0.0000e+00  0.0000e+00     0.0000e+00  0.0000e+00     0.0000e+00  0.0000e+00     0.0000e+00  0.0000e+00 
2.1170e-03     0.0000e+00  0.0000e+00     0.0000e+00  0.0000e+00     0.0000e+00  0.0000e+00     0.0000e+00  0.0000e+00 
2.3753e-03     0.0000e+00  0.0000e+00     0.0000e+00  0.0000e+00     0.0000e+00  0.0000e+00     0.0000e+00  0.0000e+00 
2.6651e-03     0.0000e+00  0.0000e+00     0.0000e+00  0.0000e+00     0.0000e+00  0.0000e+00     0.0000e+00  0.0000e+00 
2.9903e-03     2.9108e-03  5.8217e-04     8.7043e-06  1.7409e-06     3.5966e-06  7.1937e-07     1.0755e-08  2.1512e-09 
3.3552e-03     0.0000e+00  0.0000e+00     0.0000e+00  0.0000e+00     0.0000e+00  0.0000e+00     0.0000e+00  0.0000e+00 
3.7646e-03     0.0000e+00  0.0000e+00     0.0000e+00  0.0000e+00     0.0000e+00  0.0000e+00     0.0000e+00  0.0000e+00 
4.2240e-03     4.1214e-03  1.1950e-03     1.7409e-05  5.0476e-06     7.1933e-06  2.0857e-06     3.0384e-08  8.8099e-09 
4.7394e-03     0.0000e+00  0.0000e+00     0.0000e+00  0.0000e+00     0.0000e+00  0.0000e+00     0.0000e+00  0.0000e+00 
5.3176e-03     0.0000e+00  0.0000e+00     0.0000e+00  0.0000e+00     0.0000e+00  0.0000e+00     0.0000e+00  0.0000e+00 
5.9665e-03     0.0000e+00  0.0000e+00     0.0000e+00  0.0000e+00     0.0000e+00  0.0000e+00     0.0000e+00  0.0000e+00 
6.6945e-03     1.3002e-03  8.5926e-04     8.7043e-06  5.7524e-06     3.5966e-06  2.3769e-06     2.4078e-08  1.5912e-08 
7.5114e-03     4.6353e-03  2.6411e-03     3.4817e-05  1.9838e-05     1.4387e-05  8.1972e-06     1.0806e-07  6.1572e-08 
8.4279e-03     0.0000e+00  0.0000e+00     0.0000e+00  0.0000e+00     0.0000e+00  0.0000e+00     0.0000e+00  0.0000e+00 
9.4563e-03     2.7615e-03  1.7307e-03     2.6113e-05  1.6366e-05     1.0790e-05  6.7625e-06     1.0203e-07  6.3948e-08 
1.0610e-02     1.6408e-03  1.0763e-03     1.7409e-05  1.1419e-05     7.1933e-06  4.7184e-06     7.6321e-08  5.0063e-08 
1.1905e-02     2.1935e-03  1.0989e-03     2.6113e-05  1.3083e-05     1.0790e-05  5.4058e-06     1.2845e-07  6.4355e-08 
1.3357e-02     5.2132e-03  1.8621e-03     6.9635e-05  2.4873e-05     2.8773e-05  1.0278e-05     3.8433e-07  1.3728e-07 
1.4987e-02     4.6463e-03  2.1458e-03     6.9635e-05  3.2160e-05     2.8773e-05  1.3289e-05     4.3123e-07  1.9916e-07 
1.6816e-02     3.6234e-03  1.9108e-03     6.0930e-05  3.2131e-05     2.5177e-05  1.3277e-05     4.2336e-07  2.2326e-07 
1.8868e-02     9.2267e-04  4.5644e-04     1.7409e-05  8.6120e-06     7.1933e-06  3.5585e-06     1.3572e-07  6.7142e-08 
2.1170e-02     3.2893e-03  1.4989e-03     6.9635e-05  3.1731e-05     2.8773e-05  1.3111e-05     6.0913e-07  2.7757e-07 
2.3753e-02     4.7639e-03  1.1518e-03     1.1316e-04  2.7360e-05     4.6756e-05  1.1305e-05     1.1106e-06  2.6854e-07 
2.6651e-02     4.2458e-03  1.6606e-03     1.1316e-04  4.4256e-05     4.6756e-05  1.8287e-05     1.2461e-06  4.8738e-07 
2.9903e-02     4.3662e-03  2.0125e-03     1.3056e-04  6.0180e-05     5.3950e-05  2.4867e-05     1.6133e-06  7.4359e-07 
3.3552e-02     4.4103e-03  2.5489e-03     1.4797e-04  8.5522e-05     6.1143e-05  3.5338e-05     2.0515e-06  1.1857e-06 
3.7646e-02     4.8555e-03  1.6133e-03     1.8279e-04  6.0733e-05     7.5530e-05  2.5095e-05     2.8434e-06  9.4474e-07 
4.2240e-02     4.9457e-03  1.7903e-03     2.0890e-04  7.5621e-05     8.6320e-05  3.1247e-05     3.6461e-06  1.3199e-06 
4.7394e-02     6.4281e-03  1.9634e-03     3.0465e-04  9.3055e-05     1.2588e-04  3.8451e-05     5.9660e-06  1.8223e-06 
5.3176e-02     5.7291e-03  2.9349e-03     3.0465e-04  1.5607e-04     1.2588e-04  6.4488e-05     6.6940e-06  3.4293e-06 
5.9665e-02     8.3155e-03  2.1892e-03     4.9615e-04  1.3062e-04     2.0501e-04  5.3973e-05     1.2232e-05  3.2203e-06 
6.6945e-02     1.1052e-02  1.9001e-03     7.3987e-04  1.2720e-04     3.0571e-04  5.2563e-05     2.0466e-05  3.5188e-06 
7.5114e-02     1.0429e-02  1.6011e-03     7.8339e-04  1.2027e-04     3.2370e-04  4.9699e-05     2.4314e-05  3.7331e-06 
8.4279e-02     1.2187e-02  2.2476e-03     1.0271e-03  1.8943e-04     4.2440e-04  7.8276e-05     3.5768e-05  6.5970e-06 
9.4563e-02     1.8226e-02  4.1326e-03     1.7235e-03  3.9079e-04     7.1214e-04  1.6148e-04     6.7341e-05  1.5270e-05 
1.0610e-01     2.0428e-02  2.2558e-03     2.1674e-03  2.3935e-04     8.9556e-04  9.8914e-05     9.5020e-05  1.0495e-05 
1.1905e-01     2.1350e-02  2.1720e-03     2.5417e-03  2.5857e-04     1.0502e-03  1.0686e-04     1.2503e-04  1.2721e-05 
1.3357e-01     2.6978e-02  3.4891e-03     3.6036e-03  4.6606e-04     1.4890e-03  1.9260e-04     1.9889e-04  2.5726e-05 
1.4987e-01     2.6948e-02  1.9424e-03     4.0388e-03  2.9111e-04     1.6688e-03  1.2033e-04     2.5011e-04  1.8034e-05 
1.6816e-01     3.2248e-02  1.4990e-03     5.4228e-03  2.5207e-04     2.2407e-03  1.0425e-04     3.7679e-04  1.7530e-05 
1.8868e-01     3.3724e-02  5.1389e-03     6.3629e-03  9.6959e-04     2.6291e-03  4.0067e-04     4.9606e-04  7.5597e-05 
2.1170e-01     3.7868e-02  1.8068e-03     8.0167e-03  3.8250e-04     3.3125e-03  1.5818e-04     7.0126e-04  3.3487e-05 
2.3753e-01     4.6649e-02  2.0628e-03     1.1081e-02  4.8999e-04     4.5785e-03  2.0266e-04     1.0875e-03  4.8138e-05 
2.6651e-01     5.1439e-02  1.3421e-03     1.3709e-02  3.5769e-04     5.6647e-03  1.4821e-04     1.5097e-03  3.9500e-05 
2.9903e-01     5.4025e-02  2.0757e-03     1.6155e-02  6.2070e-04     6.6754e-03  2.5680e-04     1.9962e-03  7.6793e-05 
3.3552e-01     6.1355e-02  3.7771e-03     2.0586e-02  1.2673e-03     8.5061e-03  5.2391e-04     2.8540e-03  1.7578e-04 
3.7646e-01     6.8463e-02  2.5463e-03     2.5774e-02  9.5858e-04     1.0650e-02  3.9663e-04     4.0092e-03  1.4932e-04 
4.2240e-01     7.4742e-02  2.2004e-03     3.1571e-02  9.2946e-04     1.3045e-02  3.8490e-04     5.5102e-03  1.6258e-04 
4.7394e-01     8.3455e-02  9.9592e-04     3.9552e-02  4.7200e-04     1.6343e-02  1.9763e-04     7.7456e-03  9.3663e-05 
5.3176e-01     9.2795e-02  1.0835e-03     4.9345e-02  5.7615e-04     2.0389e-02  2.4138e-04     1.0842e-02  1.2836e-04 
5.9665e-01     1.0126e-01  2.4969e-03     6.0417e-02  1.4898e-03     2.4964e-02  6.1751e-04     1.4895e-02  3.6843e-04 
6.6945e-01     1.1287e-01  2.5476e-03     7.5562e-02  1.7055e-03     3.1222e-02  7.0734e-04     2.0902e-02  4.7353e-04 
7.5114e-01     1.2260e-01  1.5030e-03     9.2092e-02  1.1289e-03     3.8053e-02  4.7236e-04     2.8583e-02  3.5481e-04 
8.4279e-01     1.3933e-01  1.4334e-03     1.1743e-01  1.2081e-03     4.8522e-02  5.0810e-04     4.0894e-02  4.2822e-04 
9.4563e-01     1.5545e-01  2.3127e-03     1.4700e-01  2.1870e-03     6.0740e-02  9.1141e-04     5.7437e-02  8.6185e-04 
1.0610e+00     1.7447e-01  1.9271e-03     1.8511e-01  2.0446e-03     7.6490e-02  8.5796e-04     8.1156e-02  9.1030e-04 
1.1905e+00     1.9464e-01  9.8118e-04     2.3171e-01  1.1681e-03     9.5743e-02  5.1761e-04     1.1398e-01  6.1620e-04 
1.3357e+00     2.1869e-01  2.2617e-03     2.9212e-01  3.0211e-03     1.2070e-01  1.2704e-03     1.6123e-01  1.6969e-03 
1.4987e+00     2.5074e-01  2.6603e-03     3.7579e-01  3.9871e-03     1.5528e-01  1.6751e-03     2.3272e-01  2.5106e-03 
1.6816e+00     2.8603e-01  8.7634e-04     4.8098e-01  1.4736e-03     1.9874e-01  7.2213e-04     3.3420e-01  1.2143e-03 
1.8868e+00     3.2544e-01  1.1113e-03     6.1403e-01  2.0968e-03     2.5372e-01  9.9812e-04     4.7871e-01  1.8832e-03 
2.1170e+00     3.7987e-01  2.6939e-03     8.0418e-01  5.7029e-03     3.3229e-01  2.4442e-03     7.0346e-01  5.1744e-03 
2.3753e+00     4.3969e-01  1.3911e-03     1.0444e+00  3.3043e-03     4.3155e-01  1.6046e-03     1.0251e+00  3.8114e-03 
2.6651e+00     4.4678e-01  1.0308e-03     1.1907e+00  2.7473e-03     4.9201e-01  1.4874e-03     1.3113e+00  3.9640e-03 
2.9903e+00     3.4338e-01  1.1699e-03     1.0268e+00  3.4985e-03     4.2428e-01  1.6663e-03     1.2687e+00  4.9827e-03 
3.3552e+00     2.1473e-01  8.8255e-04     7.2047e-01  2.9611e-03     2.9770e-01  1.3547e-03     9.9885e-01  4.5453e-03 
3.7646e+00     1.2198e-01  4.3200e-04     4.5921e-01  1.6263e-03     1.8975e-01  7.6743e-04     7.1433e-01  2.8891e-03 
4.2240e+00     6.4521e-02  8.2452e-04     2.7253e-01  3.4827e-03     1.1261e-01  1.4558e-03     4.7566e-01  6.1492e-03 
4.7394e+00     3.1527e-02  5.1323e-04     1.4942e-01  2.4324e-03     6.1740e-02  1.0123e-03     2.9261e-01  4.7976e-03 
5.3176e+00     1.3149e-02  1.8989e-04     6.9922e-02  1.0098e-03     2.8892e-02  4.2104e-04     1.5364e-01  2.2389e-03 
5.9665e+00     4.4598e-03  2.1329e-04     2.6609e-02  1.2726e-03     1.0995e-02  5.2627e-04     6.5601e-02  3.1400e-03 
6.6945e+00     1.3275e-03  1.0143e-04     8.8871e-03  6.7901e-04     3.6722e-03  2.8066e-04     2.4583e-02  1.8789e-03 
7.5114e+00     2.9782e-04  2.2072e-05     2.2370e-03  1.6579e-04     9.2434e-04  6.8528e-05     6.9430e-03  5.1474e-04 
8.4279e+00     5.5771e-05  1.2019e-05     4.7003e-04  1.0130e-04     1.9422e-04  4.1858e-05     1.6369e-03  3.5277e-04 
9.4563e+00     1.1046e-05  9.6645e-06     1.0445e-04  9.1390e-05     4.3160e-05  3.7763e-05     4.0813e-04  3.5709e-04 
1.0610e+01     8.2038e-07  2.7966e-06     8.7043e-06  2.9672e-05     3.5966e-06  1.2260e-05     3.8161e-05  1.3008e-04 
1.1905e+01     1.4623e-06  8.8744e-07     1.7409e-05  1.0565e-05     7.1933e-06  4.3654e-06     8.5634e-05  5.1969e-05 
1.3357e+01     6.5165e-07  4.5218e-07     8.7043e-06  6.0399e-06     3.5966e-06  2.4957e-06     4.8042e-05  3.3336e-05 
1.4987e+01     1.1616e-06  7.2222e-07     1.7409e-05  1.0824e-05     7.1933e-06  4.4725e-06     1.0781e-04  6.7030e-05 
1.6816e+01     0.0000e+00  0.0000e+00     0.0000e+00  0.0000e+00     0.0000e+00  0.0000e+00     0.0000e+00  0.0000e+00 
1.8868e+01     2.3067e-06  2.8396e-06     4.3522e-05  5.3578e-05     1.7983e-05  2.2138e-05     3.3930e-04  4.1770e-04 
2.1170e+01     8.2233e-07  2.4943e-07     1.7409e-05  5.2805e-06     7.1933e-06  2.1820e-06     1.5228e-04  4.6192e-05 
2.3753e+01     0.0000e+00  0.0000e+00     0.0000e+00  0.0000e+00     0.0000e+00  0.0000e+00     0.0000e+00  0.0000e+00 
2.6651e+01     6.5320e-07  2.3325e-07     1.7409e-05  6.2163e-06     7.1933e-06  2.5686e-06     1.9171e-04  6.8458e-05 
2.9903e+01     2.9108e-07  1.1272e-07     8.7043e-06  3.3707e-06     3.5966e-06  1.3928e-06     1.0755e-04  4.1649e-05 
3.3552e+01     5.1885e-07  2.7426e-07     1.7409e-05  9.2019e-06     7.1933e-06  3.8023e-06     2.4135e-04  1.2757e-04 
3.7646e+01     1.1561e-06  5.2575e-07     4.3522e-05  1.9792e-05     1.7983e-05  8.1784e-06     6.7700e-04  3.0788e-04 
4.2240e+01     4.1214e-07  9.8570e-07     1.7409e-05  4.1635e-05     7.1933e-06  1.7204e-05     3.0384e-04  7.2668e-04 
4.7394e+01     0.0000e+00  0.0000e+00     0.0000e+00  0.0000e+00     0.0000e+00  0.0000e+00     0.0000e+00  0.0000e+00 
5.3176e+01     0.0000e+00  0.0000e+00     0.0000e+00  0.0000e+00     0.0000e+00  0.0000e+00     0.0000e+00  0.0000e+00 
5.9665e+01     1.4589e-07  2.3902e-07     8.7043e-06  1.4261e-05     3.5966e-06  5.8926e-06     2.1459e-04  3.5158e-04 
6.6945e+01     1.3002e-07  1.4771e-07     8.7043e-06  9.8885e-06     3.5966e-06  4.0860e-06     2.4078e-04  2.7354e-04 
7.5114e+01     2.3176e-07  1.5140e-07     1.7409e-05  1.1372e-05     7.1933e-06  4.6991e-06     5.4031e-04  3.5297e-04 
8.4279e+01     2.0656e-07  2.1203e-07     1.7409e-05  1.7870e-05     7.1933e-06  7.3839e-06     6.0624e-04  6.2231e-04 
9.4563e+01     1.8410e-07  3.0323e-08     1.7409e-05  2.8674e-06     7.1933e-06  1.1849e-06     6.8022e-04  1.1205e-04 
1.0610e+02     3.2815e-07  1.6997e-07     3.4817e-05  1.8034e-05     1.4387e-05  7.4517e-06     1.5264e-03  7.9063e-04 
1.1905e+02     0.0000e+00  0.0000e+00     0.0000e+00  0.0000e+00     0.0000e+00  0.0000e+00     0.0000e+00  0.0000e+00 
1.3357e+02     2.6066e-07  7.1317e-07     3.4817e-05  9.5260e-05     1.4387e-05  3.9362e-05     1.9217e-03  5.2577e-03 
1.4987e+02     2.3231e-07  8.5489e-08     3.4817e-05  1.2812e-05     1.4387e-05  5.2941e-06     2.1561e-03  7.9344e-04 
1.6816e+02     5.1763e-08  2.1340e-08     8.7043e-06  3.5885e-06     3.5966e-06  1.4828e-06     6.0481e-04  2.4934e-04 
1.8868e+02     2.3067e-07  1.0647e-07     4.3522e-05  2.0088e-05     1.7983e-05  8.3004e-06     3.3930e-03  1.5661e-03 
2.1170e+02     1.2335e-07  6.8579e-08     2.6113e-05  1.4518e-05     1.0790e-05  5.9990e-06     2.2842e-03  1.2700e-03 
2.3753e+02     3.6645e-08  2.0434e-08     8.7043e-06  4.8537e-06     3.5966e-06  2.0056e-06     8.5431e-04  4.7638e-04 
2.6651e+02     3.2660e-08  1.4606e-08     8.7043e-06  3.8927e-06     3.5966e-06  1.6085e-06     9.5855e-04  4.2868e-04 
2.9903e+02     2.9108e-08  2.3849e-08     8.7043e-06  7.1316e-06     3.5966e-06  2.9468e-06     1.0755e-03  8.8119e-04 
3.3552e+02     5.1885e-08  2.9409e-08     1.7409e-05  9.8674e-06     7.1933e-06  4.0773e-06     2.4135e-03  1.3680e-03 
3.7646e+02     0.0000e+00  0.0000e+00     0.0000e+00  0.0000e+00     0.0000e+00  0.0000e+00     0.0000e+00  0.0000e+00 
4.2240e+02     2.0607e-08  1.4129e-08     8.7043e-06  5.9680e-06     3.5966e-06  2.4660e-06     1.5192e-03  1.0416e-03 
4.7394e+02     1.8366e-08  1.4679e-08     8.7043e-06  6.9567e-06     3.5966e-06  2.8745e-06     1.7046e-03  1.3623e-03 
5.3176e+02     3.2738e-08  1.3764e-08     1.7409e-05  7.3192e-06     7.1933e-06  3.0244e-06     3.8251e-03  1.6082e-03 
5.9665e+02     1.4589e-08  8.0006e-09     8.7043e-06  4.7736e-06     3.5966e-06  1.9725e-06     2.1459e-03  1.1769e-03 
6.6945e+02     3.9007e-08  2.7523e-08     2.6113e-05  1.8425e-05     1.0790e-05  7.6134e-06     7.2233e-03  5.0968e-03 
7.5114e+02     2.3176e-08  2.1202e-08     1.7409e-05  1.5925e-05     7.1933e-06  6.5804e-06     5.4031e-03  4.9428e-03 
8.4279e+02     1.0328e-08  9.4769e-09     8.7043e-06  7.9870e-06     3.5966e-06  3.3003e-06     3.0312e-03  2.7814e-03 
9.4563e+02     9.2048e-09  6.3872e-09     8.7043e-06  6.0399e-06     3.5966e-06  2.4957e-06     3.4011e-03  2.3600e-03 
1.0610e+03     0.0000e+00  0.0000e+00     0.0000e+00  0.0000e+00     0.0000e+00  0.0000e+00     0.0000e+00  0.0000e+00 
1.1905e+03     0.0000e+00  0.0000e+00     0.0000e+00  0.0000e+00     0.0000e+00  0.0000e+00     0.0000e+00  0.0000e+00 
1.3357e+03     0.0000e+00  0.0000e+00     0.0000e+00  0.0000e+00     0.0000e+00  0.0000e+00     0.0000e+00  0.0000e+00 
1.4987e+03     0.0000e+00  0.0000e+00     0.0000e+00  0.0000e+00     0.0000e+00  0.0000e+00     0.0000e+00  0.0000e+00 
1.6816e+03     0.0000e+00  0.0000e+00     0.0000e+00  0.0000e+00     0.0000e+00  0.0000e+00     0.0000e+00  0.0000e+00 
1.8868e+03     0.0000e+00  0.0000e+00     0.0000e+00  0.0000e+00     0.0000e+00  0.0000e+00     0.0000e+00  0.0000e+00 
2.1170e+03     0.0000e+00  0.0000e+00     0.0000e+00  0.0000e+00     0.0000e+00  0.0000e+00     0.0000e+00  0.0000e+00 
2.3753e+03     0.0000e+00  0.0000e+00     0.0000e+00  0.0000e+00     0.0000e+00  0.0000e+00     0.0000e+00  0.0000e+00 
2.6651e+03     0.0000e+00  0.0000e+00     0.0000e+00  0.0000e+00     0.0000e+00  0.0000e+00     0.0000e+00  0.0000e+00 
2.9903e+03     0.0000e+00  0.0000e+00     0.0000e+00  0.0000e+00     0.0000e+00  0.0000e+00     0.0000e+00  0.0000e+00 
3.3552e+03     0.0000e+00  0.0000e+00     0.0000e+00  0.0000e+00     0.0000e+00  0.0000e+00     0.0000e+00  0.0000e+00 
3.7646e+03     0.0000e+00  0.0000e+00     0.0000e+00  0.0000e+00     0.0000e+00  0.0000e+00     0.0000e+00  0.0000e+00 
4.2240e+03     0.0000e+00  0.0000e+00     0.0000e+00  0.0000e+00     0.0000e+00  0.0000e+00     0.0000e+00  0.0000e+00 
4.7394e+03     0.0000e+00  0.0000e+00     0.0000e+00  0.0000e+00     0.0000e+00  0.0000e+00     0.0000e+00  0.0000e+00 
5.3176e+03     0.0000e+00  0.0000e+00     0.0000e+00  0.0000e+00     0.0000e+00  0.0000e+00     0.0000e+00  0.0000e+00 
5.9665e+03     0.0000e+00  0.0000e+00     0.0000e+00  0.0000e+00     0.0000e+00  0.0000e+00     0.0000e+00  0.0000e+00 
6.6945e+03     0.0000e+00  0.0000e+00     0.0000e+00  0.0000e+00     0.0000e+00  0.0000e+00     0.0000e+00  0.0000e+00 
7.5114e+03     0.0000e+00  0.0000e+00     0.0000e+00  0.0000e+00     0.0000e+00  0.0000e+00     0.0000e+00  0.0000e+00 
8.4279e+03     0.0000e+00  0.0000e+00     0.0000e+00  0.0000e+00     0.0000e+00  0.0000e+00     0.0000e+00  0.0000e+00 
9.4563e+03     0.0000e+00  0.0000e+00     0.0000e+00  0.0000e+00     0.0000e+00  0.0000e+00     0.0000e+00  0.0000e+00 
