yF = 2.6535e+00 (std: 5.0540e-03) keV/um
yD = 5.6220e+00 (std: 7.0623e-01) keV/um
y (keV/um)     f(y)(std)                  yf(y)(std)                 d(y)(std)                  yd(y)(std)  
1.0610e-03     0.0000e+00  0.0000e+00     0.0000e+00  0.0000e+00     0.0000e+00  0.0000e+00     0.0000e+00  0.0000e+00 
1.1905e-03     0.0000e+00  0.0000e+00     0.0000e+00  0.0000e+00     0.0000e+00  0.0000e+00     0.0000e+00  0.0000e+00 
1.3357e-03     0.0000e+00  0.0000e+00     0.0000e+00  0.0000e+00     0.0000e+00  0.0000e+00     0.0000e+00  0.0000e+00 
1.4987e-03     0.0000e+00  0.0000e+00     0.0000e+00  0.0000e+00     0.0000e+00  0.0000e+00     0.0000e+00  0.0000e+00 
1.6816e-03     0.0000e+00  0.0000e+00     0.0000e+00  0.0000e+00     0.0000e+00  0.0000e+00     0.0000e+00  0.0000e+00 
1.8868e-03     4.6135e-03  1.5299e-03     8.7046e-06  2.8865e-06     3.2804e-06  1.0878e-06     6.1894e-09  2.0525e-09 
2.1170e-03     0.0000e+00  0.0000e+00     0.0000e+00  0.0000e+00     0.0000e+00  0.0000e+00     0.0000e+00  0.0000e+00 
2.3753e-03     1.0994e-02  6.1186e-03     2.6114e-05  1.4533e-05     9.8413e-06  5.4772e-06     2.3376e-08  1.3010e-08 
2.6651e-03     3.2661e-03  3.0471e-03     8.7046e-06  8.1209e-06     3.2804e-06  3.0605e-06     8.7428e-09  8.1565e-09 
2.9903e-03     2.9109e-03  5.4116e-03     8.7046e-06  1.6182e-05     3.2804e-06  6.0985e-06     9.8096e-09  1.8237e-08 
3.3552e-03     0.0000e+00  0.0000e+00     0.0000e+00  0.0000e+00     0.0000e+00  0.0000e+00     0.0000e+00  0.0000e+00 
3.7646e-03     2.3122e-03  1.7827e-03     8.7046e-06  6.7112e-06     3.2804e-06  2.5292e-06     1.2350e-08  9.5214e-09 
4.2240e-03     0.0000e+00  0.0000e+00     0.0000e+00  0.0000e+00     0.0000e+00  0.0000e+00     0.0000e+00  0.0000e+00 
4.7394e-03     1.8367e-03  9.2119e-03     8.7046e-06  4.3658e-05     3.2804e-06  1.6453e-05     1.5547e-08  7.7978e-08 
5.3176e-03     4.9108e-03  2.5821e-03     2.6114e-05  1.3731e-05     9.8413e-06  5.1746e-06     5.2332e-08  2.7517e-08 
5.9665e-03     1.4589e-03  3.8596e-04     8.7046e-06  2.3028e-06     3.2804e-06  8.6786e-07     1.9573e-08  5.1781e-09 
6.6945e-03     1.3003e-03  1.0025e-03     8.7046e-06  6.7112e-06     3.2804e-06  2.5292e-06     2.1961e-08  1.6932e-08 
7.5114e-03     2.3177e-03  2.0637e-03     1.7409e-05  1.5501e-05     6.5609e-06  5.8419e-06     4.9281e-08  4.3880e-08 
8.4279e-03     0.0000e+00  0.0000e+00     0.0000e+00  0.0000e+00     0.0000e+00  0.0000e+00     0.0000e+00  0.0000e+00 
9.4563e-03     2.7615e-03  6.1226e-03     2.6114e-05  5.7897e-05     9.8413e-06  2.1819e-05     9.3062e-08  2.0633e-07 
1.0610e-02     1.6408e-03  7.9415e-04     1.7409e-05  8.4260e-06     6.5609e-06  3.1755e-06     6.9611e-08  3.3692e-08 
1.1905e-02     1.4624e-03  9.9590e-04     1.7409e-05  1.1856e-05     6.5609e-06  4.4681e-06     7.8105e-08  5.3191e-08 
1.3357e-02     2.6067e-03  9.9802e-04     3.4818e-05  1.3331e-05     1.3122e-05  5.0240e-06     1.7527e-07  6.7107e-08 
1.4987e-02     2.9040e-03  5.5888e-03     4.3523e-05  8.3760e-05     1.6402e-05  3.1566e-05     2.4582e-07  4.7308e-07 
1.6816e-02     3.1058e-03  1.6654e-03     5.2228e-05  2.8005e-05     1.9683e-05  1.0554e-05     3.3098e-07  1.7748e-07 
1.8868e-02     4.6135e-03  4.8666e-03     8.7046e-05  9.1822e-05     3.2804e-05  3.4604e-05     6.1894e-07  6.5290e-07 
2.1170e-02     4.5229e-03  2.1613e-03     9.5750e-05  4.5754e-05     3.6085e-05  1.7243e-05     7.6391e-07  3.6503e-07 
2.3753e-02     2.5652e-03  1.1137e-03     6.0932e-05  2.6454e-05     2.2963e-05  9.9696e-06     5.4544e-07  2.3681e-07 
2.6651e-02     3.9193e-03  1.1595e-03     1.0446e-04  3.0902e-05     3.9365e-05  1.1646e-05     1.0491e-06  3.1039e-07 
2.9903e-02     5.5307e-03  1.8716e-03     1.6539e-04  5.5968e-05     6.2328e-05  2.1093e-05     1.8638e-06  6.3074e-07 
3.3552e-02     2.5944e-03  9.3602e-04     8.7046e-05  3.1405e-05     3.2804e-05  1.1836e-05     1.1007e-06  3.9711e-07 
3.7646e-02     5.3181e-03  1.4122e-03     2.0021e-04  5.3163e-05     7.5450e-05  2.0036e-05     2.8404e-06  7.5426e-07 
4.2240e-02     6.3884e-03  2.8120e-03     2.6984e-04  1.1878e-04     1.0169e-04  4.4764e-05     4.2955e-06  1.8908e-06 
4.7394e-02     3.8570e-03  1.0189e-03     1.8280e-04  4.8290e-05     6.8889e-05  1.8199e-05     3.2649e-06  8.6252e-07 
5.3176e-02     5.0745e-03  1.1760e-03     2.6984e-04  6.2537e-05     1.0169e-04  2.3568e-05     5.4077e-06  1.2533e-06 
5.9665e-02     7.1487e-03  9.7878e-04     4.2652e-04  5.8399e-05     1.6074e-04  2.2010e-05     9.5906e-06  1.3133e-06 
6.6945e-02     7.4115e-03  1.1849e-03     4.9616e-04  7.9325e-05     1.8698e-04  2.9897e-05     1.2518e-05  2.0014e-06 
7.5114e-02     8.2279e-03  3.3944e-03     6.1803e-04  2.5497e-04     2.3291e-04  9.6089e-05     1.7495e-05  7.2176e-06 
8.4279e-02     1.1361e-02  2.0271e-03     9.5750e-04  1.7085e-04     3.6085e-04  6.4389e-05     3.0412e-05  5.4266e-06 
9.4563e-02     1.1783e-02  1.1925e-03     1.1142e-03  1.1277e-04     4.1989e-04  4.2506e-05     3.9706e-05  4.0195e-06 
1.0610e-01     1.4767e-02  1.5621e-03     1.5668e-03  1.6574e-04     5.9048e-04  6.2471e-05     6.2650e-05  6.6282e-06 
1.1905e-01     1.5647e-02  1.1703e-03     1.8628e-03  1.3932e-04     7.0201e-04  5.2520e-05     8.3573e-05  6.2524e-06 
1.3357e-01     1.7791e-02  1.6869e-03     2.3764e-03  2.2533e-04     8.9556e-04  8.4934e-05     1.1962e-04  1.1345e-05 
1.4987e-01     2.4103e-02  1.7757e-03     3.6124e-03  2.6613e-04     1.3614e-03  1.0033e-04     2.0403e-04  1.5036e-05 
1.6816e-01     2.6659e-02  1.4111e-03     4.4829e-03  2.3728e-04     1.6894e-03  8.9481e-05     2.8409e-04  1.5047e-05 
1.8868e-01     2.8927e-02  1.7087e-03     5.4578e-03  3.2239e-04     2.0568e-03  1.2156e-04     3.8808e-04  2.2935e-05 
2.1170e-01     3.2524e-02  2.5597e-03     6.8853e-03  5.4188e-04     2.5948e-03  2.0427e-04     5.4932e-04  4.3245e-05 
2.3753e-01     3.5657e-02  2.4781e-03     8.4696e-03  5.8863e-04     3.1919e-03  2.2192e-04     7.5816e-04  5.2712e-05 
2.6651e-01     4.1741e-02  1.4243e-03     1.1124e-02  3.7959e-04     4.1924e-03  1.4327e-04     1.1173e-03  3.8185e-05 
2.9903e-01     4.6371e-02  2.2040e-03     1.3866e-02  6.5906e-04     5.2257e-03  2.4858e-04     1.5627e-03  7.4332e-05 
3.3552e-01     5.0953e-02  1.8837e-03     1.7096e-02  6.3202e-04     6.4428e-03  2.3850e-04     2.1617e-03  8.0022e-05 
3.7646e-01     5.6950e-02  2.6566e-03     2.1439e-02  1.0001e-03     8.0797e-03  3.7721e-04     3.0417e-03  1.4201e-04 
4.2240e-01     6.2544e-02  1.6239e-03     2.6418e-02  6.8592e-04     9.9561e-03  2.5919e-04     4.2054e-03  1.0948e-04 
4.7394e-01     6.9114e-02  6.2667e-04     3.2755e-02  2.9700e-04     1.2344e-02  1.1437e-04     5.8504e-03  5.4204e-05 
5.3176e-01     7.6068e-02  2.3824e-03     4.0450e-02  1.2669e-03     1.5244e-02  4.7832e-04     8.1063e-03  2.5436e-04 
5.9665e-01     8.3406e-02  1.4018e-03     4.9764e-02  8.3638e-04     1.8754e-02  3.1722e-04     1.1190e-02  1.8927e-04 
6.6945e-01     9.2968e-02  1.5727e-03     6.2238e-02  1.0529e-03     2.3455e-02  3.9929e-04     1.5702e-02  2.6731e-04 
7.5114e-01     1.0241e-01  1.9781e-03     7.6922e-02  1.4858e-03     2.8989e-02  5.6267e-04     2.1775e-02  4.2264e-04 
8.4279e-01     1.1496e-01  1.3021e-03     9.6891e-02  1.0974e-03     3.6514e-02  4.1939e-04     3.0774e-02  3.5345e-04 
9.4563e-01     1.2798e-01  1.5337e-03     1.2102e-01  1.4503e-03     4.5608e-02  5.5343e-04     4.3128e-02  5.2333e-04 
1.0610e+00     1.4492e-01  1.7883e-03     1.5377e-01  1.8974e-03     5.7949e-02  7.2354e-04     6.1484e-02  7.6769e-04 
1.1905e+00     1.5960e-01  1.2668e-03     1.9000e-01  1.5080e-03     7.1605e-02  5.8446e-04     8.5244e-02  6.9578e-04 
1.3357e+00     1.7989e-01  2.6780e-03     2.4028e-01  3.5770e-03     9.0553e-02  1.3590e-03     1.2095e-01  1.8153e-03 
1.4987e+00     2.0433e-01  1.2233e-03     3.0624e-01  1.8333e-03     1.1541e-01  7.2503e-04     1.7296e-01  1.0866e-03 
1.6816e+00     2.3065e-01  1.6812e-03     3.8785e-01  2.8270e-03     1.4617e-01  1.1012e-03     2.4579e-01  1.8517e-03 
1.8868e+00     2.6510e-01  2.5917e-03     5.0018e-01  4.8899e-03     1.8850e-01  1.8775e-03     3.5566e-01  3.5423e-03 
2.1170e+00     3.0315e-01  1.6611e-03     6.4177e-01  3.5166e-03     2.4186e-01  1.4030e-03     5.1201e-01  2.9702e-03 
2.3753e+00     3.5364e-01  1.0492e-03     8.3999e-01  2.4922e-03     3.1656e-01  1.1161e-03     7.5193e-01  2.6511e-03 
2.6651e+00     4.0770e-01  1.8585e-03     1.0866e+00  4.9532e-03     4.0949e-01  2.0231e-03     1.0913e+00  5.3917e-03 
2.9903e+00     4.0112e-01  1.3795e-03     1.1995e+00  4.1251e-03     4.5204e-01  1.7771e-03     1.3517e+00  5.3140e-03 
3.3552e+00     2.9775e-01  1.8789e-03     9.9901e-01  6.3040e-03     3.7649e-01  2.4816e-03     1.2632e+00  8.3263e-03 
3.7646e+00     1.8066e-01  8.7887e-04     6.8011e-01  3.3086e-03     2.5631e-01  1.3390e-03     9.6489e-01  5.0410e-03 
4.2240e+00     1.0106e-01  3.7124e-04     4.2689e-01  1.5681e-03     1.6088e-01  6.6567e-04     6.7954e-01  2.8118e-03 
4.7394e+00     5.0602e-02  4.2147e-04     2.3982e-01  1.9975e-03     9.0379e-02  7.7221e-04     4.2834e-01  3.6598e-03 
5.3176e+00     2.2555e-02  3.7811e-04     1.1994e-01  2.0107e-03     4.5201e-02  7.6262e-04     2.4036e-01  4.0554e-03 
5.9665e+00     8.2501e-03  1.0173e-04     4.9224e-02  6.0699e-04     1.8551e-02  2.3147e-04     1.1068e-01  1.3810e-03 
6.6945e+00     2.5667e-03  7.0100e-05     1.7183e-02  4.6928e-04     6.4756e-03  1.7728e-04     4.3351e-02  1.1868e-03 
7.5114e+00     6.8025e-04  4.8090e-05     5.1096e-03  3.6122e-04     1.9256e-03  1.3618e-04     1.4464e-02  1.0229e-03 
8.4279e+00     1.4253e-04  2.5361e-05     1.2012e-03  2.1374e-04     4.5270e-04  8.0554e-05     3.8153e-03  6.7890e-04 
9.4563e+00     2.1172e-05  5.0673e-06     2.0021e-04  4.7917e-05     7.5450e-05  1.8059e-05     7.1347e-04  1.7077e-04 
1.0610e+01     2.4612e-06  1.4136e-06     2.6114e-05  1.4998e-05     9.8413e-06  5.6523e-06     1.0442e-04  5.9972e-05 
1.1905e+01     0.0000e+00  0.0000e+00     0.0000e+00  0.0000e+00     0.0000e+00  0.0000e+00     0.0000e+00  0.0000e+00 
1.3357e+01     6.5167e-07  3.9786e-07     8.7046e-06  5.3143e-06     3.2804e-06  2.0028e-06     4.3818e-05  2.6752e-05 
1.4987e+01     0.0000e+00  0.0000e+00     0.0000e+00  0.0000e+00     0.0000e+00  0.0000e+00     0.0000e+00  0.0000e+00 
1.6816e+01     0.0000e+00  0.0000e+00     0.0000e+00  0.0000e+00     0.0000e+00  0.0000e+00     0.0000e+00  0.0000e+00 
1.8868e+01     0.0000e+00  0.0000e+00     0.0000e+00  0.0000e+00     0.0000e+00  0.0000e+00     0.0000e+00  0.0000e+00 
2.1170e+01     0.0000e+00  0.0000e+00     0.0000e+00  0.0000e+00     0.0000e+00  0.0000e+00     0.0000e+00  0.0000e+00 
2.3753e+01     0.0000e+00  0.0000e+00     0.0000e+00  0.0000e+00     0.0000e+00  0.0000e+00     0.0000e+00  0.0000e+00 
2.6651e+01     0.0000e+00  0.0000e+00     0.0000e+00  0.0000e+00     0.0000e+00  0.0000e+00     0.0000e+00  0.0000e+00 
2.9903e+01     2.9109e-07  2.9111e-08     8.7046e-06  8.7051e-07     3.2804e-06  3.2812e-07     9.8096e-05  9.8119e-06 
3.3552e+01     2.5944e-07  1.7145e-07     8.7046e-06  5.7524e-06     3.2804e-06  2.1679e-06     1.1007e-04  7.2736e-05 
3.7646e+01     0.0000e+00  0.0000e+00     0.0000e+00  0.0000e+00     0.0000e+00  0.0000e+00     0.0000e+00  0.0000e+00 
4.2240e+01     4.1215e-07  1.5176e-07     1.7409e-05  6.4103e-06     6.5609e-06  2.4158e-06     2.7713e-04  1.0204e-04 
4.7394e+01     5.5100e-07  5.6596e-07     2.6114e-05  2.6823e-05     9.8413e-06  1.0109e-05     4.6641e-04  4.7908e-04 
5.3176e+01     3.2739e-07  2.4992e-07     1.7409e-05  1.3290e-05     6.5609e-06  5.0085e-06     3.4888e-04  2.6633e-04 
5.9665e+01     0.0000e+00  0.0000e+00     0.0000e+00  0.0000e+00     0.0000e+00  0.0000e+00     0.0000e+00  0.0000e+00 
6.6945e+01     1.3003e-07  1.0653e-07     8.7046e-06  7.1316e-06     3.2804e-06  2.6876e-06     2.1961e-04  1.7992e-04 
7.5114e+01     1.1589e-07  1.8986e-07     8.7046e-06  1.4261e-05     3.2804e-06  5.3744e-06     2.4641e-04  4.0369e-04 
8.4279e+01     1.0328e-07  3.7233e-08     8.7046e-06  3.1379e-06     3.2804e-06  1.1826e-06     2.7647e-04  9.9667e-05 
9.4563e+01     6.4436e-07  4.6705e-07     6.0932e-05  4.4166e-05     2.2963e-05  1.6644e-05     2.1714e-03  1.5739e-03 
1.0610e+02     2.4612e-07  1.5928e-07     2.6114e-05  1.6900e-05     9.8413e-06  6.3690e-06     1.0442e-03  6.7576e-04 
1.1905e+02     1.4624e-07  8.1863e-08     1.7409e-05  9.7455e-06     6.5609e-06  3.6727e-06     7.8105e-04  4.3723e-04 
1.3357e+02     2.6067e-07  2.1949e-07     3.4818e-05  2.9318e-05     1.3122e-05  1.1049e-05     1.7527e-03  1.4759e-03 
1.4987e+02     1.1616e-07  7.4293e-08     1.7409e-05  1.1134e-05     6.5609e-06  4.1962e-06     9.8329e-04  6.2889e-04 
1.6816e+02     1.0353e-07  4.5265e-08     1.7409e-05  7.6117e-06     6.5609e-06  2.8686e-06     1.1033e-03  4.8238e-04 
1.8868e+02     9.2270e-08  1.0867e-07     1.7409e-05  2.0503e-05     6.5609e-06  7.7267e-06     1.2379e-03  1.4579e-03 
2.1170e+02     1.2335e-07  8.0289e-08     2.6114e-05  1.6997e-05     9.8413e-06  6.4056e-06     2.0834e-03  1.3561e-03 
2.3753e+02     3.6646e-08  4.0499e-08     8.7046e-06  9.6198e-06     3.2804e-06  3.6253e-06     7.7920e-04  8.6113e-04 
2.6651e+02     0.0000e+00  0.0000e+00     0.0000e+00  0.0000e+00     0.0000e+00  0.0000e+00     0.0000e+00  0.0000e+00 
2.9903e+02     5.8218e-08  3.0800e-08     1.7409e-05  9.2102e-06     6.5609e-06  3.4710e-06     1.9619e-03  1.0379e-03 
3.3552e+02     0.0000e+00  0.0000e+00     0.0000e+00  0.0000e+00     0.0000e+00  0.0000e+00     0.0000e+00  0.0000e+00 
3.7646e+02     2.3122e-08  5.1700e-09     8.7046e-06  1.9463e-06     3.2804e-06  7.3352e-07     1.2350e-03  2.7614e-04 
4.2240e+02     6.1823e-08  2.6923e-08     2.6114e-05  1.1372e-05     9.8413e-06  4.2858e-06     4.1569e-03  1.8103e-03 
4.7394e+02     1.8367e-08  1.5048e-08     8.7046e-06  7.1316e-06     3.2804e-06  2.6876e-06     1.5547e-03  1.2738e-03 
5.3176e+02     4.9108e-08  2.1481e-08     2.6114e-05  1.1423e-05     9.8413e-06  4.3049e-06     5.2332e-03  2.2892e-03 
5.9665e+02     2.9178e-08  2.1163e-08     1.7409e-05  1.2627e-05     6.5609e-06  4.7586e-06     3.9145e-03  2.8392e-03 
6.6945e+02     1.3003e-08  8.9147e-09     8.7046e-06  5.9680e-06     3.2804e-06  2.2491e-06     2.1961e-03  1.5057e-03 
7.5114e+02     1.1589e-08  5.3106e-09     8.7046e-06  3.9890e-06     3.2804e-06  1.5033e-06     2.4641e-03  1.1292e-03 
8.4279e+02     1.0328e-08  3.2656e-09     8.7046e-06  2.7522e-06     3.2804e-06  1.0372e-06     2.7647e-03  8.7416e-04 
9.4563e+02     1.8410e-08  1.7112e-08     1.7409e-05  1.6182e-05     6.5609e-06  6.0983e-06     6.2041e-03  5.7667e-03 
1.0610e+03     0.0000e+00  0.0000e+00     0.0000e+00  0.0000e+00     0.0000e+00  0.0000e+00     0.0000e+00  0.0000e+00 
1.1905e+03     0.0000e+00  0.0000e+00     0.0000e+00  0.0000e+00     0.0000e+00  0.0000e+00     0.0000e+00  0.0000e+00 
1.3357e+03     0.0000e+00  0.0000e+00     0.0000e+00  0.0000e+00     0.0000e+00  0.0000e+00     0.0000e+00  0.0000e+00 
1.4987e+03     0.0000e+00  0.0000e+00     0.0000e+00  0.0000e+00     0.0000e+00  0.0000e+00     0.0000e+00  0.0000e+00 
1.6816e+03     0.0000e+00  0.0000e+00     0.0000e+00  0.0000e+00     0.0000e+00  0.0000e+00     0.0000e+00  0.0000e+00 
1.8868e+03     0.0000e+00  0.0000e+00     0.0000e+00  0.0000e+00     0.0000e+00  0.0000e+00     0.0000e+00  0.0000e+00 
2.1170e+03     0.0000e+00  0.0000e+00     0.0000e+00  0.0000e+00     0.0000e+00  0.0000e+00     0.0000e+00  0.0000e+00 
2.3753e+03     0.0000e+00  0.0000e+00     0.0000e+00  0.0000e+00     0.0000e+00  0.0000e+00     0.0000e+00  0.0000e+00 
2.6651e+03     0.0000e+00  0.0000e+00     0.0000e+00  0.0000e+00     0.0000e+00  0.0000e+00     0.0000e+00  0.0000e+00 
2.9903e+03     0.0000e+00  0.0000e+00     0.0000e+00  0.0000e+00     0.0000e+00  0.0000e+00     0.0000e+00  0.0000e+00 
3.3552e+03     0.0000e+00  0.0000e+00     0.0000e+00  0.0000e+00     0.0000e+00  0.0000e+00     0.0000e+00  0.0000e+00 
3.7646e+03     0.0000e+00  0.0000e+00     0.0000e+00  0.0000e+00     0.0000e+00  0.0000e+00     0.0000e+00  0.0000e+00 
4.2240e+03     0.0000e+00  0.0000e+00     0.0000e+00  0.0000e+00     0.0000e+00  0.0000e+00     0.0000e+00  0.0000e+00 
4.7394e+03     0.0000e+00  0.0000e+00     0.0000e+00  0.0000e+00     0.0000e+00  0.0000e+00     0.0000e+00  0.0000e+00 
5.3176e+03     0.0000e+00  0.0000e+00     0.0000e+00  0.0000e+00     0.0000e+00  0.0000e+00     0.0000e+00  0.0000e+00 
5.9665e+03     0.0000e+00  0.0000e+00     0.0000e+00  0.0000e+00     0.0000e+00  0.0000e+00     0.0000e+00  0.0000e+00 
6.6945e+03     0.0000e+00  0.0000e+00     0.0000e+00  0.0000e+00     0.0000e+00  0.0000e+00     0.0000e+00  0.0000e+00 
7.5114e+03     0.0000e+00  0.0000e+00     0.0000e+00  0.0000e+00     0.0000e+00  0.0000e+00     0.0000e+00  0.0000e+00 
8.4279e+03     0.0000e+00  0.0000e+00     0.0000e+00  0.0000e+00     0.0000e+00  0.0000e+00     0.0000e+00  0.0000e+00 
9.4563e+03     0.0000e+00  0.0000e+00     0.0000e+00  0.0000e+00     0.0000e+00  0.0000e+00     0.0000e+00  0.0000e+00 
