yF = 6.0761e+00 (std: 1.9179e-02) keV/um
yD = 7.8791e+00 (std: 3.2567e-02) keV/um
y (keV/um)     f(y)(std)                  yf(y)(std)                 d(y)(std)                  yd(y)(std)  
1.0610e-01     8.8049e-02  6.9871e-03     9.3420e-03  7.4134e-04     1.5375e-03  1.2211e-04     1.6313e-04  1.2956e-05 
1.1905e-01     1.6046e-02  3.2492e-03     1.9103e-03  3.8680e-04     3.1439e-04  6.3668e-05     3.7428e-05  7.5795e-06 
1.3357e-01     1.5281e-02  2.5219e-03     2.0411e-03  3.3686e-04     3.3593e-04  5.5451e-05     4.4871e-05  7.4068e-06 
1.4987e-01     1.6762e-02  2.1978e-03     2.5121e-03  3.2939e-04     4.1345e-04  5.4227e-05     6.1964e-05  8.1271e-06 
1.6816e-01     1.4628e-02  3.4017e-03     2.4598e-03  5.7202e-04     4.0484e-04  9.4151e-05     6.8077e-05  1.5832e-05 
1.8868e-01     1.7198e-02  2.1475e-03     3.2449e-03  4.0519e-04     5.3404e-04  6.6707e-05     1.0076e-04  1.2586e-05 
2.1170e-01     1.7553e-02  3.6493e-03     3.7159e-03  7.7256e-04     6.1156e-04  1.2716e-04     1.2947e-04  2.6920e-05 
2.3753e-01     2.1373e-02  1.4421e-03     5.0766e-03  3.4253e-04     8.3551e-04  5.6436e-05     1.9846e-04  1.3405e-05 
2.6651e-01     2.2092e-02  1.9208e-03     5.8878e-03  5.1192e-04     9.6902e-04  8.4307e-05     2.5826e-04  2.2469e-05 
2.9903e-01     2.3102e-02  4.0172e-03     6.9084e-03  1.2013e-03     1.1370e-03  1.9774e-04     3.4000e-04  5.9131e-05 
3.3552e-01     2.5894e-02  2.2352e-03     8.6878e-03  7.4995e-04     1.4298e-03  1.2351e-04     4.7974e-04  4.1440e-05 
3.7646e-01     2.6831e-02  2.2708e-03     1.0101e-02  8.5488e-04     1.6624e-03  1.4079e-04     6.2583e-04  5.3003e-05 
4.2240e-01     2.6144e-02  1.6234e-03     1.1043e-02  6.8572e-04     1.8175e-03  1.1300e-04     7.6768e-04  4.7731e-05 
4.7394e-01     2.8491e-02  2.2011e-03     1.3503e-02  1.0432e-03     2.2223e-03  1.7183e-04     1.0532e-03  8.1436e-05 
5.3176e-01     3.1052e-02  2.4801e-03     1.6512e-02  1.3188e-03     2.7176e-03  2.1722e-04     1.4451e-03  1.1551e-04 
5.9665e-01     3.2280e-02  3.1130e-03     1.9260e-02  1.8574e-03     3.1698e-03  3.0585e-04     1.8912e-03  1.8248e-04 
6.6945e-01     3.7369e-02  2.9475e-03     2.5017e-02  1.9732e-03     4.1173e-03  3.2501e-04     2.7563e-03  2.1758e-04 
7.5114e-01     3.7939e-02  1.5059e-03     2.8497e-02  1.1312e-03     4.6901e-03  1.8675e-04     3.5229e-03  1.4028e-04 
8.4279e-01     4.1699e-02  1.0966e-03     3.5144e-02  9.2416e-04     5.7840e-03  1.5319e-04     4.8747e-03  1.2911e-04 
9.4563e-01     4.6546e-02  1.4305e-03     4.4015e-02  1.3527e-03     7.2440e-03  2.2380e-04     6.8501e-03  2.1163e-04 
1.0610e+00     5.0609e-02  4.4376e-03     5.3697e-02  4.7083e-03     8.8375e-03  7.7539e-04     9.3766e-03  8.2270e-04 
1.1905e+00     5.3239e-02  1.1995e-03     6.3379e-02  1.4279e-03     1.0431e-02  2.3731e-04     1.2418e-02  2.8251e-04 
1.3357e+00     5.6559e-02  1.8617e-03     7.5548e-02  2.4867e-03     1.2434e-02  4.1114e-04     1.6608e-02  5.4917e-04 
1.4987e+00     6.1967e-02  2.4734e-03     9.2871e-02  3.7069e-03     1.5285e-02  6.1199e-04     2.2907e-02  9.1720e-04 
1.6816e+00     6.4518e-02  4.2472e-03     1.0849e-01  7.1420e-03     1.7856e-02  1.1768e-03     3.0026e-02  1.9789e-03 
1.8868e+00     7.1316e-02  1.5444e-03     1.3456e-01  2.9138e-03     2.2145e-02  4.8463e-04     4.1783e-02  9.1438e-04 
2.1170e+00     7.7726e-02  2.4634e-03     1.6455e-01  5.2150e-03     2.7081e-02  8.6252e-04     5.7330e-02  1.8260e-03 
2.3753e+00     8.3783e-02  1.1178e-03     1.9901e-01  2.6550e-03     3.2753e-02  4.4903e-04     7.7798e-02  1.0666e-03 
2.6651e+00     8.8025e-02  1.9165e-03     2.3460e-01  5.1077e-03     3.8610e-02  8.4942e-04     1.0290e-01  2.2638e-03 
2.9903e+00     9.6995e-02  1.0055e-03     2.9005e-01  3.0067e-03     4.7736e-02  5.1727e-04     1.4275e-01  1.5468e-03 
3.3552e+00     1.0608e-01  1.3809e-03     3.5591e-01  4.6333e-03     5.8576e-02  7.8465e-04     1.9654e-01  2.6327e-03 
3.7646e+00     1.1244e-01  2.8032e-03     4.2330e-01  1.0553e-02     6.9666e-02  1.7507e-03     2.6227e-01  6.5906e-03 
4.2240e+00     1.2186e-01  9.5375e-04     5.1473e-01  4.0286e-03     8.4714e-02  7.1492e-04     3.5783e-01  3.0198e-03 
4.7394e+00     1.2652e-01  1.5444e-03     5.9962e-01  7.3195e-03     9.8685e-02  1.2443e-03     4.6770e-01  5.8970e-03 
5.3176e+00     1.2992e-01  1.3745e-03     6.9089e-01  7.3093e-03     1.1371e-01  1.2554e-03     6.0465e-01  6.6756e-03 
5.9665e+00     1.2611e-01  1.0284e-03     7.5244e-01  6.1356e-03     1.2384e-01  1.0828e-03     7.3887e-01  6.4606e-03 
6.6945e+00     1.1523e-01  1.0951e-03     7.7144e-01  7.3313e-03     1.2696e-01  1.2714e-03     8.4996e-01  8.5114e-03 
7.5114e+00     9.7721e-02  9.5210e-04     7.3402e-01  7.1516e-03     1.2080e-01  1.2372e-03     9.0741e-01  9.2933e-03 
8.4279e+00     7.7136e-02  7.4304e-04     6.5010e-01  6.2623e-03     1.0699e-01  1.0846e-03     9.0172e-01  9.1406e-03 
9.4563e+00     5.5979e-02  6.6837e-04     5.2936e-01  6.3203e-03     8.7121e-02  1.0759e-03     8.2384e-01  1.0174e-02 
1.0610e+01     3.7382e-02  5.6490e-04     3.9663e-01  5.9937e-03     6.5278e-02  1.0077e-03     6.9260e-01  1.0692e-02 
1.1905e+01     2.2524e-02  3.2917e-04     2.6815e-01  3.9186e-03     4.4131e-02  6.5980e-04     5.2537e-01  7.8547e-03 
1.3357e+01     1.2409e-02  1.5665e-04     1.6575e-01  2.0925e-03     2.7279e-02  3.5498e-04     3.6437e-01  4.7416e-03 
1.4987e+01     6.4010e-03  1.5581e-04     9.5933e-02  2.3351e-03     1.5789e-02  3.8753e-04     2.3663e-01  5.8080e-03 
1.6816e+01     2.6782e-03  7.9952e-05     4.5035e-02  1.3445e-03     7.4119e-03  2.2251e-04     1.2464e-01  3.7416e-03 
1.8868e+01     1.0513e-03  4.2295e-05     1.9835e-02  7.9800e-04     3.2645e-03  1.3174e-04     6.1594e-02  2.4856e-03 
2.1170e+01     3.6836e-04  3.3008e-05     7.7981e-03  6.9877e-04     1.2834e-03  1.1508e-04     2.7170e-02  2.4361e-03 
2.3753e+01     9.2541e-05  1.7564e-05     2.1981e-03  4.1721e-04     3.6177e-04  6.8673e-05     8.5931e-03  1.6312e-03 
2.6651e+01     2.3565e-05  7.7245e-06     6.2804e-04  2.0587e-04     1.0336e-04  3.3883e-05     2.7547e-03  9.0304e-04 
2.9903e+01     2.6253e-06  1.3301e-06     7.8505e-05  3.9776e-05     1.2920e-05  6.5464e-06     3.8636e-04  1.9576e-04 
3.3552e+01     0.0000e+00  0.0000e+00     0.0000e+00  0.0000e+00     0.0000e+00  0.0000e+00     0.0000e+00  0.0000e+00 
3.7646e+01     0.0000e+00  0.0000e+00     0.0000e+00  0.0000e+00     0.0000e+00  0.0000e+00     0.0000e+00  0.0000e+00 
4.2240e+01     0.0000e+00  0.0000e+00     0.0000e+00  0.0000e+00     0.0000e+00  0.0000e+00     0.0000e+00  0.0000e+00 
4.7394e+01     0.0000e+00  0.0000e+00     0.0000e+00  0.0000e+00     0.0000e+00  0.0000e+00     0.0000e+00  0.0000e+00 
5.3176e+01     0.0000e+00  0.0000e+00     0.0000e+00  0.0000e+00     0.0000e+00  0.0000e+00     0.0000e+00  0.0000e+00 
5.9665e+01     0.0000e+00  0.0000e+00     0.0000e+00  0.0000e+00     0.0000e+00  0.0000e+00     0.0000e+00  0.0000e+00 
6.6945e+01     0.0000e+00  0.0000e+00     0.0000e+00  0.0000e+00     0.0000e+00  0.0000e+00     0.0000e+00  0.0000e+00 
7.5114e+01     0.0000e+00  0.0000e+00     0.0000e+00  0.0000e+00     0.0000e+00  0.0000e+00     0.0000e+00  0.0000e+00 
8.4279e+01     0.0000e+00  0.0000e+00     0.0000e+00  0.0000e+00     0.0000e+00  0.0000e+00     0.0000e+00  0.0000e+00 
9.4563e+01     0.0000e+00  0.0000e+00     0.0000e+00  0.0000e+00     0.0000e+00  0.0000e+00     0.0000e+00  0.0000e+00 
1.0610e+02     0.0000e+00  0.0000e+00     0.0000e+00  0.0000e+00     0.0000e+00  0.0000e+00     0.0000e+00  0.0000e+00 
1.1905e+02     0.0000e+00  0.0000e+00     0.0000e+00  0.0000e+00     0.0000e+00  0.0000e+00     0.0000e+00  0.0000e+00 
1.3357e+02     0.0000e+00  0.0000e+00     0.0000e+00  0.0000e+00     0.0000e+00  0.0000e+00     0.0000e+00  0.0000e+00 
1.4987e+02     0.0000e+00  0.0000e+00     0.0000e+00  0.0000e+00     0.0000e+00  0.0000e+00     0.0000e+00  0.0000e+00 
1.6816e+02     0.0000e+00  0.0000e+00     0.0000e+00  0.0000e+00     0.0000e+00  0.0000e+00     0.0000e+00  0.0000e+00 
1.8868e+02     0.0000e+00  0.0000e+00     0.0000e+00  0.0000e+00     0.0000e+00  0.0000e+00     0.0000e+00  0.0000e+00 
2.1170e+02     0.0000e+00  0.0000e+00     0.0000e+00  0.0000e+00     0.0000e+00  0.0000e+00     0.0000e+00  0.0000e+00 
2.3753e+02     1.1017e-07  4.1231e-08     2.6168e-05  9.7935e-06     4.3068e-06  1.6119e-06     1.0230e-03  3.8287e-04 
2.6651e+02     0.0000e+00  0.0000e+00     0.0000e+00  0.0000e+00     0.0000e+00  0.0000e+00     0.0000e+00  0.0000e+00 
2.9903e+02     0.0000e+00  0.0000e+00     0.0000e+00  0.0000e+00     0.0000e+00  0.0000e+00     0.0000e+00  0.0000e+00 
3.3552e+02     0.0000e+00  0.0000e+00     0.0000e+00  0.0000e+00     0.0000e+00  0.0000e+00     0.0000e+00  0.0000e+00 
3.7646e+02     0.0000e+00  0.0000e+00     0.0000e+00  0.0000e+00     0.0000e+00  0.0000e+00     0.0000e+00  0.0000e+00 
4.2240e+02     0.0000e+00  0.0000e+00     0.0000e+00  0.0000e+00     0.0000e+00  0.0000e+00     0.0000e+00  0.0000e+00 
4.7394e+02     0.0000e+00  0.0000e+00     0.0000e+00  0.0000e+00     0.0000e+00  0.0000e+00     0.0000e+00  0.0000e+00 
5.3176e+02     0.0000e+00  0.0000e+00     0.0000e+00  0.0000e+00     0.0000e+00  0.0000e+00     0.0000e+00  0.0000e+00 
5.9665e+02     0.0000e+00  0.0000e+00     0.0000e+00  0.0000e+00     0.0000e+00  0.0000e+00     0.0000e+00  0.0000e+00 
6.6945e+02     0.0000e+00  0.0000e+00     0.0000e+00  0.0000e+00     0.0000e+00  0.0000e+00     0.0000e+00  0.0000e+00 
7.5114e+02     0.0000e+00  0.0000e+00     0.0000e+00  0.0000e+00     0.0000e+00  0.0000e+00     0.0000e+00  0.0000e+00 
8.4279e+02     0.0000e+00  0.0000e+00     0.0000e+00  0.0000e+00     0.0000e+00  0.0000e+00     0.0000e+00  0.0000e+00 
9.4563e+02     0.0000e+00  0.0000e+00     0.0000e+00  0.0000e+00     0.0000e+00  0.0000e+00     0.0000e+00  0.0000e+00 
1.0610e+03     0.0000e+00  0.0000e+00     0.0000e+00  0.0000e+00     0.0000e+00  0.0000e+00     0.0000e+00  0.0000e+00 
1.1905e+03     0.0000e+00  0.0000e+00     0.0000e+00  0.0000e+00     0.0000e+00  0.0000e+00     0.0000e+00  0.0000e+00 
1.3357e+03     0.0000e+00  0.0000e+00     0.0000e+00  0.0000e+00     0.0000e+00  0.0000e+00     0.0000e+00  0.0000e+00 
1.4987e+03     0.0000e+00  0.0000e+00     0.0000e+00  0.0000e+00     0.0000e+00  0.0000e+00     0.0000e+00  0.0000e+00 
1.6816e+03     0.0000e+00  0.0000e+00     0.0000e+00  0.0000e+00     0.0000e+00  0.0000e+00     0.0000e+00  0.0000e+00 
1.8868e+03     0.0000e+00  0.0000e+00     0.0000e+00  0.0000e+00     0.0000e+00  0.0000e+00     0.0000e+00  0.0000e+00 
2.1170e+03     0.0000e+00  0.0000e+00     0.0000e+00  0.0000e+00     0.0000e+00  0.0000e+00     0.0000e+00  0.0000e+00 
2.3753e+03     0.0000e+00  0.0000e+00     0.0000e+00  0.0000e+00     0.0000e+00  0.0000e+00     0.0000e+00  0.0000e+00 
2.6651e+03     0.0000e+00  0.0000e+00     0.0000e+00  0.0000e+00     0.0000e+00  0.0000e+00     0.0000e+00  0.0000e+00 
2.9903e+03     0.0000e+00  0.0000e+00     0.0000e+00  0.0000e+00     0.0000e+00  0.0000e+00     0.0000e+00  0.0000e+00 
3.3552e+03     0.0000e+00  0.0000e+00     0.0000e+00  0.0000e+00     0.0000e+00  0.0000e+00     0.0000e+00  0.0000e+00 
3.7646e+03     0.0000e+00  0.0000e+00     0.0000e+00  0.0000e+00     0.0000e+00  0.0000e+00     0.0000e+00  0.0000e+00 
4.2240e+03     0.0000e+00  0.0000e+00     0.0000e+00  0.0000e+00     0.0000e+00  0.0000e+00     0.0000e+00  0.0000e+00 
4.7394e+03     0.0000e+00  0.0000e+00     0.0000e+00  0.0000e+00     0.0000e+00  0.0000e+00     0.0000e+00  0.0000e+00 
5.3176e+03     0.0000e+00  0.0000e+00     0.0000e+00  0.0000e+00     0.0000e+00  0.0000e+00     0.0000e+00  0.0000e+00 
5.9665e+03     0.0000e+00  0.0000e+00     0.0000e+00  0.0000e+00     0.0000e+00  0.0000e+00     0.0000e+00  0.0000e+00 
6.6945e+03     0.0000e+00  0.0000e+00     0.0000e+00  0.0000e+00     0.0000e+00  0.0000e+00     0.0000e+00  0.0000e+00 
7.5114e+03     0.0000e+00  0.0000e+00     0.0000e+00  0.0000e+00     0.0000e+00  0.0000e+00     0.0000e+00  0.0000e+00 
8.4279e+03     0.0000e+00  0.0000e+00     0.0000e+00  0.0000e+00     0.0000e+00  0.0000e+00     0.0000e+00  0.0000e+00 
9.4563e+03     0.0000e+00  0.0000e+00     0.0000e+00  0.0000e+00     0.0000e+00  0.0000e+00     0.0000e+00  0.0000e+00 
