yF = 7.7791e-01 (std: 3.7316e-03) keV/um
yD = 1.6784e+00 (std: 1.9329e-02) keV/um
y (keV/um)     f(y)(std)                  yf(y)(std)                 d(y)(std)                  yd(y)(std)  
1.0610e-01     5.9691e+00  3.5723e-02     6.3333e-01  3.7903e-03     8.1414e-01  6.2444e-03     8.6381e-02  6.6253e-04 
1.1905e-01     8.6704e-01  1.5591e-02     1.0322e-01  1.8560e-03     1.3269e-01  2.4693e-03     1.5796e-02  2.9397e-04 
1.3357e-01     8.8733e-01  1.6368e-02     1.1852e-01  2.1864e-03     1.5236e-01  2.9040e-03     2.0351e-02  3.8790e-04 
1.4987e-01     9.1674e-01  2.2511e-02     1.3739e-01  3.3738e-03     1.7662e-01  4.4190e-03     2.6470e-02  6.6228e-04 
1.6816e-01     9.4982e-01  2.7201e-02     1.5972e-01  4.5741e-03     2.0532e-01  5.9619e-03     3.4526e-02  1.0026e-03 
1.8868e-01     9.9128e-01  2.0114e-02     1.8703e-01  3.7950e-03     2.4043e-01  5.0130e-03     4.5363e-02  9.4583e-04 
2.1170e-01     1.0135e+00  1.5677e-02     2.1456e-01  3.3188e-03     2.7581e-01  4.4667e-03     5.8390e-02  9.4560e-04 
2.3753e-01     1.0489e+00  1.8108e-02     2.4914e-01  4.3011e-03     3.2026e-01  5.7385e-03     7.6072e-02  1.3631e-03 
2.6651e-01     1.0581e+00  1.5031e-02     2.8200e-01  4.0059e-03     3.6250e-01  5.4353e-03     9.6612e-02  1.4486e-03 
2.9903e-01     1.0931e+00  1.8079e-02     3.2686e-01  5.4063e-03     4.2018e-01  7.2361e-03     1.2565e-01  2.1638e-03 
3.3552e-01     1.0951e+00  1.9341e-02     3.6742e-01  6.4893e-03     4.7231e-01  8.6442e-03     1.5847e-01  2.9003e-03 
3.7646e-01     1.0789e+00  1.0468e-02     4.0618e-01  3.9408e-03     5.2213e-01  5.6512e-03     1.9656e-01  2.1274e-03 
4.2240e-01     1.0479e+00  1.8899e-02     4.4263e-01  7.9830e-03     5.6899e-01  1.0619e-02     2.4034e-01  4.4853e-03 
4.7394e-01     1.0045e+00  1.2844e-02     4.7608e-01  6.0872e-03     6.1199e-01  8.3576e-03     2.9005e-01  3.9610e-03 
5.3176e-01     9.2603e-01  1.0985e-02     4.9243e-01  5.8416e-03     6.3301e-01  8.1000e-03     3.3661e-01  4.3073e-03 
5.9665e-01     8.3399e-01  1.4071e-02     4.9760e-01  8.3954e-03     6.3966e-01  1.1220e-02     3.8165e-01  6.6944e-03 
6.6945e-01     7.2724e-01  7.6687e-03     4.8685e-01  5.1338e-03     6.2585e-01  7.2502e-03     4.1897e-01  4.8537e-03 
7.5114e-01     5.9877e-01  1.1753e-02     4.4976e-01  8.8278e-03     5.7816e-01  1.1682e-02     4.3428e-01  8.7749e-03 
8.4279e-01     4.8509e-01  7.0034e-03     4.0883e-01  5.9024e-03     5.2555e-01  7.9953e-03     4.4292e-01  6.7383e-03 
9.4563e-01     3.8580e-01  6.6642e-03     3.6482e-01  6.3019e-03     4.6897e-01  8.4076e-03     4.4347e-01  7.9504e-03 
1.0610e+00     2.8220e-01  4.3785e-03     2.9942e-01  4.6456e-03     3.8490e-01  6.2508e-03     4.0838e-01  6.6321e-03 
1.1905e+00     2.1085e-01  2.8392e-03     2.5101e-01  3.3800e-03     3.2267e-01  4.6124e-03     3.8413e-01  5.4909e-03 
1.3357e+00     1.5439e-01  2.2193e-03     2.0622e-01  2.9644e-03     2.6510e-01  4.0173e-03     3.5410e-01  5.3660e-03 
1.4987e+00     1.1539e-01  2.6241e-03     1.7293e-01  3.9327e-03     2.2231e-01  5.1668e-03     3.3317e-01  7.7435e-03 
1.6816e+00     9.2065e-02  2.2101e-03     1.5482e-01  3.7165e-03     1.9901e-01  4.8720e-03     3.3466e-01  8.1927e-03 
1.8868e+00     7.6072e-02  1.8778e-03     1.4353e-01  3.5429e-03     1.8451e-01  4.6396e-03     3.4812e-01  8.7538e-03 
2.1170e+00     6.8319e-02  1.4249e-03     1.4463e-01  3.0165e-03     1.8592e-01  3.9790e-03     3.9359e-01  8.4234e-03 
2.3753e+00     5.8068e-02  1.6317e-03     1.3793e-01  3.8759e-03     1.7731e-01  5.0545e-03     4.2116e-01  1.2006e-02 
2.6651e+00     4.1917e-02  7.5895e-04     1.1172e-01  2.0227e-03     1.4361e-01  2.6899e-03     3.8274e-01  7.1689e-03 
2.9903e+00     2.5751e-02  7.4763e-04     7.7005e-02  2.2356e-03     9.8990e-02  2.9129e-03     2.9601e-01  8.7104e-03 
3.3552e+00     1.6568e-02  9.4451e-04     5.5590e-02  3.1690e-03     7.1460e-02  4.0882e-03     2.3976e-01  1.3717e-02 
3.7646e+00     1.0281e-02  3.8606e-04     3.8704e-02  1.4534e-03     4.9753e-02  1.8835e-03     1.8730e-01  7.0906e-03 
4.2240e+00     6.6755e-03  3.1279e-04     2.8197e-02  1.3212e-03     3.6247e-02  1.7073e-03     1.5311e-01  7.2115e-03 
4.7394e+00     4.5300e-03  5.0295e-04     2.1469e-02  2.3836e-03     2.7599e-02  3.0670e-03     1.3080e-01  1.4536e-02 
5.3176e+00     3.0041e-03  1.6861e-04     1.5975e-02  8.9661e-04     2.0535e-02  1.1568e-03     1.0920e-01  6.1514e-03 
5.9665e+00     1.9676e-03  1.3878e-04     1.1740e-02  8.2802e-04     1.5091e-02  1.0669e-03     9.0043e-02  6.3655e-03 
6.6945e+00     1.1731e-03  1.7472e-04     7.8533e-03  1.1697e-03     1.0095e-02  1.5044e-03     6.7584e-02  1.0071e-02 
7.5114e+00     8.5997e-04  1.1444e-04     6.4596e-03  8.5960e-04     8.3037e-03  1.1057e-03     6.2372e-02  8.3055e-03 
8.4279e+00     3.8482e-04  7.9581e-05     3.2432e-03  6.7070e-04     4.1691e-03  8.6241e-04     3.5137e-02  7.2683e-03 
9.4563e+00     1.7574e-04  2.7744e-05     1.6618e-03  2.6235e-04     2.1362e-03  3.3741e-04     2.0201e-02  3.1906e-03 
1.0610e+01     5.5576e-05  1.3267e-05     5.8967e-04  1.4077e-04     7.5802e-04  1.8099e-04     8.0426e-03  1.9203e-03 
1.1905e+01     2.2515e-05  7.5827e-06     2.6803e-04  9.0270e-05     3.4455e-04  1.1605e-04     4.1018e-03  1.3816e-03 
1.3357e+01     1.0033e-05  6.0374e-06     1.3402e-04  8.0644e-05     1.7228e-04  1.0367e-04     2.3011e-03  1.3848e-03 
1.4987e+01     1.7884e-06  8.8585e-07     2.6803e-05  1.3276e-05     3.4455e-05  1.7068e-05     5.1639e-04  2.5579e-04 
1.6816e+01     0.0000e+00  0.0000e+00     0.0000e+00  0.0000e+00     0.0000e+00  0.0000e+00     0.0000e+00  0.0000e+00 
1.8868e+01     0.0000e+00  0.0000e+00     0.0000e+00  0.0000e+00     0.0000e+00  0.0000e+00     0.0000e+00  0.0000e+00 
2.1170e+01     0.0000e+00  0.0000e+00     0.0000e+00  0.0000e+00     0.0000e+00  0.0000e+00     0.0000e+00  0.0000e+00 
2.3753e+01     0.0000e+00  0.0000e+00     0.0000e+00  0.0000e+00     0.0000e+00  0.0000e+00     0.0000e+00  0.0000e+00 
2.6651e+01     0.0000e+00  0.0000e+00     0.0000e+00  0.0000e+00     0.0000e+00  0.0000e+00     0.0000e+00  0.0000e+00 
2.9903e+01     0.0000e+00  0.0000e+00     0.0000e+00  0.0000e+00     0.0000e+00  0.0000e+00     0.0000e+00  0.0000e+00 
3.3552e+01     0.0000e+00  0.0000e+00     0.0000e+00  0.0000e+00     0.0000e+00  0.0000e+00     0.0000e+00  0.0000e+00 
3.7646e+01     0.0000e+00  0.0000e+00     0.0000e+00  0.0000e+00     0.0000e+00  0.0000e+00     0.0000e+00  0.0000e+00 
4.2240e+01     0.0000e+00  0.0000e+00     0.0000e+00  0.0000e+00     0.0000e+00  0.0000e+00     0.0000e+00  0.0000e+00 
4.7394e+01     0.0000e+00  0.0000e+00     0.0000e+00  0.0000e+00     0.0000e+00  0.0000e+00     0.0000e+00  0.0000e+00 
5.3176e+01     0.0000e+00  0.0000e+00     0.0000e+00  0.0000e+00     0.0000e+00  0.0000e+00     0.0000e+00  0.0000e+00 
5.9665e+01     0.0000e+00  0.0000e+00     0.0000e+00  0.0000e+00     0.0000e+00  0.0000e+00     0.0000e+00  0.0000e+00 
6.6945e+01     0.0000e+00  0.0000e+00     0.0000e+00  0.0000e+00     0.0000e+00  0.0000e+00     0.0000e+00  0.0000e+00 
7.5114e+01     0.0000e+00  0.0000e+00     0.0000e+00  0.0000e+00     0.0000e+00  0.0000e+00     0.0000e+00  0.0000e+00 
8.4279e+01     0.0000e+00  0.0000e+00     0.0000e+00  0.0000e+00     0.0000e+00  0.0000e+00     0.0000e+00  0.0000e+00 
9.4563e+01     0.0000e+00  0.0000e+00     0.0000e+00  0.0000e+00     0.0000e+00  0.0000e+00     0.0000e+00  0.0000e+00 
1.0610e+02     0.0000e+00  0.0000e+00     0.0000e+00  0.0000e+00     0.0000e+00  0.0000e+00     0.0000e+00  0.0000e+00 
1.1905e+02     0.0000e+00  0.0000e+00     0.0000e+00  0.0000e+00     0.0000e+00  0.0000e+00     0.0000e+00  0.0000e+00 
1.3357e+02     0.0000e+00  0.0000e+00     0.0000e+00  0.0000e+00     0.0000e+00  0.0000e+00     0.0000e+00  0.0000e+00 
1.4987e+02     0.0000e+00  0.0000e+00     0.0000e+00  0.0000e+00     0.0000e+00  0.0000e+00     0.0000e+00  0.0000e+00 
1.6816e+02     0.0000e+00  0.0000e+00     0.0000e+00  0.0000e+00     0.0000e+00  0.0000e+00     0.0000e+00  0.0000e+00 
1.8868e+02     0.0000e+00  0.0000e+00     0.0000e+00  0.0000e+00     0.0000e+00  0.0000e+00     0.0000e+00  0.0000e+00 
2.1170e+02     0.0000e+00  0.0000e+00     0.0000e+00  0.0000e+00     0.0000e+00  0.0000e+00     0.0000e+00  0.0000e+00 
2.3753e+02     0.0000e+00  0.0000e+00     0.0000e+00  0.0000e+00     0.0000e+00  0.0000e+00     0.0000e+00  0.0000e+00 
2.6651e+02     0.0000e+00  0.0000e+00     0.0000e+00  0.0000e+00     0.0000e+00  0.0000e+00     0.0000e+00  0.0000e+00 
2.9903e+02     0.0000e+00  0.0000e+00     0.0000e+00  0.0000e+00     0.0000e+00  0.0000e+00     0.0000e+00  0.0000e+00 
3.3552e+02     0.0000e+00  0.0000e+00     0.0000e+00  0.0000e+00     0.0000e+00  0.0000e+00     0.0000e+00  0.0000e+00 
3.7646e+02     0.0000e+00  0.0000e+00     0.0000e+00  0.0000e+00     0.0000e+00  0.0000e+00     0.0000e+00  0.0000e+00 
4.2240e+02     0.0000e+00  0.0000e+00     0.0000e+00  0.0000e+00     0.0000e+00  0.0000e+00     0.0000e+00  0.0000e+00 
4.7394e+02     0.0000e+00  0.0000e+00     0.0000e+00  0.0000e+00     0.0000e+00  0.0000e+00     0.0000e+00  0.0000e+00 
5.3176e+02     0.0000e+00  0.0000e+00     0.0000e+00  0.0000e+00     0.0000e+00  0.0000e+00     0.0000e+00  0.0000e+00 
5.9665e+02     0.0000e+00  0.0000e+00     0.0000e+00  0.0000e+00     0.0000e+00  0.0000e+00     0.0000e+00  0.0000e+00 
6.6945e+02     0.0000e+00  0.0000e+00     0.0000e+00  0.0000e+00     0.0000e+00  0.0000e+00     0.0000e+00  0.0000e+00 
7.5114e+02     0.0000e+00  0.0000e+00     0.0000e+00  0.0000e+00     0.0000e+00  0.0000e+00     0.0000e+00  0.0000e+00 
8.4279e+02     0.0000e+00  0.0000e+00     0.0000e+00  0.0000e+00     0.0000e+00  0.0000e+00     0.0000e+00  0.0000e+00 
9.4563e+02     0.0000e+00  0.0000e+00     0.0000e+00  0.0000e+00     0.0000e+00  0.0000e+00     0.0000e+00  0.0000e+00 
1.0610e+03     0.0000e+00  0.0000e+00     0.0000e+00  0.0000e+00     0.0000e+00  0.0000e+00     0.0000e+00  0.0000e+00 
1.1905e+03     0.0000e+00  0.0000e+00     0.0000e+00  0.0000e+00     0.0000e+00  0.0000e+00     0.0000e+00  0.0000e+00 
1.3357e+03     0.0000e+00  0.0000e+00     0.0000e+00  0.0000e+00     0.0000e+00  0.0000e+00     0.0000e+00  0.0000e+00 
1.4987e+03     0.0000e+00  0.0000e+00     0.0000e+00  0.0000e+00     0.0000e+00  0.0000e+00     0.0000e+00  0.0000e+00 
1.6816e+03     0.0000e+00  0.0000e+00     0.0000e+00  0.0000e+00     0.0000e+00  0.0000e+00     0.0000e+00  0.0000e+00 
1.8868e+03     0.0000e+00  0.0000e+00     0.0000e+00  0.0000e+00     0.0000e+00  0.0000e+00     0.0000e+00  0.0000e+00 
2.1170e+03     0.0000e+00  0.0000e+00     0.0000e+00  0.0000e+00     0.0000e+00  0.0000e+00     0.0000e+00  0.0000e+00 
2.3753e+03     0.0000e+00  0.0000e+00     0.0000e+00  0.0000e+00     0.0000e+00  0.0000e+00     0.0000e+00  0.0000e+00 
2.6651e+03     0.0000e+00  0.0000e+00     0.0000e+00  0.0000e+00     0.0000e+00  0.0000e+00     0.0000e+00  0.0000e+00 
2.9903e+03     0.0000e+00  0.0000e+00     0.0000e+00  0.0000e+00     0.0000e+00  0.0000e+00     0.0000e+00  0.0000e+00 
3.3552e+03     0.0000e+00  0.0000e+00     0.0000e+00  0.0000e+00     0.0000e+00  0.0000e+00     0.0000e+00  0.0000e+00 
3.7646e+03     0.0000e+00  0.0000e+00     0.0000e+00  0.0000e+00     0.0000e+00  0.0000e+00     0.0000e+00  0.0000e+00 
4.2240e+03     0.0000e+00  0.0000e+00     0.0000e+00  0.0000e+00     0.0000e+00  0.0000e+00     0.0000e+00  0.0000e+00 
4.7394e+03     0.0000e+00  0.0000e+00     0.0000e+00  0.0000e+00     0.0000e+00  0.0000e+00     0.0000e+00  0.0000e+00 
5.3176e+03     0.0000e+00  0.0000e+00     0.0000e+00  0.0000e+00     0.0000e+00  0.0000e+00     0.0000e+00  0.0000e+00 
5.9665e+03     0.0000e+00  0.0000e+00     0.0000e+00  0.0000e+00     0.0000e+00  0.0000e+00     0.0000e+00  0.0000e+00 
6.6945e+03     0.0000e+00  0.0000e+00     0.0000e+00  0.0000e+00     0.0000e+00  0.0000e+00     0.0000e+00  0.0000e+00 
7.5114e+03     0.0000e+00  0.0000e+00     0.0000e+00  0.0000e+00     0.0000e+00  0.0000e+00     0.0000e+00  0.0000e+00 
8.4279e+03     0.0000e+00  0.0000e+00     0.0000e+00  0.0000e+00     0.0000e+00  0.0000e+00     0.0000e+00  0.0000e+00 
9.4563e+03     0.0000e+00  0.0000e+00     0.0000e+00  0.0000e+00     0.0000e+00  0.0000e+00     0.0000e+00  0.0000e+00 
