yF = 1.7118e+01 (std: 3.9671e-02) keV/um
yD = 1.9472e+01 (std: 4.8190e-01) keV/um
y (keV/um)     f(y)(std)                  yf(y)(std)                 d(y)(std)                  yd(y)(std)  
1.0610e-01     5.1668e-03  7.5965e-04     5.4821e-04  8.0600e-05     3.2026e-05  4.7092e-06     3.3980e-06  4.9965e-07 
1.1905e-01     6.5785e-04  6.4109e-04     7.8315e-05  7.6320e-05     4.5751e-06  4.4586e-06     5.4465e-07  5.3078e-07 
1.3357e-01     4.5602e-04  1.4436e-04     6.0912e-05  1.9283e-05     3.5584e-06  1.1265e-06     4.7531e-07  1.5047e-07 
1.4987e-01     4.0643e-04  1.8201e-04     6.0912e-05  2.7278e-05     3.5584e-06  1.5936e-06     5.3331e-07  2.3883e-07 
1.6816e-01     4.6572e-04  1.6915e-04     7.8315e-05  2.8444e-05     4.5751e-06  1.6617e-06     7.6935e-07  2.7943e-07 
1.8868e-01     4.1507e-04  1.7438e-04     7.8315e-05  3.2902e-05     4.5751e-06  1.9222e-06     8.6322e-07  3.6267e-07 
2.1170e-01     6.9877e-04  2.2849e-04     1.4793e-04  4.8371e-05     8.6419e-06  2.8259e-06     1.8295e-06  5.9824e-07 
2.3753e-01     8.0595e-04  2.1586e-04     1.9144e-04  5.1273e-05     1.1184e-05  2.9954e-06     2.6564e-06  7.1151e-07 
2.6651e-01     9.4685e-04  2.7997e-04     2.5235e-04  7.4616e-05     1.4742e-05  4.3591e-06     3.9290e-06  1.1618e-06 
2.9903e-01     1.1640e-03  2.8953e-04     3.4807e-04  8.6578e-05     2.0334e-05  5.0580e-06     6.0805e-06  1.5125e-06 
3.3552e-01     9.3365e-04  2.9274e-04     3.1326e-04  9.8219e-05     1.8300e-05  5.7380e-06     6.1402e-06  1.9252e-06 
3.7646e-01     8.3212e-04  1.5775e-04     3.1326e-04  5.9388e-05     1.8300e-05  3.4697e-06     6.8894e-06  1.3062e-06 
4.2240e-01     1.0506e-03  3.2520e-04     4.4379e-04  1.3736e-04     2.5926e-05  8.0248e-06     1.0951e-05  3.3896e-06 
4.7394e-01     9.5474e-04  1.5953e-04     4.5249e-04  7.5607e-05     2.6434e-05  4.4174e-06     1.2528e-05  2.0935e-06 
5.3176e-01     1.0800e-03  2.9641e-04     5.7431e-04  1.5762e-04     3.3551e-05  9.2084e-06     1.7841e-05  4.8967e-06 
5.9665e-01     1.2105e-03  1.6843e-04     7.2224e-04  1.0050e-04     4.2193e-05  5.8717e-06     2.5174e-05  3.5034e-06 
6.6945e-01     1.4688e-03  2.0171e-04     9.8329e-04  1.3503e-04     5.7443e-05  7.8896e-06     3.8455e-05  5.2817e-06 
7.5114e-01     2.1663e-03  4.2706e-04     1.6272e-03  3.2078e-04     9.5061e-05  1.8741e-05     7.1404e-05  1.4077e-05 
8.4279e-01     2.1372e-03  2.4558e-04     1.8012e-03  2.0697e-04     1.0523e-04  1.2094e-05     8.8685e-05  1.0192e-05 
9.4563e-01     2.5306e-03  3.9664e-04     2.3930e-03  3.7507e-04     1.3980e-04  2.1914e-05     1.3219e-04  2.0722e-05 
1.0610e+00     2.9771e-03  3.2883e-04     3.1587e-03  3.4889e-04     1.8453e-04  2.0386e-05     1.9579e-04  2.1630e-05 
1.1905e+00     3.3623e-03  1.7948e-04     4.0028e-03  2.1367e-04     2.3384e-04  1.2494e-05     2.7838e-04  1.4874e-05 
1.3357e+00     3.9478e-03  1.4532e-04     5.2732e-03  1.9411e-04     3.0806e-04  1.1362e-05     4.1148e-04  1.5177e-05 
1.4987e+00     4.6333e-03  1.6598e-04     6.9439e-03  2.4876e-04     4.0566e-04  1.4563e-05     6.0797e-04  2.1825e-05 
1.6816e+00     5.0453e-03  5.8931e-04     8.4841e-03  9.9097e-04     4.9564e-04  5.7903e-05     8.3346e-04  9.7369e-05 
1.8868e+00     5.6773e-03  1.1388e-04     1.0712e-02  2.1486e-04     6.2577e-04  1.2636e-05     1.1807e-03  2.3840e-05 
2.1170e+00     6.3629e-03  2.2563e-04     1.3470e-02  4.7766e-04     7.8692e-04  2.7964e-05     1.6659e-03  5.9200e-05 
2.3753e+00     7.1766e-03  2.9675e-04     1.7047e-02  7.0488e-04     9.9585e-04  4.1243e-05     2.3654e-03  9.7965e-05 
2.6651e+00     7.7511e-03  2.2849e-04     2.0658e-02  6.0894e-04     1.2068e-03  3.5684e-05     3.2163e-03  9.5102e-05 
2.9903e+00     8.8055e-03  3.5163e-04     2.6331e-02  1.0515e-03     1.5383e-03  6.1531e-05     4.5999e-03  1.8400e-04 
3.3552e+00     9.6996e-03  2.4015e-04     3.2544e-02  8.0574e-04     1.9012e-03  4.7277e-05     6.3790e-03  1.5862e-04 
3.7646e+00     1.0801e-02  2.3550e-04     4.0663e-02  8.8658e-04     2.3755e-03  5.2085e-05     8.9428e-03  1.9608e-04 
4.2240e+00     1.2449e-02  4.9369e-04     5.2584e-02  2.0853e-03     3.0719e-03  1.2203e-04     1.2976e-02  5.1546e-04 
4.7394e+00     1.3451e-02  3.8750e-04     6.3748e-02  1.8365e-03     3.7241e-03  1.0763e-04     1.7650e-02  5.1012e-04 
5.3176e+00     1.5420e-02  1.9047e-04     8.1996e-02  1.0128e-03     4.7901e-03  6.0202e-05     2.5472e-02  3.2013e-04 
5.9665e+00     1.7083e-02  2.6035e-04     1.0192e-01  1.5534e-03     5.9543e-03  9.1789e-05     3.5526e-02  5.4766e-04 
6.6945e+00     1.9237e-02  2.2681e-04     1.2878e-01  1.5184e-03     7.5235e-03  9.0399e-05     5.0366e-02  6.0518e-04 
7.5114e+00     2.1546e-02  4.7667e-04     1.6184e-01  3.5805e-03     9.4547e-03  2.1031e-04     7.1018e-02  1.5797e-03 
8.4279e+00     2.4157e-02  2.9890e-04     2.0359e-01  2.5191e-03     1.1894e-02  1.4973e-04     1.0024e-01  1.2619e-03 
9.4563e+00     2.7257e-02  2.2852e-04     2.5775e-01  2.1610e-03     1.5058e-02  1.3098e-04     1.4239e-01  1.2386e-03 
1.0610e+01     3.1507e-02  2.0368e-04     3.3429e-01  2.1611e-03     1.9529e-02  1.3412e-04     2.0721e-01  1.4230e-03 
1.1905e+01     3.5665e-02  2.8321e-04     4.2458e-01  3.3716e-03     2.4804e-02  2.0518e-04     2.9528e-01  2.4426e-03 
1.3357e+01     4.0766e-02  1.3860e-04     5.4452e-01  1.8513e-03     3.1811e-02  1.3089e-04     4.2491e-01  1.7483e-03 
1.4987e+01     4.7011e-02  1.8592e-04     7.0456e-01  2.7864e-03     4.1160e-02  1.8867e-04     6.1687e-01  2.8276e-03 
1.6816e+01     5.5294e-02  3.6113e-04     9.2982e-01  6.0727e-03     5.4319e-02  3.7644e-04     9.1343e-01  6.3301e-03 
1.8868e+01     6.4931e-02  3.2191e-04     1.2251e+00  6.0738e-03     7.1570e-02  3.9168e-04     1.3504e+00  7.3901e-03 
2.1170e+01     7.4370e-02  5.0125e-04     1.5744e+00  1.0612e-02     9.1976e-02  6.5554e-04     1.9471e+00  1.3878e-02 
2.3753e+01     5.3399e-02  2.4252e-04     1.2684e+00  5.7607e-03     7.4099e-02  3.7782e-04     1.7601e+00  8.9743e-03 
2.6651e+01     1.4791e-02  1.5212e-04     3.9420e-01  4.0542e-03     2.3029e-02  2.4278e-04     6.1376e-01  6.4705e-03 
2.9903e+01     1.3642e-03  2.0094e-05     4.0793e-02  6.0089e-04     2.3831e-03  3.5535e-05     7.1263e-02  1.0626e-03 
3.3552e+01     4.2274e-05  5.3369e-06     1.4184e-03  1.7906e-04     8.2860e-05  1.0463e-05     2.7801e-03  3.5104e-04 
3.7646e+01     1.6180e-06  6.3203e-07     6.0912e-05  2.3794e-05     3.5584e-06  1.3900e-06     1.3396e-04  5.2329e-05 
4.2240e+01     2.0601e-07  1.0510e-07     8.7017e-06  4.4394e-06     5.0835e-07  2.5935e-07     2.1472e-05  1.0955e-05 
4.7394e+01     0.0000e+00  0.0000e+00     0.0000e+00  0.0000e+00     0.0000e+00  0.0000e+00     0.0000e+00  0.0000e+00 
5.3176e+01     0.0000e+00  0.0000e+00     0.0000e+00  0.0000e+00     0.0000e+00  0.0000e+00     0.0000e+00  0.0000e+00 
5.9665e+01     2.9168e-07  1.5863e-07     1.7403e-05  9.4646e-06     1.0167e-06  5.5292e-07     6.0661e-05  3.2990e-05 
6.6945e+01     5.1993e-07  2.6165e-07     3.4807e-05  1.7516e-05     2.0334e-06  1.0233e-06     1.3613e-04  6.8504e-05 
7.5114e+01     5.7923e-07  1.2908e-06     4.3508e-05  9.6953e-05     2.5417e-06  5.6639e-06     1.9092e-04  4.2544e-04 
8.4279e+01     2.0650e-07  2.4083e-07     1.7403e-05  2.0297e-05     1.0167e-06  1.1857e-06     8.5686e-05  9.9931e-05 
9.4563e+01     0.0000e+00  0.0000e+00     0.0000e+00  0.0000e+00     0.0000e+00  0.0000e+00     0.0000e+00  0.0000e+00 
1.0610e+02     8.2013e-08  4.9368e-08     8.7017e-06  5.2380e-06     5.0835e-07  3.0600e-07     5.3936e-05  3.2467e-05 
1.1905e+02     0.0000e+00  0.0000e+00     0.0000e+00  0.0000e+00     0.0000e+00  0.0000e+00     0.0000e+00  0.0000e+00 
1.3357e+02     6.5145e-08  3.2586e-08     8.7017e-06  4.3526e-06     5.0835e-07  2.5428e-07     6.7901e-05  3.3965e-05 
1.4987e+02     1.1612e-07  6.3201e-08     1.7403e-05  9.4721e-06     1.0167e-06  5.5336e-07     1.5237e-04  8.2933e-05 
1.6816e+02     1.5524e-07  8.1497e-08     2.6105e-05  1.3704e-05     1.5250e-06  8.0062e-07     2.5645e-04  1.3463e-04 
1.8868e+02     1.8448e-07  2.9956e-07     3.4807e-05  5.6520e-05     2.0334e-06  3.3019e-06     3.8365e-04  6.2299e-04 
2.1170e+02     4.1104e-08  1.9717e-08     8.7017e-06  4.1740e-06     5.0835e-07  2.4385e-07     1.0762e-04  5.1622e-05 
2.3753e+02     0.0000e+00  0.0000e+00     0.0000e+00  0.0000e+00     0.0000e+00  0.0000e+00     0.0000e+00  0.0000e+00 
2.6651e+02     3.2650e-08  2.2249e-07     8.7017e-06  5.9297e-05     5.0835e-07  3.4641e-06     1.3548e-04  9.2323e-04 
2.9903e+02     5.8199e-08  3.3852e-08     1.7403e-05  1.0123e-05     1.0167e-06  5.9138e-07     3.0402e-04  1.7684e-04 
3.3552e+02     5.1870e-08  3.5901e-08     1.7403e-05  1.2046e-05     1.0167e-06  7.0370e-07     3.4112e-04  2.3611e-04 
3.7646e+02     6.9343e-08  8.1479e-08     2.6105e-05  3.0674e-05     1.5250e-06  1.7919e-06     5.7412e-04  6.7460e-04 
4.2240e+02     2.0601e-08  1.4295e-08     8.7017e-06  6.0381e-06     5.0835e-07  3.5274e-07     2.1472e-04  1.4900e-04 
4.7394e+02     0.0000e+00  0.0000e+00     0.0000e+00  0.0000e+00     0.0000e+00  0.0000e+00     0.0000e+00  0.0000e+00 
5.3176e+02     4.9091e-08  2.2440e-08     2.6105e-05  1.1933e-05     1.5250e-06  6.9712e-07     8.1096e-04  3.7070e-04 
5.9665e+02     0.0000e+00  0.0000e+00     0.0000e+00  0.0000e+00     0.0000e+00  0.0000e+00     0.0000e+00  0.0000e+00 
6.6945e+02     1.2998e-08  6.2350e-09     8.7017e-06  4.1740e-06     5.0835e-07  2.4385e-07     3.4031e-04  1.6324e-04 
7.5114e+02     0.0000e+00  0.0000e+00     0.0000e+00  0.0000e+00     0.0000e+00  0.0000e+00     0.0000e+00  0.0000e+00 
8.4279e+02     2.0650e-08  1.1826e-07     1.7403e-05  9.9665e-05     1.0167e-06  5.8224e-06     8.5686e-04  4.9070e-03 
9.4563e+02     9.2020e-09  4.6947e-09     8.7017e-06  4.4394e-06     5.0835e-07  2.5935e-07     4.8071e-04  2.4525e-04 
1.0610e+03     0.0000e+00  0.0000e+00     0.0000e+00  0.0000e+00     0.0000e+00  0.0000e+00     0.0000e+00  0.0000e+00 
1.1905e+03     0.0000e+00  0.0000e+00     0.0000e+00  0.0000e+00     0.0000e+00  0.0000e+00     0.0000e+00  0.0000e+00 
1.3357e+03     0.0000e+00  0.0000e+00     0.0000e+00  0.0000e+00     0.0000e+00  0.0000e+00     0.0000e+00  0.0000e+00 
1.4987e+03     0.0000e+00  0.0000e+00     0.0000e+00  0.0000e+00     0.0000e+00  0.0000e+00     0.0000e+00  0.0000e+00 
1.6816e+03     0.0000e+00  0.0000e+00     0.0000e+00  0.0000e+00     0.0000e+00  0.0000e+00     0.0000e+00  0.0000e+00 
1.8868e+03     0.0000e+00  0.0000e+00     0.0000e+00  0.0000e+00     0.0000e+00  0.0000e+00     0.0000e+00  0.0000e+00 
2.1170e+03     0.0000e+00  0.0000e+00     0.0000e+00  0.0000e+00     0.0000e+00  0.0000e+00     0.0000e+00  0.0000e+00 
2.3753e+03     0.0000e+00  0.0000e+00     0.0000e+00  0.0000e+00     0.0000e+00  0.0000e+00     0.0000e+00  0.0000e+00 
2.6651e+03     0.0000e+00  0.0000e+00     0.0000e+00  0.0000e+00     0.0000e+00  0.0000e+00     0.0000e+00  0.0000e+00 
2.9903e+03     0.0000e+00  0.0000e+00     0.0000e+00  0.0000e+00     0.0000e+00  0.0000e+00     0.0000e+00  0.0000e+00 
3.3552e+03     0.0000e+00  0.0000e+00     0.0000e+00  0.0000e+00     0.0000e+00  0.0000e+00     0.0000e+00  0.0000e+00 
3.7646e+03     0.0000e+00  0.0000e+00     0.0000e+00  0.0000e+00     0.0000e+00  0.0000e+00     0.0000e+00  0.0000e+00 
4.2240e+03     0.0000e+00  0.0000e+00     0.0000e+00  0.0000e+00     0.0000e+00  0.0000e+00     0.0000e+00  0.0000e+00 
4.7394e+03     0.0000e+00  0.0000e+00     0.0000e+00  0.0000e+00     0.0000e+00  0.0000e+00     0.0000e+00  0.0000e+00 
5.3176e+03     0.0000e+00  0.0000e+00     0.0000e+00  0.0000e+00     0.0000e+00  0.0000e+00     0.0000e+00  0.0000e+00 
5.9665e+03     0.0000e+00  0.0000e+00     0.0000e+00  0.0000e+00     0.0000e+00  0.0000e+00     0.0000e+00  0.0000e+00 
6.6945e+03     0.0000e+00  0.0000e+00     0.0000e+00  0.0000e+00     0.0000e+00  0.0000e+00     0.0000e+00  0.0000e+00 
7.5114e+03     0.0000e+00  0.0000e+00     0.0000e+00  0.0000e+00     0.0000e+00  0.0000e+00     0.0000e+00  0.0000e+00 
8.4279e+03     0.0000e+00  0.0000e+00     0.0000e+00  0.0000e+00     0.0000e+00  0.0000e+00     0.0000e+00  0.0000e+00 
9.4563e+03     0.0000e+00  0.0000e+00     0.0000e+00  0.0000e+00     0.0000e+00  0.0000e+00     0.0000e+00  0.0000e+00 
