yF = 2.0487e+01 (std: 4.0663e-02) keV/um
yD = 2.3140e+01 (std: 9.2119e-02) keV/um
y (keV/um)     f(y)(std)                  yf(y)(std)                 d(y)(std)                  yd(y)(std)  
1.0610e-01     6.9709e-03  7.2649e-04     7.3962e-04  7.7081e-05     3.6103e-05  3.7632e-06     3.8305e-06  3.9928e-07 
1.1905e-01     6.5783e-04  2.0246e-04     7.8313e-05  2.4102e-05     3.8226e-06  1.1765e-06     4.5508e-07  1.4006e-07 
1.3357e-01     7.1658e-04  2.2703e-04     9.5716e-05  3.0326e-05     4.6721e-06  1.4803e-06     6.2407e-07  1.9773e-07 
1.4987e-01     6.3865e-04  2.1884e-04     9.5716e-05  3.2797e-05     4.6721e-06  1.6009e-06     7.0022e-07  2.3994e-07 
1.6816e-01     5.1745e-04  2.2070e-04     8.7015e-05  3.7112e-05     4.2474e-06  1.8115e-06     7.1423e-07  3.0463e-07 
1.8868e-01     4.1506e-04  1.4758e-04     7.8313e-05  2.7846e-05     3.8226e-06  1.3592e-06     7.2125e-07  2.5646e-07 
2.1170e-01     6.5765e-04  1.6998e-04     1.3922e-04  3.5984e-05     6.7958e-06  1.7565e-06     1.4387e-06  3.7185e-07 
2.3753e-01     3.6633e-04  1.3599e-04     8.7015e-05  3.2301e-05     4.2474e-06  1.5767e-06     1.0089e-06  3.7452e-07 
2.6651e-01     8.4888e-04  2.5266e-04     2.2624e-04  6.7337e-05     1.1043e-05  3.2869e-06     2.9432e-06  8.7601e-07 
2.9903e-01     4.0738e-04  3.3712e-04     1.2182e-04  1.0081e-04     5.9463e-06  4.9208e-06     1.7782e-06  1.4715e-06 
3.3552e-01     5.9649e-04  2.3041e-04     2.0013e-04  7.7306e-05     9.7690e-06  3.7736e-06     3.2777e-06  1.2661e-06 
3.7646e-01     9.0144e-04  1.7514e-04     3.3936e-04  6.5933e-05     1.6565e-05  3.2185e-06     6.2360e-06  1.2116e-06 
4.2240e-01     8.0341e-04  1.4383e-04     3.3936e-04  6.0752e-05     1.6565e-05  2.9656e-06     6.9969e-06  1.2527e-06 
4.7394e-01     8.2620e-04  1.7493e-04     3.9157e-04  8.2907e-05     1.9113e-05  4.0471e-06     9.0584e-06  1.9181e-06 
5.3176e-01     8.3453e-04  1.9762e-04     4.4377e-04  1.0509e-04     2.1662e-05  5.1298e-06     1.1519e-05  2.7279e-06 
5.9665e-01     1.0500e-03  2.3936e-04     6.2650e-04  1.4282e-04     3.0581e-05  6.9714e-06     1.8246e-05  4.1595e-06 
6.6945e-01     1.2738e-03  2.3267e-04     8.5274e-04  1.5576e-04     4.1624e-05  7.6036e-06     2.7866e-05  5.0903e-06 
7.5114e-01     1.2395e-03  1.7859e-04     9.3106e-04  1.3414e-04     4.5447e-05  6.5485e-06     3.4137e-05  4.9188e-06 
8.4279e-01     1.4764e-03  1.8971e-04     1.2443e-03  1.5988e-04     6.0738e-05  7.8052e-06     5.1189e-05  6.5782e-06 
9.4563e-01     1.3987e-03  1.3197e-04     1.3226e-03  1.2479e-04     6.4560e-05  6.0926e-06     6.1050e-05  5.7614e-06 
1.0610e+00     1.9355e-03  1.5432e-04     2.0535e-03  1.6373e-04     1.0024e-04  7.9946e-06     1.0635e-04  8.4823e-06 
1.1905e+00     2.0831e-03  2.0301e-04     2.4799e-03  2.4168e-04     1.2105e-04  1.1800e-05     1.4411e-04  1.4047e-05 
1.3357e+00     2.4624e-03  2.1406e-04     3.2891e-03  2.8592e-04     1.6055e-04  1.3960e-05     2.1445e-04  1.8647e-05 
1.4987e+00     2.9378e-03  1.6576e-04     4.4029e-03  2.4843e-04     2.1492e-04  1.2134e-05     3.2210e-04  1.8185e-05 
1.6816e+00     3.3324e-03  2.7631e-04     5.6037e-03  4.6463e-04     2.7353e-04  2.2686e-05     4.5997e-04  3.8149e-05 
1.8868e+00     3.8232e-03  2.9132e-04     7.2135e-03  5.4965e-04     3.5211e-04  2.6839e-05     6.6435e-04  5.0639e-05 
2.1170e+00     4.4514e-03  2.9640e-04     9.4237e-03  6.2747e-04     4.5999e-04  3.0642e-05     9.7380e-04  6.4868e-05 
2.3753e+00     4.9161e-03  2.6400e-04     1.1677e-02  6.2708e-04     5.7000e-04  3.0630e-05     1.3539e-03  7.2756e-05 
2.6651e+00     5.4851e-03  1.6139e-04     1.4618e-02  4.3014e-04     7.1356e-04  2.1044e-05     1.9017e-03  5.6084e-05 
2.9903e+00     5.9245e-03  1.8116e-04     1.7716e-02  5.4172e-04     8.6477e-04  2.6498e-05     2.5859e-03  7.9238e-05 
3.3552e+00     6.8855e-03  1.6693e-04     2.3102e-02  5.6008e-04     1.1277e-03  2.7430e-05     3.7836e-03  9.2034e-05 
3.7646e+00     7.7085e-03  2.5732e-04     2.9019e-02  9.6870e-04     1.4165e-03  4.7368e-05     5.3326e-03  1.7832e-04 
4.2240e+00     8.6686e-03  2.6922e-04     3.6616e-02  1.1372e-03     1.7873e-03  5.5621e-05     7.5495e-03  2.3494e-04 
4.7394e+00     9.3544e-03  2.9005e-04     4.4334e-02  1.3746e-03     2.1640e-03  6.7237e-05     1.0256e-02  3.1866e-04 
5.3176e+00     1.0648e-02  2.0851e-04     5.6620e-02  1.1088e-03     2.7638e-03  5.4399e-05     1.4697e-02  2.8927e-04 
5.9665e+00     1.2014e-02  4.2306e-04     7.1683e-02  2.5242e-03     3.4990e-03  1.2341e-04     2.0877e-02  7.3632e-04 
6.6945e+00     1.3468e-02  1.9589e-04     9.0164e-02  1.3114e-03     4.4011e-03  6.4605e-05     2.9464e-02  4.3250e-04 
7.5114e+00     1.5038e-02  3.7660e-04     1.1295e-01  2.8288e-03     5.5135e-03  1.3851e-04     4.1414e-02  1.0404e-03 
8.4279e+00     1.6864e-02  3.0060e-04     1.4213e-01  2.5335e-03     6.9377e-03  1.2443e-04     5.8470e-02  1.0487e-03 
9.4563e+00     1.8820e-02  2.1432e-04     1.7797e-01  2.0266e-03     8.6872e-03  1.0042e-04     8.2148e-02  9.4956e-04 
1.0610e+01     2.1530e-02  2.4475e-04     2.2843e-01  2.5968e-03     1.1150e-02  1.2867e-04     1.1831e-01  1.3652e-03 
1.1905e+01     2.4096e-02  1.7728e-04     2.8685e-01  2.1104e-03     1.4002e-02  1.0670e-04     1.6669e-01  1.2702e-03 
1.3357e+01     2.7424e-02  2.2177e-04     3.6631e-01  2.9622e-03     1.7881e-02  1.4888e-04     2.3884e-01  1.9887e-03 
1.4987e+01     3.1558e-02  2.7311e-04     4.7297e-01  4.0932e-03     2.3087e-02  2.0499e-04     3.4600e-01  3.0722e-03 
1.6816e+01     3.6171e-02  2.0723e-04     6.0825e-01  3.4848e-03     2.9690e-02  1.8002e-04     4.9926e-01  3.0272e-03 
1.8868e+01     4.1974e-02  1.8527e-04     7.9196e-01  3.4956e-03     3.8658e-02  1.8709e-04     7.2938e-01  3.5299e-03 
2.1170e+01     4.9030e-02  2.8610e-04     1.0380e+00  6.0567e-03     5.0666e-02  3.1228e-04     1.0726e+00  6.6109e-03 
2.3753e+01     5.8440e-02  1.4049e-04     1.3881e+00  3.3372e-03     6.7757e-02  2.1124e-04     1.6094e+00  5.0176e-03 
2.6651e+01     6.0852e-02  3.5726e-04     1.6218e+00  9.5213e-03     7.9163e-02  4.9060e-04     2.1098e+00  1.3075e-02 
2.9903e+01     2.9237e-02  1.2616e-04     8.7427e-01  3.7727e-03     4.2675e-02  2.0270e-04     1.2761e+00  6.0614e-03 
3.3552e+01     4.1808e-03  7.6818e-05     1.4028e-01  2.5774e-03     6.8472e-03  1.2654e-04     2.2974e-01  4.2457e-03 
3.7646e+01     1.6642e-04  8.0387e-06     6.2650e-03  3.0262e-04     3.0581e-04  1.4784e-05     1.1513e-02  5.5657e-04 
4.2240e+01     2.8840e-06  9.6002e-07     1.2182e-04  4.0551e-05     5.9463e-06  1.9794e-06     2.5117e-04  8.3610e-05 
4.7394e+01     3.6720e-07  2.2086e-07     1.7403e-05  1.0467e-05     8.4948e-07  5.1094e-07     4.0260e-05  2.4215e-05 
5.3176e+01     3.2727e-07  2.6793e-07     1.7403e-05  1.4247e-05     8.4948e-07  6.9545e-07     4.5172e-05  3.6982e-05 
5.9665e+01     4.3752e-07  1.4926e-07     2.6104e-05  8.9058e-06     1.2742e-06  4.3472e-07     7.6026e-05  2.5938e-05 
6.6945e+01     3.8994e-07  5.8810e-07     2.6104e-05  3.9370e-05     1.2742e-06  1.9218e-06     8.5303e-05  1.2865e-04 
7.5114e+01     1.1584e-07  2.3167e-08     8.7015e-06  1.7402e-06     4.2474e-07  8.4947e-08     3.1904e-05  6.3807e-06 
8.4279e+01     4.1298e-07  2.5967e-07     3.4806e-05  2.1885e-05     1.6990e-06  1.0683e-06     1.4319e-04  9.0033e-05 
9.4563e+01     9.2018e-08  8.5844e-08     8.7015e-06  8.1176e-06     4.2474e-07  3.9624e-07     4.0164e-05  3.7470e-05 
1.0610e+02     1.6402e-07  1.0972e-07     1.7403e-05  1.1642e-05     8.4948e-07  5.6827e-07     9.0130e-05  6.0294e-05 
1.1905e+02     2.9237e-07  1.3140e-07     3.4806e-05  1.5643e-05     1.6990e-06  7.6358e-07     2.0226e-04  9.0902e-05 
1.3357e+02     6.5144e-08  3.7498e-08     8.7015e-06  5.0087e-06     4.2474e-07  2.4449e-07     5.6734e-05  3.2657e-05 
1.4987e+02     5.8059e-08  6.1032e-08     8.7015e-06  9.1470e-06     4.2474e-07  4.4649e-07     6.3656e-05  6.6916e-05 
1.6816e+02     5.1745e-08  3.2903e-08     8.7015e-06  5.5330e-06     4.2474e-07  2.7008e-07     7.1423e-05  4.5416e-05 
1.8868e+02     0.0000e+00  0.0000e+00     0.0000e+00  0.0000e+00     0.0000e+00  0.0000e+00     0.0000e+00  0.0000e+00 
2.1170e+02     4.1103e-08  7.1518e-08     8.7015e-06  1.5140e-05     4.2474e-07  7.3903e-07     8.9917e-05  1.5645e-04 
2.3753e+02     1.0990e-07  1.3456e-07     2.6104e-05  3.1962e-05     1.2742e-06  1.5601e-06     3.0267e-04  3.7058e-04 
2.6651e+02     9.7948e-08  4.3358e-07     2.6104e-05  1.1556e-04     1.2742e-06  5.6405e-06     3.3960e-04  1.5033e-03 
2.9903e+02     5.8197e-08  3.2285e-08     1.7403e-05  9.6544e-06     8.4948e-07  4.7126e-07     2.5402e-04  1.4092e-04 
3.3552e+02     7.7803e-08  2.7113e-08     2.6104e-05  9.0970e-06     1.2742e-06  4.4405e-07     4.2753e-04  1.4899e-04 
3.7646e+02     2.3114e-08  1.1086e-08     8.7015e-06  4.1736e-06     4.2474e-07  2.0373e-07     1.5990e-04  7.6695e-05 
4.2240e+02     0.0000e+00  0.0000e+00     0.0000e+00  0.0000e+00     0.0000e+00  0.0000e+00     0.0000e+00  0.0000e+00 
4.7394e+02     3.6720e-08  1.8926e-08     1.7403e-05  8.9699e-06     8.4948e-07  4.3784e-07     4.0260e-04  2.0751e-04 
5.3176e+02     1.6363e-08  4.3094e-08     8.7015e-06  2.2916e-05     4.2474e-07  1.1186e-06     2.2586e-04  5.9483e-04 
5.9665e+02     2.9168e-08  2.3829e-08     1.7403e-05  1.4218e-05     8.4948e-07  6.9400e-07     5.0684e-04  4.1408e-04 
6.6945e+02     2.5996e-08  1.4252e-08     1.7403e-05  9.5412e-06     8.4948e-07  4.6573e-07     5.6868e-04  3.1179e-04 
7.5114e+02     0.0000e+00  0.0000e+00     0.0000e+00  0.0000e+00     0.0000e+00  0.0000e+00     0.0000e+00  0.0000e+00 
8.4279e+02     1.0325e-08  6.2144e-09     8.7015e-06  5.2375e-06     4.2474e-07  2.5565e-07     3.5797e-04  2.1546e-04 
9.4563e+02     0.0000e+00  0.0000e+00     0.0000e+00  0.0000e+00     0.0000e+00  0.0000e+00     0.0000e+00  0.0000e+00 
1.0610e+03     0.0000e+00  0.0000e+00     0.0000e+00  0.0000e+00     0.0000e+00  0.0000e+00     0.0000e+00  0.0000e+00 
1.1905e+03     0.0000e+00  0.0000e+00     0.0000e+00  0.0000e+00     0.0000e+00  0.0000e+00     0.0000e+00  0.0000e+00 
1.3357e+03     0.0000e+00  0.0000e+00     0.0000e+00  0.0000e+00     0.0000e+00  0.0000e+00     0.0000e+00  0.0000e+00 
1.4987e+03     0.0000e+00  0.0000e+00     0.0000e+00  0.0000e+00     0.0000e+00  0.0000e+00     0.0000e+00  0.0000e+00 
1.6816e+03     0.0000e+00  0.0000e+00     0.0000e+00  0.0000e+00     0.0000e+00  0.0000e+00     0.0000e+00  0.0000e+00 
1.8868e+03     0.0000e+00  0.0000e+00     0.0000e+00  0.0000e+00     0.0000e+00  0.0000e+00     0.0000e+00  0.0000e+00 
2.1170e+03     0.0000e+00  0.0000e+00     0.0000e+00  0.0000e+00     0.0000e+00  0.0000e+00     0.0000e+00  0.0000e+00 
2.3753e+03     0.0000e+00  0.0000e+00     0.0000e+00  0.0000e+00     0.0000e+00  0.0000e+00     0.0000e+00  0.0000e+00 
2.6651e+03     0.0000e+00  0.0000e+00     0.0000e+00  0.0000e+00     0.0000e+00  0.0000e+00     0.0000e+00  0.0000e+00 
2.9903e+03     0.0000e+00  0.0000e+00     0.0000e+00  0.0000e+00     0.0000e+00  0.0000e+00     0.0000e+00  0.0000e+00 
3.3552e+03     0.0000e+00  0.0000e+00     0.0000e+00  0.0000e+00     0.0000e+00  0.0000e+00     0.0000e+00  0.0000e+00 
3.7646e+03     0.0000e+00  0.0000e+00     0.0000e+00  0.0000e+00     0.0000e+00  0.0000e+00     0.0000e+00  0.0000e+00 
4.2240e+03     0.0000e+00  0.0000e+00     0.0000e+00  0.0000e+00     0.0000e+00  0.0000e+00     0.0000e+00  0.0000e+00 
4.7394e+03     0.0000e+00  0.0000e+00     0.0000e+00  0.0000e+00     0.0000e+00  0.0000e+00     0.0000e+00  0.0000e+00 
5.3176e+03     0.0000e+00  0.0000e+00     0.0000e+00  0.0000e+00     0.0000e+00  0.0000e+00     0.0000e+00  0.0000e+00 
5.9665e+03     0.0000e+00  0.0000e+00     0.0000e+00  0.0000e+00     0.0000e+00  0.0000e+00     0.0000e+00  0.0000e+00 
6.6945e+03     0.0000e+00  0.0000e+00     0.0000e+00  0.0000e+00     0.0000e+00  0.0000e+00     0.0000e+00  0.0000e+00 
7.5114e+03     0.0000e+00  0.0000e+00     0.0000e+00  0.0000e+00     0.0000e+00  0.0000e+00     0.0000e+00  0.0000e+00 
8.4279e+03     0.0000e+00  0.0000e+00     0.0000e+00  0.0000e+00     0.0000e+00  0.0000e+00     0.0000e+00  0.0000e+00 
9.4563e+03     0.0000e+00  0.0000e+00     0.0000e+00  0.0000e+00     0.0000e+00  0.0000e+00     0.0000e+00  0.0000e+00 
