yF = 1.7814e+01 (std: 3.1161e-02) keV/um
yD = 2.0234e+01 (std: 8.1692e-02) keV/um
y (keV/um)     f(y)(std)                  yf(y)(std)                 d(y)(std)                  yd(y)(std)  
1.0610e-01     4.5107e-03  8.0111e-04     4.7859e-04  8.4999e-05     2.6865e-05  4.7716e-06     2.8505e-06  5.0627e-07 
1.1905e-01     5.8475e-04  2.3605e-04     6.9613e-05  2.8101e-05     3.9077e-06  1.5774e-06     4.6520e-07  1.8779e-07 
1.3357e-01     4.5602e-04  8.5305e-04     6.0912e-05  1.1394e-04     3.4192e-06  6.3962e-06     4.5672e-07  8.5437e-07 
1.4987e-01     5.8061e-04  2.2091e-04     8.7017e-05  3.3108e-05     4.8846e-06  1.8585e-06     7.3207e-07  2.7854e-07 
1.6816e-01     5.6921e-04  2.0193e-04     9.5718e-05  3.3956e-05     5.3731e-06  1.9061e-06     9.0353e-07  3.2053e-07 
1.8868e-01     4.6119e-04  2.5314e-04     8.7017e-05  4.7762e-05     4.8846e-06  2.6811e-06     9.2162e-07  5.0586e-07 
2.1170e-01     4.5214e-04  1.3792e-04     9.5718e-05  2.9198e-05     5.3731e-06  1.6390e-06     1.1375e-06  3.4698e-07 
2.3753e-01     6.2278e-04  2.3344e-04     1.4793e-04  5.5448e-05     8.3039e-06  3.1126e-06     1.9724e-06  7.3933e-07 
2.6651e-01     6.8565e-04  2.0146e-04     1.8273e-04  5.3692e-05     1.0258e-05  3.0140e-06     2.7338e-06  8.0328e-07 
2.9903e-01     8.7298e-04  2.8756e-04     2.6105e-04  8.5991e-05     1.4654e-05  4.8271e-06     4.3820e-06  1.4435e-06 
3.3552e-01     9.0772e-04  2.7886e-04     3.0456e-04  9.3562e-05     1.7096e-05  5.2522e-06     5.7361e-06  1.7622e-06 
3.7646e-01     9.9392e-04  5.1049e-04     3.7417e-04  1.9218e-04     2.1004e-05  1.0788e-05     7.9071e-06  4.0612e-06 
4.2240e-01     8.2403e-04  2.0997e-04     3.4807e-04  8.8691e-05     1.9539e-05  4.9787e-06     8.2530e-06  2.1030e-06 
4.7394e-01     9.9146e-04  1.3182e-04     4.6989e-04  6.2474e-05     2.6377e-05  3.5072e-06     1.2501e-05  1.6622e-06 
5.3176e-01     1.1127e-03  2.9963e-04     5.9171e-04  1.5933e-04     3.3216e-05  8.9441e-06     1.7663e-05  4.7562e-06 
5.9665e-01     1.4293e-03  2.7162e-04     8.5276e-04  1.6206e-04     4.7869e-05  9.0978e-06     2.8561e-05  5.4282e-06 
6.6945e-01     1.2478e-03  2.2659e-04     8.3536e-04  1.5169e-04     4.6893e-05  8.5154e-06     3.1392e-05  5.7007e-06 
7.5114e-01     1.7377e-03  1.8322e-04     1.3052e-03  1.3762e-04     7.3270e-05  7.7265e-06     5.5035e-05  5.8036e-06 
8.4279e-01     2.1269e-03  1.6172e-04     1.7925e-03  1.3630e-04     1.0062e-04  7.6530e-06     8.4804e-05  6.4499e-06 
9.4563e-01     2.3557e-03  1.2725e-04     2.2276e-03  1.2033e-04     1.2505e-04  6.7583e-06     1.1825e-04  6.3908e-06 
1.0610e+00     2.4358e-03  3.1326e-04     2.5844e-03  3.3237e-04     1.4507e-04  1.8659e-05     1.5392e-04  1.9798e-05 
1.1905e+00     3.1065e-03  1.5879e-04     3.6982e-03  1.8903e-04     2.0760e-04  1.0617e-05     2.4714e-04  1.2640e-05 
1.3357e+00     3.4722e-03  1.7859e-04     4.6380e-03  2.3855e-04     2.6035e-04  1.3399e-05     3.4776e-04  1.7897e-05 
1.4987e+00     4.1688e-03  3.4336e-04     6.2478e-03  5.1460e-04     3.5072e-04  2.8893e-05     5.2562e-04  4.3303e-05 
1.6816e+00     4.7400e-03  4.4733e-04     7.9707e-03  7.5222e-04     4.4743e-04  4.2233e-05     7.5240e-04  7.1019e-05 
1.8868e+00     5.3913e-03  2.2790e-04     1.0172e-02  4.2999e-04     5.7101e-04  2.4158e-05     1.0774e-03  4.5581e-05 
2.1170e+00     5.5819e-03  3.6953e-04     1.1817e-02  7.8230e-04     6.6333e-04  4.3929e-05     1.4043e-03  9.2998e-05 
2.3753e+00     6.3889e-03  2.4626e-04     1.5176e-02  5.8493e-04     8.5188e-04  3.2869e-05     2.0235e-03  7.8073e-05 
2.6651e+00     7.4017e-03  5.4725e-04     1.9727e-02  1.4585e-03     1.1073e-03  8.1895e-05     2.9512e-03  2.1826e-04 
2.9903e+00     8.3399e-03  1.3661e-04     2.4939e-02  4.0850e-04     1.3999e-03  2.3061e-05     4.1863e-03  6.8961e-05 
3.3552e+00     9.0227e-03  5.0950e-04     3.0273e-02  1.7095e-03     1.6994e-03  9.6006e-05     5.7017e-03  3.2212e-04 
3.7646e+00     1.0143e-02  2.1328e-04     3.8183e-02  8.0292e-04     2.1434e-03  4.5227e-05     8.0690e-03  1.7026e-04 
4.2240e+00     1.1260e-02  2.4515e-04     4.7563e-02  1.0355e-03     2.6699e-03  5.8314e-05     1.1278e-02  2.4631e-04 
4.7394e+00     1.2406e-02  2.7899e-04     5.8797e-02  1.3222e-03     3.3005e-03  7.4447e-05     1.5642e-02  3.5283e-04 
5.3176e+00     1.4102e-02  1.9674e-04     7.4991e-02  1.0462e-03     4.2096e-03  5.9188e-05     2.2385e-02  3.1474e-04 
5.9665e+00     1.5646e-02  4.7732e-04     9.3351e-02  2.8479e-03     5.2402e-03  1.6013e-04     3.1266e-02  9.5542e-04 
6.6945e+00     1.7691e-02  1.9012e-04     1.1843e-01  1.2727e-03     6.6480e-03  7.2385e-05     4.4505e-02  4.8458e-04 
7.5114e+00     1.9884e-02  2.0853e-04     1.4936e-01  1.5663e-03     8.3840e-03  8.9139e-05     6.2975e-02  6.6956e-04 
8.4279e+00     2.2436e-02  1.7346e-04     1.8909e-01  1.4619e-03     1.0614e-02  8.4136e-05     8.9456e-02  7.0909e-04 
9.4563e+00     2.5158e-02  2.9674e-04     2.3790e-01  2.8060e-03     1.3355e-02  1.5924e-04     1.2628e-01  1.5058e-03 
1.0610e+01     2.8871e-02  1.6404e-04     3.0632e-01  1.7405e-03     1.7195e-02  1.0223e-04     1.8244e-01  1.0846e-03 
1.1905e+01     3.2841e-02  1.7347e-04     3.9097e-01  2.0651e-03     2.1947e-02  1.2211e-04     2.6127e-01  1.4537e-03 
1.3357e+01     3.7337e-02  1.6874e-04     4.9873e-01  2.2539e-03     2.7996e-02  1.3567e-04     3.7395e-01  1.8121e-03 
1.4987e+01     4.3134e-02  1.7405e-04     6.4645e-01  2.6086e-03     3.6288e-02  1.5960e-04     5.4386e-01  2.3919e-03 
1.6816e+01     4.9868e-02  2.9115e-04     8.3858e-01  4.8960e-03     4.7073e-02  2.8691e-04     7.9158e-01  4.8246e-03 
1.8868e+01     5.8464e-02  5.0111e-04     1.1031e+00  9.4547e-03     6.1921e-02  5.4168e-04     1.1683e+00  1.0220e-02 
2.1170e+01     6.9758e-02  2.8249e-04     1.4768e+00  5.9803e-03     8.2898e-02  3.6568e-04     1.7549e+00  7.7414e-03 
2.3753e+01     6.3725e-02  1.0908e-04     1.5137e+00  2.5909e-03     8.4969e-02  2.0795e-04     2.0183e+00  4.9395e-03 
2.6651e+01     2.4929e-02  1.1820e-04     6.6438e-01  3.1503e-03     3.7295e-02  1.8849e-04     9.9395e-01  5.0235e-03 
2.9903e+01     3.2152e-03  5.2775e-05     9.6145e-02  1.5782e-03     5.3970e-03  8.9091e-05     1.6139e-01  2.6641e-03 
3.3552e+01     1.2941e-04  1.7855e-05     4.3421e-03  5.9906e-04     2.4374e-04  3.3630e-05     8.1781e-03  1.1284e-03 
3.7646e+01     1.6180e-06  7.4190e-07     6.0912e-05  2.7929e-05     3.4192e-06  1.5678e-06     1.2872e-04  5.9022e-05 
4.2240e+01     6.1802e-07  3.5131e-07     2.6105e-05  1.4839e-05     1.4654e-06  8.3299e-07     6.1897e-05  3.5185e-05 
4.7394e+01     5.5081e-07  2.7868e-07     2.6105e-05  1.3208e-05     1.4654e-06  7.4140e-07     6.9450e-05  3.5138e-05 
5.3176e+01     1.6364e-07  1.0814e-07     8.7017e-06  5.7506e-06     4.8846e-07  3.2281e-07     2.5975e-05  1.7166e-05 
5.9665e+01     2.9168e-07  1.4329e-07     1.7403e-05  8.5497e-06     9.7693e-07  4.7994e-07     5.8288e-05  2.8635e-05 
6.6945e+01     6.4991e-07  4.3783e-07     4.3508e-05  2.9311e-05     2.4423e-06  1.6454e-06     1.6350e-04  1.1015e-04 
7.5114e+01     0.0000e+00  0.0000e+00     0.0000e+00  0.0000e+00     0.0000e+00  0.0000e+00     0.0000e+00  0.0000e+00 
8.4279e+01     2.0650e-07  9.5344e-08     1.7403e-05  8.0355e-06     9.7693e-07  4.5107e-07     8.2334e-05  3.8016e-05 
9.4563e+01     9.2020e-08  4.4140e-08     8.7017e-06  4.1740e-06     4.8846e-07  2.3431e-07     4.6190e-05  2.2157e-05 
1.0610e+02     0.0000e+00  0.0000e+00     0.0000e+00  0.0000e+00     0.0000e+00  0.0000e+00     0.0000e+00  0.0000e+00 
1.1905e+02     7.3094e-08  6.4058e-08     8.7017e-06  7.6259e-06     4.8846e-07  4.2808e-07     5.8150e-05  5.0961e-05 
1.3357e+02     1.3029e-07  5.5186e-08     1.7403e-05  7.3714e-06     9.7693e-07  4.1379e-07     1.3049e-04  5.5271e-05 
1.4987e+02     1.1612e-07  3.7578e-07     1.7403e-05  5.6319e-05     9.7693e-07  3.1614e-06     1.4641e-04  4.7381e-04 
1.6816e+02     1.5524e-07  7.5689e-08     2.6105e-05  1.2728e-05     1.4654e-06  7.1447e-07     2.4642e-04  1.2014e-04 
1.8868e+02     1.8448e-07  1.0220e-07     3.4807e-05  1.9282e-05     1.9539e-06  1.0824e-06     3.6865e-04  2.0422e-04 
2.1170e+02     0.0000e+00  0.0000e+00     0.0000e+00  0.0000e+00     0.0000e+00  0.0000e+00     0.0000e+00  0.0000e+00 
2.3753e+02     3.6634e-08  2.4210e-08     8.7017e-06  5.7506e-06     4.8846e-07  3.2281e-07     1.1602e-04  7.6677e-05 
2.6651e+02     3.2650e-08  2.0763e-08     8.7017e-06  5.5335e-06     4.8846e-07  3.1062e-07     1.3018e-04  8.2785e-05 
2.9903e+02     5.8199e-08  5.2144e-08     1.7403e-05  1.5593e-05     9.7693e-07  8.7530e-07     2.9213e-04  2.6174e-04 
3.3552e+02     7.7804e-08  4.4144e-08     2.6105e-05  1.4811e-05     1.4654e-06  8.3143e-07     4.9167e-04  2.7896e-04 
3.7646e+02     0.0000e+00  0.0000e+00     0.0000e+00  0.0000e+00     0.0000e+00  0.0000e+00     0.0000e+00  0.0000e+00 
4.2240e+02     8.2403e-08  4.5199e-08     3.4807e-05  1.9092e-05     1.9539e-06  1.0717e-06     8.2530e-04  4.5269e-04 
4.7394e+02     3.6721e-08  3.5698e-08     1.7403e-05  1.6919e-05     9.7693e-07  9.4972e-07     4.6300e-04  4.5010e-04 
5.3176e+02     3.2727e-08  2.5104e-08     1.7403e-05  1.3349e-05     9.7693e-07  7.4937e-07     5.1949e-04  3.9849e-04 
5.9665e+02     0.0000e+00  0.0000e+00     0.0000e+00  0.0000e+00     0.0000e+00  0.0000e+00     0.0000e+00  0.0000e+00 
6.6945e+02     0.0000e+00  0.0000e+00     0.0000e+00  0.0000e+00     0.0000e+00  0.0000e+00     0.0000e+00  0.0000e+00 
7.5114e+02     0.0000e+00  0.0000e+00     0.0000e+00  0.0000e+00     0.0000e+00  0.0000e+00     0.0000e+00  0.0000e+00 
8.4279e+02     2.0650e-08  1.3054e-08     1.7403e-05  1.1002e-05     9.7693e-07  6.1760e-07     8.2334e-04  5.2051e-04 
9.4563e+02     9.2020e-09  4.6947e-09     8.7017e-06  4.4394e-06     4.8846e-07  2.4920e-07     4.6190e-04  2.3565e-04 
1.0610e+03     0.0000e+00  0.0000e+00     0.0000e+00  0.0000e+00     0.0000e+00  0.0000e+00     0.0000e+00  0.0000e+00 
1.1905e+03     0.0000e+00  0.0000e+00     0.0000e+00  0.0000e+00     0.0000e+00  0.0000e+00     0.0000e+00  0.0000e+00 
1.3357e+03     0.0000e+00  0.0000e+00     0.0000e+00  0.0000e+00     0.0000e+00  0.0000e+00     0.0000e+00  0.0000e+00 
1.4987e+03     0.0000e+00  0.0000e+00     0.0000e+00  0.0000e+00     0.0000e+00  0.0000e+00     0.0000e+00  0.0000e+00 
1.6816e+03     0.0000e+00  0.0000e+00     0.0000e+00  0.0000e+00     0.0000e+00  0.0000e+00     0.0000e+00  0.0000e+00 
1.8868e+03     0.0000e+00  0.0000e+00     0.0000e+00  0.0000e+00     0.0000e+00  0.0000e+00     0.0000e+00  0.0000e+00 
2.1170e+03     0.0000e+00  0.0000e+00     0.0000e+00  0.0000e+00     0.0000e+00  0.0000e+00     0.0000e+00  0.0000e+00 
2.3753e+03     0.0000e+00  0.0000e+00     0.0000e+00  0.0000e+00     0.0000e+00  0.0000e+00     0.0000e+00  0.0000e+00 
2.6651e+03     0.0000e+00  0.0000e+00     0.0000e+00  0.0000e+00     0.0000e+00  0.0000e+00     0.0000e+00  0.0000e+00 
2.9903e+03     0.0000e+00  0.0000e+00     0.0000e+00  0.0000e+00     0.0000e+00  0.0000e+00     0.0000e+00  0.0000e+00 
3.3552e+03     0.0000e+00  0.0000e+00     0.0000e+00  0.0000e+00     0.0000e+00  0.0000e+00     0.0000e+00  0.0000e+00 
3.7646e+03     0.0000e+00  0.0000e+00     0.0000e+00  0.0000e+00     0.0000e+00  0.0000e+00     0.0000e+00  0.0000e+00 
4.2240e+03     0.0000e+00  0.0000e+00     0.0000e+00  0.0000e+00     0.0000e+00  0.0000e+00     0.0000e+00  0.0000e+00 
4.7394e+03     0.0000e+00  0.0000e+00     0.0000e+00  0.0000e+00     0.0000e+00  0.0000e+00     0.0000e+00  0.0000e+00 
5.3176e+03     0.0000e+00  0.0000e+00     0.0000e+00  0.0000e+00     0.0000e+00  0.0000e+00     0.0000e+00  0.0000e+00 
5.9665e+03     0.0000e+00  0.0000e+00     0.0000e+00  0.0000e+00     0.0000e+00  0.0000e+00     0.0000e+00  0.0000e+00 
6.6945e+03     0.0000e+00  0.0000e+00     0.0000e+00  0.0000e+00     0.0000e+00  0.0000e+00     0.0000e+00  0.0000e+00 
7.5114e+03     0.0000e+00  0.0000e+00     0.0000e+00  0.0000e+00     0.0000e+00  0.0000e+00     0.0000e+00  0.0000e+00 
8.4279e+03     0.0000e+00  0.0000e+00     0.0000e+00  0.0000e+00     0.0000e+00  0.0000e+00     0.0000e+00  0.0000e+00 
9.4563e+03     0.0000e+00  0.0000e+00     0.0000e+00  0.0000e+00     0.0000e+00  0.0000e+00     0.0000e+00  0.0000e+00 
