yF = 1.3818e+01 (std: 3.0020e-02) keV/um
yD = 1.5702e+01 (std: 1.3454e-01) keV/um
y (keV/um)     f(y)(std)                  yf(y)(std)                 d(y)(std)                  yd(y)(std)  
1.0610e-01     5.2489e-03  1.2275e-03     5.5691e-04  1.3023e-04     4.0304e-05  9.4256e-06     4.2763e-06  1.0001e-06 
1.1905e-01     4.3857e-04  3.0836e-04     5.2211e-05  3.6709e-05     3.7785e-06  2.6567e-06     4.4982e-07  3.1627e-07 
1.3357e-01     9.7719e-04  6.9602e-04     1.3053e-04  9.2969e-05     9.4463e-06  6.7283e-06     1.2618e-06  8.9872e-07 
1.4987e-01     8.7092e-04  3.8143e-04     1.3053e-04  5.7165e-05     9.4463e-06  4.1371e-06     1.4157e-06  6.2004e-07 
1.6816e-01     1.0349e-03  2.5252e-04     1.7404e-04  4.2463e-05     1.2595e-05  3.0732e-06     2.1180e-06  5.1679e-07 
1.8868e-01     1.0608e-03  2.4701e-04     2.0014e-04  4.6605e-05     1.4484e-05  3.3730e-06     2.7329e-06  6.3641e-07 
2.1170e-01     5.3436e-04  1.6362e-04     1.1312e-04  3.4638e-05     8.1868e-06  2.5068e-06     1.7331e-06  5.3070e-07 
2.3753e-01     7.6932e-04  1.9266e-04     1.8274e-04  4.5764e-05     1.3225e-05  3.3121e-06     3.1413e-06  7.8672e-07 
2.6651e-01     1.2407e-03  3.2521e-04     3.3067e-04  8.6674e-05     2.3931e-05  6.2729e-06     6.3779e-06  1.6718e-06 
2.9903e-01     1.0185e-03  1.8424e-04     3.0456e-04  5.5095e-05     2.2041e-05  3.9876e-06     6.5911e-06  1.1924e-06 
3.3552e-01     1.3746e-03  3.6411e-04     4.6119e-04  1.2217e-04     3.3377e-05  8.8417e-06     1.1199e-05  2.9666e-06 
3.7646e-01     1.3175e-03  2.2862e-04     4.9600e-04  8.6068e-05     3.5896e-05  6.2293e-06     1.3513e-05  2.3451e-06 
4.2240e-01     1.5863e-03  5.9980e-04     6.7004e-04  2.5335e-04     4.8491e-05  1.8336e-05     2.0482e-05  7.7449e-06 
4.7394e-01     1.6708e-03  2.5246e-04     7.9186e-04  1.1965e-04     5.7308e-05  8.6600e-06     2.7160e-05  4.1043e-06 
5.3176e-01     1.8164e-03  4.1609e-04     9.6590e-04  2.2126e-04     6.9903e-05  1.6014e-05     3.7172e-05  8.5155e-06 
5.9665e-01     2.8002e-03  7.1832e-04     1.6707e-03  4.2858e-04     1.2091e-04  3.1018e-05     7.2143e-05  1.8507e-05 
6.6945e-01     2.5607e-03  2.6405e-04     1.7142e-03  1.7677e-04     1.2406e-04  1.2796e-05     8.3054e-05  8.5661e-06 
7.5114e-01     3.2553e-03  5.0964e-04     2.4452e-03  3.8281e-04     1.7696e-04  2.7707e-05     1.3292e-04  2.0812e-05 
8.4279e-01     3.5724e-03  4.8971e-04     3.0108e-03  4.1272e-04     2.1790e-04  2.9873e-05     1.8364e-04  2.5176e-05 
9.4563e-01     4.1778e-03  1.8365e-04     3.9506e-03  1.7366e-04     2.8591e-04  1.2583e-05     2.7036e-04  1.1899e-05 
1.0610e+00     4.4862e-03  2.1768e-04     4.7599e-03  2.3096e-04     3.4448e-04  1.6731e-05     3.6549e-04  1.7752e-05 
1.1905e+00     5.5406e-03  3.5390e-04     6.5959e-03  4.2131e-04     4.7736e-04  3.0508e-05     5.6828e-04  3.6319e-05 
1.3357e+00     6.6710e-03  3.4138e-04     8.9106e-03  4.5600e-04     6.4487e-04  3.3031e-05     8.6137e-04  4.4120e-05 
1.4987e+00     6.7700e-03  3.4089e-04     1.0146e-02  5.1090e-04     7.3430e-04  3.7009e-05     1.1005e-03  5.5465e-05 
1.6816e+00     7.8501e-03  2.5165e-04     1.3201e-02  4.2317e-04     9.5534e-04  3.0695e-05     1.6065e-03  5.1617e-05 
1.8868e+00     8.8550e-03  1.7788e-04     1.6707e-02  3.3561e-04     1.2091e-03  2.4430e-05     2.2814e-03  4.6095e-05 
2.1170e+00     9.8815e-03  2.4424e-04     2.0919e-02  5.1705e-04     1.5139e-03  3.7564e-05     3.2050e-03  7.9522e-05 
2.3753e+00     1.0774e-02  2.1932e-04     2.5592e-02  5.2095e-04     1.8521e-03  3.7916e-05     4.3993e-03  9.0061e-05 
2.6651e+00     1.2064e-02  3.7708e-04     3.2153e-02  1.0050e-03     2.3270e-03  7.2907e-05     6.2016e-03  1.9431e-04 
2.9903e+00     1.3432e-02  3.4927e-04     4.0167e-02  1.0444e-03     2.9070e-03  7.5850e-05     8.6928e-03  2.2682e-04 
3.3552e+00     1.5115e-02  2.9394e-04     5.0714e-02  9.8624e-04     3.6702e-03  7.1819e-05     1.2314e-02  2.4097e-04 
3.7646e+00     1.6432e-02  3.5873e-04     6.1861e-02  1.3505e-03     4.4769e-03  9.8219e-05     1.6854e-02  3.6975e-04 
4.2240e+00     1.8776e-02  5.4987e-04     7.9308e-02  2.3226e-03     5.7396e-03  1.6855e-04     2.4244e-02  7.1196e-04 
4.7394e+00     2.1052e-02  2.7764e-04     9.9774e-02  1.3159e-03     7.2208e-03  9.6514e-05     3.4222e-02  4.5741e-04 
5.3176e+00     2.3466e-02  3.5172e-04     1.2478e-01  1.8703e-03     9.0307e-03  1.3677e-04     4.8022e-02  7.2731e-04 
5.9665e+00     2.6494e-02  6.2145e-04     1.5808e-01  3.7079e-03     1.1440e-02  2.6949e-04     6.8258e-02  1.6079e-03 
6.6945e+00     2.9675e-02  4.4377e-04     1.9866e-01  2.9708e-03     1.4377e-02  2.1726e-04     9.6249e-02  1.4545e-03 
7.5114e+00     3.3252e-02  1.6128e-04     2.4977e-01  1.2115e-03     1.8076e-02  9.6069e-05     1.3577e-01  7.2161e-04 
8.4279e+00     3.8508e-02  2.2716e-04     3.2454e-01  1.9145e-03     2.3487e-02  1.4765e-04     1.9795e-01  1.2444e-03 
9.4563e+00     4.3210e-02  3.1332e-04     4.0860e-01  2.9628e-03     2.9571e-02  2.2384e-04     2.7963e-01  2.1167e-03 
1.0610e+01     4.9640e-02  1.3253e-04     5.2668e-01  1.4061e-03     3.8117e-02  1.3120e-04     4.0442e-01  1.3920e-03 
1.1905e+01     5.7661e-02  3.5827e-04     6.8644e-01  4.2651e-03     4.9678e-02  3.2699e-04     5.9141e-01  3.8928e-03 
1.3357e+01     6.6785e-02  5.1781e-04     8.9207e-01  6.9165e-03     6.4560e-02  5.1983e-04     8.6235e-01  6.9436e-03 
1.4987e+01     7.8890e-02  4.6996e-04     1.1823e+00  7.0434e-03     8.5568e-02  5.4258e-04     1.2824e+00  8.1317e-03 
1.6816e+01     9.1032e-02  4.8918e-04     1.5308e+00  8.2260e-03     1.1078e-01  6.4214e-04     1.8629e+00  1.0798e-02 
1.8868e+01     7.0126e-02  4.0085e-04     1.3231e+00  7.5630e-03     9.5755e-02  5.8555e-04     1.8067e+00  1.1048e-02 
2.1170e+01     2.4171e-02  1.1553e-04     5.1169e-01  2.4458e-03     3.7032e-02  1.9443e-04     7.8396e-01  4.1161e-03 
2.3753e+01     3.4902e-03  4.0931e-05     8.2902e-02  9.7224e-04     5.9997e-03  7.1559e-05     1.4251e-01  1.6998e-03 
2.6651e+01     2.0015e-04  2.0558e-05     5.3342e-03  5.4791e-04     3.8604e-04  3.9662e-05     1.0289e-02  1.0570e-03 
2.9903e+01     6.1109e-06  1.8123e-06     1.8274e-04  5.4194e-05     1.3225e-05  3.9222e-06     3.9547e-04  1.1729e-04 
3.3552e+01     1.2968e-06  6.7220e-07     4.3509e-05  2.2554e-05     3.1488e-06  1.6322e-06     1.0565e-04  5.4765e-05 
3.7646e+01     4.6229e-07  1.4991e-06     1.7404e-05  5.6433e-05     1.2595e-06  4.0841e-06     4.7416e-05  1.5375e-04 
4.2240e+01     8.2404e-07  1.3459e-06     3.4807e-05  5.6851e-05     2.5190e-06  4.1144e-06     1.0640e-04  1.7379e-04 
4.7394e+01     1.8361e-07  1.0893e-07     8.7018e-06  5.1625e-06     6.2976e-07  3.7362e-07     2.9846e-05  1.7707e-05 
5.3176e+01     4.9092e-07  2.2176e-07     2.6105e-05  1.1793e-05     1.8893e-06  8.5345e-07     1.0046e-04  4.5383e-05 
5.9665e+01     2.9169e-07  2.3751e-07     1.7404e-05  1.4171e-05     1.2595e-06  1.0256e-06     7.5149e-05  6.1190e-05 
6.6945e+01     0.0000e+00  0.0000e+00     0.0000e+00  0.0000e+00     0.0000e+00  0.0000e+00     0.0000e+00  0.0000e+00 
7.5114e+01     2.3170e-07  3.3594e-07     1.7404e-05  2.5234e-05     1.2595e-06  1.8262e-06     9.4607e-05  1.3717e-04 
8.4279e+01     2.0650e-07  9.4331e-08     1.7404e-05  7.9501e-06     1.2595e-06  5.7536e-07     1.0615e-04  4.8491e-05 
9.4563e+01     0.0000e+00  0.0000e+00     0.0000e+00  0.0000e+00     0.0000e+00  0.0000e+00     0.0000e+00  0.0000e+00 
1.0610e+02     2.4604e-07  2.6801e-07     2.6105e-05  2.8436e-05     1.8893e-06  2.0580e-06     2.0045e-04  2.1835e-04 
1.1905e+02     0.0000e+00  0.0000e+00     0.0000e+00  0.0000e+00     0.0000e+00  0.0000e+00     0.0000e+00  0.0000e+00 
1.3357e+02     1.3029e-07  6.8843e-08     1.7404e-05  9.1956e-06     1.2595e-06  6.6550e-07     1.6824e-04  8.8893e-05 
1.4987e+02     5.8061e-08  5.9665e-08     8.7018e-06  8.9420e-06     6.2976e-07  6.4715e-07     9.4383e-05  9.6989e-05 
1.6816e+02     0.0000e+00  0.0000e+00     0.0000e+00  0.0000e+00     0.0000e+00  0.0000e+00     0.0000e+00  0.0000e+00 
1.8868e+02     4.6120e-08  3.9300e-08     8.7018e-06  7.4150e-06     6.2976e-07  5.3663e-07     1.1882e-04  1.0125e-04 
2.1170e+02     0.0000e+00  0.0000e+00     0.0000e+00  0.0000e+00     0.0000e+00  0.0000e+00     0.0000e+00  0.0000e+00 
2.3753e+02     3.6634e-08  4.9398e-08     8.7018e-06  1.1734e-05     6.2976e-07  8.4917e-07     1.4959e-04  2.0170e-04 
2.6651e+02     6.5301e-08  3.1939e-08     1.7404e-05  8.5123e-06     1.2595e-06  6.1605e-07     3.3568e-04  1.6419e-04 
2.9903e+02     2.9100e-08  2.0675e-08     8.7018e-06  6.1826e-06     6.2976e-07  4.4745e-07     1.8832e-04  1.3380e-04 
3.3552e+02     2.5935e-08  2.5937e-09     8.7018e-06  8.7024e-07     6.2976e-07  6.2995e-08     2.1130e-04  2.1136e-05 
3.7646e+02     6.9344e-08  3.1318e-08     2.6105e-05  1.1790e-05     1.8893e-06  8.5327e-07     7.1123e-04  3.2122e-04 
4.2240e+02     2.0601e-08  1.9557e-08     8.7018e-06  8.2609e-06     6.2976e-07  5.9785e-07     2.6601e-04  2.5253e-04 
4.7394e+02     0.0000e+00  0.0000e+00     0.0000e+00  0.0000e+00     0.0000e+00  0.0000e+00     0.0000e+00  0.0000e+00 
5.3176e+02     0.0000e+00  0.0000e+00     0.0000e+00  0.0000e+00     0.0000e+00  0.0000e+00     0.0000e+00  0.0000e+00 
5.9665e+02     1.4584e-08  1.4374e-08     8.7018e-06  8.5764e-06     6.2976e-07  6.2069e-07     3.7574e-04  3.7033e-04 
6.6945e+02     1.2998e-08  9.6764e-09     8.7018e-06  6.4779e-06     6.2976e-07  4.6881e-07     4.2159e-04  3.1385e-04 
7.5114e+02     0.0000e+00  0.0000e+00     0.0000e+00  0.0000e+00     0.0000e+00  0.0000e+00     0.0000e+00  0.0000e+00 
8.4279e+02     1.0325e-08  2.4530e-08     8.7018e-06  2.0674e-05     6.2976e-07  1.4962e-06     5.3075e-04  1.2610e-03 
9.4563e+02     0.0000e+00  0.0000e+00     0.0000e+00  0.0000e+00     0.0000e+00  0.0000e+00     0.0000e+00  0.0000e+00 
1.0610e+03     0.0000e+00  0.0000e+00     0.0000e+00  0.0000e+00     0.0000e+00  0.0000e+00     0.0000e+00  0.0000e+00 
1.1905e+03     0.0000e+00  0.0000e+00     0.0000e+00  0.0000e+00     0.0000e+00  0.0000e+00     0.0000e+00  0.0000e+00 
1.3357e+03     0.0000e+00  0.0000e+00     0.0000e+00  0.0000e+00     0.0000e+00  0.0000e+00     0.0000e+00  0.0000e+00 
1.4987e+03     0.0000e+00  0.0000e+00     0.0000e+00  0.0000e+00     0.0000e+00  0.0000e+00     0.0000e+00  0.0000e+00 
1.6816e+03     0.0000e+00  0.0000e+00     0.0000e+00  0.0000e+00     0.0000e+00  0.0000e+00     0.0000e+00  0.0000e+00 
1.8868e+03     0.0000e+00  0.0000e+00     0.0000e+00  0.0000e+00     0.0000e+00  0.0000e+00     0.0000e+00  0.0000e+00 
2.1170e+03     0.0000e+00  0.0000e+00     0.0000e+00  0.0000e+00     0.0000e+00  0.0000e+00     0.0000e+00  0.0000e+00 
2.3753e+03     0.0000e+00  0.0000e+00     0.0000e+00  0.0000e+00     0.0000e+00  0.0000e+00     0.0000e+00  0.0000e+00 
2.6651e+03     0.0000e+00  0.0000e+00     0.0000e+00  0.0000e+00     0.0000e+00  0.0000e+00     0.0000e+00  0.0000e+00 
2.9903e+03     0.0000e+00  0.0000e+00     0.0000e+00  0.0000e+00     0.0000e+00  0.0000e+00     0.0000e+00  0.0000e+00 
3.3552e+03     0.0000e+00  0.0000e+00     0.0000e+00  0.0000e+00     0.0000e+00  0.0000e+00     0.0000e+00  0.0000e+00 
3.7646e+03     0.0000e+00  0.0000e+00     0.0000e+00  0.0000e+00     0.0000e+00  0.0000e+00     0.0000e+00  0.0000e+00 
4.2240e+03     0.0000e+00  0.0000e+00     0.0000e+00  0.0000e+00     0.0000e+00  0.0000e+00     0.0000e+00  0.0000e+00 
4.7394e+03     0.0000e+00  0.0000e+00     0.0000e+00  0.0000e+00     0.0000e+00  0.0000e+00     0.0000e+00  0.0000e+00 
5.3176e+03     0.0000e+00  0.0000e+00     0.0000e+00  0.0000e+00     0.0000e+00  0.0000e+00     0.0000e+00  0.0000e+00 
5.9665e+03     0.0000e+00  0.0000e+00     0.0000e+00  0.0000e+00     0.0000e+00  0.0000e+00     0.0000e+00  0.0000e+00 
6.6945e+03     0.0000e+00  0.0000e+00     0.0000e+00  0.0000e+00     0.0000e+00  0.0000e+00     0.0000e+00  0.0000e+00 
7.5114e+03     0.0000e+00  0.0000e+00     0.0000e+00  0.0000e+00     0.0000e+00  0.0000e+00     0.0000e+00  0.0000e+00 
8.4279e+03     0.0000e+00  0.0000e+00     0.0000e+00  0.0000e+00     0.0000e+00  0.0000e+00     0.0000e+00  0.0000e+00 
9.4563e+03     0.0000e+00  0.0000e+00     0.0000e+00  0.0000e+00     0.0000e+00  0.0000e+00     0.0000e+00  0.0000e+00 
