yF = 1.2791e+01 (std: 2.8132e-02) keV/um
yD = 1.4667e+01 (std: 9.7256e-02) keV/um
y (keV/um)     f(y)(std)                  yf(y)(std)                 d(y)(std)                  yd(y)(std)  
1.0610e-01     6.8075e-03  1.1825e-03     7.2228e-04  1.2546e-04     5.6469e-05  9.8097e-06     5.9914e-06  1.0408e-06 
1.1905e-01     3.6549e-04  1.2741e-04     4.3511e-05  1.5167e-05     3.4018e-06  1.1858e-06     4.0497e-07  1.4117e-07 
1.3357e-01     1.0424e-03  3.2535e-04     1.3924e-04  4.3458e-05     1.0886e-05  3.3977e-06     1.4540e-06  4.5384e-07 
1.4987e-01     5.8065e-04  1.8532e-04     8.7022e-05  2.7774e-05     6.8035e-06  2.1715e-06     1.0197e-06  3.2544e-07 
1.6816e-01     7.2450e-04  2.5818e-04     1.2183e-04  4.3416e-05     9.5249e-06  3.3943e-06     1.6017e-06  5.7079e-07 
1.8868e-01     9.6857e-04  4.7814e-04     1.8275e-04  9.0214e-05     1.4287e-05  7.0531e-06     2.6957e-06  1.3308e-06 
2.1170e-01     1.0277e-03  3.8065e-04     2.1756e-04  8.0583e-05     1.7009e-05  6.3002e-06     3.6007e-06  1.3338e-06 
2.3753e-01     9.8918e-04  3.5541e-04     2.3496e-04  8.4420e-05     1.8369e-05  6.6002e-06     4.3633e-06  1.5677e-06 
2.6651e-01     1.0775e-03  4.0831e-04     2.8717e-04  1.0882e-04     2.2452e-05  8.5079e-06     5.9837e-06  2.2675e-06 
2.9903e-01     1.1640e-03  2.9479e-04     3.4809e-04  8.8151e-05     2.7214e-05  6.8920e-06     8.1379e-06  2.0609e-06 
3.3552e-01     1.2709e-03  2.8725e-04     4.2641e-04  9.6379e-05     3.3337e-05  7.5354e-06     1.1185e-05  2.5283e-06 
3.7646e-01     1.6875e-03  2.1586e-04     6.3526e-04  8.1263e-05     4.9666e-05  6.3542e-06     1.8697e-05  2.3921e-06 
4.2240e-01     2.1426e-03  3.7952e-04     9.0503e-04  1.6031e-04     7.0757e-05  1.2534e-05     2.9887e-05  5.2943e-06 
4.7394e-01     1.9831e-03  1.9996e-04     9.3984e-04  9.4766e-05     7.3478e-05  7.4107e-06     3.4824e-05  3.5122e-06 
5.3176e-01     2.2747e-03  2.8552e-04     1.2096e-03  1.5183e-04     9.4569e-05  1.1872e-05     5.0288e-05  6.3132e-06 
5.9665e-01     2.8295e-03  7.8077e-04     1.6882e-03  4.6585e-04     1.3199e-04  3.6422e-05     7.8751e-05  2.1731e-05 
6.6945e-01     3.1458e-03  1.8990e-04     2.1059e-03  1.2713e-04     1.6464e-04  9.9456e-06     1.1022e-04  6.6581e-06 
7.5114e-01     3.6957e-03  2.3287e-04     2.7760e-03  1.7492e-04     2.1703e-04  1.3684e-05     1.6302e-04  1.0278e-05 
8.4279e-01     4.5122e-03  2.3725e-04     3.8029e-03  1.9995e-04     2.9731e-04  1.5646e-05     2.5057e-04  1.3186e-05 
9.4563e-01     4.7854e-03  3.4942e-04     4.5252e-03  3.3042e-04     3.5378e-04  2.5845e-05     3.3455e-04  2.4439e-05 
1.0610e+00     5.9381e-03  2.2999e-04     6.3004e-03  2.4402e-04     4.9257e-04  1.9109e-05     5.2263e-04  2.0275e-05 
1.1905e+00     6.7543e-03  3.0283e-04     8.0408e-03  3.6051e-04     6.2864e-04  2.8219e-05     7.4838e-04  3.3594e-05 
1.3357e+00     6.9580e-03  1.8447e-04     9.2940e-03  2.4641e-04     7.2662e-04  1.9331e-05     9.7056e-04  2.5820e-05 
1.4987e+00     8.2568e-03  6.2977e-04     1.2375e-02  9.4384e-04     9.6746e-04  7.3821e-05     1.4499e-03  1.1064e-04 
1.6816e+00     9.1235e-03  4.0677e-04     1.5342e-02  6.8402e-04     1.1995e-03  5.3543e-05     2.0170e-03  9.0036e-05 
1.8868e+00     1.0396e-02  2.5424e-04     1.9615e-02  4.7968e-04     1.5335e-03  3.7654e-05     2.8934e-03  7.1044e-05 
2.1170e+00     1.1021e-02  3.4107e-04     2.3331e-02  7.2205e-04     1.8240e-03  5.6593e-05     3.8614e-03  1.1981e-04 
2.3753e+00     1.2870e-02  2.4963e-04     3.0571e-02  5.9295e-04     2.3901e-03  4.6654e-05     5.6772e-03  1.1082e-04 
2.6651e+00     1.3782e-02  3.9811e-04     3.6732e-02  1.0610e-03     2.8718e-03  8.3191e-05     7.6536e-03  2.2172e-04 
2.9903e+00     1.5767e-02  6.1817e-04     4.7149e-02  1.8485e-03     3.6861e-03  1.4475e-04     1.1023e-02  4.3284e-04 
3.3552e+00     1.7479e-02  2.5076e-04     5.8644e-02  8.4136e-04     4.5849e-03  6.6547e-05     1.5383e-02  2.2328e-04 
3.7646e+00     1.9517e-02  1.9815e-04     7.3473e-02  7.4597e-04     5.7442e-03  5.9673e-05     2.1625e-02  2.2465e-04 
4.2240e+00     2.1984e-02  4.0071e-04     9.2861e-02  1.6926e-03     7.2600e-03  1.3329e-04     3.0666e-02  5.6301e-04 
4.7394e+00     2.4146e-02  2.7786e-04     1.1443e-01  1.3169e-03     8.9466e-03  1.0482e-04     4.2401e-02  4.9677e-04 
5.3176e+00     2.7668e-02  3.2647e-04     1.4713e-01  1.7361e-03     1.1503e-02  1.3807e-04     6.1167e-02  7.3418e-04 
5.9665e+00     3.1276e-02  5.5277e-04     1.8661e-01  3.2981e-03     1.4589e-02  2.5984e-04     8.7048e-02  1.5503e-03 
6.6945e+00     3.4817e-02  2.7372e-04     2.3308e-01  1.8324e-03     1.8223e-02  1.4876e-04     1.2199e-01  9.9589e-04 
7.5114e+00     3.9294e-02  4.5525e-04     2.9515e-01  3.4196e-03     2.3075e-02  2.7212e-04     1.7333e-01  2.0440e-03 
8.4279e+00     4.5119e-02  2.6530e-04     3.8026e-01  2.2359e-03     2.9729e-02  1.8664e-04     2.5056e-01  1.5730e-03 
9.4563e+00     5.1293e-02  5.4558e-04     4.8504e-01  5.1592e-03     3.7921e-02  4.1188e-04     3.5859e-01  3.8949e-03 
1.0610e+01     5.9695e-02  5.3138e-04     6.3337e-01  5.6380e-03     4.9518e-02  4.5404e-04     5.2539e-01  4.8174e-03 
1.1905e+01     6.8549e-02  3.0324e-04     8.1606e-01  3.6100e-03     6.3801e-02  3.1519e-04     7.5953e-01  3.7523e-03 
1.3357e+01     8.0910e-02  3.6632e-04     1.0807e+00  4.8930e-03     8.4494e-02  4.2529e-04     1.1286e+00  5.6807e-03 
1.4987e+01     9.5027e-02  3.8895e-04     1.4242e+00  5.8293e-03     1.1134e-01  5.1737e-04     1.6687e+00  7.7539e-03 
1.6816e+01     8.8126e-02  5.8917e-04     1.4819e+00  9.9074e-03     1.1586e-01  8.1541e-04     1.9483e+00  1.3712e-02 
1.8868e+01     4.0510e-02  2.0800e-04     7.6432e-01  3.9245e-03     5.9756e-02  3.3378e-04     1.1275e+00  6.2977e-03 
2.1170e+01     8.4301e-03  1.4923e-04     1.7847e-01  3.1591e-03     1.3953e-02  2.4888e-04     2.9538e-01  5.2689e-03 
2.3753e+01     7.7449e-04  2.6395e-05     1.8396e-02  6.2696e-04     1.4383e-03  4.9119e-05     3.4163e-02  1.1667e-03 
2.6651e+01     3.0366e-05  4.2766e-06     8.0931e-04  1.1398e-04     6.3273e-05  8.9119e-06     1.6863e-03  2.3751e-04 
2.9903e+01     2.6191e-06  9.4270e-07     7.8320e-05  2.8190e-05     6.1232e-06  2.2040e-06     1.8310e-04  6.5906e-05 
3.3552e+01     1.0375e-06  4.4369e-07     3.4809e-05  1.4887e-05     2.7214e-06  1.1639e-06     9.1309e-05  3.9051e-05 
3.7646e+01     4.6232e-07  3.0492e-07     1.7404e-05  1.1479e-05     1.3607e-06  8.9745e-07     5.1225e-05  3.3785e-05 
4.2240e+01     2.0602e-07  1.4637e-07     8.7022e-06  6.1826e-06     6.8035e-07  4.8337e-07     2.8738e-05  2.0417e-05 
4.7394e+01     1.8362e-07  4.1055e-08     8.7022e-06  1.9457e-06     6.8035e-07  1.5213e-07     3.2244e-05  7.2098e-06 
5.3176e+01     0.0000e+00  0.0000e+00     0.0000e+00  0.0000e+00     0.0000e+00  0.0000e+00     0.0000e+00  0.0000e+00 
5.9665e+01     0.0000e+00  0.0000e+00     0.0000e+00  0.0000e+00     0.0000e+00  0.0000e+00     0.0000e+00  0.0000e+00 
6.6945e+01     2.5998e-07  3.0615e-07     1.7404e-05  2.0495e-05     1.3607e-06  1.6024e-06     9.1092e-05  1.0727e-04 
7.5114e+01     3.4756e-07  2.3512e-07     2.6107e-05  1.7660e-05     2.0411e-06  1.3807e-06     1.5331e-04  1.0371e-04 
8.4279e+01     1.0325e-07  5.1787e-07     8.7022e-06  4.3645e-05     6.8035e-07  3.4122e-06     5.7339e-05  2.8758e-04 
9.4563e+01     1.8405e-07  7.7084e-08     1.7404e-05  7.2892e-06     1.3607e-06  5.6989e-07     1.2867e-04  5.3890e-05 
1.0610e+02     1.6404e-07  2.5411e-07     1.7404e-05  2.6961e-05     1.3607e-06  2.1079e-06     1.4437e-04  2.2365e-04 
1.1905e+02     7.3099e-08  2.1675e-07     8.7022e-06  2.5803e-05     6.8035e-07  2.0174e-06     8.0994e-05  2.4016e-04 
1.3357e+02     0.0000e+00  0.0000e+00     0.0000e+00  0.0000e+00     0.0000e+00  0.0000e+00     0.0000e+00  0.0000e+00 
1.4987e+02     0.0000e+00  0.0000e+00     0.0000e+00  0.0000e+00     0.0000e+00  0.0000e+00     0.0000e+00  0.0000e+00 
1.6816e+02     1.0350e-07  4.4466e-08     1.7404e-05  7.4774e-06     1.3607e-06  5.8460e-07     2.2881e-04  9.8305e-05 
1.8868e+02     0.0000e+00  0.0000e+00     0.0000e+00  0.0000e+00     0.0000e+00  0.0000e+00     0.0000e+00  0.0000e+00 
2.1170e+02     0.0000e+00  0.0000e+00     0.0000e+00  0.0000e+00     0.0000e+00  0.0000e+00     0.0000e+00  0.0000e+00 
2.3753e+02     0.0000e+00  0.0000e+00     0.0000e+00  0.0000e+00     0.0000e+00  0.0000e+00     0.0000e+00  0.0000e+00 
2.6651e+02     9.7956e-08  2.0902e-07     2.6107e-05  5.5705e-05     2.0411e-06  4.3551e-06     5.4397e-04  1.1607e-03 
2.9903e+02     2.9101e-08  1.0490e-08     8.7022e-06  3.1370e-06     6.8035e-07  2.4526e-07     2.0345e-04  7.3340e-05 
3.3552e+02     2.5936e-08  1.6709e-08     8.7022e-06  5.6062e-06     6.8035e-07  4.3830e-07     2.2827e-04  1.4706e-04 
3.7646e+02     0.0000e+00  0.0000e+00     0.0000e+00  0.0000e+00     0.0000e+00  0.0000e+00     0.0000e+00  0.0000e+00 
4.2240e+02     4.1204e-08  1.7384e-08     1.7404e-05  7.3429e-06     1.3607e-06  5.7409e-07     5.7475e-04  2.4249e-04 
4.7394e+02     5.5085e-08  2.3619e-08     2.6107e-05  1.1194e-05     2.0411e-06  8.7516e-07     9.6733e-04  4.1477e-04 
5.3176e+02     0.0000e+00  0.0000e+00     0.0000e+00  0.0000e+00     0.0000e+00  0.0000e+00     0.0000e+00  0.0000e+00 
5.9665e+02     0.0000e+00  0.0000e+00     0.0000e+00  0.0000e+00     0.0000e+00  0.0000e+00     0.0000e+00  0.0000e+00 
6.6945e+02     0.0000e+00  0.0000e+00     0.0000e+00  0.0000e+00     0.0000e+00  0.0000e+00     0.0000e+00  0.0000e+00 
7.5114e+02     0.0000e+00  0.0000e+00     0.0000e+00  0.0000e+00     0.0000e+00  0.0000e+00     0.0000e+00  0.0000e+00 
8.4279e+02     2.0651e-08  9.6474e-09     1.7404e-05  8.1307e-06     1.3607e-06  6.3568e-07     1.1468e-03  5.3574e-04 
9.4563e+02     9.2026e-09  7.6363e-09     8.7022e-06  7.2211e-06     6.8035e-07  5.6456e-07     6.4336e-04  5.3386e-04 
1.0610e+03     0.0000e+00  0.0000e+00     0.0000e+00  0.0000e+00     0.0000e+00  0.0000e+00     0.0000e+00  0.0000e+00 
1.1905e+03     0.0000e+00  0.0000e+00     0.0000e+00  0.0000e+00     0.0000e+00  0.0000e+00     0.0000e+00  0.0000e+00 
1.3357e+03     0.0000e+00  0.0000e+00     0.0000e+00  0.0000e+00     0.0000e+00  0.0000e+00     0.0000e+00  0.0000e+00 
1.4987e+03     0.0000e+00  0.0000e+00     0.0000e+00  0.0000e+00     0.0000e+00  0.0000e+00     0.0000e+00  0.0000e+00 
1.6816e+03     0.0000e+00  0.0000e+00     0.0000e+00  0.0000e+00     0.0000e+00  0.0000e+00     0.0000e+00  0.0000e+00 
1.8868e+03     0.0000e+00  0.0000e+00     0.0000e+00  0.0000e+00     0.0000e+00  0.0000e+00     0.0000e+00  0.0000e+00 
2.1170e+03     0.0000e+00  0.0000e+00     0.0000e+00  0.0000e+00     0.0000e+00  0.0000e+00     0.0000e+00  0.0000e+00 
2.3753e+03     0.0000e+00  0.0000e+00     0.0000e+00  0.0000e+00     0.0000e+00  0.0000e+00     0.0000e+00  0.0000e+00 
2.6651e+03     0.0000e+00  0.0000e+00     0.0000e+00  0.0000e+00     0.0000e+00  0.0000e+00     0.0000e+00  0.0000e+00 
2.9903e+03     0.0000e+00  0.0000e+00     0.0000e+00  0.0000e+00     0.0000e+00  0.0000e+00     0.0000e+00  0.0000e+00 
3.3552e+03     0.0000e+00  0.0000e+00     0.0000e+00  0.0000e+00     0.0000e+00  0.0000e+00     0.0000e+00  0.0000e+00 
3.7646e+03     0.0000e+00  0.0000e+00     0.0000e+00  0.0000e+00     0.0000e+00  0.0000e+00     0.0000e+00  0.0000e+00 
4.2240e+03     0.0000e+00  0.0000e+00     0.0000e+00  0.0000e+00     0.0000e+00  0.0000e+00     0.0000e+00  0.0000e+00 
4.7394e+03     0.0000e+00  0.0000e+00     0.0000e+00  0.0000e+00     0.0000e+00  0.0000e+00     0.0000e+00  0.0000e+00 
5.3176e+03     0.0000e+00  0.0000e+00     0.0000e+00  0.0000e+00     0.0000e+00  0.0000e+00     0.0000e+00  0.0000e+00 
5.9665e+03     0.0000e+00  0.0000e+00     0.0000e+00  0.0000e+00     0.0000e+00  0.0000e+00     0.0000e+00  0.0000e+00 
6.6945e+03     0.0000e+00  0.0000e+00     0.0000e+00  0.0000e+00     0.0000e+00  0.0000e+00     0.0000e+00  0.0000e+00 
7.5114e+03     0.0000e+00  0.0000e+00     0.0000e+00  0.0000e+00     0.0000e+00  0.0000e+00     0.0000e+00  0.0000e+00 
8.4279e+03     0.0000e+00  0.0000e+00     0.0000e+00  0.0000e+00     0.0000e+00  0.0000e+00     0.0000e+00  0.0000e+00 
9.4563e+03     0.0000e+00  0.0000e+00     0.0000e+00  0.0000e+00     0.0000e+00  0.0000e+00     0.0000e+00  0.0000e+00 
