yF = 1.2502e+01 (std: 2.2661e-02) keV/um
yD = 1.4201e+01 (std: 5.1400e-02) keV/um
y (keV/um)     f(y)(std)                  yf(y)(std)                 d(y)(std)                  yd(y)(std)  
1.0610e-01     6.0694e-03  1.1679e-03     6.4397e-04  1.2392e-04     5.1511e-05  9.9127e-06     5.4654e-06  1.0517e-06 
1.1905e-01     8.7719e-04  2.3463e-04     1.0443e-04  2.7932e-05     8.3531e-06  2.2343e-06     9.9442e-07  2.6599e-07 
1.3357e-01     1.1727e-03  2.3926e-04     1.5664e-04  3.1959e-05     1.2530e-05  2.5565e-06     1.6736e-06  3.4148e-07 
1.4987e-01     6.9678e-04  2.0489e-04     1.0443e-04  3.0707e-05     8.3531e-06  2.4563e-06     1.2519e-06  3.6813e-07 
1.6816e-01     6.7276e-04  2.3091e-04     1.1313e-04  3.8829e-05     9.0492e-06  3.1060e-06     1.5217e-06  5.2230e-07 
1.8868e-01     5.0735e-04  1.5173e-04     9.5725e-05  2.8629e-05     7.6570e-06  2.2900e-06     1.4447e-06  4.3208e-07 
2.1170e-01     7.8103e-04  4.0844e-04     1.6534e-04  8.6466e-05     1.3226e-05  6.9165e-06     2.7999e-06  1.4642e-06 
2.3753e-01     1.3556e-03  4.4059e-04     3.2198e-04  1.0465e-04     2.5755e-05  8.3714e-06     6.1177e-06  1.9885e-06 
2.6651e-01     1.1755e-03  3.0578e-04     3.1328e-04  8.1494e-05     2.5059e-05  6.5188e-06     6.6787e-06  1.7374e-06 
2.9903e-01     1.3096e-03  3.0931e-04     3.9160e-04  9.2494e-05     3.1324e-05  7.3988e-06     9.3670e-06  2.2125e-06 
3.3552e-01     1.3487e-03  3.4991e-04     4.5252e-04  1.1740e-04     3.6197e-05  9.3912e-06     1.2145e-05  3.1509e-06 
3.7646e-01     1.8724e-03  2.8246e-04     7.0489e-04  1.0634e-04     5.6384e-05  8.5064e-06     2.1226e-05  3.2023e-06 
4.2240e-01     2.2044e-03  2.6818e-04     9.3115e-04  1.1328e-04     7.4482e-05  9.0622e-06     3.1461e-05  3.8278e-06 
4.7394e-01     2.2401e-03  2.3818e-04     1.0617e-03  1.1288e-04     8.4924e-05  9.0309e-06     4.0248e-05  4.2801e-06 
5.3176e-01     2.5366e-03  4.1815e-04     1.3489e-03  2.2236e-04     1.0789e-04  1.7787e-05     5.7375e-05  9.4587e-06 
5.9665e-01     3.1650e-03  2.7467e-04     1.8884e-03  1.6388e-04     1.5105e-04  1.3112e-05     9.0125e-05  7.8232e-06 
6.6945e-01     3.5618e-03  2.8883e-04     2.3844e-03  1.9336e-04     1.9073e-04  1.5470e-05     1.2768e-04  1.0357e-05 
7.5114e-01     3.6494e-03  1.8485e-04     2.7412e-03  1.3885e-04     2.1927e-04  1.1113e-05     1.6470e-04  8.3476e-06 
8.4279e-01     4.4607e-03  4.0038e-04     3.7594e-03  3.3743e-04     3.0071e-04  2.6997e-05     2.5344e-04  2.2753e-05 
9.4563e-01     5.2547e-03  3.5492e-04     4.9690e-03  3.3562e-04     3.9747e-04  2.6856e-05     3.7586e-04  2.5396e-05 
1.0610e+00     6.1022e-03  3.8748e-04     6.4745e-03  4.1112e-04     5.1789e-04  3.2899e-05     5.4949e-04  3.4906e-05 
1.1905e+00     6.6447e-03  2.0367e-04     7.9104e-03  2.4246e-04     6.3275e-04  1.9428e-05     7.5327e-04  2.3129e-05 
1.3357e+00     7.9222e-03  7.6557e-04     1.0582e-02  1.0226e-03     8.4645e-04  8.1812e-05     1.1306e-03  1.0928e-04 
1.4987e+00     8.6401e-03  3.9649e-04     1.2949e-02  5.9423e-04     1.0358e-03  4.7570e-05     1.5524e-03  7.1293e-05 
1.6816e+00     9.4134e-03  3.8456e-04     1.5829e-02  6.4666e-04     1.2662e-03  5.1777e-05     2.1292e-03  8.7068e-05 
1.8868e+00     1.0880e-02  1.5148e-04     2.0529e-02  2.8581e-04     1.6421e-03  2.3055e-05     3.0982e-03  4.3499e-05 
2.1170e+00     1.1831e-02  3.5284e-04     2.5045e-02  7.4697e-04     2.0034e-03  5.9860e-05     4.2411e-03  1.2672e-04 
2.3753e+00     1.3409e-02  3.3544e-04     3.1850e-02  7.9678e-04     2.5477e-03  6.3901e-05     6.0516e-03  1.5178e-04 
2.6651e+00     1.4475e-02  3.7570e-04     3.8577e-02  1.0013e-03     3.0858e-03  8.0287e-05     8.2240e-03  2.1398e-04 
2.9903e+00     1.6250e-02  3.1858e-04     4.8594e-02  9.5267e-04     3.8870e-03  7.6529e-05     1.1623e-02  2.2885e-04 
3.3552e+00     1.8174e-02  4.5386e-04     6.0977e-02  1.5228e-03     4.8775e-03  1.2213e-04     1.6365e-02  4.0977e-04 
3.7646e+00     2.0571e-02  2.8213e-04     7.7442e-02  1.0621e-03     6.1945e-03  8.5695e-05     2.3320e-02  3.2261e-04 
4.2240e+00     2.2726e-02  4.1740e-04     9.5995e-02  1.7631e-03     7.6786e-03  1.4171e-04     3.2434e-02  5.9859e-04 
4.7394e+00     2.5745e-02  2.2401e-04     1.2201e-01  1.0616e-03     9.7599e-03  8.6744e-05     4.6256e-02  4.1111e-04 
5.3176e+00     2.9000e-02  3.7261e-04     1.5421e-01  1.9814e-03     1.2335e-02  1.6006e-04     6.5596e-02  8.5116e-04 
5.9665e+00     3.2219e-02  2.3429e-04     1.9223e-01  1.3979e-03     1.5377e-02  1.1524e-04     9.1745e-02  6.8756e-04 
6.6945e+00     3.6334e-02  6.1160e-04     2.4324e-01  4.0943e-03     1.9457e-02  3.2940e-04     1.3025e-01  2.2052e-03 
7.5114e+00     4.1798e-02  4.4465e-04     3.1396e-01  3.3399e-03     2.5114e-02  2.7101e-04     1.8864e-01  2.0356e-03 
8.4279e+00     4.7422e-02  4.7131e-04     3.9967e-01  3.9722e-03     3.1970e-02  3.2297e-04     2.6944e-01  2.7220e-03 
9.4563e+00     5.4217e-02  3.1826e-04     5.1269e-01  3.0095e-03     4.1010e-02  2.5195e-04     3.8780e-01  2.3825e-03 
1.0610e+01     6.2290e-02  2.5571e-04     6.6090e-01  2.7131e-03     5.2866e-02  2.3724e-04     5.6091e-01  2.5171e-03 
1.1905e+01     7.2658e-02  4.9802e-04     8.6497e-01  5.9287e-03     6.9189e-02  4.9054e-04     8.2368e-01  5.8398e-03 
1.3357e+01     8.5665e-02  4.3004e-04     1.1443e+00  5.7442e-03     9.1529e-02  4.8851e-04     1.2226e+00  6.5252e-03 
1.4987e+01     9.9192e-02  2.9149e-04     1.4866e+00  4.3686e-03     1.1891e-01  4.1058e-04     1.7822e+00  6.1534e-03 
1.6816e+01     8.1651e-02  3.3876e-04     1.3730e+00  5.6965e-03     1.0983e-01  4.9725e-04     1.8469e+00  8.3617e-03 
1.8868e+01     3.2684e-02  2.3674e-04     6.1668e-01  4.4668e-03     4.9328e-02  3.6832e-04     9.3071e-01  6.9493e-03 
2.1170e+01     5.8688e-03  1.1563e-04     1.2424e-01  2.4478e-03     9.9381e-03  1.9663e-04     2.1039e-01  4.1626e-03 
2.3753e+01     4.4404e-04  1.6739e-05     1.0547e-02  3.9760e-04     8.4367e-04  3.1840e-05     2.0040e-02  7.5630e-04 
2.6651e+01     1.8612e-05  2.8785e-06     4.9603e-04  7.6715e-05     3.9677e-05  6.1369e-06     1.0575e-03  1.6356e-04 
2.9903e+01     0.0000e+00  0.0000e+00     0.0000e+00  0.0000e+00     0.0000e+00  0.0000e+00     0.0000e+00  0.0000e+00 
3.3552e+01     0.0000e+00  0.0000e+00     0.0000e+00  0.0000e+00     0.0000e+00  0.0000e+00     0.0000e+00  0.0000e+00 
3.7646e+01     4.6232e-07  1.1335e-06     1.7405e-05  4.2672e-05     1.3922e-06  3.4133e-06     5.2410e-05  1.2850e-04 
4.2240e+01     6.1807e-07  2.8441e-07     2.6107e-05  1.2013e-05     2.0883e-06  9.6096e-07     8.8208e-05  4.0590e-05 
4.7394e+01     1.8362e-07  1.1829e-07     8.7023e-06  5.6062e-06     6.9609e-07  4.4844e-07     3.2990e-05  2.1253e-05 
5.3176e+01     1.6365e-07  9.9908e-08     8.7023e-06  5.3128e-06     6.9609e-07  4.2497e-07     3.7016e-05  2.2598e-05 
5.9665e+01     1.4585e-07  4.9716e-07     8.7023e-06  2.9663e-05     6.9609e-07  2.3727e-06     4.1532e-05  1.4157e-04 
6.6945e+01     2.5998e-07  1.3936e-07     1.7405e-05  9.3292e-06     1.3922e-06  7.4624e-07     9.3200e-05  4.9957e-05 
7.5114e+01     2.3171e-07  2.1245e-07     1.7405e-05  1.5958e-05     1.3922e-06  1.2765e-06     1.0457e-04  9.5880e-05 
8.4279e+01     4.1302e-07  2.2586e-07     3.4809e-05  1.9035e-05     2.7844e-06  1.5226e-06     2.3466e-04  1.2833e-04 
9.4563e+01     0.0000e+00  0.0000e+00     0.0000e+00  0.0000e+00     0.0000e+00  0.0000e+00     0.0000e+00  0.0000e+00 
1.0610e+02     1.6404e-07  9.6303e-08     1.7405e-05  1.0218e-05     1.3922e-06  8.1733e-07     1.4771e-04  8.6719e-05 
1.1905e+02     0.0000e+00  0.0000e+00     0.0000e+00  0.0000e+00     0.0000e+00  0.0000e+00     0.0000e+00  0.0000e+00 
1.3357e+02     0.0000e+00  0.0000e+00     0.0000e+00  0.0000e+00     0.0000e+00  0.0000e+00     0.0000e+00  0.0000e+00 
1.4987e+02     0.0000e+00  0.0000e+00     0.0000e+00  0.0000e+00     0.0000e+00  0.0000e+00     0.0000e+00  0.0000e+00 
1.6816e+02     0.0000e+00  0.0000e+00     0.0000e+00  0.0000e+00     0.0000e+00  0.0000e+00     0.0000e+00  0.0000e+00 
1.8868e+02     9.2245e-08  3.7123e-08     1.7405e-05  7.0042e-06     1.3922e-06  5.6027e-07     2.6267e-04  1.0571e-04 
2.1170e+02     1.6443e-07  1.1957e-07     3.4809e-05  2.5313e-05     2.7844e-06  2.0248e-06     5.8945e-04  4.2865e-04 
2.3753e+02     1.0991e-07  4.6086e-08     2.6107e-05  1.0947e-05     2.0883e-06  8.7565e-07     4.9603e-04  2.0799e-04 
2.6651e+02     0.0000e+00  0.0000e+00     0.0000e+00  0.0000e+00     0.0000e+00  0.0000e+00     0.0000e+00  0.0000e+00 
2.9903e+02     2.9101e-08  1.5687e-08     8.7023e-06  4.6909e-06     6.9609e-07  3.7523e-07     2.0816e-04  1.1221e-04 
3.3552e+02     7.7810e-08  5.3029e-08     2.6107e-05  1.7792e-05     2.0883e-06  1.4232e-06     7.0066e-04  4.7752e-04 
3.7646e+02     2.3116e-08  7.6652e-09     8.7023e-06  2.8857e-06     6.9609e-07  2.3083e-07     2.6205e-04  8.6897e-05 
4.2240e+02     4.1205e-08  2.3633e-08     1.7405e-05  9.9825e-06     1.3922e-06  7.9850e-07     5.8805e-04  3.3728e-04 
4.7394e+02     0.0000e+00  0.0000e+00     0.0000e+00  0.0000e+00     0.0000e+00  0.0000e+00     0.0000e+00  0.0000e+00 
5.3176e+02     3.2730e-08  2.2294e-08     1.7405e-05  1.1855e-05     1.3922e-06  9.4828e-07     7.4032e-04  5.0426e-04 
5.9665e+02     0.0000e+00  0.0000e+00     0.0000e+00  0.0000e+00     0.0000e+00  0.0000e+00     0.0000e+00  0.0000e+00 
6.6945e+02     0.0000e+00  0.0000e+00     0.0000e+00  0.0000e+00     0.0000e+00  0.0000e+00     0.0000e+00  0.0000e+00 
7.5114e+02     0.0000e+00  0.0000e+00     0.0000e+00  0.0000e+00     0.0000e+00  0.0000e+00     0.0000e+00  0.0000e+00 
8.4279e+02     0.0000e+00  0.0000e+00     0.0000e+00  0.0000e+00     0.0000e+00  0.0000e+00     0.0000e+00  0.0000e+00 
9.4563e+02     0.0000e+00  0.0000e+00     0.0000e+00  0.0000e+00     0.0000e+00  0.0000e+00     0.0000e+00  0.0000e+00 
1.0610e+03     0.0000e+00  0.0000e+00     0.0000e+00  0.0000e+00     0.0000e+00  0.0000e+00     0.0000e+00  0.0000e+00 
1.1905e+03     0.0000e+00  0.0000e+00     0.0000e+00  0.0000e+00     0.0000e+00  0.0000e+00     0.0000e+00  0.0000e+00 
1.3357e+03     0.0000e+00  0.0000e+00     0.0000e+00  0.0000e+00     0.0000e+00  0.0000e+00     0.0000e+00  0.0000e+00 
1.4987e+03     0.0000e+00  0.0000e+00     0.0000e+00  0.0000e+00     0.0000e+00  0.0000e+00     0.0000e+00  0.0000e+00 
1.6816e+03     0.0000e+00  0.0000e+00     0.0000e+00  0.0000e+00     0.0000e+00  0.0000e+00     0.0000e+00  0.0000e+00 
1.8868e+03     0.0000e+00  0.0000e+00     0.0000e+00  0.0000e+00     0.0000e+00  0.0000e+00     0.0000e+00  0.0000e+00 
2.1170e+03     0.0000e+00  0.0000e+00     0.0000e+00  0.0000e+00     0.0000e+00  0.0000e+00     0.0000e+00  0.0000e+00 
2.3753e+03     0.0000e+00  0.0000e+00     0.0000e+00  0.0000e+00     0.0000e+00  0.0000e+00     0.0000e+00  0.0000e+00 
2.6651e+03     0.0000e+00  0.0000e+00     0.0000e+00  0.0000e+00     0.0000e+00  0.0000e+00     0.0000e+00  0.0000e+00 
2.9903e+03     0.0000e+00  0.0000e+00     0.0000e+00  0.0000e+00     0.0000e+00  0.0000e+00     0.0000e+00  0.0000e+00 
3.3552e+03     0.0000e+00  0.0000e+00     0.0000e+00  0.0000e+00     0.0000e+00  0.0000e+00     0.0000e+00  0.0000e+00 
3.7646e+03     0.0000e+00  0.0000e+00     0.0000e+00  0.0000e+00     0.0000e+00  0.0000e+00     0.0000e+00  0.0000e+00 
4.2240e+03     0.0000e+00  0.0000e+00     0.0000e+00  0.0000e+00     0.0000e+00  0.0000e+00     0.0000e+00  0.0000e+00 
4.7394e+03     0.0000e+00  0.0000e+00     0.0000e+00  0.0000e+00     0.0000e+00  0.0000e+00     0.0000e+00  0.0000e+00 
5.3176e+03     0.0000e+00  0.0000e+00     0.0000e+00  0.0000e+00     0.0000e+00  0.0000e+00     0.0000e+00  0.0000e+00 
5.9665e+03     0.0000e+00  0.0000e+00     0.0000e+00  0.0000e+00     0.0000e+00  0.0000e+00     0.0000e+00  0.0000e+00 
6.6945e+03     0.0000e+00  0.0000e+00     0.0000e+00  0.0000e+00     0.0000e+00  0.0000e+00     0.0000e+00  0.0000e+00 
7.5114e+03     0.0000e+00  0.0000e+00     0.0000e+00  0.0000e+00     0.0000e+00  0.0000e+00     0.0000e+00  0.0000e+00 
8.4279e+03     0.0000e+00  0.0000e+00     0.0000e+00  0.0000e+00     0.0000e+00  0.0000e+00     0.0000e+00  0.0000e+00 
9.4563e+03     0.0000e+00  0.0000e+00     0.0000e+00  0.0000e+00     0.0000e+00  0.0000e+00     0.0000e+00  0.0000e+00 
