yF = 1.0489e+01 (std: 2.0598e-02) keV/um
yD = 1.2239e+01 (std: 2.5032e-01) keV/um
y (keV/um)     f(y)(std)                  yf(y)(std)                 d(y)(std)                  yd(y)(std)  
1.0610e-01     5.7415e-03  6.2600e-04     6.0918e-04  6.6419e-05     5.8079e-05  6.3334e-06     6.1622e-06  6.7198e-07 
1.1905e-01     1.0234e-03  6.6667e-04     1.2184e-04  7.9365e-05     1.1616e-05  7.5667e-06     1.3828e-06  9.0080e-07 
1.3357e-01     1.2379e-03  4.4395e-04     1.6535e-04  5.9300e-05     1.5764e-05  5.6537e-06     2.1057e-06  7.5519e-07 
1.4987e-01     4.6453e-04  2.3720e-04     6.9621e-05  3.5549e-05     6.6376e-06  3.3893e-06     9.9479e-07  5.0795e-07 
1.6816e-01     1.8113e-03  9.2833e-04     3.0459e-04  1.5611e-04     2.9040e-05  1.4883e-05     4.8833e-06  2.5028e-06 
1.8868e-01     1.1531e-03  2.6557e-04     2.1756e-04  5.0107e-05     2.0743e-05  4.7773e-06     3.9136e-06  9.0137e-07 
2.1170e-01     1.3566e-03  3.2513e-04     2.8718e-04  6.8829e-05     2.7380e-05  6.5623e-06     5.7964e-06  1.3892e-06 
2.3753e-01     1.0991e-03  4.5850e-04     2.6108e-04  1.0891e-04     2.4891e-05  1.0383e-05     5.9124e-06  2.4663e-06 
2.6651e-01     1.4041e-03  2.8668e-04     3.7421e-04  7.6405e-05     3.5677e-05  7.2848e-06     9.5084e-06  1.9415e-06 
2.9903e-01     2.2118e-03  8.3209e-04     6.6139e-04  2.4882e-04     6.3057e-05  2.3723e-05     1.8856e-05  7.0939e-06 
3.3552e-01     2.3344e-03  4.0670e-04     7.8323e-04  1.3645e-04     7.4673e-05  1.3010e-05     2.5054e-05  4.3653e-06 
3.7646e-01     2.2654e-03  4.0224e-04     8.5285e-04  1.5143e-04     8.1311e-05  1.4438e-05     3.0610e-05  5.4353e-06 
4.2240e-01     3.5231e-03  5.4095e-04     1.4881e-03  2.2849e-04     1.4188e-04  2.1786e-05     5.9929e-05  9.2025e-06 
4.7394e-01     3.0849e-03  2.0183e-04     1.4620e-03  9.5657e-05     1.3939e-04  9.1240e-06     6.6062e-05  4.3242e-06 
5.3176e-01     3.9441e-03  3.7614e-04     2.0973e-03  2.0002e-04     1.9996e-04  1.9074e-05     1.0633e-04  1.0143e-05 
5.9665e-01     4.2444e-03  3.4360e-04     2.5324e-03  2.0501e-04     2.4144e-04  1.9551e-05     1.4406e-04  1.1665e-05 
6.6945e-01     5.4078e-03  3.2645e-04     3.6203e-03  2.1854e-04     3.4516e-04  2.0847e-05     2.3107e-04  1.3956e-05 
7.5114e-01     6.0594e-03  3.5132e-04     4.5514e-03  2.6389e-04     4.3393e-04  2.5174e-05     3.2594e-04  1.8909e-05 
8.4279e-01     6.7738e-03  4.3304e-04     5.7089e-03  3.6496e-04     5.4428e-04  3.4812e-05     4.5872e-04  2.9339e-05 
9.4563e-01     7.7305e-03  2.3448e-04     7.3102e-03  2.2173e-04     6.9695e-04  2.1184e-05     6.5905e-04  2.0032e-05 
1.0610e+00     8.6287e-03  5.4827e-04     9.1551e-03  5.8172e-04     8.7285e-04  5.5488e-05     9.2610e-04  5.8873e-05 
1.1905e+00     9.4155e-03  3.4225e-04     1.1209e-02  4.0744e-04     1.0687e-03  3.8902e-05     1.2722e-03  4.6311e-05 
1.3357e+00     1.1154e-02  4.1910e-04     1.4899e-02  5.5981e-04     1.4204e-03  5.3445e-05     1.8973e-03  7.1388e-05 
1.4987e+00     1.2072e-02  6.0510e-04     1.8093e-02  9.0687e-04     1.7249e-03  8.6527e-05     2.5852e-03  1.2968e-04 
1.6816e+00     1.3637e-02  5.9449e-04     2.2931e-02  9.9969e-04     2.1863e-03  9.5407e-05     3.6764e-03  1.6044e-04 
1.8868e+00     1.5239e-02  2.1294e-04     2.8753e-02  4.0177e-04     2.7413e-03  3.8681e-05     5.1723e-03  7.2982e-05 
2.1170e+00     1.6974e-02  3.0576e-04     3.5933e-02  6.4728e-04     3.4258e-03  6.2077e-05     7.2525e-03  1.3142e-04 
2.3753e+00     1.8451e-02  3.1921e-04     4.3826e-02  7.5823e-04     4.1784e-03  7.2753e-05     9.9249e-03  1.7281e-04 
2.6651e+00     2.0722e-02  4.7585e-04     5.5226e-02  1.2682e-03     5.2653e-03  1.2135e-04     1.4033e-02  3.2342e-04 
2.9903e+00     2.3107e-02  4.4139e-04     6.9098e-02  1.3199e-03     6.5878e-03  1.2650e-04     1.9700e-02  3.7828e-04 
3.3552e+00     2.5880e-02  5.4786e-04     8.6834e-02  1.8382e-03     8.2788e-03  1.7600e-04     2.7777e-02  5.9053e-04 
3.7646e+00     2.9462e-02  5.4820e-04     1.1091e-01  2.0637e-03     1.0575e-02  1.9785e-04     3.9809e-02  7.4483e-04 
4.2240e+00     3.2365e-02  2.1590e-04     1.3671e-01  9.1196e-04     1.3034e-02  9.0636e-05     5.5054e-02  3.8284e-04 
4.7394e+00     3.6789e-02  3.3229e-04     1.7436e-01  1.5748e-03     1.6623e-02  1.5365e-04     7.8783e-02  7.2821e-04 
5.3176e+00     4.1313e-02  5.0592e-04     2.1969e-01  2.6903e-03     2.0945e-02  2.5977e-04     1.1138e-01  1.3814e-03 
5.9665e+00     4.7045e-02  4.4141e-04     2.8069e-01  2.6337e-03     2.6761e-02  2.5654e-04     1.5967e-01  1.5306e-03 
6.6945e+00     5.2985e-02  4.7297e-04     3.5471e-01  3.1663e-03     3.3818e-02  3.0909e-04     2.2639e-01  2.0692e-03 
7.5114e+00     6.1093e-02  7.9976e-04     4.5889e-01  6.0073e-03     4.3751e-02  5.7914e-04     3.2863e-01  4.3501e-03 
8.4279e+00     7.0061e-02  5.1647e-04     5.9047e-01  4.3528e-03     5.6295e-02  4.2946e-04     4.7445e-01  3.6195e-03 
9.4563e+00     8.0475e-02  2.4063e-04     7.6100e-01  2.2755e-03     7.2553e-02  2.5955e-04     6.8608e-01  2.4544e-03 
1.0610e+01     9.5070e-02  3.5537e-04     1.0087e+00  3.7705e-03     9.6170e-02  4.0607e-04     1.0204e+00  4.3085e-03 
1.1905e+01     1.1172e-01  5.1395e-04     1.3300e+00  6.1184e-03     1.2680e-01  6.3425e-04     1.5096e+00  7.5506e-03 
1.3357e+01     1.1244e-01  3.1163e-04     1.5019e+00  4.1625e-03     1.4319e-01  4.8638e-04     1.9126e+00  6.4967e-03 
1.4987e+01     6.4508e-02  5.2453e-04     9.6679e-01  7.8612e-03     9.2174e-02  7.7104e-04     1.3814e+00  1.1556e-02 
1.6816e+01     1.8697e-02  1.4154e-04     3.1441e-01  2.3802e-03     2.9975e-02  2.3444e-04     5.0406e-01  3.9422e-03 
1.8868e+01     2.7398e-03  3.5914e-05     5.1693e-02  6.7762e-04     4.9284e-03  6.5325e-05     9.2988e-02  1.2325e-03 
2.1170e+01     2.1458e-04  9.5908e-06     4.5427e-03  2.0304e-04     4.3310e-04  1.9376e-05     9.1688e-03  4.1019e-04 
2.3753e+01     8.7930e-06  1.8473e-06     2.0886e-04  4.3878e-05     1.9913e-05  4.1835e-06     4.7299e-04  9.9372e-05 
2.6651e+01     6.5307e-07  4.0645e-07     1.7405e-05  1.0833e-05     1.6594e-06  1.0328e-06     4.4225e-05  2.7525e-05 
2.9903e+01     0.0000e+00  0.0000e+00     0.0000e+00  0.0000e+00     0.0000e+00  0.0000e+00     0.0000e+00  0.0000e+00 
3.3552e+01     2.5938e-07  9.3506e-08     8.7026e-06  3.1373e-06     8.2970e-07  2.9911e-07     2.7838e-05  1.0036e-05 
3.7646e+01     2.3117e-07  1.5468e-07     8.7026e-06  5.8231e-06     8.2970e-07  5.5518e-07     3.1235e-05  2.0900e-05 
4.2240e+01     6.1809e-07  1.3897e-06     2.6108e-05  5.8699e-05     2.4891e-06  5.5963e-06     1.0514e-04  2.3639e-04 
4.7394e+01     5.5087e-07  2.6947e-07     2.6108e-05  1.2771e-05     2.4891e-06  1.2176e-06     1.1797e-04  5.7707e-05 
5.3176e+01     3.2731e-07  1.8136e-07     1.7405e-05  9.6439e-06     1.6594e-06  9.1945e-07     8.8241e-05  4.8893e-05 
5.9665e+01     2.9171e-07  1.7091e-06     1.7405e-05  1.0197e-04     1.6594e-06  9.7219e-06     9.9008e-05  5.8006e-04 
6.6945e+01     1.3000e-07  7.4833e-08     8.7026e-06  5.0097e-06     8.2970e-07  4.7763e-07     5.5544e-05  3.1975e-05 
7.5114e+01     0.0000e+00  0.0000e+00     0.0000e+00  0.0000e+00     0.0000e+00  0.0000e+00     0.0000e+00  0.0000e+00 
8.4279e+01     1.0326e-07  6.2157e-08     8.7026e-06  5.2385e-06     8.2970e-07  4.9944e-07     6.9926e-05  4.2092e-05 
9.4563e+01     9.2030e-08  1.0455e-07     8.7026e-06  9.8866e-06     8.2970e-07  9.4258e-07     7.8459e-05  8.9133e-05 
1.0610e+02     0.0000e+00  0.0000e+00     0.0000e+00  0.0000e+00     0.0000e+00  0.0000e+00     0.0000e+00  0.0000e+00 
1.1905e+02     7.3102e-08  4.8310e-08     8.7026e-06  5.7512e-06     8.2970e-07  5.4832e-07     9.8774e-05  6.5276e-05 
1.3357e+02     6.5152e-08  5.8839e-08     8.7026e-06  7.8593e-06     8.2970e-07  7.4930e-07     1.1083e-04  1.0009e-04 
1.4987e+02     1.7420e-07  8.0576e-08     2.6108e-05  1.2076e-05     2.4891e-06  1.1513e-06     3.7305e-04  1.7255e-04 
1.6816e+02     1.5526e-07  5.2793e-08     2.6108e-05  8.8776e-06     2.4891e-06  8.4640e-07     4.1856e-04  1.4233e-04 
1.8868e+02     1.3837e-07  6.3481e-08     2.6108e-05  1.1977e-05     2.4891e-06  1.1419e-06     4.6964e-04  2.1546e-04 
2.1170e+02     4.1108e-08  3.4563e-08     8.7026e-06  7.3169e-06     8.2970e-07  6.9759e-07     1.7565e-04  1.4768e-04 
2.3753e+02     0.0000e+00  0.0000e+00     0.0000e+00  0.0000e+00     0.0000e+00  0.0000e+00     0.0000e+00  0.0000e+00 
2.6651e+02     0.0000e+00  0.0000e+00     0.0000e+00  0.0000e+00     0.0000e+00  0.0000e+00     0.0000e+00  0.0000e+00 
2.9903e+02     0.0000e+00  0.0000e+00     0.0000e+00  0.0000e+00     0.0000e+00  0.0000e+00     0.0000e+00  0.0000e+00 
3.3552e+02     0.0000e+00  0.0000e+00     0.0000e+00  0.0000e+00     0.0000e+00  0.0000e+00     0.0000e+00  0.0000e+00 
3.7646e+02     2.3117e-08  1.0844e-08     8.7026e-06  4.0824e-06     8.2970e-07  3.8921e-07     3.1235e-04  1.4652e-04 
4.2240e+02     4.1206e-08  3.9805e-08     1.7405e-05  1.6813e-05     1.6594e-06  1.6030e-06     7.0092e-04  6.7709e-04 
4.7394e+02     3.6725e-08  2.1674e-08     1.7405e-05  1.0272e-05     1.6594e-06  9.7936e-07     7.8645e-04  4.6415e-04 
5.3176e+02     0.0000e+00  0.0000e+00     0.0000e+00  0.0000e+00     0.0000e+00  0.0000e+00     0.0000e+00  0.0000e+00 
5.9665e+02     4.3757e-08  9.7870e-08     2.6108e-05  5.8394e-05     2.4891e-06  5.5673e-06     1.4851e-03  3.3217e-03 
6.6945e+02     2.5999e-08  1.5338e-08     1.7405e-05  1.0268e-05     1.6594e-06  9.7893e-07     1.1109e-03  6.5535e-04 
7.5114e+02     0.0000e+00  0.0000e+00     0.0000e+00  0.0000e+00     0.0000e+00  0.0000e+00     0.0000e+00  0.0000e+00 
8.4279e+02     2.0652e-08  1.1399e-08     1.7405e-05  9.6068e-06     1.6594e-06  9.1592e-07     1.3985e-03  7.7193e-04 
9.4563e+02     0.0000e+00  0.0000e+00     0.0000e+00  0.0000e+00     0.0000e+00  0.0000e+00     0.0000e+00  0.0000e+00 
1.0610e+03     0.0000e+00  0.0000e+00     0.0000e+00  0.0000e+00     0.0000e+00  0.0000e+00     0.0000e+00  0.0000e+00 
1.1905e+03     0.0000e+00  0.0000e+00     0.0000e+00  0.0000e+00     0.0000e+00  0.0000e+00     0.0000e+00  0.0000e+00 
1.3357e+03     0.0000e+00  0.0000e+00     0.0000e+00  0.0000e+00     0.0000e+00  0.0000e+00     0.0000e+00  0.0000e+00 
1.4987e+03     0.0000e+00  0.0000e+00     0.0000e+00  0.0000e+00     0.0000e+00  0.0000e+00     0.0000e+00  0.0000e+00 
1.6816e+03     0.0000e+00  0.0000e+00     0.0000e+00  0.0000e+00     0.0000e+00  0.0000e+00     0.0000e+00  0.0000e+00 
1.8868e+03     0.0000e+00  0.0000e+00     0.0000e+00  0.0000e+00     0.0000e+00  0.0000e+00     0.0000e+00  0.0000e+00 
2.1170e+03     0.0000e+00  0.0000e+00     0.0000e+00  0.0000e+00     0.0000e+00  0.0000e+00     0.0000e+00  0.0000e+00 
2.3753e+03     0.0000e+00  0.0000e+00     0.0000e+00  0.0000e+00     0.0000e+00  0.0000e+00     0.0000e+00  0.0000e+00 
2.6651e+03     0.0000e+00  0.0000e+00     0.0000e+00  0.0000e+00     0.0000e+00  0.0000e+00     0.0000e+00  0.0000e+00 
2.9903e+03     0.0000e+00  0.0000e+00     0.0000e+00  0.0000e+00     0.0000e+00  0.0000e+00     0.0000e+00  0.0000e+00 
3.3552e+03     0.0000e+00  0.0000e+00     0.0000e+00  0.0000e+00     0.0000e+00  0.0000e+00     0.0000e+00  0.0000e+00 
3.7646e+03     0.0000e+00  0.0000e+00     0.0000e+00  0.0000e+00     0.0000e+00  0.0000e+00     0.0000e+00  0.0000e+00 
4.2240e+03     0.0000e+00  0.0000e+00     0.0000e+00  0.0000e+00     0.0000e+00  0.0000e+00     0.0000e+00  0.0000e+00 
4.7394e+03     0.0000e+00  0.0000e+00     0.0000e+00  0.0000e+00     0.0000e+00  0.0000e+00     0.0000e+00  0.0000e+00 
5.3176e+03     0.0000e+00  0.0000e+00     0.0000e+00  0.0000e+00     0.0000e+00  0.0000e+00     0.0000e+00  0.0000e+00 
5.9665e+03     0.0000e+00  0.0000e+00     0.0000e+00  0.0000e+00     0.0000e+00  0.0000e+00     0.0000e+00  0.0000e+00 
6.6945e+03     0.0000e+00  0.0000e+00     0.0000e+00  0.0000e+00     0.0000e+00  0.0000e+00     0.0000e+00  0.0000e+00 
7.5114e+03     0.0000e+00  0.0000e+00     0.0000e+00  0.0000e+00     0.0000e+00  0.0000e+00     0.0000e+00  0.0000e+00 
8.4279e+03     0.0000e+00  0.0000e+00     0.0000e+00  0.0000e+00     0.0000e+00  0.0000e+00     0.0000e+00  0.0000e+00 
9.4563e+03     0.0000e+00  0.0000e+00     0.0000e+00  0.0000e+00     0.0000e+00  0.0000e+00     0.0000e+00  0.0000e+00 
