yF = 1.1990e+01 (std: 2.0665e-02) keV/um
yD = 1.3872e+01 (std: 1.3005e-01) keV/um
y (keV/um)     f(y)(std)                  yf(y)(std)                 d(y)(std)                  yd(y)(std)  
1.0610e-01     5.9874e-03  9.7156e-04     6.3527e-04  1.0308e-04     5.2983e-05  8.5979e-06     5.6215e-06  9.1224e-07 
1.1905e-01     2.1930e-04  1.6550e-04     2.6107e-05  1.9703e-05     2.1774e-06  1.6433e-06     2.5921e-07  1.9563e-07 
1.3357e-01     7.1665e-04  6.9012e-04     9.5725e-05  9.2181e-05     7.9837e-06  7.6881e-06     1.0664e-06  1.0269e-06 
1.4987e-01     8.1291e-04  2.3476e-04     1.2183e-04  3.5183e-05     1.0161e-05  2.9344e-06     1.5229e-06  4.3979e-07 
1.6816e-01     9.3151e-04  4.1063e-04     1.5664e-04  6.9051e-05     1.3064e-05  5.7590e-06     2.1969e-06  9.6843e-07 
1.8868e-01     1.0608e-03  6.1495e-04     2.0015e-04  1.1603e-04     1.6693e-05  9.6769e-06     3.1496e-06  1.8258e-06 
2.1170e-01     1.3154e-03  3.6748e-04     2.7847e-04  7.7795e-05     2.3225e-05  6.4884e-06     4.9168e-06  1.3736e-06 
2.3753e-01     1.0258e-03  1.8196e-04     2.4366e-04  4.3222e-05     2.0322e-05  3.6050e-06     4.8271e-06  8.5629e-07 
2.6651e-01     1.2734e-03  3.1611e-04     3.3939e-04  8.4248e-05     2.8306e-05  7.0266e-06     7.5439e-06  1.8727e-06 
2.9903e-01     1.8916e-03  3.2227e-04     5.6565e-04  9.6369e-05     4.7177e-05  8.0378e-06     1.4107e-05  2.4036e-06 
3.3552e-01     1.8674e-03  6.9879e-04     6.2657e-04  2.3446e-04     5.2257e-05  1.9555e-05     1.7533e-05  6.5610e-06 
3.7646e-01     2.0573e-03  7.8579e-04     7.7450e-04  2.9582e-04     6.4596e-05  2.4672e-05     2.4318e-05  9.2881e-06 
4.2240e-01     1.8542e-03  2.0994e-04     7.8321e-04  8.8678e-05     6.5321e-05  7.3968e-06     2.7591e-05  3.1244e-06 
4.7394e-01     2.3503e-03  3.1025e-04     1.1139e-03  1.4704e-04     9.2901e-05  1.2264e-05     4.4029e-05  5.8125e-06 
5.3176e-01     2.9130e-03  3.6744e-04     1.5490e-03  1.9539e-04     1.2919e-04  1.6298e-05     6.8699e-05  8.6665e-06 
5.9665e-01     3.3838e-03  2.8462e-04     2.0189e-03  1.6982e-04     1.6838e-04  1.4166e-05     1.0047e-04  8.4523e-06 
6.6945e-01     3.4318e-03  4.6876e-04     2.2974e-03  3.1381e-04     1.9161e-04  2.6175e-05     1.2827e-04  1.7523e-05 
7.5114e-01     4.0549e-03  5.1283e-04     3.0458e-03  3.8520e-04     2.5403e-04  3.2130e-05     1.9081e-04  2.4134e-05 
8.4279e-01     5.2970e-03  2.2954e-04     4.4643e-03  1.9345e-04     3.7233e-04  1.6147e-05     3.1380e-04  1.3608e-05 
9.4563e-01     5.7333e-03  4.0525e-04     5.4215e-03  3.8322e-04     4.5217e-04  3.1971e-05     4.2758e-04  3.0232e-05 
1.0610e+00     6.8978e-03  3.1882e-04     7.3186e-03  3.3828e-04     6.1039e-04  2.8233e-05     6.4763e-04  2.9955e-05 
1.1905e+00     7.5439e-03  8.1994e-04     8.9808e-03  9.7611e-04     7.4902e-04  8.1420e-05     8.9168e-04  9.6928e-05 
1.3357e+00     7.9874e-03  3.6043e-04     1.0669e-02  4.8144e-04     8.8982e-04  4.0182e-05     1.1886e-03  5.3673e-05 
1.4987e+00     9.2323e-03  3.2446e-04     1.3837e-02  4.8628e-04     1.1540e-03  4.0606e-05     1.7295e-03  6.0856e-05 
1.6816e+00     1.0676e-02  7.8655e-04     1.7953e-02  1.3227e-03     1.4973e-03  1.1034e-04     2.5179e-03  1.8555e-04 
1.8868e+00     1.1415e-02  2.7241e-04     2.1538e-02  5.1398e-04     1.7963e-03  4.2978e-05     3.3893e-03  8.1090e-05 
2.1170e+00     1.2875e-02  1.7250e-04     2.7256e-02  3.6519e-04     2.2732e-03  3.0709e-05     4.8123e-03  6.5010e-05 
2.3753e+00     1.4882e-02  4.0972e-04     3.5349e-02  9.7320e-04     2.9482e-03  8.1326e-05     7.0028e-03  1.9317e-04 
2.6651e+00     1.6117e-02  4.6434e-04     4.2955e-02  1.2375e-03     3.5825e-03  1.0340e-04     9.5479e-03  2.7557e-04 
2.9903e+00     1.7720e-02  2.5747e-04     5.2988e-02  7.6991e-04     4.4194e-03  6.4662e-05     1.3215e-02  1.9336e-04 
3.3552e+00     1.9393e-02  3.1020e-04     6.5067e-02  1.0408e-03     5.4268e-03  8.7308e-05     1.8208e-02  2.9293e-04 
3.7646e+00     2.2628e-02  2.7003e-04     8.5187e-02  1.0166e-03     7.1048e-03  8.5664e-05     2.6747e-02  3.2249e-04 
4.2240e+00     2.4583e-02  4.1943e-04     1.0384e-01  1.7717e-03     8.6602e-03  1.4851e-04     3.6580e-02  6.2731e-04 
4.7394e+00     2.7847e-02  4.3789e-04     1.3198e-01  2.0753e-03     1.1007e-02  1.7412e-04     5.2168e-02  8.2523e-04 
5.3176e+00     3.1144e-02  5.1388e-04     1.6561e-01  2.7326e-03     1.3813e-02  2.2915e-04     7.3450e-02  1.2185e-03 
5.9665e+00     3.5731e-02  3.8600e-04     2.1319e-01  2.3031e-03     1.7780e-02  1.9451e-04     1.0609e-01  1.1605e-03 
6.6945e+00     3.9937e-02  1.7007e-04     2.6736e-01  1.1385e-03     2.2299e-02  1.0244e-04     1.4928e-01  6.8578e-04 
7.5114e+00     4.5592e-02  3.1542e-04     3.4246e-01  2.3693e-03     2.8562e-02  2.0364e-04     2.1454e-01  1.5296e-03 
8.4279e+00     5.1886e-02  4.1754e-04     4.3729e-01  3.5189e-03     3.6471e-02  3.0014e-04     3.0737e-01  2.5296e-03 
9.4563e+00     5.9607e-02  3.7999e-04     5.6366e-01  3.5933e-03     4.7010e-02  3.1045e-04     4.4454e-01  2.9357e-03 
1.0610e+01     6.8590e-02  2.1905e-04     7.2775e-01  2.3241e-03     6.0696e-02  2.2026e-04     6.4399e-01  2.3370e-03 
1.1905e+01     8.0444e-02  4.5663e-04     9.5766e-01  5.4361e-03     7.9871e-02  4.7382e-04     9.5085e-01  5.6407e-03 
1.3357e+01     9.5051e-02  3.1379e-04     1.2696e+00  4.1914e-03     1.0589e-01  3.9434e-04     1.4144e+00  5.2674e-03 
1.4987e+01     1.0278e-01  2.5388e-04     1.5404e+00  3.8049e-03     1.2847e-01  3.8695e-04     1.9254e+00  5.7993e-03 
1.6816e+01     6.6175e-02  3.9731e-04     1.1128e+00  6.6810e-03     9.2810e-02  5.7972e-04     1.5607e+00  9.7485e-03 
1.8868e+01     2.0271e-02  1.5962e-04     3.8247e-01  3.0117e-03     3.1899e-02  2.5713e-04     6.0185e-01  4.8514e-03 
2.1170e+01     2.8652e-03  8.7843e-05     6.0655e-02  1.8596e-03     5.0588e-03  1.5534e-04     1.0709e-01  3.2886e-03 
2.3753e+01     1.8831e-04  2.6573e-05     4.4730e-03  6.3119e-04     3.7306e-04  5.2647e-05     8.8612e-03  1.2505e-03 
2.6651e+01     6.2039e-06  3.4492e-06     1.6534e-04  9.1926e-05     1.3790e-05  7.6669e-06     3.6752e-04  2.0433e-04 
2.9903e+01     2.9101e-07  3.3058e-07     8.7023e-06  9.8856e-06     7.2579e-07  8.2448e-07     2.1704e-05  2.4655e-05 
3.3552e+01     5.1873e-07  4.0529e-07     1.7405e-05  1.3598e-05     1.4516e-06  1.1341e-06     4.8704e-05  3.8052e-05 
3.7646e+01     0.0000e+00  0.0000e+00     0.0000e+00  0.0000e+00     0.0000e+00  0.0000e+00     0.0000e+00  0.0000e+00 
4.2240e+01     2.0602e-07  9.8818e-08     8.7023e-06  4.1740e-06     7.2579e-07  3.4813e-07     3.0657e-05  1.4705e-05 
4.7394e+01     0.0000e+00  0.0000e+00     0.0000e+00  0.0000e+00     0.0000e+00  0.0000e+00     0.0000e+00  0.0000e+00 
5.3176e+01     1.6365e-07  2.8474e-07     8.7023e-06  1.5142e-05     7.2579e-07  1.2629e-06     3.8595e-05  6.7154e-05 
5.9665e+01     0.0000e+00  0.0000e+00     0.0000e+00  0.0000e+00     0.0000e+00  0.0000e+00     0.0000e+00  0.0000e+00 
6.6945e+01     2.5998e-07  7.6133e-08     1.7405e-05  5.0967e-06     1.4516e-06  4.2509e-07     9.7177e-05  2.8458e-05 
7.5114e+01     0.0000e+00  0.0000e+00     0.0000e+00  0.0000e+00     0.0000e+00  0.0000e+00     0.0000e+00  0.0000e+00 
8.4279e+01     1.0326e-07  1.6916e-07     8.7023e-06  1.4257e-05     7.2579e-07  1.1890e-06     6.1169e-05  1.0021e-04 
9.4563e+01     9.2027e-08  1.0767e-07     8.7023e-06  1.0182e-05     7.2579e-07  8.4916e-07     6.8633e-05  8.0299e-05 
1.0610e+02     1.6404e-07  8.5403e-08     1.7405e-05  9.0614e-06     1.4516e-06  7.5574e-07     1.5401e-04  8.0185e-05 
1.1905e+02     7.3100e-08  4.5250e-08     8.7023e-06  5.3869e-06     7.2579e-07  4.4928e-07     8.6404e-05  5.3486e-05 
1.3357e+02     0.0000e+00  0.0000e+00     0.0000e+00  0.0000e+00     0.0000e+00  0.0000e+00     0.0000e+00  0.0000e+00 
1.4987e+02     5.8065e-08  5.7225e-08     8.7023e-06  8.5764e-06     7.2579e-07  7.1530e-07     1.0878e-04  1.0720e-04 
1.6816e+02     0.0000e+00  0.0000e+00     0.0000e+00  0.0000e+00     0.0000e+00  0.0000e+00     0.0000e+00  0.0000e+00 
1.8868e+02     4.6123e-08  1.5294e-08     8.7023e-06  2.8857e-06     7.2579e-07  2.4067e-07     1.3694e-04  4.5410e-05 
2.1170e+02     4.1107e-08  9.1910e-09     8.7023e-06  1.9457e-06     7.2579e-07  1.6228e-07     1.5365e-04  3.4355e-05 
2.3753e+02     1.0991e-07  5.1087e-08     2.6107e-05  1.2135e-05     2.1774e-06  1.0121e-06     5.1719e-04  2.4040e-04 
2.6651e+02     0.0000e+00  0.0000e+00     0.0000e+00  0.0000e+00     0.0000e+00  0.0000e+00     0.0000e+00  0.0000e+00 
2.9903e+02     0.0000e+00  0.0000e+00     0.0000e+00  0.0000e+00     0.0000e+00  0.0000e+00     0.0000e+00  0.0000e+00 
3.3552e+02     1.2968e-07  4.9810e-08     4.3511e-05  1.6712e-05     3.6290e-06  1.3939e-06     1.2176e-03  4.6767e-04 
3.7646e+02     4.6232e-08  8.7669e-08     1.7405e-05  3.3004e-05     1.4516e-06  2.7526e-06     5.4646e-04  1.0362e-03 
4.2240e+02     0.0000e+00  0.0000e+00     0.0000e+00  0.0000e+00     0.0000e+00  0.0000e+00     0.0000e+00  0.0000e+00 
4.7394e+02     0.0000e+00  0.0000e+00     0.0000e+00  0.0000e+00     0.0000e+00  0.0000e+00     0.0000e+00  0.0000e+00 
5.3176e+02     0.0000e+00  0.0000e+00     0.0000e+00  0.0000e+00     0.0000e+00  0.0000e+00     0.0000e+00  0.0000e+00 
5.9665e+02     1.4585e-08  9.8791e-09     8.7023e-06  5.8944e-06     7.2579e-07  4.9161e-07     4.3304e-04  2.9332e-04 
6.6945e+02     1.2999e-08  1.2811e-08     8.7023e-06  8.5764e-06     7.2579e-07  7.1530e-07     4.8588e-04  4.7886e-04 
7.5114e+02     1.1585e-08  2.0158e-08     8.7023e-06  1.5142e-05     7.2579e-07  1.2629e-06     5.4517e-04  9.4858e-04 
8.4279e+02     2.0651e-08  1.2072e-08     1.7405e-05  1.0174e-05     1.4516e-06  8.4856e-07     1.2234e-03  7.1516e-04 
9.4563e+02     9.2027e-09  2.6025e-09     8.7023e-06  2.4610e-06     7.2579e-07  2.0526e-07     6.8633e-04  1.9410e-04 
1.0610e+03     0.0000e+00  0.0000e+00     0.0000e+00  0.0000e+00     0.0000e+00  0.0000e+00     0.0000e+00  0.0000e+00 
1.1905e+03     0.0000e+00  0.0000e+00     0.0000e+00  0.0000e+00     0.0000e+00  0.0000e+00     0.0000e+00  0.0000e+00 
1.3357e+03     0.0000e+00  0.0000e+00     0.0000e+00  0.0000e+00     0.0000e+00  0.0000e+00     0.0000e+00  0.0000e+00 
1.4987e+03     0.0000e+00  0.0000e+00     0.0000e+00  0.0000e+00     0.0000e+00  0.0000e+00     0.0000e+00  0.0000e+00 
1.6816e+03     0.0000e+00  0.0000e+00     0.0000e+00  0.0000e+00     0.0000e+00  0.0000e+00     0.0000e+00  0.0000e+00 
1.8868e+03     0.0000e+00  0.0000e+00     0.0000e+00  0.0000e+00     0.0000e+00  0.0000e+00     0.0000e+00  0.0000e+00 
2.1170e+03     0.0000e+00  0.0000e+00     0.0000e+00  0.0000e+00     0.0000e+00  0.0000e+00     0.0000e+00  0.0000e+00 
2.3753e+03     0.0000e+00  0.0000e+00     0.0000e+00  0.0000e+00     0.0000e+00  0.0000e+00     0.0000e+00  0.0000e+00 
2.6651e+03     0.0000e+00  0.0000e+00     0.0000e+00  0.0000e+00     0.0000e+00  0.0000e+00     0.0000e+00  0.0000e+00 
2.9903e+03     0.0000e+00  0.0000e+00     0.0000e+00  0.0000e+00     0.0000e+00  0.0000e+00     0.0000e+00  0.0000e+00 
3.3552e+03     0.0000e+00  0.0000e+00     0.0000e+00  0.0000e+00     0.0000e+00  0.0000e+00     0.0000e+00  0.0000e+00 
3.7646e+03     0.0000e+00  0.0000e+00     0.0000e+00  0.0000e+00     0.0000e+00  0.0000e+00     0.0000e+00  0.0000e+00 
4.2240e+03     0.0000e+00  0.0000e+00     0.0000e+00  0.0000e+00     0.0000e+00  0.0000e+00     0.0000e+00  0.0000e+00 
4.7394e+03     0.0000e+00  0.0000e+00     0.0000e+00  0.0000e+00     0.0000e+00  0.0000e+00     0.0000e+00  0.0000e+00 
5.3176e+03     0.0000e+00  0.0000e+00     0.0000e+00  0.0000e+00     0.0000e+00  0.0000e+00     0.0000e+00  0.0000e+00 
5.9665e+03     0.0000e+00  0.0000e+00     0.0000e+00  0.0000e+00     0.0000e+00  0.0000e+00     0.0000e+00  0.0000e+00 
6.6945e+03     0.0000e+00  0.0000e+00     0.0000e+00  0.0000e+00     0.0000e+00  0.0000e+00     0.0000e+00  0.0000e+00 
7.5114e+03     0.0000e+00  0.0000e+00     0.0000e+00  0.0000e+00     0.0000e+00  0.0000e+00     0.0000e+00  0.0000e+00 
8.4279e+03     0.0000e+00  0.0000e+00     0.0000e+00  0.0000e+00     0.0000e+00  0.0000e+00     0.0000e+00  0.0000e+00 
9.4563e+03     0.0000e+00  0.0000e+00     0.0000e+00  0.0000e+00     0.0000e+00  0.0000e+00     0.0000e+00  0.0000e+00 
