yF = 1.1342e+01 (std: 1.9649e-02) keV/um
yD = 1.2884e+01 (std: 5.5141e-02) keV/um
y (keV/um)     f(y)(std)                  yf(y)(std)                 d(y)(std)                  yd(y)(std)  
1.0610e-01     5.4134e-03  8.4581e-04     5.7437e-04  8.9742e-05     5.0643e-05  7.9131e-06     5.3732e-06  8.3959e-07 
1.1905e-01     7.3102e-04  6.0012e-04     8.7025e-05  7.1443e-05     7.6731e-06  6.2992e-06     9.1346e-07  7.4991e-07 
1.3357e-01     8.4697e-04  2.2252e-04     1.1313e-04  2.9722e-05     9.9750e-06  2.6207e-06     1.3324e-06  3.5006e-07 
1.4987e-01     8.7100e-04  2.4307e-04     1.3054e-04  3.6430e-05     1.1510e-05  3.2121e-06     1.7250e-06  4.8141e-07 
1.6816e-01     9.3153e-04  2.4110e-04     1.5665e-04  4.0543e-05     1.3812e-05  3.5748e-06     2.3225e-06  6.0113e-07 
1.8868e-01     1.1531e-03  3.1931e-04     2.1756e-04  6.0247e-05     1.9183e-05  5.3121e-06     3.6193e-06  1.0023e-06 
2.1170e-01     1.0688e-03  3.3543e-04     2.2627e-04  7.1010e-05     1.9950e-05  6.2611e-06     4.2234e-06  1.3255e-06 
2.3753e-01     1.5021e-03  2.7937e-04     3.5680e-04  6.6359e-05     3.1460e-05  5.8512e-06     7.4726e-06  1.3898e-06 
2.6651e-01     1.4041e-03  2.6978e-04     3.7421e-04  7.1899e-05     3.2994e-05  6.3397e-06     8.7934e-06  1.6896e-06 
2.9903e-01     1.3096e-03  2.9011e-04     3.9161e-04  8.6753e-05     3.4529e-05  7.6493e-06     1.0325e-05  2.2874e-06 
3.3552e-01     1.8934e-03  2.9944e-04     6.3528e-04  1.0047e-04     5.6014e-05  8.8589e-06     1.8794e-05  2.9724e-06 
3.7646e-01     1.8262e-03  3.1215e-04     6.8750e-04  1.1751e-04     6.0618e-05  1.0362e-05     2.2820e-05  3.9007e-06 
4.2240e-01     2.4311e-03  1.1345e-03     1.0269e-03  4.7919e-04     9.0543e-05  4.2251e-05     3.8245e-05  1.7847e-05 
4.7394e-01     2.8278e-03  2.5325e-04     1.3402e-03  1.2002e-04     1.1817e-04  1.0584e-05     5.6003e-05  5.0163e-06 
5.3176e-01     3.1585e-03  2.9515e-04     1.6796e-03  1.5695e-04     1.4809e-04  1.3841e-05     7.8749e-05  7.3601e-06 
5.9665e-01     3.9527e-03  3.3584e-04     2.3584e-03  2.0038e-04     2.0794e-04  1.7671e-05     1.2407e-04  1.0544e-05 
6.6945e-01     4.4978e-03  4.0076e-04     3.0111e-03  2.6829e-04     2.6549e-04  2.3660e-05     1.7773e-04  1.5839e-05 
7.5114e-01     5.0167e-03  4.7898e-04     3.7682e-03  3.5978e-04     3.3225e-04  3.1728e-05     2.4956e-04  2.3832e-05 
8.4279e-01     5.6896e-03  4.7744e-04     4.7951e-03  4.0238e-04     4.2279e-04  3.5486e-05     3.5632e-04  2.9907e-05 
9.4563e-01     6.2028e-03  2.4079e-04     5.8655e-03  2.2770e-04     5.1717e-04  2.0096e-05     4.8905e-04  1.9004e-05 
1.0610e+00     7.8494e-03  2.7074e-04     8.3283e-03  2.8725e-04     7.3432e-04  2.5359e-05     7.7912e-04  2.6906e-05 
1.1905e+00     8.5383e-03  5.7053e-04     1.0165e-02  6.7920e-04     8.9622e-04  5.9906e-05     1.0669e-03  7.1316e-05 
1.3357e+00     9.3102e-03  3.1859e-04     1.2436e-02  4.2555e-04     1.0965e-03  3.7570e-05     1.4646e-03  5.0183e-05 
1.4987e+00     1.0347e-02  4.1923e-04     1.5508e-02  6.2831e-04     1.3673e-03  5.5449e-05     2.0493e-03  8.3103e-05 
1.6816e+00     1.1774e-02  2.4278e-04     1.9798e-02  4.0826e-04     1.7456e-03  3.6124e-05     2.9354e-03  6.0745e-05 
1.8868e+00     1.2675e-02  8.6477e-04     2.3915e-02  1.6316e-03     2.1086e-03  1.4391e-04     3.9784e-03  2.7152e-04 
2.1170e+00     1.4610e-02  6.1547e-04     3.0929e-02  1.3029e-03     2.7270e-03  1.1498e-04     5.7731e-03  2.4341e-04 
2.3753e+00     1.6033e-02  4.5918e-04     3.8082e-02  1.0907e-03     3.3578e-03  9.6343e-05     7.9757e-03  2.2884e-04 
2.6651e+00     1.7776e-02  5.7504e-04     4.7377e-02  1.5325e-03     4.1772e-03  1.3532e-04     1.1133e-02  3.6065e-04 
2.9903e+00     1.9475e-02  2.2786e-04     5.8237e-02  6.8138e-04     5.1348e-03  6.0733e-05     1.5355e-02  1.8161e-04 
3.3552e+00     2.2345e-02  5.8429e-04     7.4972e-02  1.9604e-03     6.6104e-03  1.7323e-04     2.2179e-02  5.8123e-04 
3.7646e+00     2.5394e-02  4.7171e-04     9.5597e-02  1.7758e-03     8.4289e-03  1.5725e-04     3.1731e-02  5.9200e-04 
4.2240e+00     2.7641e-02  3.0755e-04     1.1675e-01  1.2991e-03     1.0294e-02  1.1592e-04     4.3482e-02  4.8965e-04 
4.7394e+00     3.1304e-02  4.2409e-04     1.4836e-01  2.0099e-03     1.3081e-02  1.7866e-04     6.1996e-02  8.4674e-04 
5.3176e+00     3.5010e-02  5.1467e-04     1.8617e-01  2.7369e-03     1.6415e-02  2.4298e-04     8.7290e-02  1.2921e-03 
5.9665e+00     3.9591e-02  3.9618e-04     2.3622e-01  2.3638e-03     2.0828e-02  2.1152e-04     1.2427e-01  1.2620e-03 
6.6945e+00     4.5012e-02  2.4293e-04     3.0133e-01  1.6263e-03     2.6569e-02  1.5060e-04     1.7787e-01  1.0082e-03 
7.5114e+00     5.1205e-02  2.4618e-04     3.8462e-01  1.8492e-03     3.3912e-02  1.7331e-04     2.5473e-01  1.3018e-03 
8.4279e+00     5.8252e-02  2.6939e-04     4.9094e-01  2.2704e-03     4.3287e-02  2.1377e-04     3.6482e-01  1.8016e-03 
9.4563e+00     6.7513e-02  7.0934e-04     6.3842e-01  6.7077e-03     5.6290e-02  5.9941e-04     5.3229e-01  5.6682e-03 
1.0610e+01     7.8311e-02  5.4701e-04     8.3089e-01  5.8039e-03     7.3261e-02  5.2724e-04     7.7730e-01  5.5940e-03 
1.1905e+01     9.2233e-02  3.7429e-04     1.0980e+00  4.4558e-03     9.6812e-02  4.2718e-04     1.1525e+00  5.0854e-03 
1.3357e+01     1.0817e-01  3.7289e-04     1.4449e+00  4.9808e-03     1.2739e-01  4.9151e-04     1.7016e+00  6.5652e-03 
1.4987e+01     9.4819e-02  3.4855e-04     1.4211e+00  5.2238e-03     1.2530e-01  5.0918e-04     1.8778e+00  7.6311e-03 
1.6816e+01     4.3488e-02  2.4829e-04     7.3129e-01  4.1751e-03     6.4479e-02  3.8470e-04     1.0843e+00  6.4691e-03 
1.8868e+01     9.5518e-03  1.0102e-04     1.8022e-01  1.9060e-03     1.5890e-02  1.7029e-04     2.9981e-01  3.2130e-03 
2.1170e+01     1.0215e-03  3.1795e-05     2.1626e-02  6.7311e-04     1.9068e-03  5.9440e-05     4.0366e-02  1.2583e-03 
2.3753e+01     5.2025e-05  4.1948e-06     1.2358e-03  9.9640e-05     1.0896e-04  8.7874e-06     2.5881e-03  2.0873e-04 
2.6651e+01     9.7960e-07  1.0001e-06     2.6108e-05  2.6654e-05     2.3019e-06  2.3502e-06     6.1350e-05  6.2635e-05 
2.9903e+01     5.8204e-07  3.2052e-07     1.7405e-05  9.5847e-06     1.5346e-06  8.4510e-07     4.5890e-05  2.5271e-05 
3.3552e+01     5.1875e-07  2.5500e-07     1.7405e-05  8.5559e-06     1.5346e-06  7.5439e-07     5.1490e-05  2.5311e-05 
3.7646e+01     0.0000e+00  0.0000e+00     0.0000e+00  0.0000e+00     0.0000e+00  0.0000e+00     0.0000e+00  0.0000e+00 
4.2240e+01     0.0000e+00  0.0000e+00     0.0000e+00  0.0000e+00     0.0000e+00  0.0000e+00     0.0000e+00  0.0000e+00 
4.7394e+01     7.3449e-07  4.4134e-07     3.4810e-05  2.0916e-05     3.0692e-06  1.8442e-06     1.4546e-04  8.7405e-05 
5.3176e+01     1.6365e-07  1.3945e-07     8.7025e-06  7.4157e-06     7.6731e-07  6.5385e-07     4.0803e-05  3.4769e-05 
5.9665e+01     1.4586e-07  1.0858e-07     8.7025e-06  6.4785e-06     7.6731e-07  5.7122e-07     4.5782e-05  3.4082e-05 
6.6945e+01     0.0000e+00  0.0000e+00     0.0000e+00  0.0000e+00     0.0000e+00  0.0000e+00     0.0000e+00  0.0000e+00 
7.5114e+01     2.3172e-07  1.2470e-07     1.7405e-05  9.3663e-06     1.5346e-06  8.2584e-07     1.1527e-04  6.2032e-05 
8.4279e+01     2.0652e-07  5.6190e-08     1.7405e-05  4.7357e-06     1.5346e-06  4.1756e-07     1.2934e-04  3.5191e-05 
9.4563e+01     0.0000e+00  0.0000e+00     0.0000e+00  0.0000e+00     0.0000e+00  0.0000e+00     0.0000e+00  0.0000e+00 
1.0610e+02     8.2021e-08  1.2718e-07     8.7025e-06  1.3494e-05     7.6731e-07  1.1898e-06     8.1412e-05  1.2624e-04 
1.1905e+02     1.4620e-07  9.1094e-08     1.7405e-05  1.0845e-05     1.5346e-06  9.5617e-07     1.8269e-04  1.1383e-04 
1.3357e+02     1.9546e-07  8.3937e-08     2.6108e-05  1.1212e-05     2.3019e-06  9.8855e-07     3.0748e-04  1.3204e-04 
1.4987e+02     0.0000e+00  0.0000e+00     0.0000e+00  0.0000e+00     0.0000e+00  0.0000e+00     0.0000e+00  0.0000e+00 
1.6816e+02     5.1752e-08  4.4712e-08     8.7025e-06  7.5188e-06     7.6731e-07  6.6294e-07     1.2903e-04  1.1148e-04 
1.8868e+02     1.3837e-07  6.0173e-08     2.6108e-05  1.1353e-05     2.3019e-06  1.0010e-06     4.3432e-04  1.8887e-04 
2.1170e+02     0.0000e+00  0.0000e+00     0.0000e+00  0.0000e+00     0.0000e+00  0.0000e+00     0.0000e+00  0.0000e+00 
2.3753e+02     1.4655e-07  7.2507e-08     3.4810e-05  1.7223e-05     3.0692e-06  1.5186e-06     7.2904e-04  3.6070e-04 
2.6651e+02     3.2653e-08  2.8212e-08     8.7025e-06  7.5188e-06     7.6731e-07  6.6294e-07     2.0450e-04  1.7668e-04 
2.9903e+02     2.9102e-08  1.4597e-07     8.7025e-06  4.3650e-05     7.6731e-07  3.8486e-06     2.2945e-04  1.1509e-03 
3.3552e+02     5.1875e-08  2.1351e-08     1.7405e-05  7.1638e-06     1.5346e-06  6.3165e-07     5.1490e-04  2.1193e-04 
3.7646e+02     0.0000e+00  0.0000e+00     0.0000e+00  0.0000e+00     0.0000e+00  0.0000e+00     0.0000e+00  0.0000e+00 
4.2240e+02     0.0000e+00  0.0000e+00     0.0000e+00  0.0000e+00     0.0000e+00  0.0000e+00     0.0000e+00  0.0000e+00 
4.7394e+02     0.0000e+00  0.0000e+00     0.0000e+00  0.0000e+00     0.0000e+00  0.0000e+00     0.0000e+00  0.0000e+00 
5.3176e+02     1.6365e-08  1.5536e-08     8.7025e-06  8.2617e-06     7.6731e-07  7.2845e-07     4.0803e-04  3.8736e-04 
5.9665e+02     1.4586e-08  3.5726e-09     8.7025e-06  2.1316e-06     7.6731e-07  1.8795e-07     4.5782e-04  1.1214e-04 
6.6945e+02     0.0000e+00  0.0000e+00     0.0000e+00  0.0000e+00     0.0000e+00  0.0000e+00     0.0000e+00  0.0000e+00 
7.5114e+02     0.0000e+00  0.0000e+00     0.0000e+00  0.0000e+00     0.0000e+00  0.0000e+00     0.0000e+00  0.0000e+00 
8.4279e+02     0.0000e+00  0.0000e+00     0.0000e+00  0.0000e+00     0.0000e+00  0.0000e+00     0.0000e+00  0.0000e+00 
9.4563e+02     0.0000e+00  0.0000e+00     0.0000e+00  0.0000e+00     0.0000e+00  0.0000e+00     0.0000e+00  0.0000e+00 
1.0610e+03     0.0000e+00  0.0000e+00     0.0000e+00  0.0000e+00     0.0000e+00  0.0000e+00     0.0000e+00  0.0000e+00 
1.1905e+03     0.0000e+00  0.0000e+00     0.0000e+00  0.0000e+00     0.0000e+00  0.0000e+00     0.0000e+00  0.0000e+00 
1.3357e+03     0.0000e+00  0.0000e+00     0.0000e+00  0.0000e+00     0.0000e+00  0.0000e+00     0.0000e+00  0.0000e+00 
1.4987e+03     0.0000e+00  0.0000e+00     0.0000e+00  0.0000e+00     0.0000e+00  0.0000e+00     0.0000e+00  0.0000e+00 
1.6816e+03     0.0000e+00  0.0000e+00     0.0000e+00  0.0000e+00     0.0000e+00  0.0000e+00     0.0000e+00  0.0000e+00 
1.8868e+03     0.0000e+00  0.0000e+00     0.0000e+00  0.0000e+00     0.0000e+00  0.0000e+00     0.0000e+00  0.0000e+00 
2.1170e+03     0.0000e+00  0.0000e+00     0.0000e+00  0.0000e+00     0.0000e+00  0.0000e+00     0.0000e+00  0.0000e+00 
2.3753e+03     0.0000e+00  0.0000e+00     0.0000e+00  0.0000e+00     0.0000e+00  0.0000e+00     0.0000e+00  0.0000e+00 
2.6651e+03     0.0000e+00  0.0000e+00     0.0000e+00  0.0000e+00     0.0000e+00  0.0000e+00     0.0000e+00  0.0000e+00 
2.9903e+03     0.0000e+00  0.0000e+00     0.0000e+00  0.0000e+00     0.0000e+00  0.0000e+00     0.0000e+00  0.0000e+00 
3.3552e+03     0.0000e+00  0.0000e+00     0.0000e+00  0.0000e+00     0.0000e+00  0.0000e+00     0.0000e+00  0.0000e+00 
3.7646e+03     0.0000e+00  0.0000e+00     0.0000e+00  0.0000e+00     0.0000e+00  0.0000e+00     0.0000e+00  0.0000e+00 
4.2240e+03     0.0000e+00  0.0000e+00     0.0000e+00  0.0000e+00     0.0000e+00  0.0000e+00     0.0000e+00  0.0000e+00 
4.7394e+03     0.0000e+00  0.0000e+00     0.0000e+00  0.0000e+00     0.0000e+00  0.0000e+00     0.0000e+00  0.0000e+00 
5.3176e+03     0.0000e+00  0.0000e+00     0.0000e+00  0.0000e+00     0.0000e+00  0.0000e+00     0.0000e+00  0.0000e+00 
5.9665e+03     0.0000e+00  0.0000e+00     0.0000e+00  0.0000e+00     0.0000e+00  0.0000e+00     0.0000e+00  0.0000e+00 
6.6945e+03     0.0000e+00  0.0000e+00     0.0000e+00  0.0000e+00     0.0000e+00  0.0000e+00     0.0000e+00  0.0000e+00 
7.5114e+03     0.0000e+00  0.0000e+00     0.0000e+00  0.0000e+00     0.0000e+00  0.0000e+00     0.0000e+00  0.0000e+00 
8.4279e+03     0.0000e+00  0.0000e+00     0.0000e+00  0.0000e+00     0.0000e+00  0.0000e+00     0.0000e+00  0.0000e+00 
9.4563e+03     0.0000e+00  0.0000e+00     0.0000e+00  0.0000e+00     0.0000e+00  0.0000e+00     0.0000e+00  0.0000e+00 
