yF = 9.5679e+00 (std: 1.8617e-02) keV/um
yD = 1.1079e+01 (std: 8.1355e-02) keV/um
y (keV/um)     f(y)(std)                  yf(y)(std)                 d(y)(std)                  yd(y)(std)  
1.0610e-01     6.9717e-03  6.0278e-04     7.3971e-04  6.3956e-05     7.7312e-05  6.6861e-06     8.2028e-06  7.0940e-07 
1.1905e-01     8.7721e-04  3.6209e-04     1.0443e-04  4.3106e-05     1.0915e-05  4.5053e-06     1.2993e-06  5.3634e-07 
1.3357e-01     1.4333e-03  4.3584e-04     1.9145e-04  5.8216e-05     2.0010e-05  6.0847e-06     2.6728e-06  8.1275e-07 
1.4987e-01     1.6839e-03  3.8317e-04     2.5237e-04  5.7427e-05     2.6377e-05  6.0022e-06     3.9531e-06  8.9956e-07 
1.6816e-01     1.3455e-03  5.4413e-04     2.2626e-04  9.1500e-05     2.3648e-05  9.5634e-06     3.9767e-06  1.6082e-06 
1.8868e-01     1.3376e-03  2.3457e-04     2.5237e-04  4.4257e-05     2.6377e-05  4.6259e-06     4.9767e-06  8.7280e-07 
2.1170e-01     1.7676e-03  3.4159e-04     3.7420e-04  7.2315e-05     3.9111e-05  7.5584e-06     8.2797e-06  1.6001e-06 
2.3753e-01     2.0150e-03  4.2571e-04     4.7863e-04  1.0112e-04     5.0025e-05  1.0569e-05     1.1882e-05  2.5105e-06 
2.6651e-01     2.2204e-03  4.1859e-04     5.9177e-04  1.1156e-04     6.1849e-05  1.1661e-05     1.6484e-05  3.1077e-06 
2.9903e-01     2.6192e-03  5.9715e-04     7.8322e-04  1.7857e-04     8.1859e-05  1.8664e-05     2.4479e-05  5.5811e-06 
3.3552e-01     2.1528e-03  2.8222e-04     7.2230e-04  9.4689e-05     7.5492e-05  9.8977e-06     2.5329e-05  3.3209e-06 
3.7646e-01     3.2132e-03  4.0915e-04     1.2096e-03  1.5403e-04     1.2643e-04  1.6100e-05     4.7595e-05  6.0611e-06 
4.2240e-01     3.3170e-03  8.7596e-04     1.4011e-03  3.7000e-04     1.4644e-04  3.8672e-05     6.1854e-05  1.6335e-05 
4.7394e-01     4.2600e-03  4.7670e-04     2.0190e-03  2.2593e-04     2.1101e-04  2.3616e-05     1.0001e-04  1.1193e-05 
5.3176e-01     4.6968e-03  3.9377e-04     2.4976e-03  2.0939e-04     2.6104e-04  2.1891e-05     1.3881e-04  1.1641e-05 
5.9665e-01     5.3966e-03  7.6603e-04     3.2199e-03  4.5705e-04     3.3653e-04  4.7774e-05     2.0079e-04  2.8504e-05 
6.6945e-01     6.7987e-03  3.3054e-04     4.5514e-03  2.2128e-04     4.7569e-04  2.3146e-05     3.1845e-04  1.5495e-05 
7.5114e-01     7.6118e-03  5.1147e-04     5.7175e-03  3.8418e-04     5.9757e-04  4.0170e-05     4.4886e-04  3.0173e-05 
8.4279e-01     8.7562e-03  4.4869e-04     7.3797e-03  3.7815e-04     7.7130e-04  3.9551e-05     6.5004e-04  3.3333e-05 
9.4563e-01     9.2673e-03  3.9786e-04     8.7634e-03  3.7623e-04     9.1591e-04  3.9362e-05     8.6611e-04  3.7222e-05 
1.0610e+00     1.0671e-02  2.9434e-04     1.1322e-02  3.1229e-04     1.1833e-03  3.2721e-05     1.2555e-03  3.4717e-05 
1.1905e+00     1.1937e-02  6.4120e-04     1.4211e-02  7.6334e-04     1.4853e-03  7.9833e-05     1.7682e-03  9.5039e-05 
1.3357e+00     1.3082e-02  7.1451e-04     1.7474e-02  9.5439e-04     1.8264e-03  9.9813e-05     2.4395e-03  1.3332e-04 
1.4987e+00     1.5039e-02  4.1293e-04     2.2539e-02  6.1887e-04     2.3557e-03  6.4844e-05     3.5306e-03  9.7183e-05 
1.6816e+00     1.5841e-02  5.1361e-04     2.6638e-02  8.6368e-04     2.7841e-03  9.0431e-05     4.6817e-03  1.5207e-04 
1.8868e+00     1.8320e-02  3.1867e-04     3.4566e-02  6.0126e-04     3.6127e-03  6.3234e-05     6.8164e-03  1.1931e-04 
2.1170e+00     1.9748e-02  6.2090e-04     4.1806e-02  1.3144e-03     4.3695e-03  1.3764e-04     9.2501e-03  2.9139e-04 
2.3753e+00     2.2235e-02  4.6346e-04     5.2815e-02  1.1009e-03     5.5200e-03  1.1556e-04     1.3112e-02  2.7449e-04 
2.6651e+00     2.4686e-02  3.7079e-04     6.5790e-02  9.8821e-04     6.8762e-03  1.0415e-04     1.8326e-02  2.7757e-04 
2.9903e+00     2.8267e-02  6.3358e-04     8.4527e-02  1.8946e-03     8.8344e-03  1.9876e-04     2.6418e-02  5.9437e-04 
3.3552e+00     3.1311e-02  6.9768e-04     1.0506e-01  2.3409e-03     1.0980e-02  2.4559e-04     3.6840e-02  8.2401e-04 
3.7646e+00     3.5107e-02  7.5972e-04     1.3216e-01  2.8601e-03     1.3813e-02  3.0013e-04     5.2002e-02  1.1299e-03 
4.2240e+00     3.9120e-02  3.0688e-04     1.6524e-01  1.2963e-03     1.7270e-02  1.3959e-04     7.2950e-02  5.8960e-04 
4.7394e+00     4.4229e-02  4.9930e-04     2.0962e-01  2.3663e-03     2.1908e-02  2.5097e-04     1.0383e-01  1.1894e-03 
5.3176e+00     5.0467e-02  6.1199e-04     2.6837e-01  3.2543e-03     2.8049e-02  3.4448e-04     1.4915e-01  1.8318e-03 
5.9665e+00     5.6942e-02  4.5450e-04     3.3974e-01  2.7118e-03     3.5509e-02  2.9173e-04     2.1186e-01  1.7406e-03 
6.6945e+00     6.4891e-02  4.5939e-04     4.3442e-01  3.0754e-03     4.5404e-02  3.3335e-04     3.0396e-01  2.2316e-03 
7.5114e+00     7.4528e-02  7.2327e-04     5.5981e-01  5.4327e-03     5.8509e-02  5.7911e-04     4.3949e-01  4.3499e-03 
8.4279e+00     8.6572e-02  2.6799e-04     7.2962e-01  2.2586e-03     7.6257e-02  2.7882e-04     6.4269e-01  2.3499e-03 
9.4563e+00     1.0090e-01  3.7566e-04     9.5417e-01  3.5524e-03     9.9726e-02  4.1893e-04     9.4304e-01  3.9615e-03 
1.0610e+01     1.1939e-01  3.0803e-04     1.2667e+00  3.2682e-03     1.3239e-01  4.2783e-04     1.4047e+00  4.5394e-03 
1.1905e+01     1.2576e-01  7.8924e-04     1.4972e+00  9.3957e-03     1.5648e-01  1.0281e-03     1.8629e+00  1.2240e-02 
1.3357e+01     8.1436e-02  3.6436e-04     1.0878e+00  4.8669e-03     1.1369e-01  5.5470e-04     1.5186e+00  7.4092e-03 
1.4987e+01     2.8636e-02  2.2963e-04     4.2917e-01  3.4415e-03     4.4855e-02  3.7014e-04     6.7225e-01  5.5473e-03 
1.6816e+01     5.4375e-03  8.6547e-05     9.1436e-02  1.4554e-03     9.5566e-03  1.5324e-04     1.6070e-01  2.5769e-03 
1.8868e+01     5.7009e-04  3.1287e-05     1.0756e-02  5.9032e-04     1.1242e-03  6.1737e-05     2.1211e-02  1.1648e-03 
2.1170e+01     3.2064e-05  1.0719e-05     6.7879e-04  2.2692e-04     7.0945e-05  2.3717e-05     1.5019e-03  5.0209e-04 
2.3753e+01     7.3274e-07  4.3187e-07     1.7405e-05  1.0258e-05     1.8191e-06  1.0722e-06     4.3209e-05  2.5467e-05 
2.6651e+01     0.0000e+00  0.0000e+00     0.0000e+00  0.0000e+00     0.0000e+00  0.0000e+00     0.0000e+00  0.0000e+00 
2.9903e+01     2.9102e-07  2.7149e-07     8.7024e-06  8.1184e-06     9.0955e-07  8.4851e-07     2.7198e-05  2.5373e-05 
3.3552e+01     7.7811e-07  1.2685e-06     2.6107e-05  4.2559e-05     2.7286e-06  4.4482e-06     9.1552e-05  1.4925e-04 
3.7646e+01     4.6233e-07  6.7951e-07     1.7405e-05  2.5581e-05     1.8191e-06  2.6736e-06     6.8482e-05  1.0065e-04 
4.2240e+01     0.0000e+00  0.0000e+00     0.0000e+00  0.0000e+00     0.0000e+00  0.0000e+00     0.0000e+00  0.0000e+00 
4.7394e+01     1.4690e-06  8.1848e-07     6.9619e-05  3.8791e-05     7.2764e-06  4.0543e-06     3.4485e-04  1.9215e-04 
5.3176e+01     1.6365e-07  2.5374e-07     8.7024e-06  1.3493e-05     9.0955e-07  1.4102e-06     4.8366e-05  7.4992e-05 
5.9665e+01     1.4586e-07  9.9384e-07     8.7024e-06  5.9297e-05     9.0955e-07  6.1975e-06     5.4268e-05  3.6977e-04 
6.6945e+01     2.5999e-07  1.2893e-07     1.7405e-05  8.6312e-06     1.8191e-06  9.0211e-07     1.2178e-04  6.0392e-05 
7.5114e+01     0.0000e+00  0.0000e+00     0.0000e+00  0.0000e+00     0.0000e+00  0.0000e+00     0.0000e+00  0.0000e+00 
8.4279e+01     3.0977e-07  2.1348e-07     2.6107e-05  1.7992e-05     2.7286e-06  1.8805e-06     2.2997e-04  1.5848e-04 
9.4563e+01     1.8406e-07  2.1394e-07     1.7405e-05  2.0230e-05     1.8191e-06  2.1144e-06     1.7202e-04  1.9994e-04 
1.0610e+02     1.6404e-07  4.3923e-07     1.7405e-05  4.6602e-05     1.8191e-06  4.8707e-06     1.9301e-04  5.1679e-04 
1.1905e+02     0.0000e+00  0.0000e+00     0.0000e+00  0.0000e+00     0.0000e+00  0.0000e+00     0.0000e+00  0.0000e+00 
1.3357e+02     0.0000e+00  0.0000e+00     0.0000e+00  0.0000e+00     0.0000e+00  0.0000e+00     0.0000e+00  0.0000e+00 
1.4987e+02     1.1613e-07  8.9642e-08     1.7405e-05  1.3435e-05     1.8191e-06  1.4042e-06     2.7263e-04  2.1044e-04 
1.6816e+02     5.1751e-08  2.9325e-08     8.7024e-06  4.9312e-06     9.0955e-07  5.1540e-07     1.5295e-04  8.6668e-05 
1.8868e+02     1.3837e-07  9.1075e-08     2.6107e-05  1.7184e-05     2.7286e-06  1.7960e-06     5.1483e-04  3.3886e-04 
2.1170e+02     4.1108e-08  2.7504e-08     8.7024e-06  5.8225e-06     9.0955e-07  6.0855e-07     1.9255e-04  1.2883e-04 
2.3753e+02     3.6637e-08  3.2105e-08     8.7024e-06  7.6259e-06     9.0955e-07  7.9703e-07     2.1605e-04  1.8932e-04 
2.6651e+02     3.2653e-08  1.6376e-07     8.7024e-06  4.3645e-05     9.0955e-07  4.5617e-06     2.4241e-04  1.2157e-03 
2.9903e+02     2.9102e-08  6.3123e-08     8.7024e-06  1.8876e-05     9.0955e-07  1.9728e-06     2.7198e-04  5.8994e-04 
3.3552e+02     5.1874e-08  2.5976e-08     1.7405e-05  8.7155e-06     1.8191e-06  9.1092e-07     6.1034e-04  3.0563e-04 
3.7646e+02     4.6233e-08  2.1956e-08     1.7405e-05  8.2655e-06     1.8191e-06  8.6389e-07     6.8482e-04  3.2522e-04 
4.2240e+02     2.0603e-08  2.6701e-08     8.7024e-06  1.1278e-05     9.0955e-07  1.1788e-06     3.8419e-04  4.9791e-04 
4.7394e+02     0.0000e+00  0.0000e+00     0.0000e+00  0.0000e+00     0.0000e+00  0.0000e+00     0.0000e+00  0.0000e+00 
5.3176e+02     1.6365e-08  5.1741e-09     8.7024e-06  2.7514e-06     9.0955e-07  2.8757e-07     4.8366e-04  1.5292e-04 
5.9665e+02     0.0000e+00  0.0000e+00     0.0000e+00  0.0000e+00     0.0000e+00  0.0000e+00     0.0000e+00  0.0000e+00 
6.6945e+02     2.5999e-08  1.3215e-08     1.7405e-05  8.8467e-06     1.8191e-06  9.2463e-07     1.2178e-03  6.1900e-04 
7.5114e+02     1.1586e-08  5.4344e-09     8.7024e-06  4.0819e-06     9.0955e-07  4.2663e-07     6.8319e-04  3.2046e-04 
8.4279e+02     0.0000e+00  0.0000e+00     0.0000e+00  0.0000e+00     0.0000e+00  0.0000e+00     0.0000e+00  0.0000e+00 
9.4563e+02     0.0000e+00  0.0000e+00     0.0000e+00  0.0000e+00     0.0000e+00  0.0000e+00     0.0000e+00  0.0000e+00 
1.0610e+03     0.0000e+00  0.0000e+00     0.0000e+00  0.0000e+00     0.0000e+00  0.0000e+00     0.0000e+00  0.0000e+00 
1.1905e+03     0.0000e+00  0.0000e+00     0.0000e+00  0.0000e+00     0.0000e+00  0.0000e+00     0.0000e+00  0.0000e+00 
1.3357e+03     0.0000e+00  0.0000e+00     0.0000e+00  0.0000e+00     0.0000e+00  0.0000e+00     0.0000e+00  0.0000e+00 
1.4987e+03     0.0000e+00  0.0000e+00     0.0000e+00  0.0000e+00     0.0000e+00  0.0000e+00     0.0000e+00  0.0000e+00 
1.6816e+03     0.0000e+00  0.0000e+00     0.0000e+00  0.0000e+00     0.0000e+00  0.0000e+00     0.0000e+00  0.0000e+00 
1.8868e+03     0.0000e+00  0.0000e+00     0.0000e+00  0.0000e+00     0.0000e+00  0.0000e+00     0.0000e+00  0.0000e+00 
2.1170e+03     0.0000e+00  0.0000e+00     0.0000e+00  0.0000e+00     0.0000e+00  0.0000e+00     0.0000e+00  0.0000e+00 
2.3753e+03     0.0000e+00  0.0000e+00     0.0000e+00  0.0000e+00     0.0000e+00  0.0000e+00     0.0000e+00  0.0000e+00 
2.6651e+03     0.0000e+00  0.0000e+00     0.0000e+00  0.0000e+00     0.0000e+00  0.0000e+00     0.0000e+00  0.0000e+00 
2.9903e+03     0.0000e+00  0.0000e+00     0.0000e+00  0.0000e+00     0.0000e+00  0.0000e+00     0.0000e+00  0.0000e+00 
3.3552e+03     0.0000e+00  0.0000e+00     0.0000e+00  0.0000e+00     0.0000e+00  0.0000e+00     0.0000e+00  0.0000e+00 
3.7646e+03     0.0000e+00  0.0000e+00     0.0000e+00  0.0000e+00     0.0000e+00  0.0000e+00     0.0000e+00  0.0000e+00 
4.2240e+03     0.0000e+00  0.0000e+00     0.0000e+00  0.0000e+00     0.0000e+00  0.0000e+00     0.0000e+00  0.0000e+00 
4.7394e+03     0.0000e+00  0.0000e+00     0.0000e+00  0.0000e+00     0.0000e+00  0.0000e+00     0.0000e+00  0.0000e+00 
5.3176e+03     0.0000e+00  0.0000e+00     0.0000e+00  0.0000e+00     0.0000e+00  0.0000e+00     0.0000e+00  0.0000e+00 
5.9665e+03     0.0000e+00  0.0000e+00     0.0000e+00  0.0000e+00     0.0000e+00  0.0000e+00     0.0000e+00  0.0000e+00 
6.6945e+03     0.0000e+00  0.0000e+00     0.0000e+00  0.0000e+00     0.0000e+00  0.0000e+00     0.0000e+00  0.0000e+00 
7.5114e+03     0.0000e+00  0.0000e+00     0.0000e+00  0.0000e+00     0.0000e+00  0.0000e+00     0.0000e+00  0.0000e+00 
8.4279e+03     0.0000e+00  0.0000e+00     0.0000e+00  0.0000e+00     0.0000e+00  0.0000e+00     0.0000e+00  0.0000e+00 
9.4563e+03     0.0000e+00  0.0000e+00     0.0000e+00  0.0000e+00     0.0000e+00  0.0000e+00     0.0000e+00  0.0000e+00 
