yF = 9.6805e+00 (std: 1.8996e-02) keV/um
yD = 1.1174e+01 (std: 7.4337e-02) keV/um
y (keV/um)     f(y)(std)                  yf(y)(std)                 d(y)(std)                  yd(y)(std)  
1.0610e-01     6.3976e-03  1.1384e-03     6.7879e-04  1.2078e-04     7.0120e-05  1.2478e-05     7.4398e-06  1.3239e-06 
1.1905e-01     7.3101e-04  2.1741e-04     8.7025e-05  2.5882e-05     8.9898e-06  2.6737e-06     1.0702e-06  3.1830e-07 
1.3357e-01     1.1076e-03  3.4462e-04     1.4794e-04  4.6033e-05     1.5283e-05  4.7553e-06     2.0413e-06  6.3518e-07 
1.4987e-01     1.6839e-03  4.3766e-04     2.5237e-04  6.5593e-05     2.6070e-05  6.7760e-06     3.9072e-06  1.0155e-06 
1.6816e-01     1.5008e-03  4.3304e-04     2.5237e-04  7.2819e-05     2.6070e-05  7.5224e-06     4.3839e-06  1.2650e-06 
1.8868e-01     1.5682e-03  5.0005e-04     2.9588e-04  9.4348e-05     3.0565e-05  9.7464e-06     5.7669e-06  1.8389e-06 
2.1170e-01     1.5210e-03  2.5783e-04     3.2199e-04  5.4582e-05     3.3262e-05  5.6387e-06     7.0416e-06  1.1937e-06 
2.3753e-01     2.0517e-03  3.6470e-04     4.8734e-04  8.6627e-05     5.0343e-05  8.9492e-06     1.1958e-05  2.1257e-06 
2.6651e-01     2.2531e-03  2.7964e-04     6.0047e-04  7.4528e-05     6.2029e-05  7.6997e-06     1.6532e-05  2.0521e-06 
2.9903e-01     2.0954e-03  2.6849e-04     6.2658e-04  8.0288e-05     6.4726e-05  8.2948e-06     1.9355e-05  2.4804e-06 
3.3552e-01     2.1269e-03  3.3531e-04     7.1360e-04  1.1250e-04     7.3716e-05  1.1623e-05     2.4733e-05  3.8997e-06 
3.7646e-01     2.9127e-03  1.9591e-04     1.0965e-03  7.3751e-05     1.1327e-04  7.6218e-06     4.2642e-05  2.8693e-06 
4.2240e-01     3.2758e-03  6.5795e-04     1.3837e-03  2.7792e-04     1.4294e-04  2.8710e-05     6.0376e-05  1.2127e-05 
4.7394e-01     3.8744e-03  3.7216e-04     1.8362e-03  1.7638e-04     1.8968e-04  1.8224e-05     8.9898e-05  8.6370e-06 
5.3176e-01     4.4841e-03  3.1740e-04     2.3845e-03  1.6878e-04     2.4632e-04  1.7442e-05     1.3098e-04  9.2750e-06 
5.9665e-01     5.9072e-03  3.3016e-04     3.5245e-03  1.9699e-04     3.6408e-04  2.0362e-05     2.1723e-04  1.2149e-05 
6.6945e-01     6.1097e-03  5.3353e-04     4.0902e-03  3.5717e-04     4.2252e-04  3.6905e-05     2.8286e-04  2.4706e-05 
7.5114e-01     7.3338e-03  6.0871e-04     5.5087e-03  4.5722e-04     5.6905e-04  4.7245e-05     4.2744e-04  3.5487e-05 
8.4279e-01     7.9612e-03  2.2001e-04     6.7096e-03  1.8542e-04     6.9311e-04  1.9202e-05     5.8415e-04  1.6183e-05 
9.4563e-01     9.4974e-03  5.7913e-04     8.9810e-03  5.4764e-04     9.2774e-04  5.6601e-05     8.7730e-04  5.3523e-05 
1.0610e+00     1.0302e-02  7.4854e-04     1.0930e-02  7.9420e-04     1.1291e-03  8.2072e-05     1.1980e-03  8.7079e-05 
1.1905e+00     1.1682e-02  1.9563e-04     1.3907e-02  2.3289e-04     1.4366e-03  2.4222e-05     1.7102e-03  2.8836e-05 
1.3357e+00     1.2841e-02  5.7191e-04     1.7153e-02  7.6392e-04     1.7719e-03  7.8990e-05     2.3668e-03  1.0551e-04 
1.4987e+00     1.4168e-02  3.6855e-04     2.1234e-02  5.5236e-04     2.1935e-03  5.7221e-05     3.2874e-03  8.5758e-05 
1.6816e+00     1.5903e-02  3.2661e-04     2.6743e-02  5.4922e-04     2.7626e-03  5.6993e-05     4.6455e-03  9.5838e-05 
1.8868e+00     1.8214e-02  2.2108e-04     3.4366e-02  4.1713e-04     3.5501e-03  4.3649e-05     6.6981e-03  8.2356e-05 
2.1170e+00     1.9296e-02  3.3960e-04     4.0850e-02  7.1893e-04     4.2198e-03  7.4727e-05     8.9333e-03  1.5820e-04 
2.3753e+00     2.2272e-02  4.0805e-04     5.2902e-02  9.6923e-04     5.4649e-03  1.0070e-04     1.2981e-02  2.3918e-04 
2.6651e+00     2.3837e-02  4.0126e-04     6.3528e-02  1.0694e-03     6.5625e-03  1.1122e-04     1.7490e-02  2.9642e-04 
2.9903e+00     2.7414e-02  3.9093e-04     8.1978e-02  1.1690e-03     8.4683e-03  1.2190e-04     2.5323e-02  3.6452e-04 
3.3552e+00     3.0549e-02  2.3647e-04     1.0250e-01  7.9340e-04     1.0588e-02  8.4552e-05     3.5525e-02  2.8369e-04 
3.7646e+00     3.4335e-02  3.9228e-04     1.2926e-01  1.4768e-03     1.3352e-02  1.5479e-04     5.0267e-02  5.8271e-04 
4.2240e+00     3.8051e-02  4.4601e-04     1.6073e-01  1.8839e-03     1.6603e-02  1.9732e-04     7.0131e-02  8.3346e-04 
4.7394e+00     4.3217e-02  3.1763e-04     2.0482e-01  1.5054e-03     2.1158e-02  1.6095e-04     1.0028e-01  7.6281e-04 
5.3176e+00     4.8950e-02  4.2085e-04     2.6030e-01  2.2379e-03     2.6889e-02  2.3713e-04     1.4299e-01  1.2610e-03 
5.9665e+00     5.5911e-02  5.7192e-04     3.3359e-01  3.4124e-03     3.4460e-02  3.5893e-04     2.0561e-01  2.1415e-03 
6.6945e+00     6.3735e-02  3.9401e-04     4.2667e-01  2.6377e-03     4.4076e-02  2.8587e-04     2.9507e-01  1.9138e-03 
7.5114e+00     7.2149e-02  5.1154e-04     5.4194e-01  3.8423e-03     5.5983e-02  4.1184e-04     4.2051e-01  3.0935e-03 
8.4279e+00     8.4223e-02  2.2689e-04     7.0982e-01  1.9122e-03     7.3325e-02  2.4439e-04     6.1797e-01  2.0597e-03 
9.4563e+00     9.7933e-02  3.2243e-04     9.2608e-01  3.0490e-03     9.5664e-02  3.6667e-04     9.0463e-01  3.4673e-03 
1.0610e+01     1.1565e-01  6.0498e-04     1.2271e+00  6.4189e-03     1.2676e-01  7.0820e-04     1.3449e+00  7.5141e-03 
1.1905e+01     1.2604e-01  4.2577e-04     1.5005e+00  5.0687e-03     1.5500e-01  6.0554e-04     1.8453e+00  7.2088e-03 
1.3357e+01     8.7151e-02  5.7364e-04     1.1641e+00  7.6623e-03     1.2025e-01  8.2595e-04     1.6062e+00  1.1032e-02 
1.4987e+01     3.2211e-02  2.7267e-04     4.8274e-01  4.0865e-03     4.9868e-02  4.3334e-04     7.4738e-01  6.4945e-03 
1.6816e+01     6.3856e-03  1.3604e-04     1.0738e-01  2.2877e-03     1.1092e-02  2.3732e-04     1.8653e-01  3.9907e-03 
1.8868e+01     7.0108e-04  2.8177e-05     1.3228e-02  5.3164e-04     1.3664e-03  5.4984e-05     2.5782e-02  1.0374e-03 
2.1170e+01     3.2886e-05  4.9890e-06     6.9620e-04  1.0562e-04     7.1918e-05  1.0911e-05     1.5225e-03  2.3099e-04 
2.3753e+01     2.9310e-06  1.7707e-06     6.9620e-05  4.2060e-05     7.1918e-06  4.3449e-06     1.7083e-04  1.0320e-04 
2.6651e+01     3.2653e-07  2.3201e-07     8.7025e-06  6.1833e-06     8.9898e-07  6.3874e-07     2.3959e-05  1.7023e-05 
2.9903e+01     5.8204e-07  2.3183e-07     1.7405e-05  6.9324e-06     1.7980e-06  7.1613e-07     5.3765e-05  2.1415e-05 
3.3552e+01     2.5937e-07  1.9086e-07     8.7025e-06  6.4036e-06     8.9898e-07  6.6150e-07     3.0162e-05  2.2195e-05 
3.7646e+01     6.9350e-07  4.4443e-07     2.6107e-05  1.6731e-05     2.6969e-06  1.7283e-06     1.0153e-04  6.5065e-05 
4.2240e+01     2.0603e-07  6.8323e-08     8.7025e-06  2.8859e-06     8.9898e-07  2.9813e-07     3.7972e-05  1.2593e-05 
4.7394e+01     1.8362e-07  5.4451e-07     8.7025e-06  2.5806e-05     8.9898e-07  2.6658e-06     4.2606e-05  1.2634e-04 
5.3176e+01     0.0000e+00  0.0000e+00     0.0000e+00  0.0000e+00     0.0000e+00  0.0000e+00     0.0000e+00  0.0000e+00 
5.9665e+01     1.4586e-07  1.0985e-07     8.7025e-06  6.5544e-06     8.9898e-07  6.7708e-07     5.3637e-05  4.0398e-05 
6.6945e+01     5.1998e-07  3.6687e-07     3.4810e-05  2.4560e-05     3.5959e-06  2.5371e-06     2.4073e-04  1.6985e-04 
7.5114e+01     1.1586e-07  2.5906e-08     8.7025e-06  1.9459e-06     8.9898e-07  2.0102e-07     6.7525e-05  1.5100e-05 
8.4279e+01     1.0326e-07  2.7196e-07     8.7025e-06  2.2921e-05     8.9898e-07  2.3677e-06     7.5765e-05  1.9955e-04 
9.4563e+01     0.0000e+00  0.0000e+00     0.0000e+00  0.0000e+00     0.0000e+00  0.0000e+00     0.0000e+00  0.0000e+00 
1.0610e+02     1.6404e-07  1.1279e-07     1.7405e-05  1.1967e-05     1.7980e-06  1.2362e-06     1.9076e-04  1.3116e-04 
1.1905e+02     2.9240e-07  1.9508e-07     3.4810e-05  2.3223e-05     3.5959e-06  2.3990e-06     4.2808e-04  2.8559e-04 
1.3357e+02     6.5152e-08  3.3239e-08     8.7025e-06  4.4398e-06     8.9898e-07  4.5864e-07     1.2008e-04  6.1262e-05 
1.4987e+02     1.7420e-07  6.1404e-08     2.6107e-05  9.2027e-06     2.6969e-06  9.5066e-07     4.0419e-04  1.4248e-04 
1.6816e+02     1.0350e-07  3.9617e-08     1.7405e-05  6.6619e-06     1.7980e-06  6.8819e-07     3.0234e-04  1.1573e-04 
1.8868e+02     4.6124e-08  2.4865e-08     8.7025e-06  4.6914e-06     8.9898e-07  4.8463e-07     1.6962e-04  9.1438e-05 
2.1170e+02     8.2216e-08  6.2160e-08     1.7405e-05  1.3159e-05     1.7980e-06  1.3594e-06     3.8062e-04  2.8778e-04 
2.3753e+02     1.0991e-07  3.6424e-08     2.6107e-05  8.6518e-06     2.6969e-06  8.9376e-07     6.4060e-04  2.1229e-04 
2.6651e+02     3.2653e-08  1.4233e-08     8.7025e-06  3.7932e-06     8.9898e-07  3.9184e-07     2.3959e-04  1.0443e-04 
2.9903e+02     5.8204e-08  3.1883e-08     1.7405e-05  9.5342e-06     1.7980e-06  9.8490e-07     5.3765e-04  2.9452e-04 
3.3552e+02     7.7812e-08  3.9212e-08     2.6107e-05  1.3156e-05     2.6969e-06  1.3591e-06     9.0487e-04  4.5600e-04 
3.7646e+02     2.3117e-08  7.8802e-08     8.7025e-06  2.9666e-05     8.9898e-07  3.0645e-06     3.3843e-04  1.1537e-03 
4.2240e+02     0.0000e+00  0.0000e+00     0.0000e+00  0.0000e+00     0.0000e+00  0.0000e+00     0.0000e+00  0.0000e+00 
4.7394e+02     0.0000e+00  0.0000e+00     0.0000e+00  0.0000e+00     0.0000e+00  0.0000e+00     0.0000e+00  0.0000e+00 
5.3176e+02     0.0000e+00  0.0000e+00     0.0000e+00  0.0000e+00     0.0000e+00  0.0000e+00     0.0000e+00  0.0000e+00 
5.9665e+02     2.9171e-08  1.3437e-08     1.7405e-05  8.0174e-06     1.7980e-06  8.2821e-07     1.0727e-03  4.9415e-04 
6.6945e+02     0.0000e+00  0.0000e+00     0.0000e+00  0.0000e+00     0.0000e+00  0.0000e+00     0.0000e+00  0.0000e+00 
7.5114e+02     0.0000e+00  0.0000e+00     0.0000e+00  0.0000e+00     0.0000e+00  0.0000e+00     0.0000e+00  0.0000e+00 
8.4279e+02     1.0326e-08  3.5765e-09     8.7025e-06  3.0142e-06     8.9898e-07  3.1138e-07     7.5765e-04  2.6243e-04 
9.4563e+02     0.0000e+00  0.0000e+00     0.0000e+00  0.0000e+00     0.0000e+00  0.0000e+00     0.0000e+00  0.0000e+00 
1.0610e+03     0.0000e+00  0.0000e+00     0.0000e+00  0.0000e+00     0.0000e+00  0.0000e+00     0.0000e+00  0.0000e+00 
1.1905e+03     0.0000e+00  0.0000e+00     0.0000e+00  0.0000e+00     0.0000e+00  0.0000e+00     0.0000e+00  0.0000e+00 
1.3357e+03     0.0000e+00  0.0000e+00     0.0000e+00  0.0000e+00     0.0000e+00  0.0000e+00     0.0000e+00  0.0000e+00 
1.4987e+03     0.0000e+00  0.0000e+00     0.0000e+00  0.0000e+00     0.0000e+00  0.0000e+00     0.0000e+00  0.0000e+00 
1.6816e+03     0.0000e+00  0.0000e+00     0.0000e+00  0.0000e+00     0.0000e+00  0.0000e+00     0.0000e+00  0.0000e+00 
1.8868e+03     0.0000e+00  0.0000e+00     0.0000e+00  0.0000e+00     0.0000e+00  0.0000e+00     0.0000e+00  0.0000e+00 
2.1170e+03     0.0000e+00  0.0000e+00     0.0000e+00  0.0000e+00     0.0000e+00  0.0000e+00     0.0000e+00  0.0000e+00 
2.3753e+03     0.0000e+00  0.0000e+00     0.0000e+00  0.0000e+00     0.0000e+00  0.0000e+00     0.0000e+00  0.0000e+00 
2.6651e+03     0.0000e+00  0.0000e+00     0.0000e+00  0.0000e+00     0.0000e+00  0.0000e+00     0.0000e+00  0.0000e+00 
2.9903e+03     0.0000e+00  0.0000e+00     0.0000e+00  0.0000e+00     0.0000e+00  0.0000e+00     0.0000e+00  0.0000e+00 
3.3552e+03     0.0000e+00  0.0000e+00     0.0000e+00  0.0000e+00     0.0000e+00  0.0000e+00     0.0000e+00  0.0000e+00 
3.7646e+03     0.0000e+00  0.0000e+00     0.0000e+00  0.0000e+00     0.0000e+00  0.0000e+00     0.0000e+00  0.0000e+00 
4.2240e+03     0.0000e+00  0.0000e+00     0.0000e+00  0.0000e+00     0.0000e+00  0.0000e+00     0.0000e+00  0.0000e+00 
4.7394e+03     0.0000e+00  0.0000e+00     0.0000e+00  0.0000e+00     0.0000e+00  0.0000e+00     0.0000e+00  0.0000e+00 
5.3176e+03     0.0000e+00  0.0000e+00     0.0000e+00  0.0000e+00     0.0000e+00  0.0000e+00     0.0000e+00  0.0000e+00 
5.9665e+03     0.0000e+00  0.0000e+00     0.0000e+00  0.0000e+00     0.0000e+00  0.0000e+00     0.0000e+00  0.0000e+00 
6.6945e+03     0.0000e+00  0.0000e+00     0.0000e+00  0.0000e+00     0.0000e+00  0.0000e+00     0.0000e+00  0.0000e+00 
7.5114e+03     0.0000e+00  0.0000e+00     0.0000e+00  0.0000e+00     0.0000e+00  0.0000e+00     0.0000e+00  0.0000e+00 
8.4279e+03     0.0000e+00  0.0000e+00     0.0000e+00  0.0000e+00     0.0000e+00  0.0000e+00     0.0000e+00  0.0000e+00 
9.4563e+03     0.0000e+00  0.0000e+00     0.0000e+00  0.0000e+00     0.0000e+00  0.0000e+00     0.0000e+00  0.0000e+00 
