yF = 9.9247e+00 (std: 1.9808e-02) keV/um
yD = 1.1475e+01 (std: 8.0129e-02) keV/um
y (keV/um)     f(y)(std)                  yf(y)(std)                 d(y)(std)                  yd(y)(std)  
1.0610e-01     7.0537e-03  1.1265e-03     7.4840e-04  1.1953e-04     7.5408e-05  1.2044e-05     8.0008e-06  1.2779e-06 
1.1905e-01     5.8480e-04  2.6763e-04     6.9619e-05  3.1861e-05     7.0147e-06  3.2103e-06     8.3508e-07  3.8218e-07 
1.3357e-01     1.3030e-03  2.5132e-04     1.7405e-04  3.3569e-05     1.7537e-05  3.3826e-06     2.3424e-06  4.5182e-07 
1.4987e-01     1.2194e-03  3.9187e-04     1.8275e-04  5.8731e-05     1.8414e-05  5.9177e-06     2.7597e-06  8.8690e-07 
1.6816e-01     1.1385e-03  3.1860e-04     1.9145e-04  5.3576e-05     1.9290e-05  5.3984e-06     3.2438e-06  9.0778e-07 
1.8868e-01     1.4298e-03  3.3356e-04     2.6977e-04  6.2936e-05     2.7182e-05  6.3416e-06     5.1286e-06  1.1965e-06 
2.1170e-01     1.7676e-03  4.0579e-04     3.7420e-04  8.5905e-05     3.7704e-05  8.6560e-06     7.9819e-06  1.8325e-06 
2.3753e-01     2.0883e-03  4.5878e-04     4.9603e-04  1.0897e-04     4.9980e-05  1.0980e-05     1.1872e-05  2.6082e-06 
2.6651e-01     1.9592e-03  5.3867e-04     5.2214e-04  1.4356e-04     5.2610e-05  1.4466e-05     1.4021e-05  3.8553e-06 
2.9903e-01     2.2117e-03  2.8000e-04     6.6138e-04  8.3730e-05     6.6639e-05  8.4376e-06     1.9927e-05  2.5231e-06 
3.3552e-01     2.8531e-03  4.1640e-04     9.5726e-04  1.3971e-04     9.6452e-05  1.4078e-05     3.2362e-05  4.7235e-06 
3.7646e-01     2.5659e-03  7.1162e-04     9.6596e-04  2.6790e-04     9.7329e-05  2.6993e-05     3.6640e-05  1.0162e-05 
4.2240e-01     3.1522e-03  4.2670e-04     1.3315e-03  1.8024e-04     1.3416e-04  1.8162e-05     5.6667e-05  7.6717e-06 
4.7394e-01     4.1865e-03  3.9415e-04     1.9841e-03  1.8680e-04     1.9992e-04  1.8826e-05     9.4748e-05  8.9222e-06 
5.3176e-01     4.2876e-03  6.9696e-04     2.2800e-03  3.7062e-04     2.2973e-04  3.7346e-05     1.2216e-04  1.9859e-05 
5.9665e-01     5.0028e-03  3.3219e-04     2.9849e-03  1.9820e-04     3.0075e-04  1.9979e-05     1.7944e-04  1.1921e-05 
6.6945e-01     5.8367e-03  6.3526e-04     3.9074e-03  4.2528e-04     3.9370e-04  4.2857e-05     2.6356e-04  2.8691e-05 
7.5114e-01     7.0324e-03  4.8545e-04     5.2823e-03  3.6464e-04     5.3224e-04  3.6756e-05     3.9978e-04  2.7609e-05 
8.4279e-01     7.9611e-03  5.7390e-04     6.7095e-03  4.8368e-04     6.7604e-04  4.8753e-05     5.6976e-04  4.1089e-05 
9.4563e-01     8.3745e-03  2.6544e-04     7.9191e-03  2.5100e-04     7.9792e-04  2.5341e-05     7.5453e-04  2.3963e-05 
1.0610e+00     9.7603e-03  3.4845e-04     1.0356e-02  3.6971e-04     1.0434e-03  3.7309e-05     1.1071e-03  3.9585e-05 
1.1905e+00     1.0724e-02  1.0447e-03     1.2766e-02  1.2437e-03     1.2863e-03  1.2534e-04     1.5313e-03  1.4921e-04 
1.3357e+00     1.2372e-02  4.0728e-04     1.6526e-02  5.4402e-04     1.6651e-03  5.4915e-05     2.2241e-03  7.3352e-05 
1.4987e+00     1.3442e-02  3.1756e-04     2.0146e-02  4.7594e-04     2.0299e-03  4.8126e-05     3.0422e-03  7.2126e-05 
1.6816e+00     1.5318e-02  2.4881e-04     2.5759e-02  4.1840e-04     2.5954e-03  4.2474e-05     4.3644e-03  7.1424e-05 
1.8868e+00     1.6830e-02  3.3693e-04     3.1755e-02  6.3572e-04     3.1996e-03  6.4371e-05     6.0369e-03  1.2145e-04 
2.1170e+00     1.8720e-02  2.9024e-04     3.9631e-02  6.1443e-04     3.9931e-03  6.2420e-05     8.4534e-03  1.3214e-04 
2.3753e+00     2.0638e-02  5.3637e-04     4.9020e-02  1.2741e-03     4.9392e-03  1.2875e-04     1.1732e-02  3.0582e-04 
2.6651e+00     2.3353e-02  4.4490e-04     6.2239e-02  1.1857e-03     6.2711e-03  1.2012e-04     1.6713e-02  3.2015e-04 
2.9903e+00     2.6337e-02  3.8842e-04     7.8756e-02  1.1615e-03     7.9354e-03  1.1810e-04     2.3729e-02  3.5316e-04 
3.3552e+00     2.8769e-02  5.2987e-04     9.6527e-02  1.7778e-03     9.7259e-03  1.8018e-04     3.2632e-02  6.0453e-04 
3.7646e+00     3.2427e-02  4.9018e-04     1.2208e-01  1.8453e-03     1.2300e-02  1.8754e-04     4.6306e-02  7.0603e-04 
4.2240e+00     3.6821e-02  3.0677e-04     1.5553e-01  1.2958e-03     1.5671e-02  1.3426e-04     6.6193e-02  5.6709e-04 
4.7394e+00     4.0932e-02  2.2197e-04     1.9399e-01  1.0520e-03     1.9546e-02  1.1295e-04     9.2637e-02  5.3531e-04 
5.3176e+00     4.6331e-02  4.4308e-04     2.4637e-01  2.3561e-03     2.4824e-02  2.4252e-04     1.3201e-01  1.2896e-03 
5.9665e+00     5.2593e-02  2.9766e-04     3.1380e-01  1.7760e-03     3.1618e-02  1.8975e-04     1.8865e-01  1.1321e-03 
6.6945e+00     6.0062e-02  2.4632e-04     4.0208e-01  1.6490e-03     4.0513e-02  1.8478e-04     2.7122e-01  1.2370e-03 
7.5114e+00     6.8795e-02  6.5692e-04     5.1675e-01  4.9343e-03     5.2066e-02  5.0792e-04     3.9109e-01  3.8152e-03 
8.4279e+00     7.9254e-02  5.3611e-04     6.6794e-01  4.5182e-03     6.7301e-02  4.7465e-04     5.6720e-01  4.0003e-03 
9.4563e+00     9.2012e-02  5.6234e-04     8.7009e-01  5.3176e-03     8.7669e-02  5.6364e-04     8.2902e-01  5.3299e-03 
1.0610e+01     1.0894e-01  3.8036e-04     1.1559e+00  4.0357e-03     1.1647e-01  4.6838e-04     1.2357e+00  4.9695e-03 
1.1905e+01     1.2392e-01  3.9166e-04     1.4753e+00  4.6626e-03     1.4865e-01  5.5563e-04     1.7696e+00  6.6146e-03 
1.3357e+01     9.7698e-02  7.0231e-04     1.3050e+00  9.3810e-03     1.3149e-01  9.8096e-04     1.7563e+00  1.3103e-02 
1.4987e+01     4.0913e-02  1.2998e-04     6.1318e-01  1.9480e-03     6.1783e-02  2.3179e-04     9.2595e-01  3.4739e-03 
1.6816e+01     9.1128e-03  1.5608e-04     1.5324e-01  2.6247e-03     1.5440e-02  2.6625e-04     2.5964e-01  4.4772e-03 
1.8868e+01     1.1065e-03  3.5311e-05     2.0877e-02  6.6623e-04     2.1035e-03  6.7259e-05     3.9689e-02  1.2690e-03 
2.1170e+01     6.9882e-05  6.3556e-06     1.4794e-03  1.3455e-04     1.4906e-04  1.3560e-05     3.1556e-03  2.8707e-04 
2.3753e+01     3.2973e-06  1.3200e-06     7.8321e-05  3.1354e-05     7.8915e-06  3.1593e-06     1.8745e-04  7.5042e-05 
2.6651e+01     3.2653e-07  1.1130e-06     8.7024e-06  2.9663e-05     8.7684e-07  2.9888e-06     2.3369e-05  7.9655e-05 
2.9903e+01     5.8203e-07  4.9593e-07     1.7405e-05  1.4830e-05     1.7537e-06  1.4942e-06     5.2441e-05  4.4683e-05 
3.3552e+01     7.7811e-07  1.2453e-06     2.6107e-05  4.1784e-05     2.6305e-06  4.2100e-06     8.8259e-05  1.4126e-04 
3.7646e+01     2.3116e-07  1.8474e-07     8.7024e-06  6.9546e-06     8.7684e-07  7.0074e-07     3.3009e-05  2.6380e-05 
4.2240e+01     1.0301e-06  4.9701e-07     4.3512e-05  2.0993e-05     4.3842e-06  2.1153e-06     1.8519e-04  8.9348e-05 
4.7394e+01     0.0000e+00  0.0000e+00     0.0000e+00  0.0000e+00     0.0000e+00  0.0000e+00     0.0000e+00  0.0000e+00 
5.3176e+01     0.0000e+00  0.0000e+00     0.0000e+00  0.0000e+00     0.0000e+00  0.0000e+00     0.0000e+00  0.0000e+00 
5.9665e+01     2.9171e-07  1.6656e-07     1.7405e-05  9.9380e-06     1.7537e-06  1.0013e-06     1.0463e-04  5.9745e-05 
6.6945e+01     1.2999e-07  3.8991e-08     8.7024e-06  2.6102e-06     8.7684e-07  2.6301e-07     5.8700e-05  1.7607e-05 
7.5114e+01     3.4757e-07  3.5176e-07     2.6107e-05  2.6422e-05     2.6305e-06  2.6622e-06     1.9759e-04  1.9997e-04 
8.4279e+01     1.0326e-07  5.9436e-08     8.7024e-06  5.0092e-06     8.7684e-07  5.0472e-07     7.3899e-05  4.2538e-05 
9.4563e+01     0.0000e+00  0.0000e+00     0.0000e+00  0.0000e+00     0.0000e+00  0.0000e+00     0.0000e+00  0.0000e+00 
1.0610e+02     0.0000e+00  0.0000e+00     0.0000e+00  0.0000e+00     0.0000e+00  0.0000e+00     0.0000e+00  0.0000e+00 
1.1905e+02     1.4620e-07  6.1289e-08     1.7405e-05  7.2963e-06     1.7537e-06  7.3517e-07     2.0877e-04  8.7520e-05 
1.3357e+02     6.5150e-08  5.0827e-08     8.7024e-06  6.7891e-06     8.7684e-07  6.8406e-07     1.1712e-04  9.1372e-05 
1.4987e+02     1.7420e-07  8.9006e-08     2.6107e-05  1.3340e-05     2.6305e-06  1.3441e-06     3.9424e-04  2.0144e-04 
1.6816e+02     0.0000e+00  0.0000e+00     0.0000e+00  0.0000e+00     0.0000e+00  0.0000e+00     0.0000e+00  0.0000e+00 
1.8868e+02     4.6123e-08  1.0957e-07     8.7024e-06  2.0674e-05     8.7684e-07  2.0831e-06     1.6544e-04  3.9302e-04 
2.1170e+02     4.1107e-08  7.1525e-08     8.7024e-06  1.5142e-05     8.7684e-07  1.5257e-06     1.8563e-04  3.2298e-04 
2.3753e+02     0.0000e+00  0.0000e+00     0.0000e+00  0.0000e+00     0.0000e+00  0.0000e+00     0.0000e+00  0.0000e+00 
2.6651e+02     3.2653e-08  1.3058e-08     8.7024e-06  3.4802e-06     8.7684e-07  3.5067e-07     2.3369e-04  9.3458e-05 
2.9903e+02     2.9102e-08  1.4260e-08     8.7024e-06  4.2642e-06     8.7684e-07  4.2966e-07     2.6220e-04  1.2848e-04 
3.3552e+02     2.5937e-08  6.3525e-09     8.7024e-06  2.1314e-06     8.7684e-07  2.1476e-07     2.9420e-04  7.2057e-05 
3.7646e+02     4.6233e-08  1.1378e-08     1.7405e-05  4.2833e-06     1.7537e-06  4.3159e-07     6.6019e-04  1.6248e-04 
4.2240e+02     2.0602e-08  2.3404e-08     8.7024e-06  9.8856e-06     8.7684e-07  9.9606e-07     3.7037e-04  4.2073e-04 
4.7394e+02     5.5086e-08  3.2684e-08     2.6107e-05  1.5490e-05     2.6305e-06  1.5607e-06     1.2467e-03  7.3969e-04 
5.3176e+02     1.6365e-08  6.1219e-09     8.7024e-06  3.2554e-06     8.7684e-07  3.2801e-07     4.6627e-04  1.7443e-04 
5.9665e+02     0.0000e+00  0.0000e+00     0.0000e+00  0.0000e+00     0.0000e+00  0.0000e+00     0.0000e+00  0.0000e+00 
6.6945e+02     0.0000e+00  0.0000e+00     0.0000e+00  0.0000e+00     0.0000e+00  0.0000e+00     0.0000e+00  0.0000e+00 
7.5114e+02     2.3171e-08  1.1734e-08     1.7405e-05  8.8135e-06     1.7537e-06  8.8804e-07     1.3172e-03  6.6704e-04 
8.4279e+02     0.0000e+00  0.0000e+00     0.0000e+00  0.0000e+00     0.0000e+00  0.0000e+00     0.0000e+00  0.0000e+00 
9.4563e+02     0.0000e+00  0.0000e+00     0.0000e+00  0.0000e+00     0.0000e+00  0.0000e+00     0.0000e+00  0.0000e+00 
1.0610e+03     0.0000e+00  0.0000e+00     0.0000e+00  0.0000e+00     0.0000e+00  0.0000e+00     0.0000e+00  0.0000e+00 
1.1905e+03     0.0000e+00  0.0000e+00     0.0000e+00  0.0000e+00     0.0000e+00  0.0000e+00     0.0000e+00  0.0000e+00 
1.3357e+03     0.0000e+00  0.0000e+00     0.0000e+00  0.0000e+00     0.0000e+00  0.0000e+00     0.0000e+00  0.0000e+00 
1.4987e+03     0.0000e+00  0.0000e+00     0.0000e+00  0.0000e+00     0.0000e+00  0.0000e+00     0.0000e+00  0.0000e+00 
1.6816e+03     0.0000e+00  0.0000e+00     0.0000e+00  0.0000e+00     0.0000e+00  0.0000e+00     0.0000e+00  0.0000e+00 
1.8868e+03     0.0000e+00  0.0000e+00     0.0000e+00  0.0000e+00     0.0000e+00  0.0000e+00     0.0000e+00  0.0000e+00 
2.1170e+03     0.0000e+00  0.0000e+00     0.0000e+00  0.0000e+00     0.0000e+00  0.0000e+00     0.0000e+00  0.0000e+00 
2.3753e+03     0.0000e+00  0.0000e+00     0.0000e+00  0.0000e+00     0.0000e+00  0.0000e+00     0.0000e+00  0.0000e+00 
2.6651e+03     0.0000e+00  0.0000e+00     0.0000e+00  0.0000e+00     0.0000e+00  0.0000e+00     0.0000e+00  0.0000e+00 
2.9903e+03     0.0000e+00  0.0000e+00     0.0000e+00  0.0000e+00     0.0000e+00  0.0000e+00     0.0000e+00  0.0000e+00 
3.3552e+03     0.0000e+00  0.0000e+00     0.0000e+00  0.0000e+00     0.0000e+00  0.0000e+00     0.0000e+00  0.0000e+00 
3.7646e+03     0.0000e+00  0.0000e+00     0.0000e+00  0.0000e+00     0.0000e+00  0.0000e+00     0.0000e+00  0.0000e+00 
4.2240e+03     0.0000e+00  0.0000e+00     0.0000e+00  0.0000e+00     0.0000e+00  0.0000e+00     0.0000e+00  0.0000e+00 
4.7394e+03     0.0000e+00  0.0000e+00     0.0000e+00  0.0000e+00     0.0000e+00  0.0000e+00     0.0000e+00  0.0000e+00 
5.3176e+03     0.0000e+00  0.0000e+00     0.0000e+00  0.0000e+00     0.0000e+00  0.0000e+00     0.0000e+00  0.0000e+00 
5.9665e+03     0.0000e+00  0.0000e+00     0.0000e+00  0.0000e+00     0.0000e+00  0.0000e+00     0.0000e+00  0.0000e+00 
6.6945e+03     0.0000e+00  0.0000e+00     0.0000e+00  0.0000e+00     0.0000e+00  0.0000e+00     0.0000e+00  0.0000e+00 
7.5114e+03     0.0000e+00  0.0000e+00     0.0000e+00  0.0000e+00     0.0000e+00  0.0000e+00     0.0000e+00  0.0000e+00 
8.4279e+03     0.0000e+00  0.0000e+00     0.0000e+00  0.0000e+00     0.0000e+00  0.0000e+00     0.0000e+00  0.0000e+00 
9.4563e+03     0.0000e+00  0.0000e+00     0.0000e+00  0.0000e+00     0.0000e+00  0.0000e+00     0.0000e+00  0.0000e+00 
