yF = 9.2529e+00 (std: 1.3277e-02) keV/um
yD = 1.0699e+01 (std: 3.4572e-01) keV/um
y (keV/um)     f(y)(std)                  yf(y)(std)                 d(y)(std)                  yd(y)(std)  
1.0610e-01     6.5617e-03  1.0591e-03     6.9620e-04  1.1237e-04     7.5241e-05  1.2144e-05     7.9831e-06  1.2885e-06 
1.1905e-01     1.0965e-03  3.2435e-04     1.3054e-04  3.8613e-05     1.4108e-05  4.1731e-06     1.6795e-06  4.9680e-07 
1.3357e-01     1.4333e-03  3.9922e-04     1.9145e-04  5.3325e-05     2.0691e-05  5.7631e-06     2.7638e-06  7.6980e-07 
1.4987e-01     1.6259e-03  7.2884e-04     2.4367e-04  1.0923e-04     2.6334e-05  1.1805e-05     3.9468e-06  1.7693e-06 
1.6816e-01     1.5525e-03  3.9258e-04     2.6107e-04  6.6015e-05     2.8215e-05  7.1346e-06     4.7446e-06  1.1998e-06 
1.8868e-01     1.6605e-03  4.6517e-04     3.1329e-04  8.7767e-05     3.3858e-05  9.4855e-06     6.3883e-06  1.7897e-06 
2.1170e-01     1.6854e-03  3.8712e-04     3.5680e-04  8.1954e-05     3.8561e-05  8.8572e-06     8.1633e-06  1.8751e-06 
2.3753e-01     1.9418e-03  2.6898e-04     4.6123e-04  6.3892e-05     4.9847e-05  6.9054e-06     1.1840e-05  1.6402e-06 
2.6651e-01     2.8408e-03  6.1858e-04     7.5712e-04  1.6486e-04     8.1824e-05  1.7817e-05     2.1807e-05  4.7486e-06 
2.9903e-01     2.5901e-03  3.2954e-04     7.7452e-04  9.8545e-05     8.3705e-05  1.0651e-05     2.5031e-05  3.1849e-06 
3.3552e-01     2.8012e-03  3.0490e-04     9.3987e-04  1.0230e-04     1.0158e-04  1.1057e-05     3.4081e-05  3.7098e-06 
3.7646e-01     3.1207e-03  8.1310e-04     1.1748e-03  3.0610e-04     1.2697e-04  3.3082e-05     4.7799e-05  1.2454e-05 
4.2240e-01     3.6879e-03  5.3130e-04     1.5577e-03  2.2442e-04     1.6835e-04  2.4255e-05     7.1111e-05  1.0245e-05 
4.7394e-01     4.2784e-03  3.1714e-04     2.0277e-03  1.5030e-04     2.1914e-04  1.6247e-05     1.0386e-04  7.7000e-06 
5.3176e-01     5.3515e-03  2.9166e-04     2.8457e-03  1.5510e-04     3.0755e-04  1.6768e-05     1.6354e-04  8.9165e-06 
5.9665e-01     6.1843e-03  4.5320e-04     3.6899e-03  2.7040e-04     3.9878e-04  2.9229e-05     2.3793e-04  1.7440e-05 
6.6945e-01     6.8247e-03  4.5935e-04     4.5688e-03  3.0751e-04     4.9377e-04  3.3241e-05     3.3055e-04  2.2253e-05 
7.5114e-01     7.9015e-03  6.8251e-04     5.9351e-03  5.1266e-04     6.4143e-04  5.5412e-05     4.8180e-04  4.1622e-05 
8.4279e-01     9.1796e-03  7.1234e-04     7.7365e-03  6.0036e-04     8.3611e-04  6.4894e-05     7.0467e-04  5.4692e-05 
9.4563e-01     9.9759e-03  3.6565e-04     9.4335e-03  3.4577e-04     1.0195e-03  3.7398e-05     9.6408e-04  3.5364e-05 
1.0610e+00     1.1483e-02  3.8381e-04     1.2183e-02  4.0722e-04     1.3167e-03  4.4051e-05     1.3970e-03  4.6738e-05 
1.1905e+00     1.2829e-02  3.2978e-04     1.5273e-02  3.9259e-04     1.6506e-03  4.2495e-05     1.9650e-03  5.0589e-05 
1.3357e+00     1.3838e-02  6.3785e-04     1.8484e-02  8.5200e-04     1.9976e-03  9.2123e-05     2.6683e-03  1.2305e-04 
1.4987e+00     1.5417e-02  4.2670e-04     2.3105e-02  6.3950e-04     2.4971e-03  6.9206e-05     3.7424e-03  1.0372e-04 
1.6816e+00     1.7590e-02  3.7917e-04     2.9580e-02  6.3761e-04     3.1968e-03  6.9062e-05     5.3757e-03  1.1613e-04 
1.8868e+00     1.9164e-02  3.9328e-04     3.6159e-02  7.4204e-04     3.9078e-03  8.0391e-05     7.3732e-03  1.5168e-04 
2.1170e+00     2.1565e-02  8.1491e-04     4.5653e-02  1.7252e-03     4.9339e-03  1.8658e-04     1.0445e-02  3.9498e-04 
2.3753e+00     2.4104e-02  5.5414e-04     5.7254e-02  1.3162e-03     6.1876e-03  1.4253e-04     1.4697e-02  3.3855e-04 
2.6651e+00     2.6374e-02  4.2063e-04     7.0290e-02  1.1210e-03     7.5965e-03  1.2164e-04     2.0246e-02  3.2420e-04 
2.9903e+00     3.0124e-02  4.7107e-04     9.0079e-02  1.4087e-03     9.7352e-03  1.5288e-04     2.9112e-02  4.5716e-04 
3.3552e+00     3.3158e-02  3.3174e-04     1.1125e-01  1.1131e-03     1.2023e-02  1.2152e-04     4.0341e-02  4.0774e-04 
3.7646e+00     3.7733e-02  3.2521e-04     1.4205e-01  1.2243e-03     1.5352e-02  1.3413e-04     5.7794e-02  5.0496e-04 
4.2240e+00     4.2440e-02  3.6995e-04     1.7926e-01  1.5626e-03     1.9374e-02  1.7115e-04     8.1833e-02  7.2295e-04 
4.7394e+00     4.7611e-02  4.1404e-04     2.2565e-01  1.9623e-03     2.4386e-02  2.1494e-04     1.1558e-01  1.0187e-03 
5.3176e+00     5.3745e-02  2.4995e-04     2.8580e-01  1.3292e-03     3.0887e-02  1.5033e-04     1.6425e-01  7.9939e-04 
5.9665e+00     6.1316e-02  5.3452e-04     3.6584e-01  3.1892e-03     3.9538e-02  3.4931e-04     2.3590e-01  2.0841e-03 
6.6945e+00     6.9907e-02  3.1940e-04     4.6799e-01  2.1382e-03     5.0578e-02  2.4221e-04     3.3859e-01  1.6215e-03 
7.5114e+00     8.0566e-02  2.5052e-04     6.0516e-01  1.8817e-03     6.5402e-02  2.2398e-04     4.9126e-01  1.6824e-03 
8.4279e+00     9.3153e-02  3.8511e-04     7.8509e-01  3.2457e-03     8.4847e-02  3.7130e-04     7.1508e-01  3.1293e-03 
9.4563e+00     1.0937e-01  5.1741e-04     1.0342e+00  4.8928e-03     1.1177e-01  5.5257e-04     1.0569e+00  5.2252e-03 
1.0610e+01     1.2878e-01  4.9971e-04     1.3663e+00  5.3020e-03     1.4766e-01  6.1092e-04     1.5667e+00  6.4820e-03 
1.1905e+01     1.2148e-01  2.4499e-04     1.4462e+00  2.9165e-03     1.5630e-01  3.8685e-04     1.8607e+00  4.6053e-03 
1.3357e+01     6.6103e-02  2.0656e-04     8.8295e-01  2.7591e-03     9.5424e-02  3.2812e-04     1.2746e+00  4.3828e-03 
1.4987e+01     1.9670e-02  1.6183e-04     2.9480e-01  2.4254e-03     3.1860e-02  2.6608e-04     4.7749e-01  3.9877e-03 
1.6816e+01     3.2257e-03  5.0302e-05     5.4243e-02  8.4587e-04     5.8622e-03  9.1802e-05     9.8578e-02  1.5437e-03 
1.8868e+01     3.0672e-04  2.6405e-05     5.7872e-03  4.9820e-04     6.2544e-04  5.3850e-05     1.1801e-02  1.0160e-03 
2.1170e+01     1.7676e-05  3.9949e-06     3.7421e-04  8.4573e-05     4.0442e-05  9.1403e-06     8.5615e-04  1.9350e-04 
2.3753e+01     1.4655e-06  5.2244e-07     3.4810e-05  1.2410e-05     3.7620e-06  1.3412e-06     8.9360e-05  3.1857e-05 
2.6651e+01     6.5306e-07  5.0541e-07     1.7405e-05  1.3470e-05     1.8810e-06  1.4557e-06     5.0132e-05  3.8797e-05 
2.9903e+01     0.0000e+00  0.0000e+00     0.0000e+00  0.0000e+00     0.0000e+00  0.0000e+00     0.0000e+00  0.0000e+00 
3.3552e+01     2.5937e-07  1.2167e-07     8.7025e-06  4.0824e-06     9.4051e-07  4.4120e-07     3.1556e-05  1.4803e-05 
3.7646e+01     0.0000e+00  0.0000e+00     0.0000e+00  0.0000e+00     0.0000e+00  0.0000e+00     0.0000e+00  0.0000e+00 
4.2240e+01     6.1808e-07  2.4352e-07     2.6107e-05  1.0286e-05     2.8215e-06  1.1117e-06     1.1918e-04  4.6957e-05 
4.7394e+01     3.6724e-07  2.7872e-07     1.7405e-05  1.3209e-05     1.8810e-06  1.4276e-06     8.9148e-05  6.7658e-05 
5.3176e+01     0.0000e+00  0.0000e+00     0.0000e+00  0.0000e+00     0.0000e+00  0.0000e+00     0.0000e+00  0.0000e+00 
5.9665e+01     1.4586e-07  8.9052e-08     8.7025e-06  5.3133e-06     9.4051e-07  5.7423e-07     5.6115e-05  3.4261e-05 
6.6945e+01     2.5999e-07  1.4850e-06     1.7405e-05  9.9414e-05     1.8810e-06  1.0744e-05     1.2593e-04  7.1926e-04 
7.5114e+01     3.4757e-07  2.0634e-07     2.6107e-05  1.5499e-05     2.8215e-06  1.6750e-06     2.1194e-04  1.2582e-04 
8.4279e+01     1.0326e-07  8.6817e-08     8.7025e-06  7.3169e-06     9.4051e-07  7.9076e-07     7.9265e-05  6.6645e-05 
9.4563e+01     2.7609e-07  3.6771e-07     2.6107e-05  3.4771e-05     2.8215e-06  3.7579e-06     2.6681e-04  3.5535e-04 
1.0610e+02     8.2021e-08  2.0090e-08     8.7025e-06  2.1316e-06     9.4051e-07  2.3037e-07     9.9789e-05  2.4443e-05 
1.1905e+02     1.4620e-07  2.4706e-07     1.7405e-05  2.9411e-05     1.8810e-06  3.1786e-06     2.2393e-04  3.7840e-04 
1.3357e+02     0.0000e+00  0.0000e+00     0.0000e+00  0.0000e+00     0.0000e+00  0.0000e+00     0.0000e+00  0.0000e+00 
1.4987e+02     0.0000e+00  0.0000e+00     0.0000e+00  0.0000e+00     0.0000e+00  0.0000e+00     0.0000e+00  0.0000e+00 
1.6816e+02     5.1752e-08  2.9792e-08     8.7025e-06  5.0097e-06     9.4051e-07  5.4142e-07     1.5815e-04  9.1045e-05 
1.8868e+02     0.0000e+00  0.0000e+00     0.0000e+00  0.0000e+00     0.0000e+00  0.0000e+00     0.0000e+00  0.0000e+00 
2.1170e+02     4.1108e-08  5.8139e-09     8.7025e-06  1.2308e-06     9.4051e-07  1.3302e-07     1.9911e-04  2.8161e-05 
2.3753e+02     3.6637e-08  2.2991e-08     8.7025e-06  5.4610e-06     9.4051e-07  5.9019e-07     2.2340e-04  1.4019e-04 
2.6651e+02     9.7959e-08  2.1163e-07     2.6107e-05  5.6402e-05     2.8215e-06  6.0956e-06     7.5198e-04  1.6246e-03 
2.9903e+02     5.8204e-08  6.5408e-08     1.7405e-05  1.9559e-05     1.8810e-06  2.1138e-06     5.6249e-04  6.3211e-04 
3.3552e+02     5.1875e-08  3.0920e-08     1.7405e-05  1.0374e-05     1.8810e-06  1.1212e-06     6.3112e-04  3.7619e-04 
3.7646e+02     0.0000e+00  0.0000e+00     0.0000e+00  0.0000e+00     0.0000e+00  0.0000e+00     0.0000e+00  0.0000e+00 
4.2240e+02     4.1205e-08  2.6409e-08     1.7405e-05  1.1155e-05     1.8810e-06  1.2056e-06     7.9453e-04  5.0923e-04 
4.7394e+02     0.0000e+00  0.0000e+00     0.0000e+00  0.0000e+00     0.0000e+00  0.0000e+00     0.0000e+00  0.0000e+00 
5.3176e+02     3.2731e-08  1.0049e-08     1.7405e-05  5.3435e-06     1.8810e-06  5.7750e-07     1.0003e-03  3.0709e-04 
5.9665e+02     1.4586e-08  2.9172e-08     8.7025e-06  1.7406e-05     9.4051e-07  1.8811e-06     5.6115e-04  1.1223e-03 
6.6945e+02     1.2999e-08  8.8585e-08     8.7025e-06  5.9303e-05     9.4051e-07  6.4091e-06     6.2963e-04  4.2906e-03 
7.5114e+02     0.0000e+00  0.0000e+00     0.0000e+00  0.0000e+00     0.0000e+00  0.0000e+00     0.0000e+00  0.0000e+00 
8.4279e+02     0.0000e+00  0.0000e+00     0.0000e+00  0.0000e+00     0.0000e+00  0.0000e+00     0.0000e+00  0.0000e+00 
9.4563e+02     0.0000e+00  0.0000e+00     0.0000e+00  0.0000e+00     0.0000e+00  0.0000e+00     0.0000e+00  0.0000e+00 
1.0610e+03     0.0000e+00  0.0000e+00     0.0000e+00  0.0000e+00     0.0000e+00  0.0000e+00     0.0000e+00  0.0000e+00 
1.1905e+03     0.0000e+00  0.0000e+00     0.0000e+00  0.0000e+00     0.0000e+00  0.0000e+00     0.0000e+00  0.0000e+00 
1.3357e+03     0.0000e+00  0.0000e+00     0.0000e+00  0.0000e+00     0.0000e+00  0.0000e+00     0.0000e+00  0.0000e+00 
1.4987e+03     0.0000e+00  0.0000e+00     0.0000e+00  0.0000e+00     0.0000e+00  0.0000e+00     0.0000e+00  0.0000e+00 
1.6816e+03     0.0000e+00  0.0000e+00     0.0000e+00  0.0000e+00     0.0000e+00  0.0000e+00     0.0000e+00  0.0000e+00 
1.8868e+03     0.0000e+00  0.0000e+00     0.0000e+00  0.0000e+00     0.0000e+00  0.0000e+00     0.0000e+00  0.0000e+00 
2.1170e+03     0.0000e+00  0.0000e+00     0.0000e+00  0.0000e+00     0.0000e+00  0.0000e+00     0.0000e+00  0.0000e+00 
2.3753e+03     0.0000e+00  0.0000e+00     0.0000e+00  0.0000e+00     0.0000e+00  0.0000e+00     0.0000e+00  0.0000e+00 
2.6651e+03     0.0000e+00  0.0000e+00     0.0000e+00  0.0000e+00     0.0000e+00  0.0000e+00     0.0000e+00  0.0000e+00 
2.9903e+03     0.0000e+00  0.0000e+00     0.0000e+00  0.0000e+00     0.0000e+00  0.0000e+00     0.0000e+00  0.0000e+00 
3.3552e+03     0.0000e+00  0.0000e+00     0.0000e+00  0.0000e+00     0.0000e+00  0.0000e+00     0.0000e+00  0.0000e+00 
3.7646e+03     0.0000e+00  0.0000e+00     0.0000e+00  0.0000e+00     0.0000e+00  0.0000e+00     0.0000e+00  0.0000e+00 
4.2240e+03     0.0000e+00  0.0000e+00     0.0000e+00  0.0000e+00     0.0000e+00  0.0000e+00     0.0000e+00  0.0000e+00 
4.7394e+03     0.0000e+00  0.0000e+00     0.0000e+00  0.0000e+00     0.0000e+00  0.0000e+00     0.0000e+00  0.0000e+00 
5.3176e+03     0.0000e+00  0.0000e+00     0.0000e+00  0.0000e+00     0.0000e+00  0.0000e+00     0.0000e+00  0.0000e+00 
5.9665e+03     0.0000e+00  0.0000e+00     0.0000e+00  0.0000e+00     0.0000e+00  0.0000e+00     0.0000e+00  0.0000e+00 
6.6945e+03     0.0000e+00  0.0000e+00     0.0000e+00  0.0000e+00     0.0000e+00  0.0000e+00     0.0000e+00  0.0000e+00 
7.5114e+03     0.0000e+00  0.0000e+00     0.0000e+00  0.0000e+00     0.0000e+00  0.0000e+00     0.0000e+00  0.0000e+00 
8.4279e+03     0.0000e+00  0.0000e+00     0.0000e+00  0.0000e+00     0.0000e+00  0.0000e+00     0.0000e+00  0.0000e+00 
9.4563e+03     0.0000e+00  0.0000e+00     0.0000e+00  0.0000e+00     0.0000e+00  0.0000e+00     0.0000e+00  0.0000e+00 
