yF = 1.0059e+01 (std: 2.3121e-02) keV/um
yD = 1.1836e+01 (std: 4.4830e-01) keV/um
y (keV/um)     f(y)(std)                  yf(y)(std)                 d(y)(std)                  yd(y)(std)  
1.0610e-01     6.6437e-03  1.0386e-03     7.0490e-04  1.1020e-04     7.0075e-05  1.0956e-05     7.4350e-06  1.1624e-06 
1.1905e-01     8.7722e-04  3.8510e-04     1.0443e-04  4.5845e-05     1.0381e-05  4.5576e-06     1.2359e-06  5.4257e-07 
1.3357e-01     9.1212e-04  3.1100e-04     1.2184e-04  4.1541e-05     1.2112e-05  4.1297e-06     1.6178e-06  5.5161e-07 
1.4987e-01     6.3873e-04  1.9064e-04     9.5728e-05  2.8572e-05     9.5163e-06  2.8404e-06     1.4262e-06  4.2570e-07 
1.6816e-01     1.3973e-03  5.4829e-04     2.3497e-04  9.2199e-05     2.3358e-05  9.1657e-06     3.9279e-06  1.5413e-06 
1.8868e-01     1.4298e-03  3.3700e-04     2.6978e-04  6.3584e-05     2.6819e-05  6.3212e-06     5.0601e-06  1.1927e-06 
2.1170e-01     1.5621e-03  3.1483e-04     3.3070e-04  6.6649e-05     3.2875e-05  6.6261e-06     6.9595e-06  1.4027e-06 
2.3753e-01     2.1616e-03  3.5795e-04     5.1345e-04  8.5023e-05     5.1042e-05  8.4530e-06     1.2124e-05  2.0078e-06 
2.6651e-01     1.8612e-03  2.9845e-04     4.9604e-04  7.9540e-05     4.9312e-05  7.9079e-06     1.3142e-05  2.1076e-06 
2.9903e-01     2.0663e-03  3.4314e-04     6.1788e-04  1.0261e-04     6.1424e-05  1.0202e-05     1.8368e-05  3.0506e-06 
3.3552e-01     2.6197e-03  2.9330e-04     8.7895e-04  9.8409e-05     8.7377e-05  9.7850e-06     2.9317e-05  3.2831e-06 
3.7646e-01     2.7971e-03  3.0988e-04     1.0530e-03  1.1666e-04     1.0468e-04  1.1600e-05     3.9408e-05  4.3668e-06 
4.2240e-01     2.9668e-03  3.1639e-04     1.2532e-03  1.3364e-04     1.2458e-04  1.3289e-05     5.2621e-05  5.6130e-06 
4.7394e-01     3.4888e-03  4.5316e-04     1.6535e-03  2.1477e-04     1.6437e-04  2.1353e-05     7.7902e-05  1.0120e-05 
5.3176e-01     4.4350e-03  4.8867e-04     2.3584e-03  2.5986e-04     2.3445e-04  2.5838e-05     1.2467e-04  1.3740e-05 
5.9665e-01     4.8716e-03  4.7898e-04     2.9066e-03  2.8578e-04     2.8895e-04  2.8418e-05     1.7240e-04  1.6955e-05 
6.6945e-01     5.5638e-03  3.3906e-04     3.7247e-03  2.2698e-04     3.7027e-04  2.2580e-05     2.4788e-04  1.5116e-05 
7.5114e-01     6.2447e-03  3.3419e-04     4.6907e-03  2.5102e-04     4.6630e-04  2.4977e-05     3.5026e-04  1.8761e-05 
8.4279e-01     7.6721e-03  4.2298e-04     6.4660e-03  3.5648e-04     6.4278e-04  3.5469e-05     5.4173e-04  2.9893e-05 
9.4563e-01     8.5771e-03  4.4102e-04     8.1107e-03  4.1704e-04     8.0629e-04  4.1499e-05     7.6245e-04  3.9243e-05 
1.0610e+00     9.4078e-03  7.4472e-04     9.9818e-03  7.9016e-04     9.9229e-04  7.8583e-05     1.0528e-03  8.3377e-05 
1.1905e+00     1.0307e-02  5.9433e-04     1.2271e-02  7.0753e-04     1.2198e-03  7.0392e-05     1.4522e-03  8.3799e-05 
1.3357e+00     1.2288e-02  2.9123e-04     1.6413e-02  3.8900e-04     1.6316e-03  3.8852e-05     2.1794e-03  5.1896e-05 
1.4987e+00     1.3233e-02  3.4023e-04     1.9833e-02  5.0990e-04     1.9716e-03  5.0892e-05     2.9549e-03  7.6272e-05 
1.6816e+00     1.4961e-02  3.2211e-04     2.5159e-02  5.4165e-04     2.5011e-03  5.4151e-05     4.2058e-03  9.1060e-05 
1.8868e+00     1.7052e-02  1.7889e-04     3.2173e-02  3.3752e-04     3.1984e-03  3.4349e-05     6.0346e-03  6.4808e-05 
2.1170e+00     1.7734e-02  6.4319e-04     3.7543e-02  1.3616e-03     3.7321e-03  1.3563e-04     7.9009e-03  2.8713e-04 
2.3753e+00     2.0638e-02  4.9454e-04     4.9021e-02  1.1747e-03     4.8732e-03  1.1731e-04     1.1575e-02  2.7865e-04 
2.6651e+00     2.2482e-02  5.4100e-04     5.9917e-02  1.4418e-03     5.9564e-03  1.4399e-04     1.5874e-02  3.8374e-04 
2.9903e+00     2.5002e-02  3.7005e-04     7.4763e-02  1.1066e-03     7.4322e-03  1.1132e-04     2.2225e-02  3.3289e-04 
3.3552e+00     2.8202e-02  6.0975e-04     9.4622e-02  2.0458e-03     9.4065e-03  2.0452e-04     3.1561e-02  6.8622e-04 
3.7646e+00     3.1730e-02  3.9797e-04     1.1945e-01  1.4982e-03     1.1875e-02  1.5142e-04     4.4703e-02  5.7003e-04 
4.2240e+00     3.5674e-02  6.0664e-04     1.5068e-01  2.5624e-03     1.4980e-02  2.5705e-04     6.3273e-02  1.0858e-03 
4.7394e+00     3.9736e-02  5.1274e-04     1.8832e-01  2.4300e-03     1.8721e-02  2.4537e-04     8.8726e-02  1.1629e-03 
5.3176e+00     4.4756e-02  2.8105e-04     2.3800e-01  1.4945e-03     2.3659e-02  1.5821e-04     1.2581e-01  8.4131e-04 
5.9665e+00     5.1044e-02  6.0803e-04     3.0455e-01  3.6278e-03     3.0276e-02  3.6729e-04     1.8064e-01  2.1915e-03 
6.6945e+00     5.8437e-02  4.6988e-04     3.9120e-01  3.1456e-03     3.8890e-02  3.2523e-04     2.6035e-01  2.1773e-03 
7.5114e+00     6.6619e-02  8.4151e-04     5.0040e-01  6.3209e-03     4.9745e-02  6.3868e-04     3.7366e-01  4.7973e-03 
8.4279e+00     7.7138e-02  7.2831e-04     6.5011e-01  6.1381e-03     6.4628e-02  6.2801e-04     5.4468e-01  5.2928e-03 
9.4563e+00     8.9472e-02  5.2518e-04     8.4607e-01  4.9662e-03     8.4108e-02  5.3019e-04     7.9535e-01  5.0136e-03 
1.0610e+01     1.0528e-01  5.2660e-04     1.1171e+00  5.5873e-03     1.1105e-01  6.1128e-04     1.1782e+00  6.4857e-03 
1.1905e+01     1.2196e-01  4.2795e-04     1.4519e+00  5.0946e-03     1.4433e-01  6.0544e-04     1.7182e+00  7.2076e-03 
1.3357e+01     1.0230e-01  6.2029e-04     1.3665e+00  8.2854e-03     1.3584e-01  8.8085e-04     1.8145e+00  1.1766e-02 
1.4987e+01     4.6157e-02  3.6897e-04     6.9176e-01  5.5297e-03     6.8768e-02  5.7199e-04     1.0306e+00  8.5725e-03 
1.6816e+01     1.0924e-02  8.0876e-05     1.8369e-01  1.3600e-03     1.8261e-02  1.4156e-04     3.0707e-01  2.3805e-03 
1.8868e+01     1.3547e-03  3.0527e-05     2.5559e-02  5.7598e-04     2.5409e-03  5.7556e-05     4.7940e-02  1.0859e-03 
2.1170e+01     7.5639e-05  5.9424e-06     1.6013e-03  1.2580e-04     1.5918e-04  1.2511e-05     3.3699e-03  2.6486e-04 
2.3753e+01     2.1982e-06  3.8829e-06     5.2215e-05  9.2231e-05     5.1907e-06  9.1688e-06     1.2330e-04  2.1779e-04 
2.6651e+01     3.2653e-07  4.4031e-07     8.7025e-06  1.1735e-05     8.6512e-07  1.1666e-06     2.3057e-05  3.1090e-05 
2.9903e+01     5.8204e-07  2.9641e-07     1.7405e-05  8.8637e-06     1.7302e-06  8.8115e-07     5.1740e-05  2.6349e-05 
3.3552e+01     1.0375e-06  8.9040e-07     3.4810e-05  2.9875e-05     3.4605e-06  2.9699e-06     1.1611e-04  9.9646e-05 
3.7646e+01     4.6233e-07  2.2413e-07     1.7405e-05  8.4377e-06     1.7302e-06  8.3880e-07     6.5137e-05  3.1578e-05 
4.2240e+01     2.0603e-07  1.8905e-07     8.7025e-06  7.9854e-06     8.6512e-07  7.9384e-07     3.6542e-05  3.3531e-05 
4.7394e+01     0.0000e+00  0.0000e+00     0.0000e+00  0.0000e+00     0.0000e+00  0.0000e+00     0.0000e+00  0.0000e+00 
5.3176e+01     0.0000e+00  0.0000e+00     0.0000e+00  0.0000e+00     0.0000e+00  0.0000e+00     0.0000e+00  0.0000e+00 
5.9665e+01     4.3757e-07  2.4712e-07     2.6108e-05  1.4744e-05     2.5954e-06  1.4657e-06     1.5485e-04  8.7453e-05 
6.6945e+01     2.5999e-07  2.1133e-07     1.7405e-05  1.4148e-05     1.7302e-06  1.4064e-06     1.1583e-04  9.4154e-05 
7.5114e+01     0.0000e+00  0.0000e+00     0.0000e+00  0.0000e+00     0.0000e+00  0.0000e+00     0.0000e+00  0.0000e+00 
8.4279e+01     0.0000e+00  0.0000e+00     0.0000e+00  0.0000e+00     0.0000e+00  0.0000e+00     0.0000e+00  0.0000e+00 
9.4563e+01     0.0000e+00  0.0000e+00     0.0000e+00  0.0000e+00     0.0000e+00  0.0000e+00     0.0000e+00  0.0000e+00 
1.0610e+02     0.0000e+00  0.0000e+00     0.0000e+00  0.0000e+00     0.0000e+00  0.0000e+00     0.0000e+00  0.0000e+00 
1.1905e+02     1.4620e-07  1.0559e-07     1.7405e-05  1.2571e-05     1.7302e-06  1.2497e-06     2.0598e-04  1.4877e-04 
1.3357e+02     6.5152e-08  2.3488e-08     8.7025e-06  3.1373e-06     8.6512e-07  3.1189e-07     1.1556e-04  4.1660e-05 
1.4987e+02     0.0000e+00  0.0000e+00     0.0000e+00  0.0000e+00     0.0000e+00  0.0000e+00     0.0000e+00  0.0000e+00 
1.6816e+02     5.1752e-08  3.0703e-08     8.7025e-06  5.1630e-06     8.6512e-07  5.1326e-07     1.4548e-04  8.6310e-05 
1.8868e+02     0.0000e+00  0.0000e+00     0.0000e+00  0.0000e+00     0.0000e+00  0.0000e+00     0.0000e+00  0.0000e+00 
2.1170e+02     4.1108e-08  1.5919e-08     8.7025e-06  3.3700e-06     8.6512e-07  3.3502e-07     1.8315e-04  7.0924e-05 
2.3753e+02     3.6637e-08  1.4653e-08     8.7025e-06  3.4806e-06     8.6512e-07  3.4601e-07     2.0549e-04  8.2188e-05 
2.6651e+02     0.0000e+00  0.0000e+00     0.0000e+00  0.0000e+00     0.0000e+00  0.0000e+00     0.0000e+00  0.0000e+00 
2.9903e+02     2.9102e-08  3.4187e-07     8.7025e-06  1.0223e-04     8.6512e-07  1.0163e-05     2.5870e-04  3.0390e-03 
3.3552e+02     2.5937e-08  1.4931e-08     8.7025e-06  5.0097e-06     8.6512e-07  4.9802e-07     2.9027e-04  1.6710e-04 
3.7646e+02     2.3117e-08  1.9698e-08     8.7025e-06  7.4157e-06     8.6512e-07  7.3720e-07     3.2568e-04  2.7753e-04 
4.2240e+02     2.0603e-08  2.5743e-08     8.7025e-06  1.0874e-05     8.6512e-07  1.0810e-06     3.6542e-04  4.5659e-04 
4.7394e+02     1.8362e-08  7.7898e-09     8.7025e-06  3.6919e-06     8.6512e-07  3.6702e-07     4.1001e-04  1.7394e-04 
5.3176e+02     3.2731e-08  1.3160e-08     1.7405e-05  6.9981e-06     1.7302e-06  6.9569e-07     9.2008e-04  3.6994e-04 
5.9665e+02     2.9171e-08  1.7340e-07     1.7405e-05  1.0346e-04     1.7302e-06  1.0285e-05     1.0323e-03  6.1365e-03 
6.6945e+02     5.1998e-08  2.6914e-08     3.4810e-05  1.8017e-05     3.4605e-06  1.7911e-06     2.3166e-03  1.1991e-03 
7.5114e+02     1.1586e-08  8.8285e-09     8.7025e-06  6.6314e-06     8.6512e-07  6.5924e-07     6.4982e-04  4.9518e-04 
8.4279e+02     1.0326e-08  2.5292e-09     8.7025e-06  2.1316e-06     8.6512e-07  2.1191e-07     7.2911e-04  1.7860e-04 
9.4563e+02     0.0000e+00  0.0000e+00     0.0000e+00  0.0000e+00     0.0000e+00  0.0000e+00     0.0000e+00  0.0000e+00 
1.0610e+03     0.0000e+00  0.0000e+00     0.0000e+00  0.0000e+00     0.0000e+00  0.0000e+00     0.0000e+00  0.0000e+00 
1.1905e+03     0.0000e+00  0.0000e+00     0.0000e+00  0.0000e+00     0.0000e+00  0.0000e+00     0.0000e+00  0.0000e+00 
1.3357e+03     0.0000e+00  0.0000e+00     0.0000e+00  0.0000e+00     0.0000e+00  0.0000e+00     0.0000e+00  0.0000e+00 
1.4987e+03     0.0000e+00  0.0000e+00     0.0000e+00  0.0000e+00     0.0000e+00  0.0000e+00     0.0000e+00  0.0000e+00 
1.6816e+03     0.0000e+00  0.0000e+00     0.0000e+00  0.0000e+00     0.0000e+00  0.0000e+00     0.0000e+00  0.0000e+00 
1.8868e+03     0.0000e+00  0.0000e+00     0.0000e+00  0.0000e+00     0.0000e+00  0.0000e+00     0.0000e+00  0.0000e+00 
2.1170e+03     0.0000e+00  0.0000e+00     0.0000e+00  0.0000e+00     0.0000e+00  0.0000e+00     0.0000e+00  0.0000e+00 
2.3753e+03     0.0000e+00  0.0000e+00     0.0000e+00  0.0000e+00     0.0000e+00  0.0000e+00     0.0000e+00  0.0000e+00 
2.6651e+03     0.0000e+00  0.0000e+00     0.0000e+00  0.0000e+00     0.0000e+00  0.0000e+00     0.0000e+00  0.0000e+00 
2.9903e+03     0.0000e+00  0.0000e+00     0.0000e+00  0.0000e+00     0.0000e+00  0.0000e+00     0.0000e+00  0.0000e+00 
3.3552e+03     0.0000e+00  0.0000e+00     0.0000e+00  0.0000e+00     0.0000e+00  0.0000e+00     0.0000e+00  0.0000e+00 
3.7646e+03     0.0000e+00  0.0000e+00     0.0000e+00  0.0000e+00     0.0000e+00  0.0000e+00     0.0000e+00  0.0000e+00 
4.2240e+03     0.0000e+00  0.0000e+00     0.0000e+00  0.0000e+00     0.0000e+00  0.0000e+00     0.0000e+00  0.0000e+00 
4.7394e+03     0.0000e+00  0.0000e+00     0.0000e+00  0.0000e+00     0.0000e+00  0.0000e+00     0.0000e+00  0.0000e+00 
5.3176e+03     0.0000e+00  0.0000e+00     0.0000e+00  0.0000e+00     0.0000e+00  0.0000e+00     0.0000e+00  0.0000e+00 
5.9665e+03     0.0000e+00  0.0000e+00     0.0000e+00  0.0000e+00     0.0000e+00  0.0000e+00     0.0000e+00  0.0000e+00 
6.6945e+03     0.0000e+00  0.0000e+00     0.0000e+00  0.0000e+00     0.0000e+00  0.0000e+00     0.0000e+00  0.0000e+00 
7.5114e+03     0.0000e+00  0.0000e+00     0.0000e+00  0.0000e+00     0.0000e+00  0.0000e+00     0.0000e+00  0.0000e+00 
8.4279e+03     0.0000e+00  0.0000e+00     0.0000e+00  0.0000e+00     0.0000e+00  0.0000e+00     0.0000e+00  0.0000e+00 
9.4563e+03     0.0000e+00  0.0000e+00     0.0000e+00  0.0000e+00     0.0000e+00  0.0000e+00     0.0000e+00  0.0000e+00 
