yF = 9.0682e+00 (std: 1.3058e-02) keV/um
yD = 1.0625e+01 (std: 1.3503e-01) keV/um
y (keV/um)     f(y)(std)                  yf(y)(std)                 d(y)(std)                  yd(y)(std)  
1.0610e-01     7.2999e-03  1.2670e-03     7.7452e-04  1.3443e-04     8.5411e-05  1.4824e-05     9.0622e-06  1.5729e-06 
1.1905e-01     1.4620e-03  8.2049e-04     1.7405e-04  9.7677e-05     1.9193e-05  1.0771e-05     2.2849e-06  1.2823e-06 
1.3357e-01     1.0424e-03  2.5089e-04     1.3924e-04  3.3513e-05     1.5355e-05  3.6957e-06     2.0510e-06  4.9364e-07 
1.4987e-01     9.2906e-04  4.4794e-04     1.3924e-04  6.7133e-05     1.5355e-05  7.4031e-06     2.3012e-06  1.1095e-06 
1.6816e-01     1.9666e-03  4.1118e-04     3.3070e-04  6.9143e-05     3.6467e-05  7.6250e-06     6.1323e-06  1.2822e-06 
1.8868e-01     1.9372e-03  6.1816e-04     3.6551e-04  1.1663e-04     4.0306e-05  1.2862e-05     7.6049e-06  2.4267e-06 
2.1170e-01     2.1787e-03  7.8050e-04     4.6123e-04  1.6523e-04     5.0863e-05  1.8221e-05     1.0768e-05  3.8574e-06 
2.3753e-01     1.6120e-03  3.0893e-04     3.8291e-04  7.3379e-05     4.2226e-05  8.0922e-06     1.0030e-05  1.9221e-06 
2.6651e-01     2.4816e-03  6.5319e-04     6.6139e-04  1.7408e-04     7.2935e-05  1.9197e-05     1.9438e-05  5.1163e-06 
2.9903e-01     2.6774e-03  4.1209e-04     8.0063e-04  1.2323e-04     8.8290e-05  1.3590e-05     2.6402e-05  4.0638e-06 
3.3552e-01     3.0347e-03  3.4408e-04     1.0182e-03  1.1545e-04     1.1228e-04  1.2732e-05     3.7673e-05  4.2718e-06 
3.7646e-01     2.9358e-03  2.9138e-04     1.1052e-03  1.0969e-04     1.2188e-04  1.2097e-05     4.5882e-05  4.5542e-06 
4.2240e-01     4.6356e-03  4.1987e-04     1.9581e-03  1.7735e-04     2.1593e-04  1.9560e-05     9.1206e-05  8.2620e-06 
4.7394e-01     4.4253e-03  5.7747e-04     2.0973e-03  2.7368e-04     2.3128e-04  3.0182e-05     1.0961e-04  1.4304e-05 
5.3176e-01     5.4824e-03  4.8590e-04     2.9153e-03  2.5838e-04     3.2149e-04  2.8497e-05     1.7096e-04  1.5154e-05 
5.9665e-01     6.1260e-03  5.4963e-04     3.6551e-03  3.2793e-04     4.0306e-04  3.6168e-05     2.4049e-04  2.1579e-05 
6.6945e-01     6.8897e-03  4.5385e-04     4.6123e-03  3.0383e-04     5.0863e-04  3.3513e-05     3.4050e-04  2.2435e-05 
7.5114e-01     8.3649e-03  4.2761e-04     6.2832e-03  3.2119e-04     6.9288e-04  3.5433e-05     5.2045e-04  2.6615e-05 
8.4279e-01     1.0161e-02  4.2591e-04     8.5633e-03  3.5896e-04     9.4432e-04  3.9607e-05     7.9586e-04  3.3381e-05 
9.4563e-01     1.0270e-02  5.9780e-04     9.7120e-03  5.6529e-04     1.0710e-03  6.2357e-05     1.0128e-03  5.8966e-05 
1.0610e+00     1.1327e-02  4.0084e-04     1.2018e-02  4.2530e-04     1.3253e-03  4.6938e-05     1.4062e-03  4.9802e-05 
1.1905e+00     1.3209e-02  3.1362e-04     1.5725e-02  3.7336e-04     1.7341e-03  4.1248e-05     2.0644e-03  4.9104e-05 
1.3357e+00     1.5200e-02  2.9114e-04     2.0303e-02  3.8889e-04     2.2389e-03  4.3006e-05     2.9906e-03  5.7444e-05 
1.4987e+00     1.6113e-02  2.8836e-04     2.4149e-02  4.3218e-04     2.6631e-03  4.7812e-05     3.9912e-03  7.1657e-05 
1.6816e+00     1.8253e-02  4.1239e-04     3.0694e-02  6.9347e-04     3.3848e-03  7.6627e-05     5.6918e-03  1.2886e-04 
1.8868e+00     2.0179e-02  5.4747e-04     3.8073e-02  1.0329e-03     4.1986e-03  1.1407e-04     7.9217e-03  2.1522e-04 
2.1170e+00     2.2001e-02  4.8531e-04     4.6576e-02  1.0274e-03     5.1362e-03  1.1354e-04     1.0873e-02  2.4036e-04 
2.3753e+00     2.4928e-02  2.8545e-04     5.9212e-02  6.7803e-04     6.5296e-03  7.5358e-05     1.5510e-02  1.7900e-04 
2.6651e+00     2.7448e-02  9.5749e-04     7.3153e-02  2.5518e-03     8.0670e-03  2.8164e-04     2.1500e-02  7.5062e-04 
2.9903e+00     3.1692e-02  3.5532e-04     9.4770e-02  1.0625e-03     1.0451e-02  1.1813e-04     3.1251e-02  3.5325e-04 
3.3552e+00     3.5010e-02  2.3039e-04     1.1747e-01  7.7302e-04     1.2954e-02  8.7262e-05     4.3462e-02  2.9278e-04 
3.7646e+00     3.9303e-02  4.2739e-04     1.4796e-01  1.6089e-03     1.6316e-02  1.7897e-04     6.1424e-02  6.7377e-04 
4.2240e+00     4.3742e-02  5.3635e-04     1.8476e-01  2.2655e-03     2.0375e-02  2.5155e-04     8.6062e-02  1.0625e-03 
4.7394e+00     4.9466e-02  3.1845e-04     2.3444e-01  1.5093e-03     2.5853e-02  1.7055e-04     1.2252e-01  8.0828e-04 
5.3176e+00     5.5765e-02  2.1514e-04     2.9654e-01  1.1440e-03     3.2701e-02  1.3466e-04     1.7389e-01  7.1608e-04 
5.9665e+00     6.4352e-02  4.7686e-04     3.8395e-01  2.8452e-03     4.2341e-02  3.1962e-04     2.5263e-01  1.9070e-03 
6.6945e+00     7.3360e-02  3.7826e-04     4.9111e-01  2.5323e-03     5.4157e-02  2.8993e-04     3.6256e-01  1.9410e-03 
7.5114e+00     8.4216e-02  6.5978e-04     6.3258e-01  4.9559e-03     6.9757e-02  5.5567e-04     5.2397e-01  4.1738e-03 
8.4279e+00     9.8213e-02  5.0109e-04     8.2773e-01  4.2231e-03     9.1278e-02  4.8390e-04     7.6928e-01  4.0782e-03 
9.4563e+00     1.1543e-01  3.7742e-04     1.0916e+00  3.5690e-03     1.2037e-01  4.3005e-04     1.1383e+00  4.0666e-03 
1.0610e+01     1.3331e-01  4.3497e-04     1.4145e+00  4.6151e-03     1.5598e-01  5.5629e-04     1.6550e+00  5.9023e-03 
1.1905e+01     1.1601e-01  3.2397e-04     1.3811e+00  3.8567e-03     1.5230e-01  4.7852e-04     1.8131e+00  5.6966e-03 
1.3357e+01     5.6546e-02  2.2509e-04     7.5530e-01  3.0065e-03     8.3291e-02  3.5258e-04     1.1125e+00  4.7095e-03 
1.4987e+01     1.5421e-02  1.5336e-04     2.3111e-01  2.2985e-03     2.5486e-02  2.5611e-04     3.8196e-01  3.8384e-03 
1.6816e+01     2.3713e-03  8.2341e-05     3.9875e-02  1.3846e-03     4.3972e-03  1.5282e-04     7.3943e-02  2.5698e-03 
1.8868e+01     2.1401e-04  2.9233e-05     4.0380e-03  5.5156e-04     4.4529e-04  6.0827e-05     8.4015e-03  1.1477e-03 
2.1170e+01     1.0688e-05  2.0200e-06     2.2627e-04  4.2764e-05     2.4951e-05  4.7159e-06     5.2822e-04  9.9835e-05 
2.3753e+01     7.3275e-07  6.6891e-07     1.7405e-05  1.5889e-05     1.9193e-06  1.7521e-06     4.5590e-05  4.1618e-05 
2.6651e+01     0.0000e+00  0.0000e+00     0.0000e+00  0.0000e+00     0.0000e+00  0.0000e+00     0.0000e+00  0.0000e+00 
2.9903e+01     8.7307e-07  4.4700e-07     2.6108e-05  1.3367e-05     2.8790e-06  1.4740e-06     8.6092e-05  4.4079e-05 
3.3552e+01     2.5937e-07  1.0374e-07     8.7025e-06  3.4806e-06     9.5967e-07  3.8382e-07     3.2199e-05  1.2878e-05 
3.7646e+01     4.6233e-07  2.5200e-07     1.7405e-05  9.4869e-06     1.9193e-06  1.0462e-06     7.2256e-05  3.9384e-05 
4.2240e+01     2.0603e-07  1.1489e-07     8.7025e-06  4.8527e-06     9.5967e-07  5.3513e-07     4.0536e-05  2.2604e-05 
4.7394e+01     0.0000e+00  0.0000e+00     0.0000e+00  0.0000e+00     0.0000e+00  0.0000e+00     0.0000e+00  0.0000e+00 
5.3176e+01     3.2731e-07  1.4335e-07     1.7405e-05  7.6226e-06     1.9193e-06  8.4059e-07     1.0206e-04  4.4699e-05 
5.9665e+01     2.9171e-07  3.6286e-07     1.7405e-05  2.1650e-05     1.9193e-06  2.3875e-06     1.1452e-04  1.4245e-04 
6.6945e+01     2.5999e-07  1.2496e-07     1.7405e-05  8.3652e-06     1.9193e-06  9.2248e-07     1.2849e-04  6.1756e-05 
7.5114e+01     2.3172e-07  1.0256e-07     1.7405e-05  7.7036e-06     1.9193e-06  8.4952e-07     1.4417e-04  6.3811e-05 
8.4279e+01     1.0326e-07  7.3367e-08     8.7025e-06  6.1833e-06     9.5967e-07  6.8186e-07     8.0880e-05  5.7467e-05 
9.4563e+01     0.0000e+00  0.0000e+00     0.0000e+00  0.0000e+00     0.0000e+00  0.0000e+00     0.0000e+00  0.0000e+00 
1.0610e+02     2.4606e-07  1.2651e-07     2.6108e-05  1.3423e-05     2.8790e-06  1.4802e-06     3.0547e-04  1.5705e-04 
1.1905e+02     2.1930e-07  1.4827e-07     2.6108e-05  1.7651e-05     2.8790e-06  1.9465e-06     3.4274e-04  2.3173e-04 
1.3357e+02     1.9546e-07  3.0239e-07     2.6108e-05  4.0391e-05     2.8790e-06  4.4541e-06     3.8456e-04  5.9495e-04 
1.4987e+02     5.8066e-08  7.5261e-08     8.7025e-06  1.1280e-05     9.5967e-07  1.2438e-06     1.4383e-04  1.8642e-04 
1.6816e+02     2.0701e-07  7.5214e-08     3.4810e-05  1.2648e-05     3.8387e-06  1.3948e-06     6.4551e-04  2.3454e-04 
1.8868e+02     0.0000e+00  0.0000e+00     0.0000e+00  0.0000e+00     0.0000e+00  0.0000e+00     0.0000e+00  0.0000e+00 
2.1170e+02     1.2332e-07  8.8563e-08     2.6108e-05  1.8749e-05     2.8790e-06  2.0675e-06     6.0948e-04  4.3769e-04 
2.3753e+02     3.6637e-08  2.5423e-08     8.7025e-06  6.0387e-06     9.5967e-07  6.6592e-07     2.2795e-04  1.5818e-04 
2.6651e+02     6.5306e-08  4.5375e-08     1.7405e-05  1.2093e-05     1.9193e-06  1.3336e-06     5.1153e-04  3.5541e-04 
2.9903e+02     2.9102e-08  2.8683e-08     8.7025e-06  8.5773e-06     9.5967e-07  9.4586e-07     2.8697e-04  2.8284e-04 
3.3552e+02     5.1875e-08  1.8961e-08     1.7405e-05  6.3620e-06     1.9193e-06  7.0157e-07     6.4398e-04  2.3539e-04 
3.7646e+02     4.6233e-08  2.9546e-08     1.7405e-05  1.1123e-05     1.9193e-06  1.2266e-06     7.2256e-04  4.6176e-04 
4.2240e+02     2.0603e-08  2.4882e-08     8.7025e-06  1.0510e-05     9.5967e-07  1.1590e-06     4.0536e-04  4.8955e-04 
4.7394e+02     0.0000e+00  0.0000e+00     0.0000e+00  0.0000e+00     0.0000e+00  0.0000e+00     0.0000e+00  0.0000e+00 
5.3176e+02     3.2731e-08  2.0801e-08     1.7405e-05  1.1061e-05     1.9193e-06  1.2198e-06     1.0206e-03  6.4863e-04 
5.9665e+02     0.0000e+00  0.0000e+00     0.0000e+00  0.0000e+00     0.0000e+00  0.0000e+00     0.0000e+00  0.0000e+00 
6.6945e+02     2.5999e-08  1.2531e-08     1.7405e-05  8.3891e-06     1.9193e-06  9.2512e-07     1.2849e-03  6.1932e-04 
7.5114e+02     0.0000e+00  0.0000e+00     0.0000e+00  0.0000e+00     0.0000e+00  0.0000e+00     0.0000e+00  0.0000e+00 
8.4279e+02     0.0000e+00  0.0000e+00     0.0000e+00  0.0000e+00     0.0000e+00  0.0000e+00     0.0000e+00  0.0000e+00 
9.4563e+02     9.2029e-09  1.0455e-08     8.7025e-06  9.8866e-06     9.5967e-07  1.0902e-06     9.0749e-04  1.0310e-03 
1.0610e+03     0.0000e+00  0.0000e+00     0.0000e+00  0.0000e+00     0.0000e+00  0.0000e+00     0.0000e+00  0.0000e+00 
1.1905e+03     0.0000e+00  0.0000e+00     0.0000e+00  0.0000e+00     0.0000e+00  0.0000e+00     0.0000e+00  0.0000e+00 
1.3357e+03     0.0000e+00  0.0000e+00     0.0000e+00  0.0000e+00     0.0000e+00  0.0000e+00     0.0000e+00  0.0000e+00 
1.4987e+03     0.0000e+00  0.0000e+00     0.0000e+00  0.0000e+00     0.0000e+00  0.0000e+00     0.0000e+00  0.0000e+00 
1.6816e+03     0.0000e+00  0.0000e+00     0.0000e+00  0.0000e+00     0.0000e+00  0.0000e+00     0.0000e+00  0.0000e+00 
1.8868e+03     0.0000e+00  0.0000e+00     0.0000e+00  0.0000e+00     0.0000e+00  0.0000e+00     0.0000e+00  0.0000e+00 
2.1170e+03     0.0000e+00  0.0000e+00     0.0000e+00  0.0000e+00     0.0000e+00  0.0000e+00     0.0000e+00  0.0000e+00 
2.3753e+03     0.0000e+00  0.0000e+00     0.0000e+00  0.0000e+00     0.0000e+00  0.0000e+00     0.0000e+00  0.0000e+00 
2.6651e+03     0.0000e+00  0.0000e+00     0.0000e+00  0.0000e+00     0.0000e+00  0.0000e+00     0.0000e+00  0.0000e+00 
2.9903e+03     0.0000e+00  0.0000e+00     0.0000e+00  0.0000e+00     0.0000e+00  0.0000e+00     0.0000e+00  0.0000e+00 
3.3552e+03     0.0000e+00  0.0000e+00     0.0000e+00  0.0000e+00     0.0000e+00  0.0000e+00     0.0000e+00  0.0000e+00 
3.7646e+03     0.0000e+00  0.0000e+00     0.0000e+00  0.0000e+00     0.0000e+00  0.0000e+00     0.0000e+00  0.0000e+00 
4.2240e+03     0.0000e+00  0.0000e+00     0.0000e+00  0.0000e+00     0.0000e+00  0.0000e+00     0.0000e+00  0.0000e+00 
4.7394e+03     0.0000e+00  0.0000e+00     0.0000e+00  0.0000e+00     0.0000e+00  0.0000e+00     0.0000e+00  0.0000e+00 
5.3176e+03     0.0000e+00  0.0000e+00     0.0000e+00  0.0000e+00     0.0000e+00  0.0000e+00     0.0000e+00  0.0000e+00 
5.9665e+03     0.0000e+00  0.0000e+00     0.0000e+00  0.0000e+00     0.0000e+00  0.0000e+00     0.0000e+00  0.0000e+00 
6.6945e+03     0.0000e+00  0.0000e+00     0.0000e+00  0.0000e+00     0.0000e+00  0.0000e+00     0.0000e+00  0.0000e+00 
7.5114e+03     0.0000e+00  0.0000e+00     0.0000e+00  0.0000e+00     0.0000e+00  0.0000e+00     0.0000e+00  0.0000e+00 
8.4279e+03     0.0000e+00  0.0000e+00     0.0000e+00  0.0000e+00     0.0000e+00  0.0000e+00     0.0000e+00  0.0000e+00 
9.4563e+03     0.0000e+00  0.0000e+00     0.0000e+00  0.0000e+00     0.0000e+00  0.0000e+00     0.0000e+00  0.0000e+00 
