yF = 8.8959e+00 (std: 1.6053e-02) keV/um
yD = 1.0503e+01 (std: 2.1320e-01) keV/um
y (keV/um)     f(y)(std)                  yf(y)(std)                 d(y)(std)                  yd(y)(std)  
1.0610e-01     6.9718e-03  1.1685e-03     7.3972e-04  1.2398e-04     8.3153e-05  1.3937e-05     8.8226e-06  1.4788e-06 
1.1905e-01     1.3158e-03  3.6443e-04     1.5665e-04  4.3384e-05     1.7609e-05  4.8770e-06     2.0963e-06  5.8060e-07 
1.3357e-01     8.4698e-04  3.0711e-04     1.1313e-04  4.1021e-05     1.2718e-05  4.6113e-06     1.6987e-06  6.1595e-07 
1.4987e-01     1.9162e-03  4.4864e-04     2.8718e-04  6.7239e-05     3.2283e-05  7.5586e-06     4.8383e-06  1.1328e-06 
1.6816e-01     1.3456e-03  3.1886e-04     2.2627e-04  5.3619e-05     2.5435e-05  6.0276e-06     4.2771e-06  1.0136e-06 
1.8868e-01     1.8911e-03  4.7644e-04     3.5681e-04  8.9893e-05     4.0109e-05  1.0105e-05     7.5677e-06  1.9066e-06 
2.1170e-01     1.6032e-03  2.1412e-04     3.3940e-04  4.5329e-05     3.8153e-05  5.0960e-06     8.0769e-06  1.0788e-06 
2.3753e-01     2.4547e-03  5.6365e-04     5.8307e-04  1.3388e-04     6.5544e-05  1.5050e-05     1.5569e-05  3.5750e-06 
2.6651e-01     2.2857e-03  3.5868e-04     6.0918e-04  9.5593e-05     6.8479e-05  1.0746e-05     1.8251e-05  2.8641e-06 
2.9903e-01     2.6774e-03  3.1290e-04     8.0064e-04  9.3567e-05     9.0001e-05  1.0519e-05     2.6913e-05  3.1456e-06 
3.3552e-01     3.3459e-03  3.8855e-04     1.1226e-03  1.3037e-04     1.2620e-04  1.4657e-05     4.2342e-05  4.9176e-06 
3.7646e-01     3.8374e-03  5.5500e-04     1.4446e-03  2.0894e-04     1.6239e-04  2.3489e-05     6.1135e-05  8.8426e-06 
4.2240e-01     4.3472e-03  4.1448e-04     1.8362e-03  1.7507e-04     2.0642e-04  1.9684e-05     8.7189e-05  8.3143e-06 
4.7394e-01     4.9211e-03  4.5174e-04     2.3323e-03  2.1410e-04     2.6218e-04  2.4072e-05     1.2425e-04  1.1408e-05 
5.3176e-01     5.5315e-03  3.4261e-04     2.9415e-03  1.8219e-04     3.3066e-04  2.0489e-05     1.7583e-04  1.0895e-05 
5.9665e-01     6.6219e-03  5.0344e-04     3.9510e-03  3.0038e-04     4.4414e-04  3.3775e-05     2.6499e-04  2.0152e-05 
6.6945e-01     7.5917e-03  8.2503e-04     5.0823e-03  5.5232e-04     5.7131e-04  6.2096e-05     3.8246e-04  4.1570e-05 
7.5114e-01     8.6315e-03  3.3296e-04     6.4834e-03  2.5010e-04     7.2881e-04  2.8145e-05     5.4744e-04  2.1141e-05 
8.4279e-01     9.6960e-03  9.6923e-04     8.1717e-03  8.1686e-04     9.1860e-04  9.1840e-05     7.7418e-04  7.7401e-05 
9.4563e-01     1.1191e-02  5.3342e-04     1.0582e-02  5.0441e-04     1.1896e-03  5.6742e-05     1.1249e-03  5.3657e-05 
1.0610e+00     1.1844e-02  3.7471e-04     1.2567e-02  3.9757e-04     1.4126e-03  4.4764e-05     1.4988e-03  4.7496e-05 
1.1905e+00     1.3765e-02  6.3170e-04     1.6387e-02  7.5202e-04     1.8421e-03  8.4601e-05     2.1929e-03  1.0071e-04 
1.3357e+00     1.4900e-02  3.6531e-04     1.9903e-02  4.8796e-04     2.2373e-03  5.5001e-05     2.9884e-03  7.3466e-05 
1.4987e+00     1.6921e-02  4.8688e-04     2.5359e-02  7.2969e-04     2.8507e-03  8.2187e-05     4.2724e-03  1.2317e-04 
1.6816e+00     1.9164e-02  5.5119e-04     3.2226e-02  9.2687e-04     3.6225e-03  1.0440e-04     6.0916e-03  1.7555e-04 
1.8868e+00     2.0751e-02  6.0802e-04     3.9153e-02  1.1472e-03     4.4012e-03  1.2920e-04     8.3041e-03  2.4377e-04 
2.1170e+00     2.3267e-02  5.6356e-04     4.9257e-02  1.1931e-03     5.5370e-03  1.3449e-04     1.1722e-02  2.8470e-04 
2.3753e+00     2.6057e-02  5.0203e-04     6.1893e-02  1.1925e-03     6.9575e-03  1.3463e-04     1.6526e-02  3.1980e-04 
2.6651e+00     2.8797e-02  4.5485e-04     7.6748e-02  1.2122e-03     8.6274e-03  1.3716e-04     2.2993e-02  3.6554e-04 
2.9903e+00     3.2295e-02  7.0418e-04     9.6572e-02  2.1057e-03     1.0856e-02  2.3752e-04     3.2463e-02  7.1025e-04 
3.3552e+00     3.6396e-02  5.6746e-04     1.2211e-01  1.9039e-03     1.3727e-02  2.1545e-04     4.6057e-02  7.2289e-04 
3.7646e+00     4.0602e-02  4.2790e-04     1.5285e-01  1.6109e-03     1.7182e-02  1.8372e-04     6.4685e-02  6.9162e-04 
4.2240e+00     4.5846e-02  6.7110e-04     1.9365e-01  2.8347e-03     2.1768e-02  3.2107e-04     9.1949e-02  1.3562e-03 
4.7394e+00     5.1464e-02  6.7808e-04     2.4391e-01  3.2137e-03     2.7418e-02  3.6463e-04     1.2994e-01  1.7281e-03 
5.3176e+00     5.8245e-02  2.5418e-04     3.0972e-01  1.3516e-03     3.4817e-02  1.6442e-04     1.8514e-01  8.7432e-04 
5.9665e+00     6.6954e-02  9.9175e-04     3.9948e-01  5.9173e-03     4.4907e-02  6.7009e-04     2.6793e-01  3.9981e-03 
6.6945e+00     7.6450e-02  1.2049e-03     5.1180e-01  8.0661e-03     5.7532e-02  9.1265e-04     3.8515e-01  6.1097e-03 
7.5114e+00     8.8297e-02  4.5747e-04     6.6323e-01  3.4362e-03     7.4555e-02  4.0903e-04     5.6001e-01  3.0724e-03 
8.4279e+00     1.0253e-01  3.7086e-04     8.6414e-01  3.1256e-03     9.7139e-02  3.9265e-04     8.1868e-01  3.3092e-03 
9.4563e+00     1.2097e-01  6.7769e-04     1.1439e+00  6.4084e-03     1.2859e-01  7.5683e-04     1.2160e+00  7.1568e-03 
1.0610e+01     1.3727e-01  6.9407e-04     1.4565e+00  7.3642e-03     1.6372e-01  8.7896e-04     1.7371e+00  9.3259e-03 
1.1905e+01     1.0859e-01  2.4524e-04     1.2928e+00  2.9195e-03     1.4532e-01  4.2009e-04     1.7300e+00  5.0011e-03 
1.3357e+01     4.8684e-02  2.0341e-04     6.5028e-01  2.7171e-03     7.3099e-02  3.3270e-04     9.7641e-01  4.4440e-03 
1.4987e+01     1.2034e-02  9.3594e-05     1.8035e-01  1.4027e-03     2.0274e-02  1.6187e-04     3.0384e-01  2.4260e-03 
1.6816e+01     1.7503e-03  3.6153e-05     2.9432e-02  6.0794e-04     3.3085e-03  6.8600e-05     5.5636e-02  1.1536e-03 
1.8868e+01     1.4160e-04  1.2660e-05     2.6717e-03  2.3886e-04     3.0033e-04  2.6857e-05     5.6665e-03  5.0672e-04 
2.1170e+01     3.6997e-06  1.1965e-06     7.8323e-05  2.5329e-05     8.8044e-06  2.8473e-06     1.8639e-04  6.0277e-05 
2.3753e+01     3.6638e-07  1.4653e-07     8.7026e-06  3.4806e-06     9.7827e-07  3.9126e-07     2.3237e-05  9.2937e-06 
2.6651e+01     6.5307e-07  3.1350e-07     1.7405e-05  8.3552e-06     1.9565e-06  9.3923e-07     5.2144e-05  2.5032e-05 
2.9903e+01     8.7307e-07  4.2156e-07     2.6108e-05  1.2606e-05     2.9348e-06  1.4171e-06     8.7761e-05  4.2375e-05 
3.3552e+01     7.7813e-07  4.1962e-07     2.6108e-05  1.4079e-05     2.9348e-06  1.5827e-06     9.8469e-05  5.3102e-05 
3.7646e+01     0.0000e+00  0.0000e+00     0.0000e+00  0.0000e+00     0.0000e+00  0.0000e+00     0.0000e+00  0.0000e+00 
4.2240e+01     8.2412e-07  4.3539e-07     3.4810e-05  1.8391e-05     3.9131e-06  2.0673e-06     1.6529e-04  8.7323e-05 
4.7394e+01     1.8362e-07  6.6197e-08     8.7026e-06  3.1373e-06     9.7827e-07  3.5267e-07     4.6364e-05  1.6714e-05 
5.3176e+01     4.9096e-07  2.9352e-07     2.6108e-05  1.5608e-05     2.9348e-06  1.7546e-06     1.5606e-04  9.3302e-05 
5.9665e+01     0.0000e+00  0.0000e+00     0.0000e+00  0.0000e+00     0.0000e+00  0.0000e+00     0.0000e+00  0.0000e+00 
6.6945e+01     3.8999e-07  2.3259e-07     2.6108e-05  1.5571e-05     2.9348e-06  1.7503e-06     1.9647e-04  1.1718e-04 
7.5114e+01     3.4758e-07  1.7241e-07     2.6108e-05  1.2951e-05     2.9348e-06  1.4558e-06     2.2044e-04  1.0935e-04 
8.4279e+01     2.0652e-07  1.6124e-07     1.7405e-05  1.3589e-05     1.9565e-06  1.5276e-06     1.6490e-04  1.2874e-04 
9.4563e+01     1.8406e-07  6.7473e-08     1.7405e-05  6.3804e-06     1.9565e-06  7.1724e-07     1.8502e-04  6.7824e-05 
1.0610e+02     1.6404e-07  1.9577e-07     1.7405e-05  2.0772e-05     1.9565e-06  2.3350e-06     2.0759e-04  2.4774e-04 
1.1905e+02     0.0000e+00  0.0000e+00     0.0000e+00  0.0000e+00     0.0000e+00  0.0000e+00     0.0000e+00  0.0000e+00 
1.3357e+02     6.5152e-08  5.2071e-08     8.7026e-06  6.9553e-06     9.7827e-07  7.8186e-07     1.3067e-04  1.0444e-04 
1.4987e+02     0.0000e+00  0.0000e+00     0.0000e+00  0.0000e+00     0.0000e+00  0.0000e+00     0.0000e+00  0.0000e+00 
1.6816e+02     0.0000e+00  0.0000e+00     0.0000e+00  0.0000e+00     0.0000e+00  0.0000e+00     0.0000e+00  0.0000e+00 
1.8868e+02     9.2248e-08  1.7375e-07     1.7405e-05  3.2782e-05     1.9565e-06  3.6851e-06     3.6915e-04  6.9530e-04 
2.1170e+02     0.0000e+00  0.0000e+00     0.0000e+00  0.0000e+00     0.0000e+00  0.0000e+00     0.0000e+00  0.0000e+00 
2.3753e+02     3.6638e-08  9.6496e-08     8.7026e-06  2.2921e-05     9.7827e-07  2.5766e-06     2.3237e-04  6.1201e-04 
2.6651e+02     0.0000e+00  0.0000e+00     0.0000e+00  0.0000e+00     0.0000e+00  0.0000e+00     0.0000e+00  0.0000e+00 
2.9903e+02     0.0000e+00  0.0000e+00     0.0000e+00  0.0000e+00     0.0000e+00  0.0000e+00     0.0000e+00  0.0000e+00 
3.3552e+02     0.0000e+00  0.0000e+00     0.0000e+00  0.0000e+00     0.0000e+00  0.0000e+00     0.0000e+00  0.0000e+00 
3.7646e+02     4.6234e-08  2.5550e-08     1.7405e-05  9.6187e-06     1.9565e-06  1.0813e-06     7.3656e-04  4.0705e-04 
4.2240e+02     0.0000e+00  0.0000e+00     0.0000e+00  0.0000e+00     0.0000e+00  0.0000e+00     0.0000e+00  0.0000e+00 
4.7394e+02     3.6725e-08  2.3804e-08     1.7405e-05  1.1282e-05     1.9565e-06  1.2682e-06     9.2727e-04  6.0105e-04 
5.3176e+02     0.0000e+00  0.0000e+00     0.0000e+00  0.0000e+00     0.0000e+00  0.0000e+00     0.0000e+00  0.0000e+00 
5.9665e+02     2.9171e-08  1.6630e-08     1.7405e-05  9.9223e-06     1.9565e-06  1.1154e-06     1.1674e-03  6.6550e-04 
6.6945e+02     1.3000e-08  1.0142e-08     8.7026e-06  6.7898e-06     9.7827e-07  7.6325e-07     6.5491e-04  5.1096e-04 
7.5114e+02     1.1586e-08  9.4924e-09     8.7026e-06  7.1301e-06     9.7827e-07  8.0151e-07     7.3482e-04  6.0204e-04 
8.4279e+02     1.0326e-08  2.4533e-08     8.7026e-06  2.0676e-05     9.7827e-07  2.3242e-06     8.2448e-04  1.9588e-03 
9.4563e+02     9.2030e-09  2.6028e-09     8.7026e-06  2.4613e-06     9.7827e-07  2.7668e-07     9.2508e-04  2.6164e-04 
1.0610e+03     0.0000e+00  0.0000e+00     0.0000e+00  0.0000e+00     0.0000e+00  0.0000e+00     0.0000e+00  0.0000e+00 
1.1905e+03     0.0000e+00  0.0000e+00     0.0000e+00  0.0000e+00     0.0000e+00  0.0000e+00     0.0000e+00  0.0000e+00 
1.3357e+03     0.0000e+00  0.0000e+00     0.0000e+00  0.0000e+00     0.0000e+00  0.0000e+00     0.0000e+00  0.0000e+00 
1.4987e+03     0.0000e+00  0.0000e+00     0.0000e+00  0.0000e+00     0.0000e+00  0.0000e+00     0.0000e+00  0.0000e+00 
1.6816e+03     0.0000e+00  0.0000e+00     0.0000e+00  0.0000e+00     0.0000e+00  0.0000e+00     0.0000e+00  0.0000e+00 
1.8868e+03     0.0000e+00  0.0000e+00     0.0000e+00  0.0000e+00     0.0000e+00  0.0000e+00     0.0000e+00  0.0000e+00 
2.1170e+03     0.0000e+00  0.0000e+00     0.0000e+00  0.0000e+00     0.0000e+00  0.0000e+00     0.0000e+00  0.0000e+00 
2.3753e+03     0.0000e+00  0.0000e+00     0.0000e+00  0.0000e+00     0.0000e+00  0.0000e+00     0.0000e+00  0.0000e+00 
2.6651e+03     0.0000e+00  0.0000e+00     0.0000e+00  0.0000e+00     0.0000e+00  0.0000e+00     0.0000e+00  0.0000e+00 
2.9903e+03     0.0000e+00  0.0000e+00     0.0000e+00  0.0000e+00     0.0000e+00  0.0000e+00     0.0000e+00  0.0000e+00 
3.3552e+03     0.0000e+00  0.0000e+00     0.0000e+00  0.0000e+00     0.0000e+00  0.0000e+00     0.0000e+00  0.0000e+00 
3.7646e+03     0.0000e+00  0.0000e+00     0.0000e+00  0.0000e+00     0.0000e+00  0.0000e+00     0.0000e+00  0.0000e+00 
4.2240e+03     0.0000e+00  0.0000e+00     0.0000e+00  0.0000e+00     0.0000e+00  0.0000e+00     0.0000e+00  0.0000e+00 
4.7394e+03     0.0000e+00  0.0000e+00     0.0000e+00  0.0000e+00     0.0000e+00  0.0000e+00     0.0000e+00  0.0000e+00 
5.3176e+03     0.0000e+00  0.0000e+00     0.0000e+00  0.0000e+00     0.0000e+00  0.0000e+00     0.0000e+00  0.0000e+00 
5.9665e+03     0.0000e+00  0.0000e+00     0.0000e+00  0.0000e+00     0.0000e+00  0.0000e+00     0.0000e+00  0.0000e+00 
6.6945e+03     0.0000e+00  0.0000e+00     0.0000e+00  0.0000e+00     0.0000e+00  0.0000e+00     0.0000e+00  0.0000e+00 
7.5114e+03     0.0000e+00  0.0000e+00     0.0000e+00  0.0000e+00     0.0000e+00  0.0000e+00     0.0000e+00  0.0000e+00 
8.4279e+03     0.0000e+00  0.0000e+00     0.0000e+00  0.0000e+00     0.0000e+00  0.0000e+00     0.0000e+00  0.0000e+00 
9.4563e+03     0.0000e+00  0.0000e+00     0.0000e+00  0.0000e+00     0.0000e+00  0.0000e+00     0.0000e+00  0.0000e+00 
