yF = 8.9825e+00 (std: 1.3564e-02) keV/um
yD = 1.0644e+01 (std: 2.8565e-01) keV/um
y (keV/um)     f(y)(std)                  yf(y)(std)                 d(y)(std)                  yd(y)(std)  
1.0610e-01     7.0538e-03  2.1207e-03     7.4842e-04  2.2500e-04     8.3320e-05  2.5049e-05     8.8403e-06  2.6578e-06 
1.1905e-01     1.0234e-03  3.8618e-04     1.2184e-04  4.5974e-05     1.3564e-05  5.1182e-06     1.6147e-06  6.0931e-07 
1.3357e-01     2.0197e-03  1.7230e-03     2.6978e-04  2.3014e-04     3.0034e-05  2.5621e-05     4.0117e-06  3.4223e-06 
1.4987e-01     1.1033e-03  3.9841e-04     1.6535e-04  5.9710e-05     1.8408e-05  6.6475e-06     2.7588e-06  9.9627e-07 
1.6816e-01     1.7596e-03  2.7124e-04     2.9589e-04  4.5611e-05     3.2941e-05  5.0780e-06     5.5392e-06  8.5391e-07 
1.8868e-01     1.3837e-03  2.5082e-04     2.6108e-04  4.7324e-05     2.9065e-05  5.2687e-06     5.4839e-06  9.9408e-07 
2.1170e-01     1.8910e-03  3.1124e-04     4.0032e-04  6.5889e-05     4.4567e-05  7.3356e-06     9.4347e-06  1.5529e-06 
2.3753e-01     2.4547e-03  1.2213e-03     5.8307e-04  2.9009e-04     6.4912e-05  3.2295e-05     1.5419e-05  7.6711e-06 
2.6651e-01     2.3184e-03  8.6170e-04     6.1788e-04  2.2966e-04     6.8788e-05  2.5567e-05     1.8333e-05  6.8140e-06 
2.9903e-01     2.4446e-03  2.3532e-04     7.3101e-04  7.0369e-05     8.1382e-05  7.8351e-06     2.4336e-05  2.3429e-06 
3.3552e-01     2.8012e-03  4.2854e-04     9.3988e-04  1.4378e-04     1.0463e-04  1.6008e-05     3.5107e-05  5.3710e-06 
3.7646e-01     3.6987e-03  8.4150e-04     1.3924e-03  3.1679e-04     1.5501e-04  3.5268e-05     5.8357e-05  1.3277e-05 
4.2240e-01     3.9557e-03  8.3915e-04     1.6709e-03  3.5445e-04     1.8602e-04  3.9462e-05     7.8573e-05  1.6668e-05 
4.7394e-01     5.0129e-03  3.7943e-04     2.3758e-03  1.7982e-04     2.6449e-04  2.0023e-05     1.2535e-04  9.4898e-06 
5.3176e-01     5.4661e-03  4.2127e-04     2.9067e-03  2.2401e-04     3.2359e-04  2.4944e-05     1.7207e-04  1.3264e-05 
5.9665e-01     7.0303e-03  7.6873e-04     4.1946e-03  4.5866e-04     4.6698e-04  5.1067e-05     2.7862e-04  3.0469e-05 
6.6945e-01     7.5657e-03  5.5849e-04     5.0649e-03  3.7388e-04     5.6386e-04  4.1632e-05     3.7748e-04  2.7871e-05 
7.5114e-01     8.2144e-03  5.5901e-04     6.1701e-03  4.1989e-04     6.8691e-04  4.6757e-05     5.1596e-04  3.5121e-05 
8.4279e-01     9.6960e-03  2.6772e-04     8.1717e-03  2.2563e-04     9.0974e-04  2.5156e-05     7.6672e-04  2.1201e-05 
9.4563e-01     1.1292e-02  9.9690e-04     1.0678e-02  9.4269e-04     1.1888e-03  1.0496e-04     1.1241e-03  9.9256e-05 
1.0610e+00     1.1655e-02  4.9675e-04     1.2366e-02  5.2706e-04     1.3767e-03  5.8713e-05     1.4607e-03  6.2295e-05 
1.1905e+00     1.3114e-02  4.1830e-04     1.5612e-02  4.9798e-04     1.7381e-03  5.5501e-05     2.0692e-03  6.6073e-05 
1.3357e+00     1.5024e-02  2.5236e-04     2.0068e-02  3.3708e-04     2.2341e-03  3.7678e-05     2.9842e-03  5.0328e-05 
1.4987e+00     1.6694e-02  6.7442e-04     2.5020e-02  1.0108e-03     2.7854e-03  1.1261e-04     4.1745e-03  1.6876e-04 
1.6816e+00     1.8988e-02  4.3418e-04     3.1930e-02  7.3012e-04     3.5547e-03  8.1459e-05     5.9775e-03  1.3698e-04 
1.8868e+00     2.0124e-02  3.7628e-04     3.7969e-02  7.0996e-04     4.2270e-03  7.9295e-05     7.9755e-03  1.4961e-04 
2.1170e+00     2.2679e-02  4.0619e-04     4.8012e-02  8.5991e-04     5.3451e-03  9.6071e-05     1.1315e-02  2.0338e-04 
2.3753e+00     2.5459e-02  3.2735e-04     6.0474e-02  7.7756e-04     6.7325e-03  8.7159e-05     1.5992e-02  2.0703e-04 
2.6651e+00     2.8265e-02  1.9306e-04     7.5329e-02  5.1453e-04     8.3863e-03  5.8664e-05     2.2351e-02  1.5635e-04 
2.9903e+00     3.1550e-02  8.4666e-04     9.4344e-02  2.5318e-03     1.0503e-02  2.8231e-04     3.1408e-02  8.4419e-04 
3.3552e+00     3.6082e-02  6.2438e-04     1.2106e-01  2.0949e-03     1.3478e-02  2.3411e-04     4.5220e-02  7.8548e-04 
3.7646e+00     4.0087e-02  6.3650e-04     1.5091e-01  2.3962e-03     1.6801e-02  2.6796e-04     6.3248e-02  1.0088e-03 
4.2240e+00     4.4492e-02  6.7272e-04     1.8793e-01  2.8416e-03     2.0922e-02  3.1792e-04     8.8374e-02  1.3429e-03 
4.7394e+00     5.0272e-02  4.2198e-04     2.3826e-01  1.9999e-03     2.6525e-02  2.2622e-04     1.2571e-01  1.0721e-03 
5.3176e+00     5.7639e-02  2.3037e-04     3.0650e-01  1.2250e-03     3.4122e-02  1.4579e-04     1.8145e-01  7.7525e-04 
5.9665e+00     6.5761e-02  3.4188e-04     3.9236e-01  2.0398e-03     4.3681e-02  2.3648e-04     2.6062e-01  1.4109e-03 
6.6945e+00     7.4487e-02  4.7325e-04     4.9866e-01  3.1682e-03     5.5514e-02  3.6253e-04     3.7164e-01  2.4270e-03 
7.5114e+00     8.5914e-02  4.2219e-04     6.4533e-01  3.1712e-03     7.1843e-02  3.6934e-04     5.3964e-01  2.7742e-03 
8.4279e+00     1.0071e-01  3.1996e-04     8.4878e-01  2.6966e-03     9.4493e-02  3.3239e-04     7.9638e-01  2.8013e-03 
9.4563e+00     1.1820e-01  3.2954e-04     1.1177e+00  3.1162e-03     1.2443e-01  3.9453e-04     1.1767e+00  3.7308e-03 
1.0610e+01     1.3525e-01  4.5327e-04     1.4350e+00  4.8092e-03     1.5975e-01  5.8723e-04     1.6950e+00  6.2306e-03 
1.1905e+01     1.1223e-01  3.6595e-04     1.3361e+00  4.3566e-03     1.4874e-01  5.3449e-04     1.7708e+00  6.3630e-03 
1.3357e+01     5.2641e-02  3.2420e-04     7.0314e-01  4.3305e-03     7.8279e-02  4.9638e-04     1.0456e+00  6.6304e-03 
1.4987e+01     1.3750e-02  1.1944e-04     2.0607e-01  1.7901e-03     2.2941e-02  2.0228e-04     3.4382e-01  3.0315e-03 
1.6816e+01     2.0804e-03  5.3434e-05     3.4984e-02  8.9854e-04     3.8947e-03  1.0021e-04     6.5493e-02  1.6850e-03 
1.8868e+01     1.7573e-04  1.2909e-05     3.3157e-03  2.4356e-04     3.6913e-04  2.7121e-05     6.9646e-03  5.1171e-04 
2.1170e+01     9.0438e-06  1.9180e-06     1.9146e-04  4.0604e-05     2.1314e-05  4.5204e-06     4.5123e-04  9.5698e-05 
2.3753e+01     7.3275e-07  4.6153e-07     1.7405e-05  1.0963e-05     1.9377e-06  1.2205e-06     4.6026e-05  2.8990e-05 
2.6651e+01     6.5307e-07  4.3821e-07     1.7405e-05  1.1679e-05     1.9377e-06  1.3002e-06     5.1642e-05  3.4652e-05 
2.9903e+01     2.9102e-07  1.2685e-07     8.7025e-06  3.7932e-06     9.6884e-07  4.2229e-07     2.8971e-05  1.2628e-05 
3.3552e+01     5.1875e-07  3.1081e-07     1.7405e-05  1.0428e-05     1.9377e-06  1.1610e-06     6.5013e-05  3.8953e-05 
3.7646e+01     0.0000e+00  0.0000e+00     0.0000e+00  0.0000e+00     0.0000e+00  0.0000e+00     0.0000e+00  0.0000e+00 
4.2240e+01     0.0000e+00  0.0000e+00     0.0000e+00  0.0000e+00     0.0000e+00  0.0000e+00     0.0000e+00  0.0000e+00 
4.7394e+01     3.6725e-07  1.7115e-07     1.7405e-05  8.1112e-06     1.9377e-06  9.0301e-07     9.1833e-05  4.2797e-05 
5.3176e+01     1.6365e-07  7.5000e-08     8.7025e-06  3.9882e-06     9.6884e-07  4.4400e-07     5.1519e-05  2.3611e-05 
5.9665e+01     1.4586e-07  3.4653e-07     8.7025e-06  2.0676e-05     9.6884e-07  2.3018e-06     5.7806e-05  1.3734e-04 
6.6945e+01     2.5999e-07  6.0782e-07     1.7405e-05  4.0691e-05     1.9377e-06  4.5300e-06     1.2972e-04  3.0326e-04 
7.5114e+01     1.1586e-07  3.4356e-07     8.7025e-06  2.5806e-05     9.6884e-07  2.8729e-06     7.2773e-05  2.1580e-04 
8.4279e+01     0.0000e+00  0.0000e+00     0.0000e+00  0.0000e+00     0.0000e+00  0.0000e+00     0.0000e+00  0.0000e+00 
9.4563e+01     9.2030e-08  5.1317e-08     8.7025e-06  4.8527e-06     9.6884e-07  5.4024e-07     9.1616e-05  5.1087e-05 
1.0610e+02     1.6404e-07  1.0599e-07     1.7405e-05  1.1245e-05     1.9377e-06  1.2519e-06     2.0559e-04  1.3283e-04 
1.1905e+02     0.0000e+00  0.0000e+00     0.0000e+00  0.0000e+00     0.0000e+00  0.0000e+00     0.0000e+00  0.0000e+00 
1.3357e+02     0.0000e+00  0.0000e+00     0.0000e+00  0.0000e+00     0.0000e+00  0.0000e+00     0.0000e+00  0.0000e+00 
1.4987e+02     5.8067e-08  3.4953e-08     8.7025e-06  5.2385e-06     9.6884e-07  5.8320e-07     1.4520e-04  8.7404e-05 
1.6816e+02     5.1752e-08  5.5739e-08     8.7025e-06  9.3729e-06     9.6884e-07  1.0435e-06     1.6292e-04  1.7547e-04 
1.8868e+02     4.6124e-08  8.0260e-08     8.7025e-06  1.5143e-05     9.6884e-07  1.6859e-06     1.8280e-04  3.1808e-04 
2.1170e+02     0.0000e+00  0.0000e+00     0.0000e+00  0.0000e+00     0.0000e+00  0.0000e+00     0.0000e+00  0.0000e+00 
2.3753e+02     7.3275e-08  1.0773e-07     1.7405e-05  2.5589e-05     1.9377e-06  2.8487e-06     4.6026e-04  6.7666e-04 
2.6651e+02     9.7960e-08  5.6238e-08     2.6108e-05  1.4988e-05     2.9065e-06  1.6686e-06     7.7463e-04  4.4471e-04 
2.9903e+02     2.9102e-08  3.7720e-08     8.7025e-06  1.1280e-05     9.6884e-07  1.2557e-06     2.8971e-04  3.7550e-04 
3.3552e+02     5.1875e-08  3.3025e-08     1.7405e-05  1.1081e-05     1.9377e-06  1.2336e-06     6.5013e-04  4.1390e-04 
3.7646e+02     2.3117e-08  1.7010e-08     8.7025e-06  6.4036e-06     9.6884e-07  7.1290e-07     3.6473e-04  2.6838e-04 
4.2240e+02     4.1206e-08  6.4498e-08     1.7405e-05  2.7243e-05     1.9377e-06  3.0330e-06     8.1847e-04  1.2811e-03 
4.7394e+02     0.0000e+00  0.0000e+00     0.0000e+00  0.0000e+00     0.0000e+00  0.0000e+00     0.0000e+00  0.0000e+00 
5.3176e+02     0.0000e+00  0.0000e+00     0.0000e+00  0.0000e+00     0.0000e+00  0.0000e+00     0.0000e+00  0.0000e+00 
5.9665e+02     2.9171e-08  7.1983e-08     1.7405e-05  4.2949e-05     1.9377e-06  4.7814e-06     1.1561e-03  2.8528e-03 
6.6945e+02     1.3000e-08  2.6000e-08     8.7025e-06  1.7406e-05     9.6884e-07  1.9377e-06     6.4859e-04  1.2972e-03 
7.5114e+02     0.0000e+00  0.0000e+00     0.0000e+00  0.0000e+00     0.0000e+00  0.0000e+00     0.0000e+00  0.0000e+00 
8.4279e+02     2.0652e-08  2.0745e-08     1.7405e-05  1.7483e-05     1.9377e-06  1.9464e-06     1.6331e-03  1.6404e-03 
9.4563e+02     9.2030e-09  4.7853e-09     8.7025e-06  4.5251e-06     9.6884e-07  5.0377e-07     9.1616e-04  4.7638e-04 
1.0610e+03     0.0000e+00  0.0000e+00     0.0000e+00  0.0000e+00     0.0000e+00  0.0000e+00     0.0000e+00  0.0000e+00 
1.1905e+03     0.0000e+00  0.0000e+00     0.0000e+00  0.0000e+00     0.0000e+00  0.0000e+00     0.0000e+00  0.0000e+00 
1.3357e+03     0.0000e+00  0.0000e+00     0.0000e+00  0.0000e+00     0.0000e+00  0.0000e+00     0.0000e+00  0.0000e+00 
1.4987e+03     0.0000e+00  0.0000e+00     0.0000e+00  0.0000e+00     0.0000e+00  0.0000e+00     0.0000e+00  0.0000e+00 
1.6816e+03     0.0000e+00  0.0000e+00     0.0000e+00  0.0000e+00     0.0000e+00  0.0000e+00     0.0000e+00  0.0000e+00 
1.8868e+03     0.0000e+00  0.0000e+00     0.0000e+00  0.0000e+00     0.0000e+00  0.0000e+00     0.0000e+00  0.0000e+00 
2.1170e+03     0.0000e+00  0.0000e+00     0.0000e+00  0.0000e+00     0.0000e+00  0.0000e+00     0.0000e+00  0.0000e+00 
2.3753e+03     0.0000e+00  0.0000e+00     0.0000e+00  0.0000e+00     0.0000e+00  0.0000e+00     0.0000e+00  0.0000e+00 
2.6651e+03     0.0000e+00  0.0000e+00     0.0000e+00  0.0000e+00     0.0000e+00  0.0000e+00     0.0000e+00  0.0000e+00 
2.9903e+03     0.0000e+00  0.0000e+00     0.0000e+00  0.0000e+00     0.0000e+00  0.0000e+00     0.0000e+00  0.0000e+00 
3.3552e+03     0.0000e+00  0.0000e+00     0.0000e+00  0.0000e+00     0.0000e+00  0.0000e+00     0.0000e+00  0.0000e+00 
3.7646e+03     0.0000e+00  0.0000e+00     0.0000e+00  0.0000e+00     0.0000e+00  0.0000e+00     0.0000e+00  0.0000e+00 
4.2240e+03     0.0000e+00  0.0000e+00     0.0000e+00  0.0000e+00     0.0000e+00  0.0000e+00     0.0000e+00  0.0000e+00 
4.7394e+03     0.0000e+00  0.0000e+00     0.0000e+00  0.0000e+00     0.0000e+00  0.0000e+00     0.0000e+00  0.0000e+00 
5.3176e+03     0.0000e+00  0.0000e+00     0.0000e+00  0.0000e+00     0.0000e+00  0.0000e+00     0.0000e+00  0.0000e+00 
5.9665e+03     0.0000e+00  0.0000e+00     0.0000e+00  0.0000e+00     0.0000e+00  0.0000e+00     0.0000e+00  0.0000e+00 
6.6945e+03     0.0000e+00  0.0000e+00     0.0000e+00  0.0000e+00     0.0000e+00  0.0000e+00     0.0000e+00  0.0000e+00 
7.5114e+03     0.0000e+00  0.0000e+00     0.0000e+00  0.0000e+00     0.0000e+00  0.0000e+00     0.0000e+00  0.0000e+00 
8.4279e+03     0.0000e+00  0.0000e+00     0.0000e+00  0.0000e+00     0.0000e+00  0.0000e+00     0.0000e+00  0.0000e+00 
9.4563e+03     0.0000e+00  0.0000e+00     0.0000e+00  0.0000e+00     0.0000e+00  0.0000e+00     0.0000e+00  0.0000e+00 
