0.01,111,849.013
0.0100344,115
0.010069,101
0.0101036,112
0.0101384,116
0.0101733,116
0.0102083,97
0.0102435,138
0.0102787,124
0.0103141,126
0.0103496,126
0.0103852,136
0.010421,132
0.0104568,199
0.0104928,199
0.010529,170
0.0105652,197
0.0106016,209
0.0106381,212
0.0106747,245
0.0107114,233
0.0107483,175
0.0107853,236
0.0108224,252
0.0108597,210
0.0108971,230
0.0109346,274
0.0109722,407
0.01101,434
0.0110479,490
0.0110859,1432
0.0111241,2042
0.0111624,1997
0.0112008,1972
0.0112393,1981
0.011278,1934
0.0113168,1943
0.0113558,1879
0.0113949,1919
0.0114341,1836
0.0114735,1903
0.011513,1823
0.0115526,1800
0.0115924,1856
0.0116323,1795
0.0116723,1767
0.0117125,1784
0.0117528,1834
0.0117933,1734
0.0118339,1789
0.0118746,1841
0.0119155,1826
0.0119565,1783
0.0119976,1746
0.0120389,1697
0.0120804,1741
0.012122,1796
0.0121637,1661
0.0122056,1687
0.0122476,1677
0.0122897,8958
0.012332,1757
0.0123745,1636
0.0124171,1703
0.0124598,1829
0.0125027,1724
0.0125458,1673
0.0125889,1698
0.0126323,1677
0.0126758,1663
0.0127194,1667
0.0127632,1555
0.0128071,1610
0.0128512,1532
0.0128954,1606
0.0129398,1637
0.0129844,1583
0.0130291,1573
0.0130739,1565
0.0131189,1547
0.0131641,1506
0.0132094,1497
0.0132548,1557
0.0133005,1502
0.0133463,1467
0.0133922,1435
0.0134383,1388
0.0134846,1478
0.013531,1419
0.0135775,1415
0.0136243,1447
0.0136712,1422
0.0137182,1396
0.0137655,1369
0.0138128,1405
0.0138604,1417
0.0139081,1356
0.013956,1417
0.014004,1338
0.0140522,1277
0.0141006,1415
0.0141491,1339
0.0141978,1361
0.0142467,1363
0.0142957,1396
0.014345,1293
0.0143943,1333
0.0144439,1355
0.0144936,1262
0.0145435,1335
0.0145936,1288
0.0146438,1274
0.0146942,1357
0.0147448,1310
0.0147955,1314
0.0148465,1300
0.0148976,1285
0.0149488,10512
0.0150003,1321
0.0150519,1313
0.0151038,1464
0.0151557,1420
0.0152079,1272
0.0152603,1369
0.0153128,1329
0.0153655,1301
0.0154184,1347
0.0154715,1233
0.0155247,1286
0.0155782,1342
0.0156318,1243
0.0156856,1302
0.0157396,1323
0.0157938,1230
0.0158481,1301
0.0159027,1256
0.0159574,1272
0.0160124,1312
0.0160675,1242
0.0161228,1320
0.0161783,166871
0.016234,2632
0.0162898,4069
0.0163459,2330
0.0164022,2354
0.0164586,2842
0.0165153,1955
0.0165722,2229
0.0166292,1971
0.0166864,2060
0.0167439,1902
0.0168015,2706
0.0168593,7535
0.0169174,2407
0.0169756,2373
0.0170341,2339
0.0170927,2100
0.0171515,2017
0.0172106,2286
0.0172698,2109
0.0173293,2265
0.0173889,2323
0.0174488,2238
0.0175088,2224
0.0175691,2325
0.0176296,2164
0.0176903,2305
0.0177511,2240
0.0178123,2174
0.0178736,2481
0.0179351,2579
0.0179968,2691
0.0180588,2628
0.0181209,2512
0.0181833,2708
0.0182459,2607
0.0183087,2686
0.0183717,2573
0.018435,2593
0.0184984,2794
0.0185621,2861
0.018626,2928
0.0186901,2905
0.0187545,2932
0.018819,3149
0.0188838,10696
0.0189488,3171
0.019014,3316
0.0190795,3085
0.0191451,3454
0.019211,3533
0.0192772,3324
0.0193435,3293
0.0194101,3361
0.0194769,3603
0.019544,3505
0.0196112,3570
0.0196788,3601
0.0197465,3633
0.0198145,3819
0.0198827,3736
0.0199511,3865
0.0200198,122419
0.0200887,4843
0.0201579,6258
0.0202272,4975
0.0202969,5296
0.0203667,4794
0.0204368,5041
0.0205072,4840
0.0205778,4616
0.0206486,7321
0.0207197,5003
0.020791,5204
0.0208626,5036
0.0209344,4955
0.0210065,5001
0.0210788,4894
0.0211513,5005
0.0212241,5159
0.0212972,4972
0.0213705,5440
0.0214441,5316
0.0215179,5356
0.0215919,5437
0.0216663,5461
0.0217408,5580
0.0218157,5840
0.0218908,5994
0.0219661,5871
0.0220417,5775
0.0221176,5968
0.0221938,5975
0.0222701,5687
0.0223468,6060
0.0224237,6148
0.0225009,6147
0.0225784,6196
0.0226561,6588
0.0227341,6564
0.0228123,6467
0.0228909,6530
0.0229697,6465
0.0230487,6631
0.0231281,6820
0.0232077,6727
0.0232876,6696
0.0233677,6967
0.0234482,6767
0.0235289,7097
0.0236099,6954
0.0236911,7694
0.0237727,7404
0.0238545,7513
0.0239366,7396
0.024019,105647
0.0241017,8883
0.0241847,9699
0.0242679,8708
0.0243514,8277
0.0244353,8525
0.0245194,8445
0.0246038,8573
0.0246885,8799
0.0247735,9074
0.0248587,8548
0.0249443,9100
0.0250302,8774
0.0251163,8920
0.0252028,9203
0.0252895,9457
0.0253766,9546
0.0254639,9182
0.0255516,9504
0.0256396,9568
0.0257278,9570
0.0258164,10048
0.0259052,9981
0.0259944,10052
0.0260839,10036
0.0261737,10236
0.0262638,10266
0.0263542,10074
0.0264449,10580
0.0265359,10391
0.0266273,10802
0.0267189,10699
0.0268109,10854
0.0269032,10863
0.0269958,11098
0.0270887,10747
0.027182,11136
0.0272755,11602
0.0273694,11616
0.0274636,11408
0.0275582,11594
0.027653,11770
0.0277482,11579
0.0278437,11900
0.0279396,11857
0.0280357,11894
0.0281323,12232
0.0282291,12101
0.0283263,11998
0.0284238,15662
0.0285216,12146
0.0286198,12632
0.0287183,12684
0.0288172,12487
0.0289164,12371
0.0290159,12633
0.0291158,12647
0.029216,12454
0.0293166,13117
0.0294175,12457
0.0295187,12822
0.0296203,12988
0.0297223,13483
0.0298246,12691
0.0299273,13478
0.0300303,13053
0.0301337,12794
0.0302374,13168
0.0303415,13356
0.0304459,12807
0.0305507,13518
0.0306559,13283
0.0307614,13537
0.0308673,13513
0.0309735,13445
0.0310802,17723
0.0311872,14040
0.0312945,13707
0.0314022,13734
0.0315103,13729
0.0316188,13837
0.0317276,13734
0.0318368,13830
0.0319464,13691
0.0320564,13828
0.0321667,14089
0.0322775,14854
0.0323886,15896
0.0325001,14340
0.0326119,14647
0.0327242,13813
0.0328368,14012
0.0329499,17035
0.0330633,14047
0.0331771,14430
0.0332913,14362
0.0334059,14575
0.0335209,14344
0.0336363,14591
0.0337521,14748
0.0338682,15348
0.0339848,14576
0.0341018,14409
0.0342192,14234
0.034337,14462
0.0344552,14409
0.0345738,14695
0.0346928,14515
0.0348122,14622
0.034932,14589
0.0350523,21736
0.035173,15369
0.035294,15401
0.0354155,14948
0.0355374,14984
0.0356597,15407
0.0357825,15158
0.0359057,14727
0.0360293,15005
0.0361533,16195
0.0362777,15508
0.0364026,17536
0.0365279,15305
0.0366537,15679
0.0367798,16454
0.0369064,17131
0.0370335,15780
0.0371609,15462
0.0372889,15374
0.0374172,15444
0.037546,15516
0.0376753,15681
0.0378049,16043
0.0379351,15710
0.0380657,15172
0.0381967,15878
0.0383282,15669
0.0384601,15499
0.0385925,15564
0.0387253,16326
0.0388586,15900
0.0389924,21626
0.0391266,16094
0.0392613,15922
0.0393965,16316
0.0395321,16446
0.0396681,16097
0.0398047,16191
0.0399417,16749
0.0400792,16347
0.0402172,17313
0.0403556,16354
0.0404945,16272
0.0406339,17563
0.0407738,16662
0.0409141,17990
0.041055,16977
0.0411963,16596
0.0413381,16498
0.0414804,16323
0.0416232,16534
0.0417664,16746
0.0419102,17021
0.0420545,16792
0.0421992,16474
0.0423445,16959
0.0424903,17147
0.0426365,16982
0.0427833,16813
0.0429306,19834
0.0430783,17028
0.0432266,17449
0.0433754,17302
0.0435247,17597
0.0436745,17236
0.0438249,17639
0.0439757,17665
0.0441271,17987
0.044279,17843
0.0444314,17732
0.0445844,18413
0.0447378,18191
0.0448918,18243
0.0450464,18771
0.0452014,18129
0.045357,18169
0.0455131,17848
0.0456698,18404
0.045827,18265
0.0459848,18214
0.0461431,18219
0.0463019,18534
0.0464613,18218
0.0466212,18369
0.0467817,18843
0.0469427,18589
0.0471043,18411
0.0472664,19074
0.0474291,19373
0.0475924,18697
0.0477562,18705
0.0479206,18900
0.0480856,19105
0.0482511,19030
0.0484172,84923
0.0485839,21498
0.0487511,20499
0.0489189,19951
0.0490873,20701
0.0492563,20424
0.0494258,19898
0.0495959,20834
0.0497667,21444
0.049938,20730
0.0501099,21281
0.0502824,21117
0.0504554,21828
0.0506291,21121
0.0508034,21902
0.0509783,22338
0.0511538,22515
0.0513298,22565
0.0515065,22624
0.0516838,22544
0.0518617,23290
0.0520403,23475
0.0522194,23259
0.0523991,23781
0.0525795,23907
0.0527605,23843
0.0529421,24070
0.0531244,24469
0.0533072,24404
0.0534907,24536
0.0536748,24773
0.0538596,25167
0.054045,25027
0.054231,25011
0.0544177,25308
0.054605,25038
0.054793,25508
0.0549816,25524
0.0551709,26335
0.0553608,25532
0.0555513,25478
0.0557426,26045
0.0559344,26231
0.056127,26397
0.0563202,26338
0.056514,25973
0.0567086,26633
0.0569038,27046
0.0570997,27388
0.0572962,27277
0.0574934,27367
0.0576913,27058
0.0578899,28178
0.0580892,27674
0.0582892,27475
0.0584898,28068
0.0586911,28259
0.0588932,28311
0.0590959,28642
0.0592993,28907
0.0595034,28422
0.0597083,28706
0.0599138,29041
0.06012,29011
0.060327,29084
0.0605346,29239
0.060743,30524
0.0609521,30199
0.0611619,29753
0.0613724,29938
0.0615837,30096
0.0617957,29717
0.0620084,29493
0.0622218,29763
0.062436,30282
0.0626509,30534
0.0628666,30273
0.063083,30049
0.0633001,32401
0.063518,30877
0.0637367,30514
0.0639561,31056
0.0641762,31519
0.0643971,31440
0.0646188,32579
0.0648412,31575
0.0650644,31824
0.0652884,32977
0.0655131,32192
0.0657387,31583
0.0659649,32405
0.066192,31970
0.0664199,32754
0.0666485,32602
0.0668779,32362
0.0671081,33427
0.0673391,34766
0.0675709,34590
0.0678035,33087
0.0680369,34038
0.0682711,33853
0.0685061,34624
0.0687419,33664
0.0689785,34929
0.069216,34632
0.0694542,35323
0.0696933,34693
0.0699332,34146
0.0701739,35046
0.0704155,34989
0.0706579,34985
0.0709011,35429
0.0711452,35429
0.0713901,36490
0.0716358,36272
0.0718824,35855
0.0721298,36365
0.0723781,36037
0.0726273,36697
0.0728773,36350
0.0731281,36470
0.0733798,36829
0.0736324,36677
0.0738859,36988
0.0741402,37451
0.0743954,37553
0.0746515,38175
0.0749085,38156
0.0751663,37713
0.0754251,37870
0.0756847,38123
0.0759452,38326
0.0762067,38978
0.076469,38627
0.0767322,38595
0.0769963,38765
0.0772614,39185
0.0775273,39262
0.0777942,39443
0.078062,39109
0.0783307,40280
0.0786003,40392
0.0788709,40551
0.0791424,40998
0.0794148,40313
0.0796882,40336
0.0799625,41249
0.0802377,41290
0.0805139,41648
0.080791,41003
0.0810692,41761
0.0813482,41673
0.0816282,41548
0.0819092,41621
0.0821912,43015
0.0824741,42498
0.082758,42536
0.0830428,43251
0.0833287,43119
0.0836155,43002
0.0839034,43722
0.0841922,43162
0.084482,43925
0.0847728,43778
0.0850646,44076
0.0853574,44384
0.0856512,44575
0.0859461,44415
0.0862419,45437
0.0865388,45420
0.0868367,45288
0.0871356,45697
0.0874355,46173
0.0877365,45424
0.0880385,45846
0.0883415,45465
0.0886456,46568
0.0889508,46053
0.089257,46605
0.0895642,47649
0.0898725,47121
0.0901819,48448
0.0904923,48066
0.0908038,48618
0.0911164,48477
0.09143,48604
0.0917447,48763
0.0920605,50186
0.0923774,49113
0.0926954,49781
0.0930145,49646
0.0933347,49773
0.0936559,49913
0.0939783,49129
0.0943018,50355
0.0946264,50754
0.0949522,51184
0.095279,51431
0.095607,52133
0.0959361,52561
0.0962663,52434
0.0965977,52012
0.0969302,52842
0.0972638,52353
0.0975986,53114
0.0979346,53418
0.0982717,53653
0.09861,53620
0.0989494,54246
0.09929,54435
0.0996318,54507
0.0999748,54941
0.100319,54817
0.100664,54657
0.101011,55416
0.101358,55348
0.101707,55181
0.102057,56322
0.102409,56032
0.102761,56423
0.103115,56397
0.10347,56966
0.103826,58072
0.104183,57831
0.104542,57612
0.104902,57624
0.105263,57329
0.105625,57853
0.105989,59508
0.106354,58897
0.10672,59015
0.107087,59814
0.107456,59366
0.107826,60138
0.108197,60053
0.108569,60555
0.108943,60615
0.109318,60925
0.109694,61101
0.110072,61910
0.110451,61656
0.110831,61759
0.111213,62106
0.111595,62610
0.11198,62142
0.112365,63114
0.112752,63869
0.11314,63453
0.113529,63536
0.11392,64574
0.114312,64366
0.114706,64661
0.115101,65167
0.115497,65194
0.115894,65089
0.116293,65475
0.116694,66867
0.117095,67017
0.117498,66309
0.117903,65833
0.118309,66204
0.118716,67960
0.119125,67624
0.119535,67796
0.119946,67934
0.120359,68596
0.120773,69172
0.121189,69547
0.121606,69805
0.122025,69681
0.122445,70045
0.122866,70051
0.123289,70825
0.123714,70204
0.124139,71441
0.124567,71884
0.124996,71854
0.125426,72066
0.125858,72277
0.126291,73020
0.126726,73571
0.127162,72858
0.127599,73273
0.128039,73702
0.128479,73803
0.128922,74641
0.129365,74937
0.129811,74542
0.130258,75695
0.130706,76052
0.131156,75145
0.131607,76664
0.13206,76704
0.132515,76308
0.132971,76958
0.133429,77324
0.133888,78210
0.134349,77600
0.134811,78722
0.135276,78858
0.135741,79693
0.136208,79972
0.136677,79768
0.137148,79135
0.13762,80046
0.138094,81158
0.138569,80692
0.139046,82475
0.139525,81448
0.140005,82344
0.140487,81494
0.14097,82468
0.141456,82496
0.141943,83458
0.142431,83230
0.142921,83638
0.143413,84243
0.143907,85408
0.144402,84046
0.144899,85687
0.145398,85285
0.145899,85790
0.146401,86738
0.146905,86378
0.147411,86800
0.147918,87248
0.148427,88129
0.148938,88264
0.149451,88193
0.149965,87856
0.150481,89023
0.150999,88980
0.151519,90275
0.152041,90084
0.152564,89801
0.153089,90469
0.153616,91804
0.154145,90741
0.154676,91187
0.155208,92032
0.155742,92635
0.156278,92385
0.156816,92603
0.157356,92511
0.157898,92883
0.158441,93949
0.158987,93752
0.159534,94058
0.160083,94857
0.160634,95250
0.161187,95290
0.161742,96026
0.162299,96826
0.162857,96442
0.163418,96652
0.163981,96556
0.164545,97320
0.165111,96985
0.16568,98671
0.16625,99393
0.166822,99064
0.167397,98605
0.167973,99354
0.168551,99998
0.169131,101482
0.169713,100762
0.170298,100691
0.170884,100935
0.171472,101462
0.172062,101457
0.172654,102490
0.173249,103848
0.173845,102800
0.174444,102676
0.175044,104009
0.175647,104331
0.176251,104030
0.176858,104453
0.177467,105616
0.178078,104613
0.178691,106335
0.179306,105852
0.179923,107469
0.180542,107557
0.181164,107649
0.181787,108216
0.182413,107758
0.183041,108446
0.183671,108926
0.184303,108657
0.184938,108881
0.185574,109159
0.186213,109876
0.186854,110008
0.187497,110013
0.188143,110323
0.18879,111436
0.18944,110825
0.190092,111266
0.190747,111542
0.191403,113182
0.192062,111489
0.192723,112352
0.193387,114739
0.194052,113483
0.19472,115545
0.19539,114606
0.196063,115234
0.196738,116324
0.197415,114746
0.198095,116572
0.198777,115785
0.199461,116993
0.200147,117461
0.200836,117377
0.201528,118267
0.202221,118004
0.202917,117556
0.203616,118491
0.204317,118698
0.20502,118036
0.205726,118743
0.206434,119839
0.207145,121135
0.207858,119776
0.208573,121551
0.209291,121678
0.210012,122183
0.210734,121824
0.21146,122796
0.212188,121974
0.212918,123330
0.213651,122632
0.214386,124794
0.215124,123602
0.215865,124400
0.216608,123532
0.217354,124272
0.218102,126079
0.218853,124382
0.219606,125640
0.220362,124897
0.22112,126238
0.221882,125390
0.222645,126811
0.223412,127218
0.224181,127361
0.224952,127376
0.225727,127161
0.226504,128237
0.227283,128770
0.228066,129016
0.228851,127960
0.229639,128652
0.230429,129552
0.231222,129107
0.232018,130617
0.232817,130926
0.233618,131490
0.234422,130634
0.235229,130351
0.236039,130976
0.236852,132933
0.237667,131182
0.238485,132688
0.239306,132427
0.24013,132749
0.240956,133184
0.241786,132831
0.242618,132537
0.243453,134442
0.244291,134930
0.245132,134002
0.245976,134567
0.246822,134127
0.247672,135464
0.248525,135058
0.24938,134265
0.250239,136773
0.2511,136639
0.251964,136190
0.252832,137123
0.253702,136805
0.254575,135647
0.255452,135192
0.256331,135655
0.257213,137222
0.258099,137581
0.258987,136285
0.259878,136060
0.260773,138250
0.261671,137137
0.262571,136871
0.263475,137526
0.264382,138259
0.265292,138336
0.266205,137834
0.267122,138811
0.268041,139590
0.268964,139292
0.26989,139621
0.270819,139675
0.271751,140357
0.272686,139969
0.273625,139353
0.274567,139316
0.275512,140685
0.27646,139888
0.277412,139092
0.278367,139682
0.279325,140497
0.280287,140014
0.281252,140911
0.28222,141443
0.283191,140638
0.284166,141690
0.285144,141303
0.286126,141916
0.287111,141124
0.288099,142892
0.289091,143412
0.290086,142340
0.291084,141245
0.292086,141303
0.293092,142412
0.294101,142038
0.295113,142021
0.296129,140888
0.297148,142013
0.298171,141753
0.299197,142449
0.300227,142326
0.301261,141830
0.302298,142811
0.303338,142703
0.304382,143673
0.30543,143419
0.306482,142812
0.307536,142140
0.308595,142868
0.309657,142301
0.310723,142408
0.311793,141967
0.312866,142509
0.313943,142385
0.315024,142148
0.316108,142061
0.317196,141175
0.318288,142258
0.319384,143012
0.320483,142356
0.321586,143543
0.322693,141786
0.323804,141705
0.324919,141914
0.326037,141183
0.327159,142066
0.328286,143046
0.329416,141522
0.330549,141722
0.331687,141271
0.332829,141665
0.333975,141347
0.335124,140088
0.336278,141615
0.337435,141097
0.338597,140939
0.339763,141518
0.340932,139723
0.342106,139405
0.343283,139930
0.344465,140820
0.345651,140705
0.34684,140709
0.348034,140545
0.349232,140611
0.350434,139177
0.351641,138796
0.352851,140862
0.354066,139458
0.355285,139069
0.356508,139209
0.357735,138950
0.358966,139260
0.360202,137299
0.361442,138598
0.362686,137138
0.363934,137353
0.365187,138153
0.366444,137201
0.367705,138420
0.368971,136563
0.370241,136787
0.371516,137074
0.372795,136127
0.374078,135549
0.375365,136079
0.376658,136967
0.377954,135253
0.379255,135294
0.380561,135813
0.381871,134453
0.383185,135126
0.384504,133591
0.385828,133489
0.387156,133575
0.388488,134024
0.389826,132743
0.391168,132320
0.392514,132473
0.393865,131337
0.395221,131245
0.396581,131147
0.397946,130430
0.399316,131373
0.400691,131461
0.40207,130630
0.403454,130220
0.404843,128990
0.406236,129734
0.407635,128733
0.409038,128278
0.410446,127580
0.411859,127765
0.413277,126913
0.414699,128490
0.416127,126856
0.417559,126002
0.418996,126796
0.420439,124822
0.421886,125785
0.423338,125586
0.424795,125192
0.426258,125693
0.427725,122815
0.429197,123972
0.430675,122482
0.432157,122298
0.433645,122085
0.435137,121935
0.436635,122077
0.438138,120782
0.439646,120842
0.44116,120919
0.442678,120309
0.444202,119239
0.445731,118847
0.447265,118731
0.448805,118503
0.45035,118063
0.4519,117241
0.453456,117733
0.455017,116082
0.456583,116610
0.458155,116057
0.459732,114893
0.461314,114490
0.462902,115288
0.464495,113857
0.466094,113341
0.467699,112763
0.469309,112577
0.470924,111614
0.472545,111939
0.474172,111918
0.475804,111437
0.477442,109950
0.479085,108928
0.480734,109777
0.482389,108776
0.48405,108025
0.485716,108851
0.487388,107609
0.489066,106787
0.490749,106727
0.492438,105484
0.494133,106456
0.495834,105270
0.497541,104709
0.499254,103767
0.500972,103906
0.502697,103392
0.504427,102267
0.506164,102693
0.507906,101992
0.509654,101185
0.511409,100822
0.513169,100666
0.514935,99953
0.516708,99509
0.518486,99693
0.520271,98482
0.522062,98391
0.523859,97481
0.525662,97537
0.527472,96856
0.529288,95718
0.531109,96291
0.532938,94976
0.534772,94653
0.536613,93967
0.53846,93392
0.540314,92427
0.542174,91645
0.54404,92356
0.545913,91878
0.547792,90632
0.549677,90533
0.551569,89833
0.553468,89339
0.555373,89741
0.557285,88234
0.559203,88155
0.561128,87627
0.56306,87318
0.564998,86372
0.566943,85608
0.568894,85476
0.570853,85113
0.572818,85025
0.574789,83700
0.576768,83642
0.578753,83291
0.580745,83015
0.582744,81764
0.58475,82119
0.586763,81266
0.588783,80734
0.59081,80120
0.592843,80416
0.594884,80373
0.596932,79473
0.598987,78016
0.601049,77477
0.603117,78099
0.605194,77068
0.607277,75761
0.609367,75668
0.611465,75449
0.61357,75212
0.615682,75196
0.617801,73725
0.619927,74476
0.622061,73417
0.624203,73264
0.626351,71940
0.628507,71815
0.630671,71601
0.632842,71413
0.63502,70370
0.637206,69242
0.639399,68754
0.6416,69277
0.643809,68748
0.646025,68612
0.648249,68279
0.65048,67517
0.652719,67173
0.654966,66168
0.657221,66274
0.659483,65440
0.661753,64734
0.664031,64763
0.666317,64341
0.66861,63765
0.670912,63589
0.673221,62687
0.675539,62474
0.677864,61912
0.680197,61853
0.682539,61536
0.684888,61612
0.687246,60857
0.689611,60182
0.691985,59383
0.694367,59092
0.696757,59119
0.699156,58701
0.701562,58495
0.703977,57758
0.706401,56478
0.708832,56793
0.711272,57251
0.713721,56351
0.716177,56175
0.718643,55618
0.721116,55269
0.723599,55358
0.726089,54298
0.728589,54437
0.731097,53353
0.733613,52972
0.736139,52623
0.738673,52218
0.741215,63865
0.743767,52236
0.746327,51310
0.748896,51831
0.751474,51388
0.754061,50583
0.756656,50312
0.759261,50303
0.761874,53621
0.764497,48943
0.767128,48824
0.769769,49032
0.772419,48009
0.775078,48303
0.777746,48157
0.780423,46981
0.783109,47313
0.785805,46760
0.78851,45616
0.791224,45735
0.793948,45992
0.79668,45057
0.799423,44812
0.802175,44649
0.804936,44536
0.807707,44956
0.810487,44476
0.813277,44522
0.816076,44103
0.818885,43956
0.821704,43678
0.824533,43056
0.827371,42283
0.830219,42818
0.833077,42416
0.835944,42150
0.838822,41735
0.841709,41488
0.844607,40853
0.847514,41422
0.850431,40460
0.853359,40566
0.856296,40321
0.859244,39955
0.862201,39941
0.865169,39665
0.868147,39385
0.871136,39530
0.874135,39390
0.877143,38481
0.880163,38568
0.883193,38624
0.886233,38529
0.889283,37952
0.892344,38278
0.895416,37884
0.898498,37808
0.901591,37184
0.904695,37343
0.907809,37222
0.910934,37006
0.914069,36866
0.917216,36818
0.920373,36614
0.923541,36572
0.92672,36001
0.92991,36122
0.933111,36075
0.936323,36091
0.939546,36030
0.94278,35469
0.946026,35520
0.949282,35646
0.95255,35642
0.955829,35396
0.959119,35591
0.96242,35314
0.965733,34959
0.969057,34854
0.972393,34664
0.97574,34534
0.979099,34959
0.982469,34885
0.985851,34582
0.989245,34010
0.99265,34538
0.996067,34363
0.999495,34146
1.00294,33685
1.00639,34172
1.00985,34256
1.01333,34911
1.01682,33693
1.02032,33374
1.02383,33952
1.02735,34035
1.03089,33539
1.03444,33720
1.038,33495
1.04157,33098
1.04516,33429
1.04876,33510
1.05237,33475
1.05599,33594
1.05962,33358
1.06327,33769
1.06693,33415
1.0706,33524
1.07429,33471
1.07799,33337
1.0817,33564
1.08542,33349
1.08916,33328
1.09291,33038
1.09667,33316
1.10044,32554
1.10423,32880
1.10803,32795
1.11185,33250
1.11567,33089
1.11951,32668
1.12337,32832
1.12723,32603
1.13111,32663
1.13501,32524
1.13891,33613
1.14283,32687
1.14677,32536
1.15072,32348
1.15468,32637
1.15865,32687
1.16264,32566
1.16664,31901
1.17066,32256
1.17469,32443
1.17873,32154
1.18279,32204
1.18686,32724
1.19095,32039
1.19505,32511
1.19916,32135
1.20329,31870
1.20743,31699
1.21158,32277
1.21576,32029
1.21994,31707
1.22414,31880
1.22835,31252
1.23258,31969
1.23682,31357
1.24108,31820
1.24535,31418
1.24964,31384
1.25394,30869
1.25826,31210
1.26259,31867
1.26694,31654
1.2713,31104
1.27567,30973
1.28006,31531
1.28447,30842
1.28889,30842
1.29333,30720
1.29778,30746
1.30225,30745
1.30673,30815
1.31123,30752
1.31574,30851
1.32027,30201
1.32482,30525
1.32938,29945
1.33395,30615
1.33854,29935
1.34315,29697
1.34777,29590
1.35241,30158
1.35707,29678
1.36174,30208
1.36643,29283
1.37113,29447
1.37585,29159
1.38059,29261
1.38534,29134
1.39011,28853
1.39489,29176
1.3997,29184
1.40451,28386
1.40935,29367
1.4142,28883
1.41907,28596
1.42395,28333
1.42885,28646
1.43377,28554
1.43871,28662
1.44366,27586
1.44863,28128
1.45362,27822
1.45862,27837
1.46364,27576
1.46868,27478
1.47373,27577
1.47881,27417
1.4839,27243
1.48901,27195
1.49413,27045
1.49927,27077
1.50443,26474
1.50961,27046
1.51481,27042
1.52002,27023
1.52526,26781
1.53051,26077
1.53577,26366
1.54106,26625
1.54637,26120
1.55169,25993
1.55703,25982
1.56239,25630
1.56777,25393
1.57316,25635
1.57858,25503
1.58401,24710
1.58947,25531
1.59494,25248
1.60043,25350
1.60594,24841
1.61146,24603
1.61701,24551
1.62258,24760
1.62816,24313
1.63377,24325
1.63939,24491
1.64503,24417
1.6507,24174
1.65638,24176
1.66208,23928
1.6678,23591
1.67354,23782
1.6793,24017
1.68508,23382
1.69088,23147
1.69671,23386
1.70255,23576
1.70841,22919
1.71429,22694
1.72019,22721
1.72611,22821
1.73205,22309
1.73801,22459
1.744,22048
1.75,22139
1.75602,22129
1.76207,22017
1.76813,22155
1.77422,22050
1.78033,21770
1.78645,21286
1.7926,21454
1.79877,21457
1.80497,21325
1.81118,20939
1.81741,21181
1.82367,20704
1.82995,20697
1.83625,20616
1.84257,20734
1.84891,20213
1.85527,20491
1.86166,20827
1.86807,20069
1.8745,20257
1.88095,20250
1.88743,19763
1.89392,19802
1.90044,19735
1.90698,19779
1.91355,19668
1.92014,19286
1.92674,19532
1.93338,19546
1.94003,19192
1.94671,18996
1.95341,19386
1.96014,19165
1.96688,19010
1.97365,18787
1.98045,18819
1.98726,18554
1.9941,18493
2.00097,18309
2.00786,18542
2.01477,18603
2.0217,17968
2.02866,18162
2.03565,18073
2.04265,17869
2.04968,18015
2.05674,17909
2.06382,17876
2.07092,18035
2.07805,18026
2.08521,17569
2.09238,17703
2.09959,17527
2.10681,17262
2.11406,17285
2.12134,17427
2.12864,17164
2.13597,16834
2.14332,17063
2.1507,17228
2.1581,16548
2.16553,16518
2.17299,16472
2.18047,16991
2.18797,16380
2.19551,16558
2.20306,16493
2.21065,16283
2.21826,16372
2.22589,15844
2.23355,16103
2.24124,15491
2.24896,15779
2.2567,15601
2.26447,15584
2.27226,15855
2.28008,15510
2.28793,15551
2.29581,15407
2.30371,15513
2.31164,15194
2.3196,15131
2.32758,14691
2.33559,14971
2.34363,15086
2.3517,14906
2.3598,14880
2.36792,14763
2.37607,14648
2.38425,14703
2.39245,14482
2.40069,14662
2.40895,14308
2.41725,14553
2.42557,14343
2.43392,14314
2.44229,14227
2.4507,14280
2.45914,13973
2.4676,13969
2.4761,14021
2.48462,13775
2.49317,13922
2.50175,13583
2.51037,13842
2.51901,13542
2.52768,13568
2.53638,13372
2.54511,13689
2.55387,13250
2.56266,13147
2.57148,13057
2.58033,13444
2.58922,12904
2.59813,13237
2.60707,13098
2.61605,12756
2.62505,12810
2.63409,12798
2.64315,12838
2.65225,12855
2.66138,12587
2.67054,12727
2.67974,12712
2.68896,12271
2.69822,12116
2.7075,12203
2.71682,12097
2.72618,12200
2.73556,12201
2.74498,12290
2.75443,11759
2.76391,12207
2.77342,11779
2.78297,12022
2.79255,11932
2.80216,11805
2.81181,11672
2.82148,11512
2.8312,11436
2.84094,11715
2.85072,11716
2.86053,11116
2.87038,11390
2.88026,11386
2.89018,11182
2.90012,11180
2.91011,11341
2.92013,10999
2.93018,11116
2.94026,11069
2.95038,10897
2.96054,10915
2.97073,10811
2.98096,10656
2.99122,10710
3.00151,10834
3.01185,10686
3.02221,10647
3.03262,10590
3.04306,10724
3.05353,10390
3.06404,10603
3.07459,10186
3.08517,10268
3.09579,9926
3.10645,10270
3.11714,10321
3.12787,10138
3.13864,10217
3.14944,9892
3.16028,9982
3.17116,10109
3.18208,10032
3.19303,9741
3.20402,10092
3.21505,9976
3.22612,9796
3.23722,9754
3.24837,9787
3.25955,9557
3.27077,9455
3.28203,9261
3.29332,9442
3.30466,9308
3.31604,9299
3.32745,9366
3.3389,9237
3.3504,9260
3.36193,9097
3.3735,8978
3.38512,9406
3.39677,9131
3.40846,9117
3.42019,8631
3.43197,8940
3.44378,9162
3.45563,8865
3.46753,8469
3.47947,8834
3.49144,8603
3.50346,8406
3.51552,8600
3.52762,8676
3.53976,8476
3.55195,8509
3.56418,8375
3.57644,8575
3.58876,8541
3.60111,8502
3.6135,8501
3.62594,8391
3.63842,8240
3.65095,8185
3.66352,7885
3.67613,8243
3.68878,8099
3.70148,8094
3.71422,8062
3.72701,7952
3.73983,7954
3.75271,7904
3.76563,7956
3.77859,7992
3.79159,7819
3.80465,7808
3.81774,7687
3.83088,7736
3.84407,7496
3.8573,7554
3.87058,7549
3.8839,7654
3.89727,7721
3.91069,7327
3.92415,7592
3.93766,7478
3.95121,7549
3.96481,7345
3.97846,7318
3.99216,7370
4.0059,7226
4.01969,7363
4.03352,7270
4.04741,7174
4.06134,7184
4.07532,7074
4.08935,6965
4.10342,7029
4.11755,7004
4.13172,6805
4.14595,7084
4.16022,6951
4.17454,6849
4.18891,6828
4.20333,6747
4.21779,6656
4.23231,6521
4.24688,6791
4.2615,6473
4.27617,6647
4.29089,6723
4.30566,6585
4.32048,6458
4.33535,6451
4.35028,6616
4.36525,6285
4.38028,6438
4.39535,6615
4.41048,6339
4.42567,6395
4.4409,6327
4.45619,6261
4.47153,6282
4.48692,6207
4.50236,5918
4.51786,6212
4.53341,5984
4.54902,6123
4.56468,5979
4.58039,5901
4.59616,5757
4.61198,5974
4.62785,5891
4.64378,5893
4.65977,5923
4.67581,5746
4.6919,5801
4.70805,5694
4.72426,5647
4.74052,5727
4.75684,5673
4.77321,5587
4.78964,5348
4.80613,5607
4.82268,5466
4.83928,5535
4.85593,5516
4.87265,5366
4.88942,5407
4.90625,5463
4.92314,5174
4.94009,5414
4.95709,5327
4.97416,5357
4.99128,5279
5.00846,5205
5.0257,5260
5.043,5057
5.06036,5189
5.07778,5056
5.09526,5083
5.11279,5030
5.13039,4959
5.14805,5021
5.16578,5122
5.18356,4997
5.2014,4808
5.2193,4857
5.23727,4934
5.2553,4823
5.27339,4760
5.29154,4911
5.30976,4729
5.32803,4593
5.34637,4639
5.36478,4466
5.38324,4703
5.40177,4741
5.42037,4684
5.43903,4608
5.45775,4474
5.47653,4514
5.49539,4636
5.5143,4564
5.53328,4375
5.55233,4353
5.57144,4472
5.59062,4304
5.60987,4367
5.62918,4350
5.64855,4221
5.668,4144
5.68751,4327
5.70708,4125
5.72673,4134
5.74644,4157
5.76622,4237
5.78607,4079
5.80599,4142
5.82597,3907
5.84603,4041
5.86615,4015
5.88634,4074
5.90661,4050
5.92694,3856
5.94734,3886
5.96781,3746
5.98836,3953
6.00897,3774
6.02965,3763
6.05041,3825
6.07124,3644
6.09213,3713
6.1131,3632
6.13415,3774
6.15526,3742
6.17645,3854
6.19771,3677
6.21904,3698
6.24045,3567
6.26193,3540
6.28349,3565
6.30512,3506
6.32682,3529
6.3486,3460
6.37045,3650
6.39238,3446
6.41439,3399
6.43647,3463
6.45862,3332
6.48085,3283
6.50316,3156
6.52555,3319
6.54801,3067
6.57055,3287
6.59317,3248
6.61586,3143
6.63863,3011
6.66149,3210
6.68442,3115
6.70743,3112
6.73051,3109
6.75368,3154
6.77693,2998
6.80026,2992
6.82367,3070
6.84715,2937
6.87072,2999
6.89437,2994
6.91811,2970
6.94192,2869
6.96582,2788
6.98979,2892
7.01385,2783
7.038,2648
7.06222,2907
7.08653,2840
7.11093,2770
7.13541,2629
7.15997,2820
7.18461,2627
7.20934,2692
7.23416,2759
7.25906,2581
7.28405,2683
7.30912,2586
7.33428,2581
7.35953,2523
7.38486,2589
7.41028,2432
7.43579,2458
7.46139,2482
7.48707,2403
7.51284,2397
7.5387,2466
7.56465,2456
7.59069,2297
7.61682,2300
7.64304,2275
7.66935,2231
7.69575,2277
7.72224,2122
7.74882,2218
7.77549,2184
7.80226,2191
7.82912,2050
7.85607,2156
7.88311,2087
7.91024,2034
7.93747,2036
7.96479,1932
7.99221,1961
8.01972,2025
8.04733,1917
8.07503,1927
8.10283,1815
8.13072,1943
8.1587,1817
8.18679,1778
8.21497,1811
8.24325,1851
8.27162,1758
8.3001,1752
8.32867,1666
8.35734,1708
8.3861,1686
8.41497,1634
8.44394,1688
8.473,1596
8.50217,1544
8.53143,1563
8.5608,1567
8.59027,1513
8.61984,1433
8.64951,1438
8.67928,1432
8.70916,1442
8.73914,1423
8.76922,1394
8.79941,1280
8.8297,1366
8.86009,1297
8.89059,1317
8.92119,1323
8.9519,1277
8.98272,1271
9.01364,1255
9.04466,1171
9.0758,1149
9.10704,1102
9.13839,1142
9.16984,1079
9.20141,1104
9.23308,1020
9.26486,1114
9.29676,1071
9.32876,1013
9.36087,967
9.39309,945
9.42542,983
9.45787,883
9.49042,901
9.52309,869
9.55587,940
9.58877,851
9.62177,823
9.65489,865
9.68813,822
9.72148,780
9.75494,782
9.78852,805
9.82221,752
9.85602,707
9.88995,743
9.92399,776
9.95816,673
9.99243,680
10.0268,682
10.0613,634
10.096,649
10.1307,687
10.1656,620
10.2006,605
10.2357,592
10.2709,617
10.3063,542
10.3418,552
10.3774,529
10.4131,523
10.4489,495
10.4849,514
10.521,486
10.5572,473
10.5936,469
10.63,485
10.6666,430
10.7033,412
10.7402,421
10.7771,435
10.8142,483
10.8515,408
10.8888,413
10.9263,410
10.9639,369
11.0016,383
11.0395,354
11.0775,349
11.1156,365
11.1539,313
11.1923,328
11.2308,297
11.2695,342
11.3083,300
11.3472,265
11.3863,272
11.4255,293
11.4648,282
11.5043,279
11.5439,248
11.5836,251
11.6235,257
11.6635,227
11.7036,268
11.7439,229
11.7843,218
11.8249,218
11.8656,229
11.9065,194
11.9474,202
11.9886,169
12.0298,176
12.0712,188
12.1128,174
12.1545,166
12.1963,170
12.2383,153
12.2804,141
12.3227,135
12.3651,129
12.4077,120
12.4504,150
12.4933,126
12.5363,135
12.5794,149
12.6227,129
12.6662,95
12.7098,106
12.7535,120
12.7974,117
12.8415,85
12.8857,85
12.93,101
12.9745,102
13.0192,93
13.064,90
13.109,75
13.1541,74
13.1994,76
13.2448,82
13.2904,79
13.3362,64
13.3821,72
13.4281,77
13.4743,61
13.5207,73
13.5673,74
13.614,50
13.6608,56
13.7079,50
13.755,55
13.8024,50
13.8499,55
13.8976,33
13.9454,43
13.9934,44
14.0416,40
14.0899,44
14.1384,28
14.1871,47
14.2359,43
14.2849,38
14.3341,26
14.3834,31
14.433,35
14.4826,25
14.5325,28
14.5825,24
14.6327,29
14.6831,27
14.7336,32
14.7843,22
14.8352,26
14.8863,25
14.9375,26
14.989,19
15.0406,21
15.0923,22
15.1443,18
15.1964,21
15.2487,13
15.3012,13
15.3539,19
15.4067,22
15.4598,13
15.513,15
15.5664,19
15.62,11
15.6737,15
15.7277,8
15.7818,3
15.8361,13
15.8907,11
15.9454,7
16.0002,8
16.0553,8
16.1106,9
16.166,5
16.2217,10
16.2775,5
16.3336,9
16.3898,6
16.4462,3
16.5028,9
16.5596,4
16.6166,6
16.6738,14
16.7312,2
16.7888,5
16.8466,5
16.9046,6
16.9628,8
17.0212,6
17.0798,7
17.1385,6
17.1975,7
17.2567,3
17.3161,4
17.3757,2
17.4356,0
17.4956,8
17.5558,3
17.6162,2
17.6769,4
17.7377,3
17.7988,5
17.86,3
17.9215,2
17.9832,1
18.0451,4
18.1072,1
18.1696,5
18.2321,0
18.2949,2
18.3578,0
18.421,1
18.4844,1
18.5481,2
18.6119,2
18.676,2
18.7403,2
18.8048,5
18.8695,0
18.9345,1
18.9996,1
19.065,0
19.1307,1
19.1965,0
19.2626,1
19.3289,1
19.3954,0
19.4622,0
19.5292,2
19.5964,0
19.6639,0
19.7316,1
19.7995,0
19.8676,0
19.936,1
20.0046,0
20.0735,1
20.1426,0
20.2119,0
20.2815,0
20.3513,0
20.4214,0
20.4917,0
20.5622,0
20.633,1
20.704,0
20.7753,0
20.8468,0
20.9186,0
20.9906,0
21.0628,0
21.1353,0
21.2081,0
21.2811,0
21.3543,0
21.4278,0
21.5016,2
21.5756,1
21.6499,1
21.7244,0
21.7992,1
21.8742,1
21.9495,0
22.0251,0
22.1009,0
22.177,0
22.2533,0
22.3299,0
22.4068,0
22.4839,0
22.5613,0
22.6389,0
22.7169,0
22.7951,0
22.8735,0
22.9523,0
23.0313,0
23.1106,0
23.1901,1
23.2699,0
23.35,0
23.4304,0
23.5111,0
23.592,0
23.6732,2
23.7547,1
23.8365,0
23.9185,0
24.0008,0
24.0835,0
24.1664,0
24.2496,0
24.333,0
24.4168,0
24.5008,0
24.5852,0
24.6698,1
24.7547,0
24.8399,0
24.9254,0
25.0112,0
25.0973,0
25.1837,0
25.2704,0
25.3574,0
25.4447,0
25.5323,0
25.6202,0
25.7083,0
25.7968,0
25.8856,0
25.9747,0
26.0641,0
26.1539,0
26.2439,0
26.3342,0
26.4249,0
26.5158,0
26.6071,0
26.6987,0
26.7906,0
26.8828,0
26.9754,0
27.0682,0
27.1614,0
27.2549,0
27.3487,0
27.4428,0
27.5373,0
27.6321,0
27.7272,0
27.8227,0
27.9184,0
28.0145,0
28.111,0
28.2077,0
28.3048,0
28.4023,0
28.5,0
28.5981,0
28.6966,0
28.7954,0
28.8945,0
28.9939,0
29.0937,0
29.1939,0
29.2944,0
29.3952,0
29.4964,0
29.5979,0
29.6998,0
29.802,0
29.9046,0
30.0076,0
30.1109,0
30.2145,0
30.3185,0
30.4229,0
30.5276,0
30.6327,0
30.7381,0
30.8439,0
30.9501,0
31.0566,0
31.1636,0
31.2708,0
31.3785,0
31.4865,0
31.5949,0
31.7036,0
31.8128,0
31.9223,0
32.0321,0
32.1424,0
32.253,0
32.3641,0
32.4755,0
32.5873,0
32.6994,0
32.812,0
32.9249,0
33.0383,0
33.152,0
33.2661,0
33.3806,0
33.4955,0
33.6108,0
33.7265,0
33.8426,0
33.9591,0
34.076,0
34.1933,0
34.311,0
34.4291,0
34.5476,0
34.6665,0
34.7859,0
34.9056,0
35.0258,0
35.1463,0
35.2673,0
35.3887,0
35.5105,0
35.6328,0
35.7554,0
35.8785,0
36.002,0
36.1259,0
36.2503,0
36.3751,0
36.5003,0
36.6259,0
36.752,0
36.8785,0
37.0054,0
37.1328,0
37.2606,0
37.3889,0
37.5176,0
37.6468,0
37.7763,0
37.9064,0
38.0369,0
38.1678,0
38.2992,0
38.431,0
38.5633,0
38.696,0
38.8292,0
38.9629,0
39.097,0
39.2316,0
39.3666,0
39.5022,0
39.6381,0
39.7746,0
39.9115,0
40.0489,0
40.1867,0
40.3251,0
40.4639,0
40.6032,0
40.7429,0
40.8832,0
41.0239,0
41.1651,0
41.3068,0
41.449,0
41.5917,0
41.7348,0
41.8785,0
42.0227,0
42.1673,0
42.3125,0
42.4581,0
42.6043,0
42.7509,0
42.8981,0
43.0457,0
43.1939,0
43.3426,0
43.4918,0
43.6415,0
43.7917,0
43.9425,0
44.0937,0
44.2455,0
44.3978,0
44.5506,0
44.704,0
44.8579,0
45.0123,0
45.1672,0
45.3227,0
45.4787,0
45.6353,0
45.7923,0
45.95,0
46.1081,0
46.2669,0
46.4261,0
46.5859,0
46.7463,0
46.9072,0
47.0687,0
47.2307,0
47.3933,0
47.5564,0
47.7201,0
47.8844,0
48.0492,0
48.2146,0
48.3806,0
48.5471,0
48.7142,0
48.8819,0
49.0501,0
49.219,0
49.3884,0
49.5584,0
49.729,0
49.9002,0
50.072,0
50.2443,0
50.4173,0
50.5908,0
50.765,0
50.9397,0
51.1151,0
51.291,0
51.4676,0
51.6447,0
51.8225,0
52.0009,0
52.1799,0
52.3595,0
52.5397,0
52.7206,0
52.9021,0
53.0842,0
53.2669,0
53.4502,0
53.6342,0
53.8188,0
54.0041,0
54.19,0
54.3765,0
54.5637,0
54.7515,0
54.94,0
55.1291,0
55.3189,0
55.5093,0
55.7004,0
55.8921,0
56.0845,0
56.2776,0
56.4713,0
56.6657,0
56.8607,0
57.0565,0
57.2529,0
57.4499,0
57.6477,0
57.8461,0
58.0452,0
58.245,0
58.4455,0
58.6467,0
58.8486,0
59.0512,0
59.2544,0
59.4584,0
59.6631,0
59.8684,0
60.0745,0
60.2813,0
60.4888,0
60.697,0
60.906,0
61.1156,0
61.326,0
61.5371,0
61.7489,0
61.9615,0
62.1748,0
62.3888,0
62.6035,0
62.819,0
63.0353,0
63.2522,0
63.47,0
63.6885,0
63.9077,0
64.1277,0
64.3484,0
64.5699,0
64.7922,0
65.0152,0
65.239,0
65.4636,0
65.6889,0
65.915,0
66.1419,0
66.3696,0
66.5981,0
66.8273,0
67.0573,0
67.2882,0
67.5198,0
67.7522,0
67.9854,0
68.2194,0
68.4543,0
68.6899,0
68.9264,0
69.1636,0
69.4017,0
69.6406,0
69.8803,0
70.1209,0
70.3622,0
70.6044,0
70.8475,0
71.0913,0
71.336,0
71.5816,0
71.828,0
72.0753,0
72.3234,0
72.5723,0
72.8221,0
73.0728,0
73.3243,0
73.5767,0
73.83,0
74.0841,0
74.3391,0
74.595,0
74.8518,0
75.1095,0
75.368,0
75.6274,0
75.8878,0
76.149,0
76.4111,0
76.6741,0
76.9381,0
77.2029,0
77.4687,0
77.7353,0
78.0029,0
78.2714,0
78.5408,0
78.8112,0
79.0825,0
79.3547,0
79.6279,0
79.902,0
80.177,0
80.453,0
80.7299,0
81.0078,0
81.2867,0
81.5665,0
81.8472,0
82.129,0
82.4117,0
82.6954,0
82.98,0
83.2656,0
83.5523,0
83.8399,0
84.1285,0
84.4181,0
84.7086,0
85.0002,0
85.2928,0
85.5864,0
85.881,0
86.1767,0
86.4733,0
86.771,0
87.0696,0
87.3693,0
87.6701,0
87.9719,0
88.2747,0
88.5786,0
88.8835,0
89.1894,0
89.4964,0
89.8045,0
90.1136,0
90.4238,0
90.7351,0
91.0474,0
91.3608,0
91.6753,0
91.9909,0
92.3075,0
92.6253,0
92.9441,0
93.264,0
93.5851,0
93.9072,0
94.2305,0
94.5548,0
94.8803,0
95.2069,0
95.5346,0
95.8635,0
96.1935,0
96.5246,0
96.8568,0
97.1902,0
97.5248,0
97.8605,0
98.1974,0
98.5354,0
98.8746,0
99.2149,0
99.5564,0
99.8991,0
100.243,0
100.588,0
100.934,0
101.282,0
101.63,0
101.98,0
102.331,0
102.684,0
103.037,0
103.392,0
103.748,0
104.105,0
104.463,0
104.823,0
105.183,0
105.545,0
105.909,0
106.273,0
106.639,0
107.006,0
107.375,0
107.744,0
108.115,0
108.487,0
108.861,0
109.235,0
109.611,0
109.989,0
110.367,0
110.747,0
111.128,0
111.511,0
111.895,0
112.28,0
112.666,0
113.054,0
113.443,0
113.834,0
114.226,0
114.619,0
115.014,0
115.409,0
115.807,0
116.205,0
116.605,0
117.007,0
117.41,0
117.814,0
118.219,0
118.626,0
119.034,0
119.444,0
119.855,0
120.268,0
120.682,0
121.097,0
121.514,0
121.932,0
122.352,0
122.773,0
123.196,0
123.62,0
124.046,0
124.473,0
124.901,0
125.331,0
125.762,0
126.195,0
126.63,0
127.066,0
127.503,0
127.942,0
128.382,0
128.824,0
129.268,0
129.713,0
130.159,0
130.607,0
131.057,0
131.508,0
131.961,0
132.415,0
132.871,0
133.328,0
133.787,0
134.247,0
134.709,0
135.173,0
135.638,0
136.105,0
136.574,0
137.044,0
137.516,0
137.989,0
138.464,0
138.941,0
139.419,0
139.899,0
140.38,0
140.864,0
141.349,0
141.835,0
142.323,0
142.813,0
143.305,0
143.798,0
144.293,0
144.79,0
145.288,0
145.788,0
146.29,0
146.794,0
147.299,0
147.806,0
148.315,0
148.825,0
149.338,0
149.852,0
150.368,0
150.885,0
151.405,0
151.926,0
152.449,0
152.973,0
153.5,0
154.028,0
154.559,0
155.091,0
155.624,0
156.16,0
156.698,0
157.237,0
157.778,0
158.321,0
158.866,0
159.413,0
159.962,0
160.513,0
161.065,0
161.62,0
162.176,0
162.734,0
163.294,0
163.856,0
164.42,0
164.986,0
165.554,0
166.124,0
166.696,0
167.27,0
167.846,0
168.423,0
169.003,0
169.585,0
170.169,0
170.754,0
171.342,0
171.932,0
172.524,0
173.118,0
173.714,0
174.312,0
174.912,0
175.514,0
176.118,0
176.724,0
177.332,0
177.943,0
178.555,0
179.17,0
179.787,0
180.406,0
181.027,0
181.65,0
182.275,0
182.902,0
183.532,0
184.164,0
184.798,0
185.434,0
186.072,0
186.713,0
187.355,0
188,0
188.647,0
189.297,0
189.948,0
190.602,0
191.258,0
191.917,0
192.577,0
193.24,0
193.905,0
194.573,0
195.243,0
195.915,0
196.589,0
197.266,0
197.945,0
198.626,0
199.31,0
199.996,0
200.684,0
201.375,0
202.068,0
202.764,0
203.462,0
204.162,0
204.865,0
205.57,0
206.278,0
206.988,0
207.7,0
208.415,0
209.133,0
209.853,0
210.575,0
211.3,0
212.027,0
212.757,0
213.489,0
214.224,0
214.962,0
215.702,0
216.444,0
217.189,0
217.937,0
218.687,0
219.44,0
220.195,0
220.953,0
221.714,0
222.477,0
223.243,0
224.011,0
224.782,0
225.556,0
226.332,0
227.111,0
227.893,0
228.678,0
229.465,0
230.255,0
231.047,0
231.843,0
232.641,0
233.441,0
234.245,0
235.051,0
235.86,0
236.672,0
237.487,0
238.304,0
239.125,0
239.948,0
240.774,0
241.603,0
242.434,0
243.269,0
244.106,0
244.946,0
245.79,0
246.636,0
247.485,0
248.337,0
249.191,0
250.049,0
250.91,0
251.774,0
252.64,0
253.51,0
254.383,0
255.258,0
256.137,0
257.019,0
257.903,0
258.791,0
259.682,0
260.576,0
261.473,0
262.373,0
263.276,0
264.182,0
265.092,0
266.004,0
266.92,0
267.838,0
268.76,0
269.686,0
270.614,0
271.545,0
272.48,0
273.418,0
274.359,0
275.304,0
276.251,0
277.202,0
278.156,0
279.114,0
280.075,0
281.039,0
282.006,0
282.977,0
283.951,0
284.928,0
285.909,0
286.893,0
287.881,0
288.872,0
289.866,0
290.864,0
291.865,0
292.87,0
293.878,0
294.89,0
295.905,0
296.923,0
297.945,0
298.971,0
300,
